Agent 0:(37,53,2.2)->(37,52,4.4)->(37,51,7.2)->(36,51,9.41421)->(35,51,10.7321)->(34,51,11.4142)->(33,51,11.9821)->(32,51,12.5)->(31,51,13)->(30,51,13.5179)->(29,51,14.0858)->(28,51,14.7679)->(27,51,16.0858)->(26,51,18.7142)->(26,50,27.9821)->(27,50,36.2783)->(28,50,37.6925)->(29,50,39.1067)->(30,50,5019.26)->
Agent 1:(35,50,1.3)->(35,51,2.04949)->(35,52,4.04949)->(35,53,8.04949)->(35,52,12.0142)->(35,51,13.3321)->(35,50,14.0142)->(35,49,14.5821)->(35,48,15.1)->(35,47,15.6)->(35,46,16.1)->(35,45,16.6)->(35,44,17.1)->(35,43,17.6)->(35,42,18.1)->(35,41,18.6)->(35,40,19.1)->(35,39,19.6)->(35,38,20.1179)->(35,37,20.6858)->(35,36,21.3679)->(35,35,22.6858)->(35,34,24.9)->(36,34,27.1142)->(37,34,28.4321)->(38,34,29.1641)->(39,34,29.8962)->(40,34,31.214)->(41,34,33.4282)->(41,33,35.6424)->(41,32,36.9603)->(41,31,37.6424)->(41,30,38.2103)->(41,29,38.7282)->(41,28,39.2282)->(41,27,39.7282)->(41,26,40.2282)->(41,25,40.7282)->(41,24,41.2282)->(41,23,41.7282)->(41,22,42.2282)->(41,21,42.7282)->(41,20,43.2282)->(41,19,43.7462)->(41,18,44.314)->(41,17,44.9962)->(41,16,46.314)->(41,15,48.5282)->(40,15,50.7777)->(39,15,52.7777)->(38,15,55.0272)->(38,14,57.2414)->(38,13,58.5592)->(38,12,59.2414)->(38,11,59.8092)->(38,10,60.3272)->(38,9,60.8272)->(38,8,61.3451)->(38,7,61.913)->(38,6,62.5951)->(38,5,63.913)->(38,4,66.5414)->(39,4,5033.46)->
Agent 2:(25,32,4.3359)->(25,31,8.08601)->(25,30,9.40385)->(25,29,10.1359)->(25,28,10.8679)->(25,27,12.1858)->(25,26,14.4)->(26,26,16.6142)->(27,26,17.9321)->(28,26,18.6142)->(29,26,19.1821)->(30,26,19.7)->(31,26,20.2)->(32,26,20.7)->(33,26,21.2)->(34,26,21.7)->(35,26,22.2)->(36,26,22.7)->(37,26,23.2)->(38,26,23.7179)->(39,26,24.2858)->(40,26,24.9679)->(41,26,26.2858)->(42,26,28.9142)->(42,27,32.5142)->(43,27,35.1426)->(44,27,36.4605)->(45,27,37.1522)->(46,27,37.7879)->(47,27,38.4797)->(48,27,39.7975)->(49,27,5019.61)->
Agent 3:(10,4,2.21421)->(11,4,4.81421)->(11,5,7.44264)->(11,6,8.76048)->(11,7,9.44264)->(11,8,10.0105)->(11,9,10.5284)->(11,10,11.0284)->(11,11,11.5284)->(11,12,12.0284)->(11,13,12.5284)->(11,14,13.0284)->(11,15,13.5284)->(11,16,14.0284)->(11,17,14.5284)->(11,18,15.0284)->(11,19,15.5284)->(11,20,16.0284)->(11,21,16.5284)->(11,22,17.0284)->(11,23,17.5284)->(11,24,18.0464)->(11,25,18.6142)->(11,26,19.2964)->(11,27,20.6142)->(11,28,23.2426)->(10,28,26.8426)->(10,29,29.4711)->(10,30,30.7889)->(10,31,31.4711)->(10,32,32.0389)->(10,33,32.5569)->(10,34,33.0748)->(10,35,33.6426)->(10,36,34.3248)->(10,37,35.6426)->(10,38,38.2711)->(11,38,5019.33)->
Agent 4:(30,17,1.3)->(30,18,2.01421)->(30,19,3.33205)->(30,20,4.0641)->(30,21,4.79615)->(30,22,6.11399)->(30,23,8.3282)->(29,23,10.5424)->(28,23,11.8603)->(27,23,12.5424)->(26,23,13.1282)->(25,23,13.714)->(24,23,14.3962)->(23,23,15.714)->(22,23,5007.56)->
Agent 5:(47,26,1.8)->(46,26,3.01421)->(45,26,4.33205)->(44,26,5.02382)->(43,26,5.65949)->(42,26,6.35126)->(41,26,7.6691)->(40,26,12.1294)->(40,25,16.5897)->(40,24,17.9235)->(40,23,18.7519)->(40,22,20.0858)->(40,21,22.7142)->(39,21,5011.55)->
Agent 6:(11,48,1.3)->(11,49,2.01421)->(11,50,3.33205)->(11,51,4.01421)->(11,52,4.6)->(11,53,5.18579)->(11,54,5.86795)->(11,55,7.18579)->(11,56,9.4)->(12,56,11.6142)->(13,56,12.9321)->(14,56,13.6142)->(15,56,14.1821)->(16,56,14.7)->(17,56,15.2)->(18,56,15.7)->(19,56,16.2)->(20,56,16.7)->(21,56,17.2)->(22,56,17.7)->(23,56,18.2)->(24,56,18.7)->(25,56,19.2)->(26,56,19.7)->(27,56,20.2)->(28,56,20.7)->(29,56,21.2)->(30,56,21.7)->(31,56,22.2)->(32,56,22.7)->(33,56,23.2)->(34,56,23.7)->(35,56,24.2179)->(36,56,24.7858)->(37,56,25.4679)->(38,56,26.7858)->(39,56,29)->(39,57,31.2142)->(39,58,32.6284)->(39,59,34.0426)->(39,60,5016.73)->
Agent 7:(63,50,2.2)->(63,49,3.81421)->(63,48,5.13205)->(63,47,5.81421)->(63,46,6.38205)->(63,45,6.9)->(63,44,7.4)->(63,43,7.91795)->(63,42,8.48579)->(63,41,9.16795)->(63,40,10.4858)->(63,39,12.7)->(62,39,14.9142)->(61,39,16.2321)->(60,39,16.9142)->(59,39,17.4821)->(58,39,18)->(57,39,18.5)->(56,39,19)->(55,39,19.5)->(54,39,20)->(53,39,20.5)->(52,39,21)->(51,39,21.5)->(50,39,22)->(49,39,22.5)->(48,39,23)->(47,39,23.5)->(46,39,24)->(45,39,24.5)->(44,39,25)->(43,39,25.5)->(42,39,26)->(41,39,26.5179)->(40,39,27.0858)->(39,39,27.7679)->(38,39,29.0858)->(37,39,31.3)->(37,40,33.5495)->(37,41,35.5495)->(37,42,38.276)->(36,42,40.9672)->(35,42,42.285)->(34,42,42.9672)->(33,42,43.535)->(32,42,44.053)->(31,42,44.553)->(30,42,45.053)->(29,42,45.553)->(28,42,46.053)->(27,42,46.553)->(26,42,47.053)->(25,42,47.553)->(24,42,48.053)->(23,42,48.553)->(22,42,49.053)->(21,42,49.553)->(20,42,50.053)->(19,42,50.553)->(18,42,51.053)->(17,42,51.5709)->(16,42,52.1388)->(15,42,52.8209)->(14,42,54.1388)->(13,42,56.7672)->(13,43,5028.58)->
Agent 8:(41,20,2.2)->(41,19,3.81421)->(41,18,5.14806)->(41,17,5.97649)->(41,16,7.31034)->(41,15,9.52456)->(40,15,11.7388)->(39,15,13.0566)->(38,15,13.7388)->(37,15,14.3066)->(36,15,14.8246)->(35,15,15.3246)->(34,15,15.8246)->(33,15,16.3246)->(32,15,16.8246)->(31,15,17.3246)->(30,15,17.8246)->(29,15,18.3425)->(28,15,18.9103)->(27,15,19.5925)->(26,15,20.9103)->(25,15,23.1246)->(25,14,25.3388)->(25,13,26.6566)->(25,12,27.3388)->(25,11,27.9066)->(25,10,28.4246)->(25,9,28.9246)->(25,8,29.4425)->(25,7,30.0103)->(25,6,30.6925)->(25,5,32.0103)->(25,4,34.2246)->(26,4,37.0246)->(27,4,5018.51)->
Agent 9:(27,52,4.34166)->(27,51,8.09753)->(27,50,9.41537)->(27,49,10.0975)->(27,48,10.6654)->(27,47,11.1833)->(27,46,11.6833)->(27,45,12.2013)->(27,44,12.7691)->(27,43,13.4513)->(27,42,14.7691)->(27,41,17.3975)->(28,41,5008.89)->
Agent 10:(39,39,1.8)->(40,39,3.01421)->(41,39,4.33205)->(42,39,5.0641)->(43,39,5.79615)->(44,39,7.11399)->(45,39,9.3282)->(45,40,11.5424)->(45,41,12.8763)->(45,42,13.7047)->(45,43,15.0385)->(45,44,29.8764)->(46,44,45.3)->(47,44,5022.65)->
Agent 11:(35,46,1.3)->(35,47,2.6)->(35,48,5.4)->(34,48,7.61421)->(33,48,8.93205)->(32,48,9.61421)->(31,48,10.1821)->(30,48,10.7)->(29,48,11.2)->(28,48,11.7)->(27,48,12.2)->(26,48,12.7179)->(25,48,13.2858)->(24,48,13.9679)->(23,48,15.2858)->(22,48,17.9142)->(22,49,21.5142)->(21,49,24.1426)->(20,49,25.4765)->(19,49,26.3049)->(18,49,27.6388)->(17,49,30.2672)->(17,48,33.8672)->(16,48,36.4956)->(15,48,37.8135)->(14,48,38.4956)->(13,48,39.0635)->(12,48,39.5814)->(11,48,40.0814)->(10,48,40.5994)->(9,48,41.1672)->(8,48,41.8494)->(7,48,43.1672)->(6,48,45.7956)->(6,49,5023.09)->
Agent 12:(35,31,2.26421)->(35,30,3.94264)->(35,29,5.26048)->(35,28,5.94264)->(35,27,6.51048)->(35,26,7.04638)->(35,25,7.61421)->(35,24,8.29638)->(35,23,9.61421)->(35,22,12.0879)->(34,22,14.5616)->(33,22,15.8955)->(32,22,16.7239)->(31,22,18.0578)->(30,22,20.272)->(30,21,22.4862)->(30,20,23.804)->(30,19,24.4862)->(30,18,25.054)->(30,17,25.572)->(30,16,26.072)->(30,15,26.572)->(30,14,27.072)->(30,13,27.572)->(30,12,28.072)->(30,11,28.572)->(30,10,29.072)->(30,9,29.572)->(30,8,30.072)->(30,7,30.572)->(30,6,31.072)->(30,5,31.5899)->(30,4,32.1578)->(30,3,32.8399)->(30,2,34.1578)->(30,1,36.372)->(29,1,38.5862)->(28,1,39.904)->(27,1,40.5862)->(26,1,41.154)->(25,1,41.6899)->(24,1,42.2578)->(23,1,42.9399)->(22,1,44.2578)->(21,1,46.8862)->(21,0,5023.64)->
Agent 13:(61,10,1.3)->(61,11,2.01421)->(61,12,3.33205)->(61,13,4.01421)->(61,14,4.58205)->(61,15,5.1)->(61,16,5.6)->(61,17,6.1)->(61,18,6.6)->(61,19,7.11795)->(61,20,7.68579)->(61,21,8.36795)->(61,22,9.68579)->(61,23,11.9)->(60,23,14.1142)->(59,23,15.5284)->(58,23,16.9426)->(57,23,20.3284)->(57,24,23.7142)->(57,25,25.0321)->(57,26,25.7142)->(57,27,26.2821)->(57,28,26.8)->(57,29,27.3)->(57,30,27.8)->(57,31,28.3)->(57,32,28.8)->(57,33,29.3)->(57,34,29.8)->(57,35,30.3)->(57,36,30.8)->(57,37,31.3)->(57,38,31.8)->(57,39,32.3)->(57,40,32.8)->(57,41,33.3179)->(57,42,33.8858)->(57,43,34.5679)->(57,44,35.8858)->(57,45,38.5142)->(56,45,42.1142)->(56,46,44.7426)->(56,47,46.0605)->(56,48,46.7426)->(56,49,47.3105)->(56,50,47.8284)->(56,51,48.3464)->(56,52,48.9142)->(56,53,49.5964)->(56,54,50.9142)->(56,55,53.1284)->(55,55,55.3426)->(54,55,56.7569)->(53,55,58.1711)->(52,55,60.3853)->(52,56,63.1853)->(52,57,65.9853)->(51,57,68.1995)->(50,57,69.5173)->(49,57,70.1995)->(48,57,70.7673)->(47,57,71.2853)->(46,57,71.7853)->(45,57,72.2853)->(44,57,72.7853)->(43,57,73.2853)->(42,57,73.7853)->(41,57,74.2853)->(40,57,74.7853)->(39,57,75.2853)->(38,57,75.7853)->(37,57,76.2853)->(36,57,76.7853)->(35,57,77.2853)->(34,57,77.7853)->(33,57,78.2853)->(32,57,78.7853)->(31,57,79.3032)->(30,57,79.8711)->(29,57,80.5532)->(28,57,81.8711)->(27,57,84.4995)->(27,56,88.0995)->(26,56,91.3137)->(25,56,94.5279)->(25,57,5047.46)->
Agent 14:(59,44,1.8)->(58,44,3.6)->(57,44,6.4)->(57,43,8.61421)->(57,42,9.93205)->(57,41,10.6142)->(57,40,11.1821)->(57,39,11.7)->(57,38,12.2)->(57,37,12.7)->(57,36,13.2)->(57,35,13.7)->(57,34,14.2)->(57,33,14.7)->(57,32,15.2)->(57,31,15.7)->(57,30,16.2)->(57,29,16.7179)->(57,28,17.2858)->(57,27,17.9679)->(57,26,19.2858)->(57,25,21.5)->(56,25,23.7142)->(55,25,25.0321)->(54,25,25.7142)->(53,25,26.2821)->(52,25,26.8179)->(51,25,27.3858)->(50,25,28.0679)->(49,25,29.3858)->(48,25,32.0142)->(48,26,35.7127)->(47,26,38.4397)->(46,26,39.7575)->(45,26,40.4397)->(44,26,41.0075)->(43,26,41.5254)->(42,26,42.0254)->(41,26,42.5254)->(40,26,43.0254)->(39,26,43.5254)->(38,26,44.0254)->(37,26,44.5254)->(36,26,45.0254)->(35,26,45.5254)->(34,26,46.0254)->(33,26,46.5254)->(32,26,47.0254)->(31,26,47.5254)->(30,26,48.0254)->(29,26,48.5254)->(28,26,49.0254)->(27,26,49.5254)->(26,26,50.0254)->(25,26,50.5254)->(24,26,51.0254)->(23,26,51.5254)->(22,26,52.0254)->(21,26,52.5254)->(20,26,53.0434)->(19,26,53.6112)->(18,26,54.2934)->(17,26,55.6112)->(16,26,57.8254)->(16,25,60.0397)->(16,24,61.3575)->(16,23,62.0397)->(16,22,62.6254)->(16,21,63.2112)->(16,20,63.8934)->(16,19,65.2112)->(16,18,67.4254)->(17,18,70.2254)->(18,18,73.0254)->(18,17,75.2397)->(18,16,76.5575)->(18,15,77.2397)->(18,14,77.8075)->(18,13,78.3254)->(18,12,78.8254)->(18,11,79.3434)->(18,10,79.9112)->(18,9,80.5934)->(18,8,81.9112)->(18,7,84.5397)->(17,7,5042.46)->
Agent 15:(7,35,2.2)->(7,34,3.81421)->(7,33,5.14806)->(7,32,5.97649)->(7,31,7.31034)->(7,30,10.7123)->(8,30,14.1142)->(9,30,15.4321)->(10,30,16.1142)->(11,30,16.6821)->(12,30,17.2)->(13,30,17.7)->(14,30,18.2)->(15,30,18.7)->(16,30,19.2)->(17,30,19.7)->(18,30,20.2)->(19,30,20.7)->(20,30,21.2)->(21,30,21.7)->(22,30,22.2)->(23,30,22.7)->(24,30,23.2)->(25,30,23.7)->(26,30,24.2)->(27,30,24.7)->(28,30,25.2)->(29,30,25.7)->(30,30,26.2179)->(31,30,26.7858)->(32,30,27.4679)->(33,30,28.7858)->(34,30,31)->(34,29,33.2142)->(34,28,34.5321)->(34,27,35.2142)->(34,26,35.7821)->(34,25,36.3)->(34,24,36.8179)->(34,23,37.3858)->(34,22,38.0679)->(34,21,39.3858)->(34,20,5019.4)->
Agent 16:(11,40,1.8)->(10,40,3.6)->(9,40,6.4)->(9,39,8.61421)->(9,38,9.93205)->(9,37,10.6142)->(9,36,11.1821)->(9,35,11.7)->(9,34,12.2)->(9,33,12.7)->(9,32,13.2)->(9,31,13.7)->(9,30,14.2)->(9,29,14.7)->(9,28,15.2179)->(9,27,15.7858)->(9,26,16.4679)->(9,25,17.7858)->(9,24,36.6641)->(9,25,55.5424)->(9,26,56.8603)->(9,27,57.5424)->(9,28,58.1103)->(9,29,58.6282)->(9,30,59.1282)->(9,31,59.6282)->(9,32,60.1462)->(9,33,60.714)->(9,34,61.3962)->(9,35,62.714)->(9,36,5031.06)->
Agent 17:(42,11,2.8)->(41,11,5.01421)->(40,11,6.34806)->(39,11,7.17649)->(38,11,8.51034)->(37,11,10.7246)->(37,12,12.9388)->(37,13,14.2566)->(37,14,14.9388)->(37,15,15.5066)->(37,16,16.0246)->(37,17,16.5246)->(37,18,17.0246)->(37,19,17.5246)->(37,20,18.0246)->(37,21,18.5246)->(37,22,19.0246)->(37,23,19.5246)->(37,24,20.0246)->(37,25,20.5246)->(37,26,21.0246)->(37,27,21.5246)->(37,28,22.0246)->(37,29,22.5246)->(37,30,23.0246)->(37,31,23.5246)->(37,32,24.0246)->(37,33,24.5246)->(37,34,25.0246)->(37,35,25.5246)->(37,36,26.0246)->(37,37,26.5246)->(37,38,27.0425)->(37,39,27.6103)->(37,40,28.2925)->(37,41,29.6103)->(37,42,31.8246)->(36,42,34.0388)->(35,42,35.3566)->(34,42,36.0388)->(33,42,36.6066)->(32,42,37.1246)->(31,42,37.6246)->(30,42,38.1246)->(29,42,38.6246)->(28,42,39.1246)->(27,42,39.6246)->(26,42,40.1246)->(25,42,40.6246)->(24,42,41.1246)->(23,42,41.6246)->(22,42,42.1425)->(21,42,42.7103)->(20,42,43.3925)->(19,42,44.7103)->(18,42,47.3388)->(18,41,5023.86)->
Agent 18:(33,24,1.71421)->(33,25,3.81421)->(32,25,6.44264)->(31,25,7.85685)->(30,25,9.27107)->(29,25,11.4853)->(29,26,13.6995)->(29,27,15.0173)->(29,28,15.6995)->(29,29,16.2673)->(29,30,16.7853)->(29,31,17.2853)->(29,32,17.7853)->(29,33,18.2853)->(29,34,18.7853)->(29,35,19.2853)->(29,36,19.7853)->(29,37,20.2853)->(29,38,20.7853)->(29,39,21.2853)->(29,40,21.7853)->(29,41,22.2853)->(29,42,22.7853)->(29,43,23.2853)->(29,44,23.8032)->(29,45,24.3711)->(29,46,25.0532)->(29,47,26.3711)->(29,48,30.9054)->(28,48,35.4749)->(27,48,37.4749)->(26,48,39.7244)->(26,49,41.9386)->(26,50,43.2565)->(26,51,43.9386)->(26,52,44.5244)->(26,53,45.1102)->(26,54,45.7924)->(26,55,47.1102)->(26,56,49.3244)->(27,56,52.1244)->(28,56,54.9244)->(28,57,57.1386)->(28,58,58.4565)->(28,59,59.1885)->(28,60,59.9206)->(28,61,61.2384)->(28,62,5030.33)->
Agent 19:(40,53,4.19638)->(40,52,7.80697)->(40,51,9.1248)->(40,50,9.80697)->(40,49,10.3748)->(40,48,10.8928)->(40,47,11.3928)->(40,46,11.8928)->(40,45,12.3928)->(40,44,12.8928)->(40,43,13.3928)->(40,42,13.8928)->(40,41,14.3928)->(40,40,14.8928)->(40,39,15.3928)->(40,38,15.9107)->(40,37,16.4785)->(40,36,17.1607)->(40,35,18.4785)->(40,34,20.6928)->(41,34,22.907)->(42,34,24.2248)->(43,34,24.907)->(44,34,25.4928)->(45,34,26.0785)->(46,34,26.7607)->(47,34,28.0785)->(48,34,32.8522)->(48,33,37.626)->(48,32,38.9438)->(48,31,39.626)->(48,30,40.1938)->(48,29,40.7117)->(48,28,41.2117)->(48,27,41.7117)->(48,26,42.2117)->(48,25,42.7117)->(48,24,43.2117)->(48,23,43.7117)->(48,22,44.2117)->(48,21,44.7117)->(48,20,45.2297)->(48,19,45.7975)->(48,18,46.4797)->(48,17,47.7975)->(48,16,50.0117)->(49,16,52.226)->(50,16,53.5438)->(51,16,54.2758)->(52,16,55.0079)->(53,16,56.3257)->(54,16,58.5399)->(54,15,60.7542)->(54,14,62.088)->(54,13,62.9164)->(54,12,64.2503)->(54,11,5031.83)->
Agent 20:(21,34,1.71421)->(21,35,3.81421)->(22,35,6.44264)->(23,35,7.76048)->(24,35,8.44264)->(25,35,9.01048)->(26,35,9.52843)->(27,35,10.0284)->(28,35,10.5284)->(29,35,11.0284)->(30,35,11.5284)->(31,35,12.0284)->(32,35,12.5284)->(33,35,13.0284)->(34,35,13.5284)->(35,35,14.0284)->(36,35,14.5284)->(37,35,15.0284)->(38,35,15.5284)->(39,35,16.0284)->(40,35,16.5464)->(41,35,17.1142)->(42,35,17.7964)->(43,35,19.1142)->(44,35,21.7426)->(44,36,25.3426)->(45,36,27.9711)->(46,36,29.2889)->(47,36,29.9711)->(48,36,30.5389)->(49,36,31.0569)->(50,36,31.5569)->(51,36,32.0569)->(52,36,32.5569)->(53,36,33.0569)->(54,36,33.5569)->(55,36,34.0748)->(56,36,34.6426)->(57,36,35.3248)->(58,36,36.6426)->(59,36,38.8569)->(59,37,41.0711)->(59,38,42.3889)->(59,39,43.0711)->(59,40,43.6389)->(59,41,44.1569)->(59,42,44.6569)->(59,43,45.1569)->(59,44,45.6569)->(59,45,46.1569)->(59,46,46.6569)->(59,47,47.1569)->(59,48,47.6569)->(59,49,48.1569)->(59,50,48.6748)->(59,51,49.2426)->(59,52,49.9248)->(59,53,51.2426)->(59,54,53.4569)->(60,54,56.2569)->(61,54,5028.13)->
Agent 21:(22,49,2.2)->(22,48,3.81421)->(22,47,5.22843)->(22,46,6.64264)->(22,45,10.2142)->(23,45,13.7858)->(24,45,15.1036)->(25,45,15.7858)->(26,45,16.3536)->(27,45,16.8716)->(28,45,17.3716)->(29,45,17.8895)->(30,45,18.4574)->(31,45,19.1395)->(32,45,20.4574)->(33,45,22.6716)->(33,44,24.8858)->(33,43,26.2036)->(33,42,26.8858)->(33,41,27.4536)->(33,40,27.9716)->(33,39,28.4895)->(33,38,29.0574)->(33,37,29.7395)->(33,36,31.0574)->(33,35,33.2716)->(34,35,36.0716)->(35,35,5018.04)->
Agent 22:(9,39,1.8)->(10,39,3.04949)->(11,39,5.04949)->(12,39,7.29898)->(12,40,9.51319)->(12,41,10.831)->(12,42,11.5132)->(12,43,12.081)->(12,44,12.599)->(12,45,13.099)->(12,46,13.599)->(12,47,14.099)->(12,48,14.599)->(12,49,15.099)->(12,50,15.6169)->(12,51,16.1848)->(12,52,16.8669)->(12,53,18.1848)->(12,54,5008.8)->
Agent 23:(60,1,2.42843)->(60,2,4.27107)->(60,3,5.58891)->(60,4,6.27107)->(60,5,6.83891)->(60,6,7.35685)->(60,7,7.85685)->(60,8,8.35685)->(60,9,8.85685)->(60,10,9.35685)->(60,11,9.85685)->(60,12,10.3569)->(60,13,10.8569)->(60,14,11.3569)->(60,15,11.8569)->(60,16,12.3569)->(60,17,12.8569)->(60,18,13.3569)->(60,19,13.8569)->(60,20,14.3748)->(60,21,14.9426)->(60,22,15.6248)->(60,23,16.9426)->(60,24,19.1569)->(59,24,21.9569)->(58,24,5010.98)->
Agent 24:(20,28,1.3)->(20,29,2.01421)->(20,30,3.33205)->(20,31,4.02382)->(20,32,4.65949)->(20,33,5.35126)->(20,34,6.6691)->(20,35,8.88331)->(21,35,11.0975)->(22,35,12.4154)->(23,35,13.0975)->(24,35,13.6654)->(25,35,14.1833)->(26,35,14.6833)->(27,35,15.1833)->(28,35,15.6833)->(29,35,16.1833)->(30,35,16.6833)->(31,35,17.1833)->(32,35,17.6833)->(33,35,18.1833)->(34,35,18.6833)->(35,35,19.1833)->(36,35,19.7013)->(37,35,20.2691)->(38,35,20.9513)->(39,35,22.2691)->(40,35,24.4833)->(40,36,26.6975)->(40,37,28.0154)->(40,38,28.6975)->(40,39,29.2654)->(40,40,29.7833)->(40,41,30.2833)->(40,42,30.7833)->(40,43,31.2833)->(40,44,31.7833)->(40,45,32.3013)->(40,46,32.8691)->(40,47,33.5513)->(40,48,34.8691)->(40,49,42.2539)->(41,49,49.6388)->(42,49,50.9566)->(43,49,51.6388)->(44,49,52.2066)->(45,49,52.7246)->(46,49,53.2425)->(47,49,53.8103)->(48,49,54.4925)->(49,49,55.8103)->(50,49,5027.61)->
Agent 25:(59,0,1.71421)->(59,1,4.55)->(58,1,7.91421)->(57,1,9.23205)->(56,1,9.91421)->(55,1,10.4821)->(54,1,11)->(53,1,11.5)->(52,1,12)->(51,1,12.5)->(50,1,13)->(49,1,13.5)->(48,1,14)->(47,1,14.5)->(46,1,15)->(45,1,15.5)->(44,1,16)->(43,1,16.5)->(42,1,17)->(41,1,17.5)->(40,1,18)->(39,1,18.5)->(38,1,19)->(37,1,19.5)->(36,1,20)->(35,1,20.5)->(34,1,21)->(33,1,21.5)->(32,1,22.0179)->(31,1,22.5858)->(30,1,23.2679)->(29,1,24.5858)->(28,1,26.8)->(28,2,29.0142)->(28,3,30.3321)->(28,4,31.0142)->(28,5,31.5821)->(28,6,32.1)->(28,7,32.6)->(28,8,33.1)->(28,9,33.6)->(28,10,34.1179)->(28,11,34.6858)->(28,12,35.3679)->(28,13,36.6858)->(28,14,5018.05)->
Agent 26:(18,55,1.8)->(19,55,3.01421)->(20,55,4.33205)->(21,55,5.0641)->(22,55,5.79615)->(23,55,7.11399)->(24,55,9.3282)->(24,56,12.1282)->(24,57,15.8924)->(25,57,19.0708)->(26,57,20.3887)->(27,57,21.0708)->(28,57,21.6387)->(29,57,22.1566)->(30,57,22.6566)->(31,57,23.1566)->(32,57,23.6566)->(33,57,24.1566)->(34,57,24.6566)->(35,57,25.1566)->(36,57,25.6566)->(37,57,26.1566)->(38,57,26.6566)->(39,57,27.1566)->(40,57,27.6566)->(41,57,28.1566)->(42,57,28.6566)->(43,57,29.1566)->(44,57,29.6566)->(45,57,30.1566)->(46,57,30.6566)->(47,57,31.1566)->(48,57,31.6566)->(49,57,32.1566)->(50,57,32.6566)->(51,57,33.1566)->(52,57,33.6746)->(53,57,34.2424)->(54,57,34.9246)->(55,57,36.2424)->(56,57,38.8708)->(56,56,5019.63)->
Agent 27:(51,4,2.21421)->(50,4,6.65)->(50,5,11.1142)->(50,6,12.4321)->(50,7,13.1142)->(50,8,13.6821)->(50,9,14.2)->(50,10,14.7)->(50,11,15.2)->(50,12,15.7)->(50,13,16.2)->(50,14,16.7)->(50,15,17.2179)->(50,16,17.7858)->(50,17,18.4679)->(50,18,19.7858)->(50,19,5009.6)->
Agent 28:(27,48,4.84166)->(27,47,9.09753)->(27,46,10.4154)->(27,45,11.0975)->(27,44,11.6654)->(27,43,12.1833)->(27,42,12.6833)->(27,41,13.1833)->(27,40,13.6833)->(27,39,14.1833)->(27,38,14.6833)->(27,37,15.1833)->(27,36,15.6833)->(27,35,16.1833)->(27,34,16.6833)->(27,33,17.1833)->(27,32,17.6833)->(27,31,18.1833)->(27,30,18.6833)->(27,29,19.2013)->(27,28,19.7691)->(27,27,20.4513)->(27,26,21.7691)->(27,25,23.9833)->(28,25,26.1975)->(29,25,27.5154)->(30,25,28.1975)->(31,25,28.7654)->(32,25,29.2833)->(33,25,29.7833)->(34,25,30.2833)->(35,25,30.7833)->(36,25,31.2833)->(37,25,31.7833)->(38,25,32.2833)->(39,25,32.7833)->(40,25,33.2833)->(41,25,33.7833)->(42,25,34.2833)->(43,25,34.7833)->(44,25,35.2833)->(45,25,35.7833)->(46,25,36.2833)->(47,25,36.7833)->(48,25,37.2833)->(49,25,37.7833)->(50,25,38.2833)->(51,25,38.7833)->(52,25,39.2833)->(53,25,39.7833)->(54,25,40.2833)->(55,25,40.7833)->(56,25,41.3013)->(57,25,41.8691)->(58,25,42.5513)->(59,25,43.8691)->(60,25,46.0833)->(60,26,48.8833)->(60,27,5024.44)->
Agent 29:(47,13,1.71421)->(47,14,3.81421)->(48,14,6.44264)->(49,14,7.76048)->(50,14,8.44264)->(51,14,9.01048)->(52,14,9.52843)->(53,14,10.0464)->(54,14,10.6142)->(55,14,11.2964)->(56,14,12.6142)->(57,14,14.8284)->(57,13,17.0426)->(57,12,18.3605)->(57,11,19.0426)->(57,10,19.6105)->(57,9,20.1464)->(57,8,20.7142)->(57,7,21.3964)->(57,6,22.7142)->(57,5,5011.06)->
Agent 30:(15,34,2.21421)->(16,34,4.81421)->(16,33,7.44264)->(16,32,8.76048)->(16,31,9.44264)->(16,30,10.0105)->(16,29,10.5284)->(16,28,11.0284)->(16,27,11.5284)->(16,26,12.0284)->(16,25,12.5284)->(16,24,13.0284)->(16,23,13.5284)->(16,22,14.0284)->(16,21,14.5284)->(16,20,15.0284)->(16,19,15.5284)->(16,18,16.0284)->(16,17,16.5284)->(16,16,17.0284)->(16,15,17.5284)->(16,14,18.0284)->(16,13,18.5284)->(16,12,19.0284)->(16,11,19.5284)->(16,10,20.0284)->(16,9,20.5284)->(16,8,21.0284)->(16,7,21.5464)->(16,6,22.1142)->(16,5,22.7964)->(16,4,24.1142)->(16,3,26.3284)->(17,3,28.5426)->(18,3,29.8605)->(19,3,30.5426)->(20,3,31.1105)->(21,3,31.6284)->(22,3,32.1284)->(23,3,32.6284)->(24,3,33.1284)->(25,3,33.6284)->(26,3,34.1284)->(27,3,34.6284)->(28,3,35.1464)->(29,3,35.7142)->(30,3,36.3964)->(31,3,37.7142)->(32,3,39.9284)->(32,2,42.7284)->(32,1,45.5284)->(33,1,47.7426)->(34,1,49.0605)->(35,1,49.7426)->(36,1,50.3105)->(37,1,50.8284)->(38,1,51.3284)->(39,1,51.8284)->(40,1,52.3284)->(41,1,52.8284)->(42,1,53.3284)->(43,1,53.8284)->(44,1,54.3284)->(45,1,54.8284)->(46,1,55.3284)->(47,1,55.8284)->(48,1,56.3284)->(49,1,56.8284)->(50,1,57.3464)->(51,1,57.9142)->(52,1,58.5964)->(53,1,59.9142)->(54,1,5029.66)->
Agent 31:(57,36,1.8)->(56,36,3.01421)->(55,36,4.33205)->(54,36,5.0641)->(53,36,5.79615)->(52,36,7.11399)->(51,36,9.3282)->(51,37,11.5424)->(51,38,12.8603)->(51,39,13.5424)->(51,40,14.1103)->(51,41,14.6282)->(51,42,15.1282)->(51,43,15.6282)->(51,44,16.1282)->(51,45,16.6282)->(51,46,17.1282)->(51,47,17.6282)->(51,48,18.1282)->(51,49,18.6282)->(51,50,19.1462)->(51,51,19.714)->(51,52,20.3962)->(51,53,21.714)->(51,54,24.3424)->(52,54,27.9424)->(52,55,30.5708)->(52,56,31.8887)->(52,57,32.5708)->(52,58,33.1387)->(52,59,33.6746)->(52,60,34.2424)->(52,61,34.9246)->(52,62,36.2424)->(52,63,5017.83)->
Agent 32:(28,15,1.8)->(29,15,3.6)->(30,15,6.4)->(30,16,8.61421)->(30,17,9.93205)->(30,18,10.6142)->(30,19,11.1821)->(30,20,11.7)->(30,21,12.2)->(30,22,12.7)->(30,23,13.2)->(30,24,13.7)->(30,25,14.2)->(30,26,14.7)->(30,27,15.2)->(30,28,15.7)->(30,29,16.2179)->(30,30,16.7858)->(30,31,17.4679)->(30,32,18.7858)->(30,33,21)->(31,33,23.2495)->(32,33,25.2495)->(33,33,30.3853)->(33,34,35.4858)->(33,35,36.8036)->(33,36,37.4858)->(33,37,38.0536)->(33,38,38.5716)->(33,39,39.0716)->(33,40,39.5716)->(33,41,40.0716)->(33,42,40.5716)->(33,43,41.0716)->(33,44,41.5895)->(33,45,42.1574)->(33,46,42.8395)->(33,47,44.1574)->(33,48,46.3716)->(34,48,48.5858)->(35,48,49.9196)->(36,48,50.7481)->(37,48,52.0819)->(38,48,54.2961)->(38,49,56.5103)->(38,50,57.8282)->(38,51,58.5103)->(38,52,59.0782)->(38,53,59.5961)->(38,54,60.0961)->(38,55,60.5961)->(38,56,61.0961)->(38,57,61.5961)->(38,58,62.1141)->(38,59,62.6819)->(38,60,63.3641)->(38,61,64.6819)->(38,62,66.8961)->(39,62,69.1103)->(40,62,70.4282)->(41,62,71.1103)->(42,62,71.6782)->(43,62,72.1961)->(44,62,72.6961)->(45,62,73.1961)->(46,62,73.6961)->(47,62,74.1961)->(48,62,74.7141)->(49,62,75.2819)->(50,62,75.9641)->(51,62,77.2819)->(52,62,5038.35)->
Agent 33:(57,62,1.8)->(58,62,3.6)->(59,62,6.4)->(59,61,8.61421)->(59,60,9.93205)->(59,59,10.6142)->(59,58,11.1821)->(59,57,11.7)->(59,56,12.2)->(59,55,12.7)->(59,54,13.2)->(59,53,13.7)->(59,52,14.2)->(59,51,14.7)->(59,50,15.2)->(59,49,15.7)->(59,48,16.2)->(59,47,16.7)->(59,46,17.2)->(59,45,17.7)->(59,44,18.2)->(59,43,18.7)->(59,42,19.2)->(59,41,19.7179)->(59,40,20.2858)->(59,39,20.9679)->(59,38,22.2858)->(59,37,24.5)->(58,37,26.7142)->(57,37,28.0321)->(56,37,28.7142)->(55,37,29.2821)->(54,37,29.8)->(53,37,30.3)->(52,37,30.8)->(51,37,31.3)->(50,37,31.8)->(49,37,32.3)->(48,37,32.8)->(47,37,33.3)->(46,37,33.8)->(45,37,34.3)->(44,37,34.8)->(43,37,35.3)->(42,37,35.8)->(41,37,36.3)->(40,37,36.8179)->(39,37,37.3858)->(38,37,38.0679)->(37,37,39.3858)->(36,37,41.6)->(36,36,43.8142)->(36,35,45.1321)->(36,34,45.8142)->(36,33,46.3821)->(36,32,46.9)->(36,31,47.4)->(36,30,47.9)->(36,29,48.4)->(36,28,48.9179)->(36,27,49.4858)->(36,26,50.1679)->(36,25,51.4858)->(36,24,53.7)->(35,24,55.9495)->(34,24,57.9495)->(33,24,60.199)->(33,23,62.4132)->(33,22,63.8274)->(33,21,65.2416)->(33,20,5032.33)->
Agent 34:(32,2,2.55)->(32,3,4.51421)->(32,4,5.83205)->(32,5,6.51421)->(32,6,7.08205)->(32,7,7.6)->(32,8,8.1)->(32,9,8.6)->(32,10,9.11795)->(32,11,9.68579)->(32,12,10.3679)->(32,13,11.6858)->(32,14,14.3142)->(33,14,17.9142)->(33,15,20.5779)->(33,16,22.5779)->(33,17,5011.01)->
Agent 35:(5,4,1.8)->(6,4,3.6)->(7,4,6.4)->(7,5,8.61421)->(7,6,9.93205)->(7,7,10.6142)->(7,8,11.1821)->(7,9,11.7)->(7,10,12.2)->(7,11,12.7)->(7,12,13.2)->(7,13,13.7)->(7,14,14.2)->(7,15,14.7)->(7,16,15.2)->(7,17,15.7)->(7,18,16.2)->(7,19,16.7)->(7,20,17.2)->(7,21,17.7)->(7,22,18.2)->(7,23,18.7)->(7,24,19.2179)->(7,25,19.7858)->(7,26,20.4679)->(7,27,21.7858)->(7,28,24.4142)->(6,28,28.0142)->(6,29,30.6426)->(6,30,31.9605)->(6,31,32.6426)->(6,32,33.2105)->(6,33,33.7284)->(6,34,34.2284)->(6,35,34.7284)->(6,36,35.2284)->(6,37,35.7284)->(6,38,36.2284)->(6,39,36.7284)->(6,40,37.2284)->(6,41,37.7464)->(6,42,38.3142)->(6,43,38.9964)->(6,44,40.3142)->(6,45,42.5284)->(5,45,44.7779)->(4,45,46.7779)->(3,45,49.4416)->(3,46,5024.91)->
Agent 36:(48,59,2.2)->(48,58,4.4)->(48,57,7.2)->(47,57,9.41421)->(46,57,10.7321)->(45,57,11.4142)->(44,57,11.9821)->(43,57,12.5)->(42,57,13)->(41,57,13.5)->(40,57,14)->(39,57,14.5179)->(38,57,15.0858)->(37,57,15.7679)->(36,57,17.0858)->(35,57,19.3)->(35,56,21.5142)->(35,55,22.8321)->(35,54,23.5142)->(35,53,24.0821)->(35,52,24.6)->(35,51,25.1)->(35,50,25.6)->(35,49,26.1)->(35,48,26.6)->(35,47,27.1)->(35,46,27.6)->(35,45,28.1)->(35,44,28.6)->(35,43,29.1)->(35,42,29.6)->(35,41,30.1)->(35,40,30.6)->(35,39,31.1)->(35,38,31.6)->(35,37,32.1179)->(35,36,32.6858)->(35,35,33.3679)->(35,34,34.6858)->(35,33,36.9)->(34,33,39.1142)->(33,33,40.4481)->(32,33,41.2765)->(31,33,42.6103)->(30,33,45.3264)->(30,32,48.0424)->(30,31,49.3603)->(30,30,50.0424)->(30,29,50.6103)->(30,28,51.1282)->(30,27,51.6282)->(30,26,52.1282)->(30,25,52.6282)->(30,24,53.1282)->(30,23,53.6282)->(30,22,54.1282)->(30,21,54.6282)->(30,20,55.1282)->(30,19,55.6282)->(30,18,56.1282)->(30,17,56.6282)->(30,16,57.1282)->(30,15,57.6282)->(30,14,58.1282)->(30,13,58.6282)->(30,12,59.1282)->(30,11,59.6282)->(30,10,60.1282)->(30,9,60.6282)->(30,8,61.1282)->(30,7,61.6282)->(30,6,62.1282)->(30,5,62.6282)->(30,4,63.1462)->(30,3,63.714)->(30,2,64.3962)->(30,1,65.714)->(30,0,67.9282)->(31,0,70.7282)->(32,0,5035.36)->
Agent 37:(48,41,1.8)->(47,41,3.01421)->(46,41,4.33205)->(45,41,5.0641)->(44,41,5.79615)->(43,41,7.11399)->(42,41,9.3282)->(42,42,11.5424)->(42,43,12.8603)->(42,44,13.5424)->(42,45,14.1103)->(42,46,14.6282)->(42,47,15.1282)->(42,48,15.6282)->(42,49,16.1282)->(42,50,16.6282)->(42,51,17.1462)->(42,52,17.714)->(42,53,18.3962)->(42,54,19.714)->(42,55,21.9282)->(41,55,24.1424)->(40,55,25.4603)->(39,55,26.1424)->(38,55,26.7103)->(37,55,27.2282)->(36,55,27.7282)->(35,55,28.2462)->(34,55,28.814)->(33,55,29.4962)->(32,55,30.814)->(31,55,5015.11)->
Agent 38:(38,59,2.2)->(38,58,3.81421)->(38,57,5.13205)->(38,56,5.81421)->(38,55,6.38205)->(38,54,6.9)->(38,53,7.41795)->(38,52,7.98579)->(38,51,8.66795)->(38,50,9.98579)->(38,49,12.2821)->(39,49,14.5783)->(40,49,15.8962)->(41,49,16.5783)->(42,49,17.1462)->(43,49,17.6641)->(44,49,18.1641)->(45,49,18.6641)->(46,49,19.1641)->(47,49,19.6641)->(48,49,20.1641)->(49,49,20.6641)->(50,49,21.1641)->(51,49,21.6641)->(52,49,22.1641)->(53,49,22.6641)->(54,49,23.1641)->(55,49,23.6641)->(56,49,24.1821)->(57,49,24.7499)->(58,49,25.4321)->(59,49,26.7499)->(60,49,28.9641)->(60,48,31.1783)->(60,47,32.4962)->(60,46,33.1783)->(60,45,33.7641)->(60,44,34.3499)->(60,43,35.0321)->(60,42,36.3499)->(60,41,5017.88)->
Agent 39:(10,35,1.79039)->(10,36,2.995)->(10,37,4.31284)->(10,38,5.00461)->(10,39,5.64028)->(10,40,6.33205)->(10,41,7.64989)->(10,42,9.8641)->(11,42,12.0783)->(12,42,13.3962)->(13,42,14.0783)->(14,42,14.6462)->(15,42,15.1641)->(16,42,15.6641)->(17,42,16.1641)->(18,42,16.6641)->(19,42,17.1641)->(20,42,17.6641)->(21,42,18.1641)->(22,42,18.6641)->(23,42,19.1641)->(24,42,19.6821)->(25,42,20.2499)->(26,42,20.9321)->(27,42,22.2499)->(28,42,24.4641)->(28,43,26.6783)->(28,44,27.9962)->(28,45,28.6783)->(28,46,29.2641)->(28,47,29.8499)->(28,48,30.5321)->(28,49,31.8499)->(28,50,34.0641)->(29,50,36.2783)->(30,50,37.5962)->(31,50,38.2783)->(32,50,38.8462)->(33,50,39.3641)->(34,50,39.8641)->(35,50,40.3641)->(36,50,40.8641)->(37,50,41.3641)->(38,50,41.8641)->(39,50,42.3641)->(40,50,42.8821)->(41,50,43.4499)->(42,50,44.1321)->(43,50,45.4499)->(44,50,47.6641)->(44,51,49.8783)->(44,52,51.2925)->(44,53,52.7067)->(44,54,54.921)->(45,54,57.721)->(46,54,60.9352)->(46,53,5030.66)->
Agent 40:(28,1,1.3)->(28,2,2.01421)->(28,3,3.33205)->(28,4,4.01421)->(28,5,4.58205)->(28,6,5.1)->(28,7,5.6)->(28,8,6.1)->(28,9,6.61795)->(28,10,7.18579)->(28,11,7.86795)->(28,12,9.18579)->(28,13,11.4)->(29,13,13.6142)->(30,13,14.9321)->(31,13,15.6142)->(32,13,16.1821)->(33,13,16.7)->(34,13,17.2)->(35,13,17.7)->(36,13,18.2)->(37,13,18.7)->(38,13,19.2)->(39,13,19.7)->(40,13,20.2)->(41,13,20.7)->(42,13,21.2)->(43,13,21.7179)->(44,13,22.2858)->(45,13,22.9679)->(46,13,24.2858)->(47,13,26.5)->(47,14,28.7142)->(47,15,30.0321)->(47,16,30.7142)->(47,17,31.2821)->(47,18,31.8)->(47,19,32.3)->(47,20,32.8)->(47,21,33.3)->(47,22,33.8)->(47,23,34.3)->(47,24,34.8)->(47,25,35.3)->(47,26,35.8)->(47,27,36.3)->(47,28,36.8)->(47,29,37.3)->(47,30,37.8)->(47,31,38.3)->(47,32,38.8)->(47,33,39.3)->(47,34,39.8)->(47,35,40.3)->(47,36,40.8)->(47,37,41.3)->(47,38,41.8)->(47,39,42.3)->(47,40,42.8)->(47,41,43.3)->(47,42,43.8)->(47,43,44.3)->(47,44,44.8)->(47,45,45.3179)->(47,46,45.8858)->(47,47,46.5679)->(47,48,47.8858)->(47,49,50.1)->(48,49,52.3142)->(49,49,53.6481)->(50,49,54.4765)->(51,49,55.8103)->(52,49,58.4388)->(52,50,5029.41)->
Agent 41:(54,3,2.2)->(54,2,4.4)->(54,1,7.2)->(53,1,9.41421)->(52,1,10.7321)->(51,1,11.4142)->(50,1,11.9821)->(49,1,12.5)->(48,1,13)->(47,1,13.5)->(46,1,14)->(45,1,14.5)->(44,1,15)->(43,1,15.5)->(42,1,16)->(41,1,16.5)->(40,1,17)->(39,1,17.5)->(38,1,18)->(37,1,18.5)->(36,1,19)->(35,1,19.5)->(34,1,20)->(33,1,20.5)->(32,1,21)->(31,1,21.5)->(30,1,22)->(29,1,22.5)->(28,1,23)->(27,1,23.5)->(26,1,24)->(25,1,24.5)->(24,1,25)->(23,1,25.5)->(22,1,26)->(21,1,26.5)->(20,1,27.0179)->(19,1,27.5858)->(18,1,28.2679)->(17,1,29.5858)->(16,1,32.2142)->(16,0,47.5464)->(16,1,61.907)->(16,2,63.2248)->(16,3,63.907)->(16,4,64.4748)->(16,5,64.9928)->(16,6,65.4928)->(16,7,65.9928)->(16,8,66.4928)->(16,9,66.9928)->(16,10,67.4928)->(16,11,67.9928)->(16,12,68.4928)->(16,13,68.9928)->(16,14,69.4928)->(16,15,69.9928)->(16,16,70.4928)->(16,17,70.9928)->(16,18,71.4928)->(16,19,71.9928)->(16,20,72.4928)->(16,21,72.9928)->(16,22,73.4928)->(16,23,73.9928)->(16,24,74.4928)->(16,25,74.9928)->(16,26,75.4928)->(16,27,75.9928)->(16,28,76.4928)->(16,29,76.9928)->(16,30,77.4928)->(16,31,78.0107)->(16,32,78.5785)->(16,33,79.2607)->(16,34,80.5785)->(16,35,5040)->
Agent 42:(12,30,2.06795)->(13,30,3.55011)->(14,30,4.86795)->(15,30,5.55011)->(16,30,6.11795)->(17,30,6.6359)->(18,30,7.1359)->(19,30,7.6359)->(20,30,8.1359)->(21,30,8.6359)->(22,30,9.1359)->(23,30,9.6359)->(24,30,10.1359)->(25,30,10.6359)->(26,30,11.1359)->(27,30,11.6359)->(28,30,12.1359)->(29,30,12.6359)->(30,30,13.1359)->(31,30,13.6359)->(32,30,14.1538)->(33,30,14.7217)->(34,30,15.4038)->(35,30,16.7217)->(36,30,18.9359)->(36,31,21.1501)->(36,32,22.4679)->(36,33,23.2)->(36,34,23.9321)->(36,35,25.2499)->(36,36,27.4641)->(37,36,29.6783)->(38,36,31.0122)->(39,36,31.8406)->(40,36,33.1744)->(41,36,36.1085)->(41,37,40.0142)->(42,37,42.6779)->(43,37,44.6779)->(44,37,5022.06)->
Agent 43:(8,36,1.3)->(8,37,2.01421)->(8,38,3.33205)->(8,39,4.01421)->(8,40,4.58205)->(8,41,5.1)->(8,42,5.6)->(8,43,6.1)->(8,44,6.6)->(8,45,7.1)->(8,46,7.6)->(8,47,8.1)->(8,48,8.6)->(8,49,9.11795)->(8,50,9.68579)->(8,51,10.3679)->(8,52,11.6858)->(8,53,14.6014)->(9,53,17.5171)->(10,53,18.8509)->(11,53,19.6793)->(12,53,21.0132)->(13,53,23.2274)->(13,54,25.4416)->(13,55,26.7595)->(13,56,27.4512)->(13,57,28.0869)->(13,58,28.7787)->(13,59,30.0965)->(13,60,32.7249)->(14,60,5016.56)->
Agent 44:(54,4,1.3)->(54,5,2.01421)->(54,6,3.33205)->(54,7,4.01421)->(54,8,4.58205)->(54,9,5.1)->(54,10,5.6)->(54,11,6.1)->(54,12,6.61795)->(54,13,7.18579)->(54,14,7.86795)->(54,15,9.18579)->(54,16,11.4)->(53,16,13.6142)->(52,16,14.9321)->(51,16,15.6142)->(50,16,16.1821)->(49,16,16.7)->(48,16,17.2)->(47,16,17.7)->(46,16,18.2)->(45,16,18.7)->(44,16,19.2)->(43,16,19.7)->(42,16,20.2)->(41,16,20.7179)->(40,16,21.2858)->(39,16,21.9679)->(38,16,23.2858)->(37,16,27.6141)->(37,17,31.9424)->(37,18,33.2603)->(37,19,33.9424)->(37,20,34.5103)->(37,21,35.0282)->(37,22,35.5282)->(37,23,36.0282)->(37,24,36.5282)->(37,25,37.0282)->(37,26,37.5282)->(37,27,38.0282)->(37,28,38.5282)->(37,29,39.0282)->(37,30,39.5282)->(37,31,40.0282)->(37,32,40.5282)->(37,33,41.0282)->(37,34,41.5282)->(37,35,42.0282)->(37,36,42.5282)->(37,37,43.0282)->(37,38,43.5462)->(37,39,44.114)->(37,40,44.7962)->(37,41,46.114)->(37,42,48.3282)->(36,42,50.5424)->(35,42,51.8603)->(34,42,52.5424)->(33,42,53.1103)->(32,42,53.6282)->(31,42,54.1282)->(30,42,54.6282)->(29,42,55.1282)->(28,42,55.6282)->(27,42,56.1282)->(26,42,56.6282)->(25,42,57.1282)->(24,42,57.6462)->(23,42,58.214)->(22,42,58.8962)->(21,42,60.214)->(20,42,62.8424)->(20,41,5031.61)->
Agent 45:(63,15,1.3)->(63,16,2.01421)->(63,17,3.33205)->(63,18,4.01421)->(63,19,4.58205)->(63,20,5.1)->(63,21,5.61795)->(63,22,6.18579)->(63,23,6.86795)->(63,24,8.18579)->(63,25,10.4)->(62,25,12.6142)->(61,25,13.9321)->(60,25,14.6142)->(59,25,15.1821)->(58,25,15.7)->(57,25,16.2)->(56,25,16.7)->(55,25,17.2)->(54,25,17.7)->(53,25,18.2)->(52,25,18.7)->(51,25,19.2)->(50,25,19.7179)->(49,25,20.2858)->(48,25,20.9679)->(47,25,22.2858)->(46,25,24.9142)->(46,26,29.9141)->(45,26,33.9424)->(44,26,35.2603)->(43,26,35.9424)->(42,26,36.5103)->(41,26,37.0282)->(40,26,37.5282)->(39,26,38.0282)->(38,26,38.5282)->(37,26,39.0282)->(36,26,39.5282)->(35,26,40.0282)->(34,26,40.5282)->(33,26,41.0282)->(32,26,41.5282)->(31,26,42.0282)->(30,26,42.5282)->(29,26,43.0282)->(28,26,43.5282)->(27,26,44.0282)->(26,26,44.5282)->(25,26,45.0282)->(24,26,45.5282)->(23,26,46.0282)->(22,26,46.5282)->(21,26,47.0282)->(20,26,47.5282)->(19,26,48.0282)->(18,26,48.5282)->(17,26,49.0282)->(16,26,49.5282)->(15,26,50.0462)->(14,26,50.614)->(13,26,51.2962)->(12,26,52.614)->(11,26,54.8282)->(11,25,57.0424)->(11,24,58.3603)->(11,23,59.0923)->(11,22,59.8244)->(11,21,61.1422)->(11,20,63.3564)->(10,20,65.5706)->(9,20,66.8885)->(8,20,67.5706)->(7,20,68.1385)->(6,20,68.6564)->(5,20,69.1564)->(4,20,69.6744)->(3,20,70.2422)->(2,20,70.9244)->(1,20,72.2422)->(0,20,74.4564)->(0,19,77.2564)->(0,18,5038.63)->
Agent 46:(6,31,1.3)->(6,32,2.01421)->(6,33,3.33205)->(6,34,4.01421)->(6,35,4.58205)->(6,36,5.1)->(6,37,5.61795)->(6,38,6.18579)->(6,39,6.86795)->(6,40,8.18579)->(6,41,10.4)->(7,41,13.2)->(8,41,25.7322)->(7,41,38.2643)->(6,41,5019.13)->
Agent 47:(55,4,1.3)->(55,5,2.01421)->(55,6,3.33205)->(55,7,4.01421)->(55,8,4.58205)->(55,9,5.1)->(55,10,5.6)->(55,11,6.1)->(55,12,6.6)->(55,13,7.1)->(55,14,7.61795)->(55,15,8.18579)->(55,16,8.86795)->(55,17,10.1858)->(55,18,12.4)->(54,18,14.6142)->(53,18,15.9321)->(52,18,16.6142)->(51,18,17.2)->(50,18,17.7858)->(49,18,18.4679)->(48,18,19.7858)->(47,18,22)->(47,19,24.2142)->(47,20,25.5321)->(47,21,26.2142)->(47,22,26.7821)->(47,23,27.3)->(47,24,27.8)->(47,25,28.3)->(47,26,28.8)->(47,27,29.3)->(47,28,29.8)->(47,29,30.3)->(47,30,30.8)->(47,31,31.3)->(47,32,31.8179)->(47,33,32.3858)->(47,34,33.0679)->(47,35,34.3858)->(47,36,36.6)->(48,36,38.8142)->(49,36,40.2284)->(50,36,41.6426)->(51,36,46.1838)->(51,37,50.7249)->(51,38,52.0428)->(51,39,52.7249)->(51,40,53.2928)->(51,41,53.8107)->(51,42,54.3107)->(51,43,54.8107)->(51,44,55.3107)->(51,45,55.8107)->(51,46,56.3107)->(51,47,56.8107)->(51,48,57.3107)->(51,49,57.8107)->(51,50,58.3287)->(51,51,58.8965)->(51,52,59.5787)->(51,53,60.8965)->(51,54,63.1107)->(50,54,65.9107)->(49,54,68.7107)->(49,55,70.9602)->(49,56,72.9602)->(49,57,5036.2)->
Agent 48:(26,13,1.8)->(27,13,3.04949)->(28,13,5.04949)->(29,13,7.29898)->(29,14,9.51319)->(29,15,10.831)->(29,16,11.5132)->(29,17,12.081)->(29,18,12.599)->(29,19,13.1169)->(29,20,13.6848)->(29,21,14.3669)->(29,22,15.6848)->(29,23,17.899)->(28,23,20.699)->(27,23,23.7411)->(27,24,26.1975)->(27,25,27.5154)->(27,26,28.1975)->(27,27,28.7654)->(27,28,29.2833)->(27,29,29.7833)->(27,30,30.2833)->(27,31,30.7833)->(27,32,31.2833)->(27,33,31.7833)->(27,34,32.3013)->(27,35,32.8691)->(27,36,33.5513)->(27,37,34.8691)->(27,38,37.0833)->(26,38,39.2975)->(25,38,40.6154)->(24,38,41.2975)->(23,38,41.8833)->(22,38,42.4691)->(21,38,43.1513)->(20,38,44.4691)->(19,38,46.7361)->(19,39,49.0031)->(19,40,50.3209)->(19,41,51.0031)->(19,42,51.5709)->(19,43,52.0889)->(19,44,52.5889)->(19,45,53.0889)->(19,46,53.5889)->(19,47,54.0889)->(19,48,54.5889)->(19,49,55.1068)->(19,50,55.6747)->(19,51,56.3568)->(19,52,57.6747)->(19,53,60.3031)->(18,53,63.9031)->(18,54,66.5315)->(18,55,67.8494)->(18,56,68.5411)->(18,57,69.1768)->(18,58,69.8686)->(18,59,71.1864)->(18,60,73.8148)->(19,60,5037.1)->
Agent 49:(38,47,1.8)->(37,47,3.6)->(36,47,6.4)->(36,46,8.61421)->(36,45,9.93205)->(36,44,10.6641)->(36,43,11.3962)->(36,42,12.714)->(36,41,14.9282)->(37,41,17.7282)->(38,41,20.5282)->(38,40,22.7424)->(38,39,24.0603)->(38,38,24.7424)->(38,37,25.3103)->(38,36,25.8282)->(38,35,26.3282)->(38,34,26.8462)->(38,33,27.414)->(38,32,28.0962)->(38,31,29.414)->(38,30,31.6282)->(37,30,33.8424)->(36,30,35.1603)->(35,30,35.8424)->(34,30,36.4282)->(33,30,37.014)->(32,30,37.6962)->(31,30,39.014)->(30,30,41.2282)->(30,29,43.4424)->(30,28,44.7603)->(30,27,45.4424)->(30,26,46.0103)->(30,25,46.5282)->(30,24,47.0282)->(30,23,47.5282)->(30,22,48.0282)->(30,21,48.5282)->(30,20,49.0282)->(30,19,49.5282)->(30,18,50.0282)->(30,17,50.5282)->(30,16,51.0462)->(30,15,51.614)->(30,14,52.2962)->(30,13,53.614)->(30,12,55.8282)->(31,12,58.0777)->(32,12,60.0777)->(33,12,5029.76)->
Agent 50:(19,19,1.8)->(20,19,3.01421)->(21,19,4.33205)->(22,19,5.0641)->(23,19,5.79615)->(24,19,7.11399)->(25,19,13.5268)->(25,20,19.9397)->(25,21,21.2575)->(25,22,21.9397)->(25,23,22.5075)->(25,24,23.0254)->(25,25,23.5254)->(25,26,24.0254)->(25,27,24.5254)->(25,28,25.0254)->(25,29,25.5254)->(25,30,26.0254)->(25,31,26.5254)->(25,32,27.0254)->(25,33,27.5254)->(25,34,28.0254)->(25,35,28.5254)->(25,36,29.0254)->(25,37,29.5254)->(25,38,30.0254)->(25,39,30.5254)->(25,40,31.0254)->(25,41,31.5254)->(25,42,32.0254)->(25,43,32.5254)->(25,44,33.0254)->(25,45,33.5254)->(25,46,34.0254)->(25,47,34.5434)->(25,48,35.1112)->(25,49,35.7934)->(25,50,37.1112)->(25,51,39.3254)->(24,51,41.5397)->(23,51,42.8575)->(22,51,43.5397)->(21,51,44.1075)->(20,51,44.6254)->(19,51,45.1254)->(18,51,45.6254)->(17,51,46.1254)->(16,51,46.6254)->(15,51,47.1254)->(14,51,47.6254)->(13,51,48.1254)->(12,51,48.6254)->(11,51,49.1254)->(10,51,49.6434)->(9,51,50.2112)->(8,51,50.8934)->(7,51,52.2112)->(6,51,5025.81)->
Agent 51:(36,21,1.71421)->(36,22,3.81421)->(35,22,7.02843)->(34,22,10.0879)->(34,23,12.5616)->(34,24,13.8795)->(34,25,14.5616)->(34,26,15.1295)->(34,27,15.6474)->(34,28,16.1474)->(34,29,16.6474)->(34,30,17.1474)->(34,31,17.6474)->(34,32,18.1474)->(34,33,18.6654)->(34,34,19.2332)->(34,35,19.9154)->(34,36,21.2332)->(34,37,5010.32)->
Agent 52:(51,63,1.8)->(50,63,3.01421)->(49,63,4.33205)->(48,63,5.01421)->(47,63,5.58205)->(46,63,6.1)->(45,63,6.6)->(44,63,7.1)->(43,63,7.6)->(42,63,8.1)->(41,63,8.6)->(40,63,9.1)->(39,63,9.6)->(38,63,10.1)->(37,63,10.6)->(36,63,11.1)->(35,63,11.6)->(34,63,12.1)->(33,63,12.6179)->(32,63,13.1858)->(31,63,13.8679)->(30,63,15.1858)->(29,63,17.4)->(29,62,19.6142)->(29,61,20.9321)->(29,60,21.6142)->(29,59,22.1821)->(29,58,22.7)->(29,57,23.2)->(29,56,23.7)->(29,55,24.2179)->(29,54,24.7858)->(29,53,25.4679)->(29,52,26.7858)->(29,51,30.1127)->(28,51,33.4397)->(27,51,34.7575)->(26,51,35.4397)->(25,51,36.0075)->(24,51,36.5254)->(23,51,37.0254)->(22,51,37.5254)->(21,51,38.0254)->(20,51,38.5254)->(19,51,39.0254)->(18,51,39.5254)->(17,51,40.0254)->(16,51,40.5254)->(15,51,41.0254)->(14,51,41.5254)->(13,51,42.0254)->(12,51,42.5254)->(11,51,43.0254)->(10,51,43.5254)->(9,51,44.0254)->(8,51,44.5254)->(7,51,45.0254)->(6,51,45.5254)->(5,51,46.0254)->(4,51,46.5434)->(3,51,47.1112)->(2,51,47.7934)->(1,51,49.1112)->(0,51,51.3254)->(0,52,53.5397)->(0,53,54.9539)->(0,54,56.3681)->(0,55,5027.89)->
Agent 53:(1,59,2.2)->(1,58,3.81421)->(1,57,5.13205)->(1,56,5.81421)->(1,55,6.4)->(1,54,6.98579)->(1,53,7.66795)->(1,52,8.98579)->(1,51,11.9127)->(2,51,14.8397)->(3,51,16.1575)->(4,51,16.8397)->(5,51,17.4075)->(6,51,17.9254)->(7,51,18.4254)->(8,51,18.9254)->(9,51,19.4254)->(10,51,19.9254)->(11,51,20.4254)->(12,51,20.9254)->(13,51,21.4254)->(14,51,21.9254)->(15,51,22.4254)->(16,51,22.9254)->(17,51,23.4254)->(18,51,23.9254)->(19,51,24.4254)->(20,51,24.9254)->(21,51,25.4254)->(22,51,25.9254)->(23,51,26.4434)->(24,51,27.0112)->(25,51,27.6934)->(26,51,29.0112)->(27,51,31.2254)->(27,50,33.4397)->(27,49,34.7575)->(27,48,35.4397)->(27,47,36.0075)->(27,46,36.5254)->(27,45,37.0254)->(27,44,37.5254)->(27,43,38.0254)->(27,42,38.5254)->(27,41,39.0254)->(27,40,39.5254)->(27,39,40.0254)->(27,38,40.5254)->(27,37,41.0254)->(27,36,41.5254)->(27,35,42.0254)->(27,34,42.5254)->(27,33,43.0254)->(27,32,43.5254)->(27,31,44.0254)->(27,30,44.5254)->(27,29,45.0434)->(27,28,45.6112)->(27,27,46.2934)->(27,26,47.6112)->(27,25,49.8254)->(28,25,52.0397)->(29,25,53.3575)->(30,25,54.0397)->(31,25,54.6075)->(32,25,55.1254)->(33,25,55.6254)->(34,25,56.1254)->(35,25,56.6254)->(36,25,57.1254)->(37,25,57.6254)->(38,25,58.1254)->(39,25,58.6254)->(40,25,59.1254)->(41,25,59.6254)->(42,25,60.1254)->(43,25,60.6254)->(44,25,61.1254)->(45,25,61.6434)->(46,25,62.2112)->(47,25,62.8934)->(48,25,64.2112)->(49,25,66.4254)->(49,24,68.6397)->(49,23,69.9575)->(49,22,70.6397)->(49,21,71.2075)->(49,20,71.7254)->(49,19,72.2254)->(49,18,72.7254)->(49,17,73.2254)->(49,16,73.7254)->(49,15,74.2254)->(49,14,74.7254)->(49,13,75.2254)->(49,12,75.7254)->(49,11,76.2254)->(49,10,76.7254)->(49,9,77.2254)->(49,8,77.7254)->(49,7,78.2254)->(49,6,78.7254)->(49,5,79.2434)->(49,4,79.8112)->(49,3,80.4934)->(49,2,81.8112)->(49,1,5040.61)->
Agent 54:(54,9,1.3)->(54,10,2.01421)->(54,11,3.33205)->(54,12,4.01421)->(54,13,4.58205)->(54,14,5.1)->(54,15,5.6)->(54,16,6.11795)->(54,17,6.68579)->(54,18,7.36795)->(54,19,8.68579)->(54,20,10.9)->(53,20,13.1142)->(52,20,14.4321)->(51,20,15.1142)->(50,20,15.6821)->(49,20,16.2179)->(48,20,16.7858)->(47,20,17.4679)->(46,20,18.7858)->(45,20,21.1)->(45,21,23.4142)->(45,22,24.7321)->(45,23,25.4641)->(45,24,26.1962)->(45,25,27.514)->(45,26,29.7282)->(44,26,31.9424)->(43,26,33.2603)->(42,26,33.9424)->(41,26,34.5103)->(40,26,35.0282)->(39,26,35.5282)->(38,26,36.0282)->(37,26,36.5282)->(36,26,37.0282)->(35,26,37.5282)->(34,26,38.0282)->(33,26,38.5282)->(32,26,39.0282)->(31,26,39.5282)->(30,26,40.0282)->(29,26,40.5282)->(28,26,41.0282)->(27,26,41.5282)->(26,26,42.0282)->(25,26,42.5282)->(24,26,43.0282)->(23,26,43.5282)->(22,26,44.0282)->(21,26,44.5282)->(20,26,45.0282)->(19,26,45.5282)->(18,26,46.0282)->(17,26,46.5282)->(16,26,47.0282)->(15,26,47.5282)->(14,26,48.0282)->(13,26,48.5462)->(12,26,49.114)->(11,26,49.7962)->(10,26,51.114)->(9,26,53.3282)->(9,27,55.5424)->(9,28,56.8603)->(9,29,57.5424)->(9,30,58.1103)->(9,31,58.6282)->(9,32,59.1282)->(9,33,59.6282)->(9,34,60.1462)->(9,35,60.714)->(9,36,61.3962)->(9,37,62.714)->(9,38,64.9282)->(8,38,67.1424)->(7,38,68.4603)->(6,38,69.152)->(5,38,69.7877)->(4,38,70.4795)->(3,38,71.7973)->(2,38,5035.61)->
Agent 55:(46,7,2.61421)->(46,6,5.61421)->(45,6,8.24264)->(44,6,9.56048)->(43,6,10.2426)->(42,6,10.8105)->(41,6,11.3284)->(40,6,11.8284)->(39,6,12.3284)->(38,6,12.8284)->(37,6,13.3284)->(36,6,13.8284)->(35,6,14.3284)->(34,6,14.8284)->(33,6,15.3284)->(32,6,15.8284)->(31,6,16.3284)->(30,6,16.8284)->(29,6,17.3284)->(28,6,17.8284)->(27,6,18.3284)->(26,6,18.8284)->(25,6,19.3284)->(24,6,19.8284)->(23,6,20.3284)->(22,6,20.8284)->(21,6,21.3284)->(20,6,21.8464)->(19,6,22.4142)->(18,6,23.0964)->(17,6,24.4142)->(16,6,26.6284)->(16,7,28.8426)->(16,8,30.1605)->(16,9,30.8426)->(16,10,31.4105)->(16,11,31.9284)->(16,12,32.4284)->(16,13,32.9284)->(16,14,33.4284)->(16,15,33.9284)->(16,16,34.4284)->(16,17,34.9284)->(16,18,35.4284)->(16,19,35.9284)->(16,20,36.4284)->(16,21,36.9284)->(16,22,37.4464)->(16,23,38.0142)->(16,24,38.6964)->(16,25,40.0142)->(16,26,42.2284)->(15,26,44.4426)->(14,26,45.7605)->(13,26,46.4426)->(12,26,47.0105)->(11,26,47.5284)->(10,26,48.0284)->(9,26,48.5464)->(8,26,49.1142)->(7,26,49.7964)->(6,26,51.1142)->(5,26,53.3284)->(5,27,55.5779)->(5,28,57.5779)->(5,29,60.2416)->(4,29,63.9015)->(4,30,66.5898)->(4,31,67.9077)->(4,32,68.5898)->(4,33,69.1577)->(4,34,69.6756)->(4,35,70.1756)->(4,36,70.6936)->(4,37,71.2614)->(4,38,71.9436)->(4,39,73.2614)->(4,40,5036.34)->
Agent 56:(14,26,1.8)->(15,26,3.01421)->(16,26,4.33205)->(17,26,5.01421)->(18,26,5.58205)->(19,26,6.1)->(20,26,6.6)->(21,26,7.1)->(22,26,7.61795)->(23,26,8.18579)->(24,26,8.86795)->(25,26,10.1858)->(26,26,12.4)->(26,27,14.6142)->(26,28,15.9321)->(26,29,16.6142)->(26,30,17.1821)->(26,31,17.7)->(26,32,18.2)->(26,33,18.7)->(26,34,19.2)->(26,35,19.7)->(26,36,20.2179)->(26,37,20.7858)->(26,38,21.4679)->(26,39,22.7858)->(26,40,28.2769)->(25,40,5015.76)->
Agent 57:(41,56,2.2)->(41,55,3.81421)->(41,54,5.13205)->(41,53,5.81421)->(41,52,6.4)->(41,51,6.98579)->(41,50,7.66795)->(41,49,8.98579)->(41,48,11.2)->(42,48,13.4142)->(43,48,14.7321)->(44,48,15.4641)->(45,48,16.1962)->(46,48,17.514)->(47,48,22.6141)->(47,47,27.7142)->(47,46,29.0321)->(47,45,29.7142)->(47,44,30.2821)->(47,43,30.8)->(47,42,31.3)->(47,41,31.8179)->(47,40,32.3858)->(47,39,33.0679)->(47,38,34.3858)->(47,37,36.6)->(48,37,38.8142)->(49,37,40.1321)->(50,37,40.8142)->(51,37,41.3821)->(52,37,41.9179)->(53,37,42.4858)->(54,37,43.1679)->(55,37,44.4858)->(56,37,5021.95)->
Agent 58:(44,24,1.3)->(44,25,2.01421)->(44,26,3.33205)->(44,27,4.01421)->(44,28,4.58205)->(44,29,5.1)->(44,30,5.6)->(44,31,6.1)->(44,32,6.6)->(44,33,7.11795)->(44,34,7.68579)->(44,35,8.36795)->(44,36,9.68579)->(44,37,11.9)->(43,37,14.7)->(42,37,17.5)->(42,38,19.7142)->(42,39,21.0321)->(42,40,21.7142)->(42,41,22.2821)->(42,42,22.8)->(42,43,23.3)->(42,44,23.8)->(42,45,24.3)->(42,46,24.8)->(42,47,25.3)->(42,48,25.8)->(42,49,26.3)->(42,50,26.8)->(42,51,27.3)->(42,52,27.8)->(42,53,28.3179)->(42,54,28.8858)->(42,55,29.5679)->(42,56,30.8858)->(42,57,33.1)->(41,57,35.3142)->(40,57,36.6321)->(39,57,37.3142)->(38,57,37.8821)->(37,57,38.4)->(36,57,38.9)->(35,57,39.4)->(34,57,39.9)->(33,57,40.4)->(32,57,40.9)->(31,57,41.4)->(30,57,41.9179)->(29,57,42.4858)->(28,57,43.1679)->(27,57,44.4858)->(26,57,5021.95)->
Agent 59:(25,26,2.2)->(25,25,3.81421)->(25,24,5.13205)->(25,23,5.8641)->(25,22,6.59615)->(25,21,7.91399)->(25,20,10.1282)->(26,20,12.9282)->(27,20,5006.46)->
Agent 60:(44,52,1.8)->(43,52,3.01421)->(42,52,4.33205)->(41,52,5.01421)->(40,52,5.58205)->(39,52,6.1)->(38,52,6.61795)->(37,52,7.18579)->(36,52,7.86795)->(35,52,9.18579)->(34,52,11.4)->(34,51,13.6142)->(34,50,14.9321)->(34,49,15.6142)->(34,48,16.1821)->(34,47,16.7)->(34,46,17.2179)->(34,45,17.7858)->(34,44,18.4679)->(34,43,19.7858)->(34,42,22)->(33,42,24.2142)->(32,42,25.5321)->(31,42,26.2142)->(30,42,26.7821)->(29,42,27.3)->(28,42,27.8)->(27,42,28.3)->(26,42,28.8)->(25,42,29.3)->(24,42,29.8)->(23,42,30.3)->(22,42,30.8)->(21,42,31.3)->(20,42,31.8179)->(19,42,32.3858)->(18,42,33.0679)->(17,42,34.3858)->(16,42,36.9141)->(16,41,39.4424)->(16,40,40.7603)->(16,39,41.4424)->(16,38,42.0103)->(16,37,42.5282)->(16,36,43.0282)->(16,35,43.5282)->(16,34,44.0282)->(16,33,44.5282)->(16,32,45.0282)->(16,31,45.5282)->(16,30,46.0282)->(16,29,46.5282)->(16,28,47.0282)->(16,27,47.5282)->(16,26,48.0282)->(16,25,48.5282)->(16,24,49.0282)->(16,23,49.5282)->(16,22,50.0282)->(16,21,50.5282)->(16,20,51.0282)->(16,19,51.5282)->(16,18,52.0462)->(16,17,52.614)->(16,16,53.2962)->(16,15,54.614)->(16,14,56.8282)->(15,14,59.0424)->(14,14,60.3763)->(13,14,61.2047)->(12,14,62.5385)->(11,14,5030.98)->
Agent 61:(60,58,2.2)->(60,57,3.81421)->(60,56,5.14806)->(60,55,5.97649)->(60,54,7.31034)->(60,53,11.8765)->(59,53,17.4142)->(59,52,20.0426)->(59,51,21.3605)->(59,50,22.0426)->(59,49,22.6105)->(59,48,23.1284)->(59,47,23.6284)->(59,46,24.1284)->(59,45,24.6284)->(59,44,25.1284)->(59,43,25.6464)->(59,42,26.2142)->(59,41,26.8964)->(59,40,28.2142)->(59,39,30.4284)->(58,39,32.6426)->(57,39,34.0569)->(56,39,35.4711)->(55,39,5017.44)->
Agent 62:(38,38,2.21421)->(37,38,4.81421)->(37,37,7.44264)->(37,36,8.76048)->(37,35,9.44264)->(37,34,10.0105)->(37,33,10.5284)->(37,32,11.0284)->(37,31,11.5284)->(37,30,12.0464)->(37,29,12.6142)->(37,28,13.2964)->(37,27,14.6142)->(37,26,16.8284)->(38,26,19.0426)->(39,26,20.3605)->(40,26,21.0426)->(41,26,21.6105)->(42,26,22.1284)->(43,26,22.6284)->(44,26,23.1284)->(45,26,23.6284)->(46,26,24.1284)->(47,26,24.6464)->(48,26,25.2142)->(49,26,25.8964)->(50,26,27.2142)->(51,26,29.4284)->(51,25,31.6426)->(51,24,32.9605)->(51,23,33.6426)->(51,22,34.2105)->(51,21,34.7284)->(51,20,35.2284)->(51,19,35.7284)->(51,18,36.2284)->(51,17,36.7284)->(51,16,37.2464)->(51,15,37.8142)->(51,14,38.4964)->(51,13,39.8142)->(51,12,42.0284)->(52,12,44.2426)->(53,12,45.5605)->(54,12,46.2426)->(55,12,46.8284)->(56,12,47.4142)->(57,12,48.0964)->(58,12,49.4142)->(59,12,5024.41)->
Agent 63:(37,45,1.8)->(36,45,3.01421)->(35,45,4.33205)->(34,45,5.01421)->(33,45,5.58205)->(32,45,6.1)->(31,45,6.6)->(30,45,7.1)->(29,45,7.61795)->(28,45,8.18579)->(27,45,8.86795)->(26,45,10.1858)->(25,45,12.4)->(25,44,14.6142)->(25,43,15.9321)->(25,42,16.6142)->(25,41,17.1821)->(25,40,17.7)->(25,39,18.2)->(25,38,18.7)->(25,37,19.2179)->(25,36,19.7858)->(25,35,20.4679)->(25,34,21.7858)->(25,33,24)->(24,33,26.2495)->(23,33,28.2495)->(22,33,30.499)->(22,32,32.7132)->(22,31,34.031)->(22,30,34.7132)->(22,29,35.299)->(22,28,35.8848)->(22,27,36.5669)->(22,26,37.8848)->(22,25,40.5132)->(23,25,5020.45)->
Agent 64:(43,50,1.8)->(42,50,3.01421)->(41,50,4.33205)->(40,50,5.01421)->(39,50,5.58205)->(38,50,6.1)->(37,50,6.6)->(36,50,7.1)->(35,50,7.6)->(34,50,8.1)->(33,50,8.6)->(32,50,9.1)->(31,50,9.6)->(30,50,10.1)->(29,50,10.6)->(28,50,11.1)->(27,50,11.6)->(26,50,12.1)->(25,50,12.6)->(24,50,13.1)->(23,50,13.6179)->(22,50,14.1858)->(21,50,14.8679)->(20,50,16.1858)->(19,50,18.4)->(19,49,20.6142)->(19,48,21.9321)->(19,47,22.6142)->(19,46,23.1821)->(19,45,23.7)->(19,44,24.2)->(19,43,24.7)->(19,42,25.2)->(19,41,25.7)->(19,40,26.2)->(19,39,26.7)->(19,38,27.2)->(19,37,27.7)->(19,36,28.2)->(19,35,28.7)->(19,34,29.2)->(19,33,29.7)->(19,32,30.2)->(19,31,30.7)->(19,30,31.2)->(19,29,31.7179)->(19,28,32.2858)->(19,27,32.9679)->(19,26,34.2858)->(19,25,37.1147)->(18,25,39.9789)->(17,25,41.9789)->(16,25,44.2284)->(16,24,46.4426)->(16,23,47.7605)->(16,22,48.4426)->(16,21,49.0105)->(16,20,49.5284)->(16,19,50.0284)->(16,18,50.5284)->(16,17,51.0284)->(16,16,51.5284)->(16,15,52.0284)->(16,14,52.5284)->(16,13,53.0284)->(16,12,53.5284)->(16,11,54.0284)->(16,10,54.5284)->(16,9,55.0284)->(16,8,55.5464)->(16,7,56.1142)->(16,6,56.7964)->(16,5,58.1142)->(16,4,60.7426)->(17,4,5030.56)->
Agent 65:(37,36,2.2)->(37,35,3.81421)->(37,34,5.13205)->(37,33,5.81421)->(37,32,6.38205)->(37,31,6.9)->(37,30,7.4)->(37,29,7.9)->(37,28,8.4)->(37,27,8.9)->(37,26,9.4)->(37,25,9.91795)->(37,24,10.4858)->(37,23,11.1679)->(37,22,12.4858)->(37,21,14.7)->(38,21,16.9142)->(39,21,18.2321)->(40,21,18.9142)->(41,21,19.4821)->(42,21,20)->(43,21,20.5)->(44,21,21)->(45,21,21.5)->(46,21,22.0179)->(47,21,22.5858)->(48,21,23.2679)->(49,21,24.5858)->(50,21,27.2142)->(50,20,33.0784)->(51,20,5017.86)->
Agent 66:(19,35,1.8)->(18,35,3.6)->(17,35,6.4)->(17,34,8.61421)->(17,33,9.93205)->(17,32,10.6142)->(17,31,11.1821)->(17,30,11.7)->(17,29,12.2)->(17,28,12.7)->(17,27,13.2)->(17,26,13.7)->(17,25,14.2)->(17,24,14.7)->(17,23,15.2)->(17,22,15.7)->(17,21,16.2)->(17,20,16.7179)->(17,19,17.2858)->(17,18,17.9679)->(17,17,19.2858)->(17,16,21.5)->(18,16,23.7142)->(19,16,25.0321)->(20,16,25.7142)->(21,16,26.3)->(22,16,26.8858)->(23,16,27.5679)->(24,16,28.8858)->(25,16,31.1)->(25,15,33.3142)->(25,14,34.6321)->(25,13,35.3238)->(25,12,35.9595)->(25,11,36.6513)->(25,10,37.9691)->(25,9,5018.69)->
Agent 67:(30,8,1.3)->(30,9,2.01421)->(30,10,3.42843)->(30,11,4.84264)->(30,12,7.78697)->(31,12,10.7313)->(32,12,12.0491)->(33,12,12.7313)->(34,12,13.2991)->(35,12,13.835)->(36,12,14.4029)->(37,12,15.085)->(38,12,16.4029)->(39,12,19.4228)->(39,13,23.4142)->(40,13,26.0426)->(41,13,27.4569)->(42,13,28.8711)->(43,13,31.4995)->(43,12,37.4711)->(43,13,5020.11)->
Agent 68:(3,9,1.3)->(3,10,2.6)->(3,11,5.56421)->(4,11,7.94264)->(5,11,9.26048)->(6,11,9.94264)->(7,11,10.5105)->(8,11,11.0284)->(9,11,11.5284)->(10,11,12.0284)->(11,11,12.5284)->(12,11,13.0284)->(13,11,13.5284)->(14,11,14.0284)->(15,11,14.5284)->(16,11,15.0284)->(17,11,15.5284)->(18,11,16.0464)->(19,11,16.6142)->(20,11,17.2964)->(21,11,18.6142)->(22,11,20.8284)->(22,12,23.6284)->(22,13,26.4284)->(23,13,28.6426)->(24,13,29.9605)->(25,13,30.6426)->(26,13,31.2105)->(27,13,31.7284)->(28,13,32.2284)->(29,13,32.7284)->(30,13,33.2284)->(31,13,33.7284)->(32,13,34.2284)->(33,13,34.7284)->(34,13,35.2284)->(35,13,35.7284)->(36,13,36.2284)->(37,13,36.7284)->(38,13,37.2284)->(39,13,37.7284)->(40,13,38.2284)->(41,13,38.7284)->(42,13,39.2284)->(43,13,39.7284)->(44,13,40.2284)->(45,13,40.7284)->(46,13,41.2284)->(47,13,41.7284)->(48,13,42.2284)->(49,13,42.7284)->(50,13,43.2284)->(51,13,43.7464)->(52,13,44.3142)->(53,13,44.9964)->(54,13,46.3142)->(55,13,48.5284)->(55,12,50.7426)->(55,11,52.1569)->(55,10,53.5711)->(55,9,56.1995)->(56,9,5028.29)->
Agent 69:(41,11,1.8)->(40,11,3.01421)->(39,11,4.33205)->(38,11,5.01421)->(37,11,5.58205)->(36,11,6.1)->(35,11,6.6)->(34,11,7.11795)->(33,11,7.68579)->(32,11,8.36795)->(31,11,9.68579)->(30,11,12.3142)->(30,12,17.4142)->(29,12,21.5426)->(28,12,22.8605)->(27,12,23.5426)->(26,12,24.1105)->(25,12,24.6284)->(24,12,25.1284)->(23,12,25.6284)->(22,12,26.1284)->(21,12,26.6284)->(20,12,27.1284)->(19,12,27.6284)->(18,12,28.1284)->(17,12,28.6284)->(16,12,29.1284)->(15,12,29.6284)->(14,12,30.1284)->(13,12,30.6284)->(12,12,31.1464)->(11,12,31.7142)->(10,12,32.3964)->(9,12,33.7142)->(8,12,35.9284)->(8,13,38.1426)->(8,14,39.5569)->(8,15,40.9711)->(8,16,5020.19)->
