Agent 0:(9,17,1.8)->(10,17,3.04949)->(11,17,5.04949)->(12,17,7.29898)->(12,16,9.51319)->(12,15,10.831)->(12,14,11.5228)->(12,13,12.1585)->(12,12,12.8502)->(12,11,14.1681)->(12,10,17.1965)->(12,11,23.9411)->(13,11,29.3142)->(14,11,30.6321)->(15,11,31.3142)->(16,11,31.8821)->(17,11,32.4)->(18,11,32.9)->(19,11,33.4)->(20,11,33.9)->(21,11,34.4)->(22,11,34.9)->(23,11,35.4)->(24,11,35.9)->(25,11,36.4179)->(26,11,36.9858)->(27,11,37.6679)->(28,11,38.9858)->(29,11,5019.2)->
Agent 1:(18,4,1.8)->(19,4,3.01421)->(20,4,4.33205)->(21,4,5.0641)->(22,4,5.79615)->(23,4,7.11399)->(24,4,9.3282)->(24,5,11.5424)->(24,6,12.8603)->(24,7,13.5424)->(24,8,14.1103)->(24,9,14.6282)->(24,10,15.1282)->(24,11,15.6282)->(24,12,16.1282)->(24,13,16.6282)->(24,14,17.1282)->(24,15,17.6282)->(24,16,18.1282)->(24,17,18.6282)->(24,18,19.1282)->(24,19,19.6282)->(24,20,20.1462)->(24,21,20.714)->(24,22,21.3962)->(24,23,22.714)->(24,24,24.9282)->(23,24,27.1777)->(22,24,29.1777)->(21,24,31.8414)->(21,25,5016.11)->
Agent 2:(9,20,3.88579)->(10,20,7.18579)->(11,20,8.50362)->(12,20,9.18579)->(13,20,9.75362)->(14,20,10.2716)->(15,20,10.7716)->(16,20,11.2716)->(17,20,11.7716)->(18,20,12.2716)->(19,20,12.7716)->(20,20,13.2716)->(21,20,13.7895)->(22,20,14.3574)->(23,20,15.0395)->(24,20,16.3574)->(25,20,18.8859)->(25,19,21.4144)->(25,18,22.7322)->(25,17,23.4144)->(25,16,23.9822)->(25,15,24.5002)->(25,14,25.0002)->(25,13,25.5002)->(25,12,26.0002)->(25,11,26.5002)->(25,10,27.0002)->(25,9,27.5002)->(25,8,28.0002)->(25,7,28.5002)->(25,6,29.0002)->(25,5,29.5181)->(25,4,30.086)->(25,3,30.7681)->(25,2,32.086)->(25,1,34.7144)->(26,1,5017.55)->
Agent 3:(28,21,2.21421)->(29,21,4.81421)->(29,20,7.47792)->(29,19,9.47792)->(29,18,12.1416)->(28,18,15.7416)->(28,17,18.37)->(28,16,19.6879)->(28,15,20.37)->(28,14,20.9379)->(28,13,21.4558)->(28,12,21.9738)->(28,11,22.5416)->(28,10,23.2238)->(28,9,24.5416)->(28,8,28.5779)->(27,8,32.6142)->(26,8,33.9321)->(25,8,34.6142)->(24,8,35.1821)->(23,8,35.7)->(22,8,36.2)->(21,8,36.7)->(20,8,37.2)->(19,8,37.7)->(18,8,38.2)->(17,8,38.7)->(16,8,39.2)->(15,8,39.7)->(14,8,40.2)->(13,8,40.7179)->(12,8,41.2858)->(11,8,41.9679)->(10,8,43.2858)->(9,8,45.9142)->(9,9,49.5142)->(8,9,52.1779)->(7,9,54.1779)->(6,9,5026.81)->
Agent 4:(7,17,2.2)->(7,16,3.84949)->(7,15,5.84949)->(7,14,8.09898)->(6,14,10.899)->(5,14,13.699)->(5,13,15.9132)->(5,12,17.231)->(5,11,17.9132)->(5,10,18.481)->(5,9,19.0169)->(5,8,19.5848)->(5,7,20.2669)->(5,6,21.5848)->(5,5,24.2132)->(6,5,29.9279)->(5,5,5016.21)->
Agent 5:(29,27,1.71421)->(29,28,3.81421)->(28,28,7.02843)->(27,28,11.8963)->(27,27,16.1783)->(27,26,17.4962)->(27,25,18.1783)->(27,24,18.7462)->(27,23,19.2641)->(27,22,19.7641)->(27,21,20.2641)->(27,20,20.7641)->(27,19,21.2641)->(27,18,21.7641)->(27,17,22.2641)->(27,16,22.7641)->(27,15,23.2641)->(27,14,23.7641)->(27,13,24.2641)->(27,12,24.7641)->(27,11,25.2641)->(27,10,25.7641)->(27,9,26.2821)->(27,8,26.8499)->(27,7,27.5321)->(27,6,28.8499)->(27,5,31.0641)->(28,5,33.2783)->(29,5,34.6925)->(30,5,36.1067)->(31,5,38.321)->(31,6,41.121)->(31,7,5020.56)->
Agent 6:(30,22,1.3)->(30,23,2.6)->(30,24,5.92841)->(30,23,8.67104)->(30,22,9.98888)->(30,21,10.671)->(30,20,11.2389)->(30,19,11.7568)->(30,18,12.2748)->(30,17,12.8426)->(30,16,13.5248)->(30,15,14.8426)->(30,14,18.8785)->(29,14,22.9144)->(28,14,24.2322)->(27,14,24.9144)->(26,14,25.4822)->(25,14,26.0002)->(24,14,26.5181)->(23,14,27.086)->(22,14,27.7681)->(21,14,29.086)->(20,14,31.5638)->(20,15,34.6274)->(20,16,5017.31)->
Agent 7:(7,19,2.4142)->(6,19,4.27789)->(5,19,6.27789)->(4,19,9.86369)->(5,19,13.4142)->(6,19,14.7321)->(7,19,15.4142)->(8,19,15.9821)->(9,19,16.5)->(10,19,17)->(11,19,17.5)->(12,19,18.0179)->(13,19,18.5858)->(14,19,19.2679)->(15,19,20.5858)->(16,19,22.8)->(16,20,25.6)->(16,21,29.6964)->(17,21,33.207)->(18,21,34.5248)->(19,21,35.207)->(20,21,35.7748)->(21,21,36.2928)->(22,21,36.7928)->(23,21,37.2928)->(24,21,37.7928)->(25,21,38.3107)->(26,21,38.8785)->(27,21,39.5607)->(28,21,40.8785)->(29,21,43.507)->(29,22,47.107)->(30,22,50.3212)->(31,22,5025.16)->
Agent 8:(8,12,1.3)->(8,13,2.01421)->(8,14,3.42843)->(8,15,4.84264)->(8,16,7.05685)->(9,16,9.27107)->(10,16,10.6049)->(11,16,11.4333)->(12,16,12.7672)->(13,16,15.3623)->(13,17,17.9574)->(13,18,19.3716)->(13,19,20.7858)->(13,20,23.4858)->(14,20,26.1858)->(15,20,27.5196)->(16,20,28.3481)->(17,20,29.6819)->(18,20,5014.55)->
Agent 9:(22,16,1.8)->(21,16,3.04949)->(20,16,5.04949)->(19,16,7.71319)->(19,15,15.3495)->(18,15,23.5358)->(18,14,27.3)->(18,13,34.3048)->(17,13,40.7238)->(16,13,42.0417)->(15,13,42.7334)->(14,13,43.3691)->(13,13,44.0609)->(12,13,45.3787)->(11,13,5022.4)->
Agent 10:(2,9,3.55011)->(3,9,6.51444)->(4,9,7.83227)->(5,9,8.56433)->(6,9,9.29638)->(7,9,10.6142)->(8,9,16.1605)->(8,10,21.7067)->(8,11,23.0246)->(8,12,23.7067)->(8,13,24.2746)->(8,14,24.7925)->(8,15,25.3105)->(8,16,25.8783)->(8,17,26.5605)->(8,18,27.8783)->(8,19,5013.65)->
Agent 11:(9,22,3.88579)->(9,21,7.22106)->(9,20,9.22106)->(9,19,11.4706)->(10,19,13.6848)->(11,19,15.0026)->(12,19,15.6848)->(13,19,16.2526)->(14,19,16.7706)->(15,19,17.2706)->(16,19,17.7885)->(17,19,18.3563)->(18,19,19.0385)->(19,19,20.3563)->(20,19,22.5706)->(20,18,24.7848)->(20,17,26.199)->(20,16,27.6132)->(20,15,29.8274)->(21,15,32.0416)->(22,15,33.3595)->(23,15,34.0416)->(24,15,34.6274)->(25,15,35.2132)->(26,15,35.8954)->(27,15,37.2132)->(28,15,5018.31)->
Agent 12:(1,7,4.33205)->(1,8,8.07832)->(1,9,9.39615)->(1,10,10.0783)->(1,11,10.6462)->(1,12,11.1641)->(1,13,11.6641)->(1,14,12.1641)->(1,15,12.6641)->(1,16,13.1641)->(1,17,13.6641)->(1,18,14.1641)->(1,19,14.6641)->(1,20,15.1821)->(1,21,15.7499)->(1,22,16.4321)->(1,23,17.7499)->(1,24,19.9641)->(2,24,22.7641)->(3,24,5011.38)->
Agent 13:(13,21,3.2)->(13,20,5.81421)->(13,19,7.13205)->(13,18,7.81421)->(13,17,8.38205)->(13,16,8.9)->(13,15,9.4)->(13,14,9.9)->(13,13,10.4)->(13,12,10.9)->(13,11,11.4)->(13,10,11.9)->(13,9,12.4179)->(13,8,12.9858)->(13,7,13.6679)->(13,6,14.9858)->(13,5,18.25)->(12,5,22.1)->(11,5,24.9)->(11,4,27.7)->(11,3,5013.85)->
Agent 14:(7,11,8.65)->(7,10,16.7142)->(7,9,18.0321)->(7,8,18.7238)->(7,7,19.3595)->(7,6,20.0513)->(7,5,21.3691)->(7,4,23.5833)->(8,4,26.3833)->(9,4,5013.19)->
Agent 15:(22,15,2.94166)->(22,14,5.29753)->(22,13,6.61537)->(22,12,7.29753)->(22,11,7.88331)->(22,10,8.4691)->(22,9,9.15126)->(22,8,10.4691)->(22,7,12.6833)->(21,7,14.9328)->(20,7,16.9328)->(19,7,19.5965)->(19,6,24.0554)->(19,7,5012.65)->
Agent 16:(12,20,1.3)->(12,21,2.6)->(12,22,5.4)->(11,22,7.61421)->(10,22,8.94806)->(9,22,9.77649)->(8,22,11.1103)->(7,22,14.7765)->(7,21,23.0142)->(8,21,29.2779)->(9,21,31.2779)->(10,21,5015.36)->
Agent 17:(15,6,2.21421)->(14,6,11.2326)->(14,7,20.3146)->(14,8,22.3146)->(14,9,5010.88)->
Agent 18:(11,31,3.3)->(11,30,6.01421)->(11,29,7.33205)->(11,28,8.01421)->(11,27,8.58205)->(11,26,9.1)->(11,25,9.6)->(11,24,10.1)->(11,23,10.6)->(11,22,11.1)->(11,21,11.6)->(11,20,12.1)->(11,19,12.6)->(11,18,13.1)->(11,17,13.6)->(11,16,14.1)->(11,15,14.6)->(11,14,15.1)->(11,13,15.6)->(11,12,16.1)->(11,11,16.6)->(11,10,17.1)->(11,9,17.6)->(11,8,18.1179)->(11,7,18.6858)->(11,6,19.3679)->(11,5,20.6858)->(11,4,22.9)->(12,4,25.1142)->(13,4,26.4321)->(14,4,27.1142)->(15,4,27.6821)->(16,4,28.2)->(17,4,28.7)->(18,4,29.2179)->(19,4,29.7858)->(20,4,30.4679)->(21,4,31.7858)->(22,4,5015.6)->
Agent 19:(9,8,1.8)->(10,8,3.01421)->(11,8,4.33205)->(12,8,5.01421)->(13,8,5.58205)->(14,8,6.11795)->(15,8,6.68579)->(16,8,7.36795)->(17,8,8.68579)->(18,8,10.9358)->(18,9,13.1858)->(18,10,14.5036)->(18,11,15.1858)->(18,12,15.7716)->(18,13,16.3574)->(18,14,17.0395)->(18,15,18.3574)->(18,16,24.3143)->(19,16,30.2713)->(20,16,31.5891)->(21,16,32.2713)->(22,16,32.8391)->(23,16,33.3571)->(24,16,33.8571)->(25,16,34.3571)->(26,16,34.875)->(27,16,35.4428)->(28,16,36.125)->(29,16,37.4428)->(30,16,40.0713)->(30,17,5020.23)->
Agent 20:(7,18,3.2)->(7,17,5.84949)->(7,16,7.84949)->(7,15,10.099)->(6,15,12.899)->(5,15,15.699)->(5,14,17.9132)->(5,13,19.231)->(5,12,19.9631)->(5,11,20.6951)->(5,10,22.013)->(5,9,24.2272)->(6,9,26.4414)->(7,9,27.7592)->(8,9,28.4913)->(9,9,29.2233)->(10,9,30.5412)->(11,9,34.5599)->(10,9,41.9322)->(10,8,5022.35)->
Agent 21:(26,21,3.49999)->(26,20,6.41419)->(26,19,7.73202)->(26,18,8.41419)->(26,17,8.98202)->(26,16,9.49997)->(26,15,9.99997)->(26,14,10.5179)->(26,13,11.0858)->(26,12,11.7679)->(26,11,13.0858)->(26,10,15.3)->(25,10,17.5142)->(24,10,18.832)->(23,10,19.5142)->(22,10,20.082)->(21,10,20.6)->(20,10,21.1)->(19,10,21.6)->(18,10,22.1179)->(17,10,22.6858)->(16,10,23.3679)->(15,10,24.6858)->(14,10,5012.05)->
Agent 22:(5,13,1.8)->(6,13,3.01421)->(7,13,4.33205)->(8,13,5.01421)->(9,13,5.58205)->(10,13,6.1)->(11,13,6.6)->(12,13,7.1)->(13,13,7.6)->(14,13,8.1)->(15,13,8.61795)->(16,13,9.18579)->(17,13,9.86795)->(18,13,11.1858)->(19,13,16.7585)->(19,14,22.3313)->(19,15,23.6491)->(19,16,24.3313)->(19,17,24.8991)->(19,18,25.4171)->(19,19,25.9171)->(19,20,26.4171)->(19,21,26.9171)->(19,22,27.4171)->(19,23,27.9171)->(19,24,28.4171)->(19,25,28.9171)->(19,26,29.4171)->(19,27,29.935)->(19,28,30.5029)->(19,29,31.185)->(19,30,32.5029)->(19,31,35.1313)->(20,31,5017.76)->
Agent 23:(25,1,1.8)->(24,1,3.01421)->(23,1,4.33205)->(22,1,5.01421)->(21,1,5.58205)->(20,1,6.1)->(19,1,6.61795)->(18,1,7.18579)->(17,1,7.86795)->(16,1,9.18579)->(15,1,12.0321)->(15,2,14.8783)->(15,3,16.1962)->(15,4,16.8783)->(15,5,17.4462)->(15,6,17.9641)->(15,7,18.4821)->(15,8,19.0499)->(15,9,19.7321)->(15,10,21.0499)->(15,11,24.6963)->(15,10,30.4142)->(15,11,5015.95)->
Agent 24:(31,26,2.61421)->(31,25,5.61421)->(30,25,8.24264)->(29,25,9.57649)->(28,25,10.4049)->(27,25,11.7388)->(26,25,13.953)->(26,24,16.1672)->(26,23,17.485)->(26,22,18.1768)->(26,21,18.8125)->(26,20,19.5042)->(26,19,20.8221)->(26,18,23.0363)->(25,18,25.2505)->(24,18,26.5683)->(23,18,27.2505)->(22,18,27.8183)->(21,18,28.3363)->(20,18,28.8363)->(19,18,29.3363)->(18,18,29.8363)->(17,18,30.3542)->(16,18,30.9221)->(15,18,31.6042)->(14,18,32.9221)->(13,18,35.1363)->(13,17,37.9363)->(13,16,40.7363)->(12,16,42.9858)->(11,16,44.9858)->(10,16,47.6495)->(10,17,5024.02)->
Agent 25:(6,19,1.3)->(6,20,2.01421)->(6,21,3.34806)->(6,22,4.17649)->(6,23,5.51034)->(6,24,7.72456)->(5,24,10.5246)->(4,24,13.7388)->(4,25,17.753)->(3,25,5009.28)->
Agent 26:(8,10,1.71421)->(8,11,4.22843)->(9,11,8.24264)->(9,10,10.8711)->(9,9,12.1889)->(9,8,12.8711)->(9,7,13.4389)->(9,6,13.9569)->(9,5,14.4569)->(9,4,14.9748)->(9,3,15.5426)->(9,2,16.2248)->(9,1,17.5426)->(9,0,25.4206)->(9,1,33.3338)->(9,2,35.3338)->(9,3,5017.39)->
Agent 27:(0,20,1.3)->(0,21,2.01421)->(0,22,3.33205)->(0,23,4.01421)->(0,24,4.58205)->(0,25,5.11795)->(0,26,5.68579)->(0,27,6.36795)->(0,28,7.68579)->(0,29,11.25)->(1,29,14.8142)->(2,29,16.1321)->(3,29,16.8142)->(4,29,17.3821)->(5,29,17.9)->(6,29,18.4)->(7,29,18.9179)->(8,29,19.4858)->(9,29,20.1679)->(10,29,21.4858)->(11,29,24.1142)->(11,30,5012.25)->
Agent 28:(5,6,2.2)->(5,5,3.81421)->(5,4,5.14806)->(5,3,5.97649)->(5,2,7.31034)->(5,1,18.7443)->(5,2,30.7641)->(5,3,5015.38)->
Agent 29:(6,8,1.8)->(7,8,3.6)->(8,8,6.4)->(8,9,8.61421)->(8,10,9.94806)->(8,11,10.7765)->(8,12,12.1103)->(8,13,15.3623)->(7,13,19.2)->(6,13,26.75)->(6,14,5015.74)->
Agent 30:(0,12,2.2)->(0,11,3.81421)->(0,10,5.13205)->(0,9,5.81421)->(0,8,6.38205)->(0,7,6.9)->(0,6,7.4)->(0,5,7.91795)->(0,4,8.48579)->(0,3,9.16795)->(0,2,10.4858)->(0,1,21.4963)->(1,1,32.5067)->(2,1,33.8246)->(3,1,34.5067)->(4,1,35.0746)->(5,1,35.5925)->(6,1,36.0925)->(7,1,36.5925)->(8,1,37.0925)->(9,1,37.6105)->(10,1,38.1783)->(11,1,38.8605)->(12,1,40.1783)->(13,1,5019.8)->
Agent 31:(19,31,3.13772)->(19,30,5.68966)->(19,29,7.02351)->(19,28,7.85194)->(19,27,9.18579)->(19,26,11.4005)->(18,26,13.6505)->(17,26,15.6505)->(16,26,23.8879)->(16,25,32.0901)->(16,24,33.4079)->(16,23,34.0901)->(16,22,34.6579)->(16,21,35.1758)->(16,20,35.6758)->(16,19,36.1758)->(16,18,36.6758)->(16,17,37.1758)->(16,16,37.6758)->(16,15,38.1758)->(16,14,38.6758)->(16,13,39.1758)->(16,12,39.6758)->(16,11,40.1938)->(16,10,40.7616)->(16,9,41.4438)->(16,8,42.7616)->(16,7,44.9758)->(15,7,47.1901)->(14,7,48.5079)->(13,7,49.1901)->(12,7,49.7579)->(11,7,50.2938)->(10,7,50.8616)->(9,7,51.5438)->(8,7,52.8616)->(7,7,5026.14)->
Agent 32:(29,31,5.65)->(29,30,10.7142)->(29,29,12.0321)->(29,28,12.7142)->(29,27,13.2821)->(29,26,13.8)->(29,25,14.3)->(29,24,14.8)->(29,23,15.3)->(29,22,15.8)->(29,21,16.3)->(29,20,16.8)->(29,19,17.3)->(29,18,17.8)->(29,17,18.3)->(29,16,18.8)->(29,15,19.3)->(29,14,19.8)->(29,13,20.3)->(29,12,20.8)->(29,11,21.3)->(29,10,21.8)->(29,9,22.3)->(29,8,22.8)->(29,7,23.3179)->(29,6,23.8858)->(29,5,24.5679)->(29,4,25.8858)->(29,3,28.1)->(28,3,30.3142)->(27,3,31.6321)->(26,3,32.3142)->(25,3,32.8821)->(24,3,33.4)->(23,3,33.9)->(22,3,34.4)->(21,3,34.9179)->(20,3,35.4858)->(19,3,36.1679)->(18,3,37.4858)->(17,3,40.1142)->(17,2,45.8426)->(18,2,5024.18)->
Agent 33:(10,1,1.8)->(10,2,3.01421)->(10,3,4.33205)->(10,4,5.01421)->(10,5,5.58205)->(10,6,6.1)->(10,7,6.6)->(10,8,7.1)->(10,9,7.61795)->(10,10,8.18579)->(10,11,8.86795)->(10,12,10.1858)->(10,13,14.8821)->(11,13,19.5783)->(12,13,20.8962)->(13,13,21.5783)->(14,13,22.1462)->(15,13,22.6641)->(16,13,23.1641)->(17,13,23.6641)->(18,13,24.1641)->(19,13,24.6641)->(20,13,25.1641)->(21,13,25.6641)->(22,13,26.1641)->(23,13,26.6641)->(24,13,27.1641)->(25,13,27.6821)->(26,13,28.2499)->(27,13,28.9321)->(28,13,30.2499)->(29,13,32.4641)->(29,14,35.2641)->(29,15,5017.63)->
Agent 34:(22,27,1.8)->(23,27,3.01421)->(24,27,4.34806)->(25,27,5.17649)->(26,27,6.51034)->(27,27,10.3443)->(27,26,14.1783)->(27,25,15.4962)->(27,24,16.1783)->(27,23,16.7462)->(27,22,17.2641)->(27,21,17.7641)->(27,20,18.2641)->(27,19,18.7641)->(27,18,19.2641)->(27,17,19.7641)->(27,16,20.2641)->(27,15,20.7641)->(27,14,21.2641)->(27,13,21.7641)->(27,12,22.2641)->(27,11,22.7641)->(27,10,23.2641)->(27,9,23.7641)->(27,8,24.2641)->(27,7,24.7641)->(27,6,25.2641)->(27,5,25.7641)->(27,4,26.2821)->(27,3,26.8499)->(27,2,27.5321)->(27,1,28.8499)->(27,0,31.0641)->(28,0,33.2783)->(29,0,34.6925)->(30,0,36.1067)->(31,0,5017.76)->
Agent 35:(25,5,1.8)->(24,5,3.6)->(23,5,7.58205)->(23,6,10.9783)->(23,7,12.2962)->(23,8,12.9783)->(23,9,13.5462)->(23,10,14.0641)->(23,11,14.5641)->(23,12,15.0641)->(23,13,15.5641)->(23,14,16.0641)->(23,15,16.5821)->(23,16,17.1499)->(23,17,17.8321)->(23,18,19.1499)->(23,19,5009.28)->
Agent 36:(22,13,2.2)->(22,12,3.81421)->(22,11,5.13205)->(22,10,5.82382)->(22,9,6.45949)->(22,8,7.15126)->(22,7,8.4691)->(22,6,12.6242)->(21,6,16.7793)->(20,6,18.0972)->(19,6,18.7793)->(18,6,19.3472)->(17,6,19.8651)->(16,6,20.3651)->(15,6,20.8651)->(14,6,21.3651)->(13,6,21.8651)->(12,6,22.3831)->(11,6,22.9509)->(10,6,23.6331)->(9,6,24.9509)->(8,6,28.2326)->(8,7,32.1)->(8,8,5016.05)->
Agent 37:(12,25,1.8)->(13,25,3.01421)->(14,25,4.33205)->(15,25,5.01421)->(16,25,5.58205)->(17,25,6.1)->(18,25,6.61795)->(19,25,7.18579)->(20,25,7.86795)->(21,25,9.18579)->(22,25,11.4)->(22,24,13.6142)->(22,23,14.9321)->(22,22,15.6641)->(22,21,16.3962)->(22,20,17.714)->(22,19,25.261)->(22,20,32.8433)->(22,21,34.8433)->(22,22,5017.15)->
Agent 38:(21,8,1.3)->(21,9,2.04949)->(21,10,4.04949)->(21,11,8.04949)->(20,11,12.0142)->(19,11,13.3321)->(18,11,14.0142)->(17,11,14.5821)->(16,11,15.1)->(15,11,15.6)->(14,11,16.1)->(13,11,16.6)->(12,11,17.1)->(11,11,17.6)->(10,11,18.1179)->(9,11,18.6858)->(8,11,19.3679)->(7,11,20.6858)->(6,11,5010.05)->
Agent 39:(7,30,3.55)->(8,30,6.51421)->(9,30,7.83205)->(10,30,8.51421)->(11,30,9.08205)->(12,30,9.6)->(13,30,10.1)->(14,30,10.6)->(15,30,11.1)->(16,30,11.6)->(17,30,12.1)->(18,30,12.6)->(19,30,13.1)->(20,30,13.6)->(21,30,14.1)->(22,30,14.6)->(23,30,15.1)->(24,30,15.6179)->(25,30,16.1858)->(26,30,16.8679)->(27,30,18.1858)->(28,30,20.65)->(28,29,23.1142)->(28,28,24.4321)->(28,27,25.1142)->(28,26,25.6821)->(28,25,26.2)->(28,24,26.7)->(28,23,27.2)->(28,22,27.7)->(28,21,28.2)->(28,20,28.7)->(28,19,29.2)->(28,18,29.7)->(28,17,30.2)->(28,16,30.7)->(28,15,31.2)->(28,14,31.7)->(28,13,32.2)->(28,12,32.7)->(28,11,33.2)->(28,10,33.7)->(28,9,34.2)->(28,8,34.7)->(28,7,35.2179)->(28,6,35.7858)->(28,5,36.4679)->(28,4,37.7858)->(28,3,5018.6)->
Agent 40:(17,10,1.8)->(16,10,3.01421)->(15,10,4.33205)->(14,10,5.01421)->(13,10,5.58205)->(12,10,6.1)->(11,10,6.6)->(10,10,7.1)->(9,10,7.6)->(8,10,8.1)->(7,10,8.6)->(6,10,9.1)->(5,10,9.61795)->(4,10,10.1858)->(3,10,10.8679)->(2,10,12.1858)->(1,10,14.4)->(1,11,16.6142)->(1,12,17.9321)->(1,13,18.6142)->(1,14,19.1821)->(1,15,19.7)->(1,16,20.2)->(1,17,20.7)->(1,18,21.2)->(1,19,21.7)->(1,20,22.2)->(1,21,22.7179)->(1,22,23.2858)->(1,23,23.9679)->(1,24,25.2858)->(1,25,5012.35)->
Agent 41:(18,12,1.8)->(17,12,3.01421)->(16,12,4.33205)->(15,12,5.01421)->(14,12,5.58205)->(13,12,6.1)->(12,12,6.6)->(11,12,7.1)->(10,12,7.6)->(9,12,8.1)->(8,12,8.61795)->(7,12,9.18579)->(6,12,9.86795)->(5,12,11.1858)->(4,12,13.4)->(4,13,15.6142)->(4,14,16.9321)->(4,15,17.6142)->(4,16,18.1821)->(4,17,18.7)->(4,18,19.2)->(4,19,19.7)->(4,20,20.2)->(4,21,20.7)->(4,22,21.2179)->(4,23,21.7858)->(4,24,22.4679)->(4,25,23.7858)->(4,26,26)->(3,26,28.8)->(2,26,31.6)->(2,27,34.4)->(2,28,5017.2)->
Agent 42:(10,31,4.3)->(11,31,8.01421)->(12,31,9.33205)->(13,31,10.0142)->(14,31,10.5821)->(15,31,11.1)->(16,31,11.6)->(17,31,12.1)->(18,31,12.6)->(19,31,13.1)->(20,31,13.6)->(21,31,14.1)->(22,31,14.6)->(23,31,15.1)->(24,31,15.6)->(25,31,16.1)->(26,31,16.6179)->(27,31,17.1858)->(28,31,17.8679)->(29,31,19.1858)->(30,31,21.4)->(30,30,23.6142)->(30,29,24.9481)->(30,28,25.7765)->(30,27,27.1103)->(30,26,5013.26)->
Agent 43:(25,25,2.61421)->(25,24,5.61421)->(24,24,8.24264)->(23,24,9.56048)->(22,24,10.2426)->(21,24,10.8105)->(20,24,11.3284)->(19,24,11.8284)->(18,24,12.3284)->(17,24,12.8284)->(16,24,13.3284)->(15,24,13.8284)->(14,24,14.3284)->(13,24,14.8284)->(12,24,15.3284)->(11,24,15.8464)->(10,24,16.4142)->(9,24,17.0964)->(8,24,18.4142)->(7,24,21.2642)->(7,23,5010.94)->
Agent 44:(4,6,1.8)->(3,6,3.04949)->(2,6,5.04949)->(1,6,7.58154)->(1,7,10.1136)->(1,8,12.1136)->(1,9,5005.78)->
Agent 45:(21,6,1.8)->(20,6,3.01421)->(19,6,4.33205)->(18,6,5.0641)->(17,6,5.79615)->(16,6,7.11399)->(15,6,11.7641)->(15,7,16.4142)->(15,8,17.7321)->(15,9,18.4142)->(15,10,18.9821)->(15,11,19.5)->(15,12,20)->(15,13,20.5)->(15,14,21)->(15,15,21.5)->(15,16,22)->(15,17,22.5)->(15,18,23)->(15,19,23.5)->(15,20,24)->(15,21,24.5)->(15,22,25)->(15,23,25.5)->(15,24,26)->(15,25,26.5179)->(15,26,27.0858)->(15,27,27.7679)->(15,28,29.0858)->(15,29,31.3)->(14,29,34.1)->(13,29,5017.05)->
Agent 46:(21,15,2.61421)->(21,14,5.65)->(20,14,8.31421)->(19,14,9.63205)->(18,14,10.3142)->(17,14,10.8821)->(16,14,11.4)->(15,14,11.9)->(14,14,12.4)->(13,14,12.9)->(12,14,13.4179)->(11,14,13.9858)->(10,14,14.6679)->(9,14,15.9858)->(8,14,19.6142)->(8,15,23.2426)->(8,16,24.5605)->(8,17,25.2426)->(8,18,25.8105)->(8,19,26.3284)->(8,20,26.8284)->(8,21,27.3284)->(8,22,27.8284)->(8,23,28.3464)->(8,24,28.9142)->(8,25,29.5964)->(8,26,30.9142)->(8,27,33.1284)->(7,27,35.3426)->(6,27,36.6605)->(5,27,37.3522)->(4,27,37.9879)->(3,27,38.6797)->(2,27,39.9975)->(1,27,42.626)->(1,28,5021.51)->
Agent 47:(17,20,1.8)->(18,20,3.04949)->(19,20,5.04949)->(20,20,7.66369)->(20,19,10.2426)->(20,18,11.5765)->(20,17,12.4049)->(20,16,13.7387)->(20,15,17.0766)->(21,15,20.4144)->(22,15,21.7322)->(23,15,22.4144)->(24,15,22.9822)->(25,15,23.5002)->(26,15,24.0181)->(27,15,24.586)->(28,15,25.2681)->(29,15,26.586)->(30,15,29.2144)->(30,16,33.2286)->(31,16,5017.01)->
Agent 48:(20,8,11.6698)->(20,9,22.7538)->(20,10,24.0876)->(20,11,24.916)->(20,12,26.2499)->(20,13,5012.83)->
Agent 49:(19,0,1.8)->(20,0,3.01421)->(21,0,4.33205)->(22,0,5.02382)->(23,0,5.65949)->(24,0,6.35126)->(25,0,7.6691)->(26,0,13.3417)->(26,1,19.0142)->(26,2,20.3321)->(26,3,21.0142)->(26,4,21.5821)->(26,5,22.1)->(26,6,22.6)->(26,7,23.1)->(26,8,23.6)->(26,9,24.1)->(26,10,24.6)->(26,11,25.1)->(26,12,25.6)->(26,13,26.1)->(26,14,26.6)->(26,15,27.1)->(26,16,27.6179)->(26,17,28.1858)->(26,18,28.8679)->(26,19,30.1858)->(26,20,32.8142)->(27,20,5016.6)->
Agent 50:(29,23,1.71421)->(29,24,6.31421)->(28,24,11.4426)->(27,24,12.7605)->(26,24,13.4426)->(25,24,14.0105)->(24,24,14.5284)->(23,24,15.0284)->(22,24,15.5284)->(21,24,16.0464)->(20,24,16.6142)->(19,24,17.2964)->(18,24,18.6142)->(17,24,20.8284)->(17,23,23.0426)->(17,22,24.3605)->(17,21,25.0522)->(17,20,25.6879)->(17,19,26.3797)->(17,18,27.6975)->(17,17,5013.56)->
Agent 51:(15,28,2.61421)->(15,27,5.61421)->(14,27,8.27792)->(13,27,10.2779)->(12,27,12.9416)->(12,26,21.9995)->(11,26,30.0858)->(10,26,31.5)->(9,26,32.9142)->(8,26,5016.16)->
Agent 52:(21,27,2.8)->(22,27,5.01421)->(23,27,6.42843)->(24,27,7.84264)->(25,27,5003.63)->
Agent 53:(26,16,2.2)->(26,15,3.81421)->(26,14,5.13205)->(26,13,5.81421)->(26,12,6.38205)->(26,11,6.9)->(26,10,7.4)->(26,9,7.9)->(26,8,8.4)->(26,7,8.9)->(26,6,9.4)->(26,5,9.91795)->(26,4,10.4858)->(26,3,11.1679)->(26,2,12.4858)->(26,1,14.7)->(25,1,16.9495)->(24,1,18.9495)->(23,1,5009.2)->
Agent 54:(27,29,1.8)->(28,29,3.01421)->(29,29,4.42843)->(30,29,5.84264)->(31,29,8.47107)->(31,30,15.2784)->(31,29,21.7)->(31,28,5010.85)->
Agent 55:(19,27,3.88579)->(19,26,7.18579)->(19,25,8.50362)->(19,24,9.18579)->(19,23,9.75362)->(19,22,10.2895)->(19,21,10.8574)->(19,20,11.5395)->(19,19,12.8574)->(19,18,15.2716)->(18,18,17.6858)->(17,18,19.0036)->(16,18,19.6954)->(15,18,20.3311)->(14,18,21.0228)->(13,18,22.3407)->(12,18,5010.88)->
Agent 56:(22,18,2.6641)->(22,17,4.74242)->(22,16,6.06025)->(22,15,6.75202)->(22,14,7.3877)->(22,13,8.07947)->(22,12,9.3973)->(22,11,15.0282)->(23,11,20.6591)->(24,11,21.9769)->(25,11,22.6687)->(26,11,23.3044)->(27,11,23.9962)->(28,11,25.314)->(29,11,27.9424)->(29,10,32.6783)->(28,10,5017.1)->
Agent 57:(14,25,1.3)->(14,26,2.04949)->(14,27,4.04949)->(14,28,6.29898)->(13,28,8.51319)->(12,28,9.92741)->(11,28,11.3416)->(10,28,14.4779)->(10,27,17.6142)->(10,26,18.9321)->(10,25,19.6142)->(10,24,20.1821)->(10,23,20.7)->(10,22,21.2)->(10,21,21.7)->(10,20,22.2)->(10,19,22.7)->(10,18,23.2)->(10,17,23.7)->(10,16,24.2)->(10,15,24.7)->(10,14,25.2)->(10,13,25.7)->(10,12,26.2)->(10,11,26.7)->(10,10,27.2)->(10,9,27.7)->(10,8,28.2)->(10,7,28.7)->(10,6,29.2)->(10,5,29.7179)->(10,4,30.2858)->(10,3,30.9679)->(10,2,32.2858)->(10,1,34.5)->(11,1,36.7142)->(12,1,38.0321)->(13,1,38.7142)->(14,1,39.2821)->(15,1,39.8)->(16,1,40.3)->(17,1,40.8)->(18,1,41.3179)->(19,1,41.8858)->(20,1,42.5679)->(21,1,43.8858)->(22,1,46.5142)->(22,2,5023.45)->
Agent 58:(18,0,5.28205)->(18,1,9.97832)->(18,2,11.2962)->(18,3,11.9783)->(18,4,12.5462)->(18,5,13.0641)->(18,6,13.5641)->(18,7,14.0821)->(18,8,14.6499)->(18,9,15.3321)->(18,10,16.6499)->(18,11,19.2783)->(17,11,22.8783)->(17,12,26.0925)->(17,13,32.7011)->(17,12,5018.24)->
Agent 59:(18,17,3.3)->(18,18,6.01421)->(18,19,7.33205)->(18,20,8.01421)->(18,21,8.58205)->(18,22,9.1)->(18,23,9.6)->(18,24,10.1)->(18,25,10.6)->(18,26,11.1179)->(18,27,11.6858)->(18,28,12.3679)->(18,29,13.6858)->(18,30,16.2284)->(19,30,18.7711)->(20,30,20.0889)->(21,30,20.7711)->(22,30,21.3389)->(23,30,21.8569)->(24,30,22.3569)->(25,30,22.8569)->(26,30,23.3569)->(27,30,23.8748)->(28,30,24.4426)->(29,30,25.1248)->(30,30,26.4426)->(31,30,5012.93)->
Agent 60:(27,21,2.8)->(27,22,5.6)->(27,23,8.4)->(26,23,10.6142)->(25,23,11.9321)->(24,23,12.6142)->(23,23,13.1821)->(22,23,13.7)->(21,23,14.2)->(20,23,14.7)->(19,23,15.2)->(18,23,15.7)->(17,23,16.2)->(16,23,16.7)->(15,23,17.2)->(14,23,17.7)->(13,23,18.2)->(12,23,18.7)->(11,23,19.2)->(10,23,19.7)->(9,23,20.2)->(8,23,20.7179)->(7,23,21.2858)->(6,23,21.9679)->(5,23,23.2858)->(4,23,5011.35)->
Agent 61:(16,3,1.3)->(16,4,2.01421)->(16,5,3.33205)->(16,6,4.01421)->(16,7,4.58205)->(16,8,5.1)->(16,9,5.6)->(16,10,6.1)->(16,11,6.6)->(16,12,7.11795)->(16,13,7.68579)->(16,14,8.36795)->(16,15,9.68579)->(16,16,12.6359)->(17,16,15.586)->(18,16,16.9038)->(19,16,17.586)->(20,16,18.1538)->(21,16,18.6718)->(22,16,19.1718)->(23,16,19.6718)->(24,16,20.1718)->(25,16,20.6718)->(26,16,21.1718)->(27,16,21.6897)->(28,16,22.2576)->(29,16,22.9397)->(30,16,24.2576)->(31,16,26.886)->(31,17,5013.64)->
Agent 62:(24,26,2.2)->(24,25,3.81421)->(24,24,5.22843)->(24,23,6.64264)->(24,22,11.4426)->(23,22,16.2426)->(22,22,17.5605)->(21,22,18.2426)->(20,22,18.8105)->(19,22,19.3284)->(18,22,19.8284)->(17,22,20.3284)->(16,22,20.8284)->(15,22,21.3284)->(14,22,21.8284)->(13,22,22.3284)->(12,22,22.8284)->(11,22,23.3464)->(10,22,23.9142)->(9,22,24.5964)->(8,22,25.9142)->(7,22,5012.66)->
Agent 63:(29,22,2.82841)->(30,22,6.04261)->(30,21,8.67104)->(30,20,9.98888)->(30,19,10.671)->(30,18,11.2389)->(30,17,11.7568)->(30,16,12.2748)->(30,15,12.8426)->(30,14,13.5248)->(30,13,14.8426)->(30,12,21.869)->(29,12,28.8954)->(28,12,30.2132)->(27,12,30.8954)->(26,12,31.4632)->(25,12,31.9812)->(24,12,32.4812)->(23,12,32.9812)->(22,12,33.4812)->(21,12,33.9812)->(20,12,34.4812)->(19,12,34.9812)->(18,12,35.4812)->(17,12,35.9812)->(16,12,36.4812)->(15,12,36.9812)->(14,12,37.4812)->(13,12,37.9812)->(12,12,38.4812)->(11,12,38.9812)->(10,12,39.4812)->(9,12,39.9812)->(8,12,40.4812)->(7,12,40.9991)->(6,12,41.567)->(5,12,42.2491)->(4,12,43.567)->(3,12,46.1954)->(3,11,5023.29)->
Agent 64:(20,27,1.71421)->(20,28,8.15)->(19,28,15.1142)->(18,28,16.4321)->(17,28,17.1142)->(16,28,17.6821)->(15,28,18.2)->(14,28,18.7179)->(13,28,19.2858)->(12,28,19.9679)->(11,28,21.2858)->(10,28,23.5)->(10,27,25.7142)->(10,26,27.0321)->(10,25,27.7142)->(10,24,28.2821)->(10,23,28.8)->(10,22,29.3)->(10,21,29.8)->(10,20,30.3)->(10,19,30.8)->(10,18,31.3)->(10,17,31.8)->(10,16,32.3)->(10,15,32.8)->(10,14,33.3)->(10,13,33.8)->(10,12,34.3)->(10,11,34.8)->(10,10,35.3)->(10,9,35.8179)->(10,8,36.3858)->(10,7,37.0679)->(10,6,38.3858)->(10,5,5018.9)->
Agent 65:(6,10,2.21421)->(7,10,4.81421)->(7,9,7.47792)->(7,8,9.47792)->(7,7,13.8458)->(8,7,18.1783)->(9,7,19.4962)->(10,7,20.1783)->(11,7,20.7462)->(12,7,21.2641)->(13,7,21.7641)->(14,7,22.2641)->(15,7,22.7641)->(16,7,23.2641)->(17,7,23.7641)->(18,7,24.2641)->(19,7,24.7821)->(20,7,25.3499)->(21,7,26.0321)->(22,7,27.3499)->(23,7,29.5641)->(23,8,31.7783)->(23,9,33.0962)->(23,10,33.7783)->(23,11,34.3641)->(23,12,34.9499)->(23,13,35.6321)->(23,14,36.9499)->(23,15,5018.18)->
Agent 66:(14,20,2.21421)->(15,20,4.81421)->(15,21,7.44264)->(15,22,8.77649)->(15,23,9.60492)->(15,24,10.9388)->(15,25,13.153)->(16,25,15.3672)->(17,25,16.685)->(18,25,17.3768)->(19,25,18.0125)->(20,25,18.7042)->(21,25,20.0221)->(22,25,22.2363)->(22,26,25.0363)->(22,27,28.2505)->(23,27,31.8505)->(23,28,35.0647)->(23,29,5017.53)->
Agent 67:(3,23,1.3)->(3,24,2.6)->(3,25,5.4)->(4,25,7.61421)->(5,25,8.93205)->(6,25,9.61421)->(7,25,10.1821)->(8,25,10.7)->(9,25,11.2)->(10,25,11.7179)->(11,25,12.2858)->(12,25,12.9679)->(13,25,14.2858)->(14,25,16.9321)->(14,26,19.5783)->(14,27,20.9122)->(14,28,21.7406)->(14,29,23.0744)->(14,30,25.2887)->(15,30,27.5029)->(16,30,28.8207)->(17,30,29.5029)->(18,30,30.0707)->(19,30,30.5887)->(20,30,31.0887)->(21,30,31.5887)->(22,30,32.0887)->(23,30,32.5887)->(24,30,33.1066)->(25,30,33.6744)->(26,30,34.3566)->(27,30,35.6744)->(28,30,38.3029)->(28,31,5019.34)->
Agent 68:(11,20,2.83528)->(11,19,5.08477)->(11,18,6.4026)->(11,17,7.08477)->(11,16,7.6526)->(11,15,8.17055)->(11,14,8.67055)->(11,13,9.17055)->(11,12,9.67055)->(11,11,10.1706)->(11,10,10.6706)->(11,9,11.1706)->(11,8,11.6706)->(11,7,12.1706)->(11,6,12.6885)->(11,5,13.2563)->(11,4,13.9385)->(11,3,15.2563)->(11,2,17.4706)->(10,2,19.6848)->(9,2,21.0026)->(8,2,21.6848)->(7,2,22.2526)->(6,2,22.7706)->(5,2,23.2706)->(4,2,23.7885)->(3,2,24.3563)->(2,2,25.0385)->(1,2,26.3563)->(0,2,28.5706)->(0,3,31.3706)->(0,4,5015.69)->
Agent 69:(1,27,2.05)->(2,27,3.51421)->(3,27,4.83205)->(4,27,5.51421)->(5,27,6.08205)->(6,27,6.6)->(7,27,7.11795)->(8,27,7.68579)->(9,27,8.36795)->(10,27,9.68579)->(11,27,13.6679)->(11,26,17.6501)->(11,25,18.9679)->(11,24,19.6501)->(11,23,20.2179)->(11,22,20.7359)->(11,21,21.2359)->(11,20,21.7359)->(11,19,22.2359)->(11,18,22.7359)->(11,17,23.2359)->(11,16,23.7359)->(11,15,24.2359)->(11,14,24.7359)->(11,13,25.2359)->(11,12,25.7359)->(11,11,26.2359)->(11,10,26.7538)->(11,9,27.3217)->(11,8,28.0038)->(11,7,29.3217)->(11,6,31.5359)->(12,6,33.7501)->(13,6,35.0679)->(14,6,35.7501)->(15,6,36.3179)->(16,6,36.8538)->(17,6,37.4217)->(18,6,38.1038)->(19,6,39.4217)->(20,6,5019.42)->
Agent 70:(3,15,1.3)->(3,16,2.01421)->(3,17,3.34806)->(3,18,4.17649)->(3,19,5.51034)->(3,20,9.81228)->(4,20,14.1142)->(5,20,15.4321)->(6,20,16.1142)->(7,20,16.6821)->(8,20,17.2)->(9,20,17.7)->(10,20,18.2)->(11,20,18.7)->(12,20,19.2)->(13,20,19.7)->(14,20,20.2)->(15,20,20.7)->(16,20,21.2179)->(17,20,21.7858)->(18,20,22.4679)->(19,20,23.7858)->(20,20,5011.6)->
Agent 71:(19,26,1.8)->(18,26,3.01421)->(17,26,4.34806)->(16,26,5.17649)->(15,26,6.51034)->(14,26,9.53877)->(15,26,15.9265)->(15,27,20.9426)->(15,28,22.2765)->(15,29,23.1049)->(15,30,24.4388)->(15,31,5011.93)->
Agent 72:(6,30,4.55)->(7,30,8.51421)->(8,30,9.83205)->(9,30,10.5142)->(10,30,11.0821)->(11,30,11.6)->(12,30,12.1179)->(13,30,12.6858)->(14,30,13.3679)->(15,30,14.6858)->(16,30,17.3142)->(16,31,24.6264)->(16,30,30.967)->(16,29,32.2848)->(16,28,32.967)->(16,27,33.5348)->(16,26,34.0528)->(16,25,34.5528)->(16,24,35.0528)->(16,23,35.5528)->(16,22,36.0528)->(16,21,36.5528)->(16,20,37.0528)->(16,19,37.5528)->(16,18,38.0528)->(16,17,38.5528)->(16,16,39.0528)->(16,15,39.5528)->(16,14,40.0528)->(16,13,40.5707)->(16,12,41.1385)->(16,11,41.8207)->(16,10,43.1385)->(16,9,5021.28)->
Agent 73:(1,12,1.3)->(1,13,2.01421)->(1,14,3.33205)->(1,15,4.01421)->(1,16,4.58205)->(1,17,5.11795)->(1,18,5.68579)->(1,19,6.36795)->(1,20,7.68579)->(1,21,9.9)->(2,21,12.1142)->(3,21,13.4321)->(4,21,14.1142)->(5,21,14.6821)->(6,21,15.2)->(7,21,15.7)->(8,21,16.2)->(9,21,16.7179)->(10,21,17.2858)->(11,21,17.9679)->(12,21,19.2858)->(13,21,22.1784)->(13,22,26.0426)->(14,22,28.6711)->(15,22,29.9889)->(16,22,30.6711)->(17,22,31.2389)->(18,22,31.7569)->(19,22,32.2569)->(20,22,32.7569)->(21,22,33.2569)->(22,22,33.7748)->(23,22,34.3426)->(24,22,35.0248)->(25,22,36.3426)->(26,22,5017.88)->
Agent 74:(30,2,2.03205)->(29,2,3.47832)->(28,2,4.79615)->(27,2,5.47832)->(26,2,6.04615)->(25,2,6.5641)->(24,2,7.0641)->(23,2,7.5641)->(22,2,8.0641)->(21,2,8.5641)->(20,2,9.0641)->(19,2,9.5641)->(18,2,10.0641)->(17,2,10.5821)->(16,2,11.1499)->(15,2,11.8321)->(14,2,13.1499)->(13,2,17.1821)->(13,3,21.2142)->(13,4,22.5321)->(13,5,23.2142)->(13,6,23.7821)->(13,7,24.3)->(13,8,24.8)->(13,9,25.3)->(13,10,25.8179)->(13,11,26.3858)->(13,12,27.0679)->(13,13,28.3858)->(13,14,5013.9)->
Agent 75:(3,20,1.3)->(3,21,2.04949)->(3,22,4.04949)->(3,23,6.71319)->(4,23,12.0637)->(3,23,17.4142)->(3,22,20.0426)->(3,21,21.3605)->(3,20,22.0426)->(3,19,22.6105)->(3,18,23.1284)->(3,17,23.6464)->(3,16,24.2142)->(3,15,24.8964)->(3,14,26.2142)->(3,13,5012.81)->
Agent 76:(28,16,3.61421)->(27,16,6.64264)->(26,16,7.96048)->(25,16,8.65225)->(24,16,9.28792)->(23,16,9.97969)->(22,16,11.2975)->(21,16,14.4418)->(21,15,17.586)->(21,14,18.9038)->(21,13,19.6359)->(21,12,20.3679)->(21,11,21.6858)->(21,10,5010.55)->
Agent 77:(3,29,5.35)->(3,28,10.1142)->(3,27,11.4321)->(3,26,12.1142)->(3,25,12.6821)->(3,24,13.2)->(3,23,13.7)->(3,22,14.2)->(3,21,14.7)->(3,20,15.2)->(3,19,15.7)->(3,18,16.2)->(3,17,16.7)->(3,16,17.2)->(3,15,17.7)->(3,14,18.2)->(3,13,18.7)->(3,12,19.2)->(3,11,19.7)->(3,10,20.2)->(3,9,20.7)->(3,8,21.2)->(3,7,21.7179)->(3,6,22.2858)->(3,5,22.9679)->(3,4,24.2858)->(3,3,26.5)->(4,3,28.7142)->(5,3,30.0321)->(6,3,30.7238)->(7,3,31.3595)->(8,3,32.0513)->(9,3,33.3691)->(10,3,5016.39)->
Agent 78:(6,4,1.45)->(6,5,2.31421)->(6,6,3.63205)->(6,7,4.31421)->(6,8,4.88205)->(6,9,5.4)->(6,10,5.9)->(6,11,6.4)->(6,12,6.9)->(6,13,7.4)->(6,14,7.9)->(6,15,8.4)->(6,16,8.9)->(6,17,9.4)->(6,18,9.9)->(6,19,10.4)->(6,20,10.9)->(6,21,11.4)->(6,22,11.9)->(6,23,12.4)->(6,24,12.9)->(6,25,13.4)->(6,26,13.9179)->(6,27,14.4858)->(6,28,15.1679)->(6,29,16.4858)->(6,30,18.7)->(5,30,21.5)->(4,30,5010.75)->
Agent 79:(20,30,3.81421)->(21,30,7.04264)->(22,30,8.36048)->(23,30,9.04264)->(24,30,9.61048)->(25,30,10.1464)->(26,30,10.7142)->(27,30,11.3964)->(28,30,12.7142)->(29,30,14.9284)->(29,29,17.1426)->(29,28,18.4765)->(29,27,19.3049)->(29,26,20.6388)->(29,25,5010.03)->
Agent 80:(14,2,1.8)->(13,2,3.01421)->(12,2,4.33205)->(11,2,5.01421)->(10,2,5.6)->(9,2,6.18579)->(8,2,6.86795)->(7,2,8.18579)->(6,2,10.4)->(6,3,12.6142)->(6,4,13.9321)->(6,5,14.6142)->(6,6,15.1821)->(6,7,15.7)->(6,8,16.2)->(6,9,16.7)->(6,10,17.2)->(6,11,17.7)->(6,12,18.2)->(6,13,18.7)->(6,14,19.2)->(6,15,19.7)->(6,16,20.2)->(6,17,20.7)->(6,18,21.2)->(6,19,21.7)->(6,20,22.2)->(6,21,22.7)->(6,22,23.2)->(6,23,23.7)->(6,24,24.2)->(6,25,24.7)->(6,26,25.2)->(6,27,25.7179)->(6,28,26.2858)->(6,29,26.9679)->(6,30,28.2858)->(6,31,30.9142)->(5,31,5015.65)->
Agent 81:(17,30,5.8)->(17,29,11.0142)->(17,28,12.3321)->(17,27,13.0142)->(17,26,13.5821)->(17,25,14.1)->(17,24,14.6)->(17,23,15.1)->(17,22,15.6)->(17,21,16.1)->(17,20,16.6)->(17,19,17.1179)->(17,18,17.6858)->(17,17,18.3679)->(17,16,19.6858)->(17,15,21.9)->(16,15,24.1142)->(15,15,25.4321)->(14,15,26.1142)->(13,15,26.6821)->(12,15,27.2179)->(11,15,27.7858)->(10,15,28.4679)->(9,15,29.7858)->(8,15,5014.6)->
Agent 82:(31,18,2.4142)->(30,18,4.24261)->(29,18,5.56045)->(28,18,6.24261)->(27,18,6.81045)->(26,18,7.3284)->(25,18,7.8284)->(24,18,8.3284)->(23,18,8.8284)->(22,18,9.3284)->(21,18,9.8284)->(20,18,10.3284)->(19,18,10.8284)->(18,18,11.3284)->(17,18,11.8284)->(16,18,12.3284)->(15,18,12.8284)->(14,18,13.3284)->(13,18,13.8284)->(12,18,14.3284)->(11,18,14.8284)->(10,18,15.3284)->(9,18,15.8463)->(8,18,16.4142)->(7,18,17.0963)->(6,18,18.4142)->(5,18,20.6284)->(5,17,22.8426)->(5,16,24.1605)->(5,15,24.8426)->(5,14,25.4105)->(5,13,25.9284)->(5,12,26.4284)->(5,11,26.9284)->(5,10,27.4284)->(5,9,27.9284)->(5,8,28.4463)->(5,7,29.0142)->(5,6,29.6963)->(5,5,31.0142)->(5,4,5015.21)->
Agent 83:(23,0,1.8)->(24,0,3.01421)->(25,0,4.33205)->(26,0,5.0641)->(27,0,5.79615)->(28,0,7.11399)->(29,0,9.3282)->(29,1,12.1282)->(29,2,5006.06)->
Agent 84:(31,5,1.8)->(30,5,3.6)->(29,5,6.4)->(29,6,8.61421)->(29,7,9.93205)->(29,8,10.6142)->(29,9,11.1821)->(29,10,11.7179)->(29,11,12.2858)->(29,12,12.9679)->(29,13,14.2858)->(29,14,16.5)->(28,14,18.7142)->(27,14,20.0321)->(26,14,20.7142)->(25,14,21.2821)->(24,14,21.8)->(23,14,22.3)->(22,14,22.8)->(21,14,23.3)->(20,14,23.8)->(19,14,24.3)->(18,14,24.8)->(17,14,25.3)->(16,14,25.8)->(15,14,26.3)->(14,14,26.8)->(13,14,27.3)->(12,14,27.8)->(11,14,28.3)->(10,14,28.8)->(9,14,29.3)->(8,14,29.8)->(7,14,30.3179)->(6,14,30.8858)->(5,14,31.5679)->(4,14,32.8858)->(3,14,5016.15)->
Agent 85:(16,13,3.05)->(16,14,5.51421)->(16,15,6.83205)->(16,16,7.51421)->(16,17,8.08205)->(16,18,8.6)->(16,19,9.1)->(16,20,9.6)->(16,21,10.1)->(16,22,10.6)->(16,23,11.1179)->(16,24,11.6858)->(16,25,12.3679)->(16,26,13.6858)->(16,27,15.9)->(15,27,18.1142)->(14,27,19.4321)->(13,27,20.1142)->(12,27,20.6821)->(11,27,21.2)->(10,27,21.7)->(9,27,22.2)->(8,27,22.7)->(7,27,23.2)->(6,27,23.7)->(5,27,24.2)->(4,27,24.7179)->(3,27,25.2858)->(2,27,25.9679)->(1,27,27.2858)->(0,27,29.9142)->(0,28,5015.15)->
Agent 86:(27,5,1.3)->(27,6,2.01421)->(27,7,3.33205)->(27,8,4.01421)->(27,9,4.58205)->(27,10,5.1)->(27,11,5.6)->(27,12,6.11795)->(27,13,6.68579)->(27,14,7.36795)->(27,15,8.68579)->(27,16,11.5142)->(28,16,14.3426)->(29,16,15.7568)->(30,16,17.171)->(31,16,19.3853)->(31,17,21.5995)->(31,18,22.9173)->(31,19,23.6494)->(31,20,24.3814)->(31,21,25.6992)->(31,22,30.3709)->(31,21,35.6284)->(31,20,5017.81)->
Agent 87:(6,29,1.8)->(7,29,3.01421)->(8,29,4.33205)->(9,29,5.01421)->(10,29,5.58205)->(11,29,6.1)->(12,29,6.6)->(13,29,7.1)->(14,29,7.6)->(15,29,8.1)->(16,29,8.6)->(17,29,9.1)->(18,29,9.6)->(19,29,10.1)->(20,29,10.6)->(21,29,11.1)->(22,29,11.6)->(23,29,12.1179)->(24,29,12.6858)->(25,29,13.3679)->(26,29,14.6858)->(27,29,16.9)->(27,28,19.1142)->(27,27,20.4321)->(27,26,21.1142)->(27,25,21.6821)->(27,24,22.2)->(27,23,22.7)->(27,22,23.2)->(27,21,23.7)->(27,20,24.2)->(27,19,24.7)->(27,18,25.2)->(27,17,25.7)->(27,16,26.2)->(27,15,26.7)->(27,14,27.2)->(27,13,27.7)->(27,12,28.2)->(27,11,28.7)->(27,10,29.2179)->(27,9,29.7858)->(27,8,30.4679)->(27,7,31.7858)->(27,6,5015.6)->
Agent 88:(15,10,1.71421)->(15,11,4.62843)->(15,10,9.04264)->(16,10,12.2569)->(17,10,15.4826)->(17,9,18.1225)->(17,8,19.5367)->(17,7,20.9509)->(17,6,25.4703)->(17,7,29.9897)->(17,8,31.3235)->(17,9,32.1519)->(17,10,33.4858)->(17,11,5016.45)->
Agent 89:(23,12,1.3)->(23,13,2.6)->(23,14,6.5)->(22,14,9.81421)->(21,14,11.1321)->(20,14,11.8142)->(19,14,12.3821)->(18,14,12.9)->(17,14,13.4)->(16,14,13.9)->(15,14,14.4)->(14,14,14.9)->(13,14,15.4179)->(12,14,15.9858)->(11,14,16.6679)->(10,14,17.9858)->(9,14,20.2)->(9,15,23)->(9,16,25.8)->(8,16,28.0142)->(7,16,29.3321)->(6,16,30.0238)->(5,16,30.6595)->(4,16,31.3513)->(3,16,32.6691)->(2,16,5016.04)->
Agent 90:(5,0,2.28205)->(6,0,3.97832)->(7,0,5.29615)->(8,0,5.97832)->(9,0,6.54615)->(10,0,7.0641)->(11,0,7.5641)->(12,0,8.0641)->(13,0,8.5641)->(14,0,9.0641)->(15,0,9.5641)->(16,0,10.0641)->(17,0,10.5641)->(18,0,11.0641)->(19,0,11.5641)->(20,0,12.0821)->(21,0,12.6499)->(22,0,13.3321)->(23,0,14.6499)->(24,0,18.2315)->(24,1,21.8132)->(24,2,23.131)->(24,3,23.8132)->(24,4,24.381)->(24,5,24.899)->(24,6,25.4169)->(24,7,25.9848)->(24,8,26.6669)->(24,9,27.9848)->(24,10,30.6132)->(25,10,35.3817)->(25,11,5018.47)->
Agent 91:(16,17,2.8)->(16,18,5.01421)->(16,19,6.33205)->(16,20,7.01421)->(16,21,7.58205)->(16,22,8.1)->(16,23,8.6)->(16,24,9.11795)->(16,25,9.68579)->(16,26,10.3679)->(16,27,11.6858)->(16,28,13.9)->(15,28,16.1142)->(14,28,17.4321)->(13,28,18.1142)->(12,28,18.6821)->(11,28,19.2)->(10,28,19.7)->(9,28,20.2)->(8,28,20.7179)->(7,28,21.2858)->(6,28,21.9679)->(5,28,23.2858)->(4,28,5011.35)->
Agent 92:(21,24,2.2)->(21,23,3.81421)->(21,22,5.13205)->(21,21,5.81421)->(21,20,6.38205)->(21,19,6.9)->(21,18,7.4)->(21,17,7.9)->(21,16,8.41795)->(21,15,8.98579)->(21,14,9.66795)->(21,13,10.9858)->(21,12,13.2)->(20,12,15.4142)->(19,12,16.7321)->(18,12,17.4142)->(17,12,17.9821)->(16,12,18.5)->(15,12,19)->(14,12,19.5)->(13,12,20)->(12,12,20.5)->(11,12,21)->(10,12,21.5)->(9,12,22)->(8,12,22.5)->(7,12,23.0179)->(6,12,23.5858)->(5,12,24.2679)->(4,12,25.5858)->(3,12,27.8)->(3,11,30.0495)->(3,10,32.0495)->(3,9,5015.75)->
Agent 93:(29,1,1.8)->(30,1,3.6)->(31,1,6.4)->(31,2,8.61421)->(31,3,9.93205)->(31,4,10.6142)->(31,5,11.1821)->(31,6,11.7)->(31,7,12.2)->(31,8,12.7)->(31,9,13.2)->(31,10,13.7)->(31,11,14.2179)->(31,12,14.7858)->(31,13,15.4679)->(31,14,16.7858)->(31,15,5008.1)->
Agent 94:(13,17,1.71421)->(13,18,3.91421)->(12,18,6.64264)->(11,18,7.96048)->(10,18,8.64264)->(9,18,9.22843)->(8,18,9.81421)->(7,18,10.4964)->(6,18,11.8142)->(5,18,14.0284)->(5,17,16.8284)->(5,16,20.0426)->(4,16,23.6426)->(4,15,26.2711)->(4,14,27.5889)->(4,13,28.321)->(4,12,29.053)->(4,11,30.3708)->(4,10,37.3831)->(4,11,44.9812)->(4,12,5022.49)->
Agent 95:(16,21,2.55)->(16,22,4.51421)->(16,23,5.83205)->(16,24,6.51421)->(16,25,7.1)->(16,26,7.68579)->(16,27,8.36795)->(16,28,9.68579)->(16,29,12.3142)->(17,29,5006.35)->
Agent 96:(28,0,1.3)->(28,1,2.01421)->(28,2,3.33205)->(28,3,4.01421)->(28,4,4.58205)->(28,5,5.1)->(28,6,5.6)->(28,7,6.1)->(28,8,6.6)->(28,9,7.1)->(28,10,7.6)->(28,11,8.1)->(28,12,8.6)->(28,13,9.1)->(28,14,9.6)->(28,15,10.1)->(28,16,10.6)->(28,17,11.1)->(28,18,11.6)->(28,19,12.1)->(28,20,12.6)->(28,21,13.1)->(28,22,13.6179)->(28,23,14.1858)->(28,24,14.8679)->(28,25,16.1858)->(28,26,19.65)->(27,26,23.1495)->(26,26,25.1495)->(25,26,5012.3)->
Agent 97:(30,18,1.3)->(30,19,2.6)->(30,20,5.8)->(30,19,8.41421)->(30,18,9.73205)->(30,17,10.4142)->(30,16,10.9821)->(30,15,11.5)->(30,14,12)->(30,13,12.5)->(30,12,13.0179)->(30,11,13.5858)->(30,10,14.2679)->(30,9,15.5858)->(30,8,17.8)->(29,8,20.0142)->(28,8,21.3321)->(27,8,22.0142)->(26,8,22.5821)->(25,8,23.1)->(24,8,23.6)->(23,8,24.1)->(22,8,24.6)->(21,8,25.1)->(20,8,25.6)->(19,8,26.1)->(18,8,26.6)->(17,8,27.1)->(16,8,27.6)->(15,8,28.1)->(14,8,28.6)->(13,8,29.1)->(12,8,29.6)->(11,8,30.1)->(10,8,30.6)->(9,8,31.1)->(8,8,31.6)->(7,8,32.1)->(6,8,32.6)->(5,8,33.1179)->(4,8,33.6858)->(3,8,34.3679)->(2,8,35.6858)->(1,8,5017.55)->
Agent 98:(17,22,2.2)->(17,21,3.81421)->(17,20,5.13205)->(17,19,5.82382)->(17,18,6.45949)->(17,17,7.15126)->(17,16,8.4691)->(17,15,10.6833)->(16,15,12.9328)->(15,15,14.9328)->(14,15,17.5965)->(14,16,5008.99)->
Agent 99:(1,22,1.3)->(1,23,2.04949)->(1,24,4.04949)->(1,25,6.69949)->(2,25,9.31421)->(3,25,10.6321)->(4,25,11.3142)->(5,25,11.8821)->(6,25,12.4)->(7,25,12.9)->(8,25,13.4)->(9,25,13.9179)->(10,25,14.4858)->(11,25,15.1679)->(12,25,16.4858)->(13,25,5007.95)->
Agent 100:(2,31,2.2)->(2,30,3.81421)->(2,29,5.13205)->(2,28,5.81421)->(2,27,6.38205)->(2,26,6.9)->(2,25,7.4)->(2,24,7.9)->(2,23,8.4)->(2,22,8.9)->(2,21,9.4)->(2,20,9.9)->(2,19,10.4)->(2,18,10.9)->(2,17,11.4)->(2,16,11.9)->(2,15,12.4)->(2,14,12.9)->(2,13,13.4)->(2,12,13.9)->(2,11,14.4179)->(2,10,14.9858)->(2,9,15.6679)->(2,8,16.9858)->(2,7,20.7322)->(3,7,5011.12)->
Agent 101:(26,17,3.2)->(26,16,5.81421)->(26,15,7.13205)->(26,14,7.81421)->(26,13,8.4)->(26,12,8.98579)->(26,11,9.66795)->(26,10,10.9858)->(26,9,13.3321)->(25,9,15.6783)->(24,9,16.9962)->(23,9,17.6783)->(22,9,18.2462)->(21,9,18.7641)->(20,9,19.2641)->(19,9,19.7821)->(18,9,20.3499)->(17,9,21.0321)->(16,9,22.3499)->(15,9,5010.88)->
Agent 102:(29,8,1.3)->(29,9,2.01421)->(29,10,3.33205)->(29,11,4.01421)->(29,12,4.58205)->(29,13,5.11795)->(29,14,5.68579)->(29,15,6.36795)->(29,16,7.68579)->(29,17,10.35)->(28,17,13.0142)->(27,17,14.3321)->(26,17,15.0142)->(25,17,15.5821)->(24,17,16.1)->(23,17,16.6)->(22,17,17.1)->(21,17,17.6)->(20,17,18.1)->(19,17,18.6)->(18,17,19.1)->(17,17,19.6)->(16,17,20.1179)->(15,17,20.6858)->(14,17,21.3679)->(13,17,22.6858)->(12,17,5011.05)->
Agent 103:(28,25,2.2)->(28,24,3.81421)->(28,23,5.22843)->(28,22,6.64264)->(28,21,8.85685)->(27,21,11.0711)->(26,21,12.3889)->(25,21,13.0711)->(24,21,13.6389)->(23,21,14.1569)->(22,21,14.6569)->(21,21,15.1569)->(20,21,15.6569)->(19,21,16.1569)->(18,21,16.6748)->(17,21,17.2426)->(16,21,17.9248)->(15,21,19.2426)->(14,21,5009.33)->
Agent 104:(7,28,2.2)->(7,27,3.81421)->(7,26,5.13205)->(7,25,5.81421)->(7,24,6.38205)->(7,23,6.91795)->(7,22,7.48579)->(7,21,8.16795)->(7,20,9.48579)->(7,19,11.7)->(8,19,13.9142)->(9,19,15.2321)->(10,19,15.9142)->(11,19,16.4821)->(12,19,17)->(13,19,17.5)->(14,19,18.0179)->(15,19,18.5858)->(16,19,19.2679)->(17,19,20.5858)->(18,19,22.8)->(18,18,25.6)->(18,17,28.8142)->(19,17,5014.6)->
Agent 105:(14,24,2.2)->(14,23,3.81421)->(14,22,5.13205)->(14,21,5.81421)->(14,20,6.38205)->(14,19,6.9)->(14,18,7.4)->(14,17,7.9)->(14,16,8.4)->(14,15,8.9)->(14,14,9.41795)->(14,13,9.98579)->(14,12,10.6679)->(14,11,11.9858)->(14,10,17.4142)->(13,10,22.8426)->(12,10,24.1605)->(11,10,24.8426)->(10,10,25.4105)->(9,10,25.9463)->(8,10,26.5142)->(7,10,27.1963)->(6,10,28.5142)->(5,10,5013.96)->
Agent 106:(31,1,1.3)->(31,2,2.01421)->(31,3,3.33205)->(31,4,4.01421)->(31,5,4.58205)->(31,6,5.1)->(31,7,5.6)->(31,8,6.1)->(31,9,6.6)->(31,10,7.1)->(31,11,7.6)->(31,12,8.1)->(31,13,8.6)->(31,14,9.1)->(31,15,9.6)->(31,16,10.1)->(31,17,10.6)->(31,18,11.1)->(31,19,11.6)->(31,20,12.1)->(31,21,12.6)->(31,22,13.1)->(31,23,13.6)->(31,24,14.1179)->(31,25,14.6858)->(31,26,15.3679)->(31,27,16.6858)->(31,28,18.9)->(30,28,21.1142)->(29,28,22.4321)->(28,28,23.1142)->(27,28,23.6821)->(26,28,24.2179)->(25,28,24.7858)->(24,28,25.4679)->(23,28,26.7858)->(22,28,5013.1)->
Agent 107:(25,2,2.32843)->(25,3,4.07107)->(25,4,5.38891)->(25,5,6.07107)->(25,6,6.63891)->(25,7,7.15685)->(25,8,7.65685)->(25,9,8.15685)->(25,10,8.65685)->(25,11,9.15685)->(25,12,9.65685)->(25,13,10.1569)->(25,14,10.6569)->(25,15,11.1569)->(25,16,11.6569)->(25,17,12.1569)->(25,18,12.6569)->(25,19,13.1569)->(25,20,13.6569)->(25,21,14.1748)->(25,22,14.7426)->(25,23,15.4248)->(25,24,16.7426)->(25,25,18.9569)->(24,25,21.7569)->(23,25,5010.88)->
Agent 108:(27,22,1.8)->(26,22,3.01421)->(25,22,4.33205)->(24,22,5.0641)->(23,22,5.79615)->(22,22,7.11399)->(21,22,12.0925)->(21,21,17.0711)->(21,20,18.4049)->(21,19,19.2333)->(21,18,20.5672)->(21,17,5009.99)->
Agent 109:(5,7,1.3)->(5,8,2.01421)->(5,9,3.33205)->(5,10,4.01421)->(5,11,4.58205)->(5,12,5.1)->(5,13,5.6)->(5,14,6.1)->(5,15,6.6)->(5,16,7.11795)->(5,17,7.68579)->(5,18,8.36795)->(5,19,9.68579)->(5,20,11.9)->(6,20,14.1142)->(7,20,15.4321)->(8,20,16.1142)->(9,20,16.6821)->(10,20,17.2)->(11,20,17.7)->(12,20,18.2)->(13,20,18.7)->(14,20,19.2)->(15,20,19.7)->(16,20,20.2)->(17,20,20.7)->(18,20,21.2)->(19,20,21.7)->(20,20,22.2)->(21,20,22.7)->(22,20,23.2)->(23,20,23.7)->(24,20,24.2)->(25,20,24.7)->(26,20,25.2179)->(27,20,25.7858)->(28,20,26.4679)->(29,20,27.7858)->(30,20,30.4142)->(30,21,5015.4)->
