Agent 0:(15,2,1.71421)->(15,3,3.81421)->(16,3,6.44264)->(17,3,7.76048)->(18,3,8.44264)->(19,3,9.01048)->(20,3,9.52843)->(21,3,10.0464)->(22,3,10.6142)->(23,3,11.2964)->(24,3,12.6142)->(25,3,14.8284)->(25,4,17.0779)->(25,5,19.0779)->(25,6,26.5504)->(25,5,34.5733)->(25,4,5017.29)->
Agent 1:(10,12,1.71421)->(10,13,3.93579)->(11,13,6.68579)->(12,13,8.00362)->(13,13,8.68579)->(14,13,9.25362)->(15,13,9.77157)->(16,13,10.2716)->(17,13,10.7716)->(18,13,11.2716)->(19,13,11.7716)->(20,13,12.2895)->(21,13,12.8574)->(22,13,13.5395)->(23,13,14.8574)->(24,13,17.0716)->(24,14,19.8716)->(24,15,23.1179)->(25,15,25.7785)->(26,15,27.0964)->(27,15,27.7881)->(28,15,28.4238)->(29,15,29.1156)->(30,15,30.4334)->(31,15,5014.92)->
Agent 2:(30,17,2.2)->(30,16,3.84949)->(30,15,5.84949)->(30,14,9.19949)->(29,14,12.5142)->(28,14,13.8321)->(27,14,14.5142)->(26,14,15.0821)->(25,14,15.6179)->(24,14,16.1858)->(23,14,16.8679)->(22,14,18.1858)->(21,14,21.3142)->(21,13,25.4142)->(20,13,28.6284)->(19,13,31.8426)->(19,14,5016.11)->
Agent 3:(14,28,3.2)->(15,28,5.81421)->(16,28,7.22843)->(17,28,8.64264)->(18,28,12.0925)->(18,29,16.1282)->(18,30,18.9282)->(17,30,21.1424)->(16,30,22.4603)->(15,30,23.1923)->(14,30,23.9244)->(13,30,25.2422)->(12,30,5012.33)->
Agent 4:(13,0,1.71421)->(13,1,3.81421)->(14,1,6.44264)->(15,1,7.76048)->(16,1,8.44264)->(17,1,9.01048)->(18,1,9.52843)->(19,1,10.0284)->(20,1,10.5284)->(21,1,11.0284)->(22,1,11.5284)->(23,1,12.0284)->(24,1,12.5464)->(25,1,13.1142)->(26,1,13.7964)->(27,1,15.1142)->(28,1,17.4284)->(28,2,19.7426)->(28,3,21.0605)->(28,4,21.7426)->(28,5,22.3105)->(28,6,22.8284)->(28,7,23.3284)->(28,8,23.8284)->(28,9,24.3284)->(28,10,24.8284)->(28,11,25.3284)->(28,12,25.8284)->(28,13,26.3284)->(28,14,26.8284)->(28,15,27.3284)->(28,16,27.8284)->(28,17,28.3284)->(28,18,28.8284)->(28,19,29.3284)->(28,20,29.8284)->(28,21,30.3464)->(28,22,30.9142)->(28,23,31.5964)->(28,24,32.9142)->(28,25,35.1284)->(27,25,37.9284)->(26,25,40.7284)->(26,26,42.9426)->(26,27,44.3569)->(26,28,45.7711)->(26,29,5022.59)->
Agent 5:(10,23,1.3)->(10,24,2.01421)->(10,25,3.42843)->(10,26,4.84264)->(10,27,7.05685)->(9,27,9.30634)->(8,27,11.3063)->(7,27,13.5558)->(7,26,15.77)->(7,25,17.0879)->(7,24,17.77)->(7,23,18.3379)->(7,22,18.8558)->(7,21,19.3558)->(7,20,19.8558)->(7,19,20.3558)->(7,18,20.8558)->(7,17,21.3558)->(7,16,21.8738)->(7,15,22.4416)->(7,14,23.1238)->(7,13,24.4416)->(7,12,27.7784)->(6,12,31.1505)->(5,12,33.1505)->(4,12,35.5725)->(4,11,37.9593)->(4,10,39.2771)->(4,9,39.9689)->(4,8,40.6046)->(4,7,41.2963)->(4,6,42.6142)->(4,5,44.8284)->(3,5,47.6284)->(2,5,50.8426)->(2,4,5025.61)->
Agent 6:(15,4,1.3)->(15,5,2.01421)->(15,6,3.42843)->(15,7,4.84264)->(15,8,7.05685)->(14,8,9.27107)->(13,8,10.6049)->(12,8,11.4333)->(11,8,12.7672)->(10,8,14.9814)->(10,9,17.1956)->(10,10,18.5295)->(10,11,19.3579)->(10,12,20.6918)->(10,13,23.653)->(11,13,27.5858)->(11,14,30.2495)->(11,15,32.2495)->(11,16,5015.85)->
Agent 7:(11,23,2.74626)->(10,23,4.90674)->(9,23,6.22458)->(8,23,6.90674)->(7,23,7.47458)->(6,23,8.01048)->(5,23,8.57832)->(4,23,9.26048)->(3,23,10.5783)->(2,23,12.7925)->(2,22,15.0067)->(2,21,16.3246)->(2,20,17.0067)->(2,19,17.5746)->(2,18,18.1105)->(2,17,18.6783)->(2,16,19.3605)->(2,15,20.6783)->(2,14,25.8463)->(3,14,31.6)->(4,14,34.8142)->(4,15,5017.6)->
Agent 8:(3,13,4.46421)->(4,13,9.31421)->(4,12,11.9779)->(4,11,13.9779)->(4,10,18.9994)->(5,10,23.9856)->(6,10,25.3998)->(7,10,26.814)->(8,10,5013.11)->
Agent 9:(0,27,4.91421)->(0,26,9.24264)->(0,25,10.5605)->(0,24,11.2426)->(0,23,11.8105)->(0,22,12.3284)->(0,21,12.8284)->(0,20,13.3284)->(0,19,13.8284)->(0,18,14.3464)->(0,17,14.9142)->(0,16,15.5964)->(0,15,16.9142)->(0,14,29.5963)->(0,15,42.2783)->(0,16,43.5962)->(0,17,44.2783)->(0,18,44.8462)->(0,19,45.3821)->(0,20,45.9499)->(0,21,46.6321)->(0,22,47.9499)->(0,23,5023.68)->
Agent 10:(29,22,4.49999)->(28,22,8.41419)->(27,22,9.73202)->(26,22,10.4142)->(25,22,10.982)->(24,22,11.5)->(23,22,12)->(22,22,12.5)->(21,22,13)->(20,22,13.5)->(19,22,14)->(18,22,14.5)->(17,22,15)->(16,22,15.5)->(15,22,16)->(14,22,16.5)->(13,22,17)->(12,22,17.5)->(11,22,18)->(10,22,18.5)->(9,22,19)->(8,22,19.5179)->(7,22,20.0858)->(6,22,20.7679)->(5,22,22.0858)->(4,22,24.3)->(4,21,26.5142)->(4,20,27.832)->(4,19,28.5142)->(4,18,29.082)->(4,17,29.6)->(4,16,30.1)->(4,15,30.6)->(4,14,31.1)->(4,13,31.6)->(4,12,32.1)->(4,11,32.6)->(4,10,33.1)->(4,9,33.6179)->(4,8,34.1858)->(4,7,34.8679)->(4,6,36.1858)->(4,5,38.8142)->(3,5,42.4142)->(3,4,45.6284)->(3,3,5022.81)->
Agent 11:(5,31,2.21421)->(4,31,4.81421)->(4,30,7.44264)->(4,29,8.77649)->(4,28,9.60492)->(4,27,10.9388)->(4,26,5005.18)->
Agent 12:(23,22,2.97832)->(22,22,5.37084)->(21,22,6.68868)->(20,22,7.37084)->(19,22,7.93868)->(18,22,8.45663)->(17,22,8.95663)->(16,22,9.45663)->(15,22,9.95663)->(14,22,10.4566)->(13,22,10.9566)->(12,22,11.4566)->(11,22,11.9566)->(10,22,12.4566)->(9,22,12.9566)->(8,22,13.4566)->(7,22,13.9566)->(6,22,14.4746)->(5,22,15.0424)->(4,22,15.7246)->(3,22,17.0424)->(2,22,19.8383)->(2,23,5010.2)->
Agent 13:(31,9,2.21421)->(30,9,5.22843)->(30,10,9.46421)->(29,10,12.3495)->(28,10,14.3495)->(27,10,16.599)->(27,9,18.8132)->(27,8,20.131)->(27,7,20.8631)->(27,6,21.5951)->(27,5,22.913)->(27,4,27.7182)->(26,4,32.5234)->(25,4,33.8413)->(24,4,34.5234)->(23,4,35.0913)->(22,4,35.6092)->(21,4,36.1092)->(20,4,36.6092)->(19,4,37.1092)->(18,4,37.6092)->(17,4,38.1092)->(16,4,38.6092)->(15,4,39.1092)->(14,4,39.6092)->(13,4,40.1092)->(12,4,40.6092)->(11,4,41.1092)->(10,4,41.6272)->(9,4,42.195)->(8,4,42.8772)->(7,4,44.195)->(6,4,5021.8)->
Agent 14:(20,6,1.8637)->(19,6,3.14162)->(18,6,4.45946)->(17,6,5.14162)->(16,6,5.70946)->(15,6,6.22741)->(14,6,6.72741)->(13,6,7.22741)->(12,6,7.72741)->(11,6,8.22741)->(10,6,8.74536)->(9,6,9.31319)->(8,6,9.99536)->(7,6,11.3132)->(6,6,13.5274)->(6,7,15.7416)->(6,8,17.0595)->(6,9,17.7416)->(6,10,18.3095)->(6,11,18.8274)->(6,12,19.3454)->(6,13,19.9132)->(6,14,20.5954)->(6,15,21.9132)->(6,16,5010.66)->
Agent 15:(25,14,2.2)->(25,13,3.81421)->(25,12,5.13205)->(25,11,5.8641)->(25,10,6.59615)->(25,9,7.91399)->(25,8,10.4141)->(24,8,12.9142)->(23,8,14.2321)->(22,8,14.9142)->(21,8,15.4821)->(20,8,16)->(19,8,16.5)->(18,8,17)->(17,8,17.5)->(16,8,18)->(15,8,18.5)->(14,8,19)->(13,8,19.5179)->(12,8,20.0858)->(11,8,20.7679)->(10,8,22.0858)->(9,8,24.3)->(9,7,26.5495)->(9,6,28.5495)->(9,5,30.799)->(8,5,33.0132)->(7,5,34.4274)->(6,5,35.8416)->(5,5,5017.63)->
Agent 16:(9,17,2.61421)->(9,16,6.21421)->(10,16,9.44264)->(11,16,10.7605)->(12,16,11.4426)->(13,16,12.0105)->(14,16,12.5464)->(15,16,13.1142)->(16,16,13.7964)->(17,16,15.1142)->(18,16,17.3284)->(18,15,19.5426)->(18,14,20.8765)->(18,13,21.7049)->(18,12,23.0388)->(18,11,25.6672)->(19,11,29.6814)->(19,10,34.1098)->(20,10,5017.45)->
Agent 17:(21,20,2.21421)->(20,20,5.22843)->(20,19,17.5642)->(20,20,28.5142)->(20,21,29.8321)->(20,22,30.5142)->(20,23,31.0821)->(20,24,31.6)->(20,25,32.1179)->(20,26,32.6858)->(20,27,33.3679)->(20,28,34.6858)->(20,29,5017.05)->
Agent 18:(4,17,1.8)->(5,17,3.01421)->(6,17,4.33205)->(7,17,5.01421)->(8,17,5.58205)->(9,17,6.1)->(10,17,6.6)->(11,17,7.1)->(12,17,7.6)->(13,17,8.1)->(14,17,8.61795)->(15,17,9.18579)->(16,17,9.86795)->(17,17,11.1858)->(18,17,13.4)->(18,18,15.6142)->(18,19,16.9321)->(18,20,17.6142)->(18,21,18.1821)->(18,22,18.7179)->(18,23,19.2858)->(18,24,19.9679)->(18,25,21.2858)->(18,26,23.9142)->(19,26,27.9284)->(19,27,5014.36)->
Agent 19:(20,22,2.33783)->(20,23,4.08988)->(20,24,5.42373)->(20,25,6.25216)->(20,26,7.58601)->(20,27,11.3501)->(19,27,15.1142)->(18,27,16.4321)->(17,27,17.1142)->(16,27,17.6821)->(15,27,18.2)->(14,27,18.7179)->(13,27,19.2858)->(12,27,19.9679)->(11,27,21.2858)->(10,27,23.9142)->(10,26,28.5858)->(10,27,32.8716)->(10,28,5016.44)->
Agent 20:(0,20,2.2)->(0,19,3.81421)->(0,18,5.13205)->(0,17,5.81421)->(0,16,6.38205)->(0,15,6.91795)->(0,14,7.48579)->(0,13,8.16795)->(0,12,9.48579)->(0,11,20.2679)->(1,11,31.0501)->(2,11,32.3679)->(3,11,33.0501)->(4,11,33.6179)->(5,11,34.1359)->(6,11,34.6359)->(7,11,35.1359)->(8,11,35.6359)->(9,11,36.1359)->(10,11,36.6359)->(11,11,37.1359)->(12,11,37.6359)->(13,11,38.1359)->(14,11,38.6359)->(15,11,39.1538)->(16,11,39.7217)->(17,11,40.4038)->(18,11,41.7217)->(19,11,5020.57)->
Agent 21:(15,28,2.2)->(15,27,3.81421)->(15,26,5.13205)->(15,25,5.81421)->(15,24,6.38205)->(15,23,6.91795)->(15,22,7.48579)->(15,21,8.16795)->(15,20,9.48579)->(15,19,11.7)->(14,19,13.9142)->(13,19,15.2321)->(12,19,15.9641)->(11,19,16.6962)->(10,19,18.014)->(9,19,5008.71)->
Agent 22:(30,12,2.61421)->(30,11,7.4)->(29,11,11.8142)->(28,11,13.1321)->(27,11,13.8641)->(26,11,14.5962)->(25,11,15.914)->(24,11,21.6329)->(24,10,27.3519)->(24,9,28.6697)->(24,8,29.3519)->(24,7,29.9376)->(24,6,30.5234)->(24,5,31.2056)->(24,4,32.5234)->(24,3,34.7376)->(23,3,36.9519)->(22,3,38.2697)->(21,3,39.0017)->(20,3,39.7338)->(19,3,41.0516)->(18,3,5020.23)->
Agent 23:(14,31,2.61421)->(14,30,6.21421)->(15,30,9.44264)->(16,30,10.7605)->(17,30,11.4426)->(18,30,12.0105)->(19,30,12.5284)->(20,30,13.0464)->(21,30,13.6142)->(22,30,14.2964)->(23,30,15.6142)->(24,30,22.5642)->(24,29,29.5142)->(24,28,30.8321)->(24,27,31.5142)->(24,26,32.0821)->(24,25,32.6)->(24,24,33.1)->(24,23,33.6)->(24,22,34.1)->(24,21,34.6)->(24,20,35.1179)->(24,19,35.6858)->(24,18,36.3679)->(24,17,37.6858)->(24,16,40.3822)->(25,16,43.6643)->(26,16,5021.83)->
Agent 24:(12,15,2.21421)->(11,15,4.81421)->(11,16,8.02843)->(11,17,14.6142)->(10,17,20.6142)->(9,17,21.9321)->(8,17,22.6142)->(7,17,23.1821)->(6,17,23.7179)->(5,17,24.2858)->(4,17,24.9679)->(3,17,26.2858)->(2,17,5012.85)->
Agent 25:(31,14,1.3)->(31,15,2.01421)->(31,16,3.33205)->(31,17,4.01421)->(31,18,4.58205)->(31,19,5.1)->(31,20,5.6)->(31,21,6.1)->(31,22,6.61795)->(31,23,7.18579)->(31,24,7.86795)->(31,25,9.18579)->(31,26,11.8142)->(30,26,15.4142)->(30,25,18.0426)->(30,24,19.3605)->(30,23,20.0522)->(30,22,20.6879)->(30,21,21.3797)->(30,20,22.6975)->(30,19,26.6059)->(29,19,30.5142)->(28,19,31.8321)->(27,19,32.5142)->(26,19,33.1)->(25,19,33.6858)->(24,19,34.3679)->(23,19,35.6858)->(22,19,5017.55)->
Agent 26:(26,14,2.21421)->(27,14,5.22843)->(27,13,5003.01)->
Agent 27:(3,29,1.8)->(4,29,3.01421)->(5,29,4.33205)->(6,29,5.01421)->(7,29,5.58205)->(8,29,6.1)->(9,29,6.6)->(10,29,7.1)->(11,29,7.6)->(12,29,8.1)->(13,29,8.61795)->(14,29,9.18579)->(15,29,9.86795)->(16,29,11.1858)->(17,29,14.3)->(17,28,17.4142)->(17,27,18.7321)->(17,26,19.4142)->(17,25,19.9821)->(17,24,20.5)->(17,23,21)->(17,22,21.5)->(17,21,22)->(17,20,22.5)->(17,19,23)->(17,18,23.5)->(17,17,24)->(17,16,24.5)->(17,15,25.0179)->(17,14,25.5858)->(17,13,26.2679)->(17,12,27.5858)->(17,11,30.8926)->(18,11,34.1995)->(19,11,35.5173)->(20,11,36.1995)->(21,11,36.7853)->(22,11,37.3711)->(23,11,38.0532)->(24,11,39.3711)->(25,11,41.5853)->(25,10,43.7995)->(25,9,45.1173)->(25,8,45.8494)->(25,7,46.5814)->(25,6,47.8993)->(25,5,5023.66)->
Agent 28:(8,31,3.33205)->(8,30,6.07832)->(8,29,7.39615)->(8,28,8.07832)->(8,27,8.64615)->(8,26,9.1641)->(8,25,9.6641)->(8,24,10.1641)->(8,23,10.6641)->(8,22,11.1641)->(8,21,11.6641)->(8,20,12.1641)->(8,19,12.6641)->(8,18,13.1641)->(8,17,13.6641)->(8,16,14.1641)->(8,15,14.6641)->(8,14,15.1821)->(8,13,15.7499)->(8,12,16.4321)->(8,11,17.7499)->(8,10,19.9641)->(9,10,22.1783)->(10,10,23.4962)->(11,10,24.1783)->(12,10,24.7462)->(13,10,25.2641)->(14,10,25.7641)->(15,10,26.2641)->(16,10,26.7641)->(17,10,27.2641)->(18,10,27.7641)->(19,10,28.2641)->(20,10,28.7641)->(21,10,29.2641)->(22,10,29.7641)->(23,10,30.2641)->(24,10,30.7821)->(25,10,31.3499)->(26,10,32.0321)->(27,10,33.3499)->(28,10,5016.38)->
Agent 29:(26,13,4.3)->(26,14,8.01421)->(26,15,9.33205)->(26,16,10.0142)->(26,17,10.5821)->(26,18,11.1)->(26,19,11.6)->(26,20,12.1)->(26,21,12.6)->(26,22,13.1)->(26,23,13.6)->(26,24,14.1179)->(26,25,14.6858)->(26,26,15.3679)->(26,27,16.6858)->(26,28,19.8)->(25,28,22.9142)->(24,28,24.2321)->(23,28,24.9142)->(22,28,25.4821)->(21,28,26)->(20,28,26.5)->(19,28,27)->(18,28,27.5)->(17,28,28)->(16,28,28.5179)->(15,28,29.0858)->(14,28,29.7679)->(13,28,31.0858)->(12,28,33.7142)->(12,29,37.3142)->(11,29,39.9426)->(10,29,41.2765)->(9,29,42.1049)->(8,29,43.4388)->(7,29,5021.43)->
Agent 30:(24,27,2.21421)->(23,27,4.81421)->(23,26,7.44264)->(23,25,8.76048)->(23,24,9.44264)->(23,23,10.0105)->(23,22,10.5284)->(23,21,11.0464)->(23,20,11.6142)->(23,19,12.2964)->(23,18,13.6142)->(23,17,16.2426)->(24,17,22.3142)->(24,16,27.4142)->(24,15,28.7321)->(24,14,29.4238)->(24,13,30.0595)->(24,12,30.7513)->(24,11,32.0691)->(24,10,34.2833)->(23,10,36.5328)->(22,10,38.5328)->(21,10,5018.99)->
Agent 31:(9,0,2.6137)->(9,1,4.64162)->(9,2,5.95946)->(9,3,6.64162)->(9,4,7.20946)->(9,5,7.72741)->(9,6,8.22741)->(9,7,8.72741)->(9,8,9.22741)->(9,9,9.72741)->(9,10,10.2274)->(9,11,10.7274)->(9,12,11.2274)->(9,13,11.7454)->(9,14,12.3132)->(9,15,12.9954)->(9,16,14.3132)->(9,17,16.5274)->(8,17,18.7416)->(7,17,20.0595)->(6,17,20.7416)->(5,17,21.3274)->(4,17,21.9132)->(3,17,22.5954)->(2,17,23.9132)->(1,17,26.1274)->(1,18,28.3416)->(1,19,29.7558)->(1,20,31.17)->(1,21,5015.29)->
Agent 32:(11,20,4.62157)->(12,20,8.65736)->(13,20,10.0716)->(14,20,11.4858)->(15,20,13.7)->(15,21,15.9142)->(15,22,17.2321)->(15,23,17.9641)->(15,24,18.6962)->(15,25,20.014)->(15,26,5009.71)->
Agent 33:(30,19,2.2)->(30,18,3.84949)->(30,17,5.84949)->(30,16,11.1315)->(29,16,16.3783)->(28,16,17.6962)->(27,16,18.3783)->(26,16,18.9462)->(25,16,19.4641)->(24,16,19.9641)->(23,16,20.4821)->(22,16,21.0499)->(21,16,21.7321)->(20,16,23.0499)->(19,16,5011.23)->
Agent 34:(5,8,1.8)->(6,8,3.04949)->(7,8,5.04949)->(8,8,14.6315)->(8,9,24.1783)->(8,10,25.4962)->(8,11,26.1783)->(8,12,26.7462)->(8,13,27.2641)->(8,14,27.7641)->(8,15,28.2641)->(8,16,28.7641)->(8,17,29.2821)->(8,18,29.8499)->(8,19,30.5321)->(8,20,31.8499)->(8,21,5015.63)->
Agent 35:(17,3,2.91421)->(18,3,5.24264)->(19,3,6.56048)->(20,3,7.24264)->(21,3,7.81048)->(22,3,8.32843)->(23,3,8.82843)->(24,3,9.32843)->(25,3,9.82843)->(26,3,10.3284)->(27,3,10.8464)->(28,3,11.4142)->(29,3,12.0964)->(30,3,13.4142)->(31,3,17.0443)->(31,4,20.6744)->(31,5,21.9923)->(31,6,22.6744)->(31,7,23.2423)->(31,8,23.7602)->(31,9,24.2602)->(31,10,24.7602)->(31,11,25.2602)->(31,12,25.7602)->(31,13,26.2602)->(31,14,26.7602)->(31,15,27.2602)->(31,16,27.7602)->(31,17,28.2602)->(31,18,28.7782)->(31,19,29.346)->(31,20,30.0282)->(31,21,31.346)->(31,22,33.9744)->(30,22,5017.18)->
Agent 36:(4,20,1.3)->(4,21,2.01421)->(4,22,3.34806)->(4,23,4.17649)->(4,24,5.51034)->(4,25,7.72456)->(5,25,9.93877)->(6,25,11.2566)->(7,25,11.9887)->(8,25,12.7207)->(9,25,14.0385)->(10,25,21.9585)->(10,24,29.8785)->(10,23,31.1963)->(10,22,31.8785)->(10,21,32.4463)->(10,20,32.9643)->(10,19,33.4643)->(10,18,33.9643)->(10,17,34.4643)->(10,16,34.9643)->(10,15,35.4643)->(10,14,35.9822)->(10,13,36.5501)->(10,12,37.2322)->(10,11,38.5501)->(10,10,41.1785)->(9,10,5020.78)->
Agent 37:(29,8,2.21421)->(30,8,5.21421)->(29,8,8.24264)->(28,8,9.65685)->(27,8,11.0711)->(26,8,13.2853)->(26,7,15.4995)->(26,6,16.8173)->(26,5,17.5091)->(26,4,18.1448)->(26,3,18.8365)->(26,2,20.1544)->(26,1,22.3686)->(27,1,25.1686)->(28,1,5012.58)->
Agent 38:(16,19,1.3)->(16,20,2.6)->(16,21,10.9642)->(15,21,18.7426)->(14,21,20.0605)->(13,21,20.7426)->(12,21,21.3105)->(11,21,21.8464)->(10,21,22.4142)->(9,21,23.0964)->(8,21,24.4142)->(7,21,27.3284)->(7,22,5014)->
Agent 39:(31,30,3.69638)->(30,30,6.80697)->(29,30,8.1248)->(28,30,8.85685)->(27,30,9.58891)->(26,30,10.9067)->(25,30,5005.16)->
Agent 40:(27,17,1.71421)->(27,18,3.81421)->(26,18,6.44264)->(25,18,7.76048)->(24,18,8.44264)->(23,18,9.01048)->(22,18,9.52843)->(21,18,10.0464)->(20,18,10.6142)->(19,18,11.2964)->(18,18,12.6142)->(17,18,14.8642)->(17,17,17.1142)->(17,16,18.4321)->(17,15,19.1142)->(17,14,19.6821)->(17,13,20.2)->(17,12,20.7)->(17,11,21.2179)->(17,10,21.7858)->(17,9,22.4679)->(17,8,23.7858)->(17,7,26.4142)->(16,7,30.4284)->(16,6,34.8569)->(17,6,5017.83)->
Agent 41:(15,0,2.4142)->(14,0,4.24261)->(13,0,5.56045)->(12,0,6.24261)->(11,0,6.81045)->(10,0,7.3284)->(9,0,7.8284)->(8,0,8.3284)->(7,0,8.8284)->(6,0,9.34635)->(5,0,9.91419)->(4,0,10.5963)->(3,0,11.9142)->(2,0,16.2105)->(2,1,20.5067)->(2,2,21.8246)->(2,3,22.5067)->(2,4,23.0746)->(2,5,23.5925)->(2,6,24.1105)->(2,7,24.6783)->(2,8,25.3605)->(2,9,26.6783)->(2,10,5013.05)->
Agent 42:(28,19,2.4142)->(27,19,4.24261)->(26,19,5.56045)->(25,19,6.25222)->(24,19,6.88789)->(23,19,7.57966)->(22,19,8.8975)->(21,19,11.1117)->(21,18,13.3259)->(21,17,14.6438)->(21,16,15.3259)->(21,15,15.8938)->(21,14,16.4117)->(21,13,16.9117)->(21,12,17.4297)->(21,11,17.9975)->(21,10,18.6797)->(21,9,19.9975)->(21,8,22.2117)->(20,8,24.4259)->(19,8,25.7438)->(18,8,26.4259)->(17,8,26.9938)->(16,8,27.5117)->(15,8,28.0117)->(14,8,28.5117)->(13,8,29.0117)->(12,8,29.5297)->(11,8,30.0975)->(10,8,30.7797)->(9,8,32.0975)->(8,8,34.7259)->(8,9,38.3259)->(7,9,40.9544)->(6,9,42.3686)->(5,9,43.7828)->(4,9,5021.6)->
Agent 43:(1,19,2.2)->(1,18,3.81421)->(1,17,5.13205)->(1,16,5.81421)->(1,15,6.38205)->(1,14,6.9)->(1,13,7.41795)->(1,12,7.98579)->(1,11,8.66795)->(1,10,9.98579)->(1,9,15.9105)->(2,9,21.8352)->(3,9,23.153)->(4,9,23.8352)->(5,9,24.421)->(6,9,25.0067)->(7,9,25.6889)->(8,9,27.0067)->(9,9,5013.21)->
Agent 44:(7,24,5.99626)->(7,23,11.4067)->(7,22,12.7246)->(7,21,13.4067)->(7,20,13.9746)->(7,19,14.4925)->(7,18,14.9925)->(7,17,15.4925)->(7,16,15.9925)->(7,15,16.5105)->(7,14,17.0783)->(7,13,17.7605)->(7,12,19.0783)->(7,11,24.6389)->(8,11,30.1995)->(9,11,31.5173)->(10,11,32.1995)->(11,11,32.7673)->(12,11,33.2853)->(13,11,33.7853)->(14,11,34.2853)->(15,11,34.7853)->(16,11,35.2853)->(17,11,35.7853)->(18,11,36.2853)->(19,11,36.8032)->(20,11,37.3711)->(21,11,38.0532)->(22,11,39.3711)->(23,11,5019.39)->
Agent 45:(19,21,3.38579)->(19,20,6.18579)->(19,19,7.50362)->(19,18,8.18579)->(19,17,8.75362)->(19,16,9.27157)->(19,15,9.77157)->(19,14,10.2716)->(19,13,10.7716)->(19,12,11.2716)->(19,11,11.7716)->(19,10,12.2716)->(19,9,12.7716)->(19,8,13.2716)->(19,7,13.7716)->(19,6,14.2716)->(19,5,14.7895)->(19,4,15.3574)->(19,3,16.0395)->(19,2,17.3574)->(19,1,19.5716)->(18,1,21.7858)->(17,1,23.1036)->(16,1,23.7858)->(15,1,24.3536)->(14,1,24.8716)->(13,1,25.3716)->(12,1,25.8716)->(11,1,26.3716)->(10,1,26.8895)->(9,1,27.4574)->(8,1,28.1395)->(7,1,29.4574)->(6,1,32.0858)->(6,0,5016.24)->
Agent 46:(5,9,2.95)->(5,10,5.31421)->(5,11,6.63205)->(5,12,7.31421)->(5,13,7.88205)->(5,14,8.4)->(5,15,8.9)->(5,16,9.4)->(5,17,9.91795)->(5,18,10.4858)->(5,19,11.1679)->(5,20,12.4858)->(5,21,15.1142)->(6,21,21.7142)->(5,21,27.9284)->(4,21,5013.96)->
Agent 47:(25,6,1.8)->(24,6,3.01421)->(23,6,4.33205)->(22,6,5.01421)->(21,6,5.58205)->(20,6,6.1)->(19,6,6.6)->(18,6,7.1)->(17,6,7.6)->(16,6,8.1)->(15,6,8.6)->(14,6,9.1)->(13,6,9.61795)->(12,6,10.1858)->(11,6,10.8679)->(10,6,12.1858)->(9,6,14.4)->(9,7,16.6142)->(9,8,17.9321)->(9,9,18.6142)->(9,10,19.1821)->(9,11,19.7179)->(9,12,20.2858)->(9,13,20.9679)->(9,14,22.2858)->(9,15,26.2321)->(8,15,30.1783)->(7,15,31.4962)->(6,15,32.1783)->(5,15,32.7462)->(4,15,33.2821)->(3,15,33.8499)->(2,15,34.5321)->(1,15,35.8499)->(0,15,38.0641)->(0,16,40.2783)->(0,17,41.5962)->(0,18,42.2783)->(0,19,42.8462)->(0,20,43.3821)->(0,21,43.9499)->(0,22,44.6321)->(0,23,45.9499)->(0,24,5022.68)->
Agent 48:(15,31,4.86795)->(16,31,9.15011)->(17,31,10.4679)->(18,31,11.1597)->(19,31,11.7954)->(20,31,12.4872)->(21,31,13.805)->(22,31,16.0192)->(22,30,18.2334)->(22,29,19.5513)->(22,28,20.2334)->(22,27,20.8013)->(22,26,21.3192)->(22,25,21.8192)->(22,24,22.3192)->(22,23,22.8192)->(22,22,23.3372)->(22,21,23.905)->(22,20,24.5872)->(22,19,25.905)->(22,18,5012.66)->
Agent 49:(3,6,1.8)->(4,6,3.6)->(5,6,6.8)->(4,6,9.41421)->(3,6,10.8284)->(2,6,12.2426)->(1,6,20.8983)->(1,7,29.554)->(1,8,30.8878)->(1,9,31.7162)->(1,10,33.0501)->(1,11,5016.23)->
Agent 50:(31,20,2.21421)->(30,20,5.22843)->(30,19,10.0501)->(29,19,13.486)->(28,19,14.8038)->(27,19,15.5359)->(26,19,16.2679)->(25,19,17.5858)->(24,19,20.2142)->(24,20,24.5322)->(23,20,27.8785)->(22,20,29.1964)->(21,20,29.8785)->(20,20,30.4464)->(19,20,30.9643)->(18,20,31.4643)->(17,20,31.9643)->(16,20,32.4643)->(15,20,32.9643)->(14,20,33.4643)->(13,20,33.9643)->(12,20,34.4643)->(11,20,34.9643)->(10,20,35.4643)->(9,20,35.9643)->(8,20,36.4643)->(7,20,36.9643)->(6,20,37.4823)->(5,20,38.0501)->(4,20,38.7323)->(3,20,40.0501)->(2,20,42.2643)->(2,19,45.0643)->(2,18,5022.53)->
Agent 51:(17,14,1.8)->(18,14,3.01421)->(19,14,4.33205)->(20,14,5.0641)->(21,14,5.79615)->(22,14,7.11399)->(23,14,9.74242)->(23,15,13.5641)->(24,15,16.4142)->(25,15,17.8284)->(26,15,19.2426)->(27,15,21.4569)->(27,16,23.6711)->(27,17,24.9889)->(27,18,25.721)->(27,19,26.453)->(27,20,27.7708)->(27,21,30.3993)->(26,21,5015.39)->
Agent 52:(24,30,2.2)->(24,29,3.81421)->(24,28,5.13205)->(24,27,5.81421)->(24,26,6.38205)->(24,25,6.9)->(24,24,7.41795)->(24,23,7.98579)->(24,22,8.66795)->(24,21,9.98579)->(24,20,12.3359)->(23,20,14.686)->(22,20,16.0038)->(21,20,16.7359)->(20,20,17.4679)->(19,20,18.7858)->(18,20,21.6463)->(18,19,24.5067)->(18,18,25.8246)->(18,17,26.5067)->(18,16,27.0746)->(18,15,27.5925)->(18,14,28.0925)->(18,13,28.5925)->(18,12,29.0925)->(18,11,29.5925)->(18,10,30.0925)->(18,9,30.5925)->(18,8,31.0925)->(18,7,31.5925)->(18,6,32.0925)->(18,5,32.6105)->(18,4,33.1783)->(18,3,33.8605)->(18,2,35.1783)->(18,1,37.3925)->(17,1,40.1925)->(16,1,5020.1)->
Agent 53:(28,12,2.57841)->(28,13,4.57104)->(28,14,5.88888)->(28,15,6.57104)->(28,16,7.13888)->(28,17,7.65683)->(28,18,8.15683)->(28,19,8.67478)->(28,20,9.24261)->(28,21,9.92478)->(28,22,11.2426)->(28,23,13.5431)->(29,23,15.8789)->(30,23,17.8789)->(31,23,20.5426)->(31,24,5010.46)->
Agent 54:(28,20,2.71421)->(27,20,4.84264)->(26,20,6.16048)->(25,20,6.84264)->(24,20,7.41048)->(23,20,7.92843)->(22,20,8.42843)->(21,20,8.92843)->(20,20,9.44638)->(19,20,10.0142)->(18,20,10.6964)->(17,20,12.0142)->(16,20,15.0463)->(16,19,18.6641)->(16,18,21.4641)->(15,18,23.6783)->(14,18,24.9962)->(13,18,25.6783)->(12,18,26.2462)->(11,18,26.7641)->(10,18,27.2821)->(9,18,27.8499)->(8,18,28.5321)->(7,18,29.8499)->(6,18,32.4783)->(6,19,5016.43)->
Agent 55:(7,25,1.8)->(8,25,3.01421)->(9,25,4.42843)->(10,25,5.84264)->(11,25,15.7789)->(11,26,25.7505)->(11,27,27.7505)->(11,28,5013.6)->
Agent 56:(25,31,2.2)->(25,30,3.81421)->(25,29,5.13205)->(25,28,5.81421)->(25,27,6.38205)->(25,26,6.9)->(25,25,7.4)->(25,24,7.9)->(25,23,8.4)->(25,22,8.9)->(25,21,9.4)->(25,20,9.91795)->(25,19,10.4858)->(25,18,11.1679)->(25,17,12.4858)->(25,16,14.7)->(24,16,16.9142)->(23,16,18.2321)->(22,16,18.9142)->(21,16,19.4821)->(20,16,20)->(19,16,20.5)->(18,16,21)->(17,16,21.5)->(16,16,22.0179)->(15,16,22.5858)->(14,16,23.2679)->(13,16,24.5858)->(12,16,28.2879)->(12,15,31.9901)->(12,14,33.3079)->(12,13,33.9901)->(12,12,34.5579)->(12,11,35.0758)->(12,10,35.5758)->(12,9,36.0938)->(12,8,36.6616)->(12,7,37.3438)->(12,6,38.6616)->(12,5,5019.04)->
Agent 57:(23,17,2.21421)->(22,17,4.81421)->(22,16,7.44264)->(22,15,8.76048)->(22,14,9.44264)->(22,13,10.0105)->(22,12,10.5284)->(22,11,11.0284)->(22,10,11.5284)->(22,9,12.0284)->(22,8,12.5284)->(22,7,13.0284)->(22,6,13.5284)->(22,5,14.0464)->(22,4,14.6142)->(22,3,15.2964)->(22,2,16.6142)->(22,1,19.2426)->(23,1,5009.81)->
Agent 58:(14,0,1.3)->(14,1,2.04949)->(14,2,4.04949)->(14,3,6.29898)->(15,3,8.51319)->(16,3,9.83103)->(17,3,10.5631)->(18,3,11.2951)->(19,3,12.613)->(20,3,15.2414)->(20,2,21.0636)->(20,3,25.9142)->(20,4,27.2321)->(20,5,27.9142)->(20,6,28.4821)->(20,7,29)->(20,8,29.5)->(20,9,30)->(20,10,30.5)->(20,11,31)->(20,12,31.5179)->(20,13,32.0858)->(20,14,32.7679)->(20,15,34.0858)->(20,16,5016.75)->
Agent 59:(18,15,1.8)->(19,15,3.01421)->(20,15,4.33205)->(21,15,5.01421)->(22,15,5.58205)->(23,15,6.1)->(24,15,6.61795)->(25,15,7.18579)->(26,15,7.86795)->(27,15,9.18579)->(28,15,11.5321)->(28,16,13.8783)->(28,17,15.1962)->(28,18,15.8783)->(28,19,16.4462)->(28,20,16.9641)->(28,21,17.4641)->(28,22,17.9821)->(28,23,18.5499)->(28,24,19.2321)->(28,25,20.5499)->(28,26,5009.98)->
Agent 60:(2,21,2.78579)->(3,21,4.98579)->(4,21,6.30362)->(5,21,6.98579)->(6,21,7.55362)->(7,21,8.07157)->(8,21,8.58952)->(9,21,9.15736)->(10,21,9.83952)->(11,21,11.1574)->(12,21,13.5857)->(12,20,16.014)->(12,19,17.3318)->(12,18,18.014)->(12,17,18.5818)->(12,16,19.1177)->(12,15,19.6856)->(12,14,20.3677)->(12,13,21.6856)->(12,12,24.314)->(13,12,31.302)->(12,12,5017.54)->
Agent 61:(1,8,2.2)->(1,7,3.81421)->(1,6,5.13205)->(1,5,5.81421)->(1,4,6.4)->(1,3,6.98579)->(1,2,7.66795)->(1,1,8.98579)->(1,0,15.7463)->(2,0,22.5067)->(3,0,23.8246)->(4,0,24.5067)->(5,0,25.0746)->(6,0,25.5925)->(7,0,26.0925)->(8,0,26.5925)->(9,0,27.0925)->(10,0,27.5925)->(11,0,28.0925)->(12,0,28.5925)->(13,0,29.0925)->(14,0,29.5925)->(15,0,30.0925)->(16,0,30.5925)->(17,0,31.0925)->(18,0,31.5925)->(19,0,32.0925)->(20,0,32.5925)->(21,0,33.0925)->(22,0,33.5925)->(23,0,34.0925)->(24,0,34.5925)->(25,0,35.0925)->(26,0,35.6105)->(27,0,36.1783)->(28,0,36.8605)->(29,0,38.1783)->(30,0,40.3925)->(30,1,43.1925)->(30,2,5021.6)->
Agent 62:(12,9,1.8)->(13,9,3.01421)->(14,9,4.33205)->(15,9,5.01421)->(16,9,5.58205)->(17,9,6.1)->(18,9,6.6)->(19,9,7.11795)->(20,9,7.68579)->(21,9,8.36795)->(22,9,9.68579)->(23,9,12.5321)->(23,10,15.3783)->(23,11,16.6962)->(23,12,17.3783)->(23,13,17.9462)->(23,14,18.4641)->(23,15,18.9641)->(23,16,19.4641)->(23,17,19.9821)->(23,18,20.5499)->(23,19,21.2321)->(23,20,22.5499)->(23,21,24.7641)->(24,21,27.5641)->(25,21,5013.78)->
Agent 63:(25,26,2.76421)->(25,25,4.94264)->(25,24,6.26048)->(25,23,6.94264)->(25,22,7.51048)->(25,21,8.02843)->(25,20,8.52843)->(25,19,9.02843)->(25,18,9.52843)->(25,17,10.0284)->(25,16,10.5464)->(25,15,11.1142)->(25,14,11.7964)->(25,13,13.1142)->(25,12,15.7426)->(26,12,19.3426)->(26,11,21.9711)->(26,10,23.2889)->(26,9,23.9711)->(26,8,24.5389)->(26,7,25.0569)->(26,6,25.5748)->(26,5,26.1426)->(26,4,26.8248)->(26,3,28.1426)->(26,2,30.7711)->(25,2,5015.58)->
Agent 64:(13,14,1.8)->(14,14,3.01421)->(15,14,4.33205)->(16,14,5.02382)->(17,14,5.65949)->(18,14,6.35126)->(19,14,7.6691)->(20,14,9.88331)->(20,15,12.1328)->(20,16,14.1328)->(20,17,16.7965)->(21,17,20.3965)->(21,18,23.6107)->(21,19,5011.81)->
Agent 65:(2,12,1.3)->(2,13,2.01421)->(2,14,3.33205)->(2,15,4.0641)->(2,16,4.79615)->(2,17,6.11399)->(2,18,8.34615)->(3,18,10.5783)->(4,18,11.8962)->(5,18,12.5783)->(6,18,13.1462)->(7,18,13.6641)->(8,18,14.1641)->(9,18,14.6641)->(10,18,15.1641)->(11,18,15.6641)->(12,18,16.1641)->(13,18,16.6641)->(14,18,17.1641)->(15,18,17.6641)->(16,18,18.1641)->(17,18,18.6641)->(18,18,19.1641)->(19,18,19.6641)->(20,18,20.1641)->(21,18,20.6641)->(22,18,21.1821)->(23,18,21.7499)->(24,18,22.4321)->(25,18,23.7499)->(26,18,25.9641)->(26,19,28.7641)->(26,20,5014.38)->
Agent 66:(22,10,1.8)->(21,10,3.01421)->(20,10,4.33205)->(19,10,5.01421)->(18,10,5.58205)->(17,10,6.1)->(16,10,6.61795)->(15,10,7.18579)->(14,10,7.86795)->(13,10,9.18579)->(12,10,11.4)->(12,9,13.6142)->(12,8,15.0284)->(12,7,16.4426)->(12,6,23.2784)->(11,6,5013.94)->
Agent 67:(11,24,3.12843)->(10,24,6.64264)->(10,25,9.27107)->(10,26,10.5889)->(10,27,11.2807)->(10,28,11.9163)->(10,29,12.6081)->(10,30,13.926)->(10,31,16.5544)->(11,31,29.1485)->(11,30,41.3569)->(11,29,5020.68)->
Agent 68:(2,31,4.40961)->(3,31,8.23343)->(4,31,9.55126)->(5,31,10.2334)->(6,31,10.8013)->(7,31,11.3192)->(8,31,11.8192)->(9,31,12.3192)->(10,31,12.8192)->(11,31,13.3192)->(12,31,13.8192)->(13,31,14.3192)->(14,31,14.8192)->(15,31,15.3192)->(16,31,15.8192)->(17,31,16.3192)->(18,31,16.8372)->(19,31,17.405)->(20,31,18.0872)->(21,31,19.405)->(22,31,22.0334)->(22,30,26.0476)->(23,30,30.4761)->(23,31,5015.64)->
Agent 69:(31,4,3.91421)->(31,5,7.24264)->(31,6,8.56048)->(31,7,9.24264)->(31,8,9.81048)->(31,9,10.3284)->(31,10,10.8284)->(31,11,11.3284)->(31,12,11.8284)->(31,13,12.3284)->(31,14,12.8284)->(31,15,13.3464)->(31,16,13.9142)->(31,17,14.5964)->(31,18,15.9142)->(31,19,18.1284)->(30,19,20.3426)->(29,19,21.6605)->(28,19,22.3426)->(27,19,22.9284)->(26,19,23.5142)->(25,19,24.1964)->(24,19,25.5142)->(23,19,28.5248)->(23,20,32.507)->(22,20,35.1354)->(21,20,36.4532)->(20,20,37.1853)->(19,20,37.9173)->(18,20,39.2352)->(17,20,5019.32)->
Agent 70:(27,19,1.3)->(27,20,2.01421)->(27,21,3.34806)->(27,22,4.17649)->(27,23,5.51034)->(27,24,7.72456)->(26,24,9.93877)->(25,24,11.2566)->(24,24,11.9887)->(23,24,12.7207)->(22,24,14.0385)->(21,24,16.667)->(21,23,21.0812)->(21,24,5011.14)->
Agent 71:(4,30,3.01421)->(5,30,5.44264)->(6,30,6.76048)->(7,30,7.44264)->(8,30,8.01048)->(9,30,8.52843)->(10,30,9.02843)->(11,30,9.52843)->(12,30,10.0284)->(13,30,10.5284)->(14,30,11.0284)->(15,30,11.5464)->(16,30,12.1142)->(17,30,12.7964)->(18,30,14.1142)->(19,30,17.0142)->(19,29,19.9142)->(19,28,21.2321)->(19,27,21.9142)->(19,26,22.4821)->(19,25,23)->(19,24,23.5)->(19,23,24.0179)->(19,22,24.5858)->(19,21,25.2679)->(19,20,26.5858)->(19,19,5013)->
Agent 72:(11,17,1.71421)->(11,18,4.22843)->(10,18,8.24264)->(10,17,11.4569)->(10,16,14.5921)->(9,16,17.1416)->(8,16,18.4595)->(7,16,19.1512)->(6,16,19.7869)->(5,16,20.4787)->(4,16,21.7965)->(3,16,27.3196)->(4,16,5015.3)->
Agent 73:(26,18,1.8)->(25,18,3.01421)->(24,18,4.33205)->(23,18,5.01421)->(22,18,5.58205)->(21,18,6.1)->(20,18,6.6)->(19,18,7.1)->(18,18,7.6)->(17,18,8.11795)->(16,18,8.68579)->(15,18,9.36795)->(14,18,10.6858)->(13,18,12.9)->(13,17,15.1142)->(13,16,16.4321)->(13,15,17.1142)->(13,14,17.6821)->(13,13,18.2)->(13,12,18.7)->(13,11,19.2)->(13,10,19.7)->(13,9,20.2)->(13,8,20.7)->(13,7,21.2179)->(13,6,21.7858)->(13,5,22.4679)->(13,4,23.7858)->(13,3,26.3716)->(12,3,28.9574)->(11,3,30.2752)->(10,3,30.9574)->(9,3,31.5252)->(8,3,32.0431)->(7,3,32.5431)->(6,3,33.0611)->(5,3,33.6289)->(4,3,34.3111)->(3,3,35.6289)->(2,3,5017.52)->
Agent 74:(23,21,2.65374)->(22,21,4.72168)->(21,21,6.03952)->(20,21,6.77157)->(19,21,7.50362)->(18,21,8.82146)->(17,21,12.2463)->(17,20,17.4605)->(16,20,22.65)->(16,21,26.0501)->(16,22,27.3679)->(16,23,28.0501)->(16,24,28.6359)->(16,25,29.2217)->(16,26,29.9038)->(16,27,31.2217)->(16,28,33.4359)->(17,28,35.6501)->(18,28,36.9679)->(19,28,37.6501)->(20,28,38.2179)->(21,28,38.7359)->(22,28,39.2359)->(23,28,39.7538)->(24,28,40.3217)->(25,28,41.0038)->(26,28,42.3217)->(27,28,44.9501)->(27,29,5022.67)->
Agent 75:(2,5,1.3)->(2,6,2.01421)->(2,7,3.33205)->(2,8,4.02382)->(2,9,4.65949)->(2,10,5.35126)->(2,11,6.6691)->(2,12,10.3737)->(3,12,14.0783)->(4,12,15.3962)->(5,12,16.0783)->(6,12,16.6462)->(7,12,17.1641)->(8,12,17.6641)->(9,12,18.1641)->(10,12,18.6821)->(11,12,19.2499)->(12,12,19.9321)->(13,12,21.2499)->(14,12,5010.33)->
Agent 76:(18,31,2.2)->(18,30,4.4)->(18,29,7.2)->(19,29,9.41421)->(20,29,10.8284)->(21,29,12.2426)->(22,29,14.4569)->(22,28,16.6711)->(22,27,17.9889)->(22,26,18.6711)->(22,25,19.2389)->(22,24,19.7569)->(22,23,20.2569)->(22,22,20.7569)->(22,21,21.2748)->(22,20,21.8426)->(22,19,22.5248)->(22,18,23.8426)->(22,17,26.0569)->(23,17,28.8569)->(24,17,31.6569)->(24,16,33.8711)->(24,15,35.1889)->(24,14,35.8711)->(24,13,36.4389)->(24,12,36.9569)->(24,11,37.4569)->(24,10,37.9748)->(24,9,38.5426)->(24,8,39.2248)->(24,7,40.5426)->(24,6,43.1711)->(23,6,5021.78)->
Agent 77:(2,20,2.37157)->(3,20,4.15736)->(4,20,5.4752)->(5,20,6.15736)->(6,20,6.7252)->(7,20,7.26109)->(8,20,7.82893)->(9,20,8.51109)->(10,20,9.82893)->(11,20,14.8074)->(11,19,19.7858)->(11,18,21.1036)->(11,17,21.7858)->(11,16,22.3536)->(11,15,22.8716)->(11,14,23.3716)->(11,13,23.8716)->(11,12,24.3716)->(11,11,24.8716)->(11,10,25.3716)->(11,9,25.8716)->(11,8,26.3716)->(11,7,26.8716)->(11,6,27.3716)->(11,5,27.8716)->(11,4,28.3895)->(11,3,28.9574)->(11,2,29.6395)->(11,1,30.9574)->(11,0,33.1716)->(12,0,35.3858)->(13,0,36.7036)->(14,0,37.3858)->(15,0,37.9536)->(16,0,38.4716)->(17,0,38.9716)->(18,0,39.4716)->(19,0,39.9716)->(20,0,40.4716)->(21,0,40.9716)->(22,0,41.4716)->(23,0,41.9895)->(24,0,42.5574)->(25,0,43.2395)->(26,0,44.5574)->(27,0,5021.99)->
Agent 78:(12,25,4.03579)->(12,24,7.48579)->(12,23,8.80362)->(12,22,9.48579)->(12,21,10.0536)->(12,20,10.5716)->(12,19,11.0716)->(12,18,11.5895)->(12,17,12.1574)->(12,16,12.8395)->(12,15,14.1574)->(12,14,16.3716)->(11,14,19.1716)->(10,14,26.6058)->(11,14,34.0399)->(12,14,5017.02)->
Agent 79:(11,0,1.71421)->(11,1,4.5137)->(12,1,7.84162)->(13,1,9.15946)->(14,1,9.84162)->(15,1,10.4095)->(16,1,10.9274)->(17,1,11.4454)->(18,1,12.0132)->(19,1,12.6954)->(20,1,14.0132)->(21,1,5006.71)->
Agent 80:(31,3,2.21421)->(30,3,6.2641)->(30,4,10.3424)->(30,5,11.6603)->(30,6,12.3424)->(30,7,12.9103)->(30,8,13.4282)->(30,9,13.9282)->(30,10,14.4282)->(30,11,14.9282)->(30,12,15.4282)->(30,13,15.9282)->(30,14,16.4462)->(30,15,17.014)->(30,16,17.6962)->(30,17,19.014)->(30,18,21.6424)->(29,18,27.9783)->(29,19,33.9284)->(29,20,5016.96)->
Agent 81:(27,12,2.2)->(27,11,3.84949)->(27,10,5.84949)->(27,9,9.43205)->(28,9,13.0146)->(29,9,15.0146)->(30,9,5007.23)->
Agent 82:(20,18,2.2)->(20,17,3.81421)->(20,16,5.13205)->(20,15,5.81421)->(20,14,6.38205)->(20,13,6.9)->(20,12,7.4)->(20,11,7.9)->(20,10,8.4)->(20,9,8.9)->(20,8,9.41795)->(20,7,9.98579)->(20,6,10.6679)->(20,5,11.9858)->(20,4,14.75)->(19,4,17.5142)->(18,4,18.8321)->(17,4,19.5142)->(16,4,20.0821)->(15,4,20.6)->(14,4,21.1)->(13,4,21.6)->(12,4,22.1)->(11,4,22.6)->(10,4,23.1)->(9,4,23.6)->(8,4,24.1179)->(7,4,24.6858)->(6,4,25.3679)->(5,4,26.6858)->(4,4,5013.05)->
Agent 83:(31,6,2.55)->(30,6,4.51421)->(29,6,5.83205)->(28,6,6.51421)->(27,6,7.08205)->(26,6,7.6)->(25,6,8.11795)->(24,6,8.68579)->(23,6,9.36795)->(22,6,10.6858)->(21,6,19.2)->(21,7,27.7142)->(21,8,29.0321)->(21,9,29.7142)->(21,10,30.2821)->(21,11,30.8179)->(21,12,31.3858)->(21,13,32.0679)->(21,14,33.3858)->(21,15,36.0142)->(20,15,5018.2)->
Agent 84:(20,0,1.8)->(19,0,3.04949)->(18,0,5.04949)->(17,0,15.6242)->(17,1,26.1636)->(17,2,27.4814)->(17,3,28.1636)->(17,4,28.7314)->(17,5,29.2494)->(17,6,29.7673)->(17,7,30.3352)->(17,8,31.0173)->(17,9,32.3352)->(17,10,5015.87)->
Agent 85:(31,10,1.3)->(31,11,2.01421)->(31,12,3.33205)->(31,13,4.01421)->(31,14,4.58205)->(31,15,5.1)->(31,16,5.6)->(31,17,6.1)->(31,18,6.6)->(31,19,7.1)->(31,20,7.61795)->(31,21,8.18579)->(31,22,8.86795)->(31,23,10.1858)->(31,24,13.05)->(30,24,15.9142)->(29,24,17.2321)->(28,24,17.9142)->(27,24,18.4821)->(26,24,19)->(25,24,19.5)->(24,24,20)->(23,24,20.5)->(22,24,21)->(21,24,21.5)->(20,24,22)->(19,24,22.5)->(18,24,23)->(17,24,23.5)->(16,24,24)->(15,24,24.5)->(14,24,25)->(13,24,25.5)->(12,24,26)->(11,24,26.5)->(10,24,27.0179)->(9,24,27.5858)->(8,24,28.2679)->(7,24,29.5858)->(6,24,5014.5)->
Agent 86:(20,4,1.8)->(19,4,3.01421)->(18,4,4.33205)->(17,4,5.01421)->(16,4,5.58205)->(15,4,6.1)->(14,4,6.6)->(13,4,7.1)->(12,4,7.6)->(11,4,8.1)->(10,4,8.6)->(9,4,9.11795)->(8,4,9.68579)->(7,4,10.3679)->(6,4,11.6858)->(5,4,13.9)->(5,5,16.1142)->(5,6,17.4321)->(5,7,18.1142)->(5,8,18.6821)->(5,9,19.2)->(5,10,19.7)->(5,11,20.2)->(5,12,20.7)->(5,13,21.2)->(5,14,21.7)->(5,15,22.2)->(5,16,22.7)->(5,17,23.2)->(5,18,23.7)->(5,19,24.2)->(5,20,24.7)->(5,21,25.2)->(5,22,25.7)->(5,23,26.2)->(5,24,26.7)->(5,25,27.2)->(5,26,27.7179)->(5,27,28.2858)->(5,28,28.9679)->(5,29,30.2858)->(5,30,5014.85)->
Agent 87:(8,17,2.2)->(8,16,3.84949)->(8,15,5.84949)->(8,14,8.09898)->(9,14,10.3132)->(10,14,11.631)->(11,14,12.3132)->(12,14,12.899)->(13,14,13.4848)->(14,14,14.1669)->(15,14,15.4848)->(16,14,5007.45)->
Agent 88:(7,28,1.8)->(8,28,3.01421)->(9,28,4.33205)->(10,28,5.01421)->(11,28,5.58205)->(12,28,6.11795)->(13,28,6.68579)->(14,28,7.36795)->(15,28,8.68579)->(16,28,11.3821)->(16,27,14.0783)->(16,26,15.4122)->(16,25,16.2406)->(16,24,17.5744)->(16,23,22.2265)->(17,23,26.8785)->(18,23,28.1964)->(19,23,28.8785)->(20,23,29.4464)->(21,23,29.9643)->(22,23,30.4643)->(23,23,30.9643)->(24,23,31.4823)->(25,23,32.0501)->(26,23,32.7323)->(27,23,34.0501)->(28,23,36.6785)->(28,24,5018.53)->
Agent 89:(15,21,2.2)->(15,20,3.81421)->(15,19,5.13205)->(15,18,5.81421)->(15,17,6.38205)->(15,16,6.9)->(15,15,7.4)->(15,14,7.9)->(15,13,8.41795)->(15,12,8.98579)->(15,11,9.66795)->(15,10,10.9858)->(15,9,13.6142)->(16,9,22.0463)->(16,10,5013.63)->
Agent 90:(0,26,2.2)->(0,25,3.81421)->(0,24,5.13205)->(0,23,5.81421)->(0,22,6.38205)->(0,21,6.9)->(0,20,7.4)->(0,19,7.91795)->(0,18,8.48579)->(0,17,9.16795)->(0,16,10.4858)->(0,15,12.7)->(1,15,14.9142)->(2,15,16.2321)->(3,15,16.9142)->(4,15,17.4821)->(5,15,18)->(6,15,18.5)->(7,15,19)->(8,15,19.5)->(9,15,20)->(10,15,20.5)->(11,15,21)->(12,15,21.5)->(13,15,22)->(14,15,22.5)->(15,15,23)->(16,15,23.5)->(17,15,24)->(18,15,24.5)->(19,15,25)->(20,15,25.5)->(21,15,26)->(22,15,26.5)->(23,15,27)->(24,15,27.5)->(25,15,28.0179)->(26,15,28.5858)->(27,15,29.2679)->(28,15,30.5858)->(29,15,32.8)->(29,16,35.6)->(29,17,5017.8)->
Agent 91:(3,5,2.99626)->(3,6,5.40674)->(3,7,6.72458)->(3,8,7.40674)->(3,9,7.97458)->(3,10,8.49253)->(3,11,8.99253)->(3,12,9.49253)->(3,13,9.99253)->(3,14,10.4925)->(3,15,10.9925)->(3,16,11.4925)->(3,17,11.9925)->(3,18,12.4925)->(3,19,12.9925)->(3,20,13.4925)->(3,21,13.9925)->(3,22,14.4925)->(3,23,14.9925)->(3,24,15.4925)->(3,25,16.0105)->(3,26,16.5783)->(3,27,17.2605)->(3,28,18.5783)->(3,29,20.7925)->(4,29,23.0067)->(5,29,24.3246)->(6,29,25.0067)->(7,29,25.5746)->(8,29,26.0925)->(9,29,26.6105)->(10,29,27.1783)->(11,29,27.8605)->(12,29,29.1783)->(13,29,5014.3)->
Agent 92:(18,22,2.2)->(18,21,3.81421)->(18,20,5.13205)->(18,19,5.81421)->(18,18,6.38205)->(18,17,6.9)->(18,16,7.4)->(18,15,7.9)->(18,14,8.4)->(18,13,8.91795)->(18,12,9.48579)->(18,11,10.1679)->(18,10,11.4858)->(18,9,20.4963)->(17,9,29.5067)->(16,9,30.8246)->(15,9,31.5163)->(14,9,32.152)->(13,9,32.8438)->(12,9,34.1616)->(11,9,5016.79)->
Agent 93:(5,11,2.95)->(6,11,5.31421)->(7,11,6.63205)->(8,11,7.31421)->(9,11,7.88205)->(10,11,8.4)->(11,11,8.9)->(12,11,9.4)->(13,11,9.9)->(14,11,10.4)->(15,11,10.9)->(16,11,11.4)->(17,11,11.9)->(18,11,12.4179)->(19,11,12.9858)->(20,11,13.6679)->(21,11,14.9858)->(22,11,20.4358)->(22,12,25.8858)->(22,13,27.2196)->(22,14,28.0481)->(22,15,29.3819)->(22,16,5014.4)->
Agent 94:(28,7,1.82841)->(28,8,3.07104)->(28,9,4.38888)->(28,10,5.07104)->(28,11,5.63888)->(28,12,6.15683)->(28,13,6.65683)->(28,14,7.15683)->(28,15,7.65683)->(28,16,8.15683)->(28,17,8.67478)->(28,18,9.24261)->(28,19,9.92478)->(28,20,11.2426)->(28,21,13.5964)->(27,21,15.9501)->(26,21,17.2679)->(25,21,17.9501)->(24,21,18.5359)->(23,21,19.1217)->(22,21,19.8038)->(21,21,21.1217)->(20,21,24.0001)->(20,22,26.8785)->(20,23,28.1964)->(20,24,28.8785)->(20,25,29.4464)->(20,26,29.9823)->(20,27,30.5501)->(20,28,31.2323)->(20,29,32.5501)->(20,30,5015.98)->
Agent 95:(31,21,1.8)->(30,21,3.01421)->(29,21,4.33205)->(28,21,5.01421)->(27,21,5.58205)->(26,21,6.1)->(25,21,6.6)->(24,21,7.1)->(23,21,7.61795)->(22,21,8.18579)->(21,21,8.86795)->(20,21,10.1858)->(19,21,12.4)->(19,20,14.6142)->(19,19,15.9321)->(19,18,16.6142)->(19,17,17.1821)->(19,16,17.7)->(19,15,18.2)->(19,14,18.7)->(19,13,19.2)->(19,12,19.7)->(19,11,20.2)->(19,10,20.7)->(19,9,21.2)->(19,8,21.7)->(19,7,22.2)->(19,6,22.7)->(19,5,23.2179)->(19,4,23.7858)->(19,3,24.4679)->(19,2,25.7858)->(19,1,5012.6)->
Agent 96:(28,31,2.21421)->(27,31,4.81421)->(27,30,7.44264)->(27,29,8.76048)->(27,28,9.44264)->(27,27,10.0105)->(27,26,10.5284)->(27,25,11.0284)->(27,24,11.5284)->(27,23,12.0284)->(27,22,12.5284)->(27,21,13.0284)->(27,20,13.5284)->(27,19,14.0284)->(27,18,14.5464)->(27,17,15.1142)->(27,16,15.7964)->(27,15,17.1142)->(27,14,19.7426)->(26,14,23.3426)->(26,13,25.9711)->(26,12,27.2889)->(26,11,27.9807)->(26,10,28.6163)->(26,9,29.3081)->(26,8,30.626)->(26,7,33.2544)->(27,7,5016.82)->
Agent 97:(28,2,3.26795)->(27,2,5.95011)->(26,2,7.26795)->(25,2,7.95011)->(24,2,8.51795)->(23,2,9.0359)->(22,2,9.5359)->(21,2,10.0359)->(20,2,10.5359)->(19,2,11.0538)->(18,2,11.6217)->(17,2,12.3038)->(16,2,13.6217)->(15,2,15.8359)->(15,3,18.0501)->(15,4,19.3679)->(15,5,20.0501)->(15,6,20.6179)->(15,7,21.1359)->(15,8,21.6359)->(15,9,22.1359)->(15,10,22.6359)->(15,11,23.1359)->(15,12,23.6359)->(15,13,24.1538)->(15,14,24.7217)->(15,15,25.4038)->(15,16,26.7217)->(15,17,5013.07)->
Agent 98:(19,31,5.6)->(19,30,10.6142)->(19,29,11.9321)->(19,28,12.6142)->(19,27,13.1821)->(19,26,13.7)->(19,25,14.2)->(19,24,14.7)->(19,23,15.2)->(19,22,15.7)->(19,21,16.2)->(19,20,16.7)->(19,19,17.2)->(19,18,17.7179)->(19,17,18.2858)->(19,16,18.9679)->(19,15,20.2858)->(19,14,22.5)->(20,14,24.7142)->(21,14,26.0321)->(22,14,26.7142)->(23,14,27.2821)->(24,14,27.8)->(25,14,28.3)->(26,14,28.8179)->(27,14,29.3858)->(28,14,30.0679)->(29,14,31.3858)->(30,14,5015.4)->
Agent 99:(18,5,3.67256)->(19,5,6.75933)->(20,5,8.07716)->(21,5,8.76893)->(22,5,9.40461)->(23,5,10.0964)->(24,5,11.4142)->(25,5,13.6284)->(25,6,15.8426)->(25,7,17.1605)->(25,8,17.8426)->(25,9,18.4105)->(25,10,18.9284)->(25,11,19.4284)->(25,12,19.9284)->(25,13,20.4464)->(25,14,21.0142)->(25,15,21.6964)->(25,16,23.0142)->(25,17,5011.21)->
Agent 100:(31,8,4.41421)->(31,9,8.24264)->(31,10,9.56048)->(31,11,10.2426)->(31,12,10.8105)->(31,13,11.3284)->(31,14,11.8284)->(31,15,12.3284)->(31,16,12.8284)->(31,17,13.3284)->(31,18,13.8284)->(31,19,14.3284)->(31,20,14.8284)->(31,21,15.3464)->(31,22,15.9142)->(31,23,16.5964)->(31,24,17.9142)->(31,25,20.1284)->(30,25,22.3426)->(29,25,23.6605)->(28,25,24.3426)->(27,25,24.9105)->(26,25,25.4284)->(25,25,25.9284)->(24,25,26.4284)->(23,25,26.9284)->(22,25,27.4284)->(21,25,27.9284)->(20,25,28.4284)->(19,25,28.9284)->(18,25,29.4464)->(17,25,30.0142)->(16,25,30.6964)->(15,25,32.0142)->(14,25,5015.71)->
Agent 101:(4,7,1.3)->(4,8,2.01421)->(4,9,3.33205)->(4,10,4.01421)->(4,11,4.58205)->(4,12,5.1)->(4,13,5.6)->(4,14,6.1)->(4,15,6.6)->(4,16,7.1)->(4,17,7.6)->(4,18,8.1)->(4,19,8.61795)->(4,20,9.18579)->(4,21,9.86795)->(4,22,11.1858)->(4,23,14.0463)->(3,23,16.942)->(2,23,18.942)->(1,23,5009.2)->
Agent 102:(20,12,1.8)->(19,12,3.01421)->(18,12,4.33205)->(17,12,5.01421)->(16,12,5.58205)->(15,12,6.1)->(14,12,6.6)->(13,12,7.1)->(12,12,7.6)->(11,12,8.11795)->(10,12,8.68579)->(9,12,9.36795)->(8,12,10.6858)->(7,12,12.9)->(7,11,15.1142)->(7,10,16.5284)->(7,9,17.9426)->(7,8,5008.68)->
Agent 103:(2,24,4.58205)->(2,23,8.57832)->(2,22,9.89615)->(2,21,10.5783)->(2,20,11.1462)->(2,19,11.6641)->(2,18,12.1641)->(2,17,12.6641)->(2,16,13.1641)->(2,15,13.6641)->(2,14,14.1641)->(2,13,14.6641)->(2,12,15.1641)->(2,11,15.6821)->(2,10,16.2499)->(2,9,16.9321)->(2,8,18.2499)->(2,7,20.8783)->(3,7,5010.63)->
Agent 104:(14,15,1.3)->(14,16,2.01421)->(14,17,3.33205)->(14,18,4.01421)->(14,19,4.58205)->(14,20,5.1)->(14,21,5.6)->(14,22,6.1)->(14,23,6.6)->(14,24,7.11795)->(14,25,7.68579)->(14,26,8.36795)->(14,27,9.68579)->(14,28,17.15)->(13,28,24.6142)->(12,28,25.9321)->(11,28,26.6142)->(10,28,27.1821)->(9,28,27.7179)->(8,28,28.2858)->(7,28,28.9679)->(6,28,30.2858)->(5,28,5014.85)->
Agent 105:(6,20,2.2)->(6,19,3.81421)->(6,18,5.13205)->(6,17,5.82382)->(6,16,6.45949)->(6,15,7.15126)->(6,14,8.4691)->(6,13,10.7917)->(7,13,13.1142)->(8,13,14.4321)->(9,13,15.1142)->(10,13,15.6821)->(11,13,16.2)->(12,13,16.7)->(13,13,17.2)->(14,13,17.7)->(15,13,18.2)->(16,13,18.7)->(17,13,19.2)->(18,13,19.7)->(19,13,20.2179)->(20,13,20.7858)->(21,13,21.4679)->(22,13,22.7858)->(23,13,5011.1)->
Agent 106:(20,26,3.0859)->(19,26,5.58601)->(18,26,6.90385)->(17,26,7.6359)->(16,26,8.36795)->(15,26,9.68579)->(14,26,12.3179)->(14,25,14.9501)->(14,24,16.2679)->(14,23,16.9501)->(14,22,17.5179)->(14,21,18.0538)->(14,20,18.6217)->(14,19,19.3038)->(14,18,20.6217)->(14,17,5010.02)->
Agent 107:(24,9,2.2)->(24,8,4.4)->(24,7,7.2)->(25,7,9.41421)->(26,7,10.7481)->(27,7,11.5765)->(28,7,12.9103)->(29,7,5006.16)->
Agent 108:(29,2,1.3)->(29,3,2.01421)->(29,4,3.33205)->(29,5,4.01421)->(29,6,4.58205)->(29,7,5.1)->(29,8,5.6)->(29,9,6.1)->(29,10,6.6)->(29,11,7.1)->(29,12,7.6)->(29,13,8.1)->(29,14,8.6)->(29,15,9.1)->(29,16,9.6)->(29,17,10.1)->(29,18,10.6)->(29,19,11.1)->(29,20,11.6)->(29,21,12.1)->(29,22,12.6)->(29,23,13.1179)->(29,24,13.6858)->(29,25,14.3679)->(29,26,15.6858)->(29,27,18.4)->(28,27,21.1142)->(27,27,22.4321)->(26,27,23.1142)->(25,27,23.6821)->(24,27,24.2)->(23,27,24.7)->(22,27,25.2)->(21,27,25.7)->(20,27,26.2)->(19,27,26.7)->(18,27,27.2)->(17,27,27.7)->(16,27,28.2179)->(15,27,28.7858)->(14,27,29.4679)->(13,27,30.7858)->(12,27,5015.1)->
Agent 109:(24,2,4)->(24,3,7.41421)->(24,4,8.73205)->(24,5,9.41421)->(24,6,9.98205)->(24,7,10.5)->(24,8,11)->(24,9,11.5)->(24,10,12)->(24,11,12.5)->(24,12,13)->(24,13,13.5)->(24,14,14)->(24,15,14.5)->(24,16,15)->(24,17,15.5)->(24,18,16)->(24,19,16.5)->(24,20,17)->(24,21,17.5)->(24,22,18)->(24,23,18.5)->(24,24,19)->(24,25,19.5179)->(24,26,20.0858)->(24,27,20.7679)->(24,28,22.0858)->(24,29,24.3)->(23,29,26.5142)->(22,29,27.8321)->(21,29,28.5142)->(20,29,29.0821)->(19,29,29.6179)->(18,29,30.1858)->(17,29,30.8679)->(16,29,32.1858)->(15,29,5015.8)->
