Agent 0:(10,6,1.8)->(11,6,3.6)->(12,6,6.97843)->(12,7,12.5963)->(13,7,17.0783)->(14,7,18.3962)->(15,7,19.0783)->(16,7,19.6462)->(17,7,20.1641)->(18,7,20.6821)->(19,7,21.2499)->(20,7,21.9321)->(21,7,23.2499)->(22,7,25.8783)->(22,8,29.8925)->(23,8,5015.35)->
Agent 1:(5,30,7.74638)->(5,29,14.907)->(5,28,16.2248)->(5,27,16.907)->(5,26,17.4748)->(5,25,17.9928)->(5,24,18.4928)->(5,23,19.0107)->(5,22,19.5785)->(5,21,20.2607)->(5,20,21.5785)->(5,19,23.7928)->(4,19,26.007)->(3,19,27.3408)->(2,19,28.1692)->(1,19,29.5031)->(0,19,5014.46)->
Agent 2:(8,27,9.33205)->(8,26,18.0783)->(8,25,19.3962)->(8,24,20.0783)->(8,23,20.6462)->(8,22,21.1641)->(8,21,21.6641)->(8,20,22.1641)->(8,19,22.6641)->(8,18,23.1641)->(8,17,23.6641)->(8,16,24.1641)->(8,15,24.6641)->(8,14,25.1641)->(8,13,25.6641)->(8,12,26.1641)->(8,11,26.6641)->(8,10,27.1821)->(8,9,27.7499)->(8,8,28.4321)->(8,7,29.7499)->(8,6,32.3783)->(9,6,5016.38)->
Agent 3:(22,20,1.8)->(23,20,3.01421)->(24,20,4.42843)->(25,20,5.84264)->(26,20,11.2573)->(25,20,17.2577)->(24,20,20.0577)->(24,21,22.2719)->(24,22,23.5897)->(24,23,24.2719)->(24,24,24.8397)->(24,25,25.3577)->(24,26,25.8577)->(24,27,26.3756)->(24,28,26.9434)->(24,29,27.6256)->(24,30,28.9434)->(24,31,5014.18)->
Agent 4:(31,16,2.2)->(31,15,3.81421)->(31,14,5.13205)->(31,13,5.81421)->(31,12,6.38205)->(31,11,6.9)->(31,10,7.4)->(31,9,7.9)->(31,8,8.4)->(31,7,8.91795)->(31,6,9.48579)->(31,5,10.1679)->(31,4,11.4858)->(31,3,16.55)->(30,3,21.6142)->(29,3,22.9321)->(28,3,23.6142)->(27,3,24.2)->(26,3,24.7858)->(25,3,25.4679)->(24,3,26.7858)->(23,3,5013.1)->
Agent 5:(5,9,1.8)->(5,10,3.01421)->(5,11,4.34806)->(5,12,5.17649)->(5,13,6.51034)->(5,14,10.7085)->(6,14,14.9067)->(7,14,16.2246)->(8,14,16.9067)->(9,14,17.4746)->(10,14,18.0105)->(11,14,18.5783)->(12,14,19.2605)->(13,14,20.5783)->(14,14,23.1283)->(14,15,25.6783)->(14,16,26.9962)->(14,17,27.6783)->(14,18,28.2641)->(14,19,28.8499)->(14,20,29.5321)->(14,21,30.8499)->(14,22,5015.13)->
Agent 6:(9,18,1.8)->(8,18,3.6)->(7,18,6.4)->(7,19,8.61421)->(7,20,9.93205)->(7,21,10.6142)->(7,22,11.1821)->(7,23,11.7179)->(7,24,12.2858)->(7,25,12.9679)->(7,26,14.2858)->(7,27,5006.85)->
Agent 7:(4,30,7.33216)->(4,29,14.0785)->(4,28,15.3964)->(4,27,16.0785)->(4,26,16.6464)->(4,25,17.1643)->(4,24,17.6643)->(4,23,18.1643)->(4,22,18.6643)->(4,21,19.1643)->(4,20,19.6643)->(4,19,20.1643)->(4,18,20.6643)->(4,17,21.1643)->(4,16,21.6823)->(4,15,22.2501)->(4,14,22.9323)->(4,13,24.2501)->(4,12,28.9822)->(5,12,33.7495)->(6,12,35.7495)->(7,12,5017.6)->
Agent 8:(12,21,1.8)->(13,21,3.01421)->(14,21,4.33205)->(15,21,5.02382)->(16,21,5.65949)->(17,21,6.35126)->(18,21,7.6691)->(19,21,10.3397)->(19,22,13.0103)->(19,23,14.3282)->(19,24,15.0103)->(19,25,15.5961)->(19,26,16.1819)->(19,27,16.8641)->(19,28,18.1819)->(19,29,5008.8)->
Agent 9:(1,9,1.3)->(1,10,2.01421)->(1,11,3.33205)->(1,12,4.01421)->(1,13,4.58205)->(1,14,5.1)->(1,15,5.6)->(1,16,6.11795)->(1,17,6.68579)->(1,18,7.36795)->(1,19,8.68579)->(1,20,12.6321)->(2,20,16.5783)->(3,20,17.8962)->(4,20,18.5783)->(5,20,19.1462)->(6,20,19.6641)->(7,20,20.1641)->(8,20,20.6641)->(9,20,21.1641)->(10,20,21.6641)->(11,20,22.1641)->(12,20,22.6641)->(13,20,23.1641)->(14,20,23.6641)->(15,20,24.1641)->(16,20,24.6641)->(17,20,25.1821)->(18,20,25.7499)->(19,20,26.4321)->(20,20,27.7499)->(21,20,29.9641)->(21,21,32.2136)->(21,22,34.2136)->(21,23,36.4631)->(22,23,38.6773)->(23,23,39.9951)->(24,23,40.6773)->(25,23,41.2451)->(26,23,41.7631)->(27,23,42.281)->(28,23,42.8489)->(29,23,43.531)->(30,23,44.8489)->(31,23,5022.13)->
Agent 10:(24,21,1.3)->(24,22,2.6)->(24,23,5.4)->(23,23,7.64949)->(22,23,9.64949)->(21,23,12.8956)->(21,22,16.1065)->(21,21,17.4244)->(21,20,18.1065)->(21,19,18.6923)->(21,18,19.2781)->(21,17,19.9603)->(21,16,21.2781)->(21,15,23.4923)->(20,15,25.7065)->(19,15,27.0244)->(18,15,27.7065)->(17,15,28.2744)->(16,15,28.7923)->(15,15,29.2923)->(14,15,29.7923)->(13,15,30.2923)->(12,15,30.8103)->(11,15,31.3781)->(10,15,32.0603)->(9,15,33.3781)->(8,15,5016.4)->
Agent 11:(20,21,2.2)->(20,20,3.81421)->(20,19,5.13205)->(20,18,5.81421)->(20,17,6.38205)->(20,16,6.9)->(20,15,7.4)->(20,14,7.9)->(20,13,8.4)->(20,12,8.9)->(20,11,9.4)->(20,10,9.9)->(20,9,10.4)->(20,8,10.9)->(20,7,11.4)->(20,6,11.9)->(20,5,12.4)->(20,4,12.9179)->(20,3,13.4858)->(20,2,14.1679)->(20,1,15.4858)->(20,0,17.7)->(21,0,19.9142)->(22,0,21.2321)->(23,0,21.9142)->(24,0,22.5)->(25,0,23.0858)->(26,0,23.7679)->(27,0,25.0858)->(28,0,27.3)->(28,1,29.5142)->(28,2,30.8321)->(28,3,31.5142)->(28,4,32.0821)->(28,5,32.6)->(28,6,33.1)->(28,7,33.6)->(28,8,34.1)->(28,9,34.6)->(28,10,35.1)->(28,11,35.6)->(28,12,36.1)->(28,13,36.6179)->(28,14,37.1858)->(28,15,37.8679)->(28,16,39.1858)->(28,17,5019.3)->
Agent 12:(13,11,2.3)->(12,11,4.01421)->(11,11,5.33205)->(10,11,6.01421)->(9,11,6.58205)->(8,11,7.1)->(7,11,7.61795)->(6,11,8.18579)->(5,11,8.86795)->(4,11,10.1858)->(3,11,12.4)->(3,12,14.6142)->(3,13,15.9321)->(3,14,16.6142)->(3,15,17.1821)->(3,16,17.7)->(3,17,18.2)->(3,18,18.7)->(3,19,19.2)->(3,20,19.7)->(3,21,20.2)->(3,22,20.7179)->(3,23,21.2858)->(3,24,21.9679)->(3,25,23.2858)->(3,26,5011.35)->
Agent 13:(25,18,2.2)->(24,18,3.81421)->(23,18,5.13205)->(22,18,5.81421)->(21,18,6.38205)->(20,18,6.9)->(19,18,7.41795)->(18,18,7.98579)->(17,18,8.66795)->(16,18,9.98579)->(15,18,12.2)->(15,17,14.4142)->(15,16,15.7481)->(15,15,16.5765)->(15,14,17.9103)->(15,13,23.8158)->(14,13,29.7212)->(13,13,31.1355)->(12,13,32.5497)->(11,13,5015.98)->
Agent 14:(17,30,2.21421)->(16,30,5.22843)->(16,31,5003.01)->
Agent 15:(21,8,1.8)->(22,8,3.04949)->(23,8,5.04949)->(24,8,7.29898)->(24,7,9.51319)->(24,6,10.847)->(24,5,11.6755)->(24,4,13.0093)->(24,3,18.3438)->(24,4,24.2641)->(24,5,31.1425)->(23,5,38.021)->(22,5,5019.01)->
Agent 16:(9,26,2.53205)->(9,25,4.47832)->(9,24,5.79615)->(9,23,6.48792)->(9,22,7.1236)->(9,21,7.81537)->(9,20,9.1332)->(9,19,12.4076)->(10,19,15.6819)->(11,19,16.9998)->(12,19,17.6819)->(13,19,18.2498)->(14,19,18.7677)->(15,19,19.2677)->(16,19,19.7677)->(17,19,20.2677)->(18,19,20.7857)->(19,19,21.3535)->(20,19,22.0357)->(21,19,23.3535)->(22,19,25.6443)->(22,18,27.9352)->(22,17,29.253)->(22,16,29.9352)->(22,15,30.503)->(22,14,31.021)->(22,13,31.521)->(22,12,32.021)->(22,11,32.521)->(22,10,33.021)->(22,9,33.521)->(22,8,34.0389)->(22,7,34.6067)->(22,6,35.2889)->(22,5,36.6067)->(22,4,38.821)->(23,4,41.0352)->(24,4,42.353)->(25,4,43.0352)->(26,4,43.603)->(27,4,44.1389)->(28,4,44.7067)->(29,4,45.3889)->(30,4,46.7067)->(31,4,49.3352)->(31,5,5024.86)->
Agent 17:(1,18,2.21421)->(0,18,12.9859)->(1,18,23.786)->(2,18,25.1038)->(3,18,25.8359)->(4,18,26.5679)->(5,18,27.8858)->(6,18,5013.65)->
Agent 18:(11,3,1.71421)->(11,4,3.81421)->(12,4,6.44264)->(13,4,7.76048)->(14,4,8.45225)->(15,4,9.08792)->(16,4,9.77969)->(17,4,11.0975)->(18,4,13.3117)->(18,3,16.1117)->(18,2,20.6879)->(19,2,24.6783)->(20,2,25.9962)->(21,2,26.6783)->(22,2,27.2641)->(23,2,27.8499)->(24,2,28.5321)->(25,2,29.8499)->(26,2,32.0641)->(26,3,34.2783)->(26,4,35.6925)->(26,5,37.1067)->(26,6,5018.26)->
Agent 19:(25,20,1.71421)->(25,21,4.22843)->(26,21,8.92883)->(25,21,12.2787)->(24,21,14.2787)->(23,21,16.98)->(23,22,19.646)->(23,23,20.9639)->(23,24,21.646)->(23,25,22.2139)->(23,26,22.7498)->(23,27,23.3176)->(23,28,23.9998)->(23,29,25.3176)->(23,30,27.5318)->(22,30,29.746)->(21,30,31.1602)->(20,30,32.5744)->(19,30,5015.99)->
Agent 20:(2,4,2.3)->(3,4,4.01421)->(4,4,5.33205)->(5,4,6.01421)->(6,4,6.58205)->(7,4,7.1)->(8,4,7.6)->(9,4,8.1)->(10,4,8.61795)->(11,4,9.18579)->(12,4,9.86795)->(13,4,11.1858)->(14,4,18.6177)->(14,5,26.0497)->(14,6,27.3675)->(14,7,28.0497)->(14,8,28.6175)->(14,9,29.1534)->(14,10,29.7212)->(14,11,30.4034)->(14,12,31.7212)->(14,13,34.3497)->(13,13,5017.37)->
Agent 21:(17,15,2.2)->(17,14,3.84949)->(17,13,5.84949)->(17,12,10.4137)->(18,12,15.9142)->(18,13,18.5426)->(18,14,19.8605)->(18,15,20.5522)->(18,16,21.1879)->(18,17,21.8797)->(18,18,23.1975)->(18,19,5011.31)->
Agent 22:(14,1,1.8)->(15,1,3.01421)->(16,1,4.33205)->(17,1,5.01421)->(18,1,5.58205)->(19,1,6.11795)->(20,1,6.68579)->(21,1,7.36795)->(22,1,8.68579)->(23,1,11.3142)->(23,2,16.0963)->(24,2,19.9067)->(25,2,21.2246)->(26,2,21.9067)->(27,2,22.4925)->(28,2,23.0783)->(29,2,23.7605)->(30,2,25.0783)->(31,2,27.2925)->(31,3,29.5067)->(31,4,30.8246)->(31,5,31.5566)->(31,6,32.2887)->(31,7,33.6065)->(31,8,5016.51)->
Agent 23:(4,1,1.3)->(4,2,2.01421)->(4,3,3.33205)->(4,4,4.01421)->(4,5,4.6)->(4,6,5.18579)->(4,7,5.86795)->(4,8,7.18579)->(4,9,9.4)->(5,9,12.2)->(6,9,15)->(6,10,17.2142)->(6,11,18.6284)->(6,12,20.0426)->(6,13,22.6711)->(5,13,5011.53)->
Agent 24:(11,24,1.8)->(10,24,3.01421)->(9,24,4.33205)->(8,24,5.0641)->(7,24,5.79615)->(6,24,7.11399)->(5,24,9.3282)->(5,23,11.5424)->(5,22,12.8603)->(5,21,13.5424)->(5,20,14.1103)->(5,19,14.6282)->(5,18,15.1282)->(5,17,15.6282)->(5,16,16.1282)->(5,15,16.6282)->(5,14,17.1282)->(5,13,17.6282)->(5,12,18.1282)->(5,11,18.6282)->(5,10,19.1282)->(5,9,19.6462)->(5,8,20.214)->(5,7,20.8962)->(5,6,22.214)->(5,5,24.8424)->(4,5,5012.61)->
Agent 25:(13,3,1.8)->(12,3,3.04949)->(11,3,5.04949)->(10,3,10.8155)->(10,4,16.5462)->(10,5,17.8641)->(10,6,18.5462)->(10,7,19.1141)->(10,8,19.632)->(10,9,20.132)->(10,10,20.632)->(10,11,21.132)->(10,12,21.632)->(10,13,22.132)->(10,14,22.65)->(10,15,23.2178)->(10,16,23.9)->(10,17,25.2178)->(10,18,27.8462)->(11,18,31.8605)->(11,19,5016.33)->
Agent 26:(4,8,2.21421)->(5,8,5.22843)->(5,7,10.5963)->(6,7,14.5783)->(7,7,15.8962)->(8,7,16.5783)->(9,7,17.1462)->(10,7,17.6641)->(11,7,18.1641)->(12,7,18.6641)->(13,7,19.1641)->(14,7,19.6641)->(15,7,20.1821)->(16,7,20.7499)->(17,7,21.4321)->(18,7,22.7499)->(19,7,25.3783)->(19,6,5012.88)->
Agent 27:(20,1,2.61421)->(20,0,5.61421)->(19,0,8.24264)->(18,0,9.56048)->(17,0,10.2426)->(16,0,10.8105)->(15,0,11.3284)->(14,0,11.8284)->(13,0,12.3284)->(12,0,12.8464)->(11,0,13.4142)->(10,0,14.0964)->(9,0,15.4142)->(8,0,25.5463)->(8,1,35.6783)->(8,2,36.9962)->(8,3,37.6879)->(8,4,38.3236)->(8,5,39.0154)->(8,6,40.3332)->(8,7,5019.87)->
Agent 28:(30,19,1.3)->(30,20,2.01421)->(30,21,3.33205)->(30,22,4.0641)->(30,23,4.79615)->(30,24,6.11399)->(30,25,10.3821)->(29,25,14.6501)->(28,25,15.9679)->(27,25,16.6501)->(26,25,17.2179)->(25,25,17.7359)->(24,25,18.2359)->(23,25,18.7359)->(22,25,19.2359)->(21,25,19.7359)->(20,25,20.2359)->(19,25,20.7359)->(18,25,21.2359)->(17,25,21.7359)->(16,25,22.2359)->(15,25,22.7359)->(14,25,23.2359)->(13,25,23.7359)->(12,25,24.2359)->(11,25,24.7538)->(10,25,25.3217)->(9,25,26.0038)->(8,25,27.3217)->(7,25,5013.37)->
Agent 29:(6,9,2.11784)->(6,10,3.64989)->(6,11,4.96773)->(6,12,5.64989)->(6,13,6.21773)->(6,14,6.73567)->(6,15,7.23567)->(6,16,7.73567)->(6,17,8.23567)->(6,18,8.75362)->(6,19,9.32146)->(6,20,10.0036)->(6,21,11.3215)->(6,22,16.4499)->(6,21,21.5783)->(6,20,22.8962)->(6,19,23.5783)->(6,18,24.1462)->(6,17,24.6641)->(6,16,25.1641)->(6,15,25.6641)->(6,14,26.1641)->(6,13,26.6641)->(6,12,27.1641)->(6,11,27.6641)->(6,10,28.1641)->(6,9,28.6641)->(6,8,29.1641)->(6,7,29.6641)->(6,6,30.1641)->(6,5,30.6821)->(6,4,31.2499)->(6,3,31.9321)->(6,2,33.2499)->(6,1,38.4663)->(7,1,43.6828)->(8,1,45.0006)->(9,1,45.6828)->(10,1,46.2506)->(11,1,46.7865)->(12,1,47.3544)->(13,1,48.0365)->(14,1,49.3544)->(15,1,51.9828)->(15,2,5026.18)->
Agent 30:(1,7,5.58205)->(1,8,10.5783)->(1,9,11.8962)->(1,10,12.5783)->(1,11,13.1462)->(1,12,13.6641)->(1,13,14.1641)->(1,14,14.6641)->(1,15,15.1641)->(1,16,15.6641)->(1,17,16.1641)->(1,18,16.6641)->(1,19,17.1641)->(1,20,17.6641)->(1,21,18.1641)->(1,22,18.6641)->(1,23,19.1641)->(1,24,19.6641)->(1,25,20.1641)->(1,26,20.6821)->(1,27,21.2499)->(1,28,21.9321)->(1,29,23.2499)->(1,30,29.2463)->(2,30,35.2426)->(3,30,36.5605)->(4,30,37.2426)->(5,30,37.8105)->(6,30,38.3464)->(7,30,38.9142)->(8,30,39.5964)->(9,30,40.9142)->(10,30,5020.16)->
Agent 31:(31,18,2.2)->(31,17,3.81421)->(31,16,5.13205)->(31,15,5.81421)->(31,14,6.38205)->(31,13,6.91795)->(31,12,7.48579)->(31,11,8.16795)->(31,10,9.48579)->(31,9,19.2105)->(30,9,28.9352)->(29,9,30.253)->(28,9,30.9352)->(27,9,31.503)->(26,9,32.0389)->(25,9,32.6067)->(24,9,33.2889)->(23,9,34.6067)->(22,9,5017.01)->
Agent 32:(31,26,3.2)->(31,25,6.4)->(31,24,9.2)->(30,24,12)->(29,24,14.8)->(29,23,17.0142)->(29,22,18.3321)->(29,21,19.0142)->(29,20,19.5821)->(29,19,20.1)->(29,18,20.6179)->(29,17,21.1858)->(29,16,21.8679)->(29,15,23.1858)->(29,14,26.1)->(28,14,29.0142)->(27,14,30.332)->(26,14,31.0142)->(25,14,31.582)->(24,14,32.1)->(23,14,32.6)->(22,14,33.1)->(21,14,33.6179)->(20,14,34.1858)->(19,14,34.8679)->(18,14,36.1858)->(17,14,38.8142)->(17,13,5019.6)->
Agent 33:(5,29,5.3141)->(5,28,10.0424)->(5,27,11.3603)->(5,26,12.0424)->(5,25,12.6103)->(5,24,13.1282)->(5,23,13.6282)->(5,22,14.1282)->(5,21,14.6282)->(5,20,15.1282)->(5,19,15.6282)->(5,18,16.1282)->(5,17,16.6282)->(5,16,17.1462)->(5,15,17.714)->(5,14,18.3962)->(5,13,19.714)->(5,12,25.7141)->(6,12,31.7142)->(7,12,33.0321)->(8,12,33.7238)->(9,12,34.3595)->(10,12,35.0513)->(11,12,36.3691)->(12,12,38.9975)->(12,13,5019.69)->
Agent 34:(13,19,2.21421)->(13,20,3.84264)->(13,21,5.16048)->(13,22,5.84264)->(13,23,6.41048)->(13,24,6.92843)->(13,25,7.44638)->(13,26,8.01421)->(13,27,8.69638)->(13,28,10.0142)->(13,29,13.1322)->(14,29,16.2501)->(15,29,17.584)->(16,29,18.4124)->(17,29,19.7462)->(18,29,5009.58)->
Agent 35:(2,14,1.3)->(2,15,2.01421)->(2,16,3.33205)->(2,17,4.01421)->(2,18,4.58205)->(2,19,5.1)->(2,20,5.6)->(2,21,6.1)->(2,22,6.6)->(2,23,7.1)->(2,24,7.6)->(2,25,8.11795)->(2,26,8.68579)->(2,27,9.36795)->(2,28,10.6858)->(2,29,12.9)->(3,29,15.1142)->(4,29,16.4321)->(5,29,17.1142)->(6,29,17.6821)->(7,29,18.2)->(8,29,18.7)->(9,29,19.2179)->(10,29,19.7858)->(11,29,20.4679)->(12,29,21.7858)->(13,29,24.7284)->(13,28,5012.71)->
Agent 36:(25,29,1.94626)->(24,29,3.30674)->(23,29,4.62458)->(22,29,5.30674)->(21,29,5.89253)->(20,29,6.47832)->(19,29,7.16048)->(18,29,8.47832)->(17,29,12.3747)->(17,28,16.2711)->(17,27,17.5889)->(17,26,18.2711)->(17,25,18.8389)->(17,24,19.3569)->(17,23,19.8569)->(17,22,20.3569)->(17,21,20.8569)->(17,20,21.3569)->(17,19,21.8569)->(17,18,22.3569)->(17,17,22.8569)->(17,16,23.3569)->(17,15,23.8569)->(17,14,24.3569)->(17,13,24.8748)->(17,12,25.4426)->(17,11,26.1248)->(17,10,27.4426)->(17,9,36.7078)->(16,9,46.0082)->(15,9,48.0082)->(14,9,5023.73)->
Agent 37:(14,18,2.2)->(14,17,3.81421)->(14,16,5.13205)->(14,15,5.81421)->(14,14,6.4)->(14,13,6.98579)->(14,12,7.66795)->(14,11,8.98579)->(14,10,11.6142)->(15,10,17.3321)->(14,10,22.0783)->(13,10,23.3962)->(12,10,24.0783)->(11,10,24.6462)->(10,10,25.1641)->(9,10,25.6641)->(8,10,26.1641)->(7,10,26.6641)->(6,10,27.1641)->(5,10,27.6821)->(4,10,28.2499)->(3,10,28.9321)->(2,10,30.2499)->(1,10,5014.83)->
Agent 38:(21,21,1.8)->(22,21,3.6)->(23,21,6.4)->(23,20,8.61421)->(23,19,10.0284)->(23,18,11.4426)->(23,17,16.288)->(22,17,21.1334)->(21,17,22.4513)->(20,17,23.1334)->(19,17,23.7013)->(18,17,24.2192)->(17,17,24.7192)->(16,17,25.2192)->(15,17,25.7192)->(14,17,26.2192)->(13,17,26.7372)->(12,17,27.305)->(11,17,27.9872)->(10,17,29.305)->(9,17,31.5192)->(9,18,34.3192)->(9,19,5017.16)->
Agent 39:(18,31,1.8)->(19,31,3.01421)->(20,31,4.33205)->(21,31,5.01421)->(22,31,5.6)->(23,31,6.18579)->(24,31,6.86795)->(25,31,8.18579)->(26,31,10.4)->(26,30,12.6142)->(26,29,13.9321)->(26,28,14.6142)->(26,27,15.1821)->(26,26,15.7)->(26,25,16.2)->(26,24,16.7)->(26,23,17.2)->(26,22,17.7)->(26,21,18.2)->(26,20,18.7)->(26,19,19.2)->(26,18,19.7)->(26,17,20.2)->(26,16,20.7)->(26,15,21.2)->(26,14,21.7)->(26,13,22.2)->(26,12,22.7)->(26,11,23.2179)->(26,10,23.7858)->(26,9,24.4679)->(26,8,25.7858)->(26,7,5012.6)->
Agent 40:(19,28,2.21421)->(20,28,5.98579)->(20,27,9.78579)->(20,26,11.1036)->(20,25,11.7858)->(20,24,12.3536)->(20,23,12.8716)->(20,22,13.3716)->(20,21,13.8716)->(20,20,14.3716)->(20,19,14.8716)->(20,18,15.3716)->(20,17,15.8716)->(20,16,16.3716)->(20,15,16.8716)->(20,14,17.3716)->(20,13,17.8895)->(20,12,18.4574)->(20,11,19.1395)->(20,10,20.4574)->(20,9,5009.94)->
Agent 41:(4,25,2.55)->(4,24,4.51421)->(4,23,5.83205)->(4,22,6.51421)->(4,21,7.08205)->(4,20,7.6)->(4,19,8.1)->(4,18,8.6)->(4,17,9.1)->(4,16,9.6)->(4,15,10.1)->(4,14,10.6)->(4,13,11.1)->(4,12,11.6179)->(4,11,12.1858)->(4,10,12.8679)->(4,9,14.1858)->(4,8,19.4)->(5,8,24.6142)->(6,8,25.9321)->(7,8,26.6142)->(8,8,27.1821)->(9,8,27.7)->(10,8,28.2)->(11,8,28.7)->(12,8,29.2)->(13,8,29.7179)->(14,8,30.2858)->(15,8,30.9679)->(16,8,32.2858)->(17,8,34.9142)->(17,7,5017.65)->
Agent 42:(15,18,3.2)->(14,18,5.84949)->(13,18,7.84949)->(12,18,22.9637)->(12,19,38.6284)->(12,20,5019.31)->
Agent 43:(27,30,2.21421)->(28,30,11.5142)->(28,29,20.8426)->(28,28,22.1605)->(28,27,22.8426)->(28,26,23.4105)->(28,25,23.9463)->(28,24,24.5142)->(28,23,25.1963)->(28,22,26.5142)->(28,21,5012.96)->
Agent 44:(28,23,2.7641)->(29,23,4.97769)->(30,23,6.97769)->(31,23,9.22718)->(31,22,11.4767)->(31,21,13.4767)->(31,20,5006.46)->
Agent 45:(28,9,1.3)->(28,10,2.01421)->(28,11,3.34806)->(28,12,4.17649)->(28,13,5.51034)->(28,14,8.32509)->(28,13,11.1398)->(28,12,12.4577)->(28,11,13.1398)->(28,10,13.7256)->(28,9,14.3114)->(28,8,14.9936)->(28,7,16.3114)->(28,6,18.5256)->(27,6,20.7398)->(26,6,22.0737)->(25,6,22.9021)->(24,6,24.236)->(23,6,26.8644)->(23,7,32.6356)->(22,7,5017.6)->
Agent 46:(21,9,1.71421)->(21,10,3.81421)->(20,10,7.02843)->(19,10,10.6142)->(19,11,13.6142)->(19,12,14.9321)->(19,13,15.6142)->(19,14,16.1821)->(19,15,16.7)->(19,16,17.2)->(19,17,17.7)->(19,18,18.2)->(19,19,18.7179)->(19,20,19.2858)->(19,21,19.9679)->(19,22,21.2858)->(19,23,23.7372)->(18,23,26.1885)->(17,23,27.5064)->(16,23,28.1982)->(15,23,28.8338)->(14,23,29.5256)->(13,23,30.8434)->(12,23,33.0577)->(12,24,35.2719)->(12,25,36.6861)->(12,26,38.1003)->(12,27,40.3145)->(11,27,43.1145)->(10,27,45.9145)->(10,28,48.7145)->(10,29,5024.36)->
Agent 47:(18,25,1.86421)->(17,25,3.14264)->(16,25,4.46048)->(15,25,5.14264)->(14,25,5.72843)->(13,25,6.31421)->(12,25,6.99638)->(11,25,8.31421)->(10,25,10.9426)->(10,26,16.6333)->(10,25,21.3525)->(10,24,22.6703)->(10,23,23.3621)->(10,22,23.9977)->(10,21,24.6895)->(10,20,26.0074)->(10,19,5012.71)->
Agent 48:(29,27,2.21421)->(30,27,13.8642)->(30,26,25.5426)->(30,25,26.8605)->(30,24,27.5426)->(30,23,28.1105)->(30,22,28.6284)->(30,21,29.1284)->(30,20,29.6284)->(30,19,30.1284)->(30,18,30.6284)->(30,17,31.1284)->(30,16,31.6284)->(30,15,32.1284)->(30,14,32.6284)->(30,13,33.1284)->(30,12,33.6284)->(30,11,34.1284)->(30,10,34.6284)->(30,9,35.1464)->(30,8,35.7142)->(30,7,36.3964)->(30,6,37.7142)->(30,5,39.9284)->(29,5,42.1779)->(28,5,44.1779)->(27,5,5021.81)->
Agent 49:(2,25,2.55)->(3,25,5.1)->(4,25,7.9)->(4,24,10.1142)->(4,23,11.4321)->(4,22,12.1142)->(4,21,12.6821)->(4,20,13.2)->(4,19,13.7)->(4,18,14.2)->(4,17,14.7)->(4,16,15.2)->(4,15,15.7)->(4,14,16.2)->(4,13,16.7179)->(4,12,17.2858)->(4,11,17.9679)->(4,10,19.2858)->(4,9,21.5)->(5,9,23.7495)->(6,9,25.7495)->(7,9,27.999)->(7,8,30.2132)->(7,7,31.531)->(7,6,32.2228)->(7,5,32.8585)->(7,4,33.5502)->(7,3,34.8681)->(7,2,38.1112)->(8,2,41.3544)->(9,2,42.6722)->(10,2,43.3544)->(11,2,43.9222)->(12,2,44.4401)->(13,2,44.9401)->(14,2,45.4401)->(15,2,45.9401)->(16,2,46.4401)->(17,2,46.9401)->(18,2,47.4581)->(19,2,48.0259)->(20,2,48.7081)->(21,2,50.0259)->(22,2,52.6544)->(22,3,5026.52)->
Agent 50:(28,15,1.3)->(28,16,2.01421)->(28,17,3.33205)->(28,18,4.01421)->(28,19,4.58205)->(28,20,5.1)->(28,21,5.6)->(28,22,6.1)->(28,23,6.6)->(28,24,7.1)->(28,25,7.61795)->(28,26,8.18579)->(28,27,8.86795)->(28,28,10.1858)->(28,29,14.5142)->(28,28,18.8426)->(28,27,20.1605)->(28,26,20.8426)->(28,25,21.4105)->(28,24,21.9284)->(28,23,22.4284)->(28,22,22.9284)->(28,21,23.4284)->(28,20,23.9284)->(28,19,24.4284)->(28,18,24.9284)->(28,17,25.4284)->(28,16,25.9284)->(28,15,26.4463)->(28,14,27.0142)->(28,13,27.6963)->(28,12,29.0142)->(28,11,31.2284)->(27,11,33.4426)->(26,11,34.7605)->(25,11,35.4522)->(24,11,36.0879)->(23,11,36.7797)->(22,11,38.0975)->(21,11,40.3117)->(21,10,42.5259)->(21,9,43.8438)->(21,8,44.5259)->(21,7,45.0938)->(21,6,45.6117)->(21,5,46.1117)->(21,4,46.6297)->(21,3,47.1975)->(21,2,47.8797)->(21,1,49.1975)->(21,0,51.8259)->(20,0,5026.11)->
Agent 51:(25,28,2.61421)->(25,27,6.08205)->(24,27,9.17832)->(23,27,10.4962)->(22,27,11.1783)->(21,27,11.7462)->(20,27,12.2641)->(19,27,12.7641)->(18,27,13.2641)->(17,27,13.7821)->(16,27,14.3499)->(15,27,15.0321)->(14,27,16.3499)->(13,27,21.3467)->(13,26,26.3434)->(13,25,27.6613)->(13,24,28.3434)->(13,23,28.9113)->(13,22,29.4292)->(13,21,29.9292)->(13,20,30.4292)->(13,19,30.9292)->(13,18,31.4292)->(13,17,31.9292)->(13,16,32.4292)->(13,15,32.9292)->(13,14,33.4472)->(13,13,34.015)->(13,12,34.6972)->(13,11,36.015)->(13,10,38.6434)->(14,10,42.2434)->(14,9,45.4577)->(14,8,5022.73)->
Agent 52:(25,6,3.25)->(24,6,5.91421)->(23,6,7.23205)->(22,6,7.91421)->(21,6,8.48205)->(20,6,9)->(19,6,9.5)->(18,6,10)->(17,6,10.5)->(16,6,11)->(15,6,11.5)->(14,6,12)->(13,6,12.5)->(12,6,13)->(11,6,13.5)->(10,6,14.0179)->(9,6,14.5858)->(8,6,15.2679)->(7,6,16.5858)->(6,6,19.2142)->(6,7,23.2284)->(5,7,5012.01)->
Agent 53:(8,8,1.8)->(9,8,3.01421)->(10,8,4.42843)->(11,8,5.84264)->(12,8,16.9784)->(12,9,28.7)->(12,10,5014.35)->
Agent 54:(13,0,5.83205)->(13,1,11.0783)->(13,2,12.3962)->(13,3,13.0783)->(13,4,13.6462)->(13,5,14.1641)->(13,6,14.6641)->(13,7,15.1641)->(13,8,15.6641)->(13,9,16.1641)->(13,10,16.6641)->(13,11,17.1641)->(13,12,17.6641)->(13,13,18.1641)->(13,14,18.6641)->(13,15,19.1641)->(13,16,19.6641)->(13,17,20.1641)->(13,18,20.6821)->(13,19,21.2499)->(13,20,21.9321)->(13,21,23.2499)->(13,22,25.4641)->(14,22,28.2641)->(15,22,5014.13)->
Agent 55:(8,22,1.8)->(9,22,3.6)->(10,22,6.4)->(10,21,8.61421)->(10,20,9.93205)->(10,19,10.6142)->(10,18,11.1821)->(10,17,11.7)->(10,16,12.2179)->(10,15,12.7858)->(10,14,13.4679)->(10,13,14.7858)->(10,12,17.666)->(11,12,20.5462)->(12,12,21.8641)->(13,12,22.5961)->(14,12,23.3282)->(15,12,24.646)->(16,12,28.0517)->(16,11,31.4574)->(16,10,32.8716)->(16,9,34.2858)->(16,8,36.9142)->(15,8,5018.65)->
Agent 56:(18,1,1.3)->(18,2,2.01421)->(18,3,3.42843)->(18,4,4.84264)->(18,5,8.41059)->(17,5,11.9785)->(16,5,13.2964)->(15,5,14.0284)->(14,5,14.7605)->(13,5,16.0783)->(12,5,22.6283)->(12,6,29.2136)->(12,7,31.2136)->(12,8,5015.33)->
Agent 57:(8,13,4.35)->(9,13,8.11421)->(10,13,9.43205)->(11,13,10.1142)->(12,13,10.6821)->(13,13,11.2)->(14,13,11.7)->(15,13,12.2)->(16,13,12.7)->(17,13,13.2)->(18,13,13.7)->(19,13,14.2)->(20,13,14.7)->(21,13,15.2)->(22,13,15.7)->(23,13,16.2)->(24,13,16.7)->(25,13,17.2179)->(26,13,17.7858)->(27,13,18.4679)->(28,13,19.7858)->(29,13,22)->(29,12,24.8)->(29,11,5012.4)->
Agent 58:(6,2,1.3)->(6,3,2.01421)->(6,4,3.33205)->(6,5,4.01421)->(6,6,4.58205)->(6,7,5.1)->(6,8,5.6)->(6,9,6.1)->(6,10,6.6)->(6,11,7.1)->(6,12,7.6)->(6,13,8.1)->(6,14,8.6)->(6,15,9.1)->(6,16,9.61795)->(6,17,10.1858)->(6,18,10.8679)->(6,19,12.1858)->(6,20,14.4)->(7,20,16.6142)->(8,20,17.9321)->(9,20,18.6142)->(10,20,19.1821)->(11,20,19.7)->(12,20,20.2)->(13,20,20.7)->(14,20,21.2)->(15,20,21.7)->(16,20,22.2)->(17,20,22.7)->(18,20,23.2)->(19,20,23.7179)->(20,20,24.2858)->(21,20,24.9679)->(22,20,26.2858)->(23,20,28.9142)->(23,21,5014.65)->
Agent 59:(18,23,8.53011)->(19,23,16.4744)->(20,23,17.7923)->(21,23,18.4744)->(22,23,19.0602)->(23,23,19.646)->(24,23,20.3282)->(25,23,21.646)->(26,23,23.8602)->(26,22,26.0744)->(26,21,27.4083)->(26,20,28.2367)->(26,19,29.5706)->(26,18,5014.49)->
Agent 60:(3,16,1.3)->(3,17,2.01421)->(3,18,3.33205)->(3,19,4.0641)->(3,20,4.79615)->(3,21,6.11399)->(3,22,12.3462)->(2,22,19.1641)->(1,22,5009.58)->
Agent 61:(10,7,1.3)->(10,8,2.04949)->(10,9,4.04949)->(10,10,6.29898)->(11,10,9.09898)->(12,10,11.899)->(12,11,14.1132)->(12,12,15.431)->(12,13,16.1631)->(12,14,16.8951)->(12,15,18.213)->(12,16,20.4272)->(13,16,22.6414)->(14,16,23.9592)->(15,16,24.6414)->(16,16,25.2272)->(17,16,25.813)->(18,16,26.4951)->(19,16,27.813)->(20,16,30.1958)->(20,17,32.5785)->(20,18,33.8964)->(20,19,34.5785)->(20,20,35.1464)->(20,21,35.6823)->(20,22,36.2501)->(20,23,36.9323)->(20,24,38.2501)->(20,25,40.8785)->(19,25,5020.63)->
Agent 62:(5,0,2.56795)->(5,1,4.55011)->(5,2,5.86795)->(5,3,6.6)->(5,4,7.33205)->(5,5,8.64989)->(5,6,10.8641)->(4,6,13.1136)->(3,6,15.1136)->(2,6,5007.28)->
Agent 63:(20,26,2.83205)->(20,25,5.07832)->(20,24,6.39615)->(20,23,7.07832)->(20,22,7.64615)->(20,21,8.1641)->(20,20,8.6641)->(20,19,9.1641)->(20,18,9.6641)->(20,17,10.1641)->(20,16,10.6641)->(20,15,11.1641)->(20,14,11.6641)->(20,13,12.1641)->(20,12,12.6641)->(20,11,13.1641)->(20,10,13.6641)->(20,9,14.1641)->(20,8,14.6641)->(20,7,15.1641)->(20,6,15.6821)->(20,5,16.2499)->(20,4,16.9321)->(20,3,18.2499)->(20,2,21.4641)->(21,2,24.6783)->(22,2,25.9962)->(23,2,26.6783)->(24,2,27.2462)->(25,2,27.7641)->(26,2,28.2641)->(27,2,28.7821)->(28,2,29.3499)->(29,2,30.0321)->(30,2,31.3499)->(31,2,5015.38)->
Agent 64:(24,14,2.21421)->(23,14,5.88205)->(23,13,9.57832)->(23,12,10.8962)->(23,11,11.5783)->(23,10,12.1462)->(23,9,12.6641)->(23,8,13.1821)->(23,7,13.7499)->(23,6,14.4321)->(23,5,15.7499)->(23,4,19.7999)->(22,4,23.8499)->(21,4,25.1677)->(20,4,25.8499)->(19,4,26.4177)->(18,4,26.9536)->(17,4,27.5215)->(16,4,28.2036)->(15,4,29.5215)->(14,4,32.1499)->(14,5,5016.27)->
Agent 65:(18,9,1.8)->(17,9,3.01421)->(16,9,4.33205)->(15,9,5.01421)->(14,9,5.58205)->(13,9,6.11795)->(12,9,6.68579)->(11,9,7.36795)->(10,9,8.68579)->(9,9,14.6784)->(9,10,20.671)->(9,11,21.9889)->(9,12,22.671)->(9,13,23.2389)->(9,14,23.7568)->(9,15,24.2568)->(9,16,24.7568)->(9,17,25.2568)->(9,18,25.7568)->(9,19,26.2568)->(9,20,26.7568)->(9,21,27.2568)->(9,22,27.7568)->(9,23,28.2748)->(9,24,28.8426)->(9,25,29.5248)->(9,26,30.8426)->(9,27,5015.13)->
Agent 66:(22,18,2.2)->(22,17,3.81421)->(22,16,5.13205)->(22,15,5.81421)->(22,14,6.38205)->(22,13,6.9)->(22,12,7.4)->(22,11,7.9)->(22,10,8.4)->(22,9,8.91795)->(22,8,9.48579)->(22,7,10.1679)->(22,6,11.4858)->(22,5,15.6963)->(21,5,21.1641)->(21,6,24.0783)->(21,7,25.3962)->(21,8,26.0783)->(21,9,26.6462)->(21,10,27.1641)->(21,11,27.6821)->(21,12,28.2499)->(21,13,28.9321)->(21,14,30.2499)->(21,15,32.8783)->(22,15,5016.63)->
Agent 67:(11,29,2.2)->(11,28,3.81421)->(11,27,5.13205)->(11,26,5.81421)->(11,25,6.38205)->(11,24,6.9)->(11,23,7.41795)->(11,22,7.98579)->(11,21,8.66795)->(11,20,9.98579)->(11,19,12.8339)->(12,19,15.6819)->(13,19,16.9998)->(14,19,17.6819)->(15,19,18.2498)->(16,19,18.7677)->(17,19,19.2677)->(18,19,19.7677)->(19,19,20.2677)->(20,19,20.7677)->(21,19,21.2677)->(22,19,21.7677)->(23,19,22.2857)->(24,19,22.8535)->(25,19,23.5357)->(26,19,24.8535)->(27,19,5012.13)->
Agent 68:(19,7,1.8)->(19,8,3.01421)->(19,9,4.33205)->(19,10,5.01421)->(19,11,5.6)->(19,12,6.18579)->(19,13,6.86795)->(19,14,8.18579)->(19,15,11.9)->(18,15,15.6495)->(17,15,17.6495)->(16,15,22.431)->(16,16,27.1773)->(16,17,28.4951)->(16,18,29.2272)->(16,19,29.9592)->(16,20,31.2771)->(16,21,5015.35)->
Agent 69:(1,23,2.86784)->(2,23,5.14989)->(3,23,6.46773)->(4,23,7.14989)->(5,23,7.71773)->(6,23,8.23567)->(7,23,8.73567)->(8,23,9.23567)->(9,23,9.75362)->(10,23,10.3215)->(11,23,11.0036)->(12,23,12.3215)->(13,23,14.9499)->(13,22,18.5499)->(14,22,21.1783)->(15,22,22.4962)->(16,22,23.1783)->(17,22,23.7462)->(18,22,24.2641)->(19,22,24.7641)->(20,22,25.2641)->(21,22,25.7641)->(22,22,26.2641)->(23,22,26.7821)->(24,22,27.3499)->(25,22,28.0321)->(26,22,29.3499)->(27,22,31.5641)->(27,23,33.7783)->(27,24,35.1925)->(27,25,36.6067)->(27,26,5018.01)->
Agent 70:(5,28,1.8)->(6,28,3.01421)->(7,28,4.42843)->(8,28,5.84264)->(9,28,8.47107)->(9,27,19.5568)->(9,28,5013.71)->
Agent 71:(20,24,2.21421)->(19,24,4.81421)->(19,25,7.44264)->(19,26,8.76048)->(19,27,9.45225)->(19,28,10.0879)->(19,29,10.7797)->(19,30,12.0975)->(19,31,14.3117)->(20,31,16.526)->(21,31,17.9402)->(22,31,19.3544)->(23,31,5009.38)->
Agent 72:(27,21,4.54806)->(27,22,8.51034)->(27,23,9.82818)->(27,24,10.5602)->(27,25,11.2923)->(27,26,12.6101)->(27,27,14.8622)->(26,27,17.1142)->(25,27,18.4321)->(24,27,19.1142)->(23,27,19.6821)->(22,27,20.2)->(21,27,20.7)->(20,27,21.2)->(19,27,21.7)->(18,27,22.2179)->(17,27,22.7858)->(16,27,23.4679)->(15,27,24.7858)->(14,27,27)->(14,28,29.8)->(14,29,5014.9)->
Agent 73:(15,12,1.95)->(15,13,3.31421)->(15,14,4.63205)->(15,15,5.31421)->(15,16,5.88205)->(15,17,6.4)->(15,18,6.9)->(15,19,7.4)->(15,20,7.91795)->(15,21,8.48579)->(15,22,9.16795)->(15,23,10.4858)->(15,24,15.6512)->(14,24,20.8166)->(13,24,22.1344)->(12,24,22.8166)->(11,24,23.3844)->(10,24,23.9024)->(9,24,24.4024)->(8,24,24.9024)->(7,24,25.4024)->(6,24,25.9024)->(5,24,26.4024)->(4,24,26.9203)->(3,24,27.4881)->(2,24,28.1703)->(1,24,29.4881)->(0,24,31.7024)->(0,25,34.5024)->(0,26,5017.25)->
Agent 74:(27,15,2.2)->(27,14,3.81421)->(27,13,5.13205)->(27,12,5.81421)->(27,11,6.38205)->(27,10,6.9)->(27,9,7.41795)->(27,8,7.98579)->(27,7,8.66795)->(27,6,9.98579)->(27,5,15.8321)->(26,5,21.6783)->(25,5,22.9962)->(24,5,23.6783)->(23,5,24.2462)->(22,5,24.7641)->(21,5,25.2641)->(20,5,25.7641)->(19,5,26.2641)->(18,5,26.7641)->(17,5,27.2641)->(16,5,27.7821)->(15,5,28.3499)->(14,5,29.0321)->(13,5,30.3499)->(12,5,5014.88)->
Agent 75:(4,12,1.8)->(5,12,3.01421)->(6,12,4.33205)->(7,12,5.0641)->(8,12,5.79615)->(9,12,7.11399)->(10,12,9.74242)->(10,11,13.7566)->(11,11,22.4318)->(11,12,29.7212)->(11,13,31.1355)->(11,14,32.5497)->(11,15,5015.98)->
Agent 76:(7,0,1.56795)->(7,1,2.55011)->(7,2,3.86795)->(7,3,4.55011)->(7,4,5.11795)->(7,5,5.6359)->(7,6,6.1359)->(7,7,6.6359)->(7,8,7.1359)->(7,9,7.6359)->(7,10,8.1359)->(7,11,8.65385)->(7,12,9.22168)->(7,13,9.90385)->(7,14,11.2217)->(7,15,15.2105)->(7,14,22.7246)->(8,14,5012.83)->
Agent 77:(6,7,2.01421)->(7,7,3.44264)->(8,7,4.76048)->(9,7,5.44264)->(10,7,6.01048)->(11,7,6.52843)->(12,7,7.02843)->(13,7,7.52843)->(14,7,8.04638)->(15,7,8.61421)->(16,7,9.29638)->(17,7,10.6142)->(18,7,13.2426)->(18,8,17.2569)->(19,8,5009.03)->
Agent 78:(17,31,3.21421)->(17,30,5.84264)->(17,29,7.16048)->(17,28,7.84264)->(17,27,8.41048)->(17,26,8.92843)->(17,25,9.42843)->(17,24,9.92843)->(17,23,10.4284)->(17,22,10.9284)->(17,21,11.4284)->(17,20,11.9284)->(17,19,12.4284)->(17,18,12.9284)->(17,17,13.4284)->(17,16,13.9284)->(17,15,14.4464)->(17,14,15.0142)->(17,13,15.6964)->(17,12,17.0142)->(17,11,19.2284)->(16,11,22.0284)->(15,11,25.9426)->(15,10,5013.51)->
Agent 79:(30,30,2.21421)->(29,30,4.81421)->(29,29,7.44264)->(29,28,8.76048)->(29,27,9.44264)->(29,26,10.0105)->(29,25,10.5284)->(29,24,11.0284)->(29,23,11.5284)->(29,22,12.0284)->(29,21,12.5284)->(29,20,13.0284)->(29,19,13.5284)->(29,18,14.0284)->(29,17,14.5284)->(29,16,15.0284)->(29,15,15.5284)->(29,14,16.0284)->(29,13,16.5284)->(29,12,17.0284)->(29,11,17.5284)->(29,10,18.0284)->(29,9,18.5284)->(29,8,19.0284)->(29,7,19.5284)->(29,6,20.0284)->(29,5,20.5284)->(29,4,21.0464)->(29,3,21.6142)->(29,2,22.2964)->(29,1,23.6142)->(29,0,5011.51)->
Agent 80:(27,22,3.54806)->(26,22,6.51034)->(25,22,7.82818)->(24,22,8.51034)->(23,22,9.07818)->(22,22,9.59613)->(21,22,10.0961)->(20,22,10.5961)->(19,22,11.0961)->(18,22,11.5961)->(17,22,12.0961)->(16,22,12.5961)->(15,22,13.0961)->(14,22,13.5961)->(13,22,14.0961)->(12,22,14.5961)->(11,22,15.1141)->(10,22,15.6819)->(9,22,16.3641)->(8,22,17.6819)->(7,22,20.3103)->(7,21,24.6623)->(6,21,5012.9)->
Agent 81:(27,7,2.2)->(27,6,3.81421)->(27,5,5.13205)->(27,4,5.8641)->(27,3,6.59615)->(27,2,7.91399)->(27,1,10.6141)->(26,1,13.3142)->(25,1,14.6321)->(24,1,15.3142)->(23,1,15.8821)->(22,1,16.4)->(21,1,16.9)->(20,1,17.4)->(19,1,17.9)->(18,1,18.4179)->(17,1,18.9858)->(16,1,19.6679)->(15,1,20.9858)->(14,1,23.6142)->(14,0,34.9701)->(14,1,45.9401)->(14,2,5022.97)->
Agent 82:(16,19,1.3)->(16,20,2.01421)->(16,21,3.34806)->(16,22,4.17649)->(16,23,5.51034)->(16,24,9.81085)->(17,24,14.1466)->(18,24,16.1466)->(19,24,5007.8)->
Agent 83:(24,10,5.87883)->(24,11,11.1719)->(24,12,12.4897)->(24,13,13.1719)->(24,14,13.7397)->(24,15,14.2577)->(24,16,14.7577)->(24,17,15.2577)->(24,18,15.7577)->(24,19,16.2577)->(24,20,16.7577)->(24,21,17.2577)->(24,22,17.7577)->(24,23,18.2577)->(24,24,18.7577)->(24,25,19.2756)->(24,26,19.8434)->(24,27,20.5256)->(24,28,21.8434)->(24,29,24.0577)->(25,29,26.2719)->(26,29,27.5897)->(27,29,28.3218)->(28,29,29.0538)->(29,29,30.3716)->(30,29,5014.89)->
Agent 84:(20,22,1.8)->(19,22,3.01421)->(18,22,4.42843)->(17,22,5.84264)->(16,22,8.05685)->(16,21,10.2711)->(16,20,11.5889)->(16,19,12.2711)->(16,18,12.8389)->(16,17,13.3569)->(16,16,13.8569)->(16,15,14.3569)->(16,14,14.8569)->(16,13,15.3569)->(16,12,15.8569)->(16,11,16.3569)->(16,10,16.8569)->(16,9,17.3569)->(16,8,17.8569)->(16,7,18.3569)->(16,6,18.8569)->(16,5,19.3569)->(16,4,19.8748)->(16,3,20.4426)->(16,2,21.1248)->(16,1,22.4426)->(16,0,24.6569)->(17,0,26.8711)->(18,0,28.1889)->(19,0,28.8711)->(20,0,29.4569)->(21,0,30.0426)->(22,0,30.7248)->(23,0,32.0426)->(24,0,34.6711)->(24,1,5017.53)->
Agent 85:(30,3,1.3)->(30,4,2.01421)->(30,5,3.33205)->(30,6,4.01421)->(30,7,4.58205)->(30,8,5.1)->(30,9,5.6)->(30,10,6.1)->(30,11,6.6)->(30,12,7.1)->(30,13,7.6)->(30,14,8.1)->(30,15,8.6)->(30,16,9.11795)->(30,17,9.68579)->(30,18,10.3679)->(30,19,11.6858)->(30,20,20.1142)->(29,20,28.5426)->(28,20,29.8605)->(27,20,30.5426)->(26,20,31.1105)->(25,20,31.6284)->(24,20,32.1284)->(23,20,32.6284)->(22,20,33.1284)->(21,20,33.6284)->(20,20,34.1284)->(19,20,34.6284)->(18,20,35.1284)->(17,20,35.6284)->(16,20,36.1284)->(15,20,36.6284)->(14,20,37.1284)->(13,20,37.6284)->(12,20,38.1284)->(11,20,38.6284)->(10,20,39.1284)->(9,20,39.6284)->(8,20,40.1284)->(7,20,40.6284)->(6,20,41.1464)->(5,20,41.7142)->(4,20,42.3964)->(3,20,43.7142)->(2,20,5021.56)->
Agent 86:(17,16,4.08205)->(18,16,7.57832)->(19,16,8.89615)->(20,16,9.57832)->(21,16,10.1462)->(22,16,10.6641)->(23,16,11.1821)->(24,16,11.7499)->(25,16,12.4321)->(26,16,13.7499)->(27,16,15.9641)->(27,17,18.1783)->(27,18,19.4962)->(27,19,20.1783)->(27,20,20.7462)->(27,21,21.2641)->(27,22,21.7641)->(27,23,22.2641)->(27,24,22.7821)->(27,25,23.3499)->(27,26,24.0321)->(27,27,25.3499)->(27,28,5012.38)->
Agent 87:(25,13,3.16461)->(25,14,5.74344)->(25,15,7.06127)->(25,16,7.74344)->(25,17,8.31127)->(25,18,8.82922)->(25,19,9.32922)->(25,20,9.82922)->(25,21,10.3292)->(25,22,10.8472)->(25,23,11.415)->(25,24,12.0972)->(25,25,13.415)->(25,26,15.6292)->(24,26,17.8434)->(23,26,19.1613)->(22,26,19.8434)->(21,26,20.4113)->(20,26,20.9292)->(19,26,21.4292)->(18,26,21.9292)->(17,26,22.4292)->(16,26,22.9292)->(15,26,23.4292)->(14,26,23.9292)->(13,26,24.4292)->(12,26,24.9292)->(11,26,25.4292)->(10,26,25.9292)->(9,26,26.4292)->(8,26,26.9472)->(7,26,27.515)->(6,26,28.1972)->(5,26,29.515)->(4,26,5014.46)->
Agent 88:(22,28,4.88205)->(22,27,9.17832)->(22,26,10.4962)->(22,25,11.1783)->(22,24,11.7462)->(22,23,12.2641)->(22,22,12.7641)->(22,21,13.2641)->(22,20,13.7641)->(22,19,14.2641)->(22,18,14.7641)->(22,17,15.2641)->(22,16,15.7641)->(22,15,16.2641)->(22,14,16.7641)->(22,13,17.2641)->(22,12,17.7641)->(22,11,18.2641)->(22,10,18.7641)->(22,9,19.2641)->(22,8,19.7641)->(22,7,20.2641)->(22,6,20.7641)->(22,5,21.2821)->(22,4,21.8499)->(22,3,22.5321)->(22,2,23.8499)->(22,1,26.0641)->(21,1,28.3136)->(20,1,30.3136)->(19,1,5014.88)->
Agent 89:(21,26,3.08205)->(21,25,5.57832)->(21,24,6.89615)->(21,23,7.57832)->(21,22,8.14615)->(21,21,8.6641)->(21,20,9.1641)->(21,19,9.6641)->(21,18,10.1641)->(21,17,10.6641)->(21,16,11.1641)->(21,15,11.6641)->(21,14,12.1641)->(21,13,12.6641)->(21,12,13.1641)->(21,11,13.6641)->(21,10,14.1641)->(21,9,14.6641)->(21,8,15.1641)->(21,7,15.6821)->(21,6,16.2499)->(21,5,16.9321)->(21,4,18.2499)->(21,3,20.4641)->(20,3,23.2641)->(19,3,5011.63)->
Agent 90:(12,23,2.2)->(12,22,4.4)->(12,21,13.905)->(12,22,22.8242)->(12,23,24.1421)->(12,24,24.8338)->(12,25,25.4695)->(12,26,26.1613)->(12,27,27.4791)->(12,28,5013.45)->
Agent 91:(2,27,3.16226)->(2,28,5.73874)->(2,29,7.15296)->(2,30,8.56717)->(2,31,11.1956)->(1,31,5005.79)->
Agent 92:(24,12,3.38205)->(24,13,6.17832)->(24,14,7.49615)->(24,15,8.17832)->(24,16,8.74615)->(24,17,9.2641)->(24,18,9.7641)->(24,19,10.2641)->(24,20,10.7641)->(24,21,11.2641)->(24,22,11.7641)->(24,23,12.2641)->(24,24,12.7641)->(24,25,13.2641)->(24,26,13.7821)->(24,27,14.3499)->(24,28,15.0321)->(24,29,16.3499)->(24,30,18.5641)->(23,30,20.7783)->(22,30,22.0962)->(21,30,22.7783)->(20,30,23.3462)->(19,30,23.8641)->(18,30,24.3641)->(17,30,24.8641)->(16,30,25.3641)->(15,30,25.8641)->(14,30,26.3641)->(13,30,26.8641)->(12,30,27.3641)->(11,30,27.8641)->(10,30,28.3641)->(9,30,28.8821)->(8,30,29.4499)->(7,30,30.1321)->(6,30,31.4499)->(5,30,34.0783)->(5,31,5017.23)->
Agent 93:(14,23,5.83205)->(14,22,11.0783)->(14,21,12.3962)->(14,20,13.0783)->(14,19,13.6462)->(14,18,14.1641)->(14,17,14.6641)->(14,16,15.1641)->(14,15,15.6641)->(14,14,16.1641)->(14,13,16.6821)->(14,12,17.2499)->(14,11,17.9321)->(14,10,19.2499)->(14,9,21.4641)->(15,9,23.6783)->(16,9,25.0122)->(17,9,25.8406)->(18,9,27.1744)->(19,9,5013.29)->
Agent 94:(31,25,2.2)->(31,24,3.81421)->(31,23,5.13205)->(31,22,5.81421)->(31,21,6.38205)->(31,20,6.9)->(31,19,7.4)->(31,18,7.9)->(31,17,8.4)->(31,16,8.9)->(31,15,9.4)->(31,14,9.91795)->(31,13,10.4858)->(31,12,11.1679)->(31,11,12.4858)->(31,10,15.2142)->(30,10,17.9426)->(29,10,19.2605)->(28,10,19.9426)->(27,10,20.5105)->(26,10,21.0284)->(25,10,21.5284)->(24,10,22.0284)->(23,10,22.5284)->(22,10,23.0284)->(21,10,23.5284)->(20,10,24.0284)->(19,10,24.5284)->(18,10,25.0284)->(17,10,25.5284)->(16,10,26.0284)->(15,10,26.5284)->(14,10,27.0284)->(13,10,27.5464)->(12,10,28.1142)->(11,10,28.7964)->(10,10,30.1142)->(9,10,32.7426)->(9,9,5016.56)->
Agent 95:(14,24,7.04806)->(14,23,13.5103)->(14,22,14.8282)->(14,21,15.5103)->(14,20,16.0782)->(14,19,16.5961)->(14,18,17.0961)->(14,17,17.5961)->(14,16,18.0961)->(14,15,18.6141)->(14,14,19.1819)->(14,13,19.8641)->(14,12,21.1819)->(14,11,23.3961)->(13,11,26.1961)->(12,11,5013.1)->
Agent 96:(6,6,1.8)->(7,6,3.01421)->(8,6,4.34806)->(9,6,5.17649)->(10,6,6.51034)->(11,6,8.72456)->(11,7,10.9388)->(11,8,12.2566)->(11,9,12.9388)->(11,10,13.5066)->(11,11,14.0246)->(11,12,14.5246)->(11,13,15.0246)->(11,14,15.5246)->(11,15,16.0425)->(11,16,16.6103)->(11,17,17.2925)->(11,18,18.6103)->(11,19,20.8246)->(12,19,23.0388)->(13,19,24.3566)->(14,19,25.0887)->(15,19,25.8207)->(16,19,27.1385)->(17,19,29.3528)->(17,20,31.6022)->(17,21,33.6022)->(17,22,5016.53)->
Agent 97:(12,1,1.8)->(13,1,3.01421)->(14,1,4.33205)->(15,1,5.02382)->(16,1,5.65949)->(17,1,6.35126)->(18,1,7.6691)->(19,1,9.88331)->(19,2,12.0975)->(19,3,13.4154)->(19,4,14.0975)->(19,5,14.6654)->(19,6,15.1833)->(19,7,15.6833)->(19,8,16.1833)->(19,9,16.6833)->(19,10,17.1833)->(19,11,17.6833)->(19,12,18.1833)->(19,13,18.6833)->(19,14,19.2013)->(19,15,19.7691)->(19,16,20.4513)->(19,17,21.7691)->(19,18,5010.59)->
Agent 98:(21,2,1.8)->(20,2,3.01421)->(19,2,4.33205)->(18,2,5.01421)->(17,2,5.58205)->(16,2,6.1)->(15,2,6.6)->(14,2,7.1)->(13,2,7.6)->(12,2,8.1)->(11,2,8.6)->(10,2,9.1)->(9,2,9.6)->(8,2,10.1)->(7,2,10.6)->(6,2,11.1)->(5,2,11.6179)->(4,2,12.1858)->(3,2,12.8679)->(2,2,14.1858)->(1,2,16.4)->(1,3,18.6142)->(1,4,19.9321)->(1,5,20.6142)->(1,6,21.1821)->(1,7,21.7)->(1,8,22.2)->(1,9,22.7)->(1,10,23.2179)->(1,11,23.7858)->(1,12,24.4679)->(1,13,25.7858)->(1,14,5012.6)->
Agent 99:(22,26,2.33205)->(22,25,4.07832)->(22,24,5.39615)->(22,23,6.07832)->(22,22,6.64615)->(22,21,7.1641)->(22,20,7.6641)->(22,19,8.1641)->(22,18,8.6641)->(22,17,9.1641)->(22,16,9.6641)->(22,15,10.1641)->(22,14,10.6641)->(22,13,11.1641)->(22,12,11.6641)->(22,11,12.1641)->(22,10,12.6821)->(22,9,13.2499)->(22,8,13.9321)->(22,7,15.2499)->(22,6,17.4641)->(21,6,19.6783)->(20,6,20.9962)->(19,6,21.6783)->(18,6,22.2462)->(17,6,22.7641)->(16,6,23.2641)->(15,6,23.7821)->(14,6,24.3499)->(13,6,25.0321)->(12,6,26.3499)->(11,6,5012.88)->
Agent 100:(8,3,2.13385)->(8,4,3.68191)->(8,5,4.99975)->(8,6,5.68191)->(8,7,6.24975)->(8,8,6.7677)->(8,9,7.2677)->(8,10,7.7677)->(8,11,8.2677)->(8,12,8.7677)->(8,13,9.2677)->(8,14,9.7677)->(8,15,10.2677)->(8,16,10.7677)->(8,17,11.2677)->(8,18,11.7677)->(8,19,12.2857)->(8,20,12.8535)->(8,21,13.5357)->(8,22,14.8535)->(8,23,17.0677)->(9,23,19.3172)->(10,23,21.3172)->(11,23,5010.38)->
Agent 101:(25,23,1.3)->(25,24,2.6)->(25,25,5.4)->(24,25,7.61421)->(23,25,8.93205)->(22,25,9.61421)->(21,25,10.1821)->(20,25,10.7)->(19,25,11.2)->(18,25,11.7)->(17,25,12.2)->(16,25,12.7)->(15,25,13.2)->(14,25,13.7)->(13,25,14.2)->(12,25,14.7)->(11,25,15.2)->(10,25,15.7179)->(9,25,16.2858)->(8,25,16.9679)->(7,25,18.2858)->(6,25,20.5)->(6,24,22.7142)->(6,23,24.0321)->(6,22,24.7142)->(6,21,25.2821)->(6,20,25.8)->(6,19,26.3)->(6,18,26.8)->(6,17,27.3)->(6,16,27.8)->(6,15,28.3)->(6,14,28.8)->(6,13,29.3)->(6,12,29.8)->(6,11,30.3)->(6,10,30.8)->(6,9,31.3)->(6,8,31.8179)->(6,7,32.3858)->(6,6,33.0679)->(6,5,34.3858)->(6,4,5016.9)->
Agent 102:(28,14,2.4142)->(28,15,4.24261)->(28,16,5.56045)->(28,17,6.24261)->(28,18,6.81045)->(28,19,7.3284)->(28,20,7.8284)->(28,21,8.3284)->(28,22,8.8284)->(28,23,9.3284)->(28,24,9.84635)->(28,25,10.4142)->(28,26,11.0963)->(28,27,12.4142)->(28,28,14.6284)->(27,28,16.8426)->(26,28,18.1605)->(25,28,18.8426)->(24,28,19.4105)->(23,28,19.9284)->(22,28,20.4284)->(21,28,20.9284)->(20,28,21.4284)->(19,28,21.9284)->(18,28,22.4284)->(17,28,22.9284)->(16,28,23.4284)->(15,28,23.9284)->(14,28,24.4284)->(13,28,24.9284)->(12,28,25.4284)->(11,28,25.9284)->(10,28,26.4284)->(9,28,26.9284)->(8,28,27.4284)->(7,28,27.9463)->(6,28,28.5142)->(5,28,29.1963)->(4,28,30.5142)->(3,28,33.1426)->(3,29,5016.76)->
Agent 103:(26,5,1.3)->(26,6,2.01421)->(26,7,3.42843)->(26,8,4.84264)->(26,9,7.21048)->(25,9,9.57832)->(24,9,10.8962)->(23,9,11.5783)->(22,9,12.1462)->(21,9,12.6641)->(20,9,13.1641)->(19,9,13.6641)->(18,9,14.1641)->(17,9,14.6821)->(16,9,15.2499)->(15,9,15.9321)->(14,9,17.2499)->(13,9,5008.33)->
Agent 104:(16,8,2.2)->(16,7,4.4)->(16,6,7.2)->(15,6,9.41421)->(14,6,10.7321)->(13,6,11.4142)->(12,6,11.9821)->(11,6,12.5)->(10,6,13)->(9,6,13.5)->(8,6,14.0179)->(7,6,14.5858)->(6,6,15.2679)->(5,6,16.5858)->(4,6,5008)->
Agent 105:(16,6,1.8)->(17,6,3.6)->(18,6,6.4)->(18,7,8.61421)->(18,8,9.93205)->(18,9,10.6142)->(18,10,11.1821)->(18,11,11.7)->(18,12,12.2)->(18,13,12.7)->(18,14,13.2)->(18,15,13.7)->(18,16,14.2)->(18,17,14.7179)->(18,18,15.2858)->(18,19,15.9679)->(18,20,17.2858)->(18,21,5008.35)->
Agent 106:(25,22,2.4142)->(25,23,4.8284)->(25,24,8.09676)->(24,24,10.8146)->(23,24,12.8146)->(22,24,5006.13)->
Agent 107:(13,16,2.2)->(13,15,3.81421)->(13,14,5.13205)->(13,13,5.81421)->(13,12,6.38205)->(13,11,6.91795)->(13,10,7.48579)->(13,9,8.16795)->(13,8,9.48579)->(13,7,11.7)->(14,7,13.9142)->(15,7,15.2321)->(16,7,15.9142)->(17,7,16.4821)->(18,7,17)->(19,7,17.5)->(20,7,18)->(21,7,18.5179)->(22,7,19.0858)->(23,7,19.7679)->(24,7,21.0858)->(25,7,23.7142)->(25,8,5012.05)->
Agent 108:(28,6,1.3)->(28,7,2.01421)->(28,8,3.33205)->(28,9,4.0641)->(28,10,4.79615)->(28,11,6.11399)->(28,12,8.62691)->(27,12,11.1398)->(26,12,12.4737)->(25,12,13.3021)->(24,12,14.636)->(23,12,17.2644)->(23,13,5008.83)->
Agent 109:(4,29,6.33216)->(5,29,12.0785)->(6,29,13.3964)->(7,29,14.0785)->(8,29,14.6464)->(9,29,15.1643)->(10,29,15.6823)->(11,29,16.2501)->(12,29,16.9323)->(13,29,18.2501)->(14,29,23.6784)->(14,30,5013.43)->
