Agent 0:(24,25,3.2)->(24,24,5.81421)->(24,23,7.22843)->(24,22,8.64264)->(24,21,11.2711)->(25,21,14.8711)->(25,20,17.4995)->(25,19,18.8173)->(25,18,19.4995)->(25,17,20.0673)->(25,16,20.5853)->(25,15,21.0853)->(25,14,21.5853)->(25,13,22.1032)->(25,12,22.6711)->(25,11,23.3532)->(25,10,24.6711)->(25,9,27.2995)->(26,9,30.8995)->(26,8,33.5279)->(26,7,34.8458)->(26,6,35.5375)->(26,5,36.1732)->(26,4,36.865)->(26,3,38.1828)->(26,2,5018.8)->
Agent 1:(14,24,2.21421)->(15,24,7.14252)->(14,24,19.5303)->(14,25,28.6183)->(14,26,29.9522)->(14,27,30.7806)->(14,28,32.1144)->(14,29,5015.76)->
Agent 2:(14,15,1.71421)->(14,16,5.41421)->(15,16,11.0284)->(15,15,16.2606)->(15,16,26.4143)->(16,16,34.3785)->(17,16,35.6963)->(18,16,36.3785)->(19,16,36.9463)->(20,16,37.4643)->(21,16,37.9822)->(22,16,38.5501)->(23,16,39.2322)->(24,16,40.5501)->(25,16,5019.98)->
Agent 3:(19,23,2.21421)->(20,23,4.81421)->(20,24,8.02843)->(20,25,10.8284)->(21,25,13.0426)->(22,25,14.3605)->(23,25,15.0426)->(24,25,15.6105)->(25,25,16.1464)->(26,25,16.7142)->(27,25,17.3964)->(28,25,18.7142)->(29,25,21.3426)->(29,26,5010.86)->
Agent 4:(2,12,2.86615)->(2,11,5.14651)->(2,10,6.48036)->(2,9,7.30879)->(2,8,8.64264)->(2,7,10.8569)->(3,7,13.6569)->(4,7,16.4569)->(4,6,18.6711)->(4,5,20.0049)->(4,4,20.8333)->(4,3,22.1672)->(4,2,24.7956)->(5,2,5012.59)->
Agent 5:(24,10,2.21421)->(25,10,6.39638)->(25,9,10.607)->(25,8,11.9248)->(25,7,12.607)->(25,6,13.1928)->(25,5,13.7785)->(25,4,14.4607)->(25,3,15.7785)->(25,2,20.9395)->(24,2,26.1358)->(23,2,28.1358)->(22,2,30.3853)->(22,3,32.5995)->(22,4,34.0137)->(22,5,35.4279)->(22,6,5017.42)->
Agent 6:(21,31,8.93226)->(21,30,17.2787)->(21,29,18.5966)->(21,28,19.2787)->(21,27,19.8466)->(21,26,20.3645)->(21,25,20.8645)->(21,24,21.3645)->(21,23,21.8645)->(21,22,22.3645)->(21,21,22.8645)->(21,20,23.3645)->(21,19,23.8645)->(21,18,24.3645)->(21,17,24.8645)->(21,16,25.3645)->(21,15,25.8645)->(21,14,26.3645)->(21,13,26.8645)->(21,12,27.3645)->(21,11,27.8645)->(21,10,28.3825)->(21,9,28.9503)->(21,8,29.6325)->(21,7,30.9503)->(21,6,33.1645)->(20,6,35.3787)->(19,6,36.6966)->(18,6,37.3787)->(17,6,37.9466)->(16,6,38.4645)->(15,6,38.9645)->(14,6,39.4645)->(13,6,39.9645)->(12,6,40.4825)->(11,6,41.0503)->(10,6,41.7325)->(9,6,43.0503)->(8,6,5021.23)->
Agent 7:(24,21,1.8)->(23,21,3.04949)->(22,21,5.04949)->(21,21,7.29898)->(21,20,9.51319)->(21,19,10.831)->(21,18,11.5132)->(21,17,12.081)->(21,16,12.599)->(21,15,13.099)->(21,14,13.6169)->(21,13,14.1848)->(21,12,14.8669)->(21,11,16.1848)->(21,10,18.399)->(20,10,20.6132)->(19,10,21.931)->(18,10,22.6132)->(17,10,23.181)->(16,10,23.699)->(15,10,24.2169)->(14,10,24.7848)->(13,10,25.4669)->(12,10,26.7848)->(11,10,28.999)->(11,9,31.2132)->(11,8,32.531)->(11,7,33.2132)->(11,6,33.781)->(11,5,34.299)->(11,4,34.8169)->(11,3,35.3848)->(11,2,36.0669)->(11,1,37.3848)->(11,0,40.0132)->(12,0,47.4137)->(11,0,53.8426)->(10,0,55.1765)->(9,0,56.0049)->(8,0,57.3388)->(7,0,5028.38)->
Agent 8:(26,29,2.2)->(26,28,3.84949)->(26,27,5.84949)->(26,26,8.09898)->(25,26,10.3132)->(24,26,11.631)->(23,26,12.3132)->(22,26,12.881)->(21,26,13.399)->(20,26,13.899)->(19,26,14.399)->(18,26,14.899)->(17,26,15.399)->(16,26,15.899)->(15,26,16.399)->(14,26,16.899)->(13,26,17.399)->(12,26,17.899)->(11,26,18.399)->(10,26,18.899)->(9,26,19.399)->(8,26,19.899)->(7,26,20.399)->(6,26,20.899)->(5,26,21.4169)->(4,26,21.9848)->(3,26,22.6669)->(2,26,23.9848)->(1,26,26.199)->(1,25,28.4132)->(1,24,29.747)->(1,23,30.5755)->(1,22,31.9093)->(1,21,5015.66)->
Agent 9:(5,6,4.83577)->(5,7,9.08576)->(5,8,10.4036)->(5,9,11.1356)->(5,10,11.8677)->(5,11,13.1855)->(5,12,15.3997)->(6,12,17.614)->(7,12,18.9478)->(8,12,19.7762)->(9,12,21.1101)->(10,12,24.3849)->(10,13,27.6597)->(10,14,28.9776)->(10,15,29.6597)->(10,16,30.2276)->(10,17,30.7455)->(10,18,31.2455)->(10,19,31.7455)->(10,20,32.2455)->(10,21,32.7455)->(10,22,33.2635)->(10,23,33.8313)->(10,24,34.5135)->(10,25,35.8313)->(10,26,38.4597)->(9,26,5019.42)->
Agent 10:(27,23,2.17795)->(28,23,3.8054)->(29,23,5.8054)->(30,23,8.05489)->(30,22,10.2691)->(30,21,11.5869)->(30,20,12.2691)->(30,19,12.8369)->(30,18,13.3549)->(30,17,13.8549)->(30,16,14.3549)->(30,15,14.8549)->(30,14,15.3549)->(30,13,15.8549)->(30,12,16.3549)->(30,11,16.8549)->(30,10,17.3549)->(30,9,17.8728)->(30,8,18.4407)->(30,7,19.1228)->(30,6,20.4407)->(30,5,28.8701)->(29,5,37.2995)->(28,5,38.6173)->(27,5,39.2995)->(26,5,39.8673)->(25,5,40.3853)->(24,5,40.8853)->(23,5,41.3853)->(22,5,41.8853)->(21,5,42.3853)->(20,5,42.8853)->(19,5,43.3853)->(18,5,43.8853)->(17,5,44.3853)->(16,5,44.8853)->(15,5,45.4032)->(14,5,45.971)->(13,5,46.6532)->(12,5,47.971)->(11,5,50.1853)->(11,6,52.3995)->(11,7,53.8137)->(11,8,55.2279)->(11,9,5027.32)->
Agent 11:(12,15,1.71421)->(12,16,4.62843)->(11,16,8.07107)->(10,16,9.38891)->(9,16,10.0711)->(8,16,10.6389)->(7,16,11.1569)->(6,16,11.6569)->(5,16,12.1748)->(4,16,12.7426)->(3,16,13.4248)->(2,16,14.7426)->(1,16,18.9568)->(2,16,25.5289)->(2,17,29.5789)->(2,18,31.5789)->(2,19,5015.51)->
Agent 12:(12,8,1.8)->(12,9,3.6)->(12,10,6.56846)->(13,10,8.98641)->(14,10,10.9864)->(15,10,14.8464)->(15,9,19.6426)->(16,9,22.271)->(17,9,23.5889)->(18,9,24.2806)->(19,9,24.9163)->(20,9,25.6081)->(21,9,26.9259)->(22,9,31.775)->(22,10,36.6241)->(22,11,37.9419)->(22,12,38.6241)->(22,13,39.1919)->(22,14,39.7098)->(22,15,40.2278)->(22,16,40.7956)->(22,17,41.4778)->(22,18,42.7956)->(22,19,45.0098)->(23,19,47.2241)->(24,19,48.5419)->(25,19,49.2241)->(26,19,49.8098)->(27,19,50.3956)->(28,19,51.0778)->(29,19,52.3956)->(30,19,54.6098)->(30,20,57.4098)->(30,21,5028.7)->
Agent 13:(29,29,1.71421)->(29,30,3.81421)->(28,30,6.44264)->(27,30,7.76048)->(26,30,8.44264)->(25,30,9.01048)->(24,30,9.54638)->(23,30,10.1142)->(22,30,10.7964)->(21,30,12.1142)->(20,30,14.4712)->(20,29,16.8281)->(20,28,18.146)->(20,27,18.878)->(20,26,19.6101)->(20,25,20.9279)->(20,24,25.5438)->(19,24,30.1597)->(18,24,31.4776)->(17,24,32.1597)->(16,24,32.7276)->(15,24,33.2455)->(14,24,33.7455)->(13,24,34.2455)->(12,24,34.7455)->(11,24,35.2455)->(10,24,35.7455)->(9,24,36.2455)->(8,24,36.7635)->(7,24,37.3313)->(6,24,38.0135)->(5,24,39.3313)->(4,24,41.5455)->(4,23,44.3455)->(4,22,5022.17)->
Agent 14:(26,8,2.03579)->(26,9,3.48579)->(26,10,4.80362)->(26,11,5.48579)->(26,12,6.05362)->(26,13,6.57157)->(26,14,7.07157)->(26,15,7.57157)->(26,16,8.07157)->(26,17,8.57157)->(26,18,9.07157)->(26,19,9.57157)->(26,20,10.0895)->(26,21,10.6574)->(26,22,11.3395)->(26,23,12.6574)->(26,24,15.4558)->(25,24,19.6399)->(25,25,23.6542)->(24,25,26.8684)->(23,25,5013.43)->
Agent 15:(23,28,2.46795)->(23,27,4.35011)->(23,26,5.66795)->(23,25,6.35011)->(23,24,6.91795)->(23,23,7.45385)->(23,22,8.02168)->(23,21,8.70385)->(23,20,10.0217)->(23,19,13.7321)->(22,19,17.4426)->(21,19,18.7605)->(20,19,19.4426)->(19,19,20.0105)->(18,19,20.5284)->(17,19,21.0284)->(16,19,21.5284)->(15,19,22.0284)->(14,19,22.5284)->(13,19,23.0284)->(12,19,23.5284)->(11,19,24.0284)->(10,19,24.5284)->(9,19,25.0284)->(8,19,25.5284)->(7,19,26.0284)->(6,19,26.5284)->(5,19,27.0463)->(4,19,27.6142)->(3,19,28.2963)->(2,19,29.6142)->(1,19,31.8284)->(1,18,34.0426)->(1,17,35.3605)->(1,16,36.0426)->(1,15,36.6105)->(1,14,37.1284)->(1,13,37.6284)->(1,12,38.1284)->(1,11,38.6284)->(1,10,39.1284)->(1,9,39.6284)->(1,8,40.1463)->(1,7,40.7142)->(1,6,41.3963)->(1,5,42.7142)->(1,4,45.3426)->(2,4,5022.86)->
Agent 16:(24,0,1.8)->(23,0,3.01421)->(22,0,4.33205)->(21,0,5.01421)->(20,0,5.58205)->(19,0,6.1)->(18,0,6.6)->(17,0,7.1)->(16,0,7.6)->(15,0,8.1)->(14,0,8.6)->(13,0,9.1)->(12,0,9.6)->(11,0,10.1)->(10,0,10.6)->(9,0,11.1)->(8,0,11.6)->(7,0,12.1179)->(6,0,12.6858)->(5,0,13.3679)->(4,0,14.6858)->(3,0,17.4642)->(4,0,20.2426)->(5,0,21.5605)->(6,0,22.2426)->(7,0,22.8105)->(8,0,23.3284)->(9,0,23.8284)->(10,0,24.3284)->(11,0,24.8284)->(12,0,25.3284)->(13,0,25.8284)->(14,0,26.3284)->(15,0,26.8284)->(16,0,27.3284)->(17,0,27.8284)->(18,0,28.3284)->(19,0,28.8284)->(20,0,29.3284)->(21,0,29.8284)->(22,0,30.3284)->(23,0,30.8464)->(24,0,31.4142)->(25,0,32.0964)->(26,0,33.4142)->(27,0,35.6284)->(27,1,37.8426)->(27,2,39.1605)->(27,3,39.8426)->(27,4,40.4105)->(27,5,40.9464)->(27,6,41.5142)->(27,7,42.1964)->(27,8,43.5142)->(27,9,45.7284)->(28,9,47.9426)->(29,9,49.3569)->(30,9,50.7711)->(31,9,52.9853)->(31,10,55.1995)->(31,11,56.5173)->(31,12,57.1995)->(31,13,57.7673)->(31,14,58.2853)->(31,15,58.7853)->(31,16,59.2853)->(31,17,59.8032)->(31,18,60.3711)->(31,19,61.0532)->(31,20,62.3711)->(31,21,5030.89)->
Agent 17:(12,11,1.8)->(11,11,3.01421)->(10,11,4.42843)->(9,11,5.84264)->(8,11,8.95685)->(8,12,12.1063)->(8,13,14.1063)->(8,14,16.3558)->(9,14,18.57)->(10,14,19.9039)->(11,14,20.7323)->(12,14,22.0662)->(13,14,24.2804)->(13,15,26.4946)->(13,16,27.8124)->(13,17,28.5042)->(13,18,29.1399)->(13,19,29.8317)->(13,20,31.1495)->(13,21,5015.28)->
Agent 18:(28,5,1.3)->(28,6,2.6)->(28,7,8.4)->(27,7,13.6142)->(26,7,14.9321)->(25,7,15.6142)->(24,7,16.1821)->(23,7,16.7)->(22,7,17.2)->(21,7,17.7)->(20,7,18.2)->(19,7,18.7)->(18,7,19.2179)->(17,7,19.7858)->(16,7,20.4679)->(15,7,21.7858)->(14,7,27.8505)->(14,8,33.9505)->(14,9,35.9505)->(14,10,5017.7)->
Agent 19:(7,12,2.94902)->(6,12,5.31225)->(5,12,6.72646)->(4,12,8.14067)->(3,12,12.5774)->(3,13,17.0142)->(3,14,18.348)->(3,15,19.1765)->(3,16,20.5103)->(3,17,5009.96)->
Agent 20:(18,19,1.71421)->(18,20,5.66228)->(17,20,10.1388)->(16,20,11.4566)->(15,20,12.1887)->(14,20,12.9207)->(13,20,14.2385)->(12,20,16.4528)->(12,21,19.2528)->(12,22,23.4585)->(12,21,27.6643)->(12,20,5013.83)->
Agent 21:(19,19,1.71421)->(19,20,4.22843)->(20,20,8.24264)->(20,21,10.8711)->(20,22,12.2853)->(20,23,13.6995)->(20,24,16.7279)->(20,23,23.5899)->(19,23,29.0803)->(18,23,30.3981)->(17,23,31.0803)->(16,23,31.6481)->(15,23,32.1661)->(14,23,32.684)->(13,23,33.2519)->(12,23,33.934)->(11,23,35.2519)->(10,23,37.8803)->(10,22,5019.13)->
Agent 22:(17,24,2.2)->(17,23,3.81421)->(17,22,5.14806)->(17,21,5.97649)->(17,20,7.31034)->(17,19,10.3265)->(16,19,13.3426)->(15,19,14.6605)->(14,19,15.3426)->(13,19,15.9105)->(12,19,16.4463)->(11,19,17.0142)->(10,19,17.6963)->(9,19,19.0142)->(8,19,21.555)->(8,18,24.0958)->(8,17,25.4137)->(8,16,26.1457)->(8,15,26.8778)->(8,14,28.1956)->(8,13,31.4786)->(7,13,35.3474)->(6,13,38.5616)->(6,14,5019.47)->
Agent 23:(26,19,2.21421)->(25,19,4.81421)->(25,18,7.44264)->(25,17,8.76048)->(25,16,9.44264)->(25,15,10.0105)->(25,14,10.5284)->(25,13,11.0284)->(25,12,11.5284)->(25,11,12.0284)->(25,10,12.5284)->(25,9,13.0464)->(25,8,13.6142)->(25,7,14.2964)->(25,6,15.6142)->(25,5,22.8147)->(24,5,30.0152)->(23,5,31.333)->(22,5,32.0152)->(21,5,32.583)->(20,5,33.1009)->(19,5,33.6009)->(18,5,34.1009)->(17,5,34.6009)->(16,5,35.1009)->(15,5,35.6009)->(14,5,36.1189)->(13,5,36.6867)->(12,5,37.3689)->(11,5,38.6867)->(10,5,5019.05)->
Agent 24:(4,9,2.36323)->(4,10,4.14067)->(4,11,5.45851)->(4,12,6.14067)->(4,13,6.70851)->(4,14,7.22646)->(4,15,7.72646)->(4,16,8.22646)->(4,17,8.72646)->(4,18,9.22646)->(4,19,9.72646)->(4,20,10.2265)->(4,21,10.7444)->(4,22,11.3122)->(4,23,11.9944)->(4,24,13.3122)->(4,25,15.5265)->(5,25,18.3265)->(6,25,30.2274)->(6,26,42.1284)->(6,27,5021.06)->
Agent 25:(7,28,2.21421)->(6,28,5.30997)->(6,27,8.43415)->(6,26,9.75199)->(6,25,10.4341)->(6,24,11.002)->(6,23,11.5199)->(6,22,12.0379)->(6,21,12.6057)->(6,20,13.2879)->(6,19,14.6057)->(6,18,17.0779)->(7,18,19.5501)->(8,18,20.8679)->(9,18,21.5501)->(10,18,22.1179)->(11,18,22.6359)->(12,18,23.1359)->(13,18,23.6359)->(14,18,24.1359)->(15,18,24.6359)->(16,18,25.1359)->(17,18,25.6538)->(18,18,26.2217)->(19,18,26.9038)->(20,18,28.2217)->(21,18,30.4359)->(21,17,32.6501)->(21,16,33.9679)->(21,15,34.6501)->(21,14,35.2179)->(21,13,35.7359)->(21,12,36.2359)->(21,11,36.7359)->(21,10,37.2359)->(21,9,37.7359)->(21,8,38.2359)->(21,7,38.7359)->(21,6,39.2359)->(21,5,39.7359)->(21,4,40.2538)->(21,3,40.8217)->(21,2,41.5038)->(21,1,42.8217)->(21,0,45.4501)->(20,0,5022.92)->
Agent 26:(7,11,2.8359)->(6,11,5.08601)->(5,11,6.40385)->(4,11,7.1359)->(3,11,7.86795)->(2,11,9.18579)->(1,11,11.4)->(1,10,13.6142)->(1,9,15.0284)->(1,8,16.4426)->(1,7,22.9596)->(0,7,5013.62)->
Agent 27:(9,8,2.06795)->(8,8,3.55011)->(7,8,4.86795)->(6,8,5.6)->(5,8,6.33205)->(4,8,7.64989)->(3,8,11.6105)->(3,9,18.5284)->(3,8,30.7821)->(2,8,40.6643)->(1,8,5020.33)->
Agent 28:(2,10,2.2)->(2,9,3.81421)->(2,8,5.22843)->(2,7,6.64264)->(2,6,9.63889)->(3,6,12.6351)->(4,6,13.953)->(5,6,14.6351)->(6,6,15.203)->(7,6,15.7209)->(8,6,16.2209)->(9,6,16.7209)->(10,6,17.2209)->(11,6,17.7389)->(12,6,18.3067)->(13,6,18.9889)->(14,6,20.3067)->(15,6,22.5209)->(15,5,25.3209)->(15,4,32.3927)->(15,5,39.4645)->(15,6,5019.73)->
Agent 29:(18,3,1.3)->(18,4,2.04949)->(18,5,4.04949)->(18,6,6.29898)->(19,6,9.09898)->(20,6,12.3132)->(20,5,21.3014)->(20,6,29.3181)->(20,7,30.6519)->(20,8,31.4804)->(20,9,32.8142)->(20,10,36.3964)->(21,10,5018.87)->
Agent 30:(3,8,3.53205)->(3,7,6.47832)->(3,6,7.79615)->(3,5,8.48792)->(3,4,9.1236)->(3,3,9.81537)->(3,2,11.1332)->(3,1,16.27)->(4,1,21.4067)->(5,1,22.7246)->(6,1,23.4067)->(7,1,23.9746)->(8,1,24.4925)->(9,1,24.9925)->(10,1,25.4925)->(11,1,25.9925)->(12,1,26.4925)->(13,1,26.9925)->(14,1,27.4925)->(15,1,27.9925)->(16,1,28.4925)->(17,1,28.9925)->(18,1,29.4925)->(19,1,30.0105)->(20,1,30.5783)->(21,1,31.2605)->(22,1,32.5783)->(23,1,34.7925)->(23,2,37.5925)->(23,3,5018.8)->
Agent 31:(12,29,1.71421)->(12,30,3.81421)->(13,30,6.44264)->(14,30,7.76048)->(15,30,8.49253)->(16,30,9.22458)->(17,30,10.5424)->(18,30,16.1641)->(18,29,21.7858)->(18,28,23.1036)->(18,27,23.7858)->(18,26,24.3536)->(18,25,24.8716)->(18,24,25.3716)->(18,23,25.8716)->(18,22,26.3895)->(18,21,26.9574)->(18,20,27.6395)->(18,19,28.9574)->(18,18,33.5821)->(17,18,5017.98)->
Agent 32:(25,3,1.8)->(24,3,3.01421)->(23,3,4.33205)->(22,3,5.02382)->(21,3,5.65949)->(20,3,6.35126)->(19,3,7.6691)->(18,3,9.88331)->(18,4,12.0975)->(18,5,13.4154)->(18,6,14.0975)->(18,7,14.6833)->(18,8,15.2691)->(18,9,15.9513)->(18,10,17.2691)->(18,11,19.4833)->(17,11,21.6975)->(16,11,23.0154)->(15,11,23.6975)->(14,11,24.2654)->(13,11,24.7833)->(12,11,25.2833)->(11,11,25.7833)->(10,11,26.3013)->(9,11,26.8691)->(8,11,27.5513)->(7,11,28.8691)->(6,11,31.0833)->(6,12,33.2975)->(6,13,34.6154)->(6,14,35.2975)->(6,15,35.8654)->(6,16,36.3833)->(6,17,36.8833)->(6,18,37.3833)->(6,19,37.8833)->(6,20,38.4013)->(6,21,38.9691)->(6,22,39.6513)->(6,23,40.9691)->(6,24,43.1833)->(5,24,45.9833)->(4,24,48.7833)->(4,25,50.9975)->(4,26,52.3314)->(4,27,53.1598)->(4,28,54.4937)->(4,29,5026.95)->
Agent 33:(1,5,1.84626)->(2,5,3.10674)->(3,5,4.42458)->(4,5,5.10674)->(5,5,5.67458)->(6,5,6.19253)->(7,5,6.71048)->(8,5,7.27832)->(9,5,7.96048)->(10,5,9.27832)->(11,5,11.4925)->(11,6,13.742)->(11,7,15.742)->(11,8,17.9915)->(12,8,20.2057)->(13,8,21.5236)->(14,8,22.2057)->(15,8,22.7736)->(16,8,23.2915)->(17,8,23.7915)->(18,8,24.2915)->(19,8,24.7915)->(20,8,25.2915)->(21,8,25.7915)->(22,8,26.2915)->(23,8,26.7915)->(24,8,27.2915)->(25,8,27.7915)->(26,8,28.3095)->(27,8,28.8773)->(28,8,29.5595)->(29,8,30.8773)->(30,8,33.0915)->(30,9,35.341)->(30,10,37.341)->(30,11,5018.4)->
Agent 34:(20,4,1.8)->(19,4,3.04949)->(18,4,5.04949)->(17,4,15.2137)->(18,4,25.9284)->(19,4,5012.96)->
Agent 35:(5,19,2.69275)->(5,18,4.79972)->(5,17,6.11756)->(5,16,6.84961)->(5,15,7.58166)->(5,14,8.89949)->(5,13,11.6995)->(6,13,15.0853)->(7,13,18.3906)->(7,12,21.1101)->(7,11,22.4279)->(7,10,23.1101)->(7,9,23.6779)->(7,8,24.1959)->(7,7,24.6959)->(7,6,25.1959)->(7,5,25.7138)->(7,4,26.2817)->(7,3,26.9638)->(7,2,28.2817)->(7,1,30.9101)->(6,1,5015.65)->
Agent 36:(31,9,1.3)->(31,10,2.01421)->(31,11,3.33205)->(31,12,4.01421)->(31,13,4.58205)->(31,14,5.1)->(31,15,5.6)->(31,16,6.1)->(31,17,6.6)->(31,18,7.1)->(31,19,7.61795)->(31,20,8.18579)->(31,21,8.86795)->(31,22,10.1858)->(31,23,20.7821)->(30,23,31.3785)->(29,23,32.6963)->(28,23,33.3785)->(27,23,33.9463)->(26,23,34.4643)->(25,23,34.9643)->(24,23,35.4643)->(23,23,35.9643)->(22,23,36.4643)->(21,23,36.9822)->(20,23,37.5501)->(19,23,38.2322)->(18,23,39.5501)->(17,23,5019.48)->
Agent 37:(29,7,2.2)->(29,6,3.84949)->(29,5,5.84949)->(29,4,9.4978)->(28,4,13.1108)->(27,4,14.4447)->(26,4,15.2731)->(25,4,16.607)->(24,4,24.5926)->(24,3,32.5783)->(24,2,33.9925)->(24,1,35.4067)->(24,0,40.8012)->(24,1,46.7814)->(24,2,5023.39)->
Agent 38:(24,22,1.8)->(23,22,3.01421)->(22,22,4.33205)->(21,22,5.02382)->(20,22,5.65949)->(19,22,6.35126)->(18,22,7.6691)->(17,22,10.6284)->(17,21,13.5878)->(17,20,14.9056)->(17,19,15.5878)->(17,18,16.1556)->(17,17,16.6735)->(17,16,17.1735)->(17,15,17.6735)->(17,14,18.1735)->(17,13,18.6735)->(17,12,19.1735)->(17,11,19.6735)->(17,10,20.1735)->(17,9,20.6915)->(17,8,21.2593)->(17,7,21.9415)->(17,6,23.2593)->(17,5,25.4735)->(16,5,27.723)->(15,5,29.723)->(14,5,32.3867)->(14,4,5016.39)->
Agent 39:(16,19,2.7)->(17,19,4.81421)->(18,19,6.13205)->(19,19,6.81421)->(20,19,7.38205)->(21,19,7.9)->(22,19,8.4)->(23,19,8.91795)->(24,19,9.48579)->(25,19,10.1679)->(26,19,11.4858)->(27,19,14.7784)->(27,18,18.0711)->(27,17,19.3889)->(27,16,20.0711)->(27,15,20.6389)->(27,14,21.1748)->(27,13,21.7426)->(27,12,22.4248)->(27,11,23.7426)->(27,10,5011.58)->
Agent 40:(31,28,1.8)->(30,28,3.01421)->(29,28,4.33205)->(28,28,5.02382)->(27,28,5.65949)->(26,28,6.35126)->(25,28,7.6691)->(24,28,17.6324)->(24,27,27.5956)->(24,26,28.9135)->(24,25,29.5956)->(24,24,30.1635)->(24,23,30.6814)->(24,22,31.1814)->(24,21,31.6814)->(24,20,32.1814)->(24,19,32.6814)->(24,18,33.1814)->(24,17,33.6814)->(24,16,34.1814)->(24,15,34.6814)->(24,14,35.1814)->(24,13,35.6814)->(24,12,36.1814)->(24,11,36.6814)->(24,10,37.1814)->(24,9,37.6814)->(24,8,38.1814)->(24,7,38.6814)->(24,6,39.1994)->(24,5,39.7672)->(24,4,40.4494)->(24,3,41.7672)->(24,2,43.9814)->(23,2,46.1956)->(22,2,47.5135)->(21,2,48.1956)->(20,2,48.7635)->(19,2,49.2814)->(18,2,49.7814)->(17,2,50.2814)->(16,2,50.7814)->(15,2,51.2814)->(14,2,51.7814)->(13,2,52.2994)->(12,2,52.8672)->(11,2,53.5494)->(10,2,54.8672)->(9,2,5027.14)->
Agent 41:(4,6,5.24999)->(4,7,9.91419)->(4,8,11.232)->(4,9,11.9142)->(4,10,12.482)->(4,11,13)->(4,12,13.5)->(4,13,14.0179)->(4,14,14.5858)->(4,15,15.2679)->(4,16,16.5858)->(4,17,21.3727)->(5,17,26.1597)->(6,17,27.4776)->(7,17,28.1597)->(8,17,28.7276)->(9,17,29.2455)->(10,17,29.7455)->(11,17,30.2455)->(12,17,30.7455)->(13,17,31.2455)->(14,17,31.7455)->(15,17,32.2455)->(16,17,32.7455)->(17,17,33.2455)->(18,17,33.7455)->(19,17,34.2455)->(20,17,34.7455)->(21,17,35.2455)->(22,17,35.7455)->(23,17,36.2635)->(24,17,36.8313)->(25,17,37.5135)->(26,17,38.8313)->(27,17,5019.12)->
Agent 42:(19,18,2.46795)->(18,18,4.35011)->(17,18,5.66795)->(16,18,6.35011)->(15,18,6.9359)->(14,18,7.52168)->(13,18,8.20385)->(12,18,9.52168)->(11,18,12.5501)->(12,18,17.9679)->(12,17,22.0142)->(12,16,23.332)->(12,15,24.0238)->(12,14,24.6595)->(12,13,25.3512)->(12,12,26.6691)->(12,11,28.8833)->(11,11,31.6833)->(10,11,5015.84)->
Agent 43:(11,26,2.61421)->(11,25,9.50098)->(12,25,16.0162)->(13,25,17.334)->(14,25,18.0162)->(15,25,18.602)->(16,25,19.1878)->(17,25,19.8699)->(18,25,21.1878)->(19,25,23.402)->(19,24,25.6162)->(19,23,26.934)->(19,22,27.6162)->(19,21,28.184)->(19,20,28.702)->(19,19,29.2199)->(19,18,29.7878)->(19,17,30.4699)->(19,16,31.7878)->(19,15,38.5362)->(19,16,45.8703)->(19,17,5022.94)->
Agent 44:(22,1,2.4142)->(21,1,4.24261)->(20,1,5.57646)->(19,1,6.40489)->(18,1,7.73874)->(17,1,17.0586)->(17,2,26.3785)->(17,3,27.6963)->(17,4,28.3785)->(17,5,28.9463)->(17,6,29.4643)->(17,7,29.9643)->(17,8,30.4643)->(17,9,30.9643)->(17,10,31.4643)->(17,11,31.9643)->(17,12,32.4643)->(17,13,32.9643)->(17,14,33.4643)->(17,15,33.9643)->(17,16,34.4643)->(17,17,34.9643)->(17,18,35.4643)->(17,19,35.9643)->(17,20,36.4643)->(17,21,36.9822)->(17,22,37.5501)->(17,23,38.2322)->(17,24,39.5501)->(17,25,5019.48)->
Agent 45:(1,4,1.8)->(2,4,3.04949)->(3,4,5.04949)->(4,4,7.49948)->(4,5,9.91419)->(4,6,11.232)->(4,7,11.9142)->(4,8,12.482)->(4,9,13.0179)->(4,10,13.5858)->(4,11,14.2679)->(4,12,15.5858)->(4,13,26.1147)->(3,13,36.6789)->(2,13,38.6789)->(1,13,5019.06)->
Agent 46:(0,20,1.8)->(1,20,3.01421)->(2,20,4.34806)->(3,20,5.17649)->(4,20,6.51034)->(5,20,8.72456)->(5,19,10.9388)->(5,18,12.353)->(5,17,13.7672)->(5,16,15.9814)->(6,16,18.7814)->(7,16,5009.39)->
Agent 47:(24,24,2.2)->(24,23,3.81421)->(24,22,5.22843)->(24,21,6.64264)->(24,20,10.5711)->(23,20,14.4995)->(22,20,15.8173)->(21,20,16.4995)->(20,20,17.0673)->(19,20,17.5853)->(18,20,18.0853)->(17,20,18.5853)->(16,20,19.0853)->(15,20,19.6032)->(14,20,20.1711)->(13,20,20.8532)->(12,20,22.1711)->(11,20,5010.79)->
Agent 48:(22,8,1.3)->(22,9,2.6)->(22,10,6.91433)->(21,10,10.6429)->(20,10,11.9607)->(19,10,12.6928)->(18,10,13.4248)->(17,10,14.7426)->(16,10,16.9569)->(16,11,19.1711)->(16,12,20.4889)->(16,13,21.1711)->(16,14,21.7389)->(16,15,22.2569)->(16,16,22.7569)->(16,17,23.2569)->(16,18,23.7569)->(16,19,24.2569)->(16,20,24.7569)->(16,21,25.2569)->(16,22,25.7569)->(16,23,26.2569)->(16,24,26.7569)->(16,25,27.2748)->(16,26,27.8426)->(16,27,28.5248)->(16,28,29.8426)->(16,29,5014.63)->
Agent 49:(15,12,1.71421)->(15,13,3.81421)->(16,13,7.02843)->(17,13,10.2426)->(17,12,13.8426)->(16,12,16.4711)->(15,12,17.7889)->(14,12,18.521)->(13,12,19.253)->(12,12,20.5708)->(11,12,23.1993)->(11,13,27.2135)->(12,13,31.2277)->(12,14,33.8561)->(12,15,35.2703)->(12,16,36.6846)->(12,17,38.8988)->(13,17,41.113)->(14,17,42.4308)->(15,17,43.113)->(16,17,43.6808)->(17,17,44.1988)->(18,17,44.7167)->(19,17,45.2846)->(20,17,45.9667)->(21,17,47.2846)->(22,17,5023.35)->
Agent 50:(21,1,1.3)->(21,2,2.01421)->(21,3,3.33205)->(21,4,4.01421)->(21,5,4.6)->(21,6,5.18579)->(21,7,5.86795)->(21,8,7.18579)->(21,9,10)->(22,9,12.8142)->(23,9,14.1481)->(24,9,14.9765)->(25,9,16.3103)->(26,9,18.9388)->(26,10,5009.66)->
Agent 51:(28,17,2.49264)->(27,17,4.39949)->(26,17,5.71733)->(25,17,6.39949)->(24,17,6.96733)->(23,17,7.48528)->(22,17,7.98528)->(21,17,8.48528)->(20,17,8.98528)->(19,17,9.50323)->(18,17,10.0711)->(17,17,10.7532)->(16,17,12.0711)->(15,17,14.2853)->(15,18,16.4995)->(15,19,17.8173)->(15,20,18.4995)->(15,21,19.0673)->(15,22,19.5853)->(15,23,20.0853)->(15,24,20.5853)->(15,25,21.1032)->(15,26,21.6711)->(15,27,22.3532)->(15,28,23.6711)->(15,29,25.8853)->(14,29,28.1348)->(13,29,30.1348)->(12,29,32.7985)->(12,30,5016.59)->
Agent 52:(31,31,1.8)->(30,31,3.01421)->(29,31,4.33205)->(28,31,5.01421)->(27,31,5.6)->(26,31,6.18579)->(25,31,6.86795)->(24,31,8.18579)->(23,31,10.8642)->(23,30,13.5426)->(23,29,14.8605)->(23,28,15.5426)->(23,27,16.1105)->(23,26,16.6284)->(23,25,17.1284)->(23,24,17.6284)->(23,23,18.1284)->(23,22,18.6284)->(23,21,19.1284)->(23,20,19.6284)->(23,19,20.1284)->(23,18,20.6284)->(23,17,21.1284)->(23,16,21.6284)->(23,15,22.1284)->(23,14,22.6464)->(23,13,23.2142)->(23,12,23.8964)->(23,11,25.2142)->(23,10,27.4284)->(22,10,29.6426)->(21,10,30.9605)->(20,10,31.6426)->(19,10,32.2105)->(18,10,32.7284)->(17,10,33.2284)->(16,10,33.7284)->(15,10,34.2464)->(14,10,34.8142)->(13,10,35.4964)->(12,10,36.8142)->(11,10,39.0284)->(11,9,41.2426)->(11,8,42.5605)->(11,7,43.2426)->(11,6,43.8105)->(11,5,44.3284)->(11,4,44.8464)->(11,3,45.4142)->(11,2,46.0964)->(11,1,47.4142)->(11,0,49.6284)->(10,0,51.8426)->(9,0,53.1605)->(8,0,53.8426)->(7,0,54.4105)->(6,0,54.9284)->(5,0,55.4464)->(4,0,56.0142)->(3,0,56.6964)->(2,0,58.0142)->(1,0,60.6426)->(1,1,5030.51)->
Agent 53:(9,29,3.08677)->(10,29,5.58775)->(11,29,6.90559)->(12,29,7.58775)->(13,29,8.15559)->(14,29,8.67354)->(15,29,9.17354)->(16,29,9.67354)->(17,29,10.1735)->(18,29,10.6915)->(19,29,11.2593)->(20,29,11.9415)->(21,29,13.2593)->(22,29,18.9775)->(22,28,24.6956)->(22,27,26.0135)->(22,26,26.6956)->(22,25,27.2635)->(22,24,27.7814)->(22,23,28.2814)->(22,22,28.7814)->(22,21,29.2814)->(22,20,29.7814)->(22,19,30.2814)->(22,18,30.7994)->(22,17,31.3672)->(22,16,32.0494)->(22,15,33.3672)->(22,14,35.9956)->(23,14,5018.19)->
Agent 54:(12,24,1.71421)->(12,25,4.54949)->(12,24,7.91319)->(12,23,9.23103)->(12,22,9.91319)->(12,21,10.481)->(12,20,10.999)->(12,19,11.499)->(12,18,11.999)->(12,17,12.5169)->(12,16,13.0848)->(12,15,13.7669)->(12,14,15.0848)->(12,13,17.299)->(11,13,19.5132)->(10,13,20.847)->(9,13,21.6755)->(8,13,23.0093)->(7,13,25.7667)->(7,14,5013.14)->
Agent 55:(9,5,1.8)->(10,5,3.01421)->(11,5,4.33205)->(12,5,5.01421)->(13,5,5.58205)->(14,5,6.1)->(15,5,6.6)->(16,5,7.1)->(17,5,7.6)->(18,5,8.1)->(19,5,8.6)->(20,5,9.1)->(21,5,9.6)->(22,5,10.1)->(23,5,10.6)->(24,5,11.1)->(25,5,11.6179)->(26,5,12.1858)->(27,5,12.8679)->(28,5,14.1858)->(29,5,16.4)->(29,6,18.6142)->(29,7,19.9321)->(29,8,20.6142)->(29,9,21.1821)->(29,10,21.7)->(29,11,22.2)->(29,12,22.7)->(29,13,23.2179)->(29,14,23.7858)->(29,15,24.4679)->(29,16,25.7858)->(29,17,5012.6)->
Agent 56:(27,7,1.3)->(27,8,2.01421)->(27,9,3.33205)->(27,10,4.01421)->(27,11,4.58205)->(27,12,5.1)->(27,13,5.6)->(27,14,6.1)->(27,15,6.6)->(27,16,7.1)->(27,17,7.6)->(27,18,8.1)->(27,19,8.6)->(27,20,9.1)->(27,21,9.6)->(27,22,10.1)->(27,23,10.6179)->(27,24,11.1858)->(27,25,11.8679)->(27,26,13.1858)->(27,27,15.4)->(26,27,17.6142)->(25,27,18.9321)->(24,27,19.6142)->(23,27,20.1821)->(22,27,20.7)->(21,27,21.2)->(20,27,21.7)->(19,27,22.2)->(18,27,22.7)->(17,27,23.2)->(16,27,23.7)->(15,27,24.2)->(14,27,24.7)->(13,27,25.2)->(12,27,25.7)->(11,27,26.2)->(10,27,26.7)->(9,27,27.2)->(8,27,27.7)->(7,27,28.2)->(6,27,28.7)->(5,27,29.2)->(4,27,29.7179)->(3,27,30.2858)->(2,27,30.9679)->(1,27,32.2858)->(0,27,5015.85)->
Agent 57:(7,24,2.2)->(7,23,3.81421)->(7,22,5.22843)->(7,21,6.64264)->(7,20,8.85685)->(6,20,11.1063)->(5,20,13.1063)->(4,20,19.2365)->(4,19,25.3313)->(4,18,26.7455)->(4,17,28.1597)->(4,16,5013.79)->
Agent 58:(17,12,1.82843)->(16,12,3.07107)->(15,12,4.38891)->(14,12,5.07107)->(13,12,5.63891)->(12,12,6.15685)->(11,12,6.6748)->(10,12,7.24264)->(9,12,7.9248)->(8,12,9.24264)->(7,12,11.4569)->(7,13,13.6711)->(7,14,15.0049)->(7,15,15.8333)->(7,16,17.1672)->(7,17,19.3814)->(8,17,21.5956)->(9,17,22.9135)->(10,17,23.5956)->(11,17,24.1635)->(12,17,24.6814)->(13,17,25.1814)->(14,17,25.6814)->(15,17,26.1814)->(16,17,26.6814)->(17,17,27.1814)->(18,17,27.6814)->(19,17,28.1814)->(20,17,28.6814)->(21,17,29.1994)->(22,17,29.7672)->(23,17,30.4494)->(24,17,31.7672)->(25,17,33.9814)->(25,16,36.2309)->(25,15,38.2309)->(25,14,5018.84)->
Agent 59:(18,2,1.8)->(17,2,3.04949)->(16,2,5.04949)->(15,2,7.71319)->(15,3,11.3132)->(16,3,13.9769)->(17,3,15.9769)->(18,3,18.2264)->(18,4,20.4759)->(18,5,22.4759)->(18,6,25.1254)->(18,5,28.3254)->(18,4,33.1449)->(18,5,37.3787)->(18,6,38.7929)->(18,7,40.2072)->(18,8,5019.81)->
Agent 60:(20,27,1.8)->(21,27,3.6)->(22,27,6.4)->(22,26,8.61421)->(22,25,9.93205)->(22,24,10.6142)->(22,23,11.1821)->(22,22,11.7)->(22,21,12.2)->(22,20,12.7)->(22,19,13.2179)->(22,18,13.7858)->(22,17,14.4679)->(22,16,15.7858)->(22,15,18)->(23,15,20.2142)->(24,15,21.5481)->(25,15,22.3765)->(26,15,23.7103)->(27,15,26.3388)->(27,14,30.753)->(27,15,5015.98)->
Agent 61:(18,30,4.67256)->(18,29,8.75933)->(18,28,10.0772)->(18,27,10.7593)->(18,26,11.3272)->(18,25,11.8451)->(18,24,12.3451)->(18,23,12.8451)->(18,22,13.3451)->(18,21,13.8451)->(18,20,14.3451)->(18,19,14.8451)->(18,18,15.3451)->(18,17,15.8631)->(18,16,16.4309)->(18,15,17.1131)->(18,14,18.4309)->(18,13,20.6451)->(17,13,22.8593)->(16,13,24.1932)->(15,13,25.0216)->(14,13,26.3555)->(13,13,5012.88)->
Agent 62:(14,17,3.03579)->(13,17,5.48579)->(12,17,6.80362)->(11,17,7.48579)->(10,17,8.05362)->(9,17,8.57157)->(8,17,9.07157)->(7,17,9.58952)->(6,17,10.1574)->(5,17,10.8395)->(4,17,12.1574)->(3,17,14.3716)->(3,18,16.6211)->(3,19,18.6211)->(3,20,5009.04)->
Agent 63:(28,0,1.86421)->(27,0,3.14264)->(26,0,4.46048)->(25,0,5.14264)->(24,0,5.71048)->(23,0,6.22843)->(22,0,6.72843)->(21,0,7.22843)->(20,0,7.72843)->(19,0,8.22843)->(18,0,8.72843)->(17,0,9.22843)->(16,0,9.72843)->(15,0,10.2284)->(14,0,10.7284)->(13,0,11.2284)->(12,0,11.7284)->(11,0,12.2284)->(10,0,12.7284)->(9,0,13.2464)->(8,0,13.8142)->(7,0,14.4964)->(6,0,15.8142)->(5,0,18.0284)->(5,1,20.2426)->(5,2,21.5605)->(5,3,22.2426)->(5,4,22.8284)->(5,5,23.4142)->(5,6,24.0964)->(5,7,25.4142)->(5,8,28.0426)->(6,8,5014.21)->
Agent 64:(13,9,2.2)->(13,8,4.4)->(13,7,7.61421)->(12,7,16.2242)->(12,8,25.2484)->(13,8,5013.02)->
Agent 65:(21,12,3.45)->(20,12,6.31421)->(19,12,7.63205)->(18,12,8.31421)->(17,12,8.88205)->(16,12,9.41795)->(15,12,9.98579)->(14,12,10.6679)->(13,12,11.9858)->(12,12,14.2)->(12,11,16.4495)->(12,10,18.4495)->(12,9,5008.95)->
Agent 66:(26,0,1.86421)->(26,1,3.14264)->(26,2,4.46048)->(26,3,5.14264)->(26,4,5.71048)->(26,5,6.22843)->(26,6,6.72843)->(26,7,7.22843)->(26,8,7.72843)->(26,9,8.22843)->(26,10,8.72843)->(26,11,9.22843)->(26,12,9.72843)->(26,13,10.2284)->(26,14,10.7284)->(26,15,11.2284)->(26,16,11.7464)->(26,17,12.3142)->(26,18,12.9964)->(26,19,14.3142)->(26,20,5006.86)->
Agent 67:(10,27,8.2142)->(10,26,15.8426)->(10,25,17.1605)->(10,24,17.8426)->(10,23,18.4105)->(10,22,18.9284)->(10,21,19.4284)->(10,20,19.9284)->(10,19,20.4463)->(10,18,21.0142)->(10,17,21.6963)->(10,16,23.0142)->(10,15,25.6426)->(11,15,32.7661)->(11,14,38.9181)->(11,13,40.2519)->(11,12,41.0804)->(11,11,42.4142)->(11,10,5020.91)->
Agent 68:(18,27,1.8)->(17,27,3.01421)->(16,27,4.34806)->(15,27,5.17649)->(14,27,6.51034)->(13,27,8.72456)->(13,28,10.9388)->(13,29,12.353)->(13,30,13.7672)->(13,31,5006.59)->
Agent 69:(5,29,2.58677)->(6,29,4.58775)->(7,29,5.90559)->(8,29,6.58775)->(9,29,7.15559)->(10,29,7.67354)->(11,29,8.17354)->(12,29,8.67354)->(13,29,9.17354)->(14,29,9.69149)->(15,29,10.2593)->(16,29,10.9415)->(17,29,12.2593)->(18,29,14.4735)->(18,28,16.6878)->(18,27,18.0056)->(18,26,18.6878)->(18,25,19.2556)->(18,24,19.7735)->(18,23,20.2735)->(18,22,20.7735)->(18,21,21.2735)->(18,20,21.7735)->(18,19,22.2735)->(18,18,22.7735)->(18,17,23.2735)->(18,16,23.7735)->(18,15,24.2735)->(18,14,24.7735)->(18,13,25.2735)->(18,12,25.7915)->(18,11,26.3593)->(18,10,27.0415)->(18,9,28.3593)->(18,8,30.5735)->(17,8,33.3735)->(16,8,5016.69)->
Agent 70:(26,22,1.8)->(27,22,3.6)->(28,22,6.4)->(28,21,8.61421)->(28,20,9.93205)->(28,19,10.6142)->(28,18,11.1821)->(28,17,11.7)->(28,16,12.2)->(28,15,12.7)->(28,14,13.2)->(28,13,13.7)->(28,12,14.2)->(28,11,14.7)->(28,10,15.2)->(28,9,15.7)->(28,8,16.2)->(28,7,16.7179)->(28,6,17.2858)->(28,5,17.9679)->(28,4,19.2858)->(28,3,5009.35)->
Agent 71:(10,24,1.8)->(11,24,3.04949)->(12,24,5.04949)->(13,24,7.29898)->(13,23,9.51319)->(13,22,10.831)->(13,21,11.5132)->(13,20,12.081)->(13,19,12.599)->(13,18,13.099)->(13,17,13.599)->(13,16,14.099)->(13,15,14.599)->(13,14,15.099)->(13,13,15.599)->(13,12,16.099)->(13,11,16.6169)->(13,10,17.1848)->(13,9,17.8669)->(13,8,19.1848)->(13,7,5009.3)->
Agent 72:(4,14,3.32843)->(5,14,6.07107)->(6,14,7.38891)->(7,14,8.07107)->(8,14,8.63891)->(9,14,9.15685)->(10,14,9.65685)->(11,14,10.1569)->(12,14,10.6569)->(13,14,11.1569)->(14,14,11.6569)->(15,14,12.1569)->(16,14,12.6569)->(17,14,13.1569)->(18,14,13.6569)->(19,14,14.1569)->(20,14,14.6569)->(21,14,15.1569)->(22,14,15.6569)->(23,14,16.1569)->(24,14,16.6748)->(25,14,17.2426)->(26,14,17.9248)->(27,14,19.2426)->(28,14,21.4569)->(28,13,23.7063)->(28,12,25.7063)->(28,11,5012.58)->
Agent 73:(0,2,1.3)->(0,3,2.01421)->(0,4,3.33205)->(0,5,4.01421)->(0,6,4.58205)->(0,7,5.1)->(0,8,5.6)->(0,9,6.1)->(0,10,6.61795)->(0,11,7.18579)->(0,12,7.86795)->(0,13,9.18579)->(0,14,15.4407)->(1,14,21.6956)->(2,14,23.0135)->(3,14,23.6956)->(4,14,24.2635)->(5,14,24.7814)->(6,14,25.2814)->(7,14,25.7814)->(8,14,26.2814)->(9,14,26.7814)->(10,14,27.2814)->(11,14,27.7814)->(12,14,28.2814)->(13,14,28.7814)->(14,14,29.2814)->(15,14,29.7994)->(16,14,30.3672)->(17,14,31.0494)->(18,14,32.3672)->(19,14,5015.89)->
Agent 74:(2,23,2.2)->(2,22,3.81421)->(2,21,5.13205)->(2,20,5.81421)->(2,19,6.38205)->(2,18,6.9)->(2,17,7.4)->(2,16,7.91795)->(2,15,8.48579)->(2,14,9.16795)->(2,13,10.4858)->(2,12,12.7)->(1,12,15.5)->(0,12,19.8669)->(0,11,23.6481)->(0,10,24.9659)->(0,9,25.6481)->(0,8,26.2159)->(0,7,26.7339)->(0,6,27.2339)->(0,5,27.7518)->(0,4,28.3196)->(0,3,29.0018)->(0,2,30.3196)->(0,1,5014.87)->
Agent 75:(26,11,2.45)->(25,11,4.31421)->(24,11,5.63205)->(23,11,6.31421)->(22,11,6.88205)->(21,11,7.4)->(20,11,7.9)->(19,11,8.4)->(18,11,8.9)->(17,11,9.4)->(16,11,9.9)->(15,11,10.4)->(14,11,10.9)->(13,11,11.4)->(12,11,11.9)->(11,11,12.4)->(10,11,12.9179)->(9,11,13.4858)->(8,11,14.1679)->(7,11,15.4858)->(6,11,17.7)->(6,10,19.9142)->(6,9,21.2321)->(6,8,21.9238)->(6,7,22.5595)->(6,6,23.2513)->(6,5,24.5691)->(6,4,5011.99)->
Agent 76:(25,30,2.2)->(25,29,3.81421)->(25,28,5.13205)->(25,27,5.82382)->(25,26,6.45949)->(25,25,7.15126)->(25,24,8.4691)->(25,23,10.6833)->(24,23,12.8975)->(23,23,14.2154)->(22,23,14.8975)->(21,23,15.4654)->(20,23,15.9833)->(19,23,16.4833)->(18,23,16.9833)->(17,23,17.4833)->(16,23,17.9833)->(15,23,18.4833)->(14,23,18.9833)->(13,23,19.4833)->(12,23,19.9833)->(11,23,20.4833)->(10,23,20.9833)->(9,23,21.4833)->(8,23,21.9833)->(7,23,22.5013)->(6,23,23.0691)->(5,23,23.7513)->(4,23,25.0691)->(3,23,27.6975)->(3,22,5014.04)->
Agent 77:(23,2,1.8)->(22,2,3.01421)->(21,2,4.33205)->(20,2,5.02382)->(19,2,5.65949)->(18,2,6.35126)->(17,2,7.6691)->(16,2,14.7738)->(16,3,21.8785)->(16,4,23.1963)->(16,5,23.8785)->(16,6,24.4463)->(16,7,24.9643)->(16,8,25.4822)->(16,9,26.0501)->(16,10,26.7322)->(16,11,28.0501)->(16,12,5013.73)->
Agent 78:(15,21,2.2)->(15,20,3.81421)->(15,19,5.13205)->(15,18,5.81421)->(15,17,6.38205)->(15,16,6.9)->(15,15,7.4)->(15,14,7.9)->(15,13,8.4)->(15,12,8.9)->(15,11,9.4)->(15,10,9.91795)->(15,9,10.4858)->(15,8,11.1679)->(15,7,12.4858)->(15,6,15.2784)->(16,6,18.0711)->(17,6,19.3889)->(18,6,20.0711)->(19,6,20.6389)->(20,6,21.1569)->(21,6,21.6569)->(22,6,22.1569)->(23,6,22.6569)->(24,6,23.1569)->(25,6,23.6569)->(26,6,24.1569)->(27,6,24.6748)->(28,6,25.2426)->(29,6,25.9248)->(30,6,27.2426)->(31,6,5013.33)->
Agent 79:(21,30,2.38579)->(21,29,4.18579)->(21,28,5.50362)->(21,27,6.23567)->(21,26,6.96773)->(21,25,8.28556)->(21,24,10.4998)->(22,24,12.7493)->(23,24,14.7493)->(24,24,21.2401)->(23,24,28.2814)->(22,24,5014.14)->
Agent 80:(11,3,3.61421)->(11,4,6.64264)->(11,5,7.96048)->(11,6,8.64264)->(11,7,9.21048)->(11,8,9.72843)->(11,9,10.2284)->(11,10,10.7284)->(11,11,11.2284)->(11,12,11.7464)->(11,13,12.3142)->(11,14,12.9964)->(11,15,14.3142)->(11,16,16.5284)->(10,16,19.3284)->(9,16,5009.66)->
Agent 81:(14,26,4.19625)->(14,25,7.80672)->(14,24,9.12455)->(14,23,9.80672)->(14,22,10.3746)->(14,21,10.8925)->(14,20,11.3925)->(14,19,11.8925)->(14,18,12.3925)->(14,17,12.8925)->(14,16,13.3925)->(14,15,13.8925)->(14,14,14.3925)->(14,13,14.8925)->(14,12,15.3925)->(14,11,15.8925)->(14,10,16.3925)->(14,9,16.8925)->(14,8,17.3925)->(14,7,17.8925)->(14,6,18.3925)->(14,5,18.9105)->(14,4,19.4783)->(14,3,20.1605)->(14,2,21.4783)->(14,1,23.6925)->(15,1,25.9067)->(16,1,27.2246)->(17,1,27.9067)->(18,1,28.4746)->(19,1,28.9925)->(20,1,29.4925)->(21,1,30.0105)->(22,1,30.5783)->(23,1,31.2605)->(24,1,32.5783)->(25,1,5016)->
Agent 82:(7,31,1.8)->(6,31,3.6)->(5,31,7.4407)->(5,30,10.6956)->(5,29,12.0135)->(5,28,12.6956)->(5,27,13.2635)->(5,26,13.7814)->(5,25,14.2814)->(5,24,14.7814)->(5,23,15.2814)->(5,22,15.7814)->(5,21,16.2814)->(5,20,16.7994)->(5,19,17.3672)->(5,18,18.0494)->(5,17,19.3672)->(5,16,5009.39)->
Agent 83:(7,2,1.57843)->(7,3,2.57107)->(7,4,3.88891)->(7,5,4.57107)->(7,6,5.13891)->(7,7,5.65685)->(7,8,6.15685)->(7,9,6.65685)->(7,10,7.15685)->(7,11,7.65685)->(7,12,8.15685)->(7,13,8.65685)->(7,14,9.15685)->(7,15,9.65685)->(7,16,10.1569)->(7,17,10.6569)->(7,18,11.1569)->(7,19,11.6569)->(7,20,12.1569)->(7,21,12.6569)->(7,22,13.1569)->(7,23,13.6569)->(7,24,14.1569)->(7,25,14.6748)->(7,26,15.2426)->(7,27,15.9248)->(7,28,17.2426)->(7,29,19.8711)->(8,29,5010.13)->
Agent 84:(31,27,3.2142)->(30,27,5.84261)->(29,27,7.16045)->(28,27,7.84261)->(27,27,8.41045)->(26,27,8.9284)->(25,27,9.4284)->(24,27,9.9284)->(23,27,10.4463)->(22,27,11.0142)->(21,27,11.6963)->(20,27,13.0142)->(19,27,15.2284)->(19,26,17.4426)->(19,25,18.7605)->(19,24,19.4426)->(19,23,20.0105)->(19,22,20.5284)->(19,21,21.0284)->(19,20,21.5284)->(19,19,22.0284)->(19,18,22.5284)->(19,17,23.0284)->(19,16,23.5284)->(19,15,24.0284)->(19,14,24.5284)->(19,13,25.0284)->(19,12,25.5284)->(19,11,26.0463)->(19,10,26.6142)->(19,9,27.2963)->(19,8,28.6142)->(19,7,5014.01)->
Agent 85:(1,7,1.8)->(2,7,3.01421)->(3,7,4.33205)->(4,7,5.0641)->(5,7,5.79615)->(6,7,7.11399)->(7,7,9.3282)->(7,6,11.5424)->(7,5,12.8603)->(7,4,13.552)->(7,3,14.1877)->(7,2,14.8795)->(7,1,16.1973)->(7,0,18.4115)->(8,0,20.6257)->(9,0,21.9436)->(10,0,22.6257)->(11,0,23.1936)->(12,0,23.7115)->(13,0,24.2115)->(14,0,24.7115)->(15,0,25.2115)->(16,0,25.7115)->(17,0,26.2115)->(18,0,26.7115)->(19,0,27.2115)->(20,0,27.7115)->(21,0,28.2115)->(22,0,28.7115)->(23,0,29.2115)->(24,0,29.7115)->(25,0,30.2295)->(26,0,30.7973)->(27,0,31.4795)->(28,0,32.7973)->(29,0,5016.11)->
Agent 86:(1,0,1.3)->(1,1,2.01421)->(1,2,3.33205)->(1,3,4.01421)->(1,4,4.58205)->(1,5,5.1)->(1,6,5.6)->(1,7,6.1)->(1,8,6.6)->(1,9,7.1)->(1,10,7.6)->(1,11,8.1)->(1,12,8.6)->(1,13,9.1)->(1,14,9.6)->(1,15,10.1)->(1,16,10.6)->(1,17,11.1179)->(1,18,11.6858)->(1,19,12.3679)->(1,20,13.6858)->(1,21,16.3642)->(2,21,19.0426)->(3,21,20.3605)->(4,21,21.0426)->(5,21,21.6105)->(6,21,22.1284)->(7,21,22.6284)->(8,21,23.1284)->(9,21,23.6284)->(10,21,24.1284)->(11,21,24.6284)->(12,21,25.1464)->(13,21,25.7142)->(14,21,26.3964)->(15,21,27.7142)->(16,21,5013.56)->
Agent 87:(20,5,2.95)->(20,6,5.31421)->(20,7,6.63205)->(20,8,7.31421)->(20,9,7.88205)->(20,10,8.4)->(20,11,8.9)->(20,12,9.4)->(20,13,9.9)->(20,14,10.4)->(20,15,10.9)->(20,16,11.4)->(20,17,11.9)->(20,18,12.4179)->(20,19,12.9858)->(20,20,13.6679)->(20,21,14.9858)->(20,22,17.2)->(21,22,19.4142)->(22,22,20.7481)->(23,22,21.5765)->(24,22,22.9103)->(25,22,5011.16)->
Agent 88:(10,18,3.11431)->(10,17,5.64284)->(10,16,6.96067)->(10,15,7.64284)->(10,14,8.22862)->(10,13,8.81441)->(10,12,9.49657)->(10,11,10.8144)->(10,10,13.4428)->(9,10,5006.91)->
Agent 89:(30,19,1.3)->(30,20,2.01421)->(30,21,3.33205)->(30,22,4.02382)->(30,23,4.65949)->(30,24,5.35126)->(30,25,6.6691)->(30,26,11.9701)->(29,26,17.271)->(28,26,18.5889)->(27,26,19.271)->(26,26,19.8389)->(25,26,20.3568)->(24,26,20.8748)->(23,26,21.4426)->(22,26,22.1248)->(21,26,23.4426)->(20,26,5011.43)->
Agent 90:(18,16,7.92256)->(17,16,15.2593)->(16,16,16.5772)->(15,16,17.2689)->(14,16,17.9046)->(13,16,18.5964)->(12,16,19.9142)->(11,16,5009.66)->
Agent 91:(24,15,1.95)->(23,15,3.31421)->(22,15,4.63205)->(21,15,5.31421)->(20,15,5.88205)->(19,15,6.4)->(18,15,6.9)->(17,15,7.4)->(16,15,7.9)->(15,15,8.4)->(14,15,8.91795)->(13,15,9.48579)->(12,15,10.1679)->(11,15,11.4858)->(10,15,13.7)->(10,14,15.9142)->(10,13,17.2321)->(10,12,17.9238)->(10,11,18.5595)->(10,10,19.2513)->(10,9,20.5691)->(10,8,5009.99)->
Agent 92:(24,8,3.95)->(23,8,7.31421)->(22,8,8.63205)->(21,8,9.31421)->(20,8,9.88205)->(19,8,10.4)->(18,8,10.9)->(17,8,11.4)->(16,8,11.9)->(15,8,12.4)->(14,8,12.9)->(13,8,13.4)->(12,8,13.9)->(11,8,14.4)->(10,8,14.9)->(9,8,15.4)->(8,8,15.9)->(7,8,16.4)->(6,8,16.9179)->(5,8,17.4858)->(4,8,18.1679)->(3,8,19.4858)->(2,8,22.1142)->(2,9,5011.25)->
Agent 93:(10,0,1.6642)->(10,1,2.74261)->(10,2,4.06045)->(10,3,4.74261)->(10,4,5.31045)->(10,5,5.84635)->(10,6,6.41419)->(10,7,7.09635)->(10,8,8.41419)->(10,9,10.6284)->(11,9,12.8426)->(12,9,14.1605)->(13,9,14.8426)->(14,9,15.4105)->(15,9,15.9284)->(16,9,16.4284)->(17,9,16.9284)->(18,9,17.4284)->(19,9,17.9463)->(20,9,18.5142)->(21,9,19.1963)->(22,9,20.5142)->(23,9,5009.96)->
Agent 94:(14,13,6.32843)->(15,13,12.0711)->(16,13,13.3889)->(17,13,14.0711)->(18,13,14.6389)->(19,13,15.1569)->(20,13,15.6569)->(21,13,16.1569)->(22,13,16.6569)->(23,13,17.1569)->(24,13,17.6569)->(25,13,18.1569)->(26,13,18.6748)->(27,13,19.2426)->(28,13,19.9248)->(29,13,21.2426)->(30,13,23.4569)->(30,12,25.6711)->(30,11,26.9889)->(30,10,27.6807)->(30,9,28.3163)->(30,8,29.0081)->(30,7,30.326)->(30,6,33.3544)->(30,7,5017.07)->
Agent 95:(3,26,2.2)->(3,25,3.81421)->(3,24,5.13205)->(3,23,5.81421)->(3,22,6.38205)->(3,21,6.9)->(3,20,7.4)->(3,19,7.91795)->(3,18,8.48579)->(3,17,9.16795)->(3,16,10.4858)->(3,15,14.1642)->(4,15,17.8426)->(5,15,19.1605)->(6,15,19.8426)->(7,15,20.4105)->(8,15,20.9284)->(9,15,21.4284)->(10,15,21.9284)->(11,15,22.4284)->(12,15,22.9284)->(13,15,23.4284)->(14,15,23.9284)->(15,15,24.4284)->(16,15,24.9284)->(17,15,25.4284)->(18,15,25.9284)->(19,15,26.4284)->(20,15,26.9284)->(21,15,27.4284)->(22,15,27.9284)->(23,15,28.4284)->(24,15,28.9284)->(25,15,29.4284)->(26,15,29.9463)->(27,15,30.5142)->(28,15,31.1963)->(29,15,32.5142)->(30,15,5015.96)->
Agent 96:(16,20,4.32843)->(16,19,8.07107)->(16,18,9.38891)->(16,17,10.0711)->(16,16,10.6389)->(16,15,11.1569)->(16,14,11.6569)->(16,13,12.1569)->(16,12,12.6569)->(16,11,13.1569)->(16,10,13.6569)->(16,9,14.1569)->(16,8,14.6748)->(16,7,15.2426)->(16,6,15.9248)->(16,5,17.2426)->(16,4,19.4569)->(15,4,21.6711)->(14,4,22.9889)->(13,4,23.6807)->(12,4,24.3163)->(11,4,25.0081)->(10,4,26.326)->(9,4,5012.87)->
Agent 97:(12,10,1.8)->(11,10,3.04949)->(10,10,5.04949)->(9,10,7.29898)->(9,11,9.51319)->(9,12,10.831)->(9,13,11.5132)->(9,14,12.081)->(9,15,12.599)->(9,16,13.1169)->(9,17,13.6848)->(9,18,14.3669)->(9,19,15.6848)->(9,20,18.3132)->(8,20,5009.35)->
Agent 98:(9,23,1.3)->(9,24,2.01421)->(9,25,3.34806)->(9,26,4.17649)->(9,27,5.51034)->(9,28,7.8907)->(10,28,10.2711)->(11,28,11.6049)->(12,28,12.4333)->(13,28,13.7672)->(14,28,21.9408)->(13,28,30.7002)->(12,28,5015.35)->
Agent 99:(8,13,2.4142)->(8,14,4.24261)->(8,15,5.56045)->(8,16,6.24261)->(8,17,6.8284)->(8,18,7.41419)->(8,19,8.09635)->(8,20,9.41419)->(8,21,11.6284)->(9,21,13.8426)->(10,21,15.1605)->(11,21,15.8426)->(12,21,16.4105)->(13,21,16.9284)->(14,21,17.4284)->(15,21,17.9284)->(16,21,18.4284)->(17,21,18.9284)->(18,21,19.4284)->(19,21,19.9463)->(20,21,20.5142)->(21,21,21.1963)->(22,21,22.5142)->(23,21,5010.96)->
Agent 100:(17,15,2.2)->(17,14,3.81421)->(17,13,5.13205)->(17,12,5.81421)->(17,11,6.38205)->(17,10,6.9)->(17,9,7.41795)->(17,8,7.98579)->(17,7,8.66795)->(17,6,9.98579)->(17,5,12.2)->(16,5,14.4142)->(15,5,15.7321)->(14,5,16.4142)->(13,5,16.9821)->(12,5,17.5)->(11,5,18)->(10,5,18.5)->(9,5,19)->(8,5,19.5)->(7,5,20.0179)->(6,5,20.5858)->(5,5,21.2679)->(4,5,22.5858)->(3,5,25.2142)->(3,4,5012.8)->
Agent 101:(8,25,2.2)->(8,24,4.4)->(8,23,7.2)->(9,23,9.41421)->(10,23,10.7481)->(11,23,11.5765)->(12,23,12.9103)->(13,23,15.5388)->(13,22,5007.96)->
Agent 102:(0,5,1.3)->(0,6,2.01421)->(0,7,3.33205)->(0,8,4.01421)->(0,9,4.58205)->(0,10,5.1)->(0,11,5.6)->(0,12,6.1)->(0,13,6.6)->(0,14,7.1)->(0,15,7.6)->(0,16,8.1)->(0,17,8.6)->(0,18,9.1)->(0,19,9.6)->(0,20,10.1)->(0,21,10.6)->(0,22,11.1)->(0,23,11.6)->(0,24,12.1)->(0,25,12.6)->(0,26,13.1179)->(0,27,13.6858)->(0,28,14.3679)->(0,29,15.6858)->(0,30,17.9)->(1,30,20.1142)->(2,30,21.4321)->(3,30,22.1142)->(4,30,22.6821)->(5,30,23.2)->(6,30,23.7)->(7,30,24.2)->(8,30,24.7)->(9,30,25.2)->(10,30,25.7)->(11,30,26.2179)->(12,30,26.7858)->(13,30,27.4679)->(14,30,28.7858)->(15,30,31.4142)->(15,31,5015.9)->
Agent 103:(24,1,2.45)->(24,2,4.31421)->(24,3,5.63205)->(24,4,6.31421)->(24,5,6.88205)->(24,6,7.4)->(24,7,7.9)->(24,8,8.41795)->(24,9,8.98579)->(24,10,9.66795)->(24,11,10.9858)->(24,12,14.1642)->(23,12,17.3426)->(22,12,18.6605)->(21,12,19.3426)->(20,12,19.9105)->(19,12,20.4284)->(18,12,20.9284)->(17,12,21.4463)->(16,12,22.0142)->(15,12,22.6963)->(14,12,24.0142)->(13,12,5011.71)->
Agent 104:(15,9,2.4142)->(14,9,4.24261)->(13,9,5.56045)->(12,9,6.24261)->(11,9,6.81045)->(10,9,7.3284)->(9,9,7.8284)->(8,9,8.3284)->(7,9,8.8284)->(6,9,9.34635)->(5,9,9.91419)->(4,9,10.5963)->(3,9,11.9142)->(2,9,14.1284)->(2,10,16.3426)->(2,11,17.6605)->(2,12,18.3426)->(2,13,18.9105)->(2,14,19.4284)->(2,15,19.9284)->(2,16,20.4284)->(2,17,20.9463)->(2,18,21.5142)->(2,19,22.1963)->(2,20,23.5142)->(2,21,5011.46)->
Agent 105:(22,19,2.2)->(22,18,3.81421)->(22,17,5.13205)->(22,16,5.81421)->(22,15,6.4)->(22,14,6.98579)->(22,13,7.66795)->(22,12,8.98579)->(22,11,17.468)->(21,11,25.9503)->(20,11,27.2681)->(19,11,28.0002)->(18,11,28.7322)->(17,11,30.0501)->(16,11,5014.73)->
Agent 106:(6,26,2.2)->(6,25,3.81421)->(6,24,5.13205)->(6,23,5.81421)->(6,22,6.38205)->(6,21,6.9)->(6,20,7.4)->(6,19,7.9)->(6,18,8.41795)->(6,17,8.98579)->(6,16,9.66795)->(6,15,10.9858)->(6,14,17.3407)->(7,14,23.6956)->(8,14,25.0135)->(9,14,25.6956)->(10,14,26.2635)->(11,14,26.7814)->(12,14,27.2814)->(13,14,27.7814)->(14,14,28.2814)->(15,14,28.7814)->(16,14,29.2814)->(17,14,29.7814)->(18,14,30.2814)->(19,14,30.7814)->(20,14,31.2814)->(21,14,31.7814)->(22,14,32.2814)->(23,14,32.7994)->(24,14,33.3672)->(25,14,34.0494)->(26,14,35.3672)->(27,14,5017.39)->
Agent 107:(8,14,1.3)->(8,15,2.01421)->(8,16,3.33205)->(8,17,4.01421)->(8,18,4.6)->(8,19,5.18579)->(8,20,5.86795)->(8,21,7.18579)->(8,22,11.5142)->(8,21,15.8426)->(8,20,17.1605)->(8,19,17.8426)->(8,18,18.4105)->(8,17,18.9284)->(8,16,19.4284)->(8,15,19.9284)->(8,14,20.4284)->(8,13,20.9284)->(8,12,21.4284)->(8,11,21.9284)->(8,10,22.4284)->(8,9,22.9284)->(8,8,23.4284)->(8,7,23.9463)->(8,6,24.5142)->(8,5,25.1963)->(8,4,26.5142)->(8,3,28.7284)->(9,3,30.9426)->(10,3,32.2605)->(11,3,32.9426)->(12,3,33.5105)->(13,3,34.0284)->(14,3,34.5284)->(15,3,35.0284)->(16,3,35.5463)->(17,3,36.1142)->(18,3,36.7963)->(19,3,38.1142)->(20,3,5018.76)->
Agent 108:(23,26,2.2)->(23,25,3.81421)->(23,24,5.13205)->(23,23,5.81421)->(23,22,6.38205)->(23,21,6.9)->(23,20,7.4)->(23,19,7.9)->(23,18,8.4)->(23,17,8.9)->(23,16,9.4)->(23,15,9.9)->(23,14,10.4)->(23,13,10.9)->(23,12,11.4)->(23,11,11.9)->(23,10,12.4)->(23,9,12.9)->(23,8,13.4)->(23,7,13.9)->(23,6,14.4179)->(23,5,14.9858)->(23,4,15.6679)->(23,3,16.9858)->(23,2,20.8464)->(22,2,24.7069)->(21,2,26.0248)->(20,2,26.7069)->(19,2,27.2748)->(18,2,27.8107)->(17,2,28.3785)->(16,2,29.0607)->(15,2,30.3785)->(14,2,32.5927)->(14,1,35.3927)->(14,0,38.6069)->(13,0,5019.5)->
Agent 109:(19,30,2.2)->(19,29,3.81421)->(19,28,5.13205)->(19,27,5.81421)->(19,26,6.38205)->(19,25,6.9)->(19,24,7.4)->(19,23,7.9)->(19,22,8.4)->(19,21,8.9)->(19,20,9.4)->(19,19,9.9)->(19,18,10.4)->(19,17,10.9)->(19,16,11.4)->(19,15,11.9)->(19,14,12.4)->(19,13,12.9)->(19,12,13.4)->(19,11,13.9)->(19,10,14.4)->(19,9,14.9)->(19,8,15.4)->(19,7,15.9179)->(19,6,16.4858)->(19,5,17.1679)->(19,4,18.4858)->(19,3,20.7)->(18,3,22.9142)->(17,3,24.2321)->(16,3,24.9641)->(15,3,25.6962)->(14,3,27.014)->(13,3,29.6424)->(13,2,34.0566)->(13,3,5017.63)->
