Agent 0:(1,0,1.8)->(2,0,3.01421)->(3,0,4.33205)->(4,0,5.01421)->(5,0,5.58205)->(6,0,6.1)->(7,0,6.6)->(8,0,7.1)->(9,0,7.6)->(10,0,8.1)->(11,0,8.6)->(12,0,9.1)->(13,0,9.6)->(14,0,10.1)->(15,0,10.6)->(16,0,11.1)->(17,0,11.6)->(18,0,12.1)->(19,0,12.6)->(20,0,13.1179)->(21,0,13.6858)->(22,0,14.3679)->(23,0,15.6858)->(24,0,17.9)->(24,1,20.1142)->(24,2,21.4321)->(24,3,22.1142)->(24,4,22.6821)->(24,5,23.2)->(24,6,23.7)->(24,7,24.2)->(24,8,24.7)->(24,9,25.2)->(24,10,25.7)->(24,11,26.2)->(24,12,26.7179)->(24,13,27.2858)->(24,14,27.9679)->(24,15,29.2858)->(24,16,31.9142)->(25,16,35.5142)->(25,17,38.1426)->(25,18,39.4605)->(25,19,40.1426)->(25,20,40.7105)->(25,21,41.2284)->(25,22,41.7464)->(25,23,42.3142)->(25,24,42.9964)->(25,25,44.3142)->(25,26,46.9426)->(24,26,5023.66)->
Agent 1:(20,14,2.21421)->(19,14,4.81421)->(19,13,7.47792)->(19,12,9.47792)->(19,11,12.5137)->(18,11,15.5142)->(17,11,16.8321)->(16,11,17.5142)->(15,11,18.0821)->(14,11,18.6)->(13,11,19.1)->(12,11,19.6)->(11,11,20.1)->(10,11,20.6)->(9,11,21.1)->(8,11,21.6)->(7,11,22.1179)->(6,11,22.6858)->(5,11,23.3679)->(4,11,24.6858)->(3,11,26.9)->(3,12,29.1142)->(3,13,30.4321)->(3,14,31.1142)->(3,15,31.7)->(3,16,32.2858)->(3,17,32.9679)->(3,18,34.2858)->(3,19,5016.85)->
Agent 2:(31,31,1.8)->(30,31,3.01421)->(29,31,4.33205)->(28,31,5.01421)->(27,31,5.58205)->(26,31,6.1)->(25,31,6.6)->(24,31,7.1)->(23,31,7.6)->(22,31,8.11795)->(21,31,8.68579)->(20,31,9.36795)->(19,31,10.6858)->(18,31,14.1673)->(18,30,17.6489)->(18,29,18.9667)->(18,28,19.6489)->(18,27,20.2167)->(18,26,20.7347)->(18,25,21.2347)->(18,24,21.7347)->(18,23,22.2347)->(18,22,22.7347)->(18,21,23.2347)->(18,20,23.7347)->(18,19,24.2347)->(18,18,24.7347)->(18,17,25.2347)->(18,16,25.7347)->(18,15,26.2347)->(18,14,26.7526)->(18,13,27.3204)->(18,12,28.0026)->(18,11,29.3204)->(18,10,31.9489)->(17,10,35.9631)->(17,9,5018.38)->
Agent 3:(13,20,1.8)->(14,20,3.6)->(15,20,6.81421)->(15,21,13.2353)->(14,21,18.6848)->(13,21,20.0026)->(12,21,20.6848)->(11,21,21.2526)->(10,21,21.7706)->(9,21,22.2706)->(8,21,22.7706)->(7,21,23.2706)->(6,21,23.7885)->(5,21,24.3563)->(4,21,25.0385)->(3,21,26.3563)->(2,21,28.5706)->(2,22,30.7848)->(2,23,32.199)->(2,24,33.6132)->(2,25,5016.51)->
Agent 4:(12,5,1.71421)->(12,6,3.81421)->(13,6,6.44264)->(14,6,7.76048)->(15,6,8.49253)->(16,6,9.22458)->(17,6,10.5424)->(18,6,13.9241)->(17,6,5007.53)->
Agent 5:(29,21,2.2)->(29,20,4.4)->(29,19,8.8)->(28,19,12.6142)->(27,19,13.9321)->(26,19,14.6142)->(25,19,15.1821)->(24,19,15.7)->(23,19,16.2)->(22,19,16.7)->(21,19,17.2)->(20,19,17.7)->(19,19,18.2)->(18,19,18.7)->(17,19,19.2)->(16,19,19.7)->(15,19,20.2)->(14,19,20.7)->(13,19,21.2)->(12,19,21.7)->(11,19,22.2179)->(10,19,22.7858)->(9,19,23.4679)->(8,19,24.7858)->(7,19,27)->(7,18,29.2142)->(7,17,30.5321)->(7,16,31.2142)->(7,15,31.8)->(7,14,32.3858)->(7,13,33.0679)->(7,12,34.3858)->(7,11,37.5603)->(7,12,40.7702)->(7,13,42.7702)->(7,14,5021.11)->
Agent 6:(5,4,1.8)->(6,4,3.04949)->(7,4,5.04949)->(8,4,7.29898)->(8,3,10.099)->(8,2,15.1495)->(8,3,20.2)->(8,4,5010.1)->
Agent 7:(27,29,3.55)->(27,28,6.51421)->(27,27,7.83205)->(27,26,8.51421)->(27,25,9.08205)->(27,24,9.6)->(27,23,10.1)->(27,22,10.6)->(27,21,11.1)->(27,20,11.6)->(27,19,12.1)->(27,18,12.6)->(27,17,13.1)->(27,16,13.6)->(27,15,14.1179)->(27,14,14.6858)->(27,13,15.3679)->(27,12,16.6858)->(27,11,18.9)->(26,11,21.1142)->(25,11,22.4321)->(24,11,23.1142)->(23,11,23.6821)->(22,11,24.2)->(21,11,24.7)->(20,11,25.2)->(19,11,25.7)->(18,11,26.2)->(17,11,26.7179)->(16,11,27.2858)->(15,11,27.9679)->(14,11,29.2858)->(13,11,31.5)->(13,10,33.7495)->(13,9,35.7495)->(13,8,5017.6)->
Agent 8:(14,30,1.71421)->(14,31,8.79638)->(15,31,16.407)->(16,31,17.7248)->(17,31,18.407)->(18,31,18.9748)->(19,31,19.4928)->(20,31,19.9928)->(21,31,20.4928)->(22,31,20.9928)->(23,31,21.4928)->(24,31,21.9928)->(25,31,22.4928)->(26,31,22.9928)->(27,31,23.5107)->(28,31,24.0785)->(29,31,24.7607)->(30,31,26.0785)->(31,31,28.6294)->(31,30,31.1803)->(31,29,32.4981)->(31,28,33.1803)->(31,27,33.7481)->(31,26,34.2661)->(31,25,34.7661)->(31,24,35.2661)->(31,23,35.7661)->(31,22,36.2661)->(31,21,36.7661)->(31,20,37.2661)->(31,19,37.784)->(31,18,38.3519)->(31,17,39.034)->(31,16,40.3519)->(31,15,5019.88)->
Agent 9:(24,24,1.71421)->(24,25,3.81421)->(23,25,6.44264)->(22,25,7.77649)->(21,25,8.60492)->(20,25,9.93877)->(19,25,14.1902)->(19,24,18.4416)->(19,23,19.7595)->(19,22,20.4416)->(19,21,21.0095)->(19,20,21.5274)->(19,19,22.0454)->(19,18,22.6132)->(19,17,23.2954)->(19,16,24.6132)->(19,15,31.1811)->(18,15,38.3349)->(17,15,5019.17)->
Agent 10:(25,10,2.2)->(25,9,3.81421)->(25,8,5.13205)->(25,7,5.81421)->(25,6,6.4)->(25,5,6.98579)->(25,4,7.66795)->(25,3,8.98579)->(25,2,11.2)->(24,2,13.4142)->(23,2,14.7481)->(22,2,15.5765)->(21,2,16.9103)->(20,2,22.5503)->(20,3,28.2256)->(20,4,30.2256)->(20,5,5014.84)->
Agent 11:(16,11,2.13772)->(17,11,3.68966)->(18,11,5.02351)->(19,11,5.85194)->(20,11,7.18579)->(21,11,14.6605)->(21,12,22.1352)->(21,13,23.453)->(21,14,24.1352)->(21,15,24.703)->(21,16,25.221)->(21,17,25.721)->(21,18,26.221)->(21,19,26.721)->(21,20,27.221)->(21,21,27.7389)->(21,22,28.3067)->(21,23,28.9889)->(21,24,30.3067)->(21,25,32.521)->(22,25,34.7352)->(23,25,36.069)->(24,25,36.8974)->(25,25,38.2313)->(26,25,5018.82)->
Agent 12:(7,31,6.16882)->(7,30,11.7519)->(7,29,13.0697)->(7,28,13.7519)->(7,27,14.3197)->(7,26,14.8376)->(7,25,15.3376)->(7,24,15.8556)->(7,23,16.4234)->(7,22,17.1056)->(7,21,18.4234)->(7,20,20.6376)->(6,20,23.4376)->(5,20,5011.72)->
Agent 13:(29,16,4.7)->(30,16,9.4)->(31,16,12.9999)->(30,16,16.014)->(29,16,17.3318)->(28,16,18.014)->(27,16,18.5818)->(26,16,19.0998)->(25,16,19.5998)->(24,16,20.1177)->(23,16,20.6856)->(22,16,21.3677)->(21,16,22.6856)->(20,16,25.314)->(20,17,28.914)->(19,17,31.5424)->(18,17,32.8603)->(17,17,33.5424)->(16,17,34.1103)->(15,17,34.6282)->(14,17,35.1282)->(13,17,35.6282)->(12,17,36.1462)->(11,17,36.714)->(10,17,37.3962)->(9,17,38.714)->(8,17,41.3424)->(8,18,5020.86)->
Agent 14:(9,30,2.2)->(9,29,3.81421)->(9,28,5.13205)->(9,27,5.8641)->(9,26,6.59615)->(9,25,7.91399)->(9,24,11.8013)->(10,24,15.6886)->(11,24,17.0225)->(12,24,17.8509)->(13,24,19.1848)->(14,24,21.5637)->(14,23,23.9426)->(14,22,25.2605)->(14,21,25.9426)->(14,20,26.5105)->(14,19,27.0284)->(14,18,27.5284)->(14,17,28.0284)->(14,16,28.5284)->(14,15,29.0284)->(14,14,29.5464)->(14,13,30.1142)->(14,12,30.7964)->(14,11,32.1142)->(14,10,34.7426)->(15,10,5017.56)->
Agent 15:(0,1,2.4142)->(1,1,4.24261)->(2,1,5.56045)->(3,1,6.24261)->(4,1,6.81045)->(5,1,7.3284)->(6,1,7.8284)->(7,1,8.3284)->(8,1,8.84635)->(9,1,9.41419)->(10,1,10.0963)->(11,1,11.4142)->(12,1,17.0495)->(12,2,22.6848)->(12,3,24.0026)->(12,4,24.6848)->(12,5,25.2526)->(12,6,25.7706)->(12,7,26.2706)->(12,8,26.7706)->(12,9,27.2706)->(12,10,27.7706)->(12,11,28.2706)->(12,12,28.7706)->(12,13,29.2706)->(12,14,29.7706)->(12,15,30.2706)->(12,16,30.7706)->(12,17,31.2706)->(12,18,31.7706)->(12,19,32.2706)->(12,20,32.7706)->(12,21,33.2706)->(12,22,33.7706)->(12,23,34.2885)->(12,24,34.8563)->(12,25,35.5385)->(12,26,36.8563)->(12,27,39.0706)->(13,27,41.2848)->(14,27,42.6186)->(15,27,43.447)->(16,27,44.7809)->(17,27,5022.1)->
Agent 16:(1,1,1.3)->(1,2,2.6)->(1,3,6.28118)->(2,3,9.37657)->(3,3,10.6944)->(4,3,11.3766)->(5,3,11.9444)->(6,3,12.4624)->(7,3,12.9624)->(8,3,13.4624)->(9,3,13.9803)->(10,3,14.5481)->(11,3,15.2303)->(12,3,16.5481)->(13,3,18.7624)->(13,2,21.5624)->(13,1,24.3624)->(14,1,26.6118)->(15,1,28.6118)->(16,1,32.8975)->(16,2,37.7336)->(16,3,40.9478)->(17,3,5020.67)->
Agent 17:(3,15,1.3)->(3,16,2.04949)->(3,17,4.04949)->(3,18,6.69949)->(4,18,9.31421)->(5,18,10.6321)->(6,18,11.3142)->(7,18,11.8821)->(8,18,12.4)->(9,18,12.9)->(10,18,13.4)->(11,18,13.9)->(12,18,14.4)->(13,18,14.9)->(14,18,15.4)->(15,18,15.9)->(16,18,16.4)->(17,18,16.9)->(18,18,17.4179)->(19,18,17.9858)->(20,18,18.6679)->(21,18,19.9858)->(22,18,5009.7)->
Agent 18:(24,14,3.75011)->(25,14,6.91444)->(26,14,8.23227)->(27,14,8.96433)->(28,14,9.69638)->(29,14,11.0142)->(30,14,13.2284)->(30,13,15.4426)->(30,12,16.7605)->(30,11,17.4426)->(30,10,18.0105)->(30,9,18.5284)->(30,8,19.0464)->(30,7,19.6142)->(30,6,20.2964)->(30,5,21.6142)->(30,4,5010.51)->
Agent 19:(18,22,1.8)->(19,22,3.6)->(20,22,7.63803)->(20,21,11.0903)->(20,20,12.4081)->(20,19,13.0903)->(20,18,13.6581)->(20,17,14.1761)->(20,16,14.6761)->(20,15,15.1761)->(20,14,15.6761)->(20,13,16.1761)->(20,12,16.6761)->(20,11,17.1761)->(20,10,17.6761)->(20,9,18.1761)->(20,8,18.6761)->(20,7,19.194)->(20,6,19.7619)->(20,5,20.444)->(20,4,21.7619)->(20,3,23.9761)->(21,3,26.1903)->(22,3,27.5081)->(23,3,28.2402)->(24,3,28.9722)->(25,3,30.2901)->(26,3,5014.85)->
Agent 20:(18,21,1.8)->(19,21,3.01421)->(20,21,4.33205)->(21,21,5.01421)->(22,21,5.58205)->(23,21,6.1)->(24,21,6.61795)->(25,21,7.18579)->(26,21,7.86795)->(27,21,9.18579)->(28,21,11.8)->(27,21,14.4142)->(26,21,15.7321)->(25,21,16.4142)->(24,21,16.9821)->(23,21,17.5)->(22,21,18)->(21,21,18.5)->(20,21,19.0179)->(19,21,19.5858)->(18,21,20.2679)->(17,21,21.5858)->(16,21,23.8)->(16,22,26.0142)->(16,23,27.4284)->(16,24,28.8426)->(16,25,5014.13)->
Agent 21:(18,24,1.4142)->(18,25,2.8284)->(18,26,6.04261)->(17,26,10.1642)->(17,25,13.3142)->(17,24,14.6321)->(17,23,15.3142)->(17,22,15.8821)->(17,21,16.4)->(17,20,16.9)->(17,19,17.4)->(17,18,17.9)->(17,17,18.4)->(17,16,18.9179)->(17,15,19.4858)->(17,14,20.1679)->(17,13,21.4858)->(17,12,24.0853)->(16,12,26.6848)->(15,12,28.0026)->(14,12,28.6848)->(13,12,29.2706)->(12,12,29.8563)->(11,12,30.5385)->(10,12,31.8563)->(9,12,34.0706)->(9,11,36.8706)->(9,10,39.6706)->(8,10,42.4706)->(7,10,5021.24)->
Agent 22:(15,22,4.36421)->(14,22,8.14264)->(13,22,9.46048)->(12,22,10.1426)->(11,22,10.7105)->(10,22,11.2284)->(9,22,11.7284)->(8,22,12.2284)->(7,22,12.7284)->(6,22,13.2284)->(5,22,13.7464)->(4,22,14.3142)->(3,22,14.9964)->(2,22,16.3142)->(1,22,18.5284)->(1,23,20.7426)->(1,24,22.0765)->(1,25,22.9049)->(1,26,24.2388)->(1,27,5011.83)->
Agent 23:(24,6,1.8)->(23,6,3.01421)->(22,6,4.34806)->(21,6,5.17649)->(20,6,6.51034)->(19,6,9.51228)->(19,5,12.5142)->(19,4,13.8481)->(19,3,14.6765)->(19,2,16.0103)->(19,1,18.6388)->(18,1,27.647)->(18,2,35.6837)->(18,3,37.0016)->(18,4,37.7336)->(18,5,38.4657)->(18,6,39.7835)->(18,7,5019.6)->
Agent 24:(28,9,2.2)->(28,8,3.81421)->(28,7,5.13205)->(28,6,5.81421)->(28,5,6.4)->(28,4,6.98579)->(28,3,7.66795)->(28,2,8.98579)->(28,1,11.2)->(27,1,13.4142)->(26,1,14.7321)->(25,1,15.4238)->(24,1,16.0595)->(23,1,16.7513)->(22,1,18.0691)->(21,1,20.6975)->(21,2,5010.54)->
Agent 25:(20,2,1.8)->(21,2,3.01421)->(22,2,4.33205)->(23,2,5.02382)->(24,2,5.65949)->(25,2,6.35126)->(26,2,7.6691)->(27,2,10.6975)->(26,2,15.0975)->(27,2,18.126)->(28,2,19.5402)->(29,2,20.9544)->(30,2,5010.18)->
Agent 26:(0,20,2.21421)->(1,20,4.81421)->(1,19,7.44264)->(1,18,8.76048)->(1,17,9.44264)->(1,16,10.0105)->(1,15,10.5284)->(1,14,11.0284)->(1,13,11.5284)->(1,12,12.0284)->(1,11,12.5284)->(1,10,13.0284)->(1,9,13.5284)->(1,8,14.0284)->(1,7,14.5284)->(1,6,15.0284)->(1,5,15.5464)->(1,4,16.1142)->(1,3,16.7964)->(1,2,18.1142)->(1,1,20.3284)->(2,1,22.5426)->(3,1,23.8605)->(4,1,24.5426)->(5,1,25.1105)->(6,1,25.6284)->(7,1,26.1284)->(8,1,26.6464)->(9,1,27.2142)->(10,1,27.8964)->(11,1,29.2142)->(12,1,32.5426)->(12,2,36.8426)->(13,2,40.0569)->(14,2,5020.03)->
Agent 27:(16,3,1.3)->(16,4,2.01421)->(16,5,3.33205)->(16,6,4.0641)->(16,7,4.79615)->(16,8,6.11399)->(16,9,8.74242)->(15,9,15.8783)->(16,9,22.0426)->(17,9,23.4569)->(18,9,24.8711)->(19,9,5012.14)->
Agent 28:(17,21,2.2)->(17,20,3.81421)->(17,19,5.22843)->(17,18,6.64264)->(17,17,8.85685)->(18,17,11.0711)->(19,17,12.3889)->(20,17,13.0807)->(21,17,13.7163)->(22,17,14.4081)->(23,17,15.726)->(24,17,21.9117)->(23,17,29.4833)->(23,18,5015.14)->
Agent 29:(4,17,1.8)->(5,17,3.04949)->(6,17,5.04949)->(7,17,7.29898)->(7,16,9.51319)->(7,15,10.831)->(7,14,11.5132)->(7,13,12.081)->(7,12,12.599)->(7,11,13.1169)->(7,10,13.6848)->(7,9,14.3669)->(7,8,15.6848)->(7,7,18.3132)->(8,7,28.2452)->(8,8,37.2057)->(8,9,38.5235)->(8,10,39.2556)->(8,11,39.9876)->(8,12,41.3054)->(8,13,5020.36)->
Agent 30:(29,18,3.85051)->(28,18,7.15051)->(27,18,9.15051)->(26,18,11.55)->(26,17,13.9142)->(26,16,15.2321)->(26,15,15.9142)->(26,14,16.4821)->(26,13,17)->(26,12,17.5)->(26,11,18)->(26,10,18.5179)->(26,9,19.0858)->(26,8,19.7679)->(26,7,21.0858)->(26,6,5010.25)->
Agent 31:(15,28,2.21421)->(16,28,6.88528)->(16,27,12.9563)->(16,28,16.02)->(16,29,18.02)->(16,30,21.5848)->(16,29,25.1142)->(16,28,26.5284)->(16,27,27.9426)->(16,26,5013.68)->
Agent 32:(17,26,1.8)->(16,26,3.04949)->(15,26,5.04949)->(14,26,8.21272)->(14,25,11.3407)->(14,24,12.6585)->(14,23,13.3407)->(14,22,13.9265)->(14,21,14.5122)->(14,20,15.1944)->(14,19,16.5122)->(14,18,19.7627)->(13,18,5010.39)->
Agent 33:(3,10,1.8)->(2,10,3.04949)->(1,10,5.04949)->(0,10,7.29898)->(0,11,9.51319)->(0,12,10.831)->(0,13,11.5132)->(0,14,12.081)->(0,15,12.599)->(0,16,13.099)->(0,17,13.599)->(0,18,14.099)->(0,19,14.599)->(0,20,15.099)->(0,21,15.599)->(0,22,16.1169)->(0,23,16.6848)->(0,24,17.3669)->(0,25,18.6848)->(0,26,5009.05)->
Agent 34:(21,13,1.8)->(20,13,3.01421)->(19,13,4.33205)->(18,13,5.01421)->(17,13,5.58205)->(16,13,6.1)->(15,13,6.61795)->(14,13,7.18579)->(13,13,7.86795)->(12,13,9.18579)->(11,13,11.4)->(11,14,13.6142)->(11,15,14.9321)->(11,16,15.6142)->(11,17,16.1821)->(11,18,16.7)->(11,19,17.2)->(11,20,17.7179)->(11,21,18.2858)->(11,22,18.9679)->(11,23,20.2858)->(11,24,23.1815)->(11,23,26.6631)->(11,22,5013.33)->
Agent 35:(14,14,2.03205)->(15,14,3.51359)->(16,14,5.51359)->(17,14,7.76308)->(17,13,9.97729)->(17,12,11.2951)->(17,11,11.9773)->(17,10,12.5451)->(17,9,13.0631)->(17,8,13.5631)->(17,7,14.0631)->(17,6,14.5631)->(17,5,15.081)->(17,4,15.6489)->(17,3,16.331)->(17,2,17.6489)->(17,1,25.492)->(17,2,5015.55)->
Agent 36:(28,18,1.3)->(28,19,2.6)->(28,20,5.8)->(28,19,9)->(28,18,12.05)->(27,18,14.5495)->(26,18,16.5495)->(25,18,18.799)->(25,17,21.0132)->(25,16,22.347)->(25,15,23.1755)->(25,14,24.5093)->(25,13,27.8216)->(24,13,31.1339)->(23,13,32.4517)->(22,13,33.1339)->(21,13,33.7017)->(20,13,34.2197)->(19,13,34.7197)->(18,13,35.2197)->(17,13,35.7197)->(16,13,36.2197)->(15,13,36.7197)->(14,13,37.2197)->(13,13,37.7197)->(12,13,38.2197)->(11,13,38.7197)->(10,13,39.2197)->(9,13,39.7197)->(8,13,40.2197)->(7,13,40.7376)->(6,13,41.3054)->(5,13,41.9876)->(4,13,43.3054)->(3,13,45.9197)->(4,13,49.1197)->(5,13,51.9197)->(5,14,54.7197)->(5,15,5027.36)->
Agent 37:(2,18,2.4142)->(2,19,4.24261)->(2,20,5.56045)->(2,21,6.25222)->(2,22,6.88789)->(2,23,7.57966)->(2,24,8.8975)->(2,25,12.0059)->(3,25,15.1142)->(4,25,16.4321)->(5,25,17.1142)->(6,25,17.6821)->(7,25,18.2)->(8,25,18.7)->(9,25,19.2)->(10,25,19.7)->(11,25,20.2)->(12,25,20.7)->(13,25,21.2)->(14,25,21.7179)->(15,25,22.2858)->(16,25,22.9679)->(17,25,24.2858)->(18,25,5011.85)->
Agent 38:(13,11,1.8)->(14,11,3.04949)->(15,11,5.04949)->(16,11,8.95783)->(16,12,12.8309)->(16,13,14.1487)->(16,14,14.8405)->(16,15,15.4762)->(16,16,16.1679)->(16,17,17.4858)->(16,18,5008.45)->
Agent 39:(6,15,2.8)->(6,14,5.04949)->(6,13,7.04949)->(6,12,15.1068)->(5,12,23.1289)->(4,12,24.5431)->(3,12,25.9574)->(2,12,28.5858)->(2,13,5014.49)->
Agent 40:(29,2,1.3)->(29,3,2.01421)->(29,4,3.33205)->(29,5,4.01421)->(29,6,4.58205)->(29,7,5.1)->(29,8,5.6)->(29,9,6.1)->(29,10,6.6)->(29,11,7.1)->(29,12,7.61795)->(29,13,8.18579)->(29,14,8.86795)->(29,15,10.1858)->(29,16,12.4)->(28,16,14.6142)->(27,16,15.9321)->(26,16,16.6142)->(25,16,17.1821)->(24,16,17.7)->(23,16,18.2)->(22,16,18.7)->(21,16,19.2)->(20,16,19.7)->(19,16,20.2)->(18,16,20.7)->(17,16,21.2)->(16,16,21.7)->(15,16,22.2179)->(14,16,22.7858)->(13,16,23.4679)->(12,16,24.7858)->(11,16,27)->(11,17,29.2142)->(11,18,30.6284)->(11,19,32.0426)->(11,20,5015.73)->
Agent 41:(25,22,1.8)->(26,22,3.01421)->(27,22,4.42843)->(28,22,5.84264)->(29,22,8.47894)->(28,22,11.1505)->(27,22,13.1505)->(26,22,15.5321)->(26,21,17.8783)->(26,20,19.2122)->(26,19,20.0406)->(26,18,21.3744)->(26,17,27.2728)->(25,17,33.2063)->(24,17,35.2063)->(23,17,5017.33)->
Agent 42:(6,26,2.21421)->(5,26,4.81421)->(5,25,7.44264)->(5,24,8.76048)->(5,23,9.44264)->(5,22,10.0105)->(5,21,10.5284)->(5,20,11.0284)->(5,19,11.5284)->(5,18,12.0284)->(5,17,12.5284)->(5,16,13.0284)->(5,15,13.5284)->(5,14,14.0464)->(5,13,14.6142)->(5,12,15.2964)->(5,11,16.6142)->(5,10,18.8284)->(6,10,21.0426)->(7,10,22.3605)->(8,10,23.0426)->(9,10,23.6105)->(10,10,24.1284)->(11,10,24.6284)->(12,10,25.1284)->(13,10,25.6284)->(14,10,26.1284)->(15,10,26.6284)->(16,10,27.1284)->(17,10,27.6284)->(18,10,28.1284)->(19,10,28.6284)->(20,10,29.1284)->(21,10,29.6284)->(22,10,30.1284)->(23,10,30.6284)->(24,10,31.1284)->(25,10,31.6464)->(26,10,32.2142)->(27,10,32.8964)->(28,10,34.2142)->(29,10,36.4284)->(29,9,38.6426)->(29,8,39.9605)->(29,7,40.6522)->(29,6,41.2879)->(29,5,41.9797)->(29,4,43.2975)->(29,3,5021.36)->
Agent 43:(26,18,1.8)->(25,18,3.04949)->(24,18,5.04949)->(23,18,7.29898)->(23,17,9.51319)->(23,16,10.831)->(23,15,11.5132)->(23,14,12.081)->(23,13,12.599)->(23,12,13.1169)->(23,11,13.6848)->(23,10,14.3669)->(23,9,15.6848)->(23,8,23.1137)->(23,9,31.1284)->(23,10,5015.56)->
Agent 44:(22,8,7.09806)->(21,8,13.6103)->(20,8,14.9282)->(19,8,15.6103)->(18,8,16.1782)->(17,8,16.6961)->(16,8,17.1961)->(15,8,17.6961)->(14,8,18.2141)->(13,8,18.7819)->(12,8,19.4641)->(11,8,20.7819)->(10,8,22.9961)->(10,9,25.2103)->(10,10,26.5442)->(10,11,27.3726)->(10,12,28.7065)->(10,13,30.9207)->(9,13,33.1702)->(8,13,35.1702)->(7,13,37.4197)->(7,14,40.2197)->(7,15,5020.11)->
Agent 45:(13,23,1.8)->(14,23,3.04949)->(15,23,5.04949)->(16,23,7.71319)->(16,24,13.1668)->(16,23,18.2347)->(16,22,21.0347)->(17,22,23.2489)->(18,22,24.6631)->(19,22,26.0773)->(20,22,28.7057)->(20,21,5014.55)->
Agent 46:(29,0,6.11048)->(29,1,11.6352)->(29,2,12.953)->(29,3,13.6352)->(29,4,14.203)->(29,5,14.721)->(29,6,15.221)->(29,7,15.721)->(29,8,16.221)->(29,9,16.721)->(29,10,17.221)->(29,11,17.721)->(29,12,18.221)->(29,13,18.721)->(29,14,19.221)->(29,15,19.721)->(29,16,20.221)->(29,17,20.721)->(29,18,21.221)->(29,19,21.7389)->(29,20,22.3067)->(29,21,22.9889)->(29,22,24.3067)->(29,23,26.9352)->(28,23,5013.66)->
Agent 47:(6,14,1.8)->(7,14,3.01421)->(8,14,4.33205)->(9,14,5.01421)->(10,14,5.58205)->(11,14,6.11795)->(12,14,6.68579)->(13,14,7.36795)->(14,14,8.68579)->(15,14,11.3142)->(15,15,15.3284)->(16,15,20.5784)->(16,16,5011.1)->
Agent 48:(13,15,1.8)->(12,15,3.01421)->(11,15,4.33205)->(10,15,5.02382)->(9,15,5.65949)->(8,15,6.35126)->(7,15,7.6691)->(6,15,10.2975)->(6,14,13.8975)->(5,14,17.1117)->(4,14,5008.56)->
Agent 49:(31,28,1.8)->(30,28,3.04949)->(29,28,5.04949)->(28,28,8.1637)->(28,27,11.2426)->(28,26,12.5605)->(28,25,13.2426)->(28,24,13.8284)->(28,23,14.4142)->(28,22,15.0964)->(28,21,16.4142)->(28,20,24.0642)->(27,20,32.3)->(26,20,5016.15)->
Agent 50:(21,11,2.21421)->(22,11,4.81421)->(22,12,7.44264)->(22,13,8.76048)->(22,14,9.44264)->(22,15,10.0105)->(22,16,10.5464)->(22,17,11.1142)->(22,18,11.7964)->(22,19,13.1142)->(22,20,15.5279)->(23,20,17.9416)->(24,20,19.2755)->(25,20,20.1039)->(26,20,21.4377)->(27,20,23.652)->(27,21,25.8662)->(27,22,27.184)->(27,23,27.9161)->(27,24,28.6481)->(27,25,29.966)->(27,26,5014.69)->
Agent 51:(4,0,2.18791)->(4,1,3.79003)->(4,2,5.10787)->(4,3,5.79003)->(4,4,6.35787)->(4,5,6.87582)->(4,6,7.37582)->(4,7,7.87582)->(4,8,8.37582)->(4,9,8.87582)->(4,10,9.37582)->(4,11,9.87582)->(4,12,10.3758)->(4,13,10.8758)->(4,14,11.3758)->(4,15,11.8758)->(4,16,12.3758)->(4,17,12.8758)->(4,18,13.3758)->(4,19,13.8758)->(4,20,14.3938)->(4,21,14.9616)->(4,22,15.6438)->(4,23,16.9616)->(4,24,20.5663)->(5,24,24.1711)->(6,24,25.4889)->(7,24,26.1711)->(8,24,26.7389)->(9,24,27.2569)->(10,24,27.7569)->(11,24,28.2569)->(12,24,28.7569)->(13,24,29.2569)->(14,24,29.7569)->(15,24,30.2748)->(16,24,30.8426)->(17,24,31.5248)->(18,24,32.8426)->(19,24,35.4711)->(19,25,5017.93)->
Agent 52:(26,7,1.3)->(26,8,2.01421)->(26,9,3.33205)->(26,10,4.01421)->(26,11,4.58205)->(26,12,5.1)->(26,13,5.6)->(26,14,6.1)->(26,15,6.6)->(26,16,7.1)->(26,17,7.6)->(26,18,8.1)->(26,19,8.61795)->(26,20,9.18579)->(26,21,9.86795)->(26,22,11.1858)->(26,23,17.1784)->(25,23,23.1711)->(24,23,24.4889)->(23,23,25.1711)->(22,23,25.7389)->(21,23,26.2569)->(20,23,26.7569)->(19,23,27.2569)->(18,23,27.7569)->(17,23,28.2569)->(16,23,28.7569)->(15,23,29.2569)->(14,23,29.7748)->(13,23,30.3426)->(12,23,31.0248)->(11,23,32.3426)->(10,23,5015.88)->
Agent 53:(27,1,1.8)->(26,1,3.01421)->(25,1,4.33205)->(24,1,5.01421)->(23,1,5.58205)->(22,1,6.1)->(21,1,6.6)->(20,1,7.1)->(19,1,7.61795)->(18,1,8.18579)->(17,1,8.86795)->(16,1,10.1858)->(15,1,15.1853)->(15,2,20.1848)->(15,3,21.5026)->(15,4,22.1848)->(15,5,22.7526)->(15,6,23.2706)->(15,7,23.7706)->(15,8,24.2706)->(15,9,24.7706)->(15,10,25.2706)->(15,11,25.7706)->(15,12,26.2706)->(15,13,26.7706)->(15,14,27.2706)->(15,15,27.7706)->(15,16,28.2706)->(15,17,28.7706)->(15,18,29.2706)->(15,19,29.7706)->(15,20,30.2706)->(15,21,30.7706)->(15,22,31.2706)->(15,23,31.7706)->(15,24,32.2885)->(15,25,32.8563)->(15,26,33.5385)->(15,27,34.8563)->(15,28,37.4848)->(16,28,5018.94)->
Agent 54:(31,11,1.8)->(30,11,3.01421)->(29,11,4.33205)->(28,11,5.01421)->(27,11,5.58205)->(26,11,6.11795)->(25,11,6.68579)->(24,11,7.36795)->(23,11,8.68579)->(22,11,10.9)->(22,10,13.1142)->(22,9,14.4321)->(22,8,15.1142)->(22,7,15.6821)->(22,6,16.2179)->(22,5,16.7858)->(22,4,17.4679)->(22,3,18.7858)->(22,2,5009.1)->
Agent 55:(21,12,1.8)->(22,12,3.01421)->(23,12,4.34806)->(24,12,5.17649)->(25,12,6.51034)->(26,12,8.72456)->(26,11,10.9388)->(26,10,12.2566)->(26,9,12.9887)->(26,8,13.7207)->(26,7,15.0385)->(26,6,17.2528)->(25,6,19.467)->(24,6,20.7848)->(23,6,21.467)->(22,6,22.0528)->(21,6,22.6385)->(20,6,23.3207)->(19,6,24.6385)->(18,6,26.9117)->(18,5,29.22)->(18,4,31.22)->(18,3,33.4695)->(17,3,35.6837)->(16,3,37.0016)->(15,3,37.6934)->(14,3,38.329)->(13,3,39.0208)->(12,3,40.3386)->(11,3,42.9671)->(11,4,5021.68)->
Agent 56:(18,23,6.35)->(18,22,12.1142)->(18,21,13.4321)->(18,20,14.1142)->(18,19,14.6821)->(18,18,15.2)->(18,17,15.7)->(18,16,16.2)->(18,15,16.7)->(18,14,17.2)->(18,13,17.7)->(18,12,18.2)->(18,11,18.7)->(18,10,19.2)->(18,9,19.7)->(18,8,20.2)->(18,7,20.7179)->(18,6,21.2858)->(18,5,21.9679)->(18,4,23.2858)->(18,3,25.5)->(17,3,27.7142)->(16,3,29.0321)->(15,3,29.7142)->(14,3,30.2821)->(13,3,30.8)->(12,3,31.3)->(11,3,31.8)->(10,3,32.3)->(9,3,32.8179)->(8,3,33.3858)->(7,3,34.0679)->(6,3,35.3858)->(5,3,5017.4)->
Agent 57:(17,28,2.22157)->(17,27,3.85736)->(17,26,5.27157)->(17,25,6.68579)->(17,24,9.64264)->(18,24,12.5995)->(19,24,13.9173)->(20,24,14.5995)->(21,24,15.1853)->(22,24,15.7711)->(23,24,16.4532)->(24,24,17.7711)->(25,24,22.4711)->(25,23,27.1711)->(25,22,28.4889)->(25,21,29.1711)->(25,20,29.7389)->(25,19,30.2569)->(25,18,30.7569)->(25,17,31.2569)->(25,16,31.7569)->(25,15,32.2569)->(25,14,32.7569)->(25,13,33.2569)->(25,12,33.7569)->(25,11,34.2569)->(25,10,34.7569)->(25,9,35.2569)->(25,8,35.7569)->(25,7,36.2569)->(25,6,36.7569)->(25,5,37.2569)->(25,4,37.7748)->(25,3,38.3426)->(25,2,39.0248)->(25,1,40.3426)->(25,0,42.5569)->(24,0,45.3569)->(23,0,5022.68)->
Agent 58:(0,30,3.16882)->(1,30,5.75185)->(2,30,7.06969)->(3,30,7.75185)->(4,30,8.31969)->(5,30,8.83764)->(6,30,9.33764)->(7,30,9.83764)->(8,30,10.3376)->(9,30,10.8376)->(10,30,11.3376)->(11,30,11.8376)->(12,30,12.3376)->(13,30,12.8376)->(14,30,13.3376)->(15,30,13.8376)->(16,30,14.3376)->(17,30,14.8376)->(18,30,15.3376)->(19,30,15.8376)->(20,30,16.3376)->(21,30,16.8376)->(22,30,17.3376)->(23,30,17.8376)->(24,30,18.3376)->(25,30,18.8376)->(26,30,19.3556)->(27,30,19.9234)->(28,30,20.6056)->(29,30,21.9234)->(30,30,24.1376)->(30,29,26.3519)->(30,28,27.6697)->(30,27,28.4017)->(30,26,29.1338)->(30,25,30.4516)->(30,24,5014.93)->
Agent 59:(14,21,1.8)->(15,21,3.6)->(16,21,6.81421)->(16,22,10.95)->(16,21,14.7)->(16,20,17.9142)->(17,20,24.5353)->(16,20,30.7706)->(15,20,33.5706)->(15,21,35.7848)->(15,22,37.1026)->(15,23,37.8347)->(15,24,38.5667)->(15,25,39.8845)->(15,26,5019.65)->
Agent 60:(8,9,4.97351)->(8,8,9.36123)->(8,7,10.6951)->(8,6,11.5235)->(8,5,12.8574)->(8,4,16.2358)->(9,4,19.6142)->(10,4,20.9321)->(11,4,21.6142)->(12,4,22.1821)->(13,4,22.7)->(14,4,23.2)->(15,4,23.7)->(16,4,24.2)->(17,4,24.7)->(18,4,25.2179)->(19,4,25.7858)->(20,4,26.4679)->(21,4,27.7858)->(22,4,5013.6)->
Agent 61:(24,4,1.8)->(23,4,3.01421)->(22,4,4.33205)->(21,4,5.01421)->(20,4,5.58205)->(19,4,6.1)->(18,4,6.6)->(17,4,7.1)->(16,4,7.6)->(15,4,8.1)->(14,4,8.6)->(13,4,9.1)->(12,4,9.6)->(11,4,10.1)->(10,4,10.6)->(9,4,11.1179)->(8,4,11.6858)->(7,4,12.3679)->(6,4,13.6858)->(5,4,15.9)->(5,5,18.1495)->(5,6,20.1495)->(5,7,5009.8)->
Agent 62:(13,28,2.2)->(13,27,3.81421)->(13,26,5.13205)->(13,25,5.81421)->(13,24,6.38205)->(13,23,6.9)->(13,22,7.4)->(13,21,7.9)->(13,20,8.4)->(13,19,8.9)->(13,18,9.4)->(13,17,9.9)->(13,16,10.4)->(13,15,10.9)->(13,14,11.4)->(13,13,11.9)->(13,12,12.4)->(13,11,12.9)->(13,10,13.4)->(13,9,13.9179)->(13,8,14.4858)->(13,7,15.1679)->(13,6,16.4858)->(13,5,18.7)->(12,5,21.5)->(11,5,25.1142)->(12,5,33.8264)->(12,4,41.7528)->(12,3,5020.88)->
Agent 63:(7,26,6.29615)->(7,25,12.0065)->(7,24,13.3244)->(7,23,14.0065)->(7,22,14.5744)->(7,21,15.0923)->(7,20,15.6103)->(7,19,16.1781)->(7,18,16.8603)->(7,17,18.1781)->(7,16,20.3923)->(6,16,22.6418)->(5,16,24.6418)->(4,16,5012.05)->
Agent 64:(5,27,1.8)->(4,27,3.01421)->(3,27,4.42843)->(2,27,5.84264)->(1,27,8.42792)->(1,26,11.0132)->(1,25,12.331)->(1,24,13.0132)->(1,23,13.581)->(1,22,14.099)->(1,21,14.599)->(1,20,15.099)->(1,19,15.599)->(1,18,16.099)->(1,17,16.599)->(1,16,17.099)->(1,15,17.599)->(1,14,18.099)->(1,13,18.599)->(1,12,19.099)->(1,11,19.6169)->(1,10,20.1848)->(1,9,20.8669)->(1,8,22.1848)->(1,7,24.8132)->(0,7,5012.6)->
Agent 65:(16,12,1.3)->(16,13,2.01421)->(16,14,3.33205)->(16,15,4.01421)->(16,16,4.6)->(16,17,5.18579)->(16,18,5.86795)->(16,19,7.18579)->(16,20,10.65)->(17,20,14.1142)->(18,20,15.5284)->(19,20,16.9426)->(20,20,5008.18)->
Agent 66:(30,21,2.2)->(30,20,3.81421)->(30,19,5.13205)->(30,18,5.81421)->(30,17,6.38205)->(30,16,6.9)->(30,15,7.4)->(30,14,7.91795)->(30,13,8.48579)->(30,12,9.16795)->(30,11,10.4858)->(30,10,12.7)->(29,10,14.9142)->(28,10,16.2321)->(27,10,16.9142)->(26,10,17.4821)->(25,10,18.0179)->(24,10,18.5858)->(23,10,19.2679)->(22,10,20.5858)->(21,10,23.2142)->(21,9,28.2784)->(21,10,5015.06)->
Agent 67:(0,2,6.63528)->(0,3,12.6848)->(0,4,14.0026)->(0,5,14.6848)->(0,6,15.2526)->(0,7,15.7706)->(0,8,16.2706)->(0,9,16.7706)->(0,10,17.2706)->(0,11,17.7706)->(0,12,18.2706)->(0,13,18.7706)->(0,14,19.2706)->(0,15,19.7706)->(0,16,20.2706)->(0,17,20.7706)->(0,18,21.2706)->(0,19,21.7706)->(0,20,22.2885)->(0,21,22.8563)->(0,22,23.5385)->(0,23,24.8563)->(0,24,5012.14)->
Agent 68:(13,24,1.8)->(14,24,3.01421)->(15,24,4.33205)->(16,24,5.01421)->(17,24,5.58205)->(18,24,6.1)->(19,24,6.6)->(20,24,7.11795)->(21,24,7.68579)->(22,24,8.36795)->(23,24,9.68579)->(24,24,11.9)->(24,25,14.1142)->(24,26,15.5284)->(24,27,16.9426)->(24,28,5008.18)->
Agent 69:(6,30,1.8)->(7,30,3.01421)->(8,30,4.33205)->(9,30,5.01421)->(10,30,5.58205)->(11,30,6.1)->(12,30,6.6)->(13,30,7.1)->(14,30,7.6)->(15,30,8.1)->(16,30,8.6)->(17,30,9.1)->(18,30,9.6)->(19,30,10.1)->(20,30,10.6)->(21,30,11.1)->(22,30,11.6)->(23,30,12.1)->(24,30,12.6)->(25,30,13.1)->(26,30,13.6)->(27,30,14.1179)->(28,30,14.6858)->(29,30,15.3679)->(30,30,16.6858)->(31,30,22.933)->(30,30,5013.47)->
Agent 70:(4,11,3.86421)->(4,12,7.14264)->(4,13,8.46048)->(4,14,9.14264)->(4,15,9.71048)->(4,16,10.2284)->(4,17,10.7284)->(4,18,11.2284)->(4,19,11.7284)->(4,20,12.2284)->(4,21,12.7284)->(4,22,13.2284)->(4,23,13.7284)->(4,24,14.2284)->(4,25,14.7284)->(4,26,15.2284)->(4,27,15.7464)->(4,28,16.3142)->(4,29,16.9964)->(4,30,18.3142)->(4,31,20.5284)->(5,31,22.7426)->(6,31,24.0605)->(7,31,24.7426)->(8,31,25.3105)->(9,31,25.8284)->(10,31,26.3284)->(11,31,26.8284)->(12,31,27.3284)->(13,31,27.8284)->(14,31,28.3284)->(15,31,28.8284)->(16,31,29.3284)->(17,31,29.8284)->(18,31,30.3284)->(19,31,30.8284)->(20,31,31.3464)->(21,31,31.9142)->(22,31,32.5964)->(23,31,33.9142)->(24,31,5016.66)->
Agent 71:(11,11,1.71421)->(11,12,3.81421)->(12,12,6.44264)->(13,12,7.85685)->(14,12,9.27107)->(15,12,11.6069)->(15,13,14.5284)->(15,14,17.7426)->(16,14,24.3637)->(15,14,5013.89)->
Agent 72:(7,11,1.8)->(8,11,3.01421)->(9,11,4.33205)->(10,11,5.02382)->(11,11,5.65949)->(12,11,6.35126)->(13,11,7.6691)->(14,11,9.88331)->(14,10,12.0975)->(14,9,13.4154)->(14,8,14.1474)->(14,7,14.8795)->(14,6,16.1973)->(14,5,20.441)->(15,5,24.6848)->(16,5,26.0026)->(17,5,26.6848)->(18,5,27.2526)->(19,5,27.7706)->(20,5,28.2706)->(21,5,28.7706)->(22,5,29.2706)->(23,5,29.7885)->(24,5,30.3563)->(25,5,31.0385)->(26,5,32.3563)->(27,5,34.5706)->(27,4,36.82)->(27,3,38.82)->(27,2,5019.13)->
Agent 73:(0,23,2.62744)->(1,23,4.6691)->(2,23,5.98694)->(3,23,6.6691)->(4,23,7.23694)->(5,23,7.75489)->(6,23,8.25489)->(7,23,8.75489)->(8,23,9.25489)->(9,23,9.75489)->(10,23,10.2549)->(11,23,10.7549)->(12,23,11.2549)->(13,23,11.7549)->(14,23,12.2549)->(15,23,12.7549)->(16,23,13.2549)->(17,23,13.7549)->(18,23,14.2549)->(19,23,14.7728)->(20,23,15.3407)->(21,23,16.0228)->(22,23,17.3407)->(23,23,19.5549)->(23,22,21.7691)->(23,21,23.0869)->(23,20,23.7691)->(23,19,24.3369)->(23,18,24.8549)->(23,17,25.3549)->(23,16,25.8728)->(23,15,26.4407)->(23,14,27.1228)->(23,13,28.4407)->(23,12,5013.93)->
Agent 74:(14,25,4.36421)->(14,24,8.14264)->(14,23,9.46048)->(14,22,10.1426)->(14,21,10.7105)->(14,20,11.2284)->(14,19,11.7284)->(14,18,12.2284)->(14,17,12.7464)->(14,16,13.3142)->(14,15,13.9964)->(14,14,15.3142)->(14,13,17.5417)->(13,13,19.7691)->(12,13,21.0869)->(11,13,21.7691)->(10,13,22.3369)->(9,13,22.8549)->(8,13,23.3549)->(7,13,23.8549)->(6,13,24.3549)->(5,13,24.8728)->(4,13,25.4407)->(3,13,26.1228)->(2,13,27.4407)->(1,13,5013.43)->
Agent 75:(14,12,1.80834)->(15,12,3.0309)->(16,12,4.34874)->(17,12,5.04051)->(18,12,5.67618)->(19,12,6.36795)->(20,12,7.68579)->(21,12,9.9)->(21,13,12.1142)->(21,14,13.4321)->(21,15,14.1142)->(21,16,14.6821)->(21,17,15.2)->(21,18,15.7)->(21,19,16.2)->(21,20,16.7)->(21,21,17.2)->(21,22,17.7)->(21,23,18.2179)->(21,24,18.7858)->(21,25,19.4679)->(21,26,20.7858)->(21,27,23.8142)->(21,26,28.2284)->(22,26,5014.51)->
Agent 76:(3,31,3.16882)->(3,30,5.75185)->(3,29,7.06969)->(3,28,7.75185)->(3,27,8.31969)->(3,26,8.83764)->(3,25,9.33764)->(3,24,9.83764)->(3,23,10.3376)->(3,22,10.8376)->(3,21,11.3376)->(3,20,11.8376)->(3,19,12.3376)->(3,18,12.8376)->(3,17,13.3376)->(3,16,13.8376)->(3,15,14.3376)->(3,14,14.8376)->(3,13,15.3376)->(3,12,15.8556)->(3,11,16.4234)->(3,10,17.1056)->(3,9,18.4234)->(3,8,20.6376)->(4,8,22.8519)->(5,8,24.1697)->(6,8,24.8519)->(7,8,25.4197)->(8,8,25.9376)->(9,8,26.4376)->(10,8,26.9376)->(11,8,27.4376)->(12,8,27.9376)->(13,8,28.4376)->(14,8,28.9556)->(15,8,29.5234)->(16,8,30.2056)->(17,8,31.5234)->(18,8,5015.47)->
Agent 77:(28,15,1.3)->(28,16,2.6)->(28,17,9.51421)->(27,17,5006.8)->
Agent 78:(24,10,2.21421)->(23,10,4.81421)->(23,9,7.47792)->(23,8,9.47792)->(23,7,13.9779)->(22,7,19.8822)->(22,8,22.9785)->(22,9,24.3928)->(22,10,25.807)->(22,11,5012.61)->
Agent 79:(11,1,1.78205)->(11,2,2.97832)->(11,3,4.29615)->(11,4,4.97832)->(11,5,5.54615)->(11,6,6.0641)->(11,7,6.5641)->(11,8,7.08205)->(11,9,7.64989)->(11,10,8.33205)->(11,11,9.64989)->(11,12,15.2271)->(10,12,20.8044)->(9,12,22.1382)->(8,12,22.9667)->(7,12,24.3005)->(6,12,26.5147)->(6,13,28.7289)->(6,14,30.0468)->(6,15,30.7289)->(6,16,31.2968)->(6,17,31.8147)->(6,18,32.3147)->(6,19,32.8327)->(6,20,33.4005)->(6,21,34.0827)->(6,22,35.4005)->(6,23,5017.41)->
Agent 80:(21,29,1.8)->(20,29,3.01421)->(19,29,4.33205)->(18,29,5.01421)->(17,29,5.58205)->(16,29,6.1)->(15,29,6.6)->(14,29,7.1)->(13,29,7.6)->(12,29,8.11795)->(11,29,8.68579)->(10,29,9.36795)->(9,29,10.6858)->(8,29,12.9)->(8,28,15.1142)->(8,27,16.4321)->(8,26,17.1142)->(8,25,17.6821)->(8,24,18.2179)->(8,23,18.7858)->(8,22,19.4679)->(8,21,20.7858)->(8,20,5010.1)->
Agent 81:(24,7,1.88579)->(23,7,3.18579)->(22,7,4.50362)->(21,7,5.18579)->(20,7,5.75362)->(19,7,6.27157)->(18,7,6.77157)->(17,7,7.27157)->(16,7,7.77157)->(15,7,8.27157)->(14,7,8.77157)->(13,7,9.27157)->(12,7,9.78952)->(11,7,10.3574)->(10,7,11.0395)->(9,7,12.3574)->(8,7,14.5716)->(8,8,16.7858)->(8,9,18.1036)->(8,10,18.7954)->(8,11,19.4311)->(8,12,20.1228)->(8,13,21.4407)->(8,14,5010.43)->
Agent 82:(18,3,1.3)->(18,4,2.01421)->(18,5,3.33205)->(18,6,4.01421)->(18,7,4.58205)->(18,8,5.1)->(18,9,5.6)->(18,10,6.1)->(18,11,6.61795)->(18,12,7.18579)->(18,13,7.86795)->(18,14,9.18579)->(18,15,12.138)->(19,15,15.0903)->(20,15,16.4081)->(21,15,17.0903)->(22,15,17.6581)->(23,15,18.1761)->(24,15,18.694)->(25,15,19.2619)->(26,15,19.944)->(27,15,21.2619)->(28,15,23.8761)->(27,15,27.0761)->(26,15,5013.54)->
Agent 83:(18,26,1.3)->(18,27,2.6)->(18,28,6.79949)->(18,27,11.799)->(19,27,17.3815)->(19,28,21.6136)->(19,29,23.6136)->(19,30,5011.53)->
Agent 84:(12,19,1.3)->(12,20,2.6)->(12,21,8.33579)->(12,20,13.4858)->(12,19,14.8036)->(12,18,15.5357)->(12,17,16.2677)->(12,16,17.5856)->(12,15,23.3852)->(13,15,29.22)->(14,15,31.22)->(15,15,5015.33)->
Agent 85:(9,7,5.40374)->(9,6,10.2217)->(9,5,11.5395)->(9,4,12.2313)->(9,3,12.867)->(9,2,13.5587)->(9,1,14.8766)->(9,0,17.0908)->(8,0,19.3403)->(7,0,21.3403)->(6,0,5010.39)->
Agent 86:(8,28,2.2)->(8,27,3.81421)->(8,26,5.13205)->(8,25,5.81421)->(8,24,6.38205)->(8,23,6.9)->(8,22,7.4)->(8,21,7.91795)->(8,20,8.48579)->(8,19,9.16795)->(8,18,10.4858)->(8,17,12.8858)->(9,17,15.2858)->(10,17,16.6036)->(11,17,17.2858)->(12,17,17.8536)->(13,17,18.3716)->(14,17,18.8716)->(15,17,19.3716)->(16,17,19.8716)->(17,17,20.3716)->(18,17,20.8895)->(19,17,21.4574)->(20,17,22.1395)->(21,17,23.4574)->(22,17,5011.44)->
Agent 87:(25,29,2.2)->(25,28,3.81421)->(25,27,5.13205)->(25,26,5.81421)->(25,25,6.38205)->(25,24,6.9)->(25,23,7.4)->(25,22,7.9)->(25,21,8.4)->(25,20,8.9)->(25,19,9.4)->(25,18,9.9)->(25,17,10.4)->(25,16,10.9)->(25,15,11.4)->(25,14,11.9)->(25,13,12.4)->(25,12,12.9)->(25,11,13.4)->(25,10,13.9)->(25,9,14.4)->(25,8,14.9)->(25,7,15.4)->(25,6,15.9)->(25,5,16.4)->(25,4,16.9179)->(25,3,17.4858)->(25,2,18.1679)->(25,1,19.4858)->(25,0,21.7)->(24,0,23.9142)->(23,0,25.2321)->(22,0,25.9142)->(21,0,26.4821)->(20,0,27)->(19,0,27.5)->(18,0,28)->(17,0,28.5)->(16,0,29)->(15,0,29.5)->(14,0,30)->(13,0,30.5)->(12,0,31.0179)->(11,0,31.5858)->(10,0,32.2679)->(9,0,33.5858)->(8,0,36.2142)->(8,1,5018.3)->
Agent 88:(12,18,2.4142)->(12,19,4.8284)->(12,20,7.6284)->(11,20,9.87789)->(10,20,11.8779)->(9,20,5005.66)->
Agent 89:(23,3,2.96421)->(22,3,5.34264)->(21,3,6.66048)->(20,3,7.34264)->(19,3,7.91048)->(18,3,8.44638)->(17,3,9.01421)->(16,3,9.69638)->(15,3,11.0142)->(14,3,18.4784)->(14,4,5011.85)->
Agent 90:(9,15,1.71421)->(9,16,3.81421)->(10,16,6.44264)->(11,16,7.76048)->(12,16,8.44264)->(13,16,9.02843)->(14,16,9.61421)->(15,16,10.2964)->(16,16,11.6142)->(17,16,13.8284)->(17,15,16.0426)->(17,14,17.3605)->(17,13,18.0426)->(17,12,18.6284)->(17,11,19.2142)->(17,10,19.8964)->(17,9,21.2142)->(17,8,24.6284)->(18,8,28.0426)->(19,8,29.3605)->(20,8,30.0426)->(21,8,30.6105)->(22,8,31.1464)->(23,8,31.7142)->(24,8,32.3964)->(25,8,33.7142)->(26,8,36.3426)->(26,9,5018.36)->
Agent 91:(31,22,1.3)->(31,23,2.04949)->(31,24,4.04949)->(31,25,9.5137)->(30,25,14.9426)->(29,25,16.2605)->(28,25,16.9426)->(27,25,17.5105)->(26,25,18.0284)->(25,25,18.5284)->(24,25,19.0464)->(23,25,19.6142)->(22,25,20.2964)->(21,25,21.6142)->(20,25,5010.51)->
Agent 92:(30,26,2.2)->(30,25,3.81421)->(30,24,5.13205)->(30,23,5.82382)->(30,22,6.45949)->(30,21,7.15126)->(30,20,8.4691)->(30,19,11.7054)->(29,19,14.9416)->(28,19,16.2595)->(27,19,16.9416)->(26,19,17.5095)->(25,19,18.0274)->(24,19,18.5274)->(23,19,19.0274)->(22,19,19.5274)->(21,19,20.0274)->(20,19,20.5274)->(19,19,21.0274)->(18,19,21.5274)->(17,19,22.0274)->(16,19,22.5274)->(15,19,23.0274)->(14,19,23.5274)->(13,19,24.0274)->(12,19,24.5454)->(11,19,25.1132)->(10,19,25.7954)->(9,19,27.1132)->(8,19,5013.26)->
Agent 93:(19,5,5.55)->(18,5,10.5142)->(17,5,11.8321)->(16,5,12.5142)->(15,5,13.0821)->(14,5,13.6)->(13,5,14.1)->(12,5,14.6)->(11,5,15.1)->(10,5,15.6179)->(9,5,16.1858)->(8,5,16.8679)->(7,5,18.1858)->(6,5,21.5642)->(7,5,26.3142)->(6,5,29.3426)->(5,5,30.7569)->(4,5,32.1711)->(3,5,5015.79)->
Agent 94:(9,13,2.21421)->(10,13,4.85)->(10,14,8.1)->(10,15,5004.05)->
Agent 95:(6,18,1.3)->(6,19,2.01421)->(6,20,3.33205)->(6,21,4.01421)->(6,22,4.58205)->(6,23,5.11795)->(6,24,5.68579)->(6,25,6.36795)->(6,26,7.68579)->(6,27,12.2559)->(5,27,17.4117)->(4,27,5008.71)->
Agent 96:(18,2,3.55)->(18,3,6.51421)->(18,4,7.83205)->(18,5,8.51421)->(18,6,9.08205)->(18,7,9.6)->(18,8,10.1179)->(18,9,10.6858)->(18,10,11.3679)->(18,11,12.6858)->(18,12,14.9)->(19,12,17.1142)->(20,12,18.4321)->(21,12,19.1142)->(22,12,19.6821)->(23,12,20.2)->(24,12,20.7179)->(25,12,21.2858)->(26,12,21.9679)->(27,12,23.2858)->(28,12,5011.35)->
Agent 97:(23,24,3.58539)->(23,23,6.58499)->(23,22,7.90283)->(23,21,8.63488)->(23,20,9.36693)->(23,19,10.6848)->(23,18,13.3132)->(24,18,5006.85)->
Agent 98:(9,21,2.21421)->(10,21,4.81421)->(10,22,7.44264)->(10,23,8.76048)->(10,24,9.49253)->(10,25,10.2246)->(10,26,11.5424)->(10,27,13.7566)->(11,27,15.9708)->(12,27,17.2887)->(13,27,17.9805)->(14,27,18.6161)->(15,27,19.3079)->(16,27,20.6257)->(17,27,22.8399)->(17,28,25.6399)->(17,29,5012.82)->
Agent 99:(4,26,5.88194)->(5,26,11.1781)->(6,26,12.4959)->(7,26,13.1877)->(8,26,13.8234)->(9,26,14.5151)->(10,26,15.833)->(11,26,19.3878)->(11,25,5010.35)->
Agent 100:(4,10,1.8)->(5,10,3.01421)->(6,10,4.33205)->(7,10,5.01421)->(8,10,5.58205)->(9,10,6.1)->(10,10,6.6)->(11,10,7.1)->(12,10,7.61795)->(13,10,8.18579)->(14,10,8.86795)->(15,10,10.1858)->(16,10,12.4)->(16,9,14.6142)->(16,8,15.9481)->(16,7,16.7765)->(16,6,18.1103)->(16,5,20.3246)->(17,5,22.5388)->(18,5,23.8566)->(19,5,24.5388)->(20,5,25.1066)->(21,5,25.6246)->(22,5,26.1246)->(23,5,26.6246)->(24,5,27.1246)->(25,5,27.6246)->(26,5,28.1246)->(27,5,28.6425)->(28,5,29.2103)->(29,5,29.8925)->(30,5,31.2103)->(31,5,33.4246)->(31,4,35.674)->(31,3,37.674)->(31,2,5018.56)->
Agent 101:(31,7,1.3)->(31,8,2.01421)->(31,9,3.33205)->(31,10,4.01421)->(31,11,4.58205)->(31,12,5.1)->(31,13,5.6)->(31,14,6.1)->(31,15,6.6)->(31,16,7.1)->(31,17,7.6)->(31,18,8.1)->(31,19,8.61795)->(31,20,9.18579)->(31,21,9.86795)->(31,22,11.1858)->(31,23,16.4284)->(30,23,21.6711)->(29,23,22.9889)->(28,23,23.6711)->(27,23,24.2389)->(26,23,24.7569)->(25,23,25.2569)->(24,23,25.7569)->(23,23,26.2748)->(22,23,26.8426)->(21,23,27.5248)->(20,23,28.8426)->(19,23,5014.13)->
Agent 102:(24,27,2.33528)->(23,27,4.08477)->(22,27,5.4026)->(21,27,6.08477)->(20,27,6.6526)->(19,27,7.17055)->(18,27,7.67055)->(17,27,8.1885)->(16,27,8.75634)->(15,27,9.4385)->(14,27,10.7563)->(13,27,12.9706)->(13,26,15.1848)->(13,25,16.5026)->(13,24,17.1848)->(13,23,17.7526)->(13,22,18.2706)->(13,21,18.7706)->(13,20,19.2706)->(13,19,19.7706)->(13,18,20.2706)->(13,17,20.7706)->(13,16,21.2706)->(13,15,21.7706)->(13,14,22.2706)->(13,13,22.7706)->(13,12,23.2706)->(13,11,23.7706)->(13,10,24.2706)->(13,9,24.7706)->(13,8,25.2706)->(13,7,25.7706)->(13,6,26.2706)->(13,5,26.7885)->(13,4,27.3563)->(13,3,28.0385)->(13,2,29.3563)->(13,1,5014.39)->
Agent 103:(2,19,1.3)->(2,20,2.01421)->(2,21,3.33205)->(2,22,4.02382)->(2,23,4.65949)->(2,24,5.35126)->(2,25,6.6691)->(2,26,11.8917)->(2,25,17.1142)->(2,24,18.4321)->(2,23,19.1142)->(2,22,19.6821)->(2,21,20.2)->(2,20,20.7)->(2,19,21.2)->(2,18,21.7)->(2,17,22.2)->(2,16,22.7)->(2,15,23.2)->(2,14,23.7)->(2,13,24.2179)->(2,12,24.7858)->(2,11,25.4679)->(2,10,26.7858)->(2,9,29)->(3,9,31.2142)->(4,9,32.5321)->(5,9,33.2238)->(6,9,33.8595)->(7,9,34.5513)->(8,9,35.8691)->(9,9,5017.64)->
Agent 104:(21,25,1.3)->(21,26,2.04949)->(21,27,4.04949)->(21,28,7.0137)->(20,28,9.94264)->(19,28,11.2605)->(18,28,11.9426)->(17,28,12.5105)->(16,28,13.0284)->(15,28,13.5284)->(14,28,14.0284)->(13,28,14.5284)->(12,28,15.0284)->(11,28,15.5284)->(10,28,16.0284)->(9,28,16.5284)->(8,28,17.0284)->(7,28,17.5284)->(6,28,18.0284)->(5,28,18.5284)->(4,28,19.0464)->(3,28,19.6142)->(2,28,20.2964)->(1,28,21.6142)->(0,28,5010.51)->
Agent 105:(25,20,2.4142)->(24,20,4.24261)->(23,20,5.56045)->(22,20,6.2925)->(21,20,7.02455)->(20,20,8.34239)->(19,20,11.3925)->(19,19,14.4426)->(19,18,15.7605)->(19,17,16.4426)->(19,16,17.0105)->(19,15,17.5284)->(19,14,18.0284)->(19,13,18.5284)->(19,12,19.0284)->(19,11,19.5284)->(19,10,20.0284)->(19,9,20.5284)->(19,8,21.0284)->(19,7,21.5284)->(19,6,22.0464)->(19,5,22.6142)->(19,4,23.2964)->(19,3,24.6142)->(19,2,26.8284)->(18,2,29.0426)->(17,2,30.3605)->(16,2,31.0426)->(15,2,31.6105)->(14,2,32.1284)->(13,2,32.6284)->(12,2,33.1284)->(11,2,33.6284)->(10,2,34.1284)->(9,2,34.6284)->(8,2,35.1464)->(7,2,35.7142)->(6,2,36.3964)->(5,2,37.7142)->(4,2,40.3426)->(4,3,5020.36)->
Agent 106:(24,5,2.92843)->(24,6,5.27107)->(24,7,6.58891)->(24,8,7.27107)->(24,9,7.83891)->(24,10,8.35685)->(24,11,8.85685)->(24,12,9.35685)->(24,13,9.85685)->(24,14,10.3569)->(24,15,10.8569)->(24,16,11.3569)->(24,17,11.8569)->(24,18,12.3569)->(24,19,12.8569)->(24,20,13.3569)->(24,21,13.8569)->(24,22,14.3748)->(24,23,14.9426)->(24,24,15.6248)->(24,25,16.9426)->(24,26,19.1569)->(23,26,21.3711)->(22,26,22.6889)->(21,26,23.3711)->(20,26,23.9389)->(19,26,24.4569)->(18,26,24.9569)->(17,26,25.4569)->(16,26,25.9569)->(15,26,26.4569)->(14,26,26.9748)->(13,26,27.5426)->(12,26,28.2248)->(11,26,29.5426)->(10,26,31.7569)->(10,27,33.9711)->(10,28,35.3853)->(10,29,36.7995)->(10,30,5018.11)->
Agent 107:(24,20,1.3)->(24,21,2.6)->(24,22,8.16733)->(23,22,13.1489)->(22,22,14.4667)->(21,22,15.1489)->(20,22,15.7167)->(19,22,16.2347)->(18,22,16.7347)->(17,22,17.2347)->(16,22,17.7347)->(15,22,18.2526)->(14,22,18.8204)->(13,22,19.5026)->(12,22,20.8204)->(11,22,23.4489)->(11,21,5011.92)->
Agent 108:(21,4,1.3)->(21,5,2.01421)->(21,6,3.33205)->(21,7,4.01421)->(21,8,4.58205)->(21,9,5.1)->(21,10,5.6)->(21,11,6.1)->(21,12,6.6)->(21,13,7.1)->(21,14,7.6)->(21,15,8.1)->(21,16,8.6)->(21,17,9.1)->(21,18,9.6)->(21,19,10.1)->(21,20,10.6)->(21,21,11.1)->(21,22,11.6)->(21,23,12.1)->(21,24,12.6)->(21,25,13.1179)->(21,26,13.6858)->(21,27,14.3679)->(21,28,15.6858)->(21,29,17.9)->(20,29,20.1142)->(19,29,21.4321)->(18,29,22.1142)->(17,29,22.6821)->(16,29,23.2)->(15,29,23.7)->(14,29,24.2)->(13,29,24.7)->(12,29,25.2)->(11,29,25.7)->(10,29,26.2)->(9,29,26.7)->(8,29,27.2)->(7,29,27.7179)->(6,29,28.2858)->(5,29,28.9679)->(4,29,30.2858)->(3,29,5014.85)->
Agent 109:(21,8,1.8)->(20,8,3.6)->(19,8,6.81421)->(19,7,10.4142)->(20,7,13.6284)->(21,7,5006.81)->
