Agent 0:(16,6,2.2)->(16,5,3.81421)->(16,4,5.22843)->(16,3,6.64264)->(16,2,8.85685)->(15,2,11.0711)->(14,2,12.3889)->(13,2,13.121)->(12,2,13.853)->(11,2,15.1708)->(10,2,17.3851)->(10,1,20.1851)->(10,0,26.9425)->(10,1,5015.44)->
Agent 1:(22,16,3.13579)->(22,17,5.68579)->(22,18,7.00362)->(22,19,7.73567)->(22,20,8.46773)->(22,21,9.78556)->(22,22,11.9998)->(23,22,14.214)->(24,22,15.5478)->(25,22,16.3763)->(26,22,17.7101)->(27,22,19.9243)->(27,21,22.1385)->(27,20,23.4564)->(27,19,24.1385)->(27,18,24.7243)->(27,17,25.3101)->(27,16,25.9923)->(27,15,27.3101)->(27,14,29.9385)->(28,14,5015.16)->
Agent 2:(13,1,1.3)->(13,2,2.01421)->(13,3,3.42843)->(13,4,4.84264)->(13,5,8.52694)->(14,5,12.2112)->(15,5,13.5291)->(16,5,14.2112)->(17,5,14.797)->(18,5,15.3828)->(19,5,16.065)->(20,5,17.3828)->(21,5,5008.4)->
Agent 3:(28,7,1.3)->(28,8,2.01421)->(28,9,3.33205)->(28,10,4.01421)->(28,11,4.58205)->(28,12,5.1)->(28,13,5.6)->(28,14,6.1)->(28,15,6.6)->(28,16,7.1)->(28,17,7.6)->(28,18,8.1)->(28,19,8.6)->(28,20,9.11795)->(28,21,9.68579)->(28,22,10.3679)->(28,23,11.6858)->(28,24,14.3142)->(29,24,17.9142)->(29,23,20.5426)->(29,22,21.8605)->(29,21,22.5522)->(29,20,23.1879)->(29,19,23.8797)->(29,18,25.1975)->(29,17,27.826)->(30,17,5014.11)->
Agent 4:(7,3,1.4142)->(7,4,2.8284)->(7,5,5.62881)->(8,5,7.87871)->(9,5,9.87871)->(10,5,14.0814)->(10,6,18.2489)->(10,7,19.5667)->(10,8,20.2489)->(10,9,20.8167)->(10,10,21.3347)->(10,11,21.8526)->(10,12,22.4204)->(10,13,23.1026)->(10,14,24.4204)->(10,15,26.6347)->(11,15,28.8489)->(12,15,30.1827)->(13,15,31.0111)->(14,15,32.345)->(15,15,34.9734)->(15,16,38.9876)->(16,16,5019.89)->
Agent 5:(20,15,1.8)->(21,15,3.01421)->(22,15,4.33205)->(23,15,5.0641)->(24,15,5.79615)->(25,15,7.11399)->(26,15,10.1424)->(25,15,15.2819)->(25,14,19.0499)->(25,13,20.3677)->(25,12,21.0499)->(25,11,21.6177)->(25,10,22.1357)->(25,9,22.6357)->(25,8,23.1536)->(25,7,23.7215)->(25,6,24.4036)->(25,5,25.7215)->(25,4,28.3499)->(26,4,5014.37)->
Agent 6:(10,17,1.8)->(11,17,3.01421)->(12,17,4.33205)->(13,17,5.01421)->(14,17,5.6)->(15,17,6.18579)->(16,17,6.86795)->(17,17,8.18579)->(18,17,13.2142)->(18,16,19.2142)->(19,16,21.8779)->(20,16,23.8779)->(21,16,5011.66)->
Agent 7:(12,24,2.21421)->(11,24,5.80011)->(11,25,9.41444)->(11,26,10.7323)->(11,27,11.4643)->(11,28,12.1964)->(11,29,13.5142)->(11,30,15.7284)->(12,30,17.9426)->(13,30,19.2605)->(14,30,19.9426)->(15,30,20.5105)->(16,30,21.0284)->(17,30,21.5284)->(18,30,22.0284)->(19,30,22.5284)->(20,30,23.0284)->(21,30,23.5284)->(22,30,24.0284)->(23,30,24.5284)->(24,30,25.0464)->(25,30,25.6142)->(26,30,26.2964)->(27,30,27.6142)->(28,30,30.2426)->(28,31,5015.31)->
Agent 8:(31,23,3.96433)->(30,23,7.34286)->(29,23,8.6607)->(28,23,9.39275)->(27,23,10.1248)->(26,23,11.4426)->(25,23,16.7868)->(25,24,22.1309)->(25,25,23.4487)->(25,26,24.1405)->(25,27,24.7762)->(25,28,25.4679)->(25,29,26.7858)->(25,30,5013.1)->
Agent 9:(23,3,1.3)->(23,4,2.01421)->(23,5,3.33205)->(23,6,4.01421)->(23,7,4.58205)->(23,8,5.1)->(23,9,5.61795)->(23,10,6.18579)->(23,11,6.86795)->(23,12,8.18579)->(23,13,10.4)->(22,13,12.6142)->(21,13,13.9321)->(20,13,14.6641)->(19,13,15.3962)->(18,13,16.714)->(17,13,21.1719)->(17,14,25.6299)->(17,15,26.9477)->(17,16,27.6395)->(17,17,28.2752)->(17,18,28.9669)->(17,19,30.2848)->(17,20,32.499)->(16,20,35.299)->(15,20,5017.65)->
Agent 10:(17,2,1.3)->(17,3,2.01421)->(17,4,3.42843)->(17,5,4.84264)->(17,6,15.5926)->(16,6,26.3426)->(15,6,27.6605)->(14,6,28.3426)->(13,6,28.9105)->(12,6,29.4464)->(11,6,30.0142)->(10,6,30.6964)->(9,6,32.0142)->(8,6,5015.71)->
Agent 11:(29,20,2.2)->(29,19,3.81421)->(29,18,5.22843)->(29,17,6.64264)->(29,16,18.41)->(30,16,30.7631)->(31,16,5015.38)->
Agent 12:(14,18,2.21421)->(15,18,9.96421)->(15,19,17.7426)->(15,20,19.0605)->(15,21,19.7426)->(15,22,20.3105)->(15,23,20.8464)->(15,24,21.4142)->(15,25,22.0964)->(15,26,23.4142)->(15,27,27.5142)->(14,27,32.2)->(13,27,5016.1)->
Agent 13:(10,19,2.21421)->(9,19,7.06228)->(9,18,11.9388)->(9,17,13.2566)->(9,16,13.9388)->(9,15,14.5246)->(9,14,15.1103)->(9,13,15.7925)->(9,12,17.1103)->(9,11,20.508)->(8,11,5010.83)->
Agent 14:(23,16,1.3)->(23,17,2.01421)->(23,18,3.33205)->(23,19,4.01421)->(23,20,4.6)->(23,21,5.18579)->(23,22,5.86795)->(23,23,7.18579)->(23,24,9.63579)->(22,24,12.0858)->(21,24,13.4036)->(20,24,14.0858)->(19,24,14.6536)->(18,24,15.1716)->(17,24,15.6716)->(16,24,16.1895)->(15,24,16.7574)->(14,24,17.4395)->(13,24,18.7574)->(12,24,21.9372)->(12,23,25.1171)->(12,22,26.4509)->(12,21,27.2793)->(12,20,28.6132)->(12,19,33.2906)->(11,19,38.0034)->(10,19,40.0034)->(9,19,5019.73)->
Agent 15:(5,3,2.2)->(5,2,4.4)->(5,1,7.2)->(6,1,9.41421)->(7,1,10.7321)->(8,1,11.4142)->(9,1,11.9821)->(10,1,12.5)->(11,1,13)->(12,1,13.5)->(13,1,14)->(14,1,14.5)->(15,1,15)->(16,1,15.5)->(17,1,16)->(18,1,16.5179)->(19,1,17.0858)->(20,1,17.7679)->(21,1,19.0858)->(22,1,22.25)->(22,2,26)->(22,3,5013)->
Agent 16:(7,23,1.3)->(7,24,2.6)->(7,25,11.3815)->(8,25,19.5773)->(9,25,20.8951)->(10,25,21.5773)->(11,25,22.1451)->(12,25,22.6631)->(13,25,23.1631)->(14,25,23.681)->(15,25,24.2489)->(16,25,24.931)->(17,25,26.2489)->(18,25,28.4631)->(18,26,30.7126)->(18,27,32.7126)->(18,28,5016.08)->
Agent 17:(22,29,2.61421)->(22,28,15.5321)->(21,28,28.0783)->(20,28,29.3962)->(19,28,30.0783)->(18,28,30.6462)->(17,28,31.1641)->(16,28,31.6821)->(15,28,32.2499)->(14,28,32.9321)->(13,28,34.2499)->(12,28,5016.83)->
Agent 18:(27,7,1.3)->(27,8,2.04949)->(27,9,4.04949)->(27,10,6.34587)->(26,10,8.60697)->(25,10,9.9248)->(24,10,10.607)->(23,10,11.1748)->(22,10,11.6928)->(21,10,12.2107)->(20,10,12.7785)->(19,10,13.4607)->(18,10,14.7785)->(17,10,20.3704)->(17,11,25.9622)->(17,12,27.296)->(17,13,28.1245)->(17,14,29.4583)->(17,15,32.0867)->(18,15,5016.24)->
Agent 19:(15,27,1.71421)->(15,28,4.26228)->(15,27,7.33877)->(15,26,8.65661)->(15,25,9.33877)->(15,24,9.92456)->(15,23,10.5103)->(15,22,11.1925)->(15,21,12.5103)->(15,20,14.7618)->(14,20,17.0485)->(13,20,19.0485)->(12,20,21.298)->(12,19,23.5122)->(12,18,24.83)->(12,17,25.5122)->(12,16,26.08)->(12,15,26.598)->(12,14,27.098)->(12,13,27.598)->(12,12,28.098)->(12,11,28.6159)->(12,10,29.1837)->(12,9,29.8659)->(12,8,31.1837)->(12,7,33.8122)->(11,7,5017.1)->
Agent 20:(12,0,3.98205)->(12,1,7.37832)->(12,2,8.69615)->(12,3,9.37832)->(12,4,9.94615)->(12,5,10.4641)->(12,6,10.9641)->(12,7,11.4641)->(12,8,11.9641)->(12,9,12.4641)->(12,10,12.9821)->(12,11,13.5499)->(12,12,14.2321)->(12,13,15.5499)->(12,14,18.1783)->(11,14,21.7783)->(11,15,24.9925)->(11,16,5012.5)->
Agent 21:(16,14,1.71421)->(16,15,4.22843)->(15,15,9.1041)->(15,14,12.594)->(15,13,13.9118)->(15,12,14.6036)->(15,11,15.2393)->(15,10,15.931)->(15,9,17.2489)->(15,8,19.8315)->(14,8,22.4142)->(13,8,23.8284)->(12,8,25.2426)->(11,8,27.4569)->(11,9,30.2569)->(11,10,5015.13)->
Agent 22:(22,6,3.71421)->(23,6,10.1879)->(22,6,15.7758)->(21,6,19.9219)->(21,7,23.4821)->(21,8,24.8)->(21,9,25.532)->(21,10,26.2641)->(21,11,27.5819)->(21,12,5013.5)->
Agent 23:(31,31,1.8)->(30,31,3.01421)->(29,31,4.33205)->(28,31,5.01421)->(27,31,5.58205)->(26,31,6.1)->(25,31,6.6)->(24,31,7.1)->(23,31,7.6)->(22,31,8.1)->(21,31,8.61795)->(20,31,9.18579)->(19,31,9.86795)->(18,31,11.1858)->(17,31,13.4)->(17,30,15.6142)->(17,29,16.9321)->(17,28,17.6238)->(17,27,18.2595)->(17,26,18.9513)->(17,25,20.2691)->(17,24,25.0874)->(17,25,5013.83)->
Agent 24:(13,18,1.71421)->(13,19,3.81421)->(12,19,6.47792)->(11,19,8.47792)->(10,19,10.7274)->(10,18,12.9769)->(10,17,14.9769)->(10,16,17.3769)->(11,16,19.7416)->(12,16,21.0595)->(13,16,21.7416)->(14,16,22.3095)->(15,16,22.8274)->(16,16,23.3454)->(17,16,23.9132)->(18,16,24.5954)->(19,16,25.9132)->(20,16,28.1274)->(20,15,30.3416)->(20,14,31.6595)->(20,13,32.3416)->(20,12,32.9095)->(20,11,33.4274)->(20,10,33.9274)->(20,9,34.4274)->(20,8,34.9274)->(20,7,35.4274)->(20,6,35.9454)->(20,5,36.5132)->(20,4,37.1954)->(20,3,38.5132)->(20,2,41.1416)->(19,2,44.7416)->(19,1,47.9558)->(19,0,51.17)->(20,0,5025.78)->
Agent 25:(27,29,1.8)->(26,29,3.01421)->(25,29,4.33205)->(24,29,5.01421)->(23,29,5.58205)->(22,29,6.1)->(21,29,6.6)->(20,29,7.1)->(19,29,7.6)->(18,29,8.1)->(17,29,8.6)->(16,29,9.1)->(15,29,9.6)->(14,29,10.1)->(13,29,10.6)->(12,29,11.1)->(11,29,11.6)->(10,29,12.1179)->(9,29,12.6858)->(8,29,13.3679)->(7,29,14.6858)->(6,29,17.1495)->(6,28,19.6132)->(6,27,20.931)->(6,26,21.6132)->(6,25,22.181)->(6,24,22.699)->(6,23,23.199)->(6,22,23.699)->(6,21,24.199)->(6,20,24.699)->(6,19,25.199)->(6,18,25.699)->(6,17,26.199)->(6,16,26.699)->(6,15,27.199)->(6,14,27.699)->(6,13,28.199)->(6,12,28.699)->(6,11,29.199)->(6,10,29.699)->(6,9,30.199)->(6,8,30.699)->(6,7,31.199)->(6,6,31.699)->(6,5,32.2169)->(6,4,32.7848)->(6,3,33.4669)->(6,2,34.7848)->(6,1,37.4132)->(5,1,41.4274)->(5,2,5021.11)->
Agent 26:(9,3,1.8)->(8,3,3.01421)->(7,3,4.33205)->(6,3,5.0641)->(5,3,5.79615)->(4,3,7.11399)->(3,3,9.3282)->(3,4,11.5424)->(3,5,12.8603)->(3,6,13.5424)->(3,7,14.1103)->(3,8,14.6282)->(3,9,15.1282)->(3,10,15.6282)->(3,11,16.1462)->(3,12,16.714)->(3,13,17.3962)->(3,14,18.714)->(3,15,21.3424)->(4,15,26.1283)->(3,15,5013.85)->
Agent 27:(8,13,1.3)->(8,14,2.01421)->(8,15,3.42843)->(8,16,4.84264)->(8,17,8.62843)->(8,16,12.4142)->(8,15,13.7321)->(8,14,14.4142)->(8,13,14.9821)->(8,12,15.5)->(8,11,16)->(8,10,16.5)->(8,9,17.0179)->(8,8,17.5858)->(8,7,18.2679)->(8,6,19.5858)->(8,5,21.8)->(9,5,24.0142)->(10,5,25.3321)->(11,5,26.0238)->(12,5,26.6595)->(13,5,27.3513)->(14,5,28.6691)->(15,5,30.8833)->(15,4,33.0975)->(15,3,34.5117)->(15,2,35.926)->(15,1,38.5544)->(16,1,5019.47)->
Agent 28:(2,21,2.2)->(2,20,3.81421)->(2,19,5.13205)->(2,18,5.81421)->(2,17,6.38205)->(2,16,6.9)->(2,15,7.4)->(2,14,7.9)->(2,13,8.4)->(2,12,8.9)->(2,11,9.4)->(2,10,9.9)->(2,9,10.4179)->(2,8,10.9858)->(2,7,11.6679)->(2,6,12.9858)->(2,5,27.9083)->(3,5,42.8662)->(4,5,44.8662)->(5,5,5022.16)->
Agent 29:(18,22,1.71421)->(18,23,5.43385)->(17,23,9.68191)->(16,23,10.9998)->(15,23,11.6819)->(14,23,12.2498)->(13,23,12.7677)->(12,23,13.2677)->(11,23,13.7857)->(10,23,14.3535)->(9,23,15.0357)->(8,23,16.3535)->(7,23,18.5677)->(7,22,20.7819)->(7,21,22.0998)->(7,20,22.7819)->(7,19,23.3498)->(7,18,23.8677)->(7,17,24.3677)->(7,16,24.8677)->(7,15,25.3677)->(7,14,25.8677)->(7,13,26.3677)->(7,12,26.8677)->(7,11,27.3677)->(7,10,27.8677)->(7,9,28.3677)->(7,8,28.8857)->(7,7,29.4535)->(7,6,30.1357)->(7,5,31.4535)->(7,4,33.6677)->(6,4,35.8819)->(5,4,37.2961)->(4,4,38.7103)->(3,4,40.9246)->(3,3,43.174)->(3,2,45.174)->(3,1,47.8377)->(2,1,5024.11)->
Agent 30:(10,13,1.3)->(10,14,2.01421)->(10,15,3.33205)->(10,16,4.01421)->(10,17,4.58205)->(10,18,5.1)->(10,19,5.6)->(10,20,6.1)->(10,21,6.61795)->(10,22,7.18579)->(10,23,7.86795)->(10,24,9.18579)->(10,25,11.4)->(11,25,13.6142)->(12,25,14.9321)->(13,25,15.6142)->(14,25,16.1821)->(15,25,16.7)->(16,25,17.2)->(17,25,17.7)->(18,25,18.2)->(19,25,18.7)->(20,25,19.2)->(21,25,19.7)->(22,25,20.2)->(23,25,20.7)->(24,25,21.2)->(25,25,21.7)->(26,25,22.2179)->(27,25,22.7858)->(28,25,23.4679)->(29,25,24.7858)->(30,25,27.4142)->(30,26,5013.9)->
Agent 31:(30,4,1.8)->(29,4,3.01421)->(28,4,4.33205)->(27,4,5.01421)->(26,4,5.58205)->(25,4,6.11795)->(24,4,6.68579)->(23,4,7.36795)->(22,4,8.68579)->(21,4,11.2059)->(21,5,13.726)->(21,6,15.0438)->(21,7,15.726)->(21,8,16.2938)->(21,9,16.8117)->(21,10,17.3117)->(21,11,17.8117)->(21,12,18.3117)->(21,13,18.8297)->(21,14,19.3975)->(21,15,20.0797)->(21,16,21.3975)->(21,17,24.1091)->(20,17,26.8207)->(19,17,28.1385)->(18,17,28.8207)->(17,17,29.3885)->(16,17,29.9065)->(15,17,30.4065)->(14,17,30.9065)->(13,17,31.4065)->(12,17,31.9065)->(11,17,32.4244)->(10,17,32.9922)->(9,17,33.6744)->(8,17,34.9922)->(7,17,37.2065)->(7,18,39.4207)->(7,19,40.8349)->(7,20,42.2491)->(7,21,5020.83)->
Agent 32:(14,11,2.2)->(14,10,3.81421)->(14,9,5.13205)->(14,8,5.82382)->(14,7,6.45949)->(14,6,7.15126)->(14,5,8.4691)->(14,4,11.0975)->(13,4,23.4559)->(13,3,35.4284)->(13,2,5017.71)->
Agent 33:(8,4,1.3)->(8,5,2.01421)->(8,6,3.34806)->(8,7,4.17649)->(8,8,5.51034)->(8,9,7.72456)->(7,9,9.93877)->(6,9,11.2566)->(5,9,11.9388)->(4,9,12.5246)->(3,9,13.1103)->(2,9,13.7925)->(1,9,15.1103)->(0,9,17.7388)->(0,10,5009.06)->
Agent 34:(19,12,1.8)->(18,12,3.01421)->(17,12,4.34806)->(16,12,5.17649)->(15,12,6.51034)->(14,12,8.72456)->(14,11,10.9388)->(14,10,12.2566)->(14,9,12.9388)->(14,8,13.5066)->(14,7,14.0425)->(14,6,14.6103)->(14,5,15.2925)->(14,4,16.6103)->(14,3,19.2388)->(13,3,25.9981)->(13,2,31.8211)->(13,1,33.8211)->(13,0,5016.64)->
Agent 35:(6,11,1.3)->(6,12,2.01421)->(6,13,3.33205)->(6,14,4.0641)->(6,15,4.79615)->(6,16,6.11399)->(6,17,8.3282)->(5,17,10.5424)->(4,17,11.9566)->(3,17,13.3708)->(2,17,15.9851)->(3,17,19.1851)->(4,17,24.8567)->(4,16,29.9426)->(4,15,31.2605)->(4,14,31.9925)->(4,13,32.7246)->(4,12,34.0424)->(4,11,5016.73)->
Agent 36:(20,6,1.55)->(20,7,2.51421)->(20,8,3.83205)->(20,9,4.51421)->(20,10,5.08205)->(20,11,5.6)->(20,12,6.1)->(20,13,6.6)->(20,14,7.11795)->(20,15,7.68579)->(20,16,8.36795)->(20,17,9.68579)->(20,18,11.9)->(21,18,14.1142)->(22,18,15.4321)->(23,18,16.1142)->(24,18,16.6821)->(25,18,17.2)->(26,18,17.7179)->(27,18,18.2858)->(28,18,18.9679)->(29,18,20.2858)->(30,18,5009.85)->
Agent 37:(14,8,2.21421)->(15,8,9.13154)->(14,8,16.0773)->(13,8,17.3951)->(12,8,18.0773)->(11,8,18.6451)->(10,8,19.1631)->(9,8,19.681)->(8,8,20.2489)->(7,8,20.931)->(6,8,22.2489)->(5,8,24.4631)->(5,9,26.6773)->(5,10,27.9951)->(5,11,28.6773)->(5,12,29.2451)->(5,13,29.7631)->(5,14,30.2631)->(5,15,30.7631)->(5,16,31.2631)->(5,17,31.781)->(5,18,32.3489)->(5,19,33.031)->(5,20,34.3489)->(5,21,5016.88)->
Agent 38:(22,1,1.8)->(21,1,3.04949)->(20,1,5.04949)->(19,1,7.34587)->(19,2,9.60697)->(19,3,10.9248)->(19,4,11.607)->(19,5,12.1748)->(19,6,12.6928)->(19,7,13.1928)->(19,8,13.6928)->(19,9,14.2107)->(19,10,14.7785)->(19,11,15.4607)->(19,12,16.7785)->(19,13,19.1844)->(20,13,21.6256)->(21,13,23.6256)->(22,13,26.1191)->(22,14,28.5773)->(22,15,29.8951)->(22,16,30.5773)->(22,17,31.1451)->(22,18,31.681)->(22,19,32.2489)->(22,20,32.931)->(22,21,34.2489)->(22,22,36.8773)->(21,22,40.4773)->(21,23,43.1057)->(21,24,44.4236)->(21,25,45.1057)->(21,26,45.6736)->(21,27,46.2095)->(21,28,46.7773)->(21,29,47.4595)->(21,30,48.7773)->(21,31,5024.1)->
Agent 39:(2,28,1.8)->(3,28,3.01421)->(4,28,4.33205)->(5,28,5.0641)->(6,28,5.79615)->(7,28,7.11399)->(8,28,9.74242)->(8,27,23.1787)->(8,28,35.6787)->(8,29,37.6787)->(8,30,5018.56)->
Agent 40:(13,25,1.8)->(12,25,3.01421)->(11,25,4.42843)->(10,25,5.84264)->(9,25,8.05685)->(9,26,10.8569)->(9,27,14.0711)->(10,27,5007.23)->
Agent 41:(4,19,1.8)->(5,19,3.04949)->(6,19,5.04949)->(7,19,7.33528)->(7,18,9.58579)->(7,17,11)->(7,16,12.4142)->(7,15,14.6284)->(8,15,16.8426)->(9,15,18.1605)->(10,15,18.8426)->(11,15,19.4105)->(12,15,19.9284)->(13,15,20.4284)->(14,15,20.9284)->(15,15,21.4464)->(16,15,22.0142)->(17,15,22.6964)->(18,15,24.0142)->(19,15,5011.71)->
Agent 42:(24,24,1.8)->(25,24,3.6)->(26,24,6.4)->(26,23,8.61421)->(26,22,9.93205)->(26,21,10.6238)->(26,20,11.2595)->(26,19,11.9513)->(26,18,13.2691)->(26,17,22.7617)->(25,17,32.2544)->(24,17,33.5722)->(23,17,34.2544)->(22,17,34.8222)->(21,17,35.3402)->(20,17,35.8402)->(19,17,36.3402)->(18,17,36.8402)->(17,17,37.3402)->(16,17,37.8402)->(15,17,38.3402)->(14,17,38.8402)->(13,17,39.3402)->(12,17,39.8402)->(11,17,40.3581)->(10,17,40.926)->(9,17,41.6081)->(8,17,42.926)->(7,17,45.1402)->(7,16,47.3544)->(7,15,48.6722)->(7,14,49.3544)->(7,13,49.9222)->(7,12,50.4402)->(7,11,50.9402)->(7,10,51.4402)->(7,9,51.9402)->(7,8,52.4402)->(7,7,52.9402)->(7,6,53.4581)->(7,5,54.026)->(7,4,54.7081)->(7,3,56.026)->(7,2,5027.72)->
Agent 43:(9,6,1.8)->(10,6,3.01421)->(11,6,4.42843)->(12,6,5.84264)->(13,6,9.09213)->(13,7,18.3495)->(14,7,26.6)->(15,7,5013.3)->
Agent 44:(2,11,1.71421)->(2,12,4.3637)->(3,12,8.91319)->(2,12,12.5274)->(1,12,16.8637)->(1,13,20.6142)->(1,14,21.9321)->(1,15,22.6142)->(1,16,23.1821)->(1,17,23.7)->(1,18,24.2)->(1,19,24.7)->(1,20,25.2)->(1,21,25.7179)->(1,22,26.2858)->(1,23,26.9679)->(1,24,28.2858)->(1,25,30.5)->(2,25,32.7142)->(3,25,34.0321)->(4,25,34.7142)->(5,25,35.2821)->(6,25,35.8)->(7,25,36.3)->(8,25,36.8179)->(9,25,37.3858)->(10,25,38.0679)->(11,25,39.3858)->(12,25,42.0142)->(12,26,5021.2)->
Agent 45:(1,9,1.8)->(2,9,3.04949)->(3,9,5.04949)->(4,9,7.29898)->(4,8,10.099)->(4,7,13.8014)->(5,7,16.9181)->(6,7,18.2519)->(7,7,19.0804)->(8,7,20.4142)->(9,7,22.6284)->(9,8,24.8426)->(9,9,26.1605)->(9,10,26.8426)->(9,11,27.4105)->(9,12,27.9284)->(9,13,28.4284)->(9,14,28.9284)->(9,15,29.4284)->(9,16,29.9284)->(9,17,30.4284)->(9,18,30.9284)->(9,19,31.4464)->(9,20,32.0142)->(9,21,32.6964)->(9,22,34.0142)->(9,23,5016.71)->
Agent 46:(13,12,1.71421)->(13,13,3.81421)->(14,13,6.44264)->(15,13,7.85685)->(16,13,9.27107)->(17,13,11.8995)->(17,14,16.5691)->(16,14,22.2943)->(16,15,5011.87)->
Agent 47:(7,5,1.3)->(7,6,2.01421)->(7,7,3.33205)->(7,8,4.01421)->(7,9,4.6)->(7,10,5.18579)->(7,11,5.86795)->(7,12,7.18579)->(7,13,9.4)->(6,13,11.6142)->(5,13,12.9321)->(4,13,13.6238)->(3,13,14.2595)->(2,13,14.9513)->(1,13,16.2691)->(0,13,18.8975)->(0,14,5009.64)->
Agent 48:(25,22,2.21421)->(24,22,5.35)->(24,21,8.51421)->(24,20,9.83205)->(24,19,10.5142)->(24,18,11.0821)->(24,17,11.6)->(24,16,12.1)->(24,15,12.6)->(24,14,13.1)->(24,13,13.6)->(24,12,14.1)->(24,11,14.6)->(24,10,15.1)->(24,9,15.6)->(24,8,16.1)->(24,7,16.6)->(24,6,17.1)->(24,5,17.6179)->(24,4,18.1858)->(24,3,18.8679)->(24,2,20.1858)->(24,1,25.5142)->(24,2,31.4284)->(24,3,5015.71)->
Agent 49:(10,30,3.18216)->(11,30,5.77854)->(12,30,7.09638)->(13,30,7.77854)->(14,30,8.36433)->(15,30,8.95011)->(16,30,9.63227)->(17,30,10.9501)->(18,30,14.8482)->(18,29,18.7462)->(18,28,20.0641)->(18,27,20.7462)->(18,26,21.3141)->(18,25,21.85)->(18,24,22.4178)->(18,23,23.1)->(18,22,24.4178)->(18,21,5011.92)->
Agent 50:(21,19,3.13579)->(22,19,5.68579)->(23,19,7.1)->(24,19,8.51421)->(25,19,12.8784)->(24,19,5007.5)->
Agent 51:(23,27,2.66421)->(22,27,4.74264)->(21,27,6.06048)->(20,27,6.74264)->(19,27,7.31048)->(18,27,7.82843)->(17,27,8.34638)->(16,27,8.91421)->(15,27,9.59638)->(14,27,10.9142)->(13,27,15.7637)->(13,26,20.6132)->(13,25,21.931)->(13,24,22.6132)->(13,23,23.181)->(13,22,23.699)->(13,21,24.199)->(13,20,24.699)->(13,19,25.199)->(13,18,25.699)->(13,17,26.199)->(13,16,26.699)->(13,15,27.199)->(13,14,27.699)->(13,13,28.199)->(13,12,28.699)->(13,11,29.199)->(13,10,29.7169)->(13,9,30.2848)->(13,8,30.9669)->(13,7,32.2848)->(13,6,34.499)->(12,6,37.299)->(11,6,5018.65)->
Agent 52:(6,9,1.4142)->(6,10,2.8284)->(6,11,5.6284)->(5,11,7.84261)->(4,11,9.17646)->(3,11,10.0049)->(2,11,11.3387)->(1,11,13.6388)->(1,10,15.974)->(1,9,17.974)->(1,8,25.3118)->(2,8,32.6142)->(3,8,33.9321)->(4,8,34.6142)->(5,8,35.1821)->(6,8,35.7)->(7,8,36.2)->(8,8,36.7)->(9,8,37.2)->(10,8,37.7)->(11,8,38.2)->(12,8,38.7)->(13,8,39.2)->(14,8,39.7)->(15,8,40.2)->(16,8,40.7)->(17,8,41.2)->(18,8,41.7)->(19,8,42.2179)->(20,8,42.7858)->(21,8,43.4679)->(22,8,44.7858)->(23,8,47)->(23,7,49.2142)->(23,6,50.5321)->(23,5,51.2142)->(23,4,51.8)->(23,3,52.3858)->(23,2,53.0679)->(23,1,54.3858)->(23,0,57.0142)->(24,0,5028.7)->
Agent 53:(8,12,1.8)->(7,12,3.6)->(6,12,6.4)->(6,13,8.61421)->(6,14,9.93205)->(6,15,10.6641)->(6,16,11.3962)->(6,17,12.714)->(6,18,14.9282)->(7,18,17.1424)->(8,18,18.4603)->(9,18,19.1424)->(10,18,19.7103)->(11,18,20.2282)->(12,18,20.7282)->(13,18,21.2282)->(14,18,21.7282)->(15,18,22.2282)->(16,18,22.7282)->(17,18,23.2282)->(18,18,23.7282)->(19,18,24.2282)->(20,18,24.7282)->(21,18,25.2282)->(22,18,25.7462)->(23,18,26.314)->(24,18,26.9962)->(25,18,28.314)->(26,18,30.9424)->(26,19,5015.66)->
Agent 54:(19,19,1.8)->(18,19,3.6)->(17,19,6.6)->(17,18,9.6)->(17,17,14.0623)->(16,17,17.974)->(15,17,19.974)->(14,17,22.2235)->(14,16,24.4377)->(14,15,25.7556)->(14,14,26.4377)->(14,13,27.0056)->(14,12,27.5235)->(14,11,28.0235)->(14,10,28.5235)->(14,9,29.0415)->(14,8,29.6093)->(14,7,30.2915)->(14,6,31.6093)->(14,5,33.8235)->(13,5,36.0377)->(12,5,37.452)->(11,5,38.8662)->(10,5,41.4946)->(10,6,5020.94)->
Agent 55:(26,7,2.4142)->(27,7,4.8284)->(28,7,9.5142)->(28,8,13.6142)->(28,9,14.9321)->(28,10,15.6142)->(28,11,16.1821)->(28,12,16.7)->(28,13,17.2)->(28,14,17.7179)->(28,15,18.2858)->(28,16,18.9679)->(28,17,20.2858)->(28,18,23.8943)->(27,18,5012.63)->
Agent 56:(17,21,1.3)->(17,22,2.01421)->(17,23,3.34806)->(17,24,4.17649)->(17,25,5.51034)->(17,26,9.63877)->(16,26,5005.76)->
Agent 57:(4,16,3.7)->(3,16,7.4)->(2,16,11.0858)->(3,16,14.7716)->(4,16,17.5716)->(4,15,19.7858)->(4,14,21.1036)->(4,13,21.7858)->(4,12,22.3536)->(4,11,22.8716)->(4,10,23.3716)->(4,9,23.8716)->(4,8,24.3895)->(4,7,24.9574)->(4,6,25.6395)->(4,5,26.9574)->(4,4,29.5858)->(3,4,33.1858)->(3,3,35.8142)->(3,2,37.2284)->(3,1,38.6426)->(3,0,45.9686)->(3,1,5025.53)->
Agent 58:(22,13,1.8)->(23,13,3.01421)->(24,13,4.34806)->(25,13,5.17649)->(26,13,6.51034)->(27,13,8.72456)->(27,12,10.9388)->(27,11,12.2566)->(27,10,12.9484)->(27,9,13.584)->(27,8,14.2758)->(27,7,15.5937)->(27,6,21.9662)->(26,6,28.3388)->(25,6,29.6566)->(24,6,30.3388)->(23,6,30.9066)->(22,6,31.4425)->(21,6,32.0103)->(20,6,32.6925)->(19,6,34.0103)->(18,6,5016.71)->
Agent 59:(18,26,3.55)->(18,25,7.1)->(18,24,10.0443)->(17,24,12.4029)->(16,24,13.7207)->(15,24,14.4029)->(14,24,14.9707)->(13,24,15.4887)->(12,24,15.9887)->(11,24,16.4887)->(10,24,16.9887)->(9,24,17.4887)->(8,24,18.0066)->(7,24,18.5744)->(6,24,19.2566)->(5,24,20.5744)->(4,24,24.1118)->(4,23,27.6491)->(4,22,28.9669)->(4,21,29.6491)->(4,20,30.2169)->(4,19,30.7349)->(4,18,31.2349)->(4,17,31.7528)->(4,16,32.3207)->(4,15,33.0028)->(4,14,34.3207)->(4,13,36.5349)->(3,13,39.3349)->(2,13,5019.67)->
Agent 60:(14,31,3.5)->(14,30,6.41421)->(14,29,7.73205)->(14,28,8.41421)->(14,27,8.98205)->(14,26,9.5)->(14,25,10)->(14,24,10.5)->(14,23,11)->(14,22,11.5)->(14,21,12)->(14,20,12.5)->(14,19,13)->(14,18,13.5)->(14,17,14)->(14,16,14.5)->(14,15,15)->(14,14,15.5)->(14,13,16)->(14,12,16.5)->(14,11,17.0179)->(14,10,17.5858)->(14,9,18.2679)->(14,8,19.5858)->(14,7,21.8)->(15,7,24.0142)->(16,7,25.3321)->(17,7,26.0142)->(18,7,26.5821)->(19,7,27.1)->(20,7,27.6)->(21,7,28.1179)->(22,7,28.6858)->(23,7,29.3679)->(24,7,30.6858)->(25,7,5015.05)->
Agent 61:(9,15,3.62843)->(9,14,6.67107)->(9,13,8.08528)->(9,12,9.49949)->(9,11,12.7191)->(10,11,15.9388)->(11,11,17.2566)->(12,11,17.9388)->(13,11,18.5066)->(14,11,19.0246)->(15,11,19.5246)->(16,11,20.0246)->(17,11,20.5246)->(18,11,21.0246)->(19,11,21.5425)->(20,11,22.1103)->(21,11,22.7925)->(22,11,24.1103)->(23,11,26.7388)->(23,12,5013.56)->
Agent 62:(29,28,2.2)->(29,27,3.81421)->(29,26,5.13205)->(29,25,5.81421)->(29,24,6.4)->(29,23,6.98579)->(29,22,7.66795)->(29,21,8.98579)->(29,20,11.2)->(28,20,13.4142)->(27,20,14.7321)->(26,20,15.4142)->(25,20,15.9821)->(24,20,16.5)->(23,20,17)->(22,20,17.5)->(21,20,18)->(20,20,18.5)->(19,20,19.0179)->(18,20,19.5858)->(17,20,20.2679)->(16,20,21.5858)->(15,20,24.2142)->(15,19,29.2279)->(14,19,5015.51)->
Agent 63:(22,4,2.2)->(22,3,3.81421)->(22,2,5.22843)->(22,1,6.64264)->(22,0,8.85685)->(21,0,11.0711)->(20,0,12.3889)->(19,0,13.0711)->(18,0,13.6389)->(17,0,14.1569)->(16,0,14.6569)->(15,0,15.1569)->(14,0,15.6569)->(13,0,16.1748)->(12,0,16.7426)->(11,0,17.4248)->(10,0,18.7426)->(9,0,22.2817)->(9,1,25.8207)->(9,2,27.1385)->(9,3,27.8207)->(9,4,28.3885)->(9,5,28.9065)->(9,6,29.4065)->(9,7,29.9065)->(9,8,30.4065)->(9,9,30.9065)->(9,10,31.4065)->(9,11,31.9065)->(9,12,32.4065)->(9,13,32.9065)->(9,14,33.4065)->(9,15,33.9065)->(9,16,34.4065)->(9,17,34.9065)->(9,18,35.4244)->(9,19,35.9922)->(9,20,36.6744)->(9,21,37.9922)->(9,22,40.2065)->(8,22,42.4207)->(7,22,43.7385)->(6,22,44.4706)->(5,22,45.2026)->(4,22,46.5204)->(3,22,48.7347)->(3,23,50.9489)->(3,24,52.2667)->(3,25,52.9489)->(3,26,53.5347)->(3,27,54.1204)->(3,28,54.8026)->(3,29,56.1204)->(3,30,58.7489)->(2,30,5029.57)->
Agent 64:(20,4,5.92832)->(20,5,11.2708)->(20,6,12.5887)->(20,7,13.2708)->(20,8,13.8387)->(20,9,14.3566)->(20,10,14.8566)->(20,11,15.3566)->(20,12,15.8566)->(20,13,16.3566)->(20,14,16.8566)->(20,15,17.3566)->(20,16,17.8566)->(20,17,18.3566)->(20,18,18.8566)->(20,19,19.3566)->(20,20,19.8566)->(20,21,20.3566)->(20,22,20.8566)->(20,23,21.3566)->(20,24,21.8566)->(20,25,22.3566)->(20,26,22.8746)->(20,27,23.4424)->(20,28,24.1246)->(20,29,25.4424)->(20,30,27.6566)->(19,30,29.8708)->(18,30,31.1887)->(17,30,31.8708)->(16,30,32.4387)->(15,30,32.9566)->(14,30,33.4566)->(13,30,33.9566)->(12,30,34.4566)->(11,30,34.9566)->(10,30,35.4566)->(9,30,35.9746)->(8,30,36.5424)->(7,30,37.2246)->(6,30,38.5424)->(5,30,41.1708)->(5,31,5020.78)->
Agent 65:(30,13,2.2)->(30,12,3.81421)->(30,11,5.13205)->(30,10,5.81421)->(30,9,6.38205)->(30,8,6.9)->(30,7,7.4)->(30,6,7.9)->(30,5,8.41795)->(30,4,8.98579)->(30,3,9.66795)->(30,2,10.9858)->(30,1,13.2)->(29,1,15.4495)->(28,1,17.4495)->(27,1,20.6137)->(27,2,5010.75)->
Agent 66:(19,5,3.23205)->(19,6,5.87832)->(19,7,7.19615)->(19,8,7.87832)->(19,9,8.44615)->(19,10,8.9641)->(19,11,9.4641)->(19,12,9.9641)->(19,13,10.4641)->(19,14,10.9641)->(19,15,11.4641)->(19,16,11.9641)->(19,17,12.4641)->(19,18,12.9641)->(19,19,13.4641)->(19,20,13.9641)->(19,21,14.4641)->(19,22,14.9641)->(19,23,15.4641)->(19,24,15.9641)->(19,25,16.4641)->(19,26,16.9641)->(19,27,17.4821)->(19,28,18.0499)->(19,29,18.7321)->(19,30,20.0499)->(19,31,22.2641)->(18,31,24.4783)->(17,31,25.7962)->(16,31,26.5282)->(15,31,27.2603)->(14,31,28.5781)->(13,31,5014)->
Agent 67:(19,13,1.3)->(19,14,2.01421)->(19,15,3.33205)->(19,16,4.01421)->(19,17,4.58205)->(19,18,5.1)->(19,19,5.61795)->(19,20,6.18579)->(19,21,6.86795)->(19,22,8.18579)->(19,23,11.2821)->(20,23,14.4136)->(21,23,16.4136)->(22,23,5007.93)->
Agent 68:(18,24,3.55)->(17,24,6.51421)->(16,24,7.83205)->(15,24,8.51421)->(14,24,9.08205)->(13,24,9.6)->(12,24,10.1)->(11,24,10.6)->(10,24,11.1)->(9,24,11.6)->(8,24,12.1)->(7,24,12.6)->(6,24,13.1179)->(5,24,13.6858)->(4,24,14.3679)->(3,24,15.6858)->(2,24,17.9)->(2,23,20.1142)->(2,22,21.4321)->(2,21,22.1142)->(2,20,22.6821)->(2,19,23.2)->(2,18,23.7)->(2,17,24.2)->(2,16,24.7)->(2,15,25.2)->(2,14,25.7)->(2,13,26.2)->(2,12,26.7)->(2,11,27.2179)->(2,10,27.7858)->(2,9,28.4679)->(2,8,29.7858)->(2,7,32)->(1,7,34.8)->(0,7,37.6)->(0,6,39.8142)->(0,5,41.1321)->(0,4,41.8238)->(0,3,42.4595)->(0,2,43.1513)->(0,1,44.4691)->(0,0,5021.94)->
Agent 69:(4,21,4.51228)->(5,21,8.43877)->(6,21,9.75661)->(7,21,10.4388)->(8,21,11.0066)->(9,21,11.5246)->(10,21,12.0246)->(11,21,12.5246)->(12,21,13.0246)->(13,21,13.5246)->(14,21,14.0246)->(15,21,14.5425)->(16,21,15.1103)->(17,21,15.7925)->(18,21,17.1103)->(19,21,19.3246)->(19,22,21.5388)->(19,23,22.8726)->(19,24,23.701)->(19,25,25.0349)->(19,26,5012.22)->
Agent 70:(14,22,2.21421)->(15,22,4.81421)->(15,21,7.47792)->(15,20,9.47792)->(15,19,12.6279)->(14,19,22.2637)->(14,20,5014.1)->
Agent 71:(9,13,2.2)->(9,12,3.81421)->(9,11,5.14806)->(9,10,5.97649)->(9,9,7.31034)->(9,8,9.93877)->(10,8,14.4938)->(10,9,18.0773)->(10,10,19.3951)->(10,11,20.0773)->(10,12,20.6451)->(10,13,21.1631)->(10,14,21.6631)->(10,15,22.1631)->(10,16,22.6631)->(10,17,23.1631)->(10,18,23.6631)->(10,19,24.1631)->(10,20,24.681)->(10,21,25.2489)->(10,22,25.931)->(10,23,27.2489)->(10,24,5013.33)->
Agent 72:(30,21,2.2)->(30,20,3.81421)->(30,19,5.13205)->(30,18,5.81421)->(30,17,6.38205)->(30,16,6.9)->(30,15,7.4)->(30,14,7.9)->(30,13,8.4)->(30,12,8.9)->(30,11,9.4)->(30,10,9.9)->(30,9,10.4)->(30,8,10.9)->(30,7,11.4)->(30,6,11.9179)->(30,5,12.4858)->(30,4,13.1679)->(30,3,14.4858)->(30,2,16.7)->(29,2,18.9142)->(28,2,20.2321)->(27,2,20.9142)->(26,2,21.4821)->(25,2,22)->(24,2,22.5)->(23,2,23)->(22,2,23.5)->(21,2,24)->(20,2,24.5)->(19,2,25)->(18,2,25.5)->(17,2,26)->(16,2,26.5)->(15,2,27)->(14,2,27.5)->(13,2,28)->(12,2,28.5)->(11,2,29.0179)->(10,2,29.5858)->(9,2,30.2679)->(8,2,31.5858)->(7,2,34.2142)->(7,1,5017.3)->
Agent 73:(25,14,1.8)->(24,14,3.01421)->(23,14,4.33205)->(22,14,5.01421)->(21,14,5.58205)->(20,14,6.1)->(19,14,6.6)->(18,14,7.1)->(17,14,7.6)->(16,14,8.1)->(15,14,8.6)->(14,14,9.1)->(13,14,9.6)->(12,14,10.1)->(11,14,10.6)->(10,14,11.1)->(9,14,11.6)->(8,14,12.1)->(7,14,12.6)->(6,14,13.1)->(5,14,13.6179)->(4,14,14.1858)->(3,14,14.8679)->(2,14,16.1858)->(1,14,18.4)->(1,15,20.6142)->(1,16,21.9321)->(1,17,22.6142)->(1,18,23.1821)->(1,19,23.7)->(1,20,24.2)->(1,21,24.7)->(1,22,25.2)->(1,23,25.7)->(1,24,26.2)->(1,25,26.7)->(1,26,27.2)->(1,27,27.7179)->(1,28,28.2858)->(1,29,28.9679)->(1,30,30.2858)->(1,31,5014.85)->
Agent 74:(10,7,1.8)->(11,7,3.04949)->(12,7,5.04949)->(13,7,7.29898)->(13,8,9.51319)->(13,9,10.831)->(13,10,11.5132)->(13,11,12.081)->(13,12,12.599)->(13,13,13.099)->(13,14,13.599)->(13,15,14.099)->(13,16,14.599)->(13,17,15.099)->(13,18,15.6169)->(13,19,16.1848)->(13,20,16.8669)->(13,21,18.1848)->(13,22,20.399)->(12,22,22.6132)->(11,22,23.931)->(10,22,24.6132)->(9,22,25.181)->(8,22,25.699)->(7,22,26.199)->(6,22,26.699)->(5,22,27.199)->(4,22,27.7169)->(3,22,28.2848)->(2,22,28.9669)->(1,22,30.2848)->(0,22,5014.85)->
Agent 75:(23,9,1.69626)->(23,10,2.80674)->(23,11,4.12458)->(23,12,4.80674)->(23,13,5.37458)->(23,14,5.89253)->(23,15,6.39253)->(23,16,6.89253)->(23,17,7.41048)->(23,18,7.97832)->(23,19,8.66048)->(23,20,9.97832)->(23,21,15.0265)->(22,21,20.0747)->(21,21,21.3925)->(20,21,22.0747)->(19,21,22.6605)->(18,21,23.2462)->(17,21,23.9284)->(16,21,25.2462)->(15,21,5012.33)->
Agent 76:(31,3,1.8)->(30,3,3.01421)->(29,3,4.33205)->(28,3,5.01421)->(27,3,5.58205)->(26,3,6.1)->(25,3,6.6)->(24,3,7.1)->(23,3,7.6)->(22,3,8.1)->(21,3,8.6)->(20,3,9.1)->(19,3,9.61795)->(18,3,10.1858)->(17,3,10.8679)->(16,3,12.1858)->(15,3,14.8142)->(15,4,21.8716)->(15,3,27.9574)->(15,2,29.3716)->(15,1,30.7858)->(15,0,5015.1)->
Agent 77:(1,18,1.8)->(2,18,3.01421)->(3,18,4.33205)->(4,18,5.01421)->(5,18,5.58205)->(6,18,6.1)->(7,18,6.61795)->(8,18,7.18579)->(9,18,7.86795)->(10,18,9.18579)->(11,18,11.4)->(11,17,13.6142)->(11,16,14.9481)->(11,15,15.7765)->(11,14,17.1103)->(11,13,20.1201)->(12,13,23.1299)->(13,13,24.4477)->(14,13,25.1299)->(15,13,25.6977)->(16,13,26.2157)->(17,13,26.7157)->(18,13,27.2336)->(19,13,27.8015)->(20,13,28.4836)->(21,13,29.8015)->(22,13,32.0157)->(22,12,34.2299)->(22,11,35.5477)->(22,10,36.2798)->(22,9,37.0118)->(22,8,38.3297)->(22,7,5018.87)->
Agent 78:(11,26,1.8)->(12,26,3.01421)->(13,26,4.34806)->(14,26,5.17649)->(15,26,6.51034)->(16,26,8.72456)->(16,25,10.9388)->(16,24,12.2566)->(16,23,12.9388)->(16,22,13.5066)->(16,21,14.0246)->(16,20,14.5246)->(16,19,15.0246)->(16,18,15.5246)->(16,17,16.0246)->(16,16,16.5246)->(16,15,17.0246)->(16,14,17.5246)->(16,13,18.0246)->(16,12,18.5246)->(16,11,19.0246)->(16,10,19.5246)->(16,9,20.0246)->(16,8,20.5246)->(16,7,21.0425)->(16,6,21.6103)->(16,5,22.2925)->(16,4,23.6103)->(16,3,5011.51)->
Agent 79:(10,10,2.2)->(10,9,3.81421)->(10,8,5.13205)->(10,7,5.8641)->(10,6,6.59615)->(10,5,7.91399)->(10,4,10.1282)->(9,4,12.3424)->(8,4,13.6603)->(7,4,14.3424)->(6,4,14.9282)->(5,4,15.514)->(4,4,16.1962)->(3,4,17.514)->(2,4,5008.46)->
Agent 80:(3,13,2.2)->(3,12,3.84949)->(3,11,5.84949)->(3,10,9.14949)->(4,10,12.4142)->(5,10,13.7321)->(6,10,14.4142)->(7,10,14.9821)->(8,10,15.5)->(9,10,16)->(10,10,16.5)->(11,10,17.0179)->(12,10,17.5858)->(13,10,18.2679)->(14,10,19.5858)->(15,10,5009.5)->
Agent 81:(30,16,1.95461)->(29,16,3.32343)->(28,16,4.64126)->(27,16,5.33303)->(26,16,5.96871)->(25,16,6.66048)->(24,16,7.97832)->(23,16,10.1925)->(23,15,12.4067)->(23,14,13.7246)->(23,13,14.4566)->(23,12,15.1887)->(23,11,16.5065)->(23,10,19.9783)->(22,10,23.4501)->(21,10,24.784)->(20,10,25.6124)->(19,10,26.9462)->(18,10,5013.18)->
Agent 82:(4,28,1.8)->(5,28,3.01421)->(6,28,4.33205)->(7,28,5.01421)->(8,28,5.6)->(9,28,6.18579)->(10,28,6.86795)->(11,28,8.18579)->(12,28,13.0637)->(11,28,17.9416)->(10,28,19.2595)->(9,28,19.9416)->(8,28,20.5095)->(7,28,21.0274)->(6,28,21.5454)->(5,28,22.1132)->(4,28,22.7954)->(3,28,24.1132)->(2,28,26.3274)->(2,27,28.5416)->(2,26,29.8595)->(2,25,30.5416)->(2,24,31.1095)->(2,23,31.6274)->(2,22,32.1274)->(2,21,32.6274)->(2,20,33.1274)->(2,19,33.6274)->(2,18,34.1274)->(2,17,34.6274)->(2,16,35.1274)->(2,15,35.6274)->(2,14,36.1274)->(2,13,36.6274)->(2,12,37.1274)->(2,11,37.6454)->(2,10,38.2132)->(2,9,38.8954)->(2,8,40.2132)->(2,7,42.8416)->(3,7,46.4416)->(3,6,49.07)->(3,5,50.4039)->(3,4,51.2323)->(3,3,52.5662)->(3,2,55.1946)->(2,2,5027.79)->
Agent 83:(31,26,1.71421)->(31,27,5.74723)->(30,27,10.3087)->(29,27,11.6265)->(28,27,12.3183)->(27,27,12.954)->(26,27,13.6457)->(25,27,14.9636)->(24,27,24.0389)->(24,28,33.7)->(24,29,5016.85)->
Agent 84:(28,25,1.3)->(28,26,2.04949)->(28,27,4.04949)->(28,28,7.06507)->(29,28,10.0807)->(30,28,12.0807)->(31,28,17.8966)->(31,27,23.6773)->(31,26,24.9951)->(31,25,25.6773)->(31,24,26.2451)->(31,23,26.7631)->(31,22,27.2631)->(31,21,27.7631)->(31,20,28.2631)->(31,19,28.7631)->(31,18,29.2631)->(31,17,29.7631)->(31,16,30.2631)->(31,15,30.7631)->(31,14,31.2631)->(31,13,31.7631)->(31,12,32.2631)->(31,11,32.781)->(31,10,33.3489)->(31,9,34.031)->(31,8,35.3489)->(31,7,5017.38)->
Agent 85:(28,18,2.21421)->(27,18,5.4)->(27,17,8.61421)->(27,16,9.94806)->(27,15,10.7765)->(27,14,12.1103)->(27,13,16.977)->(26,13,5009.8)->
Agent 86:(12,13,1.8)->(11,13,3.01421)->(10,13,4.42843)->(9,13,5.84264)->(8,13,8.05685)->(8,12,10.2711)->(8,11,11.5889)->(8,10,12.2711)->(8,9,12.8389)->(8,8,13.3569)->(8,7,13.8748)->(8,6,14.4426)->(8,5,15.1248)->(8,4,16.4426)->(8,3,18.6569)->(7,3,20.8711)->(6,3,22.2853)->(5,3,23.6995)->(4,3,5011.56)->
Agent 87:(29,25,2.4142)->(28,25,4.24261)->(27,25,5.65683)->(26,25,7.07104)->(25,25,9.28525)->(25,26,11.4995)->(25,27,12.8173)->(25,28,13.5494)->(25,29,14.2814)->(25,30,15.5992)->(25,31,18.2277)->(24,31,5009.31)->
Agent 88:(27,3,1.8)->(26,3,3.01421)->(25,3,4.33205)->(24,3,5.01421)->(23,3,5.58205)->(22,3,6.1)->(21,3,6.6)->(20,3,7.1)->(19,3,7.6)->(18,3,8.1)->(17,3,8.6)->(16,3,9.1)->(15,3,9.6)->(14,3,10.1)->(13,3,10.6)->(12,3,11.1)->(11,3,11.6)->(10,3,12.1)->(9,3,12.6)->(8,3,13.1)->(7,3,13.6179)->(6,3,14.1858)->(5,3,14.8679)->(4,3,16.1858)->(3,3,18.4)->(3,4,20.6142)->(3,5,21.9321)->(3,6,22.6142)->(3,7,23.1821)->(3,8,23.7)->(3,9,24.2)->(3,10,24.7)->(3,11,25.2)->(3,12,25.7)->(3,13,26.2)->(3,14,26.7)->(3,15,27.2)->(3,16,27.7)->(3,17,28.2)->(3,18,28.7179)->(3,19,29.2858)->(3,20,29.9679)->(3,21,31.2858)->(3,22,33.9142)->(2,22,5017.15)->
Agent 89:(0,2,1.3)->(0,3,2.01421)->(0,4,3.33205)->(0,5,4.01421)->(0,6,4.58205)->(0,7,5.1)->(0,8,5.6)->(0,9,6.1)->(0,10,6.6)->(0,11,7.1)->(0,12,7.6)->(0,13,8.1)->(0,14,8.6)->(0,15,9.1)->(0,16,9.61795)->(0,17,10.1858)->(0,18,10.8679)->(0,19,12.1858)->(0,20,16.1495)->(1,20,20.1132)->(2,20,21.431)->(3,20,22.1132)->(4,20,22.681)->(5,20,23.199)->(6,20,23.699)->(7,20,24.199)->(8,20,24.699)->(9,20,25.199)->(10,20,25.699)->(11,20,26.199)->(12,20,26.699)->(13,20,27.199)->(14,20,27.699)->(15,20,28.199)->(16,20,28.699)->(17,20,29.199)->(18,20,29.699)->(19,20,30.199)->(20,20,30.699)->(21,20,31.199)->(22,20,31.699)->(23,20,32.199)->(24,20,32.699)->(25,20,33.199)->(26,20,33.699)->(27,20,34.2169)->(28,20,34.7848)->(29,20,35.4669)->(30,20,36.7848)->(31,20,39.4132)->(31,21,5019.9)->
Agent 90:(21,3,2.23205)->(21,4,3.87832)->(21,5,5.19615)->(21,6,5.87832)->(21,7,6.44615)->(21,8,6.9641)->(21,9,7.4641)->(21,10,7.9641)->(21,11,8.4641)->(21,12,8.9641)->(21,13,9.4641)->(21,14,9.9641)->(21,15,10.4641)->(21,16,10.9641)->(21,17,11.4641)->(21,18,11.9641)->(21,19,12.4641)->(21,20,12.9641)->(21,21,13.4641)->(21,22,13.9641)->(21,23,14.4641)->(21,24,14.9821)->(21,25,15.5499)->(21,26,16.2321)->(21,27,17.5499)->(21,28,19.7641)->(20,28,21.9783)->(19,28,23.2962)->(18,28,23.9783)->(17,28,24.5462)->(16,28,25.0641)->(15,28,25.5641)->(14,28,26.0641)->(13,28,26.5641)->(12,28,27.0641)->(11,28,27.5821)->(10,28,28.1499)->(9,28,28.8321)->(8,28,30.1499)->(7,28,5014.78)->
Agent 91:(22,8,2.31795)->(22,9,4.05011)->(22,10,5.36795)->(22,11,6.05011)->(22,12,6.61795)->(22,13,7.1359)->(22,14,7.6359)->(22,15,8.15385)->(22,16,8.72168)->(22,17,9.40385)->(22,18,10.7217)->(22,19,12.9359)->(21,19,15.1501)->(20,19,16.4679)->(19,19,17.2)->(18,19,17.9321)->(17,19,19.2499)->(16,19,5009.33)->
Agent 92:(6,7,3.03205)->(7,7,5.47832)->(8,7,6.81217)->(9,7,7.64059)->(10,7,8.97444)->(11,7,11.1887)->(11,6,13.4029)->(11,5,14.8171)->(11,4,16.2313)->(11,3,5007.82)->
Agent 93:(24,30,4.5)->(24,29,8.41421)->(24,28,9.73205)->(24,27,10.4142)->(24,26,10.9821)->(24,25,11.5)->(24,24,12)->(24,23,12.5)->(24,22,13)->(24,21,13.5)->(24,20,14)->(24,19,14.5)->(24,18,15)->(24,17,15.5)->(24,16,16)->(24,15,16.5)->(24,14,17)->(24,13,17.5)->(24,12,18)->(24,11,18.5)->(24,10,19)->(24,9,19.5)->(24,8,20)->(24,7,20.5)->(24,6,21.0179)->(24,5,21.5858)->(24,4,22.2679)->(24,3,23.5858)->(24,2,26.2142)->(23,2,28.8426)->(22,2,30.1605)->(21,2,30.8426)->(20,2,31.4105)->(19,2,31.9284)->(18,2,32.4284)->(17,2,32.9284)->(16,2,33.4284)->(15,2,33.9284)->(14,2,34.4284)->(13,2,34.9284)->(12,2,35.4284)->(11,2,35.9284)->(10,2,36.4284)->(9,2,36.9284)->(8,2,37.4464)->(7,2,38.0142)->(6,2,38.6964)->(5,2,40.0142)->(4,2,5019.71)->
Agent 94:(16,28,2.2)->(16,27,3.81421)->(16,26,5.13205)->(16,25,5.81421)->(16,24,6.38205)->(16,23,6.9)->(16,22,7.4)->(16,21,7.9)->(16,20,8.4)->(16,19,8.9)->(16,18,9.4)->(16,17,9.9)->(16,16,10.4)->(16,15,10.9)->(16,14,11.4)->(16,13,11.9)->(16,12,12.4)->(16,11,12.9)->(16,10,13.4179)->(16,9,13.9858)->(16,8,14.6679)->(16,7,15.9858)->(16,6,18.2)->(15,6,20.4142)->(14,6,21.7321)->(13,6,22.4142)->(12,6,23)->(11,6,23.5858)->(10,6,24.2679)->(9,6,25.5858)->(8,6,28.2142)->(8,5,5014.3)->
Agent 95:(12,31,2.2)->(12,30,3.81421)->(12,29,5.13205)->(12,28,5.81421)->(12,27,6.38205)->(12,26,6.91795)->(12,25,7.48579)->(12,24,8.16795)->(12,23,9.48579)->(12,22,11.7)->(13,22,13.9142)->(14,22,15.2321)->(15,22,15.9142)->(16,22,16.4821)->(17,22,17)->(18,22,17.5)->(19,22,18)->(20,22,18.5)->(21,22,19.0179)->(22,22,19.5858)->(23,22,20.2679)->(24,22,21.5858)->(25,22,24.2142)->(25,21,5012.3)->
Agent 96:(3,9,1.8)->(4,9,3.04949)->(5,9,5.04949)->(6,9,7.29898)->(6,10,9.54847)->(6,11,11.5485)->(6,12,13.798)->(7,12,16.598)->(8,12,20.6774)->(8,13,24.1711)->(8,14,25.4889)->(8,15,26.1711)->(8,16,26.7389)->(8,17,27.2569)->(8,18,27.7569)->(8,19,28.2569)->(8,20,28.7569)->(8,21,29.2569)->(8,22,29.7748)->(8,23,30.3426)->(8,24,31.0248)->(8,25,32.3426)->(8,26,5015.88)->
Agent 97:(5,30,3.31795)->(5,29,6.05011)->(5,28,7.36795)->(5,27,8.05011)->(5,26,8.61795)->(5,25,9.1359)->(5,24,9.6359)->(5,23,10.1359)->(5,22,10.6359)->(5,21,11.1359)->(5,20,11.6359)->(5,19,12.1359)->(5,18,12.6359)->(5,17,13.1359)->(5,16,13.6359)->(5,15,14.1359)->(5,14,14.6359)->(5,13,15.1538)->(5,12,15.7217)->(5,11,16.4038)->(5,10,17.7217)->(5,9,19.9359)->(6,9,22.1501)->(7,9,23.4679)->(8,9,24.1501)->(9,9,24.7179)->(10,9,25.2359)->(11,9,25.7359)->(12,9,26.2359)->(13,9,26.7538)->(14,9,27.3217)->(15,9,28.0038)->(16,9,29.3217)->(17,9,5014.37)->
Agent 98:(1,3,1.3)->(1,4,2.01421)->(1,5,3.33205)->(1,6,4.01421)->(1,7,4.58205)->(1,8,5.1)->(1,9,5.6)->(1,10,6.1)->(1,11,6.6)->(1,12,7.1)->(1,13,7.6)->(1,14,8.1)->(1,15,8.6)->(1,16,9.1)->(1,17,9.6)->(1,18,10.1)->(1,19,10.6)->(1,20,11.1)->(1,21,11.6)->(1,22,12.1)->(1,23,12.6)->(1,24,13.1)->(1,25,13.6179)->(1,26,14.1858)->(1,27,14.8679)->(1,28,16.1858)->(1,29,18.4)->(2,29,20.6142)->(3,29,21.9321)->(4,29,22.6142)->(5,29,23.1821)->(6,29,23.7)->(7,29,24.2)->(8,29,24.7)->(9,29,25.2)->(10,29,25.7)->(11,29,26.2)->(12,29,26.7)->(13,29,27.2)->(14,29,27.7)->(15,29,28.2)->(16,29,28.7)->(17,29,29.2)->(18,29,29.7)->(19,29,30.2)->(20,29,30.7)->(21,29,31.2)->(22,29,31.7179)->(23,29,32.2858)->(24,29,32.9679)->(25,29,34.2858)->(26,29,36.9142)->(26,30,5018.65)->
Agent 99:(4,29,3.88579)->(4,28,7.18579)->(4,27,8.50362)->(4,26,9.18579)->(4,25,9.75362)->(4,24,10.2716)->(4,23,10.7716)->(4,22,11.2716)->(4,21,11.7716)->(4,20,12.2716)->(4,19,12.7716)->(4,18,13.2716)->(4,17,13.7716)->(4,16,14.2716)->(4,15,14.7716)->(4,14,15.2716)->(4,13,15.7716)->(4,12,16.2716)->(4,11,16.7716)->(4,10,17.2716)->(4,9,17.7716)->(4,8,18.2716)->(4,7,18.7716)->(4,6,19.2716)->(4,5,19.7895)->(4,4,20.3574)->(4,3,21.0395)->(4,2,22.3574)->(4,1,24.5716)->(5,1,26.7858)->(6,1,28.1036)->(7,1,28.7858)->(8,1,29.3536)->(9,1,29.8716)->(10,1,30.3716)->(11,1,30.8716)->(12,1,31.3716)->(13,1,31.8716)->(14,1,32.3716)->(15,1,32.8716)->(16,1,33.3895)->(17,1,33.9574)->(18,1,34.6395)->(19,1,35.9574)->(20,1,5017.69)->
Agent 100:(9,2,2.21421)->(8,2,4.81421)->(8,1,8.02843)->(8,0,20.3642)->(8,1,5014.94)->
Agent 101:(12,16,2.61421)->(12,15,5.61421)->(11,15,8.24264)->(10,15,9.56048)->(9,15,10.2426)->(8,15,10.8105)->(7,15,11.3284)->(6,15,11.8464)->(5,15,12.4142)->(4,15,13.0964)->(3,15,14.4142)->(2,15,16.7142)->(2,14,19.0142)->(2,13,20.3321)->(2,12,21.0142)->(2,11,21.5821)->(2,10,22.1179)->(2,9,22.6858)->(2,8,23.3679)->(2,7,24.6858)->(2,6,5012.05)->
Agent 102:(7,18,2.2)->(7,17,4.4)->(7,16,7.2)->(8,16,9.41421)->(9,16,10.7321)->(10,16,11.4142)->(11,16,11.9821)->(12,16,12.5)->(13,16,13)->(14,16,13.5)->(15,16,14)->(16,16,14.5)->(17,16,15)->(18,16,15.5)->(19,16,16)->(20,16,16.5)->(21,16,17)->(22,16,17.5)->(23,16,18)->(24,16,18.5179)->(25,16,19.0858)->(26,16,19.7679)->(27,16,21.0858)->(28,16,5010.25)->
Agent 103:(25,20,3.55)->(25,19,6.51421)->(25,18,7.83205)->(25,17,8.51421)->(25,16,9.08205)->(25,15,9.6)->(25,14,10.1)->(25,13,10.6)->(25,12,11.1)->(25,11,11.6)->(25,10,12.1)->(25,9,12.6)->(25,8,13.1)->(25,7,13.6)->(25,6,14.1)->(25,5,14.6)->(25,4,15.1179)->(25,3,15.6858)->(25,2,16.3679)->(25,1,17.6858)->(25,0,5008.55)->
Agent 104:(17,13,1.8)->(18,13,3.01421)->(19,13,4.33205)->(20,13,5.01421)->(21,13,5.58205)->(22,13,6.11795)->(23,13,6.68579)->(24,13,7.36795)->(25,13,8.68579)->(26,13,13.8505)->(26,14,19.0505)->(26,15,21.0505)->(26,16,5010.25)->
Agent 105:(12,2,3.25)->(12,3,5.91421)->(12,4,7.23205)->(12,5,7.91421)->(12,6,8.48205)->(12,7,9)->(12,8,9.5)->(12,9,10)->(12,10,10.5)->(12,11,11)->(12,12,11.5)->(12,13,12)->(12,14,12.5)->(12,15,13)->(12,16,13.5)->(12,17,14)->(12,18,14.5)->(12,19,15)->(12,20,15.5)->(12,21,16)->(12,22,16.5)->(12,23,17.0179)->(12,24,17.5858)->(12,25,18.2679)->(12,26,19.5858)->(12,27,21.8)->(13,27,24.6)->(14,27,27.4)->(14,28,30.2)->(14,29,5015.1)->
Agent 106:(22,26,6.75)->(22,25,12.9142)->(22,24,14.2321)->(22,23,14.9142)->(22,22,15.4821)->(22,21,16)->(22,20,16.5)->(22,19,17)->(22,18,17.5)->(22,17,18)->(22,16,18.5)->(22,15,19)->(22,14,19.5)->(22,13,20)->(22,12,20.5)->(22,11,21)->(22,10,21.5179)->(22,9,22.0858)->(22,8,22.7679)->(22,7,24.0858)->(22,6,26.3)->(21,6,28.5142)->(20,6,29.8481)->(19,6,30.6765)->(18,6,32.0103)->(17,6,5015.71)->
Agent 107:(21,27,2.61421)->(21,26,8.95)->(22,26,14.9142)->(23,26,16.2321)->(24,26,16.9142)->(25,26,17.5)->(26,26,18.0858)->(27,26,18.7679)->(28,26,20.0858)->(29,26,5009.75)->
Agent 108:(28,5,1.4142)->(28,6,2.24261)->(28,7,3.56045)->(28,8,4.24261)->(28,9,4.81045)->(28,10,5.3284)->(28,11,5.8284)->(28,12,6.3284)->(28,13,6.8284)->(28,14,7.3284)->(28,15,7.8284)->(28,16,8.3284)->(28,17,8.8284)->(28,18,9.34635)->(28,19,9.91419)->(28,20,10.5963)->(28,21,11.9142)->(28,22,18.9642)->(27,22,26.0142)->(26,22,27.3321)->(25,22,28.0142)->(24,22,28.6)->(23,22,29.1858)->(22,22,29.8679)->(21,22,31.1858)->(20,22,5015.3)->
Agent 109:(1,10,1.8)->(2,10,3.01421)->(3,10,4.33205)->(4,10,5.01421)->(5,10,5.58205)->(6,10,6.1)->(7,10,6.61795)->(8,10,7.18579)->(9,10,7.86795)->(10,10,9.18579)->(11,10,11.4)->(11,11,14.2)->(11,12,5007.1)->
