Agent 0:(12,8,1.3)->(12,9,2.04949)->(12,10,4.04949)->(12,11,9.91946)->(13,11,15.7542)->(14,11,17.072)->(15,11,17.7542)->(16,11,18.322)->(17,11,18.8399)->(18,11,19.3399)->(19,11,19.8399)->(20,11,20.3399)->(21,11,20.8399)->(22,11,21.3399)->(23,11,21.8399)->(24,11,22.3399)->(25,11,22.8579)->(26,11,23.4257)->(27,11,24.1079)->(28,11,25.4257)->(29,11,28.0542)->(29,12,5014.22)->
Agent 1:(13,19,2.3141)->(13,20,4.04242)->(13,21,5.36025)->(13,22,6.04242)->(13,23,6.61025)->(13,24,7.14615)->(13,25,7.71399)->(13,26,8.39615)->(13,27,9.71399)->(13,28,12.3424)->(14,28,21.1536)->(14,27,28.9933)->(14,26,30.3111)->(14,25,31.0431)->(14,24,31.7752)->(14,23,33.093)->(14,22,5016.25)->
Agent 2:(4,29,4.51228)->(4,28,8.43877)->(4,27,9.75661)->(4,26,10.4388)->(4,25,11.0066)->(4,24,11.5246)->(4,23,12.0246)->(4,22,12.5246)->(4,21,13.0246)->(4,20,13.5246)->(4,19,14.0246)->(4,18,14.5246)->(4,17,15.0246)->(4,16,15.5246)->(4,15,16.0425)->(4,14,16.6103)->(4,13,17.2925)->(4,12,18.6103)->(4,11,20.8246)->(5,11,23.6246)->(6,11,27.3623)->(6,10,30.5142)->(6,9,31.8321)->(6,8,32.5238)->(6,7,33.1595)->(6,6,33.8513)->(6,5,35.1691)->(6,4,37.3833)->(7,4,40.1833)->(8,4,5020.09)->
Agent 3:(17,21,2.97256)->(16,21,5.35933)->(15,21,6.67716)->(14,21,7.36893)->(13,21,8.00461)->(12,21,8.69638)->(11,21,10.0142)->(10,21,12.2284)->(10,20,15.0284)->(10,19,27.8384)->(10,20,40.6484)->(10,21,5020.32)->
Agent 4:(15,0,1.86795)->(14,0,3.15011)->(13,0,4.46795)->(12,0,5.15011)->(11,0,5.71795)->(10,0,6.2359)->(9,0,6.7359)->(8,0,7.2359)->(7,0,7.7359)->(6,0,8.2359)->(5,0,8.75385)->(4,0,9.32168)->(3,0,10.0038)->(2,0,11.3217)->(1,0,13.5359)->(1,1,15.7501)->(1,2,17.0679)->(1,3,17.7501)->(1,4,18.3179)->(1,5,18.8359)->(1,6,19.3359)->(1,7,19.8359)->(1,8,20.3359)->(1,9,20.8359)->(1,10,21.3359)->(1,11,21.8359)->(1,12,22.3359)->(1,13,22.8359)->(1,14,23.3359)->(1,15,23.8359)->(1,16,24.3359)->(1,17,24.8359)->(1,18,25.3359)->(1,19,25.8359)->(1,20,26.3359)->(1,21,26.8359)->(1,22,27.3359)->(1,23,27.8359)->(1,24,28.3538)->(1,25,28.9217)->(1,26,29.6038)->(1,27,30.9217)->(1,28,33.1359)->(2,28,35.3501)->(3,28,36.7643)->(4,28,38.1785)->(5,28,5018.8)->
Agent 5:(14,31,1.8)->(15,31,3.01421)->(16,31,4.33205)->(17,31,5.01421)->(18,31,5.58205)->(19,31,6.1)->(20,31,6.6)->(21,31,7.1)->(22,31,7.6)->(23,31,8.1)->(24,31,8.61795)->(25,31,9.18579)->(26,31,9.86795)->(27,31,11.1858)->(28,31,13.4)->(28,30,15.6142)->(28,29,16.9321)->(28,28,17.6142)->(28,27,18.1821)->(28,26,18.7)->(28,25,19.2)->(28,24,19.7)->(28,23,20.2)->(28,22,20.7)->(28,21,21.2179)->(28,20,21.7858)->(28,19,22.4679)->(28,18,23.7858)->(28,17,26.4142)->(29,17,30.4284)->(29,16,5015.61)->
Agent 6:(30,21,2.2)->(30,20,3.81421)->(30,19,5.13205)->(30,18,5.8641)->(30,17,6.59615)->(30,16,7.91399)->(30,15,10.1282)->(29,15,12.3424)->(28,15,13.7566)->(27,15,15.1708)->(26,15,17.3851)->(26,14,19.5993)->(26,13,20.9171)->(26,12,21.6089)->(26,11,22.2446)->(26,10,22.9363)->(26,9,24.2542)->(26,8,26.4842)->(25,8,28.7142)->(24,8,30.0321)->(23,8,30.7142)->(22,8,31.2821)->(21,8,31.8)->(20,8,32.3)->(19,8,32.8)->(18,8,33.3)->(17,8,33.8)->(16,8,34.3)->(15,8,34.8)->(14,8,35.3179)->(13,8,35.8858)->(12,8,36.5679)->(11,8,37.8858)->(10,8,40.1)->(10,7,42.9)->(10,6,46.1142)->(11,6,5023.25)->
Agent 7:(24,30,1.8)->(25,30,3.04949)->(26,30,5.04949)->(27,30,7.29898)->(27,29,10.099)->(27,28,5005.05)->
Agent 8:(30,26,2.2)->(30,25,3.81421)->(30,24,5.22843)->(30,23,6.64264)->(30,22,12.2242)->(29,22,17.8057)->(28,22,19.1236)->(27,22,19.8057)->(26,22,20.3736)->(25,22,20.9095)->(24,22,21.4773)->(23,22,22.1595)->(22,22,23.4773)->(21,22,5011.45)->
Agent 9:(18,4,1.8)->(17,4,3.6)->(16,4,6.4)->(16,5,8.61421)->(16,6,9.93205)->(16,7,10.6142)->(16,8,11.2)->(16,9,11.7858)->(16,10,12.4679)->(16,11,13.7858)->(16,12,16.6132)->(15,12,19.4407)->(14,12,20.7745)->(13,12,21.603)->(12,12,22.9368)->(11,12,25.151)->(11,13,27.951)->(11,14,30.751)->(10,14,33.551)->(9,14,38.0213)->(9,15,41.9057)->(9,16,43.3199)->(9,17,44.7341)->(9,18,46.9484)->(8,18,49.7484)->(7,18,5024.87)->
Agent 10:(6,5,1.8)->(5,5,3.04949)->(4,5,5.04949)->(3,5,9.77367)->(3,6,14.4626)->(3,7,15.7804)->(3,8,16.4626)->(3,9,17.0304)->(3,10,17.5484)->(3,11,18.0484)->(3,12,18.5484)->(3,13,19.0484)->(3,14,19.5484)->(3,15,20.0484)->(3,16,20.5484)->(3,17,21.0663)->(3,18,21.6341)->(3,19,22.3163)->(3,20,23.6341)->(3,21,5011.52)->
Agent 11:(17,15,2.8)->(17,14,5.01421)->(17,13,6.33205)->(17,12,7.01421)->(17,11,7.58205)->(17,10,8.11795)->(17,9,8.68579)->(17,8,9.36795)->(17,7,10.6858)->(17,6,12.9)->(16,6,15.1142)->(15,6,16.4321)->(14,6,17.1641)->(13,6,17.8962)->(12,6,19.214)->(11,6,21.9067)->(11,7,5011.18)->
Agent 12:(5,9,1.71421)->(5,10,3.81421)->(4,10,6.47792)->(3,10,8.47792)->(2,10,11.842)->(2,11,15.2061)->(2,12,17.2061)->(2,13,21.61)->(3,13,25.9785)->(4,13,27.2964)->(5,13,27.9785)->(6,13,28.5464)->(7,13,29.0823)->(8,13,29.6501)->(9,13,30.3323)->(10,13,31.6501)->(11,13,5015.53)->
Agent 13:(17,20,1.8)->(16,20,3.04949)->(15,20,5.04949)->(14,20,7.29898)->(14,19,9.51319)->(14,18,10.831)->(14,17,11.5132)->(14,16,12.099)->(14,15,12.6848)->(14,14,13.3669)->(14,13,14.6848)->(14,12,17.0627)->(13,12,19.4407)->(12,12,20.7585)->(11,12,21.4407)->(10,12,22.0085)->(9,12,22.5265)->(8,12,23.0444)->(7,12,23.6122)->(6,12,24.2944)->(5,12,25.6122)->(4,12,28.2407)->(4,11,5014.31)->
Agent 14:(0,27,4.8232)->(1,27,9.06061)->(2,27,10.3784)->(3,27,11.0606)->(4,27,11.6284)->(5,27,12.1464)->(6,27,12.6464)->(7,27,13.1464)->(8,27,13.6464)->(9,27,14.1464)->(10,27,14.6464)->(11,27,15.1464)->(12,27,15.6464)->(13,27,16.1464)->(14,27,16.6464)->(15,27,17.1643)->(16,27,17.7322)->(17,27,18.4143)->(18,27,19.7322)->(19,27,23.0948)->(19,26,26.4574)->(19,25,27.7752)->(19,24,28.4574)->(19,23,29.0252)->(19,22,29.5431)->(19,21,30.0431)->(19,20,30.5431)->(19,19,31.0431)->(19,18,31.5431)->(19,17,32.0431)->(19,16,32.5431)->(19,15,33.0431)->(19,14,33.5431)->(19,13,34.0431)->(19,12,34.5611)->(19,11,35.1289)->(19,10,35.8111)->(19,9,37.1289)->(19,8,39.3431)->(20,8,41.5926)->(21,8,43.5926)->(22,8,5021.52)->
Agent 15:(3,24,1.8)->(4,24,3.6)->(5,24,6.4)->(5,23,8.61421)->(5,22,9.93205)->(5,21,10.6238)->(5,20,11.2595)->(5,19,11.9513)->(5,18,13.2691)->(5,17,15.8975)->(4,17,30.0536)->(5,17,43.238)->(6,17,44.5719)->(7,17,45.4003)->(8,17,46.7341)->(9,17,5023.07)->
Agent 16:(13,16,3.39638)->(12,16,6.20697)->(11,16,7.5248)->(10,16,8.20697)->(9,16,8.7748)->(8,16,9.29275)->(7,16,9.79275)->(6,16,10.2928)->(5,16,10.7928)->(4,16,11.3107)->(3,16,11.8785)->(2,16,12.5607)->(1,16,13.8785)->(0,16,16.507)->(0,17,22.539)->(1,17,28.1853)->(2,17,31.3995)->(2,16,5015.89)->
Agent 17:(3,22,2.21421)->(4,22,5.81228)->(4,21,9.43877)->(4,20,10.7566)->(4,19,11.4388)->(4,18,12.0066)->(4,17,12.5246)->(4,16,13.0246)->(4,15,13.5246)->(4,14,14.0425)->(4,13,14.6103)->(4,12,15.2925)->(4,11,16.6103)->(4,10,19.2265)->(5,10,21.8426)->(6,10,23.1605)->(7,10,23.8426)->(8,10,24.4105)->(9,10,24.9284)->(10,10,25.4284)->(11,10,25.9284)->(12,10,26.4284)->(13,10,26.9284)->(14,10,27.4464)->(15,10,28.0142)->(16,10,28.6964)->(17,10,30.0142)->(18,10,32.2284)->(18,9,34.4426)->(18,8,35.7605)->(18,7,36.4426)->(18,6,37.0284)->(18,5,37.6142)->(18,4,38.2964)->(18,3,39.6142)->(18,2,41.8284)->(19,2,44.0426)->(20,2,45.4569)->(21,2,46.8711)->(22,2,50.4674)->(22,1,5025.91)->
Agent 18:(28,5,3.8)->(27,5,7.01421)->(26,5,8.34806)->(25,5,9.17649)->(24,5,10.5103)->(23,5,12.7246)->(23,6,14.9388)->(23,7,16.2566)->(23,8,16.9388)->(23,9,17.5066)->(23,10,18.0425)->(23,11,18.6103)->(23,12,19.2925)->(23,13,20.6103)->(23,14,5010.01)->
Agent 19:(16,17,2.21421)->(15,17,4.81421)->(15,16,8.02843)->(15,15,10.8284)->(16,15,13.0779)->(17,15,15.0779)->(18,15,17.7416)->(18,14,23.0691)->(17,14,28.3965)->(17,13,31.0249)->(17,12,32.3588)->(17,11,33.1872)->(17,10,34.5211)->(17,9,5016.97)->
Agent 20:(2,17,1.71421)->(2,18,4.49575)->(3,18,7.80572)->(4,18,9.12356)->(5,18,9.80572)->(6,18,10.3915)->(7,18,10.9773)->(8,18,11.6595)->(9,18,12.9773)->(10,18,17.16)->(10,17,21.3426)->(10,16,22.6605)->(10,15,23.3426)->(10,14,23.9284)->(10,13,24.5142)->(10,12,25.1964)->(10,11,26.5142)->(10,10,29.1426)->(9,10,5014.76)->
Agent 21:(14,11,2.05)->(15,11,3.51421)->(16,11,4.83205)->(17,11,5.51421)->(18,11,6.08205)->(19,11,6.6)->(20,11,7.1)->(21,11,7.6)->(22,11,8.1)->(23,11,8.61795)->(24,11,9.18579)->(25,11,9.86795)->(26,11,11.1858)->(27,11,13.8142)->(27,10,17.8284)->(28,10,23.7342)->(28,11,28.2542)->(28,12,29.572)->(28,13,30.2542)->(28,14,30.822)->(28,15,31.3399)->(28,16,31.8399)->(28,17,32.3399)->(28,18,32.8399)->(28,19,33.3399)->(28,20,33.8399)->(28,21,34.3579)->(28,22,34.9257)->(28,23,35.6079)->(28,24,36.9257)->(28,25,39.1399)->(29,25,41.9399)->(30,25,5020.97)->
Agent 22:(20,14,2.21421)->(19,14,8.94166)->(19,15,15.6975)->(19,16,17.0154)->(19,17,17.6975)->(19,18,18.2654)->(19,19,18.7833)->(19,20,19.3013)->(19,21,19.8691)->(19,22,20.5513)->(19,23,21.8691)->(19,24,24.5774)->(18,24,27.2858)->(17,24,28.6036)->(16,24,29.2858)->(15,24,29.8716)->(14,24,30.4574)->(13,24,31.1395)->(12,24,32.4574)->(11,24,35.0858)->(11,25,39.1)->(10,25,5019.95)->
Agent 23:(23,27,2.60051)->(23,26,4.65051)->(23,25,6.65051)->(23,24,9.00374)->(22,24,11.3217)->(21,24,12.6395)->(20,24,13.3217)->(19,24,13.8895)->(18,24,14.4075)->(17,24,14.9075)->(16,24,15.4075)->(15,24,15.9075)->(14,24,16.4075)->(13,24,16.9254)->(12,24,17.4933)->(11,24,18.1754)->(10,24,19.4933)->(9,24,22.1495)->(9,23,24.8057)->(9,22,26.2199)->(9,21,27.6341)->(9,20,35.5305)->(9,21,5020.59)->
Agent 24:(21,16,3.8)->(21,15,7.01421)->(21,14,8.33205)->(21,13,9.01421)->(21,12,9.58205)->(21,11,10.1)->(21,10,10.6)->(21,9,11.1)->(21,8,11.6)->(21,7,12.1)->(21,6,12.6)->(21,5,13.1179)->(21,4,13.6858)->(21,3,14.3679)->(21,2,15.6858)->(21,1,17.9)->(20,1,20.1495)->(19,1,22.1495)->(18,1,24.8132)->(18,0,36.4054)->(17,0,47.6117)->(16,0,5023.81)->
Agent 25:(18,27,1.8)->(17,27,3.01421)->(16,27,4.33205)->(15,27,5.02382)->(14,27,5.65949)->(13,27,6.35126)->(12,27,7.6691)->(11,27,9.88331)->(11,26,12.0975)->(11,25,13.4154)->(11,24,14.0975)->(11,23,14.6654)->(11,22,15.1833)->(11,21,15.6833)->(11,20,16.1833)->(11,19,16.6833)->(11,18,17.1833)->(11,17,17.6833)->(11,16,18.1833)->(11,15,18.6833)->(11,14,19.1833)->(11,13,19.7013)->(11,12,20.2691)->(11,11,20.9513)->(11,10,22.2691)->(11,9,24.8975)->(10,9,28.6059)->(10,8,31.3426)->(10,7,32.6765)->(10,6,33.5049)->(10,5,34.8388)->(10,4,5017.13)->
Agent 26:(18,22,2.21421)->(17,22,5.13205)->(17,21,8.07832)->(17,20,9.39615)->(17,19,10.0783)->(17,18,10.6462)->(17,17,11.1821)->(17,16,11.7499)->(17,15,12.4321)->(17,14,13.7499)->(17,13,16.933)->(16,13,26.6926)->(16,12,34.926)->(16,11,36.2438)->(16,10,36.926)->(16,9,37.4938)->(16,8,38.0117)->(16,7,38.5117)->(16,6,39.0117)->(16,5,39.5117)->(16,4,40.0297)->(16,3,40.5975)->(16,2,41.2797)->(16,1,42.5975)->(16,0,44.8117)->(15,0,47.6117)->(14,0,5023.81)->
Agent 27:(13,3,1.8)->(14,3,3.6)->(15,3,6.4)->(15,4,8.61421)->(15,5,9.93205)->(15,6,10.6142)->(15,7,11.1821)->(15,8,11.7)->(15,9,12.2)->(15,10,12.7)->(15,11,13.2)->(15,12,13.7)->(15,13,14.2)->(15,14,14.7179)->(15,15,15.2858)->(15,16,15.9679)->(15,17,17.2858)->(15,18,19.6911)->(16,18,22.0965)->(17,18,23.4143)->(18,18,24.1061)->(19,18,24.7418)->(20,18,25.4336)->(21,18,26.7514)->(22,18,31.8212)->(22,19,36.891)->(22,20,38.2088)->(22,21,38.891)->(22,22,39.4588)->(22,23,39.9947)->(22,24,40.5626)->(22,25,41.2447)->(22,26,42.5626)->(22,27,45.191)->(21,27,5022.79)->
Agent 28:(7,28,2.82841)->(6,28,6.04261)->(6,27,8.67104)->(6,26,9.98888)->(6,25,10.671)->(6,24,11.2389)->(6,23,11.7568)->(6,22,12.2568)->(6,21,12.7568)->(6,20,13.2748)->(6,19,13.8426)->(6,18,14.5248)->(6,17,15.8426)->(6,16,18.0568)->(5,16,20.3063)->(4,16,22.3063)->(3,16,24.5558)->(3,15,26.77)->(3,14,28.0879)->(3,13,28.77)->(3,12,29.3379)->(3,11,29.8558)->(3,10,30.3558)->(3,9,30.8738)->(3,8,31.4416)->(3,7,32.1238)->(3,6,33.4416)->(3,5,36.07)->(4,5,42.2563)->(4,4,5022.61)->
Agent 29:(12,29,4.99626)->(13,29,9.40674)->(14,29,10.7246)->(15,29,11.4067)->(16,29,11.9746)->(17,29,12.4925)->(18,29,12.9925)->(19,29,13.4925)->(20,29,13.9925)->(21,29,14.4925)->(22,29,14.9925)->(23,29,15.4925)->(24,29,15.9925)->(25,29,16.5105)->(26,29,17.0783)->(27,29,17.7605)->(28,29,19.0783)->(29,29,21.7067)->(29,28,5011.05)->
Agent 30:(14,8,2.21421)->(13,8,4.81421)->(13,9,7.44264)->(13,10,8.76048)->(13,11,9.49253)->(13,12,10.2246)->(13,13,11.5424)->(13,14,14.1708)->(14,14,19.0352)->(14,15,22.9632)->(14,16,24.9632)->(14,17,5012.21)->
Agent 31:(0,17,1.3)->(0,18,2.04949)->(0,19,4.04949)->(0,20,8.66369)->(1,20,13.2426)->(2,20,14.5605)->(3,20,15.2426)->(4,20,15.8105)->(5,20,16.3284)->(6,20,16.8284)->(7,20,17.3284)->(8,20,17.8284)->(9,20,18.3284)->(10,20,18.8284)->(11,20,19.3284)->(12,20,19.8284)->(13,20,20.3284)->(14,20,20.8284)->(15,20,21.3284)->(16,20,21.8284)->(17,20,22.3284)->(18,20,22.8284)->(19,20,23.3284)->(20,20,23.8284)->(21,20,24.3284)->(22,20,24.8284)->(23,20,25.3284)->(24,20,25.8284)->(25,20,26.3284)->(26,20,26.8463)->(27,20,27.4142)->(28,20,28.0963)->(29,20,29.4142)->(30,20,31.6284)->(30,21,33.8426)->(30,22,35.2568)->(30,23,36.671)->(30,24,5018.04)->
Agent 32:(24,25,1.8)->(23,25,3.04949)->(22,25,5.04949)->(21,25,7.31359)->(21,24,9.54242)->(21,23,10.8603)->(21,22,11.5424)->(21,21,12.1103)->(21,20,12.6282)->(21,19,13.1282)->(21,18,13.6282)->(21,17,14.1282)->(21,16,14.6282)->(21,15,15.1282)->(21,14,15.6282)->(21,13,16.1462)->(21,12,16.714)->(21,11,17.3962)->(21,10,18.714)->(21,9,22.5283)->(20,9,26.3426)->(19,9,27.6605)->(18,9,28.3426)->(17,9,28.9105)->(16,9,29.4284)->(15,9,29.9284)->(14,9,30.4284)->(13,9,30.9284)->(12,9,31.4284)->(11,9,31.9284)->(10,9,32.4464)->(9,9,33.0142)->(8,9,33.6964)->(7,9,35.0142)->(6,9,37.6426)->(6,8,5019.01)->
Agent 33:(9,20,2.21421)->(8,20,4.81421)->(8,19,7.47792)->(8,18,9.47792)->(8,17,13.4959)->(9,17,28.6921)->(9,18,42.1484)->(9,19,5021.07)->
Agent 34:(8,30,2.21421)->(7,30,4.81421)->(7,29,7.44264)->(7,28,8.76048)->(7,27,9.44264)->(7,26,10.0105)->(7,25,10.5284)->(7,24,11.0284)->(7,23,11.5284)->(7,22,12.0284)->(7,21,12.5284)->(7,20,13.0284)->(7,19,13.5464)->(7,18,14.1142)->(7,17,14.7964)->(7,16,16.1142)->(7,15,19.1463)->(6,15,22.7641)->(5,15,26.2321)->(5,14,29.1142)->(5,13,30.4321)->(5,12,31.1142)->(5,11,31.6821)->(5,10,32.2)->(5,9,32.7)->(5,8,33.2179)->(5,7,33.7858)->(5,6,34.4679)->(5,5,35.7858)->(5,4,38.4142)->(4,4,42.0142)->(4,3,44.6426)->(4,2,46.0569)->(4,1,47.4711)->(4,0,52.2317)->(4,1,5027.37)->
Agent 35:(2,23,2.44626)->(3,23,4.30674)->(4,23,5.62458)->(5,23,6.30674)->(6,23,6.87458)->(7,23,7.39253)->(8,23,7.91048)->(9,23,8.47832)->(10,23,9.16048)->(11,23,10.4783)->(12,23,15.9105)->(12,22,21.3426)->(12,21,22.6605)->(12,20,23.3426)->(12,19,23.9105)->(12,18,24.4284)->(12,17,24.9284)->(12,16,25.4284)->(12,15,25.9284)->(12,14,26.4284)->(12,13,26.9284)->(12,12,27.4284)->(12,11,27.9284)->(12,10,28.4284)->(12,9,28.9284)->(12,8,29.4284)->(12,7,29.9284)->(12,6,30.4284)->(12,5,30.9464)->(12,4,31.5142)->(12,3,32.1964)->(12,2,33.5142)->(12,1,35.7284)->(13,1,37.9426)->(14,1,39.2605)->(15,1,39.9522)->(16,1,40.5879)->(17,1,41.2797)->(18,1,42.5975)->(19,1,45.226)->(19,2,49.6402)->(19,1,5025.42)->
Agent 36:(18,5,4.17843)->(18,6,7.77107)->(18,7,9.08891)->(18,8,9.77107)->(18,9,10.3389)->(18,10,10.8569)->(18,11,11.3569)->(18,12,11.8569)->(18,13,12.3748)->(18,14,12.9426)->(18,15,13.6248)->(18,16,14.9426)->(18,17,5007.18)->
Agent 37:(25,9,2.2)->(25,8,3.84949)->(25,7,5.84949)->(25,6,17.8354)->(24,6,29.786)->(23,6,31.1038)->(22,6,31.8359)->(21,6,32.5679)->(20,6,33.8858)->(19,6,5016.65)->
Agent 38:(6,13,1.8)->(5,13,3.6)->(4,13,6.4)->(4,12,8.61421)->(4,11,9.93205)->(4,10,10.6142)->(4,9,11.1821)->(4,8,11.7)->(4,7,12.2)->(4,6,12.7179)->(4,5,13.2858)->(4,4,13.9679)->(4,3,15.2858)->(4,2,19.2358)->(5,2,23.1858)->(6,2,24.5036)->(7,2,25.1858)->(8,2,25.7536)->(9,2,26.2716)->(10,2,26.7895)->(11,2,27.3574)->(12,2,28.0395)->(13,2,29.3574)->(14,2,5014.39)->
Agent 39:(27,14,1.71421)->(27,15,4.22843)->(26,15,8.24264)->(26,14,10.8711)->(26,13,12.1889)->(26,12,12.8711)->(26,11,13.4389)->(26,10,13.9569)->(26,9,14.4748)->(26,8,15.0426)->(26,7,15.7248)->(26,6,17.0426)->(26,5,19.2569)->(25,5,21.4711)->(24,5,22.7889)->(23,5,23.4711)->(22,5,24.0389)->(21,5,24.5569)->(20,5,25.0748)->(19,5,25.6426)->(18,5,26.3248)->(17,5,27.6426)->(16,5,30.2711)->(16,6,33.8711)->(15,6,36.4995)->(14,6,37.9137)->(13,6,39.3279)->(12,6,5019.37)->
Agent 40:(16,26,3.94626)->(16,27,8.69253)->(17,27,13.5874)->(17,26,17.0965)->(17,25,18.4143)->(17,24,19.0965)->(17,23,19.6643)->(17,22,20.1823)->(17,21,20.6823)->(17,20,21.1823)->(17,19,21.6823)->(17,18,22.1823)->(17,17,22.6823)->(17,16,23.2002)->(17,15,23.7681)->(17,14,24.4502)->(17,13,25.7681)->(17,12,28.3965)->(18,12,5014.39)->
Agent 41:(12,23,2.2)->(12,22,3.81421)->(12,21,5.14806)->(12,20,5.97649)->(12,19,7.31034)->(12,18,9.52456)->(13,18,11.7388)->(14,18,13.0566)->(15,18,13.7388)->(16,18,14.3066)->(17,18,14.8246)->(18,18,15.3246)->(19,18,15.8246)->(20,18,16.3246)->(21,18,16.8246)->(22,18,17.3246)->(23,18,17.8425)->(24,18,18.4103)->(25,18,19.0925)->(26,18,20.4103)->(27,18,22.6246)->(27,17,25.4246)->(27,16,5012.71)->
Agent 42:(6,16,4.06795)->(6,15,7.55011)->(6,14,8.86795)->(6,13,9.55011)->(6,12,10.1179)->(6,11,10.6359)->(6,10,11.1359)->(6,9,11.6359)->(6,8,12.1359)->(6,7,12.6538)->(6,6,13.2217)->(6,5,13.9038)->(6,4,15.2217)->(6,3,5007.32)->
Agent 43:(20,8,1.3)->(20,9,2.01421)->(20,10,3.33205)->(20,11,4.01421)->(20,12,4.58205)->(20,13,5.11795)->(20,14,5.68579)->(20,15,6.36795)->(20,16,7.68579)->(20,17,9.9)->(19,17,12.1142)->(18,17,13.5284)->(17,17,14.9426)->(16,17,26.5531)->(16,18,38.1989)->(16,19,40.1989)->(16,20,5019.82)->
Agent 44:(24,31,3.21421)->(24,30,7.22843)->(25,30,5004.01)->
Agent 45:(30,17,2.2)->(30,16,3.81421)->(30,15,5.13205)->(30,14,5.81421)->(30,13,6.38205)->(30,12,6.9)->(30,11,7.4)->(30,10,7.9)->(30,9,8.4)->(30,8,8.9)->(30,7,9.4)->(30,6,9.9)->(30,5,10.4)->(30,4,10.9179)->(30,3,11.4858)->(30,2,12.1679)->(30,1,13.4858)->(30,0,15.7)->(29,0,17.9142)->(28,0,19.2321)->(27,0,19.9142)->(26,0,20.4821)->(25,0,21)->(24,0,21.5)->(23,0,22)->(22,0,22.5)->(21,0,23)->(20,0,23.5)->(19,0,24)->(18,0,24.5)->(17,0,25)->(16,0,25.5)->(15,0,26)->(14,0,26.5)->(13,0,27.0179)->(12,0,27.5858)->(11,0,28.2679)->(10,0,29.5858)->(9,0,38.5569)->(9,1,48.4995)->(8,1,51.1279)->(7,1,52.4458)->(6,1,53.1279)->(5,1,53.6958)->(4,1,54.2317)->(3,1,54.7995)->(2,1,55.4817)->(1,1,56.7995)->(0,1,5028.11)->
Agent 46:(26,8,2.61421)->(26,7,6.2637)->(25,7,16.6315)->(25,8,25.3783)->(25,9,26.6962)->(25,10,27.3783)->(25,11,27.9462)->(25,12,28.4641)->(25,13,28.9641)->(25,14,29.4641)->(25,15,29.9641)->(25,16,30.4821)->(25,17,31.0499)->(25,18,31.7321)->(25,19,33.0499)->(25,20,5016.23)->
Agent 47:(16,24,2.97256)->(16,23,5.35933)->(16,22,6.67716)->(16,21,7.35933)->(16,20,7.92716)->(16,19,8.44511)->(16,18,8.94511)->(16,17,9.46306)->(16,16,10.0309)->(16,15,10.7131)->(16,14,12.0309)->(16,13,14.6593)->(15,13,20.2368)->(15,12,24.8426)->(15,11,26.1605)->(15,10,26.8426)->(15,9,27.4105)->(15,8,27.9464)->(15,7,28.5142)->(15,6,29.1964)->(15,5,30.5142)->(15,4,5014.96)->
Agent 48:(20,15,1.8)->(21,15,3.6)->(22,15,7.81421)->(22,16,11.4426)->(22,17,12.7605)->(22,18,13.4426)->(22,19,14.0105)->(22,20,14.5284)->(22,21,15.0284)->(22,22,15.5284)->(22,23,16.0284)->(22,24,16.5464)->(22,25,17.1142)->(22,26,17.7964)->(22,27,19.1142)->(22,28,22.2179)->(21,28,25.3217)->(20,28,26.6395)->(19,28,27.3217)->(18,28,27.8895)->(17,28,28.4254)->(16,28,28.9933)->(15,28,29.6754)->(14,28,30.9933)->(13,28,5015.2)->
Agent 49:(4,18,3.85)->(4,17,7.11421)->(4,16,8.43205)->(4,15,9.11421)->(4,14,9.68205)->(4,13,10.2)->(4,12,10.7)->(4,11,11.2)->(4,10,11.7)->(4,9,12.2179)->(4,8,12.7858)->(4,7,13.4679)->(4,6,14.7858)->(4,5,17)->(5,5,19.2142)->(6,5,20.5321)->(7,5,21.2238)->(8,5,21.8595)->(9,5,22.5513)->(10,5,23.8691)->(11,5,26.0833)->(11,4,28.2975)->(11,3,29.6314)->(11,2,30.4598)->(11,1,31.7937)->(11,0,34.4221)->(12,0,42.2108)->(12,1,5023.39)->
Agent 50:(13,12,1.8)->(12,12,3.01421)->(11,12,4.33205)->(10,12,5.01421)->(9,12,5.6)->(8,12,6.18579)->(7,12,6.86795)->(6,12,8.18579)->(5,12,14.1821)->(5,13,20.1783)->(5,14,21.4962)->(5,15,22.1783)->(5,16,22.7462)->(5,17,23.2641)->(5,18,23.7641)->(5,19,24.2641)->(5,20,24.7641)->(5,21,25.2641)->(5,22,25.7641)->(5,23,26.2821)->(5,24,26.8499)->(5,25,27.5321)->(5,26,28.8499)->(5,27,5014.13)->
Agent 51:(29,14,2.2)->(29,13,3.81421)->(29,12,5.13205)->(29,11,5.81421)->(29,10,6.38205)->(29,9,6.9)->(29,8,7.4)->(29,7,7.91795)->(29,6,8.48579)->(29,5,9.16795)->(29,4,10.4858)->(29,3,12.7)->(28,3,14.9142)->(27,3,16.2321)->(26,3,16.9142)->(25,3,17.4821)->(24,3,18)->(23,3,18.5)->(22,3,19)->(21,3,19.5)->(20,3,20)->(19,3,20.5)->(18,3,21)->(17,3,21.5)->(16,3,22)->(15,3,22.5)->(14,3,23)->(13,3,23.5179)->(12,3,24.0858)->(11,3,24.7679)->(10,3,26.0858)->(9,3,28.7142)->(9,2,32.3142)->(8,2,34.9426)->(7,2,36.3569)->(6,2,37.7711)->(5,2,40.3995)->(5,3,5020.39)->
Agent 52:(28,3,2.61421)->(28,2,6.02843)->(27,2,13.8342)->(27,3,20.2542)->(27,4,21.572)->(27,5,22.2542)->(27,6,22.822)->(27,7,23.3399)->(27,8,23.8399)->(27,9,24.3399)->(27,10,24.8399)->(27,11,25.3579)->(27,12,25.9257)->(27,13,26.6079)->(27,14,27.9257)->(27,15,5013.67)->
Agent 53:(18,24,1.8359)->(18,25,3.08601)->(18,26,4.40385)->(18,27,5.1359)->(18,28,5.86795)->(18,29,7.18579)->(18,30,9.4)->(17,30,11.6142)->(16,30,12.9321)->(15,30,13.6238)->(14,30,14.2595)->(13,30,14.9513)->(12,30,16.2691)->(11,30,5007.84)->
Agent 54:(23,30,1.8)->(22,30,3.01421)->(21,30,4.33205)->(20,30,5.01421)->(19,30,5.58205)->(18,30,6.1)->(17,30,6.6)->(16,30,7.1)->(15,30,7.6)->(14,30,8.1)->(13,30,8.6)->(12,30,9.11795)->(11,30,9.68579)->(10,30,10.3679)->(9,30,11.6858)->(8,30,13.9)->(8,29,16.1142)->(8,28,17.4321)->(8,27,18.1142)->(8,26,18.6821)->(8,25,19.2)->(8,24,19.7)->(8,23,20.2)->(8,22,20.7)->(8,21,21.2)->(8,20,21.7)->(8,19,22.2)->(8,18,22.7)->(8,17,23.2)->(8,16,23.7)->(8,15,24.2)->(8,14,24.7)->(8,13,25.2)->(8,12,25.7)->(8,11,26.2)->(8,10,26.7)->(8,9,27.2)->(8,8,27.7)->(8,7,28.2)->(8,6,28.7)->(8,5,29.2)->(8,4,29.7179)->(8,3,30.2858)->(8,2,30.9679)->(8,1,32.2858)->(8,0,35.8569)->(7,0,5018.59)->
Agent 55:(6,28,1.3)->(6,29,2.04949)->(6,30,4.04949)->(6,31,7.57462)->(6,30,11.0645)->(6,29,12.3983)->(6,28,13.2268)->(6,27,14.5606)->(6,26,27.4911)->(5,26,41.0075)->(4,26,5020.5)->
Agent 56:(1,11,1.8)->(2,11,3.01421)->(3,11,4.33205)->(4,11,5.02382)->(5,11,5.65949)->(6,11,6.35126)->(7,11,7.6691)->(8,11,9.88331)->(8,12,12.6833)->(8,13,15.5558)->(7,13,18.4282)->(6,13,23.2283)->(6,14,5012.6)->
Agent 57:(23,1,1.3)->(23,2,2.01421)->(23,3,3.33205)->(23,4,4.01421)->(23,5,4.58205)->(23,6,5.1)->(23,7,5.6)->(23,8,6.1)->(23,9,6.6)->(23,10,7.1)->(23,11,7.6)->(23,12,8.1)->(23,13,8.6)->(23,14,9.1)->(23,15,9.61795)->(23,16,10.1858)->(23,17,10.8679)->(23,18,12.1858)->(23,19,23.1242)->(22,19,34.0626)->(21,19,35.3804)->(20,19,36.0626)->(19,19,36.6304)->(18,19,37.1484)->(17,19,37.6484)->(16,19,38.1484)->(15,19,38.6484)->(14,19,39.1484)->(13,19,39.6484)->(12,19,40.1484)->(11,19,40.6484)->(10,19,41.1484)->(9,19,41.6484)->(8,19,42.1484)->(7,19,42.6663)->(6,19,43.2341)->(5,19,43.9163)->(4,19,45.2341)->(3,19,5022.32)->
Agent 58:(28,15,2.2)->(28,14,3.81421)->(28,13,5.13205)->(28,12,5.81421)->(28,11,6.4)->(28,10,6.98579)->(28,9,7.66795)->(28,8,8.98579)->(28,7,11.2)->(29,7,14)->(30,7,17.2142)->(30,8,5008.8)->
Agent 59:(31,2,1.3)->(31,3,2.01421)->(31,4,3.33205)->(31,5,4.01421)->(31,6,4.58205)->(31,7,5.1)->(31,8,5.6)->(31,9,6.1)->(31,10,6.6)->(31,11,7.11795)->(31,12,7.68579)->(31,13,8.36795)->(31,14,9.68579)->(31,15,14.95)->(30,15,20.2142)->(29,15,21.5321)->(28,15,22.2142)->(27,15,22.7821)->(26,15,23.3)->(25,15,23.8)->(24,15,24.3)->(23,15,24.8)->(22,15,25.3)->(21,15,25.8)->(20,15,26.3)->(19,15,26.8)->(18,15,27.3)->(17,15,27.8)->(16,15,28.3)->(15,15,28.8)->(14,15,29.3)->(13,15,29.8)->(12,15,30.3)->(11,15,30.8179)->(10,15,31.3858)->(9,15,32.0679)->(8,15,33.3858)->(7,15,5016.4)->
Agent 60:(23,29,2.21421)->(24,29,4.81421)->(24,28,7.44264)->(24,27,8.76048)->(24,26,9.44264)->(24,25,10.0105)->(24,24,10.5284)->(24,23,11.0284)->(24,22,11.5284)->(24,21,12.0284)->(24,20,12.5284)->(24,19,13.0284)->(24,18,13.5464)->(24,17,14.1142)->(24,16,14.7964)->(24,15,16.1142)->(24,14,5007.76)->
Agent 61:(27,27,1.8)->(28,27,3.6)->(29,27,6.4)->(29,26,8.61421)->(29,25,9.93205)->(29,24,10.6142)->(29,23,11.1821)->(29,22,11.7)->(29,21,12.2)->(29,20,12.7)->(29,19,13.2179)->(29,18,13.7858)->(29,17,14.4679)->(29,16,15.7858)->(29,15,18)->(28,15,20.2142)->(27,15,21.5321)->(26,15,22.2142)->(25,15,22.7821)->(24,15,23.3)->(23,15,23.8)->(22,15,24.3)->(21,15,24.8)->(20,15,25.3)->(19,15,25.8)->(18,15,26.3)->(17,15,26.8)->(16,15,27.3)->(15,15,27.8)->(14,15,28.3)->(13,15,28.8)->(12,15,29.3)->(11,15,29.8)->(10,15,30.3)->(9,15,30.8)->(8,15,31.3)->(7,15,31.8)->(6,15,32.3)->(5,15,32.8)->(4,15,33.3179)->(3,15,33.8858)->(2,15,34.5679)->(1,15,35.8858)->(0,15,5017.65)->
Agent 62:(21,26,1.8)->(20,26,3.6)->(19,26,6.4)->(19,25,8.61421)->(19,24,9.93205)->(19,23,10.6238)->(19,22,11.2595)->(19,21,11.9513)->(19,20,13.2691)->(19,19,15.4833)->(18,19,17.7328)->(17,19,19.7328)->(16,19,28.4153)->(16,20,37.6484)->(16,21,5018.82)->
Agent 63:(24,9,2.03216)->(23,9,3.47854)->(22,9,4.79638)->(21,9,5.47854)->(20,9,6.04638)->(19,9,6.56433)->(18,9,7.06433)->(17,9,7.56433)->(16,9,8.06433)->(15,9,8.56433)->(14,9,9.06433)->(13,9,9.56433)->(12,9,10.0823)->(11,9,10.6501)->(10,9,11.3323)->(9,9,12.6501)->(8,9,14.8643)->(8,8,17.0785)->(8,7,18.3964)->(8,6,19.1284)->(8,5,19.8605)->(8,4,21.1783)->(8,3,23.8067)->(7,3,5012.1)->
Agent 64:(28,18,2.61421)->(28,17,8.65)->(27,17,14.3142)->(26,17,15.6321)->(25,17,16.3142)->(24,17,16.8821)->(23,17,17.4179)->(22,17,17.9858)->(21,17,18.6679)->(20,17,19.9858)->(19,17,23.35)->(19,16,26.7142)->(19,15,28.0321)->(19,14,28.7142)->(19,13,29.2821)->(19,12,29.8)->(19,11,30.3)->(19,10,30.8)->(19,9,31.3)->(19,8,31.8)->(19,7,32.3)->(19,6,32.8)->(19,5,33.3)->(19,4,33.8179)->(19,3,34.3858)->(19,2,35.0679)->(19,1,36.3858)->(19,0,5017.9)->
Agent 65:(27,24,1.8)->(26,24,3.01421)->(25,24,4.33205)->(24,24,5.01421)->(23,24,5.58205)->(22,24,6.1)->(21,24,6.6)->(20,24,7.1)->(19,24,7.6)->(18,24,8.1)->(17,24,8.6)->(16,24,9.1)->(15,24,9.6)->(14,24,10.1)->(13,24,10.6)->(12,24,11.1)->(11,24,11.6)->(10,24,12.1)->(9,24,12.6)->(8,24,13.1)->(7,24,13.6179)->(6,24,14.1858)->(5,24,14.8679)->(4,24,16.1858)->(3,24,18.8142)->(3,23,5009.6)->
Agent 66:(26,3,1.71421)->(26,4,5.80051)->(27,4,10.4505)->(28,4,12.4505)->(29,4,14.7)->(29,5,16.9142)->(29,6,18.2321)->(29,7,18.9142)->(29,8,19.4821)->(29,9,20.0179)->(29,10,20.5858)->(29,11,21.2679)->(29,12,22.5858)->(29,13,5011)->
Agent 67:(27,0,1.3)->(27,1,2.01421)->(27,2,3.33205)->(27,3,4.01421)->(27,4,4.58205)->(27,5,5.1)->(27,6,5.6)->(27,7,6.1)->(27,8,6.61795)->(27,9,7.18579)->(27,10,7.86795)->(27,11,9.18579)->(27,12,12.3248)->(26,12,15.4638)->(25,12,16.7817)->(24,12,17.4638)->(23,12,18.0317)->(22,12,18.5496)->(21,12,19.0496)->(20,12,19.5496)->(19,12,20.0496)->(18,12,20.5496)->(17,12,21.0676)->(16,12,21.6354)->(15,12,22.3176)->(14,12,23.6354)->(13,12,29.2207)->(13,13,34.8059)->(13,14,36.1238)->(13,15,36.8558)->(13,16,37.5879)->(13,17,38.9057)->(13,18,5019.16)->
Agent 68:(31,16,1.3)->(31,17,2.01421)->(31,18,3.34806)->(31,19,4.17649)->(31,20,5.51034)->(31,21,17.2865)->(30,21,29.0626)->(29,21,30.3804)->(28,21,31.0626)->(27,21,31.6304)->(26,21,32.1484)->(25,21,32.6484)->(24,21,33.1484)->(23,21,33.6484)->(22,21,34.1484)->(21,21,34.6484)->(20,21,35.1484)->(19,21,35.6484)->(18,21,36.1484)->(17,21,36.6484)->(16,21,37.1484)->(15,21,37.6484)->(14,21,38.1484)->(13,21,38.6484)->(12,21,39.1484)->(11,21,39.6484)->(10,21,40.1484)->(9,21,40.6663)->(8,21,41.2341)->(7,21,41.9163)->(6,21,43.2341)->(5,21,5021.32)->
Agent 69:(9,7,1.3)->(9,8,2.04949)->(9,9,4.04949)->(9,10,7.11744)->(10,10,10.1501)->(11,10,11.4679)->(12,10,12.1501)->(13,10,12.7179)->(14,10,13.2359)->(15,10,13.7359)->(16,10,14.2538)->(17,10,14.8217)->(18,10,15.5038)->(19,10,16.8217)->(20,10,5008.12)->
Agent 70:(29,22,1.8)->(28,22,3.01421)->(27,22,4.33205)->(26,22,5.01421)->(25,22,5.58205)->(24,22,6.1)->(23,22,6.6)->(22,22,7.1)->(21,22,7.6)->(20,22,8.1)->(19,22,8.6)->(18,22,9.1)->(17,22,9.6)->(16,22,10.1)->(15,22,10.6)->(14,22,11.1)->(13,22,11.6)->(12,22,12.1)->(11,22,12.6179)->(10,22,13.1858)->(9,22,13.8679)->(8,22,15.1858)->(7,22,23.3642)->(8,22,31.5779)->(9,22,33.5779)->(10,22,5016.51)->
Agent 71:(25,14,2.71421)->(26,14,4.84264)->(27,14,6.17649)->(28,14,7.00492)->(29,14,8.33877)->(30,14,16.1049)->(30,15,5010.81)->
Agent 72:(0,10,1.3)->(0,11,2.01421)->(0,12,3.34806)->(0,13,4.17649)->(0,14,5.51034)->(0,15,7.72456)->(1,15,9.93877)->(2,15,11.2566)->(3,15,11.9388)->(4,15,12.5066)->(5,15,13.0246)->(6,15,13.5246)->(7,15,14.0246)->(8,15,14.5246)->(9,15,15.0246)->(10,15,15.5246)->(11,15,16.0246)->(12,15,16.5425)->(13,15,17.1103)->(14,15,17.7925)->(15,15,19.1103)->(16,15,21.7388)->(16,14,5011.06)->
Agent 73:(29,25,2.35854)->(29,24,4.1313)->(29,23,5.44913)->(29,22,6.1313)->(29,21,6.69913)->(29,20,7.21708)->(29,19,7.71708)->(29,18,8.21708)->(29,17,8.71708)->(29,16,9.23503)->(29,15,9.80287)->(29,14,10.485)->(29,13,11.8029)->(29,12,14.1567)->(28,12,16.5106)->(27,12,17.8284)->(26,12,18.5605)->(25,12,19.2925)->(24,12,20.6103)->(23,12,23.3122)->(23,11,26.014)->(23,10,27.3318)->(23,9,28.014)->(23,8,28.5818)->(23,7,29.0998)->(23,6,29.5998)->(23,5,30.0998)->(23,4,30.6177)->(23,3,31.1856)->(23,2,31.8677)->(23,1,33.1856)->(23,0,5016.3)->
Agent 74:(7,10,1.3)->(7,11,2.01421)->(7,12,3.33205)->(7,13,4.01421)->(7,14,4.58205)->(7,15,5.11795)->(7,16,5.68579)->(7,17,6.36795)->(7,18,7.68579)->(7,19,9.9)->(8,19,12.1142)->(9,19,13.4321)->(10,19,14.1142)->(11,19,14.7)->(12,19,15.2858)->(13,19,15.9679)->(14,19,17.2858)->(15,19,27.4242)->(15,20,38.1484)->(15,21,5019.07)->
Agent 75:(31,24,1.3)->(31,25,2.01421)->(31,26,3.34806)->(31,27,4.17649)->(31,28,5.51034)->(31,29,14.9228)->(30,29,24.3352)->(29,29,25.653)->(28,29,26.3352)->(27,29,26.903)->(26,29,27.421)->(25,29,27.921)->(24,29,28.421)->(23,29,28.921)->(22,29,29.421)->(21,29,29.921)->(20,29,30.421)->(19,29,30.921)->(18,29,31.421)->(17,29,31.921)->(16,29,32.421)->(15,29,32.921)->(14,29,33.421)->(13,29,33.921)->(12,29,34.421)->(11,29,34.921)->(10,29,35.421)->(9,29,35.921)->(8,29,36.421)->(7,29,36.921)->(6,29,37.421)->(5,29,37.9389)->(4,29,38.5067)->(3,29,39.1889)->(2,29,40.5067)->(1,29,43.1352)->(1,30,5021.76)->
Agent 76:(23,19,1.8)->(22,19,3.04949)->(21,19,5.04949)->(20,19,8.59949)->(20,18,12.1142)->(20,17,13.4481)->(20,16,14.2765)->(20,15,15.6103)->(20,14,18.2388)->(21,14,23.8765)->(21,15,5013.15)->
Agent 77:(6,18,4.06795)->(6,17,7.55011)->(6,16,8.96433)->(6,15,10.3785)->(6,14,17.4964)->(7,14,25.2)->(8,14,5012.6)->
Agent 78:(1,3,2.4142)->(2,3,4.24261)->(3,3,5.56045)->(4,3,6.24261)->(5,3,6.81045)->(6,3,7.34635)->(7,3,7.91419)->(8,3,8.59635)->(9,3,9.91419)->(10,3,12.1284)->(10,2,14.3779)->(10,1,16.3779)->(10,0,21.5674)->(10,1,27.3075)->(10,2,5013.65)->
Agent 79:(10,26,3.21421)->(10,25,5.84264)->(10,24,7.16048)->(10,23,7.84264)->(10,22,8.41048)->(10,21,8.92843)->(10,20,9.42843)->(10,19,9.92843)->(10,18,10.4284)->(10,17,10.9284)->(10,16,11.4284)->(10,15,11.9284)->(10,14,12.4284)->(10,13,12.9284)->(10,12,13.4284)->(10,11,13.9464)->(10,10,14.5142)->(10,9,15.1964)->(10,8,16.5142)->(10,7,18.7284)->(11,7,20.9426)->(12,7,22.2605)->(13,7,22.9426)->(14,7,23.5105)->(15,7,24.0284)->(16,7,24.5284)->(17,7,25.0284)->(18,7,25.5284)->(19,7,26.0284)->(20,7,26.5284)->(21,7,27.0284)->(22,7,27.5284)->(23,7,28.0284)->(24,7,28.5464)->(25,7,29.1142)->(26,7,29.7964)->(27,7,31.1142)->(28,7,5015.26)->
Agent 80:(28,16,5.07843)->(28,15,9.57107)->(28,14,10.8889)->(28,13,11.5711)->(28,12,12.1389)->(28,11,12.6569)->(28,10,13.1569)->(28,9,13.6569)->(28,8,14.1569)->(28,7,14.6569)->(28,6,15.1748)->(28,5,15.7426)->(28,4,16.4248)->(28,3,17.7426)->(28,2,5008.58)->
Agent 81:(24,8,1.8)->(23,8,3.01421)->(22,8,4.33205)->(21,8,5.01421)->(20,8,5.58205)->(19,8,6.1)->(18,8,6.6)->(17,8,7.1)->(16,8,7.6)->(15,8,8.1)->(14,8,8.6)->(13,8,9.11795)->(12,8,9.68579)->(11,8,10.3679)->(10,8,11.6858)->(9,8,13.9)->(9,9,16.1495)->(9,10,18.1495)->(9,11,5008.8)->
Agent 82:(2,5,1.3)->(2,6,2.01421)->(2,7,3.33205)->(2,8,4.01421)->(2,9,4.58205)->(2,10,5.1)->(2,11,5.6)->(2,12,6.1)->(2,13,6.6)->(2,14,7.1)->(2,15,7.6)->(2,16,8.1)->(2,17,8.6)->(2,18,9.1)->(2,19,9.61795)->(2,20,10.1858)->(2,21,10.8679)->(2,22,12.1858)->(2,23,14.9)->(3,23,17.6142)->(4,23,18.9321)->(5,23,19.6142)->(6,23,20.1821)->(7,23,20.7)->(8,23,21.2)->(9,23,21.7)->(10,23,22.2179)->(11,23,22.7858)->(12,23,23.4679)->(13,23,24.7858)->(14,23,27)->(14,22,29.2142)->(14,21,30.5481)->(14,20,31.3765)->(14,19,32.7103)->(14,18,35.8865)->(15,18,39.0626)->(16,18,40.3804)->(17,18,41.0626)->(18,18,41.6484)->(19,18,42.2341)->(20,18,42.9163)->(21,18,44.2341)->(22,18,46.4484)->(22,19,49.2484)->(22,20,5024.62)->
Agent 83:(17,18,4.85)->(17,17,9.11421)->(17,16,10.4321)->(17,15,11.1142)->(17,14,11.6821)->(17,13,12.2)->(17,12,12.7)->(17,11,13.2)->(17,10,13.7179)->(17,9,14.2858)->(17,8,14.9679)->(17,7,16.2858)->(17,6,19.1926)->(16,6,22.0995)->(15,6,23.4173)->(14,6,24.0995)->(13,6,24.6673)->(12,6,25.1853)->(11,6,25.6853)->(10,6,26.1853)->(9,6,26.6853)->(8,6,27.1853)->(7,6,27.6853)->(6,6,28.1853)->(5,6,28.7032)->(4,6,29.2711)->(3,6,29.9532)->(2,6,31.2711)->(1,6,5015.34)->
Agent 84:(7,17,1.8)->(8,17,3.01421)->(9,17,4.33205)->(10,17,5.0641)->(11,17,5.79615)->(12,17,7.11399)->(13,17,22.0099)->(13,18,36.9057)->(13,19,38.3199)->(13,20,39.7341)->(13,21,5019.57)->
Agent 85:(24,1,1.3)->(24,2,2.01421)->(24,3,3.33205)->(24,4,4.01421)->(24,5,4.58205)->(24,6,5.1)->(24,7,5.6)->(24,8,6.1)->(24,9,6.61795)->(24,10,7.18579)->(24,11,7.86795)->(24,12,9.18579)->(24,13,12.4642)->(25,13,15.7426)->(26,13,17.0605)->(27,13,17.7522)->(28,13,18.3879)->(29,13,19.0797)->(30,13,20.3975)->(31,13,22.9801)->(31,14,25.5626)->(31,15,26.8804)->(31,16,27.5626)->(31,17,28.1304)->(31,18,28.6484)->(31,19,29.1484)->(31,20,29.6484)->(31,21,30.1663)->(31,22,30.7341)->(31,23,31.4163)->(31,24,32.7341)->(31,25,5016.07)->
Agent 86:(17,23,1.96421)->(17,24,3.34264)->(17,25,4.66048)->(17,26,5.34264)->(17,27,5.92843)->(17,28,6.51421)->(17,29,7.19638)->(17,30,8.51421)->(17,31,10.7284)->(16,31,12.9426)->(15,31,14.2605)->(14,31,14.9426)->(13,31,15.5105)->(12,31,16.0464)->(11,31,16.6142)->(10,31,17.2964)->(9,31,18.6142)->(8,31,5009.01)->
Agent 87:(6,1,1.3)->(6,2,2.04949)->(6,3,4.04949)->(6,4,6.29898)->(7,4,8.51319)->(8,4,9.83103)->(9,4,10.5132)->(10,4,11.081)->(11,4,11.599)->(12,4,12.099)->(13,4,12.599)->(14,4,13.099)->(15,4,13.599)->(16,4,14.1169)->(17,4,14.6848)->(18,4,15.3669)->(19,4,16.6848)->(20,4,19.7137)->(20,3,24.7569)->(20,4,5013.09)->
Agent 88:(2,3,1.4142)->(2,4,2.24261)->(2,5,3.56045)->(2,6,4.24261)->(2,7,4.81045)->(2,8,5.3284)->(2,9,5.8284)->(2,10,6.3284)->(2,11,6.8284)->(2,12,7.3284)->(2,13,7.8284)->(2,14,8.3284)->(2,15,8.8284)->(2,16,9.3284)->(2,17,9.84635)->(2,18,10.4142)->(2,19,11.0963)->(2,20,12.4142)->(2,21,17.0242)->(3,21,21.6341)->(4,21,22.952)->(5,21,23.6341)->(6,21,24.202)->(7,21,24.7199)->(8,21,25.2199)->(9,21,25.7199)->(10,21,26.2199)->(11,21,26.7199)->(12,21,27.2199)->(13,21,27.7379)->(14,21,28.3057)->(15,21,28.9879)->(16,21,30.3057)->(17,21,32.9341)->(17,22,5016.66)->
Agent 89:(27,19,1.8)->(26,19,3.01421)->(25,19,4.33205)->(24,19,5.0641)->(23,19,5.79615)->(22,19,7.11399)->(21,19,9.3282)->(21,18,11.5424)->(21,17,12.8603)->(21,16,13.5424)->(21,15,14.1103)->(21,14,14.6282)->(21,13,15.1282)->(21,12,15.6282)->(21,11,16.1282)->(21,10,16.6282)->(21,9,17.1282)->(21,8,17.6462)->(21,7,18.214)->(21,6,18.8962)->(21,5,20.214)->(21,4,22.4925)->(20,4,24.7711)->(19,4,26.0889)->(18,4,26.7711)->(17,4,27.3389)->(16,4,27.8569)->(15,4,28.3569)->(14,4,28.8569)->(13,4,29.3569)->(12,4,29.8569)->(11,4,30.3569)->(10,4,30.8569)->(9,4,31.3569)->(8,4,31.8569)->(7,4,32.3569)->(6,4,32.8748)->(5,4,33.4426)->(4,4,34.1248)->(3,4,35.4426)->(2,4,5017.43)->
Agent 90:(11,22,3.35)->(11,21,6.11421)->(11,20,7.43205)->(11,19,8.11421)->(11,18,8.68205)->(11,17,9.2)->(11,16,9.7)->(11,15,10.2)->(11,14,10.7)->(11,13,11.2)->(11,12,11.7)->(11,11,12.2)->(11,10,12.7)->(11,9,13.2179)->(11,8,13.7858)->(11,7,14.4679)->(11,6,15.7858)->(11,5,18)->(12,5,20.8)->(13,5,5010.4)->
Agent 91:(18,28,1.8)->(19,28,3.6)->(20,28,6.4)->(20,27,8.61421)->(20,26,9.93205)->(20,25,10.6641)->(20,24,11.3962)->(20,23,12.714)->(20,22,17.0278)->(20,23,5009.55)->
Agent 92:(23,10,1.3)->(23,11,2.01421)->(23,12,3.33205)->(23,13,4.01421)->(23,14,4.58205)->(23,15,5.1)->(23,16,5.6)->(23,17,6.11795)->(23,18,6.68579)->(23,19,7.36795)->(23,20,8.68579)->(23,21,10.9)->(22,21,13.1142)->(21,21,14.4321)->(20,21,15.1142)->(19,21,15.7)->(18,21,16.2858)->(17,21,16.9679)->(16,21,18.2858)->(15,21,22.9779)->(15,22,5012.71)->
Agent 93:(2,29,10.8426)->(2,28,21.0995)->(2,27,22.4173)->(2,26,23.0995)->(2,25,23.6673)->(2,24,24.1853)->(2,23,24.6853)->(2,22,25.1853)->(2,21,25.6853)->(2,20,26.1853)->(2,19,26.6853)->(2,18,27.1853)->(2,17,27.6853)->(2,16,28.1853)->(2,15,28.6853)->(2,14,29.1853)->(2,13,29.6853)->(2,12,30.1853)->(2,11,30.6853)->(2,10,31.1853)->(2,9,31.6853)->(2,8,32.1853)->(2,7,32.6853)->(2,6,33.1853)->(2,5,33.7032)->(2,4,34.2711)->(2,3,34.9532)->(2,2,36.2711)->(2,1,38.4853)->(3,1,40.6995)->(4,1,42.0173)->(5,1,42.6995)->(6,1,43.2673)->(7,1,43.7853)->(8,1,44.2853)->(9,1,44.7853)->(10,1,45.2853)->(11,1,45.7853)->(12,1,46.2853)->(13,1,46.7853)->(14,1,47.2853)->(15,1,47.7853)->(16,1,48.2853)->(17,1,48.7853)->(18,1,49.2853)->(19,1,49.7853)->(20,1,50.2853)->(21,1,50.7853)->(22,1,51.3032)->(23,1,51.8711)->(24,1,52.5532)->(25,1,53.8711)->(26,1,5026.64)->
Agent 94:(3,3,1.3)->(3,4,2.01421)->(3,5,3.33205)->(3,6,4.01421)->(3,7,4.58205)->(3,8,5.1)->(3,9,5.6)->(3,10,6.1)->(3,11,6.6)->(3,12,7.1)->(3,13,7.6)->(3,14,8.1)->(3,15,8.6)->(3,16,9.1)->(3,17,9.6)->(3,18,10.1)->(3,19,10.6)->(3,20,11.1)->(3,21,11.6179)->(3,22,12.1858)->(3,23,12.8679)->(3,24,14.1858)->(3,25,16.4)->(4,25,18.6142)->(5,25,19.9321)->(6,25,20.6142)->(7,25,21.1821)->(8,25,21.7)->(9,25,22.2)->(10,25,22.7)->(11,25,23.2)->(12,25,23.7)->(13,25,24.2)->(14,25,24.7179)->(15,25,25.2858)->(16,25,25.9679)->(17,25,27.2858)->(18,25,29.9142)->(18,26,5015.15)->
Agent 95:(17,10,2.2)->(17,9,3.81421)->(17,8,5.13205)->(17,7,5.81421)->(17,6,6.4)->(17,5,6.98579)->(17,4,7.66795)->(17,3,8.98579)->(17,2,11.2)->(16,2,13.4142)->(15,2,14.7321)->(14,2,15.4142)->(13,2,15.9821)->(12,2,16.5)->(11,2,17.0179)->(10,2,17.5858)->(9,2,18.2679)->(8,2,19.5858)->(7,2,21.8)->(7,1,24.6)->(7,0,30.8926)->(7,1,37.1853)->(7,2,5018.59)->
Agent 96:(9,0,3.11795)->(9,1,5.65011)->(9,2,6.96795)->(9,3,7.65011)->(9,4,8.21795)->(9,5,8.7359)->(9,6,9.2359)->(9,7,9.7359)->(9,8,10.2359)->(9,9,10.7359)->(9,10,11.2359)->(9,11,11.7359)->(9,12,12.2359)->(9,13,12.7359)->(9,14,13.2359)->(9,15,13.7359)->(9,16,14.2359)->(9,17,14.7359)->(9,18,15.2359)->(9,19,15.7359)->(9,20,16.2359)->(9,21,16.7359)->(9,22,17.2359)->(9,23,17.7538)->(9,24,18.3217)->(9,25,19.0038)->(9,26,20.3217)->(9,27,22.5359)->(8,27,24.7501)->(7,27,26.0679)->(6,27,26.8)->(5,27,27.5321)->(4,27,28.8499)->(3,27,5014.13)->
Agent 97:(0,8,4.1642)->(0,9,7.74261)->(0,10,9.06045)->(0,11,9.74261)->(0,12,10.3105)->(0,13,10.8284)->(0,14,11.3284)->(0,15,11.8284)->(0,16,12.3284)->(0,17,12.8284)->(0,18,13.3284)->(0,19,13.8284)->(0,20,14.3284)->(0,21,14.8463)->(0,22,15.4142)->(0,23,16.0963)->(0,24,17.4142)->(0,25,20.5068)->(1,25,23.6348)->(2,25,25.6348)->(3,25,5012.54)->
Agent 98:(25,28,3.5)->(25,27,6.41421)->(25,26,7.82843)->(25,25,9.24264)->(25,24,11.4569)->(24,24,14.2569)->(23,24,5007.13)->
Agent 99:(24,23,1.8)->(23,23,3.01421)->(22,23,4.33205)->(21,23,5.01421)->(20,23,5.58205)->(19,23,6.11795)->(18,23,6.68579)->(17,23,7.36795)->(16,23,8.68579)->(15,23,10.9)->(15,24,13.1495)->(15,25,15.1495)->(15,26,5007.3)->
Agent 100:(26,13,1.3)->(26,14,2.01421)->(26,15,3.33205)->(26,16,4.01421)->(26,17,4.58205)->(26,18,5.11795)->(26,19,5.68579)->(26,20,6.36795)->(26,21,7.68579)->(26,22,13.2637)->(25,22,18.8416)->(24,22,20.1595)->(23,22,20.8416)->(22,22,21.4095)->(21,22,21.9274)->(20,22,22.4274)->(19,22,22.9274)->(18,22,23.4274)->(17,22,23.9274)->(16,22,24.4274)->(15,22,24.9274)->(14,22,25.4454)->(13,22,26.0132)->(12,22,26.6954)->(11,22,28.0132)->(10,22,30.2274)->(10,23,33.0274)->(10,24,5016.51)->
Agent 101:(9,25,1.8)->(10,25,3.01421)->(11,25,4.33205)->(12,25,5.02382)->(13,25,5.65949)->(14,25,6.35126)->(15,25,7.6691)->(16,25,9.88331)->(16,24,12.6833)->(16,23,19.6917)->(16,24,26.7)->(16,25,5013.35)->
Agent 102:(27,29,2.2)->(27,28,3.81421)->(27,27,5.13205)->(27,26,5.81421)->(27,25,6.38205)->(27,24,6.9)->(27,23,7.4)->(27,22,7.9)->(27,21,8.4)->(27,20,8.91795)->(27,19,9.48579)->(27,18,10.1679)->(27,17,11.4858)->(27,16,13.7069)->(26,16,15.9279)->(25,16,17.2458)->(24,16,17.9279)->(23,16,18.4958)->(22,16,19.0137)->(21,16,19.5137)->(20,16,20.0137)->(19,16,20.5137)->(18,16,21.0137)->(17,16,21.5137)->(16,16,22.0137)->(15,16,22.5137)->(14,16,23.0137)->(13,16,23.5137)->(12,16,24.0137)->(11,16,24.5137)->(10,16,25.0137)->(9,16,25.5137)->(8,16,26.0137)->(7,16,26.5137)->(6,16,27.0137)->(5,16,27.5317)->(4,16,28.0995)->(3,16,28.7817)->(2,16,30.0995)->(1,16,5014.76)->
Agent 103:(22,4,6.75685)->(22,5,12.9279)->(22,6,14.2458)->(22,7,14.9279)->(22,8,15.4958)->(22,9,16.0137)->(22,10,16.5137)->(22,11,17.0137)->(22,12,17.5317)->(22,13,18.0995)->(22,14,18.7817)->(22,15,20.0995)->(22,16,5009.76)->
Agent 104:(1,17,2.2)->(1,16,3.81421)->(1,15,5.13205)->(1,14,5.8641)->(1,13,6.59615)->(1,12,7.91399)->(1,11,10.1282)->(2,11,12.3424)->(3,11,13.6603)->(4,11,14.3424)->(5,11,14.9103)->(6,11,15.4282)->(7,11,15.9282)->(8,11,16.4282)->(9,11,16.9282)->(10,11,17.4282)->(11,11,17.9282)->(12,11,18.4282)->(13,11,18.9282)->(14,11,19.4282)->(15,11,19.9282)->(16,11,20.4282)->(17,11,20.9282)->(18,11,21.4282)->(19,11,21.9282)->(20,11,22.4282)->(21,11,22.9282)->(22,11,23.4462)->(23,11,24.014)->(24,11,24.6962)->(25,11,26.014)->(26,11,5012.71)->
Agent 105:(20,13,1.8)->(19,13,3.01421)->(18,13,4.33205)->(17,13,5.01421)->(16,13,5.58205)->(15,13,6.1)->(14,13,6.6)->(13,13,7.1)->(12,13,7.6)->(11,13,8.11795)->(10,13,8.68579)->(9,13,9.36795)->(8,13,10.6858)->(7,13,13.2641)->(7,12,16.4282)->(7,11,5008.21)->
Agent 106:(24,0,1.8)->(25,0,3.6)->(26,0,10.1005)->(26,1,16.0505)->(26,2,18.0505)->(26,3,20.9984)->(27,3,5010.83)->
Agent 107:(13,25,1.71421)->(13,26,4.13205)->(14,26,7.07832)->(15,26,8.39615)->(16,26,9.07832)->(17,26,9.64615)->(18,26,10.1641)->(19,26,10.6641)->(20,26,11.1641)->(21,26,11.6641)->(22,26,12.1641)->(23,26,12.6641)->(24,26,13.1641)->(25,26,13.6821)->(26,26,14.2499)->(27,26,14.9321)->(28,26,16.2499)->(29,26,5007.83)->
Agent 108:(25,24,1.71421)->(25,25,4.21421)->(25,24,7.24264)->(25,23,8.56048)->(25,22,9.24264)->(25,21,9.81048)->(25,20,10.3284)->(25,19,10.8284)->(25,18,11.3284)->(25,17,11.8284)->(25,16,12.3284)->(25,15,12.8284)->(25,14,13.3284)->(25,13,13.8284)->(25,12,14.3464)->(25,11,14.9142)->(25,10,15.5964)->(25,9,16.9142)->(25,8,19.1284)->(24,8,21.3426)->(23,8,22.6605)->(22,8,23.3426)->(21,8,23.9105)->(20,8,24.4284)->(19,8,24.9284)->(18,8,25.4284)->(17,8,25.9284)->(16,8,26.4284)->(15,8,26.9284)->(14,8,27.4284)->(13,8,27.9284)->(12,8,28.4284)->(11,8,28.9284)->(10,8,29.4284)->(9,8,29.9284)->(8,8,30.4284)->(7,8,30.9284)->(6,8,31.4284)->(5,8,31.9464)->(4,8,32.5142)->(3,8,33.1964)->(2,8,34.5142)->(1,8,5016.96)->
Agent 109:(18,9,1.8)->(18,10,3.01421)->(18,11,4.33205)->(18,12,5.01421)->(18,13,5.58205)->(18,14,6.1)->(18,15,6.6)->(18,16,7.1)->(18,17,7.6)->(18,18,8.1)->(18,19,8.61795)->(18,20,9.18579)->(18,21,9.86795)->(18,22,11.1858)->(18,23,13.4)->(19,23,15.6495)->(20,23,17.6495)->(21,23,5008.55)->
