Agent 0:(21,4,2.61421)->(21,3,5.61421)->(22,3,8.24264)->(23,3,9.65685)->(24,3,11.0711)->(25,3,13.3717)->(25,4,15.6723)->(25,5,16.9901)->(25,6,17.6723)->(25,7,18.2401)->(25,8,18.7581)->(25,9,19.276)->(25,10,19.8439)->(25,11,20.526)->(25,12,21.8439)->(25,13,24.4723)->(26,13,29.4075)->(26,14,33.3711)->(26,15,34.6889)->(26,16,35.3711)->(26,17,35.9389)->(26,18,36.4569)->(26,19,36.9748)->(26,20,37.5426)->(26,21,38.2248)->(26,22,39.5426)->(26,23,41.7569)->(25,23,44.5569)->(24,23,5022.28)->
Agent 1:(17,29,1.8)->(16,29,3.01421)->(15,29,4.33205)->(14,29,5.01421)->(13,29,5.58205)->(12,29,6.1)->(11,29,6.6)->(10,29,7.1)->(9,29,7.61795)->(8,29,8.18579)->(7,29,8.86795)->(6,29,10.1858)->(5,29,12.4)->(5,28,14.6142)->(5,27,15.9321)->(5,26,16.6142)->(5,25,17.1821)->(5,24,17.7)->(5,23,18.2)->(5,22,18.7)->(5,21,19.2)->(5,20,19.7)->(5,19,20.2)->(5,18,20.7)->(5,17,21.2)->(5,16,21.7)->(5,15,22.2)->(5,14,22.7)->(5,13,23.2)->(5,12,23.7)->(5,11,24.2179)->(5,10,24.7858)->(5,9,25.4679)->(5,8,26.7858)->(5,7,29.4142)->(4,7,5014.9)->
Agent 2:(10,12,1.8)->(11,12,3.6)->(12,12,6.81421)->(12,11,10.4142)->(13,11,13.0779)->(14,11,15.0779)->(15,11,18.6054)->(15,12,22.0975)->(15,13,23.5117)->(15,14,24.926)->(15,15,27.1402)->(16,15,29.9402)->(17,15,33.1544)->(17,14,5016.77)->
Agent 3:(22,26,1.3)->(22,27,2.6)->(22,28,6.06228)->(21,28,8.93877)->(20,28,10.2566)->(19,28,10.9388)->(18,28,11.5246)->(17,28,12.1103)->(16,28,12.7925)->(15,28,14.1103)->(14,28,18.2765)->(14,27,22.4426)->(14,26,23.7605)->(14,25,24.4426)->(14,24,25.0105)->(14,23,25.5284)->(14,22,26.0284)->(14,21,26.5284)->(14,20,27.0464)->(14,19,27.6142)->(14,18,28.2964)->(14,17,29.6142)->(14,16,32.2058)->(13,16,34.8326)->(12,16,36.8326)->(11,16,39.1547)->(11,15,41.4416)->(11,14,42.7595)->(11,13,43.4416)->(11,12,44.0095)->(11,11,44.5274)->(11,10,45.0274)->(11,9,45.5274)->(11,8,46.0274)->(11,7,46.5274)->(11,6,47.0274)->(11,5,47.5274)->(11,4,48.0454)->(11,3,48.6132)->(11,2,49.2954)->(11,1,50.6132)->(11,0,5025.01)->
Agent 4:(10,0,1.71421)->(10,1,5.51421)->(10,0,11.6284)->(10,1,16.0426)->(9,1,18.6711)->(8,1,19.9889)->(7,1,20.6711)->(6,1,21.2389)->(5,1,21.7569)->(4,1,22.2748)->(3,1,22.8426)->(2,1,23.5248)->(1,1,24.8426)->(0,1,27.0569)->(0,2,29.2711)->(0,3,30.5889)->(0,4,31.2711)->(0,5,31.8389)->(0,6,32.3569)->(0,7,32.8569)->(0,8,33.3569)->(0,9,33.8569)->(0,10,34.3569)->(0,11,34.8569)->(0,12,35.3569)->(0,13,35.8569)->(0,14,36.3569)->(0,15,36.8569)->(0,16,37.3569)->(0,17,37.8569)->(0,18,38.3569)->(0,19,38.8569)->(0,20,39.3569)->(0,21,39.8569)->(0,22,40.3748)->(0,23,40.9426)->(0,24,41.6248)->(0,25,42.9426)->(0,26,45.1569)->(1,26,47.9569)->(2,26,51.1711)->(2,27,5025.78)->
Agent 5:(21,14,2.2)->(21,13,3.81421)->(21,12,5.13205)->(21,11,5.81421)->(21,10,6.4)->(21,9,6.98579)->(21,8,7.66795)->(21,7,8.98579)->(21,6,11.4569)->(20,6,14.5137)->(19,6,17.7279)->(19,5,21.3279)->(18,5,23.9563)->(17,5,25.2742)->(16,5,26.0062)->(15,5,26.7383)->(14,5,28.0561)->(13,5,31.2126)->(13,6,34.9549)->(13,7,5017.48)->
Agent 6:(13,20,1.3)->(13,21,2.01421)->(13,22,3.33205)->(13,23,4.01421)->(13,24,4.58205)->(13,25,5.11795)->(13,26,5.68579)->(13,27,6.36795)->(13,28,7.68579)->(13,29,13.9)->(13,28,20.7)->(13,27,5010.35)->
Agent 7:(19,30,2.2)->(19,29,3.81421)->(19,28,5.22843)->(19,27,6.64264)->(19,26,10.5784)->(18,26,14.5142)->(17,26,15.8321)->(16,26,16.5142)->(15,26,17.0821)->(14,26,17.6)->(13,26,18.1)->(12,26,18.6)->(11,26,19.1)->(10,26,19.6)->(9,26,20.1179)->(8,26,20.6858)->(7,26,21.3679)->(6,26,22.6858)->(5,26,27.1216)->(5,25,31.5574)->(5,24,32.8752)->(5,23,33.5574)->(5,22,34.1252)->(5,21,34.6431)->(5,20,35.1431)->(5,19,35.6431)->(5,18,36.1431)->(5,17,36.6431)->(5,16,37.1431)->(5,15,37.6431)->(5,14,38.1431)->(5,13,38.6431)->(5,12,39.1611)->(5,11,39.7289)->(5,10,40.4111)->(5,9,41.7289)->(5,8,5020.57)->
Agent 8:(22,1,1.3)->(22,2,2.04949)->(22,3,4.04949)->(22,4,7.49575)->(21,4,10.9067)->(20,4,12.2246)->(19,4,12.9067)->(18,4,13.4746)->(17,4,13.9925)->(16,4,14.4925)->(15,4,15.0105)->(14,4,15.5783)->(13,4,16.2605)->(12,4,17.5783)->(11,4,20.37)->(11,5,23.1616)->(11,6,24.4795)->(11,7,25.1616)->(11,8,25.7295)->(11,9,26.2474)->(11,10,26.7474)->(11,11,27.2474)->(11,12,27.7474)->(11,13,28.2474)->(11,14,28.7474)->(11,15,29.2474)->(11,16,29.7474)->(11,17,30.2474)->(11,18,30.7474)->(11,19,31.2654)->(11,20,31.8332)->(11,21,32.5154)->(11,22,33.8332)->(11,23,36.4616)->(12,23,5018.42)->
Agent 9:(7,18,1.8)->(8,18,3.01421)->(9,18,4.33205)->(10,18,5.01421)->(11,18,5.58205)->(12,18,6.1)->(13,18,6.6)->(14,18,7.1)->(15,18,7.6)->(16,18,8.1)->(17,18,8.61795)->(18,18,9.18579)->(19,18,9.86795)->(20,18,11.1858)->(21,18,13.4)->(21,19,15.6142)->(21,20,16.9321)->(21,21,17.6142)->(21,22,18.1821)->(21,23,18.7)->(21,24,19.2)->(21,25,19.7)->(21,26,20.2179)->(21,27,20.7858)->(21,28,21.4679)->(21,29,22.7858)->(21,30,5011.1)->
Agent 10:(16,23,1.3)->(16,24,2.01421)->(16,25,3.33205)->(16,26,4.0641)->(16,27,4.79615)->(16,28,6.11399)->(16,29,8.3282)->(17,29,10.5424)->(18,29,11.8603)->(19,29,12.5424)->(20,29,13.1103)->(21,29,13.6282)->(22,29,14.1462)->(23,29,14.714)->(24,29,15.3962)->(25,29,16.714)->(26,29,19.3424)->(26,30,5009.86)->
Agent 11:(23,9,1.8)->(22,9,3.01421)->(21,9,4.42843)->(20,9,5.84264)->(19,9,8.05685)->(19,8,10.2711)->(19,7,11.6853)->(19,6,13.0995)->(19,5,15.3137)->(18,5,17.5632)->(17,5,19.5632)->(16,5,22.1365)->(16,4,24.7097)->(16,3,26.7097)->(16,2,29.3734)->(15,2,5014.88)->
Agent 12:(4,23,1.3)->(4,24,2.04949)->(4,25,4.04949)->(4,26,6.29898)->(5,26,8.51319)->(6,26,9.83103)->(7,26,10.5631)->(8,26,11.2951)->(9,26,12.613)->(10,26,14.8272)->(10,27,17.6272)->(10,28,20.4272)->(11,28,22.6414)->(12,28,23.9592)->(13,28,24.6414)->(14,28,25.2092)->(15,28,25.7272)->(16,28,26.2272)->(17,28,26.7451)->(18,28,27.313)->(19,28,27.9951)->(20,28,29.313)->(21,28,31.9414)->(21,29,35.5414)->(22,29,38.1698)->(23,29,39.5037)->(24,29,40.3321)->(25,29,41.666)->(26,29,5020.54)->
Agent 13:(6,0,1.71421)->(6,1,4.62843)->(6,0,10.8284)->(6,1,15.8284)->(6,2,5007.91)->
Agent 14:(24,8,1.8)->(25,8,3.04949)->(26,8,5.04949)->(27,8,9.20536)->(27,9,13.326)->(27,10,14.6438)->(27,11,15.326)->(27,12,15.8938)->(27,13,16.4117)->(27,14,16.9117)->(27,15,17.4117)->(27,16,17.9117)->(27,17,18.4117)->(27,18,18.9117)->(27,19,19.4297)->(27,20,19.9975)->(27,21,20.6797)->(27,22,21.9975)->(27,23,24.2117)->(26,23,26.426)->(25,23,27.8402)->(24,23,29.2544)->(23,23,31.4686)->(23,24,34.2686)->(23,25,37.0686)->(22,25,39.8686)->(21,25,5019.93)->
Agent 15:(7,20,7.42744)->(7,19,14.2691)->(7,18,15.5869)->(7,17,16.2691)->(7,16,16.8369)->(7,15,17.3549)->(7,14,17.8549)->(7,13,18.3549)->(7,12,18.8549)->(7,11,19.3549)->(7,10,19.8549)->(7,9,20.3549)->(7,8,20.8549)->(7,7,21.3728)->(7,6,21.9407)->(7,5,22.6228)->(7,4,23.9407)->(7,3,26.1549)->(8,3,28.3691)->(9,3,29.6869)->(10,3,30.3691)->(11,3,30.9369)->(12,3,31.4549)->(13,3,31.9549)->(14,3,32.4549)->(15,3,32.9549)->(16,3,33.4549)->(17,3,33.9549)->(18,3,34.4549)->(19,3,34.9549)->(20,3,35.4549)->(21,3,35.9728)->(22,3,36.5407)->(23,3,37.2228)->(24,3,38.5407)->(25,3,5018.98)->
Agent 16:(1,28,1.71421)->(1,29,7.9)->(2,29,14.6142)->(3,29,15.9321)->(4,29,16.6142)->(5,29,17.1821)->(6,29,17.7)->(7,29,18.2)->(8,29,18.7)->(9,29,19.2)->(10,29,19.7)->(11,29,20.2)->(12,29,20.7)->(13,29,21.2)->(14,29,21.7)->(15,29,22.2)->(16,29,22.7)->(17,29,23.2)->(18,29,23.7)->(19,29,24.2)->(20,29,24.7)->(21,29,25.2)->(22,29,25.7)->(23,29,26.2)->(24,29,26.7179)->(25,29,27.2858)->(26,29,27.9679)->(27,29,29.2858)->(28,29,31.5)->(28,28,33.7142)->(28,27,35.0321)->(28,26,35.7142)->(28,25,36.2821)->(28,24,36.8)->(28,23,37.3)->(28,22,37.8)->(28,21,38.3)->(28,20,38.8179)->(28,19,39.3858)->(28,18,40.0679)->(28,17,41.3858)->(28,16,5020.4)->
Agent 17:(23,2,3.1637)->(22,2,9.31841)->(22,3,14.5521)->(22,4,15.8699)->(22,5,16.5617)->(22,6,17.1973)->(22,7,17.8891)->(22,8,19.2069)->(22,9,5009.31)->
Agent 18:(10,3,2.21421)->(10,4,4.42843)->(10,5,7.22843)->(11,5,9.44264)->(12,5,10.7765)->(13,5,11.6049)->(14,5,12.9388)->(15,5,19.0323)->(15,6,25.1257)->(15,7,26.4436)->(15,8,27.1257)->(15,9,27.6936)->(15,10,28.2115)->(15,11,28.7115)->(15,12,29.2115)->(15,13,29.7115)->(15,14,30.2115)->(15,15,30.7115)->(15,16,31.2115)->(15,17,31.7115)->(15,18,32.2115)->(15,19,32.7115)->(15,20,33.2115)->(15,21,33.7115)->(15,22,34.2115)->(15,23,34.7115)->(15,24,35.2115)->(15,25,35.7115)->(15,26,36.2115)->(15,27,36.7295)->(15,28,37.2973)->(15,29,37.9795)->(15,30,39.2973)->(15,31,5019.36)->
Agent 19:(10,24,2.2)->(10,23,3.84949)->(10,22,5.84949)->(10,21,8.09898)->(11,21,10.899)->(12,21,13.8769)->(12,20,16.2691)->(12,19,17.5869)->(12,18,18.2691)->(12,17,18.8369)->(12,16,19.3549)->(12,15,19.8549)->(12,14,20.3728)->(12,13,20.9407)->(12,12,21.6228)->(12,11,22.9407)->(12,10,25.1833)->(13,10,27.426)->(14,10,28.7438)->(15,10,29.4758)->(16,10,30.2079)->(17,10,31.5257)->(18,10,33.7399)->(18,9,35.9542)->(18,8,37.272)->(18,7,38.004)->(18,6,38.7361)->(18,5,40.0539)->(18,4,5019.73)->
Agent 20:(25,6,2.61421)->(25,5,9.32904)->(24,5,15.7076)->(23,5,17.7076)->(22,5,23.6823)->(22,4,29.6217)->(22,3,30.9555)->(22,2,31.784)->(22,1,33.1178)->(22,0,37.384)->(23,0,42.2359)->(24,0,5021.12)->
Agent 21:(26,26,6.03023)->(25,26,11.4747)->(24,26,12.7925)->(23,26,13.4747)->(22,26,14.0605)->(21,26,14.6462)->(20,26,15.3284)->(19,26,16.6462)->(18,26,19.9823)->(18,25,24.704)->(17,25,29.4221)->(17,24,33.726)->(16,24,36.3544)->(15,24,37.6722)->(14,24,38.3544)->(13,24,38.9222)->(12,24,39.4402)->(11,24,39.9402)->(10,24,40.4402)->(9,24,40.9402)->(8,24,41.4402)->(7,24,41.9581)->(6,24,42.526)->(5,24,43.2081)->(4,24,44.526)->(3,24,5021.97)->
Agent 22:(16,4,1.8)->(15,4,3.01421)->(14,4,4.42843)->(13,4,5.84264)->(12,4,9.3907)->(12,5,12.9388)->(12,6,14.2726)->(12,7,15.101)->(12,8,16.4349)->(12,9,20.285)->(11,9,24.1351)->(10,9,25.453)->(9,9,26.1351)->(8,9,26.7209)->(7,9,27.3067)->(6,9,27.9889)->(5,9,29.3067)->(4,9,5014.36)->
Agent 23:(31,30,3.67649)->(30,30,6.7672)->(29,30,8.08503)->(28,30,8.7672)->(27,30,9.33503)->(26,30,9.85298)->(25,30,10.353)->(24,30,10.853)->(23,30,11.353)->(22,30,11.853)->(21,30,12.3709)->(20,30,12.9388)->(19,30,13.6209)->(18,30,14.9388)->(17,30,17.153)->(17,29,19.3672)->(17,28,20.685)->(17,27,21.3768)->(17,26,22.0125)->(17,25,22.7042)->(17,24,24.0221)->(17,23,26.2363)->(16,23,28.4505)->(15,23,29.7683)->(14,23,30.4505)->(13,23,31.0183)->(12,23,31.5363)->(11,23,32.0542)->(10,23,32.6221)->(9,23,33.3042)->(8,23,34.6221)->(7,23,36.8363)->(7,22,39.0505)->(7,21,40.3683)->(7,20,41.0601)->(7,19,41.6958)->(7,18,42.3876)->(7,17,43.7054)->(7,16,45.9196)->(6,16,48.7196)->(5,16,5024.36)->
Agent 24:(17,0,2.21421)->(18,0,5.7142)->(18,1,9.8284)->(18,2,13.0426)->(17,2,16.9285)->(17,3,19.8429)->(17,4,21.1607)->(17,5,21.8429)->(17,6,22.4107)->(17,7,22.9466)->(17,8,23.5144)->(17,9,24.1966)->(17,10,25.5144)->(17,11,28.1501)->(16,11,31.7574)->(16,12,34.3858)->(16,13,35.7036)->(16,14,36.3858)->(16,15,36.9716)->(16,16,37.5574)->(16,17,38.2395)->(16,18,39.5574)->(16,19,5019.49)->
Agent 25:(2,7,2.21421)->(3,7,4.81421)->(3,8,7.44264)->(3,9,8.76048)->(3,10,9.44264)->(3,11,10.0105)->(3,12,10.5284)->(3,13,11.0284)->(3,14,11.5284)->(3,15,12.0464)->(3,16,12.6142)->(3,17,13.2964)->(3,18,14.6142)->(3,19,17.2426)->(2,19,24.0279)->(3,19,29.8416)->(4,19,31.1595)->(5,19,31.8416)->(6,19,32.4095)->(7,19,32.9274)->(8,19,33.4274)->(9,19,33.9274)->(10,19,34.4274)->(11,19,34.9274)->(12,19,35.4274)->(13,19,35.9274)->(14,19,36.4454)->(15,19,37.0132)->(16,19,37.6954)->(17,19,39.0132)->(18,19,5019.21)->
Agent 26:(0,16,1.3)->(0,17,2.01421)->(0,18,3.33205)->(0,19,4.01421)->(0,20,4.58205)->(0,21,5.1)->(0,22,5.6)->(0,23,6.1)->(0,24,6.6)->(0,25,7.1)->(0,26,7.61795)->(0,27,8.18579)->(0,28,8.86795)->(0,29,10.1858)->(0,30,12.4)->(1,30,14.6142)->(2,30,16.0284)->(3,30,17.4426)->(4,30,21.8742)->(4,29,26.3057)->(4,28,27.6236)->(4,27,28.3057)->(4,26,28.8736)->(4,25,29.3915)->(4,24,29.8915)->(4,23,30.3915)->(4,22,30.8915)->(4,21,31.3915)->(4,20,31.8915)->(4,19,32.3915)->(4,18,32.8915)->(4,17,33.3915)->(4,16,33.8915)->(4,15,34.3915)->(4,14,34.9095)->(4,13,35.4773)->(4,12,36.1595)->(4,11,37.4773)->(4,10,40.0173)->(5,10,42.5574)->(6,10,43.8752)->(7,10,44.5574)->(8,10,45.1252)->(9,10,45.6431)->(10,10,46.1431)->(11,10,46.6431)->(12,10,47.1431)->(13,10,47.6431)->(14,10,48.1431)->(15,10,48.6431)->(16,10,49.1431)->(17,10,49.6431)->(18,10,50.1431)->(19,10,50.6611)->(20,10,51.2289)->(21,10,51.9111)->(22,10,53.2289)->(23,10,55.8574)->(23,9,59.8716)->(24,9,5030.34)->
Agent 27:(3,0,1.8)->(4,0,3.01421)->(5,0,4.33205)->(6,0,5.01421)->(7,0,5.58205)->(8,0,6.1)->(9,0,6.6)->(10,0,7.1)->(11,0,7.6)->(12,0,8.1)->(13,0,8.6)->(14,0,9.1)->(15,0,9.6)->(16,0,10.1)->(17,0,10.6)->(18,0,11.1)->(19,0,11.6)->(20,0,12.1)->(21,0,12.6)->(22,0,13.1)->(23,0,13.6)->(24,0,14.1179)->(25,0,14.6858)->(26,0,15.3679)->(27,0,16.6858)->(28,0,18.9)->(28,1,21.1142)->(28,2,22.4321)->(28,3,23.1142)->(28,4,23.6821)->(28,5,24.2)->(28,6,24.7)->(28,7,25.2)->(28,8,25.7179)->(28,9,26.2858)->(28,10,26.9679)->(28,11,28.2858)->(28,12,30.9142)->(27,12,34.5142)->(27,13,37.7284)->(27,14,5018.86)->
Agent 28:(23,0,3.4142)->(23,1,6.24261)->(23,2,7.56045)->(23,3,8.24261)->(23,4,8.8284)->(23,5,9.41419)->(23,6,10.0963)->(23,7,11.4142)->(23,8,13.8963)->(22,8,16.3785)->(21,8,17.6963)->(20,8,18.3785)->(19,8,18.9463)->(18,8,19.4643)->(17,8,19.9643)->(16,8,20.4822)->(15,8,21.0501)->(14,8,21.7322)->(13,8,23.0501)->(12,8,26.4237)->(12,9,29.7973)->(12,10,31.1151)->(12,11,31.7973)->(12,12,32.3651)->(12,13,32.8831)->(12,14,33.401)->(12,15,33.9689)->(12,16,34.651)->(12,17,35.9689)->(12,18,5017.69)->
Agent 29:(9,21,2.21421)->(8,21,6.77649)->(8,20,11.3672)->(8,19,12.685)->(8,18,13.3672)->(8,17,13.935)->(8,16,14.453)->(8,15,14.953)->(8,14,15.453)->(8,13,15.953)->(8,12,16.453)->(8,11,16.9709)->(8,10,17.5388)->(8,9,18.2209)->(8,8,19.5388)->(8,7,23.9039)->(9,7,28.2691)->(10,7,29.5869)->(11,7,30.2691)->(12,7,30.8369)->(13,7,31.3549)->(14,7,31.8549)->(15,7,32.3728)->(16,7,32.9407)->(17,7,33.6228)->(18,7,34.9407)->(19,7,37.5691)->(19,8,5018.98)->
Agent 30:(20,0,4.01421)->(21,0,7.44264)->(22,0,8.76048)->(23,0,9.44264)->(24,0,10.0105)->(25,0,10.5464)->(26,0,11.1142)->(27,0,11.7964)->(28,0,13.1142)->(29,0,15.3284)->(29,1,17.5426)->(29,2,18.8605)->(29,3,19.5426)->(29,4,20.1105)->(29,5,20.6464)->(29,6,21.2142)->(29,7,21.8964)->(29,8,23.2142)->(29,9,5011.31)->
Agent 31:(14,6,2.17832)->(13,6,3.77084)->(12,6,5.08868)->(11,6,5.77084)->(10,6,6.33868)->(9,6,6.85663)->(8,6,7.37458)->(7,6,7.94242)->(6,6,8.62458)->(5,6,9.94242)->(4,6,12.1566)->(4,7,14.3708)->(4,8,15.6887)->(4,9,16.3708)->(4,10,16.9566)->(4,11,17.5424)->(4,12,18.2246)->(4,13,19.5424)->(4,14,22.0783)->(5,14,25.2)->(6,14,28)->(6,15,30.2142)->(6,16,31.6284)->(6,17,33.0426)->(6,18,5016.23)->
Agent 32:(24,11,1.8)->(25,11,3.04949)->(26,11,5.04949)->(27,11,8.70536)->(27,12,12.326)->(27,13,13.6438)->(27,14,14.326)->(27,15,14.8938)->(27,16,15.4117)->(27,17,15.9117)->(27,18,16.4117)->(27,19,16.9117)->(27,20,17.4297)->(27,21,17.9975)->(27,22,18.6797)->(27,23,19.9975)->(27,24,22.2117)->(26,24,24.426)->(25,24,25.7438)->(24,24,26.426)->(23,24,26.9938)->(22,24,27.5117)->(21,24,28.0117)->(20,24,28.5117)->(19,24,29.0117)->(18,24,29.5117)->(17,24,30.0117)->(16,24,30.5117)->(15,24,31.0117)->(14,24,31.5117)->(13,24,32.0117)->(12,24,32.5117)->(11,24,33.0117)->(10,24,33.5117)->(9,24,34.0297)->(8,24,34.5975)->(7,24,35.2797)->(6,24,36.5975)->(5,24,38.8117)->(5,25,41.026)->(5,26,42.4402)->(5,27,43.8544)->(5,28,5021.63)->
Agent 33:(17,12,3.55)->(18,12,6.54949)->(19,12,8.54949)->(20,12,14.5174)->(20,11,20.4501)->(20,10,21.7679)->(20,9,22.4501)->(20,8,23.0179)->(20,7,23.5359)->(20,6,24.0359)->(20,5,24.5359)->(20,4,25.0538)->(20,3,25.6217)->(20,2,26.3038)->(20,1,27.6217)->(20,0,30.2501)->(21,0,5015.32)->
Agent 34:(26,5,2.21421)->(27,5,7.96323)->(27,4,13.7407)->(27,3,15.1549)->(27,2,16.5691)->(27,1,20.6701)->(28,1,5011.26)->
Agent 35:(28,0,3.68792)->(28,1,6.79006)->(28,2,8.10789)->(28,3,8.79006)->(28,4,9.35789)->(28,5,9.87584)->(28,6,10.3758)->(28,7,10.8758)->(28,8,11.3758)->(28,9,11.8758)->(28,10,12.3938)->(28,11,12.9616)->(28,12,13.6438)->(28,13,14.9616)->(28,14,17.5916)->(27,14,20.2217)->(26,14,21.6359)->(25,14,23.0501)->(24,14,5011.23)->
Agent 36:(4,28,2.75051)->(5,28,4.95051)->(6,28,6.95051)->(7,28,16.9137)->(7,27,26.8416)->(7,26,28.1595)->(7,25,28.8416)->(7,24,29.4095)->(7,23,29.9274)->(7,22,30.4274)->(7,21,30.9274)->(7,20,31.4274)->(7,19,31.9274)->(7,18,32.4274)->(7,17,32.9274)->(7,16,33.4274)->(7,15,33.9274)->(7,14,34.4274)->(7,13,34.9274)->(7,12,35.4274)->(7,11,35.9274)->(7,10,36.4274)->(7,9,36.9454)->(7,8,37.5132)->(7,7,38.1954)->(7,6,39.5132)->(7,5,41.7274)->(8,5,43.9416)->(9,5,45.2595)->(10,5,45.9416)->(11,5,46.5095)->(12,5,47.0274)->(13,5,47.5274)->(14,5,48.0274)->(15,5,48.5274)->(16,5,49.0274)->(17,5,49.5274)->(18,5,50.0274)->(19,5,50.5274)->(20,5,51.0274)->(21,5,51.5274)->(22,5,52.0274)->(23,5,52.5274)->(24,5,53.0274)->(25,5,53.5274)->(26,5,54.0454)->(27,5,54.6132)->(28,5,55.2954)->(29,5,56.6132)->(30,5,5028.01)->
Agent 37:(30,17,1.71421)->(30,18,4.22843)->(31,18,14.2179)->(30,18,22.8217)->(29,18,24.2359)->(28,18,25.6501)->(27,18,5012.53)->
Agent 38:(15,6,1.3)->(15,7,2.04949)->(15,8,4.04949)->(15,9,6.29898)->(14,9,8.51319)->(13,9,9.83103)->(12,9,10.5132)->(11,9,11.081)->(10,9,11.6169)->(9,9,12.1848)->(8,9,12.8669)->(7,9,14.1848)->(6,9,16.399)->(6,8,18.6132)->(6,7,19.947)->(6,6,20.7755)->(6,5,22.1093)->(6,4,24.3235)->(5,4,26.573)->(4,4,28.573)->(3,4,5014.01)->
Agent 39:(19,23,1.3)->(19,24,2.6)->(19,25,7.1)->(19,24,11.6)->(19,23,15.4)->(20,23,19.2)->(21,23,5009.6)->
Agent 40:(15,15,2.21421)->(14,15,6.13205)->(14,14,10.0783)->(14,13,11.3962)->(14,12,12.0783)->(14,11,12.6462)->(14,10,13.1641)->(14,9,13.6641)->(14,8,14.1821)->(14,7,14.7499)->(14,6,15.4321)->(14,5,16.7499)->(14,4,18.9641)->(15,4,21.1783)->(16,4,22.5122)->(17,4,23.3406)->(18,4,24.6744)->(19,4,26.8887)->(19,3,29.6887)->(19,2,5014.84)->
Agent 41:(11,3,2.61421)->(11,2,8.96421)->(11,3,14.9426)->(11,4,16.2605)->(11,5,16.9426)->(11,6,17.5105)->(11,7,18.0284)->(11,8,18.5284)->(11,9,19.0284)->(11,10,19.5464)->(11,11,20.1142)->(11,12,20.7964)->(11,13,22.1142)->(11,14,24.8879)->(12,14,28.2474)->(13,14,5014.12)->
Agent 42:(27,29,1.8)->(26,29,3.01421)->(25,29,4.34806)->(24,29,5.17649)->(23,29,6.51034)->(22,29,8.72456)->(22,28,10.9388)->(22,27,12.2566)->(22,26,12.9388)->(22,25,13.5066)->(22,24,14.0425)->(22,23,14.6103)->(22,22,15.2925)->(22,21,16.6103)->(22,20,18.8246)->(21,20,21.074)->(20,20,23.074)->(19,20,27.1175)->(19,19,31.161)->(19,18,33.161)->(19,17,35.8247)->(20,17,5018.11)->
Agent 43:(6,4,3.21421)->(6,5,5.84264)->(6,6,7.16048)->(6,7,7.84264)->(6,8,8.41048)->(6,9,8.92843)->(6,10,9.42843)->(6,11,9.92843)->(6,12,10.4284)->(6,13,10.9284)->(6,14,11.4284)->(6,15,11.9284)->(6,16,12.4284)->(6,17,12.9284)->(6,18,13.4464)->(6,19,14.0142)->(6,20,14.6964)->(6,21,16.0142)->(6,22,18.2284)->(7,22,20.4426)->(8,22,21.7605)->(9,22,22.4426)->(10,22,23.0105)->(11,22,23.5284)->(12,22,24.0284)->(13,22,24.5284)->(14,22,25.0284)->(15,22,25.5284)->(16,22,26.0464)->(17,22,26.6142)->(18,22,27.2964)->(19,22,28.6142)->(20,22,30.8284)->(20,23,33.0426)->(20,24,34.4569)->(20,25,35.8711)->(20,26,5017.64)->
Agent 44:(23,6,1.3)->(23,7,2.6)->(23,8,5.81421)->(24,8,13.6142)->(23,8,5009.1)->
Agent 45:(6,29,2.2)->(6,28,3.81421)->(6,27,5.13205)->(6,26,5.82382)->(6,25,6.45949)->(6,24,7.15126)->(6,23,8.4691)->(6,22,10.6833)->(7,22,12.8975)->(8,22,14.2154)->(9,22,14.8975)->(10,22,15.4654)->(11,22,15.9833)->(12,22,16.4833)->(13,22,17.0013)->(14,22,17.5691)->(15,22,18.2513)->(16,22,19.5691)->(17,22,22.1975)->(17,21,28.3418)->(18,21,34.9002)->(18,22,5017.85)->
Agent 46:(17,11,1.8)->(16,11,3.01421)->(15,11,4.33205)->(14,11,5.02382)->(13,11,5.65949)->(12,11,6.35126)->(11,11,7.6691)->(10,11,11.0059)->(10,12,14.3426)->(10,13,15.6605)->(10,14,16.3426)->(10,15,16.9105)->(10,16,17.4284)->(10,17,17.9284)->(10,18,18.4284)->(10,19,18.9284)->(10,20,19.4284)->(10,21,19.9463)->(10,22,20.5142)->(10,23,21.1963)->(10,24,22.5142)->(10,25,24.7284)->(9,25,27.5284)->(8,25,5013.76)->
Agent 47:(7,12,2.21421)->(8,12,5.01997)->(8,11,7.85416)->(8,10,9.172)->(8,9,9.85416)->(8,8,10.422)->(8,7,10.9399)->(8,6,11.4579)->(8,5,12.0257)->(8,4,12.7079)->(8,3,14.0257)->(8,2,17.4879)->(9,2,20.9501)->(10,2,22.2679)->(11,2,22.9501)->(12,2,23.5179)->(13,2,24.0359)->(14,2,24.5359)->(15,2,25.0359)->(16,2,25.5359)->(17,2,26.0359)->(18,2,26.5359)->(19,2,27.0538)->(20,2,27.6217)->(21,2,28.3038)->(22,2,29.6217)->(23,2,31.8359)->(23,1,34.6359)->(23,0,37.4359)->(24,0,39.6501)->(25,0,40.9679)->(26,0,41.6501)->(27,0,42.2359)->(28,0,42.8217)->(29,0,43.5038)->(30,0,44.8217)->(31,0,5022.12)->
Agent 48:(5,3,4.35)->(6,3,8.11421)->(7,3,9.43205)->(8,3,10.1142)->(9,3,10.6821)->(10,3,11.2)->(11,3,11.7)->(12,3,12.2)->(13,3,12.7)->(14,3,13.2)->(15,3,13.7)->(16,3,14.2)->(17,3,14.7179)->(18,3,15.2858)->(19,3,15.9679)->(20,3,17.2858)->(21,3,19.5)->(21,2,22.3)->(21,1,5011.15)->
Agent 49:(16,30,9.18579)->(16,29,17.7858)->(16,28,19.1036)->(16,27,19.7858)->(16,26,20.3536)->(16,25,20.8716)->(16,24,21.3716)->(16,23,21.8716)->(16,22,22.3716)->(16,21,22.8716)->(16,20,23.3716)->(16,19,23.8716)->(16,18,24.3716)->(16,17,24.8716)->(16,16,25.3716)->(16,15,25.8716)->(16,14,26.3716)->(16,13,26.8716)->(16,12,27.3895)->(16,11,27.9574)->(16,10,28.6395)->(16,9,29.9574)->(16,8,32.1716)->(15,8,34.3858)->(14,8,35.7036)->(13,8,36.3858)->(12,8,36.9536)->(11,8,37.4716)->(10,8,37.9716)->(9,8,38.4716)->(8,8,38.9716)->(7,8,39.4716)->(6,8,39.9895)->(5,8,40.5574)->(4,8,41.2395)->(3,8,42.5574)->(2,8,5020.99)->
Agent 50:(7,17,2.21421)->(8,17,4.81421)->(8,16,7.44264)->(8,15,8.77649)->(8,14,9.60492)->(8,13,10.9388)->(8,12,13.153)->(9,12,15.3672)->(10,12,16.685)->(11,12,17.3672)->(12,12,17.935)->(13,12,18.453)->(14,12,18.953)->(15,12,19.453)->(16,12,19.953)->(17,12,20.453)->(18,12,20.953)->(19,12,21.453)->(20,12,21.953)->(21,12,22.4709)->(22,12,23.0388)->(23,12,23.7209)->(24,12,25.0388)->(25,12,27.6672)->(25,11,5014.03)->
Agent 51:(16,0,1.3)->(16,1,2.01421)->(16,2,3.33205)->(16,3,4.01421)->(16,4,4.58205)->(16,5,5.1)->(16,6,5.6)->(16,7,6.1)->(16,8,6.6)->(16,9,7.1)->(16,10,7.6)->(16,11,8.1)->(16,12,8.6)->(16,13,9.1)->(16,14,9.61795)->(16,15,10.1858)->(16,16,10.8679)->(16,17,12.1858)->(16,18,16.5632)->(17,18,20.9407)->(18,18,22.3549)->(19,18,23.7691)->(20,18,25.9833)->(20,19,28.7833)->(20,20,5014.39)->
Agent 52:(30,2,1.8)->(29,2,3.01421)->(28,2,4.33205)->(27,2,5.0641)->(26,2,5.79615)->(25,2,7.11399)->(24,2,24.6558)->(24,3,5019.98)->
Agent 53:(5,19,1.3)->(5,20,2.6)->(5,21,6.51421)->(4,21,15.4963)->(5,21,22.8067)->(6,21,24.1246)->(7,21,24.8067)->(8,21,25.3925)->(9,21,25.9783)->(10,21,26.6605)->(11,21,27.9783)->(12,21,5013.7)->
Agent 54:(4,2,1.8)->(5,2,3.01421)->(6,2,4.33205)->(7,2,5.0641)->(8,2,5.79615)->(9,2,7.11399)->(10,2,10.1141)->(10,3,13.1142)->(10,4,14.4321)->(10,5,15.1142)->(10,6,15.6821)->(10,7,16.2)->(10,8,16.7)->(10,9,17.2)->(10,10,17.7)->(10,11,18.2)->(10,12,18.7)->(10,13,19.2)->(10,14,19.7)->(10,15,20.2)->(10,16,20.7)->(10,17,21.2)->(10,18,21.7179)->(10,19,22.2858)->(10,20,22.9679)->(10,21,24.2858)->(10,22,26.5)->(11,22,28.7142)->(12,22,30.0321)->(13,22,30.7142)->(14,22,31.2821)->(15,22,31.8)->(16,22,32.3)->(17,22,32.8)->(18,22,33.3)->(19,22,33.8)->(20,22,34.3179)->(21,22,34.8858)->(22,22,35.5679)->(23,22,36.8858)->(24,22,39.1)->(24,23,41.3142)->(24,24,42.6321)->(24,25,43.3641)->(24,26,44.0962)->(24,27,45.414)->(24,28,47.6282)->(25,28,49.8424)->(26,28,51.2566)->(27,28,52.6708)->(28,28,5026.04)->
Agent 55:(7,19,2.8)->(7,18,5.01421)->(7,17,6.33205)->(7,16,7.02382)->(7,15,7.65949)->(7,14,8.35126)->(7,13,9.6691)->(7,12,12.2975)->(6,12,5006.34)->
Agent 56:(22,18,1.8)->(23,18,3.01421)->(24,18,4.42843)->(25,18,5.84264)->(26,18,16.4842)->(25,18,27.1257)->(24,18,28.4436)->(23,18,29.1257)->(22,18,29.6936)->(21,18,30.2115)->(20,18,30.7115)->(19,18,31.2115)->(18,18,31.7115)->(17,18,32.2115)->(16,18,32.7115)->(15,18,33.2115)->(14,18,33.7115)->(13,18,34.2295)->(12,18,34.7973)->(11,18,35.4795)->(10,18,36.7973)->(9,18,5018.11)->
Agent 57:(7,21,1.3)->(7,22,2.01421)->(7,23,3.42843)->(7,24,4.84264)->(7,25,7.05685)->(8,25,9.27107)->(9,25,10.6049)->(10,25,11.4333)->(11,25,12.7672)->(12,25,17.0549)->(12,26,24.4784)->(11,26,5013.51)->
Agent 58:(8,7,4.14625)->(9,7,7.70672)->(10,7,9.02455)->(11,7,9.70672)->(12,7,10.2746)->(13,7,10.7925)->(14,7,11.3105)->(15,7,11.8783)->(16,7,12.5605)->(17,7,13.8783)->(18,7,18.5321)->(18,8,23.186)->(18,9,24.5038)->(18,10,25.186)->(18,11,25.7538)->(18,12,26.2718)->(18,13,26.7718)->(18,14,27.2718)->(18,15,27.7718)->(18,16,28.2718)->(18,17,28.7718)->(18,18,29.2718)->(18,19,29.7718)->(18,20,30.2718)->(18,21,30.7718)->(18,22,31.2718)->(18,23,31.7897)->(18,24,32.3576)->(18,25,33.0397)->(18,26,34.3576)->(18,27,36.986)->(17,27,5018.69)->
Agent 59:(12,25,1.3)->(12,26,2.04949)->(12,27,4.04949)->(12,28,6.29898)->(11,28,8.54847)->(10,28,10.5485)->(9,28,5005)->
Agent 60:(12,31,1.8)->(13,31,3.01421)->(14,31,4.33205)->(15,31,5.01421)->(16,31,5.58205)->(17,31,6.1)->(18,31,6.6)->(19,31,7.1)->(20,31,7.6)->(21,31,8.1)->(22,31,8.6)->(23,31,9.1)->(24,31,9.61795)->(25,31,10.1858)->(26,31,10.8679)->(27,31,12.1858)->(28,31,14.4)->(28,30,16.6142)->(28,29,17.9321)->(28,28,18.6142)->(28,27,19.1821)->(28,26,19.7)->(28,25,20.2)->(28,24,20.7)->(28,23,21.2)->(28,22,21.7)->(28,21,22.2)->(28,20,22.7)->(28,19,23.2)->(28,18,23.7179)->(28,17,24.2858)->(28,16,24.9679)->(28,15,26.2858)->(28,14,5012.85)->
Agent 61:(19,26,2.21421)->(20,26,4.81421)->(20,27,7.44264)->(20,28,8.77649)->(20,29,9.60492)->(20,30,10.9388)->(20,31,13.153)->(21,31,15.3672)->(22,31,16.685)->(23,31,17.3672)->(24,31,17.935)->(25,31,18.4709)->(26,31,19.0388)->(27,31,19.7209)->(28,31,21.0388)->(29,31,23.253)->(29,30,26.053)->(29,29,35.3407)->(29,30,44.6284)->(29,31,5022.31)->
Agent 62:(13,25,2.21421)->(14,25,4.9642)->(14,24,8.3284)->(14,23,11.1284)->(13,23,13.3426)->(12,23,14.6605)->(11,23,15.3426)->(10,23,15.9284)->(9,23,16.5142)->(8,23,17.1963)->(7,23,18.5142)->(6,23,5008.96)->
Agent 63:(18,8,4.71421)->(18,9,8.84264)->(18,10,10.1605)->(18,11,10.8426)->(18,12,11.4105)->(18,13,11.9284)->(18,14,12.4284)->(18,15,12.9284)->(18,16,13.4464)->(18,17,14.0142)->(18,18,14.6964)->(18,19,16.0142)->(18,20,18.2284)->(17,20,20.4426)->(16,20,21.7605)->(15,20,22.4426)->(14,20,23.0105)->(13,20,23.5464)->(12,20,24.1142)->(11,20,24.7964)->(10,20,26.1142)->(9,20,5012.76)->
Agent 64:(7,29,2.2)->(7,28,4.4)->(7,27,8.08579)->(6,27,11.1858)->(5,27,12.5036)->(4,27,13.2357)->(3,27,13.9677)->(2,27,15.2856)->(1,27,5007.35)->
Agent 65:(22,21,1.8)->(21,21,3.01421)->(20,21,4.33205)->(19,21,5.01421)->(18,21,5.58205)->(17,21,6.11795)->(16,21,6.68579)->(15,21,7.36795)->(14,21,8.68579)->(13,21,13.0559)->(13,20,17.426)->(13,19,18.7438)->(13,18,19.426)->(13,17,19.9938)->(13,16,20.5117)->(13,15,21.0117)->(13,14,21.5117)->(13,13,22.0297)->(13,12,22.5975)->(13,11,23.2797)->(13,10,24.5975)->(13,9,29.1059)->(14,9,5015.69)->
Agent 66:(11,24,2.2)->(11,23,3.81421)->(11,22,5.13205)->(11,21,5.81421)->(11,20,6.4)->(11,19,6.98579)->(11,18,7.66795)->(11,17,8.98579)->(11,16,11.2)->(12,16,13.4142)->(13,16,14.7321)->(14,16,15.4142)->(15,16,15.9821)->(16,16,16.5)->(17,16,17)->(18,16,17.5179)->(19,16,18.0858)->(20,16,18.7679)->(21,16,20.0858)->(22,16,22.7142)->(22,17,26.7284)->(21,17,5013.76)->
Agent 67:(11,4,7.76421)->(11,5,14.9426)->(11,6,16.2605)->(11,7,16.9426)->(11,8,17.5105)->(11,9,18.0284)->(11,10,18.5284)->(11,11,19.0284)->(11,12,19.5284)->(11,13,20.0284)->(11,14,20.5284)->(11,15,21.0284)->(11,16,21.5284)->(11,17,22.0284)->(11,18,22.5284)->(11,19,23.0284)->(11,20,23.5284)->(11,21,24.0284)->(11,22,24.5284)->(11,23,25.0284)->(11,24,25.5284)->(11,25,26.0284)->(11,26,26.5284)->(11,27,27.0464)->(11,28,27.6142)->(11,29,28.2964)->(11,30,29.6142)->(11,31,31.8284)->(12,31,34.0426)->(13,31,35.3605)->(14,31,36.0426)->(15,31,36.6105)->(16,31,37.1284)->(17,31,37.6284)->(18,31,38.1284)->(19,31,38.6284)->(20,31,39.1284)->(21,31,39.6284)->(22,31,40.1284)->(23,31,40.6284)->(24,31,41.1284)->(25,31,41.6284)->(26,31,42.1284)->(27,31,42.6464)->(28,31,43.2142)->(29,31,43.8964)->(30,31,45.2142)->(31,31,5022.31)->
Agent 68:(4,12,1.3)->(4,13,2.01421)->(4,14,3.33205)->(4,15,4.01421)->(4,16,4.58205)->(4,17,5.1)->(4,18,5.6)->(4,19,6.1)->(4,20,6.6)->(4,21,7.1)->(4,22,7.6)->(4,23,8.1)->(4,24,8.61795)->(4,25,9.18579)->(4,26,9.86795)->(4,27,11.1858)->(4,28,14.1858)->(3,28,17.1858)->(2,28,18.6)->(1,28,20.0142)->(0,28,5009.71)->
Agent 69:(22,11,3.3)->(23,11,6.04949)->(24,11,8.04949)->(25,11,10.299)->(25,12,12.5132)->(25,13,13.831)->(25,14,14.5132)->(25,15,15.099)->(25,16,15.6848)->(25,17,16.3669)->(25,18,17.6848)->(25,19,19.899)->(24,19,22.1485)->(23,19,24.1485)->(22,19,26.398)->(22,20,28.6122)->(22,21,29.946)->(22,22,30.7745)->(22,23,32.1083)->(22,24,5015.76)->
Agent 70:(1,10,2.21997)->(2,10,3.85416)->(3,10,5.172)->(4,10,5.85416)->(5,10,6.422)->(6,10,6.93995)->(7,10,7.43995)->(8,10,7.93995)->(9,10,8.43995)->(10,10,8.93995)->(11,10,9.43995)->(12,10,9.93995)->(13,10,10.4399)->(14,10,10.9399)->(15,10,11.4399)->(16,10,11.9399)->(17,10,12.4399)->(18,10,12.9399)->(19,10,13.4399)->(20,10,13.9399)->(21,10,14.4399)->(22,10,14.9579)->(23,10,15.5257)->(24,10,16.2079)->(25,10,17.5257)->(26,10,19.7399)->(26,9,21.9542)->(26,8,23.272)->(26,7,24.004)->(26,6,24.7361)->(26,5,26.0539)->(26,4,5012.73)->
Agent 71:(0,0,1.4642)->(0,1,2.34261)->(0,2,3.66045)->(0,3,4.34261)->(0,4,4.91045)->(0,5,5.4284)->(0,6,5.9284)->(0,7,6.4284)->(0,8,6.9284)->(0,9,7.4284)->(0,10,7.9284)->(0,11,8.4284)->(0,12,8.9284)->(0,13,9.4284)->(0,14,9.9284)->(0,15,10.4284)->(0,16,10.9284)->(0,17,11.4284)->(0,18,11.9284)->(0,19,12.4284)->(0,20,12.9284)->(0,21,13.4284)->(0,22,13.9284)->(0,23,14.4284)->(0,24,14.9284)->(0,25,15.4463)->(0,26,16.0142)->(0,27,16.6963)->(0,28,18.0142)->(0,29,20.2284)->(1,29,23.0284)->(2,29,5011.51)->
Agent 72:(10,17,1.3)->(10,18,2.04949)->(10,19,4.04949)->(10,20,6.29898)->(11,20,8.51319)->(12,20,9.83103)->(13,20,10.5228)->(14,20,11.1585)->(15,20,11.8502)->(16,20,13.1681)->(17,20,15.7965)->(17,19,20.4338)->(17,20,5010.93)->
Agent 73:(23,11,2.3)->(23,12,4.01421)->(23,13,5.33205)->(23,14,6.01421)->(23,15,6.58205)->(23,16,7.1)->(23,17,7.6)->(23,18,8.11795)->(23,19,8.68579)->(23,20,9.36795)->(23,21,10.6858)->(23,22,12.9)->(24,22,15.7)->(25,22,5007.85)->
Agent 74:(13,18,1.4142)->(13,19,2.24261)->(13,20,3.56045)->(13,21,4.24261)->(13,22,4.81045)->(13,23,5.34635)->(13,24,5.91419)->(13,25,6.59635)->(13,26,7.91419)->(13,27,11.7379)->(13,26,15.5616)->(13,25,16.8795)->(13,24,17.5616)->(13,23,18.1295)->(13,22,18.6474)->(13,21,19.1474)->(13,20,19.6474)->(13,19,20.1474)->(13,18,20.6654)->(13,17,21.2332)->(13,16,21.9154)->(13,15,23.2332)->(13,14,25.4474)->(14,14,27.6616)->(15,14,28.9795)->(16,14,29.6712)->(17,14,30.3069)->(18,14,30.9987)->(19,14,32.3165)->(20,14,5015.87)->
Agent 75:(9,6,1.3)->(9,7,2.01421)->(9,8,3.33205)->(9,9,4.01421)->(9,10,4.58205)->(9,11,5.11795)->(9,12,5.68579)->(9,13,6.36795)->(9,14,7.68579)->(9,15,13.7274)->(9,14,19.7691)->(9,13,21.0869)->(9,12,21.7691)->(9,11,22.3369)->(9,10,22.8728)->(9,9,23.4407)->(9,8,24.1228)->(9,7,25.4407)->(9,6,27.6549)->(10,6,29.8691)->(11,6,31.1869)->(12,6,31.8691)->(13,6,32.4369)->(14,6,32.9549)->(15,6,33.4549)->(16,6,33.9549)->(17,6,34.4549)->(18,6,34.9728)->(19,6,35.5407)->(20,6,36.2228)->(21,6,37.5407)->(22,6,5018.48)->
Agent 76:(19,20,1.98216)->(20,20,3.37854)->(21,20,4.69638)->(22,20,5.42843)->(23,20,6.16048)->(24,20,7.47832)->(25,20,5003.45)->
Agent 77:(3,8,2.4142)->(4,8,4.24261)->(5,8,5.56045)->(6,8,6.24261)->(7,8,6.81045)->(8,8,7.3284)->(9,8,7.8284)->(10,8,8.3284)->(11,8,8.8284)->(12,8,9.3284)->(13,8,9.8284)->(14,8,10.3284)->(15,8,10.8463)->(16,8,11.4142)->(17,8,12.0963)->(18,8,13.4142)->(19,8,15.6284)->(19,9,17.8779)->(19,10,19.8779)->(19,11,5009.66)->
Agent 78:(13,10,2.2)->(13,9,3.81421)->(13,8,5.22843)->(13,7,6.64264)->(13,6,8.9232)->(12,6,11.2038)->(11,6,12.5216)->(10,6,13.2038)->(9,6,13.7716)->(8,6,14.2896)->(7,6,14.7896)->(6,6,15.3075)->(5,6,15.8753)->(4,6,16.5575)->(3,6,17.8753)->(2,6,5008.64)->
Agent 79:(21,26,2.82841)->(22,26,6.04261)->(22,25,8.67104)->(22,24,9.98888)->(22,23,10.671)->(22,22,11.2389)->(22,21,11.7568)->(22,20,12.2568)->(22,19,12.7568)->(22,18,13.2568)->(22,17,13.7568)->(22,16,14.2568)->(22,15,14.7748)->(22,14,15.3426)->(22,13,16.0248)->(22,12,17.3426)->(22,11,21.4701)->(22,12,26.1833)->(22,13,28.9833)->(21,13,31.1975)->(20,13,32.6117)->(19,13,34.026)->(18,13,5016.72)->
Agent 80:(21,18,2.2)->(21,17,4.4)->(21,16,10.3)->(21,17,15.6495)->(21,18,17.6495)->(21,19,5008.55)->
Agent 81:(22,12,3.71421)->(23,12,6.84264)->(24,12,8.16048)->(25,12,8.85225)->(26,12,9.48792)->(27,12,10.1797)->(28,12,11.4975)->(29,12,13.7117)->(29,13,15.926)->(29,14,17.2438)->(29,15,17.926)->(29,16,18.4938)->(29,17,19.0117)->(29,18,19.5297)->(29,19,20.0975)->(29,20,20.7797)->(29,21,22.0975)->(29,22,5010.76)->
Agent 82:(25,10,2.61421)->(25,9,5.61421)->(24,9,8.24264)->(23,9,9.56048)->(22,9,10.2426)->(21,9,10.8105)->(20,9,11.3284)->(19,9,11.8284)->(18,9,12.3464)->(17,9,12.9142)->(16,9,13.5964)->(15,9,14.9142)->(14,9,22.85)->(15,9,31.3716)->(16,9,5015.69)->
Agent 83:(18,12,2.55)->(18,13,4.51421)->(18,14,5.83205)->(18,15,6.51421)->(18,16,7.08205)->(18,17,7.6)->(18,18,8.1)->(18,19,8.6)->(18,20,9.1)->(18,21,9.6)->(18,22,10.1)->(18,23,10.6)->(18,24,11.1179)->(18,25,11.6858)->(18,26,12.3679)->(18,27,13.6858)->(18,28,17.2358)->(19,28,20.7858)->(20,28,22.2)->(21,28,23.6142)->(22,28,5011.51)->
Agent 84:(0,15,2.4142)->(0,16,4.24261)->(0,17,5.56045)->(0,18,6.24261)->(0,19,6.81045)->(0,20,7.3284)->(0,21,7.8284)->(0,22,8.3284)->(0,23,8.8284)->(0,24,9.3284)->(0,25,9.84635)->(0,26,10.4142)->(0,27,11.0963)->(0,28,12.4142)->(0,29,14.6284)->(1,29,16.8426)->(2,29,18.1605)->(3,29,18.8426)->(4,29,19.4105)->(5,29,19.9284)->(6,29,20.4284)->(7,29,20.9284)->(8,29,21.4284)->(9,29,21.9284)->(10,29,22.4284)->(11,29,22.9284)->(12,29,23.4284)->(13,29,23.9284)->(14,29,24.4284)->(15,29,24.9284)->(16,29,25.4284)->(17,29,25.9284)->(18,29,26.4463)->(19,29,27.0142)->(20,29,27.6963)->(21,29,29.0142)->(22,29,31.6426)->(22,30,5016.01)->
Agent 85:(16,8,2.21421)->(17,8,4.81421)->(17,7,8.02843)->(17,6,14.4983)->(18,6,20.3824)->(19,6,21.7002)->(20,6,22.3824)->(21,6,22.9502)->(22,6,23.4861)->(23,6,24.0539)->(24,6,24.7361)->(25,6,26.0539)->(26,6,5012.73)->
Agent 86:(13,15,1.3)->(13,16,2.01421)->(13,17,3.33205)->(13,18,4.01421)->(13,19,4.58205)->(13,20,5.1)->(13,21,5.61795)->(13,22,6.18579)->(13,23,6.86795)->(13,24,8.18579)->(13,25,11.8737)->(14,25,15.5616)->(15,25,16.8795)->(16,25,17.6115)->(17,25,18.3436)->(18,25,19.6614)->(19,25,5009.54)->
Agent 87:(21,27,1.8)->(20,27,3.01421)->(19,27,4.33205)->(18,27,5.02382)->(17,27,5.65949)->(16,27,6.35126)->(15,27,7.6691)->(14,27,9.88331)->(14,26,12.0975)->(14,25,13.4154)->(14,24,14.0975)->(14,23,14.6654)->(14,22,15.1833)->(14,21,15.6833)->(14,20,16.1833)->(14,19,16.6833)->(14,18,17.1833)->(14,17,17.6833)->(14,16,18.1833)->(14,15,18.7013)->(14,14,19.2691)->(14,13,19.9513)->(14,12,21.2691)->(14,11,5010.34)->
Agent 88:(9,5,1.8)->(10,5,3.01421)->(11,5,4.33205)->(12,5,5.01421)->(13,5,5.58205)->(14,5,6.1)->(15,5,6.6)->(16,5,7.1)->(17,5,7.6)->(18,5,8.1)->(19,5,8.61795)->(20,5,9.18579)->(21,5,9.86795)->(22,5,11.1858)->(23,5,13.4)->(23,6,15.6142)->(23,7,16.9321)->(23,8,17.6142)->(23,9,18.1821)->(23,10,18.7179)->(23,11,19.2858)->(23,12,19.9679)->(23,13,21.2858)->(23,14,5010.35)->
Agent 89:(7,5,1.8)->(6,5,3.01421)->(5,5,4.42843)->(4,5,5.84264)->(3,5,10.4448)->(3,6,15.0469)->(3,7,16.3647)->(3,8,17.0469)->(3,9,17.6147)->(3,10,18.1327)->(3,11,18.6327)->(3,12,19.1506)->(3,13,19.7185)->(3,14,20.4006)->(3,15,21.7185)->(3,16,5010.57)->
Agent 90:(23,1,2.4142)->(22,1,4.24261)->(21,1,5.56045)->(20,1,6.24261)->(19,1,6.81045)->(18,1,7.3284)->(17,1,7.8284)->(16,1,8.3284)->(15,1,8.8284)->(14,1,9.3284)->(13,1,9.8284)->(12,1,10.3284)->(11,1,10.8284)->(10,1,11.3284)->(9,1,11.8284)->(8,1,12.3284)->(7,1,12.8284)->(6,1,13.3284)->(5,1,13.8463)->(4,1,14.4142)->(3,1,15.0963)->(2,1,16.4142)->(1,1,18.6284)->(1,2,20.8426)->(1,3,22.1765)->(1,4,23.0049)->(1,5,24.3387)->(1,6,5011.88)->
Agent 91:(15,0,2.71997)->(15,1,4.85416)->(15,2,6.172)->(15,3,6.85416)->(15,4,7.422)->(15,5,7.93995)->(15,6,8.43995)->(15,7,8.93995)->(15,8,9.43995)->(15,9,9.93995)->(15,10,10.4399)->(15,11,10.9399)->(15,12,11.4399)->(15,13,11.9399)->(15,14,12.4399)->(15,15,12.9399)->(15,16,13.4399)->(15,17,13.9399)->(15,18,14.4399)->(15,19,14.9399)->(15,20,15.4399)->(15,21,15.9399)->(15,22,16.4579)->(15,23,17.0257)->(15,24,17.7079)->(15,25,19.0257)->(15,26,21.2399)->(16,26,23.4542)->(17,26,24.772)->(18,26,25.4542)->(19,26,26.022)->(20,26,26.5399)->(21,26,27.0579)->(22,26,27.6257)->(23,26,28.3079)->(24,26,29.6257)->(25,26,5014.52)->
Agent 92:(18,18,2.21421)->(17,18,4.81421)->(17,17,7.44264)->(17,16,8.76048)->(17,15,9.45225)->(17,14,10.0879)->(17,13,10.7797)->(17,12,12.0975)->(17,11,17.5975)->(17,12,23.6833)->(17,13,5011.84)->
Agent 93:(20,11,1.55)->(20,12,2.51421)->(20,13,3.83205)->(20,14,4.51421)->(20,15,5.08205)->(20,16,5.6)->(20,17,6.1)->(20,18,6.6)->(20,19,7.1)->(20,20,7.6)->(20,21,8.1)->(20,22,8.6)->(20,23,9.11795)->(20,24,9.68579)->(20,25,10.3679)->(20,26,11.6858)->(20,27,13.9)->(19,27,16.1142)->(18,27,17.4321)->(17,27,18.1142)->(16,27,18.6821)->(15,27,19.2)->(14,27,19.7)->(13,27,20.2)->(12,27,20.7)->(11,27,21.2)->(10,27,21.7)->(9,27,22.2)->(8,27,22.7)->(7,27,23.2179)->(6,27,23.7858)->(5,27,24.4679)->(4,27,25.7858)->(3,27,5012.6)->
Agent 94:(19,1,1.71421)->(19,2,3.81421)->(18,2,6.44264)->(17,2,7.76048)->(16,2,8.49253)->(15,2,9.22458)->(14,2,10.5424)->(13,2,13.1708)->(13,3,20.4605)->(13,2,5012.27)->
Agent 95:(4,8,1.3)->(4,9,2.01421)->(4,10,3.33205)->(4,11,4.0641)->(4,12,4.79615)->(4,13,6.11399)->(4,14,10.4415)->(5,14,14.7691)->(6,14,16.0869)->(7,14,16.7691)->(8,14,17.3369)->(9,14,17.8549)->(10,14,18.3549)->(11,14,18.8549)->(12,14,19.3549)->(13,14,19.8549)->(14,14,20.3549)->(15,14,20.8549)->(16,14,21.3549)->(17,14,21.8549)->(18,14,22.3728)->(19,14,22.9407)->(20,14,23.6228)->(21,14,24.9407)->(22,14,5012.18)->
Agent 96:(30,24,1.8)->(29,24,3.01421)->(28,24,4.33205)->(27,24,5.01421)->(26,24,5.58205)->(25,24,6.1)->(24,24,6.6)->(23,24,7.1)->(22,24,7.6)->(21,24,8.1)->(20,24,8.6)->(19,24,9.1)->(18,24,9.6)->(17,24,10.1)->(16,24,10.6)->(15,24,11.1)->(14,24,11.6)->(13,24,12.1)->(12,24,12.6)->(11,24,13.1)->(10,24,13.6)->(9,24,14.1)->(8,24,14.6)->(7,24,15.1)->(6,24,15.6179)->(5,24,16.1858)->(4,24,16.8679)->(3,24,18.1858)->(2,24,20.4)->(2,23,23.2)->(2,22,5011.6)->
Agent 97:(26,10,1.8)->(27,10,3.01421)->(28,10,4.34806)->(29,10,5.17649)->(30,10,6.51034)->(31,10,8.72456)->(31,9,10.9388)->(31,8,12.353)->(31,7,13.7672)->(31,6,5006.59)->
Agent 98:(2,31,2.2)->(2,30,3.81421)->(2,29,5.13205)->(2,28,5.81421)->(2,27,6.38205)->(2,26,6.9)->(2,25,7.4)->(2,24,7.9)->(2,23,8.4)->(2,22,8.9)->(2,21,9.4)->(2,20,9.91795)->(2,19,10.4858)->(2,18,11.1679)->(2,17,12.4858)->(2,16,14.7)->(3,16,16.9142)->(4,16,18.2481)->(5,16,19.0765)->(6,16,20.4103)->(7,16,23.0388)->(7,15,27.1048)->(8,15,5013.98)->
Agent 99:(31,8,2.2)->(31,7,3.81421)->(31,6,5.13205)->(31,5,5.82382)->(31,4,6.45949)->(31,3,7.15126)->(31,2,8.4691)->(31,1,10.6833)->(30,1,12.8975)->(29,1,14.2154)->(28,1,14.8975)->(27,1,15.4654)->(26,1,15.9833)->(25,1,16.4833)->(24,1,16.9833)->(23,1,17.4833)->(22,1,17.9833)->(21,1,18.4833)->(20,1,18.9833)->(19,1,19.4833)->(18,1,19.9833)->(17,1,20.4833)->(16,1,20.9833)->(15,1,21.4833)->(14,1,22.0013)->(13,1,22.5691)->(12,1,23.2513)->(11,1,24.5691)->(10,1,27.1975)->(10,2,5013.79)->
Agent 100:(1,14,2.2)->(1,13,3.81421)->(1,12,5.13205)->(1,11,5.81421)->(1,10,6.38205)->(1,9,6.9)->(1,8,7.4)->(1,7,7.9)->(1,6,8.4)->(1,5,8.9)->(1,4,9.41795)->(1,3,9.98579)->(1,2,10.6679)->(1,1,11.9858)->(1,0,14.2)->(2,0,16.4142)->(3,0,17.7321)->(4,0,18.4142)->(5,0,18.9821)->(6,0,19.5)->(7,0,20)->(8,0,20.5)->(9,0,21)->(10,0,21.5)->(11,0,22)->(12,0,22.5)->(13,0,23)->(14,0,23.5)->(15,0,24)->(16,0,24.5)->(17,0,25)->(18,0,25.5)->(19,0,26)->(20,0,26.5179)->(21,0,27.0858)->(22,0,27.7679)->(23,0,29.0858)->(24,0,31.7142)->(24,1,5016.05)->
Agent 101:(18,14,2.55)->(19,14,4.51421)->(20,14,5.84806)->(21,14,6.67649)->(22,14,8.01034)->(23,14,10.2246)->(23,15,12.474)->(23,16,14.474)->(23,17,18.8222)->(24,17,5010.45)->
Agent 102:(6,19,3.8)->(7,19,7.01421)->(8,19,8.33205)->(9,19,9.01421)->(10,19,9.58205)->(11,19,10.1)->(12,19,10.6)->(13,19,11.1)->(14,19,11.6)->(15,19,12.1)->(16,19,12.6179)->(17,19,13.1858)->(18,19,13.8679)->(19,19,15.1858)->(20,19,18.4774)->(20,18,21.7691)->(20,17,23.0869)->(20,16,23.7691)->(20,15,24.3369)->(20,14,24.8728)->(20,13,25.4407)->(20,12,26.1228)->(20,11,27.4407)->(20,10,29.6549)->(21,10,31.8691)->(22,10,33.2833)->(23,10,34.6975)->(24,10,5017.06)->
Agent 103:(2,0,2.4142)->(2,1,4.24261)->(2,2,5.56045)->(2,3,6.24261)->(2,4,6.81045)->(2,5,7.3284)->(2,6,7.8284)->(2,7,8.3284)->(2,8,8.8284)->(2,9,9.3284)->(2,10,9.84635)->(2,11,10.4142)->(2,12,11.0963)->(2,13,12.4142)->(2,14,14.6284)->(3,14,16.8426)->(4,14,18.1605)->(5,14,18.8925)->(6,14,19.6246)->(7,14,20.9424)->(8,14,23.1566)->(8,15,25.9566)->(8,16,5012.98)->
Agent 104:(24,22,2.3)->(24,21,4.01421)->(24,20,5.33205)->(24,19,6.01421)->(24,18,6.58205)->(24,17,7.1)->(24,16,7.6)->(24,15,8.1)->(24,14,8.6)->(24,13,9.11795)->(24,12,9.68579)->(24,11,10.3679)->(24,10,11.6858)->(24,9,13.9)->(25,9,16.1495)->(26,9,18.1495)->(27,9,20.8132)->(27,10,5010.6)->
Agent 105:(6,3,1.8)->(7,3,3.01421)->(8,3,4.33205)->(9,3,5.01421)->(10,3,5.58205)->(11,3,6.1)->(12,3,6.6)->(13,3,7.1)->(14,3,7.6)->(15,3,8.1)->(16,3,8.6)->(17,3,9.11795)->(18,3,9.68579)->(19,3,10.3679)->(20,3,11.6858)->(21,3,13.9)->(21,4,16.1142)->(21,5,17.4321)->(21,6,18.1142)->(21,7,18.6821)->(21,8,19.2)->(21,9,19.7)->(21,10,20.2)->(21,11,20.7)->(21,12,21.2179)->(21,13,21.7858)->(21,14,22.4679)->(21,15,23.7858)->(21,16,5011.6)->
Agent 106:(2,1,1.3)->(2,2,2.01421)->(2,3,3.33205)->(2,4,4.01421)->(2,5,4.58205)->(2,6,5.1)->(2,7,5.6)->(2,8,6.1)->(2,9,6.6)->(2,10,7.1)->(2,11,7.61795)->(2,12,8.18579)->(2,13,8.86795)->(2,14,10.1858)->(2,15,14.5379)->(3,15,18.8901)->(4,15,20.2079)->(5,15,20.8901)->(6,15,21.4579)->(7,15,21.9758)->(8,15,22.4758)->(9,15,22.9758)->(10,15,23.4938)->(11,15,24.0616)->(12,15,24.7438)->(13,15,26.0616)->(14,15,5012.74)->
Agent 107:(29,17,1.8)->(28,17,3.01421)->(27,17,4.33205)->(26,17,5.01421)->(25,17,5.58205)->(24,17,6.1)->(23,17,6.6)->(22,17,7.1)->(21,17,7.61795)->(20,17,8.18579)->(19,17,8.86795)->(18,17,10.1858)->(17,17,5004.8)->
Agent 108:(20,23,2.4142)->(19,23,4.24261)->(18,23,5.56045)->(17,23,6.24261)->(16,23,6.81045)->(15,23,7.3284)->(14,23,7.8284)->(13,23,8.3284)->(12,23,8.8284)->(11,23,9.3284)->(10,23,9.8284)->(9,23,10.3284)->(8,23,10.8284)->(7,23,11.3284)->(6,23,11.8284)->(5,23,12.3463)->(4,23,12.9142)->(3,23,13.5963)->(2,23,14.9142)->(1,23,17.1284)->(1,22,19.3426)->(1,21,20.6605)->(1,20,21.3925)->(1,19,22.1246)->(1,18,23.4424)->(1,17,5011.43)->
Agent 109:(27,12,1.53205)->(27,13,2.47832)->(27,14,3.79615)->(27,15,4.47832)->(27,16,5.04615)->(27,17,5.5641)->(27,18,6.0641)->(27,19,6.5641)->(27,20,7.0641)->(27,21,7.5641)->(27,22,8.0641)->(27,23,8.5641)->(27,24,9.0641)->(27,25,9.5641)->(27,26,10.0821)->(27,27,10.6499)->(27,28,11.3321)->(27,29,12.6499)->(27,30,14.8641)->(26,30,17.0783)->(25,30,18.3962)->(24,30,19.0783)->(23,30,19.6462)->(22,30,20.1641)->(21,30,20.6641)->(20,30,21.1641)->(19,30,21.6641)->(18,30,22.1641)->(17,30,22.6641)->(16,30,23.1641)->(15,30,23.6641)->(14,30,24.1641)->(13,30,24.6641)->(12,30,25.1641)->(11,30,25.6641)->(10,30,26.1641)->(9,30,26.6641)->(8,30,27.1641)->(7,30,27.6821)->(6,30,28.2499)->(5,30,28.9321)->(4,30,30.2499)->(3,30,5014.83)->
