Agent 0:(15,25,2.21421)->(14,25,4.81421)->(14,24,7.44264)->(14,23,8.76048)->(14,22,9.44264)->(14,21,10.0105)->(14,20,10.5284)->(14,19,11.0284)->(14,18,11.5284)->(14,17,12.0284)->(14,16,12.5284)->(14,15,13.0464)->(14,14,13.6142)->(14,13,14.2964)->(14,12,15.6142)->(14,11,17.8284)->(13,11,20.0426)->(12,11,21.3605)->(11,11,22.0426)->(10,11,22.6105)->(9,11,23.1284)->(8,11,23.6284)->(7,11,24.1284)->(6,11,24.6284)->(5,11,25.1464)->(4,11,25.7142)->(3,11,26.3964)->(2,11,27.7142)->(1,11,30.3426)->(1,10,5015.36)->
Agent 1:(26,26,1.8)->(27,26,3.6)->(28,26,6.4)->(28,25,8.61421)->(28,24,10.0284)->(28,23,11.4426)->(28,22,13.7425)->(27,22,16.0424)->(26,22,17.3603)->(25,22,18.0424)->(24,22,18.6103)->(23,22,19.1282)->(22,22,19.6282)->(21,22,20.1282)->(20,22,20.6282)->(19,22,21.1282)->(18,22,21.6282)->(17,22,22.1282)->(16,22,22.6282)->(15,22,23.1282)->(14,22,23.6282)->(13,22,24.1282)->(12,22,24.6282)->(11,22,25.1282)->(10,22,25.6462)->(9,22,26.214)->(8,22,26.8962)->(7,22,28.214)->(6,22,31.3994)->(6,21,5016.17)->
Agent 2:(1,23,2.2)->(1,22,3.81421)->(1,21,5.14806)->(1,20,5.97649)->(1,19,7.31034)->(1,18,10.1797)->(2,18,13.0491)->(3,18,14.3669)->(4,18,15.0491)->(5,18,15.6349)->(6,18,16.2207)->(7,18,16.9028)->(8,18,18.2207)->(9,18,20.6174)->(9,17,23.0142)->(9,16,24.3321)->(9,15,25.0142)->(9,14,25.5821)->(9,13,26.1)->(9,12,26.6)->(9,11,27.1)->(9,10,27.6)->(9,9,28.1)->(9,8,28.6)->(9,7,29.1)->(9,6,29.6179)->(9,5,30.1858)->(9,4,30.8679)->(9,3,32.1858)->(9,2,34.8142)->(10,2,38.8284)->(10,1,5019.81)->
Agent 3:(0,2,1.3)->(0,3,2.01421)->(0,4,3.33205)->(0,5,4.0641)->(0,6,4.79615)->(0,7,6.11399)->(0,8,8.3282)->(1,8,10.5424)->(2,8,11.8763)->(3,8,12.7047)->(4,8,14.0385)->(5,8,5006.73)->
Agent 4:(23,25,3.61421)->(23,24,7.61421)->(22,24,10.2426)->(21,24,11.5605)->(20,24,12.2426)->(19,24,12.8105)->(18,24,13.3284)->(17,24,13.8284)->(16,24,14.3284)->(15,24,14.8284)->(14,24,15.3284)->(13,24,15.8284)->(12,24,16.3284)->(11,24,16.8284)->(10,24,17.3464)->(9,24,17.9142)->(8,24,18.5964)->(7,24,19.9142)->(6,24,22.1284)->(6,23,24.3426)->(6,22,25.6605)->(6,21,26.3426)->(6,20,26.9105)->(6,19,27.4284)->(6,18,27.9284)->(6,17,28.4284)->(6,16,28.9284)->(6,15,29.4284)->(6,14,29.9464)->(6,13,30.5142)->(6,12,31.1964)->(6,11,32.5142)->(6,10,34.7284)->(7,10,37.5284)->(8,10,5018.76)->
Agent 5:(3,12,2.70362)->(4,12,4.82146)->(5,12,6.1393)->(6,12,6.82146)->(7,12,7.3893)->(8,12,7.90725)->(9,12,8.4252)->(10,12,8.99303)->(11,12,9.6752)->(12,12,10.993)->(13,12,13.2072)->(13,11,16.0072)->(13,10,18.8072)->(14,10,21.0215)->(15,10,22.4357)->(16,10,23.8499)->(17,10,26.0641)->(17,11,28.8641)->(17,12,5014.43)->
Agent 6:(2,4,2.21421)->(3,4,4.81421)->(3,3,8.02843)->(3,2,10.8284)->(4,2,13.0426)->(5,2,14.3605)->(6,2,15.0925)->(7,2,15.8246)->(8,2,17.1424)->(9,2,20.8567)->(9,1,28.8907)->(8,1,35.453)->(7,1,5017.73)->
Agent 7:(24,10,1.3)->(24,11,2.01421)->(24,12,3.42843)->(24,13,4.84264)->(24,14,7.62843)->(25,14,10.4495)->(26,14,12.4495)->(27,14,15.1132)->(27,15,25.7711)->(26,15,35.4574)->(25,15,36.8716)->(24,15,38.2858)->(23,15,5018.85)->
Agent 8:(29,17,1.3)->(29,18,2.01421)->(29,19,3.42843)->(29,20,4.84264)->(29,21,9.71048)->(28,21,14.5783)->(27,21,15.8962)->(26,21,16.5783)->(25,21,17.1462)->(24,21,17.6641)->(23,21,18.1641)->(22,21,18.6641)->(21,21,19.1641)->(20,21,19.6641)->(19,21,20.1641)->(18,21,20.6641)->(17,21,21.1641)->(16,21,21.6641)->(15,21,22.1641)->(14,21,22.6641)->(13,21,23.1821)->(12,21,23.7499)->(11,21,24.4321)->(10,21,25.7499)->(9,21,27.9641)->(9,20,30.1783)->(9,19,31.4962)->(9,18,32.2282)->(9,17,32.9603)->(9,16,34.2781)->(9,15,36.4923)->(8,15,38.7065)->(7,15,40.0404)->(6,15,40.8688)->(5,15,42.2026)->(4,15,5020.81)->
Agent 9:(2,14,2.2)->(2,13,3.81421)->(2,12,5.13205)->(2,11,5.81421)->(2,10,6.38205)->(2,9,6.9)->(2,8,7.4)->(2,7,7.9)->(2,6,8.4)->(2,5,8.91795)->(2,4,9.48579)->(2,3,10.1679)->(2,2,11.4858)->(2,1,14.6142)->(3,1,17.7426)->(4,1,19.0605)->(5,1,19.7426)->(6,1,20.3105)->(7,1,20.8284)->(8,1,21.3284)->(9,1,21.8284)->(10,1,22.3284)->(11,1,22.8284)->(12,1,23.3284)->(13,1,23.8284)->(14,1,24.3284)->(15,1,24.8284)->(16,1,25.3284)->(17,1,25.8284)->(18,1,26.3284)->(19,1,26.8284)->(20,1,27.3284)->(21,1,27.8284)->(22,1,28.3284)->(23,1,28.8284)->(24,1,29.3284)->(25,1,29.8284)->(26,1,30.3284)->(27,1,30.8464)->(28,1,31.4142)->(29,1,32.0964)->(30,1,33.4142)->(31,1,36.0426)->(31,2,5018.21)->
Agent 10:(31,12,2.21421)->(30,12,4.81421)->(30,13,7.44264)->(30,14,8.76048)->(30,15,9.44264)->(30,16,10.0105)->(30,17,10.5284)->(30,18,11.0284)->(30,19,11.5464)->(30,20,12.1142)->(30,21,12.7964)->(30,22,14.1142)->(30,23,20.5549)->(29,23,26.9956)->(28,23,28.3135)->(27,23,28.9956)->(26,23,29.5635)->(25,23,30.0814)->(24,23,30.5814)->(23,23,31.0814)->(22,23,31.5814)->(21,23,32.0814)->(20,23,32.5814)->(19,23,33.0814)->(18,23,33.5814)->(17,23,34.0814)->(16,23,34.5814)->(15,23,35.0814)->(14,23,35.5814)->(13,23,36.0814)->(12,23,36.5814)->(11,23,37.0814)->(10,23,37.5814)->(9,23,38.0814)->(8,23,38.5994)->(7,23,39.1672)->(6,23,39.8494)->(5,23,41.1672)->(4,23,43.3814)->(4,24,45.5956)->(4,25,46.9295)->(4,26,47.7579)->(4,27,49.0918)->(4,28,51.306)->(3,28,53.5555)->(2,28,55.5555)->(1,28,5027.5)->
Agent 11:(2,9,1.8)->(3,9,3.04949)->(4,9,5.04949)->(5,9,7.29898)->(5,10,9.51319)->(5,11,10.831)->(5,12,11.5132)->(5,13,12.081)->(5,14,12.599)->(5,15,13.099)->(5,16,13.599)->(5,17,14.099)->(5,18,14.599)->(5,19,15.099)->(5,20,15.599)->(5,21,16.099)->(5,22,16.599)->(5,23,17.099)->(5,24,17.599)->(5,25,18.1169)->(5,26,18.6848)->(5,27,19.3669)->(5,28,20.6848)->(5,29,22.899)->(6,29,25.1132)->(7,29,26.431)->(8,29,27.1132)->(9,29,27.681)->(10,29,28.199)->(11,29,28.699)->(12,29,29.2169)->(13,29,29.7848)->(14,29,30.4669)->(15,29,31.7848)->(16,29,34.4132)->(16,28,5017.4)->
Agent 12:(2,24,1.3)->(2,25,2.6)->(2,26,7.86048)->(3,26,5005.15)->
Agent 13:(17,11,1.3)->(17,12,2.01421)->(17,13,3.33205)->(17,14,4.02382)->(17,15,4.65949)->(17,16,5.35126)->(17,17,6.6691)->(17,18,8.88331)->(16,18,11.6833)->(15,18,14.9201)->(15,17,5007.66)->
Agent 14:(15,24,2.7359)->(15,23,4.88601)->(15,22,6.20385)->(15,21,6.88601)->(15,20,7.4718)->(15,19,8.05758)->(15,18,8.73975)->(15,17,10.0576)->(15,16,12.2718)->(16,16,14.486)->(17,16,15.8038)->(18,16,16.486)->(19,16,17.0538)->(20,16,17.5718)->(21,16,18.0718)->(22,16,18.5718)->(23,16,19.0718)->(24,16,19.5718)->(25,16,20.0718)->(26,16,20.5897)->(27,16,21.1576)->(28,16,21.8397)->(29,16,23.1576)->(30,16,25.7718)->(29,16,28.9718)->(28,16,31.7718)->(28,15,34.5718)->(28,14,5017.29)->
Agent 15:(23,11,2.21421)->(22,11,4.81421)->(22,12,7.44264)->(22,13,8.85685)->(22,14,10.2711)->(22,15,12.4853)->(21,15,14.6995)->(20,15,16.1137)->(19,15,17.5279)->(18,15,21.9392)->(18,16,26.9363)->(18,17,5013.47)->
Agent 16:(7,24,1.8)->(6,24,3.01421)->(5,24,4.33205)->(4,24,5.02382)->(3,24,5.65949)->(2,24,6.35126)->(1,24,7.6691)->(0,24,14.1096)->(0,23,20.5501)->(0,22,21.8679)->(0,21,22.5501)->(0,20,23.1179)->(0,19,23.6359)->(0,18,24.1359)->(0,17,24.6359)->(0,16,25.1359)->(0,15,25.6359)->(0,14,26.1359)->(0,13,26.6359)->(0,12,27.1359)->(0,11,27.6538)->(0,10,28.2217)->(0,9,28.9038)->(0,8,30.2217)->(0,7,5014.82)->
Agent 17:(22,3,1.3)->(22,4,2.01421)->(22,5,3.34806)->(22,6,4.17649)->(22,7,5.51034)->(22,8,7.72456)->(21,8,9.93877)->(20,8,11.2726)->(19,8,12.101)->(18,8,13.4349)->(17,8,15.6491)->(17,9,17.8633)->(17,10,19.1812)->(17,11,19.8633)->(17,12,20.4312)->(17,13,20.9491)->(17,14,21.4491)->(17,15,21.9671)->(17,16,22.5349)->(17,17,23.2171)->(17,18,24.5349)->(17,19,27.1633)->(16,19,5013.77)->
Agent 18:(29,21,1.3)->(29,22,2.01421)->(29,23,3.34806)->(29,24,4.17649)->(29,25,5.51034)->(29,26,8.52638)->(28,26,11.5424)->(27,26,12.8603)->(26,26,13.552)->(25,26,14.1877)->(24,26,14.8795)->(23,26,16.1973)->(22,26,18.4115)->(22,27,20.661)->(22,28,22.661)->(22,29,28.619)->(21,29,34.5416)->(20,29,35.8595)->(19,29,36.5416)->(18,29,37.1095)->(17,29,37.6274)->(16,29,38.1454)->(15,29,38.7132)->(14,29,39.3954)->(13,29,40.7132)->(12,29,5020.06)->
Agent 19:(20,4,1.3)->(20,5,2.01421)->(20,6,3.42843)->(20,7,4.84264)->(20,8,7.12843)->(19,8,9.41421)->(18,8,10.7321)->(17,8,11.4641)->(16,8,12.1962)->(15,8,13.514)->(14,8,17.6819)->(14,9,21.8499)->(14,10,23.2641)->(14,11,24.6783)->(14,12,5012.05)->
Agent 20:(16,31,1.8)->(15,31,3.01421)->(14,31,4.33205)->(13,31,5.01421)->(12,31,5.6)->(11,31,6.18579)->(10,31,6.86795)->(9,31,8.18579)->(8,31,10.4)->(8,30,12.6142)->(8,29,13.9321)->(8,28,14.6641)->(8,27,15.3962)->(8,26,16.714)->(8,25,19.3424)->(7,25,26.2067)->(7,24,32.0995)->(7,23,33.5137)->(7,22,34.9279)->(7,21,5017.17)->
Agent 21:(12,3,1.38579)->(12,4,2.18579)->(12,5,3.6)->(12,6,5.01421)->(12,7,7.22843)->(13,7,9.44264)->(14,7,10.7605)->(15,7,11.4426)->(16,7,12.0105)->(17,7,12.5284)->(18,7,13.0284)->(19,7,13.5284)->(20,7,14.0464)->(21,7,14.6142)->(22,7,15.2964)->(23,7,16.6142)->(24,7,18.8284)->(24,8,21.6284)->(24,9,24.8426)->(25,9,5012.61)->
Agent 22:(3,30,3.89626)->(3,29,7.20674)->(3,28,8.52458)->(3,27,9.20674)->(3,26,9.77458)->(3,25,10.3105)->(3,24,10.8783)->(3,23,11.5605)->(3,22,12.8783)->(3,21,21.1551)->(4,21,29.4318)->(5,21,30.7656)->(6,21,31.5941)->(7,21,32.9279)->(8,21,5016.17)->
Agent 23:(18,31,1.8)->(19,31,3.6)->(20,31,6.89638)->(20,30,9.60697)->(20,29,10.9248)->(20,28,11.607)->(20,27,12.1748)->(20,26,12.6928)->(20,25,13.1928)->(20,24,13.6928)->(20,23,14.1928)->(20,22,14.7107)->(20,21,15.2785)->(20,20,15.9607)->(20,19,17.2785)->(20,18,22.9469)->(21,18,28.6505)->(22,18,30.6505)->(23,18,32.9)->(23,17,35.1142)->(23,16,36.4321)->(23,15,37.1142)->(23,14,37.6821)->(23,13,38.2179)->(23,12,38.7858)->(23,11,39.4679)->(23,10,40.7858)->(23,9,5020.1)->
Agent 24:(2,3,2.21421)->(1,3,5.94626)->(1,4,9.70674)->(1,5,11.0246)->(1,6,11.7067)->(1,7,12.2746)->(1,8,12.7925)->(1,9,13.2925)->(1,10,13.7925)->(1,11,14.2925)->(1,12,14.7925)->(1,13,15.2925)->(1,14,15.7925)->(1,15,16.2925)->(1,16,16.7925)->(1,17,17.2925)->(1,18,17.8105)->(1,19,18.3783)->(1,20,19.0605)->(1,21,20.3783)->(1,22,26.3193)->(2,22,32.2602)->(3,22,33.5941)->(4,22,34.4225)->(5,22,35.7563)->(6,22,5017.59)->
Agent 25:(28,17,6.8)->(28,16,13.0142)->(28,15,14.3321)->(28,14,15.0142)->(28,13,15.5821)->(28,12,16.1)->(28,11,16.6)->(28,10,17.1)->(28,9,17.6)->(28,8,18.1)->(28,7,18.6179)->(28,6,19.1858)->(28,5,19.8679)->(28,4,21.1858)->(28,3,26.15)->(28,4,5014.44)->
Agent 26:(19,20,2.2)->(18,20,3.81421)->(17,20,5.13205)->(16,20,5.81421)->(15,20,6.4)->(14,20,6.98579)->(13,20,7.66795)->(12,20,8.98579)->(11,20,12.1322)->(11,21,15.2785)->(11,22,16.5964)->(11,23,17.3284)->(11,24,18.0605)->(11,25,19.3783)->(11,26,5009.4)->
Agent 27:(26,2,5.14626)->(26,3,9.70674)->(26,4,11.0246)->(26,5,11.7067)->(26,6,12.2746)->(26,7,12.7925)->(26,8,13.2925)->(26,9,13.7925)->(26,10,14.2925)->(26,11,14.7925)->(26,12,15.2925)->(26,13,15.7925)->(26,14,16.2925)->(26,15,16.7925)->(26,16,17.2925)->(26,17,17.7925)->(26,18,18.3105)->(26,19,18.8783)->(26,20,19.5605)->(26,21,20.8783)->(26,22,23.0925)->(25,22,25.3067)->(24,22,26.6246)->(23,22,27.3163)->(22,22,27.952)->(21,22,28.6438)->(20,22,29.9616)->(19,22,5014.69)->
Agent 28:(1,9,1.3)->(1,10,2.01421)->(1,11,3.33205)->(1,12,4.0641)->(1,13,4.79615)->(1,14,6.11399)->(1,15,8.74242)->(2,15,12.3424)->(2,16,14.9708)->(2,17,16.2887)->(2,18,16.9708)->(2,19,17.5387)->(2,20,18.0566)->(2,21,18.5746)->(2,22,19.1424)->(2,23,19.8246)->(2,24,21.1424)->(2,25,23.7708)->(3,25,5012.08)->
Agent 29:(8,28,1.71421)->(8,29,5.72157)->(9,29,10.2574)->(10,29,11.5752)->(11,29,12.2574)->(12,29,12.8252)->(13,29,13.3431)->(14,29,13.8431)->(15,29,14.3431)->(16,29,14.8431)->(17,29,15.3431)->(18,29,15.8431)->(19,29,16.3431)->(20,29,16.8611)->(21,29,17.4289)->(22,29,18.1111)->(23,29,19.4289)->(24,29,5009.42)->
Agent 30:(24,24,1.71421)->(24,25,4.96421)->(24,24,8.74264)->(24,23,10.1569)->(24,22,11.5711)->(24,21,13.7853)->(23,21,15.9995)->(22,21,17.3173)->(21,21,17.9995)->(20,21,18.5673)->(19,21,19.0853)->(18,21,19.5853)->(17,21,20.0853)->(16,21,20.5853)->(15,21,21.0853)->(14,21,21.5853)->(13,21,22.0853)->(12,21,22.5853)->(11,21,23.1032)->(10,21,23.6711)->(9,21,24.3532)->(8,21,25.6711)->(7,21,28.2995)->(7,20,31.8995)->(6,20,34.5279)->(5,20,35.8618)->(4,20,36.6902)->(3,20,38.0241)->(2,20,5018.72)->
Agent 31:(6,27,3.39626)->(6,26,6.20674)->(6,25,7.52458)->(6,24,8.20674)->(6,23,8.77458)->(6,22,9.29253)->(6,21,9.79253)->(6,20,10.3105)->(6,19,10.8783)->(6,18,11.5605)->(6,17,12.8783)->(6,16,15.6463)->(7,16,18.4142)->(8,16,19.7321)->(9,16,20.4142)->(10,16,21)->(11,16,21.5858)->(12,16,22.2679)->(13,16,23.5858)->(14,16,26.2142)->(14,15,29.8142)->(15,15,33.0284)->(16,15,5016.51)->
Agent 32:(15,4,2.21421)->(16,4,4.81421)->(16,5,7.44264)->(16,6,8.76048)->(16,7,9.44264)->(16,8,10.0105)->(16,9,10.5284)->(16,10,11.0284)->(16,11,11.5464)->(16,12,12.1142)->(16,13,12.7964)->(16,14,14.1142)->(16,15,18.0642)->(15,15,22.0142)->(14,15,23.3321)->(13,15,24.0142)->(12,15,24.5821)->(11,15,25.1)->(10,15,25.6)->(9,15,26.1)->(8,15,26.6)->(7,15,27.1)->(6,15,27.6)->(5,15,28.1)->(4,15,28.6179)->(3,15,29.1858)->(2,15,29.8679)->(1,15,31.1858)->(0,15,5015.3)->
Agent 33:(0,23,2.2)->(0,22,3.81421)->(0,21,5.13205)->(0,20,5.81421)->(0,19,6.38205)->(0,18,6.91795)->(0,17,7.48579)->(0,16,8.16795)->(0,15,9.48579)->(0,14,15.8179)->(1,14,22.1501)->(2,14,23.4679)->(3,14,24.1501)->(4,14,24.7179)->(5,14,25.2359)->(6,14,25.7359)->(7,14,26.2359)->(8,14,26.7359)->(9,14,27.2359)->(10,14,27.7359)->(11,14,28.2359)->(12,14,28.7359)->(13,14,29.2359)->(14,14,29.7359)->(15,14,30.2359)->(16,14,30.7359)->(17,14,31.2359)->(18,14,31.7359)->(19,14,32.2359)->(20,14,32.7359)->(21,14,33.2359)->(22,14,33.7359)->(23,14,34.2538)->(24,14,34.8217)->(25,14,35.5038)->(26,14,36.8217)->(27,14,39.0359)->(27,13,41.8359)->(27,12,5020.92)->
Agent 34:(2,19,2.2)->(2,18,3.81421)->(2,17,5.13205)->(2,16,5.82382)->(2,15,6.45949)->(2,14,7.15126)->(2,13,8.4691)->(2,12,17.7417)->(3,12,27.0142)->(4,12,28.3321)->(5,12,29.0142)->(6,12,29.5821)->(7,12,30.1)->(8,12,30.6179)->(9,12,31.1858)->(10,12,31.8679)->(11,12,33.1858)->(12,12,5016.3)->
Agent 35:(26,31,10.9463)->(26,30,21.3067)->(26,29,22.6246)->(26,28,23.3067)->(26,27,23.8746)->(26,26,24.3925)->(26,25,24.8925)->(26,24,25.3925)->(26,23,25.8925)->(26,22,26.3925)->(26,21,26.8925)->(26,20,27.3925)->(26,19,27.8925)->(26,18,28.3925)->(26,17,28.8925)->(26,16,29.3925)->(26,15,29.8925)->(26,14,30.3925)->(26,13,30.8925)->(26,12,31.3925)->(26,11,31.8925)->(26,10,32.3925)->(26,9,32.8925)->(26,8,33.3925)->(26,7,33.8925)->(26,6,34.3925)->(26,5,34.9105)->(26,4,35.4783)->(26,3,36.1605)->(26,2,37.4783)->(26,1,40.1067)->(25,1,5020.25)->
Agent 36:(10,11,2.96421)->(10,10,5.34264)->(10,9,6.66048)->(10,8,7.34264)->(10,7,7.91048)->(10,6,8.44638)->(10,5,9.01421)->(10,4,9.69638)->(10,3,11.0142)->(10,2,14.15)->(10,3,17.8716)->(10,4,25.5716)->(10,3,32.6858)->(10,2,34.1)->(10,1,35.5142)->(10,0,5017.46)->
Agent 37:(23,24,2.2)->(23,23,3.81421)->(23,22,5.13205)->(23,21,5.81421)->(23,20,6.38205)->(23,19,6.9)->(23,18,7.4)->(23,17,7.91795)->(23,16,8.48579)->(23,15,9.16795)->(23,14,10.4858)->(23,13,12.7)->(22,13,14.9142)->(21,13,16.2321)->(20,13,16.9142)->(19,13,17.4821)->(18,13,18)->(17,13,18.5)->(16,13,19)->(15,13,19.5)->(14,13,20)->(13,13,20.5)->(12,13,21)->(11,13,21.5)->(10,13,22)->(9,13,22.5)->(8,13,23)->(7,13,23.5)->(6,13,24)->(5,13,24.5179)->(4,13,25.0858)->(3,13,25.7679)->(2,13,27.0858)->(1,13,29.7142)->(1,14,5015.05)->
Agent 38:(13,7,1.8)->(12,7,3.01421)->(11,7,4.42843)->(10,7,5.84264)->(9,7,8.05685)->(9,8,10.2711)->(9,9,11.5889)->(9,10,12.2711)->(9,11,12.8389)->(9,12,13.3569)->(9,13,13.8569)->(9,14,14.3569)->(9,15,14.8569)->(9,16,15.3569)->(9,17,15.8569)->(9,18,16.3569)->(9,19,16.8569)->(9,20,17.3569)->(9,21,17.8569)->(9,22,18.3569)->(9,23,18.8748)->(9,24,19.4426)->(9,25,20.1248)->(9,26,21.4426)->(9,27,23.6569)->(8,27,26.4569)->(7,27,5013.23)->
Agent 39:(18,14,1.8)->(19,14,3.04949)->(20,14,5.04949)->(21,14,7.99949)->(21,15,10.9142)->(21,16,12.2321)->(21,17,12.9142)->(21,18,13.4821)->(21,19,14)->(21,20,14.5)->(21,21,15)->(21,22,15.5)->(21,23,16.0179)->(21,24,16.5858)->(21,25,17.2679)->(21,26,18.5858)->(21,27,5009)->
Agent 40:(15,7,2.80194)->(15,6,5.01809)->(15,5,6.35194)->(15,4,7.18036)->(15,3,8.51421)->(15,2,10.7284)->(16,2,12.9426)->(17,2,14.2765)->(18,2,15.1049)->(19,2,16.4388)->(20,2,5007.93)->
Agent 41:(27,19,4.41421)->(27,18,8.24264)->(27,17,9.56048)->(27,16,10.2426)->(27,15,10.8105)->(27,14,11.3284)->(27,13,11.8284)->(27,12,12.3284)->(27,11,12.8284)->(27,10,13.3284)->(27,9,13.8284)->(27,8,14.3284)->(27,7,14.8284)->(27,6,15.3284)->(27,5,15.8284)->(27,4,16.3464)->(27,3,16.9142)->(27,2,17.5964)->(27,1,18.9142)->(27,0,21.1284)->(26,0,23.3426)->(25,0,24.6605)->(24,0,25.3426)->(23,0,25.9105)->(22,0,26.4284)->(21,0,26.9284)->(20,0,27.4284)->(19,0,27.9284)->(18,0,28.4284)->(17,0,28.9284)->(16,0,29.4284)->(15,0,29.9284)->(14,0,30.4284)->(13,0,30.9464)->(12,0,31.5142)->(11,0,32.1964)->(10,0,33.5142)->(9,0,36.1426)->(9,1,5018.26)->
Agent 42:(30,9,2.2)->(30,8,3.84949)->(30,7,5.84949)->(30,6,11.1456)->(29,6,16.4065)->(28,6,17.7244)->(27,6,18.4065)->(26,6,18.9744)->(25,6,19.4923)->(24,6,19.9923)->(23,6,20.4923)->(22,6,20.9923)->(21,6,21.4923)->(20,6,21.9923)->(19,6,22.4923)->(18,6,22.9923)->(17,6,23.4923)->(16,6,23.9923)->(15,6,24.4923)->(14,6,24.9923)->(13,6,25.4923)->(12,6,25.9923)->(11,6,26.4923)->(10,6,26.9923)->(9,6,27.4923)->(8,6,27.9923)->(7,6,28.5103)->(6,6,29.0781)->(5,6,29.7603)->(4,6,31.0781)->(3,6,33.7065)->(3,5,5017.05)->
Agent 43:(6,14,2.38579)->(6,13,4.18579)->(6,12,5.50362)->(6,11,6.18579)->(6,10,6.75362)->(6,9,7.27157)->(6,8,7.78952)->(6,7,8.35736)->(6,6,9.03952)->(6,5,10.3574)->(6,4,12.5716)->(7,4,14.7858)->(8,4,16.1036)->(9,4,16.7858)->(10,4,17.3536)->(11,4,17.8716)->(12,4,18.3716)->(13,4,18.8716)->(14,4,19.3716)->(15,4,19.8716)->(16,4,20.3716)->(17,4,20.8716)->(18,4,21.3716)->(19,4,21.8716)->(20,4,22.3716)->(21,4,22.8716)->(22,4,23.3716)->(23,4,23.8716)->(24,4,24.3716)->(25,4,24.8895)->(26,4,25.4574)->(27,4,26.1395)->(28,4,27.4574)->(29,4,5013.44)->
Agent 44:(21,14,1.3)->(21,15,2.01421)->(21,16,3.33205)->(21,17,4.01421)->(21,18,4.58205)->(21,19,5.1)->(21,20,5.6)->(21,21,6.11795)->(21,22,6.68579)->(21,23,7.36795)->(21,24,8.68579)->(21,25,11.3142)->(22,25,19.3284)->(22,24,5012.06)->
Agent 45:(19,12,2.24949)->(19,13,3.91319)->(19,14,5.23103)->(19,15,5.91319)->(19,16,6.48103)->(19,17,6.99898)->(19,18,7.49898)->(19,19,7.99898)->(19,20,8.49898)->(19,21,8.99898)->(19,22,9.49898)->(19,23,9.99898)->(19,24,10.5169)->(19,25,11.0848)->(19,26,11.7669)->(19,27,13.0848)->(19,28,5006.25)->
Agent 46:(8,2,1.8)->(7,2,3.01421)->(6,2,4.33205)->(5,2,5.02382)->(4,2,5.65949)->(3,2,6.35126)->(2,2,7.6691)->(1,2,9.88331)->(1,3,12.0975)->(1,4,13.4154)->(1,5,14.0975)->(1,6,14.6654)->(1,7,15.1833)->(1,8,15.6833)->(1,9,16.1833)->(1,10,16.6833)->(1,11,17.1833)->(1,12,17.6833)->(1,13,18.2013)->(1,14,18.7691)->(1,15,19.4513)->(1,16,20.7691)->(1,17,23.3975)->(2,17,5011.89)->
Agent 47:(22,0,2.21421)->(23,0,11.1)->(23,1,20.0142)->(23,2,21.3321)->(23,3,22.0142)->(23,4,22.5821)->(23,5,23.1)->(23,6,23.6)->(23,7,24.1)->(23,8,24.6)->(23,9,25.1)->(23,10,25.6)->(23,11,26.1)->(23,12,26.6)->(23,13,27.1)->(23,14,27.6)->(23,15,28.1)->(23,16,28.6)->(23,17,29.1)->(23,18,29.6)->(23,19,30.1)->(23,20,30.6)->(23,21,31.1)->(23,22,31.6179)->(23,23,32.1858)->(23,24,32.8679)->(23,25,34.1858)->(23,26,5016.8)->
Agent 48:(21,3,1.8)->(20,3,3.01421)->(19,3,4.33205)->(18,3,5.01421)->(17,3,5.58205)->(16,3,6.1)->(15,3,6.6)->(14,3,7.1)->(13,3,7.6)->(12,3,8.1)->(11,3,8.6)->(10,3,9.1)->(9,3,9.6)->(8,3,10.1179)->(7,3,10.6858)->(6,3,11.3679)->(5,3,12.6858)->(4,3,14.9)->(4,4,17.1142)->(4,5,18.4321)->(4,6,19.1142)->(4,7,19.6821)->(4,8,20.2)->(4,9,20.7)->(4,10,21.2)->(4,11,21.7)->(4,12,22.2179)->(4,13,22.7858)->(4,14,23.4679)->(4,15,24.7858)->(4,16,5012.1)->
Agent 49:(22,30,2.2)->(22,29,3.81421)->(22,28,5.13205)->(22,27,5.81421)->(22,26,6.38205)->(22,25,6.9)->(22,24,7.41795)->(22,23,7.98579)->(22,22,8.66795)->(22,21,9.98579)->(22,20,13.2)->(21,20,16.4142)->(20,20,17.7321)->(19,20,18.4142)->(18,20,18.9821)->(17,20,19.5)->(16,20,20.0179)->(15,20,20.5858)->(14,20,21.2679)->(13,20,22.5858)->(12,20,24.8)->(12,19,27.0142)->(12,18,28.3321)->(12,17,29.0142)->(12,16,29.5821)->(12,15,30.1)->(12,14,30.6179)->(12,13,31.1858)->(12,12,31.8679)->(12,11,33.1858)->(12,10,5016.3)->
Agent 50:(5,4,1.8)->(6,4,3.6)->(7,4,6.4)->(7,5,8.61421)->(7,6,9.93205)->(7,7,10.6142)->(7,8,11.2)->(7,9,11.7858)->(7,10,12.4679)->(7,11,13.7858)->(7,12,20.3284)->(7,11,5012.31)->
Agent 51:(21,12,2.2)->(21,11,3.81421)->(21,10,5.13205)->(21,9,5.81421)->(21,8,6.38205)->(21,7,6.9)->(21,6,7.4)->(21,5,7.9)->(21,4,8.41795)->(21,3,8.98579)->(21,2,9.66795)->(21,1,10.9858)->(21,0,13.2)->(20,0,15.4142)->(19,0,16.7321)->(18,0,17.4142)->(17,0,17.9821)->(16,0,18.5)->(15,0,19)->(14,0,19.5)->(13,0,20)->(12,0,20.5)->(11,0,21.0179)->(10,0,21.5858)->(9,0,22.2679)->(8,0,23.5858)->(7,0,26.2142)->(7,1,31.0265)->(7,0,5016.31)->
Agent 52:(1,4,1.3)->(1,5,2.01421)->(1,6,3.33205)->(1,7,4.01421)->(1,8,4.58205)->(1,9,5.1)->(1,10,5.61795)->(1,11,6.18579)->(1,12,6.86795)->(1,13,8.18579)->(1,14,11.4463)->(2,14,14.7067)->(3,14,16.0246)->(4,14,16.7067)->(5,14,17.2746)->(6,14,17.7925)->(7,14,18.2925)->(8,14,18.7925)->(9,14,19.2925)->(10,14,19.7925)->(11,14,20.2925)->(12,14,20.7925)->(13,14,21.2925)->(14,14,21.7925)->(15,14,22.2925)->(16,14,22.7925)->(17,14,23.2925)->(18,14,23.7925)->(19,14,24.2925)->(20,14,24.7925)->(21,14,25.2925)->(22,14,25.7925)->(23,14,26.2925)->(24,14,26.7925)->(25,14,27.3105)->(26,14,27.8783)->(27,14,28.5605)->(28,14,29.8783)->(29,14,5014.65)->
Agent 53:(24,0,3.67649)->(24,1,6.7672)->(24,2,8.08503)->(24,3,8.7672)->(24,4,9.33503)->(24,5,9.85298)->(24,6,10.353)->(24,7,10.853)->(24,8,11.353)->(24,9,11.853)->(24,10,12.353)->(24,11,12.853)->(24,12,13.353)->(24,13,13.8709)->(24,14,14.4388)->(24,15,15.1209)->(24,16,16.4388)->(24,17,18.653)->(23,17,20.8672)->(22,17,22.185)->(21,17,22.8768)->(20,17,23.5125)->(19,17,24.2042)->(18,17,25.5221)->(17,17,5012.47)->
Agent 54:(10,13,1.8)->(11,13,3.6)->(12,13,7.94626)->(12,14,11.7067)->(12,15,13.0246)->(12,16,13.7067)->(12,17,14.2746)->(12,18,14.7925)->(12,19,15.2925)->(12,20,15.7925)->(12,21,16.2925)->(12,22,16.7925)->(12,23,17.2925)->(12,24,17.8105)->(12,25,18.3783)->(12,26,19.0605)->(12,27,20.3783)->(12,28,5009.9)->
Agent 55:(7,4,1.8)->(8,4,3.01421)->(9,4,4.34806)->(10,4,5.17649)->(11,4,6.51034)->(12,4,8.72456)->(12,5,10.9388)->(12,6,12.2566)->(12,7,12.9388)->(12,8,13.5066)->(12,9,14.0246)->(12,10,14.5246)->(12,11,15.0246)->(12,12,15.5246)->(12,13,16.0246)->(12,14,16.5246)->(12,15,17.0246)->(12,16,17.5246)->(12,17,18.0246)->(12,18,18.5246)->(12,19,19.0246)->(12,20,19.5246)->(12,21,20.0246)->(12,22,20.5246)->(12,23,21.0425)->(12,24,21.6103)->(12,25,22.2925)->(12,26,23.6103)->(12,27,5011.51)->
Agent 56:(24,23,4.66421)->(23,23,8.74264)->(22,23,10.0605)->(21,23,10.7426)->(20,23,11.3105)->(19,23,11.8284)->(18,23,12.3284)->(17,23,12.8284)->(16,23,13.3284)->(15,23,13.8284)->(14,23,14.3284)->(13,23,14.8284)->(12,23,15.3284)->(11,23,15.8464)->(10,23,16.4142)->(9,23,17.0964)->(8,23,18.4142)->(7,23,20.6284)->(7,22,22.8426)->(7,21,24.1605)->(7,20,24.8522)->(7,19,25.4879)->(7,18,26.1797)->(7,17,27.4975)->(7,16,5013.46)->
Agent 57:(11,27,2.2)->(11,26,3.81421)->(11,25,5.13205)->(11,24,5.81421)->(11,23,6.38205)->(11,22,6.9)->(11,21,7.4)->(11,20,7.9)->(11,19,8.4)->(11,18,8.9)->(11,17,9.4)->(11,16,9.9)->(11,15,10.4)->(11,14,10.9)->(11,13,11.4)->(11,12,11.9)->(11,11,12.4)->(11,10,12.9179)->(11,9,13.4858)->(11,8,14.1679)->(11,7,15.4858)->(11,6,17.7)->(10,6,19.9142)->(9,6,21.2321)->(8,6,21.9641)->(7,6,22.6962)->(6,6,24.014)->(5,6,26.2282)->(5,5,28.4424)->(5,4,29.8566)->(5,3,31.2708)->(5,2,5015.34)->
Agent 58:(1,16,4.64626)->(2,16,8.70674)->(3,16,10.0246)->(4,16,10.7067)->(5,16,11.2746)->(6,16,11.7925)->(7,16,12.2925)->(8,16,12.7925)->(9,16,13.2925)->(10,16,13.7925)->(11,16,14.2925)->(12,16,14.7925)->(13,16,15.2925)->(14,16,15.7925)->(15,16,16.2925)->(16,16,16.7925)->(17,16,17.2925)->(18,16,17.7925)->(19,16,18.2925)->(20,16,18.7925)->(21,16,19.2925)->(22,16,19.7925)->(23,16,20.2925)->(24,16,20.8105)->(25,16,21.3783)->(26,16,22.0605)->(27,16,23.3783)->(28,16,25.5925)->(28,17,27.8067)->(28,18,29.1246)->(28,19,29.8067)->(28,20,30.3746)->(28,21,30.9105)->(28,22,31.4783)->(28,23,32.1605)->(28,24,33.4783)->(28,25,36.1067)->(29,25,5018.25)->
Agent 59:(28,31,2.21421)->(29,31,6.13205)->(29,30,10.0783)->(29,29,11.3962)->(29,28,12.0783)->(29,27,12.6462)->(29,26,13.1641)->(29,25,13.6641)->(29,24,14.1641)->(29,23,14.6641)->(29,22,15.1641)->(29,21,15.6641)->(29,20,16.1641)->(29,19,16.6641)->(29,18,17.1641)->(29,17,17.6641)->(29,16,18.1641)->(29,15,18.6641)->(29,14,19.1641)->(29,13,19.6641)->(29,12,20.1821)->(29,11,20.7499)->(29,10,21.4321)->(29,9,22.7499)->(29,8,25.3783)->(28,8,28.9783)->(28,7,32.1925)->(28,6,35.4067)->(29,6,5017.9)->
Agent 60:(18,6,2.21421)->(19,6,8.81421)->(19,7,15.4426)->(19,8,16.7605)->(19,9,17.4522)->(19,10,18.0879)->(19,11,18.7797)->(19,12,20.0975)->(19,13,22.3117)->(18,13,24.526)->(17,13,25.8438)->(16,13,26.526)->(15,13,27.0938)->(14,13,27.6117)->(13,13,28.1297)->(12,13,28.6975)->(11,13,29.3797)->(10,13,30.6975)->(9,13,5015.06)->
Agent 61:(14,4,1.3)->(14,5,2.01421)->(14,6,3.42843)->(14,7,4.84264)->(14,8,7.47107)->(13,8,15.2284)->(13,9,22.0142)->(13,10,23.3321)->(13,11,24.0142)->(13,12,24.5821)->(13,13,25.1)->(13,14,25.6)->(13,15,26.1)->(13,16,26.6)->(13,17,27.1)->(13,18,27.6)->(13,19,28.1)->(13,20,28.6)->(13,21,29.1)->(13,22,29.6)->(13,23,30.1)->(13,24,30.6)->(13,25,31.1)->(13,26,31.6179)->(13,27,32.1858)->(13,28,32.8679)->(13,29,34.1858)->(13,30,36.4)->(14,30,39.2)->(15,30,5019.6)->
Agent 62:(31,10,1.8)->(30,10,3.04949)->(29,10,5.04949)->(28,10,7.80036)->(28,9,10.516)->(28,8,11.8338)->(28,7,12.5256)->(28,6,13.1612)->(28,5,13.853)->(28,4,15.1708)->(28,3,17.5925)->(27,3,20.0142)->(26,3,21.3321)->(25,3,22.0142)->(24,3,22.5821)->(23,3,23.1)->(22,3,23.6)->(21,3,24.1)->(20,3,24.6)->(19,3,25.1)->(18,3,25.6)->(17,3,26.1)->(16,3,26.6)->(15,3,27.1)->(14,3,27.6)->(13,3,28.1)->(12,3,28.6)->(11,3,29.1)->(10,3,29.6179)->(9,3,30.1858)->(8,3,30.8679)->(7,3,32.1858)->(6,3,35.6858)->(6,4,5018.47)->
Agent 63:(13,30,1.8)->(14,30,3.01421)->(15,30,4.33205)->(16,30,5.01421)->(17,30,5.58205)->(18,30,6.1)->(19,30,6.61795)->(20,30,7.18579)->(21,30,7.86795)->(22,30,9.18579)->(23,30,11.8142)->(23,31,16.0426)->(24,31,5008.53)->
Agent 64:(13,11,2.2)->(13,10,3.81421)->(13,9,5.13205)->(13,8,5.8641)->(13,7,6.59615)->(13,6,7.91399)->(13,5,10.8406)->(12,5,14.353)->(11,5,5007.18)->
Agent 65:(31,4,4.14626)->(31,5,7.70674)->(31,6,9.02458)->(31,7,9.70674)->(31,8,10.2746)->(31,9,10.7925)->(31,10,11.2925)->(31,11,11.7925)->(31,12,12.2925)->(31,13,12.7925)->(31,14,13.2925)->(31,15,13.7925)->(31,16,14.2925)->(31,17,14.7925)->(31,18,15.2925)->(31,19,15.7925)->(31,20,16.2925)->(31,21,16.7925)->(31,22,17.3105)->(31,23,17.8783)->(31,24,18.5605)->(31,25,19.8783)->(31,26,22.0925)->(30,26,24.3067)->(29,26,25.6246)->(28,26,26.3067)->(27,26,26.8746)->(26,26,27.3925)->(25,26,27.8925)->(24,26,28.4105)->(23,26,28.9783)->(22,26,29.6605)->(21,26,30.9783)->(20,26,33.6067)->(20,27,5017)->
Agent 66:(3,13,1.3)->(3,14,2.01421)->(3,15,3.33205)->(3,16,4.0641)->(3,17,4.79615)->(3,18,6.11399)->(3,19,8.66037)->(4,19,11.2067)->(5,19,12.5246)->(6,19,13.2067)->(7,19,13.7746)->(8,19,14.2925)->(9,19,14.7925)->(10,19,15.2925)->(11,19,15.7925)->(12,19,16.2925)->(13,19,16.7925)->(14,19,17.2925)->(15,19,17.8105)->(16,19,18.3783)->(17,19,19.0605)->(18,19,20.3783)->(19,19,5009.9)->
Agent 67:(24,21,1.8)->(25,21,3.01421)->(26,21,4.42843)->(27,21,5.84264)->(28,21,8.92843)->(28,20,12.0142)->(28,19,13.3321)->(28,18,14.0142)->(28,17,14.5821)->(28,16,15.1)->(28,15,15.6)->(28,14,16.1)->(28,13,16.6)->(28,12,17.1)->(28,11,17.6)->(28,10,18.1179)->(28,9,18.6858)->(28,8,19.3679)->(28,7,20.6858)->(28,6,22.9)->(29,6,25.7)->(30,6,28.9142)->(30,7,5014.65)->
Agent 68:(31,16,2.43483)->(30,16,4.28388)->(29,16,5.60172)->(28,16,6.29349)->(27,16,6.92916)->(26,16,7.62093)->(25,16,8.93877)->(24,16,11.153)->(24,17,13.3672)->(24,18,14.7814)->(24,19,16.1956)->(24,20,18.5044)->(23,20,20.8132)->(22,20,22.131)->(21,20,22.8132)->(20,20,23.399)->(19,20,23.9848)->(18,20,24.6669)->(17,20,25.9848)->(16,20,5012.7)->
Agent 69:(26,21,1.3)->(26,22,2.04949)->(26,23,4.04949)->(26,24,7.83528)->(25,24,11.5858)->(24,24,12.9036)->(23,24,13.5858)->(22,24,14.1536)->(21,24,14.6716)->(20,24,15.1716)->(19,24,15.6716)->(18,24,16.1716)->(17,24,16.6716)->(16,24,17.1716)->(15,24,17.6716)->(14,24,18.1716)->(13,24,18.6716)->(12,24,19.1895)->(11,24,19.7574)->(10,24,20.4395)->(9,24,21.7574)->(8,24,5010.59)->
Agent 70:(13,29,1.8)->(14,29,3.04949)->(15,29,5.04949)->(16,29,9.42106)->(16,28,13.7574)->(16,27,15.1716)->(16,26,16.5858)->(16,25,19.3284)->(17,25,5009.91)->
Agent 71:(11,7,1.3)->(11,8,2.04949)->(11,9,4.04949)->(11,10,6.71319)->(10,10,11.6817)->(11,10,5006.72)->
Agent 72:(5,14,1.3)->(5,15,2.01421)->(5,16,3.33205)->(5,17,4.0641)->(5,18,4.79615)->(5,19,6.11399)->(5,20,9.52832)->(6,20,12.9779)->(7,20,14.9779)->(8,20,5007.21)->
Agent 73:(8,13,2.21421)->(7,13,4.81421)->(7,14,7.44264)->(7,15,8.76048)->(7,16,9.44264)->(7,17,10.0105)->(7,18,10.5284)->(7,19,11.0284)->(7,20,11.5284)->(7,21,12.0284)->(7,22,12.5464)->(7,23,13.1142)->(7,24,13.7964)->(7,25,15.1142)->(7,26,5007.26)->
Agent 74:(17,1,3.41421)->(17,2,6.24264)->(17,3,7.56048)->(17,4,8.24264)->(17,5,8.81048)->(17,6,9.32843)->(17,7,9.82843)->(17,8,10.3284)->(17,9,10.8284)->(17,10,11.3284)->(17,11,11.8284)->(17,12,12.3284)->(17,13,12.8284)->(17,14,13.3284)->(17,15,13.8284)->(17,16,14.3284)->(17,17,14.8284)->(17,18,15.3284)->(17,19,15.8284)->(17,20,16.3284)->(17,21,16.8284)->(17,22,17.3284)->(17,23,17.8464)->(17,24,18.4142)->(17,25,19.0964)->(17,26,20.4142)->(17,27,23.0426)->(18,27,5011.71)->
Agent 75:(14,28,3.2)->(13,28,5.81421)->(12,28,7.13205)->(11,28,7.81421)->(10,28,8.38205)->(9,28,8.9)->(8,28,9.41795)->(7,28,9.98579)->(6,28,10.6679)->(5,28,11.9858)->(4,28,14.6142)->(4,29,21.7637)->(5,29,5012.85)->
Agent 76:(9,27,2.82843)->(10,27,5.07107)->(11,27,6.38891)->(12,27,7.07107)->(13,27,7.63891)->(14,27,8.15685)->(15,27,8.65685)->(16,27,9.15685)->(17,27,9.65685)->(18,27,10.1569)->(19,27,10.6569)->(20,27,11.1569)->(21,27,11.6569)->(22,27,12.1569)->(23,27,12.6569)->(24,27,13.1569)->(25,27,13.6748)->(26,27,14.2426)->(27,27,14.9248)->(28,27,16.2426)->(29,27,18.4569)->(29,26,20.6711)->(29,25,22.0049)->(29,24,22.8333)->(29,23,24.1672)->(29,22,5011.79)->
Agent 77:(23,13,1.8)->(22,13,3.04949)->(21,13,5.04949)->(20,13,7.83528)->(20,14,10.5858)->(20,15,12)->(20,16,13.4142)->(20,17,17.0605)->(20,16,21.2925)->(20,15,5010.65)->
Agent 78:(20,10,6.68761)->(21,10,12.7894)->(22,10,14.1233)->(23,10,14.9517)->(24,10,16.2856)->(25,10,18.4998)->(25,11,20.714)->(25,12,22.0318)->(25,13,22.714)->(25,14,23.2998)->(25,15,23.8856)->(25,16,24.5677)->(25,17,25.8856)->(25,18,5012.65)->
Agent 79:(9,15,1.3)->(9,16,2.01421)->(9,17,3.33205)->(9,18,4.01421)->(9,19,4.58205)->(9,20,5.1)->(9,21,5.61795)->(9,22,6.18579)->(9,23,6.86795)->(9,24,8.18579)->(9,25,10.784)->(10,25,13.3822)->(11,25,14.716)->(12,25,15.5445)->(13,25,16.8783)->(14,25,5008.15)->
Agent 80:(25,31,2.2641)->(25,30,3.94242)->(25,29,5.26025)->(25,28,5.94242)->(25,27,6.51025)->(25,26,7.0282)->(25,25,7.5282)->(25,24,8.0282)->(25,23,8.5282)->(25,22,9.0282)->(25,21,9.5282)->(25,20,10.0282)->(25,19,10.5282)->(25,18,11.0282)->(25,17,11.5282)->(25,16,12.0282)->(25,15,12.5282)->(25,14,13.0282)->(25,13,13.5282)->(25,12,14.0282)->(25,11,14.5462)->(25,10,15.114)->(25,9,15.7962)->(25,8,17.114)->(25,7,19.3282)->(26,7,21.5424)->(27,7,22.9566)->(28,7,24.3708)->(29,7,5011.89)->
Agent 81:(27,15,1.8)->(26,15,3.01421)->(25,15,4.33205)->(24,15,5.01421)->(23,15,5.58205)->(22,15,6.1)->(21,15,6.6)->(20,15,7.1)->(19,15,7.6)->(18,15,8.1)->(17,15,8.6)->(16,15,9.1)->(15,15,9.6)->(14,15,10.1)->(13,15,10.6)->(12,15,11.1)->(11,15,11.6)->(10,15,12.1)->(9,15,12.6)->(8,15,13.1179)->(7,15,13.6858)->(6,15,14.3679)->(5,15,15.6858)->(4,15,18.9642)->(4,16,22.2426)->(4,17,23.5605)->(4,18,24.2426)->(4,19,24.8105)->(4,20,25.3284)->(4,21,25.8284)->(4,22,26.3284)->(4,23,26.8284)->(4,24,27.3284)->(4,25,27.8284)->(4,26,28.3284)->(4,27,28.8464)->(4,28,29.4142)->(4,29,30.0964)->(4,30,31.4142)->(4,31,34.0426)->(3,31,5017.21)->
Agent 82:(23,4,2.95011)->(22,4,5.31444)->(21,4,6.63227)->(20,4,7.36433)->(19,4,8.09638)->(18,4,9.41421)->(17,4,14.0425)->(17,5,18.6708)->(17,6,19.9887)->(17,7,20.6708)->(17,8,21.2387)->(17,9,21.7566)->(17,10,22.2566)->(17,11,22.7566)->(17,12,23.2746)->(17,13,23.8424)->(17,14,24.5246)->(17,15,25.8424)->(17,16,28.4708)->(16,16,5014.43)->
Agent 83:(21,26,1.8)->(22,26,3.01421)->(23,26,4.33205)->(24,26,5.0641)->(25,26,5.79615)->(26,26,7.11399)->(27,26,9.3282)->(27,25,11.5424)->(27,24,12.8603)->(27,23,13.5424)->(27,22,14.1103)->(27,21,14.6462)->(27,20,15.214)->(27,19,15.8962)->(27,18,17.214)->(27,17,5008.31)->
Agent 84:(31,18,2.11421)->(30,18,3.64264)->(29,18,4.96048)->(28,18,5.64264)->(27,18,6.21048)->(26,18,6.74638)->(25,18,7.31421)->(24,18,7.99638)->(23,18,9.31421)->(22,18,13.6142)->(22,19,17.9495)->(22,20,19.9495)->(22,21,22.199)->(21,21,24.4132)->(20,21,25.731)->(19,21,26.4228)->(18,21,27.0585)->(17,21,27.7502)->(16,21,29.0681)->(15,21,5014.24)->
Agent 85:(3,6,2.61421)->(3,5,6.67157)->(4,5,10.3574)->(5,5,11.6752)->(6,5,12.367)->(7,5,13.0026)->(8,5,13.6944)->(9,5,15.0122)->(10,5,5007.21)->
Agent 86:(18,28,4.41421)->(18,27,8.24264)->(18,26,9.56048)->(18,25,10.2426)->(18,24,10.8105)->(18,23,11.3284)->(18,22,11.8284)->(18,21,12.3284)->(18,20,12.8284)->(18,19,13.3284)->(18,18,13.8284)->(18,17,14.3284)->(18,16,14.8284)->(18,15,15.3284)->(18,14,15.8284)->(18,13,16.3284)->(18,12,16.8464)->(18,11,17.4142)->(18,10,18.0964)->(18,9,19.4142)->(18,8,21.6284)->(17,8,23.8426)->(16,8,25.1605)->(15,8,25.8426)->(14,8,26.4284)->(13,8,27.0142)->(12,8,27.6964)->(11,8,29.0142)->(10,8,5014.21)->
Agent 87:(26,10,4.25)->(26,11,7.91421)->(26,12,9.23205)->(26,13,9.91421)->(26,14,10.4821)->(26,15,11)->(26,16,11.5)->(26,17,12)->(26,18,12.5)->(26,19,13)->(26,20,13.5)->(26,21,14)->(26,22,14.5179)->(26,23,15.0858)->(26,24,15.7679)->(26,25,17.0858)->(26,26,19.3)->(25,26,21.5142)->(24,26,22.8321)->(23,26,23.5142)->(22,26,24.0821)->(21,26,24.6)->(20,26,25.1)->(19,26,25.6)->(18,26,26.1)->(17,26,26.6)->(16,26,27.1179)->(15,26,27.6858)->(14,26,28.3679)->(13,26,29.6858)->(12,26,5014.55)->
Agent 88:(16,30,1.8)->(17,30,3.01421)->(18,30,4.33205)->(19,30,5.01421)->(20,30,5.58205)->(21,30,6.1)->(22,30,6.6)->(23,30,7.11795)->(24,30,7.68579)->(25,30,8.36795)->(26,30,9.68579)->(27,30,11.9642)->(27,29,14.2426)->(27,28,15.5765)->(27,27,16.4049)->(27,26,17.7388)->(27,25,23.687)->(27,26,5013.7)->
Agent 89:(27,18,2.61421)->(27,17,5.61421)->(26,17,8.24264)->(25,17,9.56048)->(24,17,10.2426)->(23,17,10.8105)->(22,17,11.3284)->(21,17,11.8284)->(20,17,12.3284)->(19,17,12.8284)->(18,17,13.3284)->(17,17,13.8284)->(16,17,14.3284)->(15,17,14.8284)->(14,17,15.3284)->(13,17,15.8284)->(12,17,16.3284)->(11,17,16.8284)->(10,17,17.3284)->(9,17,17.8284)->(8,17,18.3284)->(7,17,18.8464)->(6,17,19.4142)->(5,17,20.0964)->(4,17,21.4142)->(3,17,5010.41)->
Agent 90:(23,29,5)->(23,28,9.41421)->(23,27,10.7321)->(23,26,11.4142)->(23,25,11.9821)->(23,24,12.5)->(23,23,13)->(23,22,13.5)->(23,21,14)->(23,20,14.5)->(23,19,15)->(23,18,15.5)->(23,17,16)->(23,16,16.5179)->(23,15,17.0858)->(23,14,17.7679)->(23,13,19.0858)->(23,12,22.3)->(22,12,25.5495)->(21,12,27.5495)->(20,12,5013.5)->
Agent 91:(20,30,2.2)->(20,29,3.81421)->(20,28,5.13205)->(20,27,5.81421)->(20,26,6.4)->(20,25,6.98579)->(20,24,7.66795)->(20,23,8.98579)->(20,22,11.2)->(19,22,13.4142)->(18,22,14.7481)->(17,22,15.5765)->(16,22,16.9103)->(15,22,19.1246)->(15,23,21.9246)->(15,24,25.1246)->(15,23,28.3246)->(15,22,5014.16)->
Agent 92:(19,23,2.41806)->(18,23,4.25034)->(17,23,5.56817)->(16,23,6.25034)->(15,23,6.81817)->(14,23,7.33612)->(13,23,7.83612)->(12,23,8.33612)->(11,23,8.83612)->(10,23,9.33612)->(9,23,9.83612)->(8,23,10.3361)->(7,23,10.8361)->(6,23,11.3361)->(5,23,11.8541)->(4,23,12.4219)->(3,23,13.1041)->(2,23,14.4219)->(1,23,16.6361)->(1,24,18.8503)->(1,25,20.1682)->(1,26,20.9002)->(1,27,21.6323)->(1,28,22.9501)->(1,29,5011.18)->
Agent 93:(31,6,1.3)->(31,7,2.01421)->(31,8,3.33205)->(31,9,4.02382)->(31,10,4.65949)->(31,11,5.35126)->(31,12,6.6691)->(31,13,9.18792)->(30,13,11.7067)->(29,13,13.0246)->(28,13,13.7067)->(27,13,14.2746)->(26,13,14.7925)->(25,13,15.2925)->(24,13,15.8105)->(23,13,16.3783)->(22,13,17.0605)->(21,13,18.3783)->(20,13,5008.9)->
Agent 94:(13,14,4.48205)->(13,15,8.37832)->(13,16,9.69615)->(13,17,10.3783)->(13,18,10.9462)->(13,19,11.4641)->(13,20,11.9641)->(13,21,12.4641)->(13,22,12.9641)->(13,23,13.4821)->(13,24,14.0499)->(13,25,14.7321)->(13,26,16.0499)->(13,27,18.2641)->(14,27,21.0641)->(15,27,5010.53)->
Agent 95:(3,11,1.8)->(4,11,3.01421)->(5,11,4.33205)->(6,11,5.01421)->(7,11,5.58205)->(8,11,6.1)->(9,11,6.6)->(10,11,7.1)->(11,11,7.61795)->(12,11,8.18579)->(13,11,8.86795)->(14,11,10.1858)->(15,11,12.4)->(15,12,14.6142)->(15,13,15.9481)->(15,14,16.7765)->(15,15,18.1103)->(15,16,5008.76)->
Agent 96:(31,19,4.75)->(30,19,8.91421)->(29,19,10.2321)->(28,19,10.9142)->(27,19,11.4821)->(26,19,12)->(25,19,12.5179)->(24,19,13.0858)->(23,19,13.7679)->(22,19,15.0858)->(21,19,17.3)->(21,18,19.5142)->(21,17,20.8321)->(21,16,21.5142)->(21,15,22.1)->(21,14,22.6858)->(21,13,23.3679)->(21,12,24.6858)->(21,11,5012.05)->
Agent 97:(8,22,2.96323)->(8,21,5.34067)->(8,20,6.65851)->(8,19,7.34067)->(8,18,7.90851)->(8,17,8.42646)->(8,16,8.92646)->(8,15,9.42646)->(8,14,9.92646)->(8,13,10.4265)->(8,12,10.9265)->(8,11,11.4265)->(8,10,11.9265)->(8,9,12.4444)->(8,8,13.0122)->(8,7,13.6944)->(8,6,15.0122)->(8,5,17.2265)->(7,5,19.4407)->(6,5,20.8549)->(5,5,22.2691)->(4,5,5010.84)->
Agent 98:(7,8,3.26421)->(7,9,5.94264)->(7,10,7.26048)->(7,11,7.94264)->(7,12,8.51048)->(7,13,9.02843)->(7,14,9.52843)->(7,15,10.0284)->(7,16,10.5284)->(7,17,11.0284)->(7,18,11.5464)->(7,19,12.1142)->(7,20,12.7964)->(7,21,14.1142)->(7,22,16.3284)->(6,22,18.5426)->(5,22,19.9569)->(4,22,21.3711)->(3,22,23.9995)->(3,23,5012.19)->
Agent 99:(20,22,2.2)->(20,21,3.81421)->(20,20,5.22843)->(20,19,6.64264)->(20,18,10.5284)->(19,18,14.4142)->(18,18,15.8284)->(17,18,17.2426)->(16,18,5008.33)->
Agent 100:(4,17,1.30961)->(4,18,2.03343)->(4,19,3.35126)->(4,20,4.03343)->(4,21,4.60126)->(4,22,5.11921)->(4,23,5.61921)->(4,24,6.11921)->(4,25,6.61921)->(4,26,7.13716)->(4,27,7.705)->(4,28,8.38716)->(4,29,9.705)->(4,30,11.9192)->(5,30,14.1334)->(6,30,15.4513)->(7,30,16.1334)->(8,30,16.7013)->(9,30,17.2192)->(10,30,17.7192)->(11,30,18.2192)->(12,30,18.7192)->(13,30,19.2192)->(14,30,19.7192)->(15,30,20.2192)->(16,30,20.7192)->(17,30,21.2192)->(18,30,21.7192)->(19,30,22.2192)->(20,30,22.7192)->(21,30,23.2192)->(22,30,23.7192)->(23,30,24.2192)->(24,30,24.7192)->(25,30,25.2372)->(26,30,25.805)->(27,30,26.4872)->(28,30,27.805)->(29,30,30.0192)->(29,29,32.8192)->(29,28,5016.41)->
Agent 101:(13,28,2.2)->(13,27,3.84949)->(13,26,5.84949)->(13,25,9.64949)->(14,25,13.4142)->(15,25,14.7321)->(16,25,15.4142)->(17,25,16)->(18,25,16.5858)->(19,25,17.2679)->(20,25,18.5858)->(21,25,5009)->
Agent 102:(18,9,1.3)->(18,10,2.04949)->(18,11,4.04949)->(18,12,6.29898)->(19,12,8.51319)->(20,12,9.83103)->(21,12,10.5132)->(22,12,11.081)->(23,12,11.599)->(24,12,12.099)->(25,12,12.599)->(26,12,13.1169)->(27,12,13.6848)->(28,12,14.3669)->(29,12,15.6848)->(30,12,18.3132)->(30,13,5009.35)->
Agent 103:(10,15,2.61421)->(10,14,5.61421)->(11,14,8.24264)->(12,14,9.56048)->(13,14,10.2426)->(14,14,10.8105)->(15,14,11.3284)->(16,14,11.8284)->(17,14,12.3284)->(18,14,12.8464)->(19,14,13.4142)->(20,14,14.0964)->(21,14,15.4142)->(22,14,18.0426)->(22,15,5009.21)->
Agent 104:(25,4,1.3)->(25,5,2.01421)->(25,6,3.34806)->(25,7,4.17649)->(25,8,5.51034)->(25,9,7.72456)->(24,9,9.93877)->(23,9,11.2566)->(22,9,11.9388)->(21,9,12.5066)->(20,9,13.0246)->(19,9,13.5246)->(18,9,14.0246)->(17,9,14.5246)->(16,9,15.0425)->(15,9,15.6103)->(14,9,16.2925)->(13,9,17.6103)->(12,9,5008.51)->
Agent 105:(3,28,3.89626)->(3,27,7.20674)->(3,26,8.52458)->(3,25,9.20674)->(3,24,9.77458)->(3,23,10.2925)->(3,22,10.7925)->(3,21,11.2925)->(3,20,11.7925)->(3,19,12.2925)->(3,18,12.7925)->(3,17,13.2925)->(3,16,13.7925)->(3,15,14.2925)->(3,14,14.7925)->(3,13,15.2925)->(3,12,15.7925)->(3,11,16.2925)->(3,10,16.7925)->(3,9,17.3105)->(3,8,17.8783)->(3,7,18.5605)->(3,6,19.8783)->(3,5,22.5067)->(2,5,5011.45)->
Agent 106:(24,6,1.3)->(24,7,2.01421)->(24,8,3.34806)->(24,9,4.17649)->(24,10,5.51034)->(24,11,7.72456)->(23,11,9.93877)->(22,11,11.2566)->(21,11,11.9388)->(20,11,12.5246)->(19,11,13.1103)->(18,11,13.7925)->(17,11,15.1103)->(16,11,17.7388)->(16,12,5009.06)->
Agent 107:(25,16,3.76228)->(25,15,6.93877)->(25,14,8.25661)->(25,13,8.93877)->(25,12,9.50661)->(25,11,10.0246)->(25,10,10.5246)->(25,9,11.0246)->(25,8,11.5246)->(25,7,12.0246)->(25,6,12.5246)->(25,5,13.0246)->(25,4,13.5425)->(25,3,14.1103)->(25,2,14.7925)->(25,1,16.1103)->(25,0,18.3246)->(24,0,20.5388)->(23,0,21.8566)->(22,0,22.5388)->(21,0,23.1066)->(20,0,23.6246)->(19,0,24.1246)->(18,0,24.6246)->(17,0,25.1246)->(16,0,25.6246)->(15,0,26.1246)->(14,0,26.6246)->(13,0,27.1246)->(12,0,27.6246)->(11,0,28.1246)->(10,0,28.6425)->(9,0,29.2103)->(8,0,29.8925)->(7,0,31.2103)->(6,0,5015.31)->
Agent 108:(29,2,2.61421)->(29,1,5.65)->(28,1,8.31421)->(27,1,9.63205)->(26,1,10.3142)->(25,1,10.8821)->(24,1,11.4)->(23,1,11.9)->(22,1,12.4)->(21,1,12.9)->(20,1,13.4)->(19,1,13.9)->(18,1,14.4)->(17,1,14.9179)->(16,1,15.4858)->(15,1,16.1679)->(14,1,17.4858)->(13,1,20.1142)->(13,2,5010.25)->
Agent 109:(7,12,2.67649)->(8,12,4.7672)->(9,12,6.08503)->(10,12,6.7672)->(11,12,7.33503)->(12,12,7.85298)->(13,12,8.35298)->(14,12,8.85298)->(15,12,9.35298)->(16,12,9.85298)->(17,12,10.353)->(18,12,10.853)->(19,12,11.353)->(20,12,11.8709)->(21,12,12.4388)->(22,12,13.1209)->(23,12,14.4388)->(24,12,16.8587)->(24,13,19.2785)->(24,14,20.5964)->(24,15,21.2785)->(24,16,21.8464)->(24,17,22.3643)->(24,18,22.8643)->(24,19,23.3643)->(24,20,23.8643)->(24,21,24.3643)->(24,22,24.8643)->(24,23,25.3643)->(24,24,25.8823)->(24,25,26.4501)->(24,26,27.1323)->(24,27,28.4501)->(24,28,31.0785)->(25,28,5015.73)->
