Agent 0:(14,0,1.71421)->(14,1,3.81421)->(15,1,6.44264)->(16,1,7.76048)->(17,1,8.44264)->(18,1,9.01048)->(19,1,9.52843)->(20,1,10.0464)->(21,1,10.6142)->(22,1,11.2964)->(23,1,12.6142)->(24,1,18.8284)->(24,2,25.0426)->(24,3,26.3605)->(24,4,27.0426)->(24,5,27.6105)->(24,6,28.1284)->(24,7,28.6284)->(24,8,29.1284)->(24,9,29.6284)->(24,10,30.1284)->(24,11,30.6284)->(24,12,31.1284)->(24,13,31.6284)->(24,14,32.1284)->(24,15,32.6284)->(24,16,33.1284)->(24,17,33.6284)->(24,18,34.1284)->(24,19,34.6284)->(24,20,35.1284)->(24,21,35.6284)->(24,22,36.1284)->(24,23,36.6284)->(24,24,37.1464)->(24,25,37.7142)->(24,26,38.3964)->(24,27,39.7142)->(24,28,41.9284)->(23,28,44.7284)->(22,28,5022.36)->
Agent 1:(5,7,1.71421)->(5,8,3.91421)->(4,8,7.22843)->(3,8,13.0137)->(3,9,18.2132)->(3,10,19.531)->(3,11,20.2132)->(3,12,20.781)->(3,13,21.299)->(3,14,21.799)->(3,15,22.3169)->(3,16,22.8847)->(3,17,23.5669)->(3,18,24.8847)->(3,19,27.099)->(4,19,29.899)->(5,19,33.5132)->(4,19,5017.15)->
Agent 2:(17,14,3.42168)->(17,13,6.25758)->(17,12,7.57542)->(17,11,8.25758)->(17,10,8.82542)->(17,9,9.34337)->(17,8,9.84337)->(17,7,10.3434)->(17,6,10.8434)->(17,5,11.3613)->(17,4,11.9292)->(17,3,12.6113)->(17,2,13.9292)->(17,1,16.1434)->(18,1,18.3929)->(19,1,20.3929)->(20,1,23.0566)->(20,0,26.8712)->(19,0,30.3)->(18,0,5015.15)->
Agent 3:(20,21,2.2)->(20,20,3.84949)->(20,19,5.84949)->(20,18,11.1637)->(19,18,17.9859)->(19,17,21.186)->(19,16,22.5038)->(19,15,23.186)->(19,14,23.7538)->(19,13,24.2718)->(19,12,24.7718)->(19,11,25.2897)->(19,10,25.8576)->(19,9,26.5397)->(19,8,27.8576)->(19,7,30.0718)->(18,7,32.286)->(17,7,33.6038)->(16,7,34.286)->(15,7,34.8538)->(14,7,35.3718)->(13,7,35.8897)->(12,7,36.4576)->(11,7,37.1397)->(10,7,38.4576)->(9,7,40.6718)->(9,6,43.4718)->(9,5,5021.74)->
Agent 4:(20,15,1.71421)->(20,16,4.9637)->(20,15,12.1679)->(19,15,17.2864)->(18,15,19.2864)->(17,15,5009.37)->
Agent 5:(7,0,3.31795)->(7,1,6.05011)->(7,2,7.36795)->(7,3,8.05011)->(7,4,8.61795)->(7,5,9.1359)->(7,6,9.6359)->(7,7,10.1359)->(7,8,10.6359)->(7,9,11.1359)->(7,10,11.6359)->(7,11,12.1359)->(7,12,12.6359)->(7,13,13.1359)->(7,14,13.6359)->(7,15,14.1359)->(7,16,14.6538)->(7,17,15.2217)->(7,18,15.9038)->(7,19,17.2217)->(7,20,20.5817)->(6,20,23.9416)->(5,20,25.2595)->(4,20,25.9512)->(3,20,26.5869)->(2,20,27.2787)->(1,20,28.5965)->(0,20,30.8107)->(0,21,33.0249)->(0,22,34.3428)->(0,23,35.0748)->(0,24,35.8069)->(0,25,37.1247)->(0,26,5018.27)->
Agent 6:(3,11,2.21421)->(2,11,4.81421)->(2,12,8.02843)->(2,13,11.2426)->(1,13,20.0426)->(2,13,28.4569)->(3,13,5014.23)->
Agent 7:(5,15,1.8)->(6,15,3.6)->(7,15,6.4)->(7,16,8.61421)->(7,17,9.93205)->(7,18,10.6142)->(7,19,11.2)->(7,20,11.7858)->(7,21,12.4679)->(7,22,13.7858)->(7,23,17.0784)->(8,23,20.3711)->(9,23,21.6889)->(10,23,22.3711)->(11,23,22.9389)->(12,23,23.4569)->(13,23,23.9569)->(14,23,24.4569)->(15,23,24.9569)->(16,23,25.4569)->(17,23,25.9569)->(18,23,26.4569)->(19,23,26.9569)->(20,23,27.4569)->(21,23,27.9569)->(22,23,28.4569)->(23,23,28.9569)->(24,23,29.4748)->(25,23,30.0426)->(26,23,30.7248)->(27,23,32.0426)->(28,23,34.9054)->(28,24,37.7681)->(28,25,39.1823)->(28,26,40.5965)->(28,27,5020.01)->
Agent 8:(4,23,1.4142)->(4,24,2.27789)->(4,25,4.27789)->(4,26,6.92738)->(4,25,9.54159)->(4,24,10.8594)->(4,23,11.5416)->(4,22,12.1094)->(4,21,12.6274)->(4,20,13.1274)->(4,19,13.6274)->(4,18,14.1274)->(4,17,14.6274)->(4,16,15.1274)->(4,15,15.6453)->(4,14,16.2132)->(4,13,16.8953)->(4,12,18.2132)->(4,11,20.4274)->(5,11,22.6416)->(6,11,23.9594)->(7,11,24.6416)->(8,11,25.2094)->(9,11,25.7274)->(10,11,26.2274)->(11,11,26.7274)->(12,11,27.2274)->(13,11,27.7274)->(14,11,28.2274)->(15,11,28.7274)->(16,11,29.2274)->(17,11,29.7274)->(18,11,30.2274)->(19,11,30.7453)->(20,11,31.3132)->(21,11,31.9953)->(22,11,33.3132)->(23,11,5016.36)->
Agent 9:(0,31,2.61421)->(0,30,5.61421)->(1,30,8.24264)->(2,30,9.56048)->(3,30,10.2426)->(4,30,10.8105)->(5,30,11.3284)->(6,30,11.8284)->(7,30,12.3284)->(8,30,12.8284)->(9,30,13.3464)->(10,30,13.9142)->(11,30,14.5964)->(12,30,15.9142)->(13,30,19.0917)->(13,29,22.2691)->(13,28,23.5869)->(13,27,24.2691)->(13,26,24.8369)->(13,25,25.3549)->(13,24,25.8549)->(13,23,26.3549)->(13,22,26.8549)->(13,21,27.3728)->(13,20,27.9407)->(13,19,28.6228)->(13,18,29.9407)->(13,17,32.1549)->(14,17,34.3691)->(15,17,35.6869)->(16,17,36.3691)->(17,17,36.9369)->(18,17,37.4549)->(19,17,37.9549)->(20,17,38.4549)->(21,17,38.9549)->(22,17,39.4549)->(23,17,39.9549)->(24,17,40.4549)->(25,17,40.9728)->(26,17,41.5407)->(27,17,42.2228)->(28,17,43.5407)->(29,17,45.7549)->(29,16,47.9691)->(29,15,49.2869)->(29,14,49.9691)->(29,13,50.5369)->(29,12,51.0549)->(29,11,51.5728)->(29,10,52.1407)->(29,9,52.8228)->(29,8,54.1407)->(29,7,56.7691)->(30,7,60.3691)->(30,6,62.9975)->(30,5,64.3314)->(30,4,65.1598)->(30,3,66.4937)->(30,2,5032.95)->
Agent 10:(17,28,2.53216)->(18,28,4.47854)->(19,28,5.79638)->(20,28,6.47854)->(21,28,7.04638)->(22,28,7.56433)->(23,28,8.08227)->(24,28,8.65011)->(25,28,9.33227)->(26,28,10.6501)->(27,28,13.5464)->(27,27,16.4426)->(27,26,17.7605)->(27,25,18.4426)->(27,24,19.0105)->(27,23,19.5284)->(27,22,20.0284)->(27,21,20.5284)->(27,20,21.0284)->(27,19,21.5284)->(27,18,22.0284)->(27,17,22.5284)->(27,16,23.0284)->(27,15,23.5284)->(27,14,24.0284)->(27,13,24.5284)->(27,12,25.0284)->(27,11,25.5464)->(27,10,26.1142)->(27,9,26.7964)->(27,8,28.1142)->(27,7,30.7426)->(26,7,5015.56)->
Agent 11:(7,29,1.8)->(6,29,3.01421)->(5,29,4.33205)->(4,29,5.0641)->(3,29,5.79615)->(2,29,7.11399)->(1,29,13.7425)->(1,28,20.3711)->(1,27,21.6889)->(1,26,22.3711)->(1,25,22.9389)->(1,24,23.4569)->(1,23,23.9569)->(1,22,24.4569)->(1,21,24.9569)->(1,20,25.4569)->(1,19,25.9569)->(1,18,26.4569)->(1,17,26.9569)->(1,16,27.4569)->(1,15,27.9569)->(1,14,28.4569)->(1,13,28.9569)->(1,12,29.4569)->(1,11,29.9569)->(1,10,30.4569)->(1,9,30.9748)->(1,8,31.5426)->(1,7,32.2248)->(1,6,33.5426)->(1,5,35.7569)->(2,5,38.5569)->(3,5,41.7711)->(3,6,5021.08)->
Agent 12:(24,21,2.2)->(24,20,3.81421)->(24,19,5.13205)->(24,18,5.81421)->(24,17,6.38205)->(24,16,6.9)->(24,15,7.4)->(24,14,7.9)->(24,13,8.4)->(24,12,8.91795)->(24,11,9.48579)->(24,10,10.1679)->(24,9,11.4858)->(24,8,14.55)->(25,8,18.2)->(26,8,24.1637)->(26,9,29.5416)->(26,10,30.8594)->(26,11,31.5416)->(26,12,32.1094)->(26,13,32.6274)->(26,14,33.1453)->(26,15,33.7132)->(26,16,34.3953)->(26,17,35.7132)->(26,18,5017.56)->
Agent 13:(15,29,1.8)->(14,29,3.01421)->(13,29,4.33205)->(12,29,5.01421)->(11,29,5.58205)->(10,29,6.1)->(9,29,6.6)->(8,29,7.1)->(7,29,7.61795)->(6,29,8.18579)->(5,29,8.86795)->(4,29,10.1858)->(3,29,12.4)->(3,28,14.6142)->(3,27,15.9321)->(3,26,16.6641)->(3,25,17.3962)->(3,24,18.714)->(3,23,21.2925)->(2,23,24.4569)->(1,23,27.2569)->(1,22,30.0569)->(1,21,33.6622)->(0,21,5017.22)->
Agent 14:(16,11,1.71421)->(16,12,5.19217)->(15,12,9.23383)->(14,12,11.2338)->(13,12,13.4833)->(13,13,16.2833)->(13,14,19.3371)->(12,14,21.805)->(11,14,23.1228)->(10,14,23.805)->(9,14,24.3728)->(8,14,24.9087)->(7,14,25.4766)->(6,14,26.1587)->(5,14,27.4766)->(4,14,29.6908)->(4,15,32.4908)->(4,16,35.705)->(3,16,5018.05)->
Agent 15:(16,20,2.91239)->(16,21,5.23899)->(16,22,6.55683)->(16,23,7.28888)->(16,24,8.02093)->(16,25,9.33877)->(16,26,11.553)->(17,26,13.7672)->(18,26,15.101)->(19,26,15.9295)->(20,26,17.2633)->(21,26,23.5946)->(21,27,5013.84)->
Agent 16:(27,29,10.1538)->(27,28,19.7219)->(27,27,21.0397)->(27,26,21.7219)->(27,25,22.2897)->(27,24,22.8077)->(27,23,23.3077)->(27,22,23.8077)->(27,21,24.3077)->(27,20,24.8077)->(27,19,25.3077)->(27,18,25.8077)->(27,17,26.3077)->(27,16,26.8077)->(27,15,27.3077)->(27,14,27.8077)->(27,13,28.3077)->(27,12,28.8256)->(27,11,29.3935)->(27,10,30.0756)->(27,9,31.3935)->(27,8,33.6077)->(26,8,35.8219)->(25,8,37.1397)->(24,8,37.8315)->(23,8,38.4672)->(22,8,39.159)->(21,8,40.4768)->(20,8,5019.95)->
Agent 17:(30,10,1.8)->(29,10,3.01421)->(28,10,4.33205)->(27,10,5.01421)->(26,10,5.58205)->(25,10,6.1)->(24,10,6.6)->(23,10,7.1)->(22,10,7.6)->(21,10,8.1)->(20,10,8.6)->(19,10,9.1)->(18,10,9.6)->(17,10,10.1)->(16,10,10.6)->(15,10,11.1)->(14,10,11.6)->(13,10,12.1)->(12,10,12.6)->(11,10,13.1179)->(10,10,13.6858)->(9,10,14.3679)->(8,10,15.6858)->(7,10,18.3642)->(7,11,21.0426)->(7,12,22.3605)->(7,13,23.0426)->(7,14,23.6105)->(7,15,24.1284)->(7,16,24.6284)->(7,17,25.1284)->(7,18,25.6284)->(7,19,26.1284)->(7,20,26.6284)->(7,21,27.1464)->(7,22,27.7142)->(7,23,28.3964)->(7,24,29.7142)->(7,25,5014.56)->
Agent 18:(20,7,1.3)->(20,8,2.01421)->(20,9,3.33205)->(20,10,4.0641)->(20,11,4.79615)->(20,12,6.11399)->(20,13,8.44253)->(21,13,11.3569)->(22,13,14.2784)->(22,14,16.6142)->(22,15,17.9321)->(22,16,18.6142)->(22,17,19.1821)->(22,18,19.7)->(22,19,20.2)->(22,20,20.7)->(22,21,21.2)->(22,22,21.7179)->(22,23,22.2858)->(22,24,22.9679)->(22,25,24.2858)->(22,26,5011.85)->
Agent 19:(4,5,2.21421)->(5,5,9.34574)->(5,6,16.5057)->(5,7,17.8235)->(5,8,18.5057)->(5,9,19.0915)->(5,10,19.6773)->(5,11,20.3594)->(5,12,21.6773)->(5,13,24.3057)->(6,13,5012.35)->
Agent 20:(27,30,2.21421)->(28,30,11.0217)->(28,29,19.8576)->(28,28,21.1754)->(28,27,21.8576)->(28,26,22.4254)->(28,25,22.9434)->(28,24,23.4434)->(28,23,23.9434)->(28,22,24.4434)->(28,21,24.9434)->(28,20,25.4434)->(28,19,25.9434)->(28,18,26.4434)->(28,17,26.9434)->(28,16,27.4434)->(28,15,27.9434)->(28,14,28.4434)->(28,13,28.9434)->(28,12,29.4434)->(28,11,29.9434)->(28,10,30.4434)->(28,9,30.9613)->(28,8,31.5292)->(28,7,32.2113)->(28,6,33.5292)->(28,5,35.9581)->(29,5,38.4223)->(30,5,40.4223)->(31,5,5019.94)->
Agent 21:(12,29,2.2)->(12,28,3.84949)->(12,27,5.84949)->(12,26,8.09898)->(13,26,10.899)->(14,26,14.5411)->(14,25,17.5975)->(14,24,19.0117)->(14,23,20.426)->(14,22,26.5627)->(15,22,32.6995)->(16,22,34.0173)->(17,22,34.6995)->(18,22,35.2673)->(19,22,35.7853)->(20,22,36.3032)->(21,22,36.8711)->(22,22,37.5532)->(23,22,38.8711)->(24,22,5019.14)->
Agent 22:(25,26,2.93579)->(24,26,5.28579)->(23,26,6.7)->(22,26,8.11421)->(21,26,11.5201)->(21,25,16.6314)->(20,25,19.9937)->(19,25,21.3115)->(18,25,22.0033)->(17,25,22.6389)->(16,25,23.3307)->(15,25,24.6485)->(14,25,5012.03)->
Agent 23:(17,8,2.61421)->(17,7,5.61421)->(16,7,8.24264)->(15,7,9.56048)->(14,7,10.2925)->(13,7,11.0246)->(12,7,12.3424)->(11,7,16.8567)->(11,8,21.3711)->(11,9,22.6889)->(11,10,23.3711)->(11,11,23.9389)->(11,12,24.4569)->(11,13,24.9569)->(11,14,25.4569)->(11,15,25.9569)->(11,16,26.4569)->(11,17,26.9569)->(11,18,27.4569)->(11,19,27.9569)->(11,20,28.4748)->(11,21,29.0426)->(11,22,29.7248)->(11,23,31.0426)->(11,24,33.2569)->(10,24,35.4711)->(9,24,36.8853)->(8,24,38.2995)->(7,24,5018.86)->
Agent 24:(15,18,1.8)->(16,18,3.6)->(17,18,6.4)->(17,17,8.61421)->(17,16,9.93205)->(17,15,10.6142)->(17,14,11.1821)->(17,13,11.7)->(17,12,12.2)->(17,11,12.7)->(17,10,13.2)->(17,9,13.7179)->(17,8,14.2858)->(17,7,14.9679)->(17,6,16.2858)->(17,5,18.5)->(18,5,21.3)->(19,5,5010.65)->
Agent 25:(8,19,1.8)->(9,19,3.01421)->(10,19,4.33205)->(11,19,5.01421)->(12,19,5.6)->(13,19,6.18579)->(14,19,6.86795)->(15,19,8.18579)->(16,19,10.4)->(16,18,12.6142)->(16,17,13.9321)->(16,16,14.6641)->(16,15,15.3962)->(16,14,16.714)->(16,13,18.95)->(17,13,21.186)->(18,13,22.5038)->(19,13,23.186)->(20,13,23.7538)->(21,13,24.2718)->(22,13,24.7718)->(23,13,25.2718)->(24,13,25.7718)->(25,13,26.2718)->(26,13,26.7718)->(27,13,27.2897)->(28,13,27.8576)->(29,13,28.5397)->(30,13,29.8576)->(31,13,32.0718)->(31,12,34.286)->(31,11,35.6038)->(31,10,36.286)->(31,9,36.8538)->(31,8,37.3718)->(31,7,37.8897)->(31,6,38.4576)->(31,5,39.1397)->(31,4,40.4576)->(31,3,5019.94)->
Agent 26:(27,19,2.21421)->(26,19,4.81421)->(26,20,7.44264)->(26,21,8.85685)->(26,22,10.2711)->(26,23,12.6495)->(25,23,15.0279)->(24,23,16.3458)->(23,23,17.0375)->(22,23,17.6732)->(21,23,18.365)->(20,23,19.6828)->(19,23,22.3112)->(19,24,27.3769)->(18,24,31.4711)->(17,24,32.7889)->(16,24,33.4711)->(15,24,34.0569)->(14,24,34.6426)->(13,24,35.3248)->(12,24,36.6426)->(11,24,5018.03)->
Agent 27:(19,0,1.8)->(18,0,3.01421)->(17,0,4.33205)->(16,0,5.01421)->(15,0,5.58205)->(14,0,6.1)->(13,0,6.6)->(12,0,7.1)->(11,0,7.6)->(10,0,8.1)->(9,0,8.6)->(8,0,9.1)->(7,0,9.61795)->(6,0,10.1858)->(5,0,10.8679)->(4,0,12.1858)->(3,0,16.5284)->(3,1,20.8711)->(3,2,22.1889)->(3,3,22.8711)->(3,4,23.4389)->(3,5,23.9569)->(3,6,24.4569)->(3,7,24.9569)->(3,8,25.4569)->(3,9,25.9569)->(3,10,26.4569)->(3,11,26.9569)->(3,12,27.4569)->(3,13,27.9569)->(3,14,28.4569)->(3,15,28.9569)->(3,16,29.4569)->(3,17,29.9569)->(3,18,30.4569)->(3,19,30.9569)->(3,20,31.4569)->(3,21,31.9569)->(3,22,32.4569)->(3,23,32.9569)->(3,24,33.4748)->(3,25,34.0426)->(3,26,34.7248)->(3,27,36.0426)->(3,28,38.6711)->(2,28,5019.53)->
Agent 28:(13,5,3.34166)->(13,6,6.09753)->(13,7,7.41537)->(13,8,8.09753)->(13,9,8.66537)->(13,10,9.18331)->(13,11,9.68331)->(13,12,10.1833)->(13,13,10.6833)->(13,14,11.1833)->(13,15,11.6833)->(13,16,12.1833)->(13,17,12.6833)->(13,18,13.1833)->(13,19,13.6833)->(13,20,14.1833)->(13,21,14.7013)->(13,22,15.2691)->(13,23,15.9513)->(13,24,17.2691)->(13,25,19.4833)->(12,25,21.6975)->(11,25,23.0154)->(10,25,23.6975)->(9,25,24.2654)->(8,25,24.7833)->(7,25,25.2833)->(6,25,25.8013)->(5,25,26.3691)->(4,25,27.0513)->(3,25,28.3691)->(2,25,5013.89)->
Agent 29:(14,11,2.80834)->(14,10,5.0309)->(14,9,6.34874)->(14,8,7.04051)->(14,7,7.67618)->(14,6,8.36795)->(14,5,9.68579)->(14,4,11.9)->(15,4,14.1142)->(16,4,15.4321)->(17,4,16.1142)->(18,4,16.6821)->(19,4,17.2)->(20,4,17.7)->(21,4,18.2)->(22,4,18.7179)->(23,4,19.2858)->(24,4,19.9679)->(25,4,21.2858)->(26,4,23.9142)->(26,5,5012.15)->
Agent 30:(10,25,3.56795)->(10,24,6.58539)->(10,23,8.58539)->(10,22,21.1743)->(11,22,33.7279)->(12,22,35.0458)->(13,22,35.7279)->(14,22,36.3137)->(15,22,36.8995)->(16,22,37.5817)->(17,22,38.8995)->(18,22,5019.16)->
Agent 31:(25,31,15.5132)->(25,30,30.4407)->(25,29,31.8549)->(25,28,33.2691)->(25,27,5016.34)->
Agent 32:(9,25,2.2)->(9,24,3.81421)->(9,23,5.14806)->(9,22,5.97649)->(9,21,7.31034)->(9,20,9.52456)->(10,20,11.774)->(11,20,13.774)->(12,20,18.1407)->(12,21,22.5074)->(12,22,24.5074)->(12,23,27.1711)->(13,23,5013.78)->
Agent 33:(0,22,1.88216)->(1,22,3.17854)->(2,22,4.49638)->(3,22,5.17854)->(4,22,5.76433)->(5,22,6.35011)->(6,22,7.03227)->(7,22,8.35011)->(8,22,10.7418)->(8,21,13.1334)->(8,20,14.4513)->(8,19,15.1334)->(8,18,15.7013)->(8,17,16.2192)->(8,16,16.7192)->(8,15,17.2192)->(8,14,17.7192)->(8,13,18.2192)->(8,12,18.7192)->(8,11,19.2192)->(8,10,19.7192)->(8,9,20.2192)->(8,8,20.7192)->(8,7,21.2372)->(8,6,21.805)->(8,5,22.4872)->(8,4,23.805)->(8,3,26.0192)->(9,3,28.2334)->(10,3,29.5673)->(11,3,30.3957)->(12,3,31.7296)->(13,3,34.358)->(13,2,5017.37)->
Agent 34:(5,21,2.8)->(5,20,5.6)->(5,19,9.04444)->(6,19,11.9031)->(7,19,13.2209)->(8,19,13.9031)->(9,19,14.4709)->(10,19,14.9889)->(11,19,15.4889)->(12,19,15.9889)->(13,19,16.4889)->(14,19,16.9889)->(15,19,17.4889)->(16,19,17.9889)->(17,19,18.4889)->(18,19,19.0068)->(19,19,19.5747)->(20,19,20.2568)->(21,19,21.5747)->(22,19,23.7889)->(22,18,26.5889)->(22,17,31.0229)->(22,18,5016.31)->
Agent 35:(24,13,2.21421)->(23,13,4.81421)->(23,12,7.44264)->(23,11,8.77649)->(23,10,9.60492)->(23,9,10.9388)->(23,8,15.1681)->(22,8,19.3975)->(21,8,20.7154)->(20,8,21.3975)->(19,8,21.9654)->(18,8,22.4833)->(17,8,22.9833)->(16,8,23.4833)->(15,8,24.0013)->(14,8,24.5691)->(13,8,25.2513)->(12,8,26.5691)->(11,8,28.7833)->(11,9,30.9975)->(11,10,32.3154)->(11,11,32.9975)->(11,12,33.5833)->(11,13,34.1691)->(11,14,34.8513)->(11,15,36.1691)->(11,16,38.7975)->(10,16,5019.59)->
Agent 36:(28,21,2.51421)->(27,21,4.44264)->(26,21,5.76048)->(25,21,6.44264)->(24,21,7.01048)->(23,21,7.52843)->(22,21,8.02843)->(21,21,8.52843)->(20,21,9.02843)->(19,21,9.52843)->(18,21,10.0284)->(17,21,10.5284)->(16,21,11.0284)->(15,21,11.5284)->(14,21,12.0284)->(13,21,12.5284)->(12,21,13.0284)->(11,21,13.5284)->(10,21,14.0464)->(9,21,14.6142)->(8,21,15.2964)->(7,21,16.6142)->(6,21,18.8284)->(6,20,21.0779)->(6,19,23.0779)->(6,18,5011.26)->
Agent 37:(11,7,1.4142)->(11,8,2.24261)->(11,9,3.56045)->(11,10,4.24261)->(11,11,4.81045)->(11,12,5.3284)->(11,13,5.8284)->(11,14,6.34635)->(11,15,6.91419)->(11,16,7.59635)->(11,17,8.91419)->(11,18,11.5426)->(10,18,19.0284)->(11,18,25.5426)->(12,18,26.8605)->(13,18,27.5426)->(14,18,28.1105)->(15,18,28.6284)->(16,18,29.1284)->(17,18,29.6284)->(18,18,30.1284)->(19,18,30.6284)->(20,18,31.1284)->(21,18,31.6284)->(22,18,32.1284)->(23,18,32.6284)->(24,18,33.1284)->(25,18,33.6284)->(26,18,34.1464)->(27,18,34.7142)->(28,18,35.3964)->(29,18,36.7142)->(30,18,5018.06)->
Agent 38:(20,11,1.8)->(19,11,3.01421)->(18,11,4.42843)->(17,11,5.84264)->(16,11,9.99638)->(16,10,14.1501)->(16,9,15.4679)->(16,8,16.1597)->(16,7,16.7954)->(16,6,17.4872)->(16,5,18.805)->(16,4,21.4334)->(17,4,5010.91)->
Agent 39:(27,24,2.51421)->(27,23,4.44264)->(27,22,5.76048)->(27,21,6.44264)->(27,20,7.02843)->(27,19,7.61421)->(27,18,8.29638)->(27,17,9.61421)->(27,16,13.4679)->(28,16,17.3217)->(29,16,18.7359)->(30,16,20.1501)->(31,16,22.7785)->(31,17,5011.58)->
Agent 40:(17,22,2.2)->(17,21,3.84949)->(17,20,5.84949)->(17,19,9.94949)->(18,19,14.0142)->(19,19,15.3321)->(20,19,16.0641)->(21,19,16.7962)->(22,19,18.114)->(23,19,20.4)->(23,18,22.686)->(23,17,24.0038)->(23,16,24.686)->(23,15,25.2538)->(23,14,25.7897)->(23,13,26.3576)->(23,12,27.0397)->(23,11,28.3576)->(23,10,30.5718)->(24,10,33.3718)->(25,10,36.1718)->(25,9,38.386)->(25,8,39.7038)->(25,7,40.3956)->(25,6,41.0313)->(25,5,41.7231)->(25,4,43.0409)->(25,3,45.6693)->(26,3,49.6835)->(26,2,5025.24)->
Agent 41:(31,25,3.7)->(30,25,7.4)->(29,25,11.4822)->(29,24,14.9785)->(29,23,16.2964)->(29,22,16.9785)->(29,21,17.5464)->(29,20,18.0643)->(29,19,18.5643)->(29,18,19.0643)->(29,17,19.5643)->(29,16,20.0643)->(29,15,20.5643)->(29,14,21.0643)->(29,13,21.5643)->(29,12,22.0643)->(29,11,22.5643)->(29,10,23.0643)->(29,9,23.5643)->(29,8,24.0643)->(29,7,24.5643)->(29,6,25.0643)->(29,5,25.5643)->(29,4,26.0823)->(29,3,26.6501)->(29,2,27.3323)->(29,1,28.6501)->(29,0,30.8643)->(28,0,33.6643)->(27,0,5016.83)->
Agent 42:(30,16,2.21421)->(31,16,4.81421)->(31,17,7.44264)->(31,18,8.76048)->(31,19,9.49253)->(31,20,10.2246)->(31,21,11.5424)->(31,22,15.1567)->(30,22,18.7711)->(29,22,20.0889)->(28,22,20.7711)->(27,22,21.3389)->(26,22,21.8569)->(25,22,22.3569)->(24,22,22.8569)->(23,22,23.3569)->(22,22,23.8569)->(21,22,24.3569)->(20,22,24.8748)->(19,22,25.4426)->(18,22,26.1248)->(17,22,27.4426)->(16,22,30.0711)->(16,21,5015.23)->
Agent 43:(17,13,2.42168)->(16,13,4.25758)->(15,13,5.57542)->(14,13,6.30747)->(13,13,7.03952)->(12,13,8.35736)->(11,13,10.9858)->(11,12,14.8459)->(10,12,17.7697)->(9,12,19.7697)->(8,12,23.8875)->(8,11,29.3558)->(7,11,5015.08)->
Agent 44:(1,14,1.3)->(1,15,2.01421)->(1,16,3.33205)->(1,17,4.01421)->(1,18,4.58205)->(1,19,5.1)->(1,20,5.6)->(1,21,6.1)->(1,22,6.6)->(1,23,7.11795)->(1,24,7.68579)->(1,25,8.36795)->(1,26,9.68579)->(1,27,13.1417)->(2,27,16.5975)->(3,27,17.9154)->(4,27,18.5975)->(5,27,19.1654)->(6,27,19.6833)->(7,27,20.1833)->(8,27,20.6833)->(9,27,21.1833)->(10,27,21.6833)->(11,27,22.1833)->(12,27,22.6833)->(13,27,23.1833)->(14,27,23.6833)->(15,27,24.1833)->(16,27,24.6833)->(17,27,25.1833)->(18,27,25.6833)->(19,27,26.1833)->(20,27,26.6833)->(21,27,27.1833)->(22,27,27.6833)->(23,27,28.1833)->(24,27,28.7013)->(25,27,29.2691)->(26,27,29.9513)->(27,27,31.2691)->(28,27,33.8975)->(28,28,5017.14)->
Agent 45:(18,27,2.82841)->(19,27,6.45683)->(19,28,18.9248)->(19,27,30.007)->(19,26,31.3248)->(19,25,32.007)->(19,24,32.5748)->(19,23,33.0928)->(19,22,33.5928)->(19,21,34.0928)->(19,20,34.5928)->(19,19,35.0928)->(19,18,35.5928)->(19,17,36.0928)->(19,16,36.5928)->(19,15,37.0928)->(19,14,37.6107)->(19,13,38.1785)->(19,12,38.8607)->(19,11,40.1785)->(19,10,42.807)->(18,10,5021.6)->
Agent 46:(11,4,1.3)->(11,5,2.01421)->(11,6,3.33205)->(11,7,4.01421)->(11,8,4.58205)->(11,9,5.1)->(11,10,5.6)->(11,11,6.1)->(11,12,6.61795)->(11,13,7.18579)->(11,14,7.86795)->(11,15,9.18579)->(11,16,11.4)->(10,16,13.6142)->(9,16,14.9321)->(8,16,15.6238)->(7,16,16.2595)->(6,16,16.9513)->(5,16,18.2691)->(4,16,23.5701)->(4,17,5013.31)->
Agent 47:(3,30,1.8)->(4,30,3.01421)->(5,30,4.33205)->(6,30,5.01421)->(7,30,5.58205)->(8,30,6.1)->(9,30,6.6)->(10,30,7.1)->(11,30,7.61795)->(12,30,8.18579)->(13,30,8.86795)->(14,30,10.1858)->(15,30,17.2463)->(15,29,24.3067)->(15,28,25.6246)->(15,27,26.3067)->(15,26,26.8746)->(15,25,27.3925)->(15,24,27.8925)->(15,23,28.3925)->(15,22,28.8925)->(15,21,29.3925)->(15,20,29.8925)->(15,19,30.3925)->(15,18,30.9105)->(15,17,31.4783)->(15,16,32.1605)->(15,15,33.4783)->(15,14,36.1067)->(14,14,5018.25)->
Agent 48:(21,5,2.13579)->(20,5,3.68579)->(19,5,5.00362)->(18,5,5.68579)->(17,5,6.25362)->(16,5,6.77157)->(15,5,7.27157)->(14,5,7.77157)->(13,5,8.27157)->(12,5,8.77157)->(11,5,9.28952)->(10,5,9.85736)->(9,5,10.5395)->(8,5,11.8574)->(7,5,14.0716)->(7,6,16.2858)->(7,7,17.7)->(7,8,19.1142)->(7,9,21.7426)->(6,9,25.3426)->(6,10,28.5569)->(6,11,5014.28)->
Agent 49:(9,9,2.21421)->(8,9,4.81421)->(8,10,7.44264)->(8,11,8.76048)->(8,12,9.49253)->(8,13,10.2246)->(8,14,11.5424)->(8,15,13.7566)->(9,15,16.5566)->(10,15,20.3105)->(10,16,24.8643)->(9,16,5012.83)->
Agent 50:(1,25,2.21421)->(0,25,5.22843)->(0,26,15.4926)->(1,26,24.3711)->(2,26,25.6889)->(3,26,26.3711)->(4,26,26.9389)->(5,26,27.4569)->(6,26,27.9569)->(7,26,28.4569)->(8,26,28.9569)->(9,26,29.4569)->(10,26,29.9569)->(11,26,30.4569)->(12,26,30.9569)->(13,26,31.4569)->(14,26,31.9569)->(15,26,32.4569)->(16,26,32.9748)->(17,26,33.5426)->(18,26,34.2248)->(19,26,35.5426)->(20,26,41.5137)->(20,27,48.0706)->(20,28,5024.04)->
Agent 51:(27,16,2.21421)->(26,16,4.81421)->(26,15,7.44264)->(26,14,8.76048)->(26,13,9.49253)->(26,12,10.2246)->(26,11,11.5424)->(26,10,15.0783)->(25,10,18.6142)->(24,10,19.9321)->(23,10,20.6142)->(22,10,21.1821)->(21,10,21.7)->(20,10,22.2)->(19,10,22.7179)->(18,10,23.2858)->(17,10,23.9679)->(16,10,25.2858)->(15,10,27.9142)->(15,9,31.5142)->(14,9,34.1426)->(13,9,35.4605)->(12,9,36.1426)->(11,9,36.7105)->(10,9,37.2284)->(9,9,37.7284)->(8,9,38.2284)->(7,9,38.7284)->(6,9,39.2284)->(5,9,39.7284)->(4,9,40.2464)->(3,9,40.8142)->(2,9,41.4964)->(1,9,42.8142)->(0,9,45.4426)->(0,8,5022.91)->
Agent 52:(28,25,4.34166)->(27,25,8.09753)->(26,25,9.41537)->(25,25,10.0975)->(24,25,10.6654)->(23,25,11.1833)->(22,25,11.6833)->(21,25,12.1833)->(20,25,12.6833)->(19,25,13.1833)->(18,25,13.6833)->(17,25,14.1833)->(16,25,14.6833)->(15,25,15.1833)->(14,25,15.6833)->(13,25,16.1833)->(12,25,16.6833)->(11,25,17.1833)->(10,25,17.6833)->(9,25,18.1833)->(8,25,18.6833)->(7,25,19.1833)->(6,25,19.7013)->(5,25,20.2691)->(4,25,20.9513)->(3,25,22.2691)->(2,25,24.4833)->(2,24,26.6975)->(2,23,28.1117)->(2,22,29.526)->(2,21,5014.47)->
Agent 53:(21,22,1.71421)->(21,23,3.81421)->(20,23,6.44264)->(19,23,7.77649)->(18,23,8.60492)->(17,23,9.93877)->(16,23,12.153)->(16,22,14.3672)->(16,21,15.685)->(16,20,16.3672)->(16,19,16.953)->(16,18,17.5388)->(16,17,18.2209)->(16,16,19.5388)->(16,15,5009.48)->
Agent 54:(10,24,2.56795)->(10,23,4.55011)->(10,22,5.86795)->(10,21,6.55011)->(10,20,7.11795)->(10,19,7.6359)->(10,18,8.1359)->(10,17,8.6359)->(10,16,9.1359)->(10,15,9.6359)->(10,14,10.1359)->(10,13,10.6359)->(10,12,11.1359)->(10,11,11.6359)->(10,10,12.1538)->(10,9,12.7217)->(10,8,13.4038)->(10,7,14.7217)->(10,6,16.9359)->(11,6,19.1501)->(12,6,20.4679)->(13,6,21.1501)->(14,6,21.7359)->(15,6,22.3217)->(16,6,23.0038)->(17,6,24.3217)->(18,6,26.5359)->(18,5,29.3359)->(18,4,5014.67)->
Agent 55:(19,26,4.85)->(19,25,9.11421)->(19,24,10.4321)->(19,23,11.1142)->(19,22,11.6821)->(19,21,12.2)->(19,20,12.7)->(19,19,13.2)->(19,18,13.7)->(19,17,14.2)->(19,16,14.7)->(19,15,15.2)->(19,14,15.7)->(19,13,16.2)->(19,12,16.7)->(19,11,17.2)->(19,10,17.7)->(19,9,18.2)->(19,8,18.7)->(19,7,19.2)->(19,6,19.7)->(19,5,20.2)->(19,4,20.7179)->(19,3,21.2858)->(19,2,21.9679)->(19,1,23.2858)->(19,0,25.5)->(18,0,27.7142)->(17,0,29.1284)->(16,0,30.5426)->(15,0,5014.98)->
Agent 56:(5,28,2.21421)->(6,28,5.53205)->(6,27,8.87832)->(6,26,10.1962)->(6,25,10.8783)->(6,24,11.4462)->(6,23,11.9641)->(6,22,12.4641)->(6,21,12.9641)->(6,20,13.4641)->(6,19,13.9641)->(6,18,14.4641)->(6,17,14.9641)->(6,16,15.4641)->(6,15,15.9641)->(6,14,16.4641)->(6,13,16.9641)->(6,12,17.4641)->(6,11,17.9821)->(6,10,18.5499)->(6,9,19.2321)->(6,8,20.5499)->(6,7,22.7641)->(7,7,25.5641)->(8,7,5012.78)->
Agent 57:(24,0,1.3)->(24,1,2.01421)->(24,2,3.34806)->(24,3,4.17649)->(24,4,5.51034)->(24,5,7.72456)->(23,5,9.93877)->(22,5,11.2566)->(21,5,11.9388)->(20,5,12.5066)->(19,5,13.0246)->(18,5,13.5246)->(17,5,14.0246)->(16,5,14.5246)->(15,5,15.0246)->(14,5,15.5246)->(13,5,16.0246)->(12,5,16.5246)->(11,5,17.0246)->(10,5,17.5425)->(9,5,18.1103)->(8,5,18.7925)->(7,5,20.1103)->(6,5,22.7388)->(6,6,5011.56)->
Agent 58:(28,5,1.53205)->(28,6,2.47832)->(28,7,3.79615)->(28,8,4.47832)->(28,9,5.04615)->(28,10,5.5641)->(28,11,6.0641)->(28,12,6.5641)->(28,13,7.0641)->(28,14,7.58205)->(28,15,8.14989)->(28,16,8.83205)->(28,17,10.1499)->(28,18,12.3641)->(27,18,14.6136)->(26,18,16.6136)->(25,18,24.1421)->(25,19,5014.7)->
Agent 59:(27,4,1.53205)->(27,5,2.47832)->(27,6,3.79615)->(27,7,4.47832)->(27,8,5.0641)->(27,9,5.64989)->(27,10,6.33205)->(27,11,7.64989)->(27,12,11.2358)->(26,12,14.8217)->(25,12,16.1395)->(24,12,16.8217)->(23,12,17.3895)->(22,12,17.9075)->(21,12,18.4254)->(20,12,18.9933)->(19,12,19.6754)->(18,12,20.9933)->(17,12,5010.2)->
Agent 60:(25,25,3.35)->(25,24,6.11421)->(25,23,7.43205)->(25,22,8.11421)->(25,21,8.68205)->(25,20,9.2)->(25,19,9.7)->(25,18,10.2)->(25,17,10.7)->(25,16,11.2)->(25,15,11.7)->(25,14,12.2)->(25,13,12.7)->(25,12,13.2)->(25,11,13.7)->(25,10,14.2179)->(25,9,14.7858)->(25,8,15.4679)->(25,7,16.7858)->(25,6,21.2679)->(24,6,25.7501)->(23,6,27.0679)->(22,6,27.7501)->(21,6,28.3179)->(20,6,28.8359)->(19,6,29.3359)->(18,6,29.8359)->(17,6,30.3359)->(16,6,30.8359)->(15,6,31.3538)->(14,6,31.9217)->(13,6,32.6038)->(12,6,33.9217)->(11,6,5016.67)->
Agent 61:(0,28,4.13528)->(1,28,7.68477)->(2,28,9.09898)->(3,28,10.5132)->(4,28,12.7274)->(4,27,14.9416)->(4,26,16.2595)->(4,25,16.9416)->(4,24,17.5095)->(4,23,18.0454)->(4,22,18.6132)->(4,21,19.2954)->(4,20,20.6132)->(4,19,22.8784)->(5,19,25.1789)->(6,19,27.1789)->(7,19,29.4284)->(7,18,31.6426)->(7,17,32.9605)->(7,16,33.6522)->(7,15,34.2879)->(7,14,34.9797)->(7,13,36.2975)->(7,12,38.5117)->(6,12,41.3117)->(5,12,44.1117)->(5,11,46.326)->(5,10,47.6438)->(5,9,48.326)->(5,8,48.8938)->(5,7,49.4117)->(5,6,49.9117)->(5,5,50.4297)->(5,4,50.9975)->(5,3,51.6797)->(5,2,52.9975)->(5,1,5026.21)->
Agent 62:(20,2,1.8)->(19,2,3.01421)->(18,2,4.33205)->(17,2,5.02382)->(16,2,5.65949)->(15,2,6.35126)->(14,2,7.6691)->(13,2,10.2975)->(13,1,15.6013)->(13,2,19.9334)->(13,3,21.2513)->(13,4,21.9334)->(13,5,22.5013)->(13,6,23.0192)->(13,7,23.5192)->(13,8,24.0192)->(13,9,24.5372)->(13,10,25.105)->(13,11,25.7872)->(13,12,27.105)->(13,13,5013.26)->
Agent 63:(21,31,2.26421)->(21,30,3.94264)->(21,29,5.26048)->(21,28,5.94264)->(21,27,6.51048)->(21,26,7.02843)->(21,25,7.52843)->(21,24,8.02843)->(21,23,8.52843)->(21,22,9.02843)->(21,21,9.54638)->(21,20,10.1142)->(21,19,10.7964)->(21,18,12.1142)->(21,17,14.3284)->(20,17,16.5426)->(19,17,17.8605)->(18,17,18.5426)->(17,17,19.1105)->(16,17,19.6284)->(15,17,20.1284)->(14,17,20.6284)->(13,17,21.1284)->(12,17,21.6284)->(11,17,22.1284)->(10,17,22.6284)->(9,17,23.1284)->(8,17,23.6284)->(7,17,24.1284)->(6,17,24.6464)->(5,17,25.2142)->(4,17,25.8964)->(3,17,27.2142)->(2,17,29.8426)->(2,18,5015.11)->
Agent 64:(21,9,1.3)->(21,10,2.04949)->(21,11,4.04949)->(21,12,6.9278)->(20,12,12.2683)->(20,13,16.4227)->(20,14,17.8369)->(20,15,19.2511)->(20,16,21.8796)->(21,16,5011.13)->
Agent 65:(21,7,1.8)->(22,7,3.01421)->(23,7,4.33205)->(24,7,5.01421)->(25,7,5.58205)->(26,7,6.11795)->(27,7,6.68579)->(28,7,7.36795)->(29,7,8.68579)->(30,7,10.9)->(30,8,13.1142)->(30,9,14.4321)->(30,10,15.1142)->(30,11,15.6821)->(30,12,16.2)->(30,13,16.7)->(30,14,17.2)->(30,15,17.7)->(30,16,18.2179)->(30,17,18.7858)->(30,18,19.4679)->(30,19,20.7858)->(30,20,5010.1)->
Agent 66:(1,7,2.62843)->(1,8,4.67107)->(1,9,5.98891)->(1,10,6.67107)->(1,11,7.23891)->(1,12,7.75685)->(1,13,8.25685)->(1,14,8.75685)->(1,15,9.2748)->(1,16,9.84264)->(1,17,10.5248)->(1,18,11.8426)->(1,19,14.0569)->(2,19,16.2711)->(3,19,17.5889)->(4,19,18.2711)->(5,19,18.8389)->(6,19,19.3569)->(7,19,19.8569)->(8,19,20.3569)->(9,19,20.8569)->(10,19,21.3569)->(11,19,21.8569)->(12,19,22.3569)->(13,19,22.8569)->(14,19,23.3569)->(15,19,23.8569)->(16,19,24.3569)->(17,19,24.8569)->(18,19,25.3569)->(19,19,25.8569)->(20,19,26.3569)->(21,19,26.8569)->(22,19,27.3569)->(23,19,27.8569)->(24,19,28.3569)->(25,19,28.8748)->(26,19,29.4426)->(27,19,30.1248)->(28,19,31.4426)->(29,19,5015.43)->
Agent 67:(12,10,4.05)->(11,10,7.51421)->(10,10,8.83205)->(9,10,9.51421)->(8,10,10.0821)->(7,10,10.6179)->(6,10,11.1858)->(5,10,11.8679)->(4,10,13.1858)->(3,10,15.6995)->(3,11,18.2132)->(3,12,19.531)->(3,13,20.2132)->(3,14,20.781)->(3,15,21.299)->(3,16,21.799)->(3,17,22.299)->(3,18,22.799)->(3,19,23.299)->(3,20,23.8169)->(3,21,24.3847)->(3,22,25.0669)->(3,23,26.3847)->(3,24,29.0132)->(2,24,33.4274)->(3,24,5017.31)->
Agent 68:(7,9,1.89638)->(6,9,3.20697)->(5,9,4.5248)->(4,9,5.25685)->(3,9,5.98891)->(2,9,7.30674)->(1,9,11.7615)->(1,8,16.2162)->(1,7,17.534)->(1,6,18.2258)->(1,5,18.8615)->(1,4,19.5532)->(1,3,20.8711)->(1,2,5010.14)->
Agent 69:(6,1,1.8)->(7,1,3.01421)->(8,1,4.33205)->(9,1,5.01421)->(10,1,5.58205)->(11,1,6.11795)->(12,1,6.68579)->(13,1,7.36795)->(14,1,8.68579)->(15,1,12.8)->(15,2,16.9142)->(15,3,18.2321)->(15,4,18.9142)->(15,5,19.4821)->(15,6,20)->(15,7,20.5)->(15,8,21)->(15,9,21.5)->(15,10,22)->(15,11,22.5)->(15,12,23.0179)->(15,13,23.5858)->(15,14,24.2679)->(15,15,25.5858)->(15,16,28.2142)->(14,16,5014.3)->
Agent 70:(9,31,1.8)->(8,31,3.01421)->(7,31,4.33205)->(6,31,5.02382)->(5,31,5.65949)->(4,31,6.35126)->(3,31,7.6691)->(2,31,9.88331)->(2,30,12.0975)->(2,29,13.4154)->(2,28,14.0975)->(2,27,14.6654)->(2,26,15.1833)->(2,25,15.6833)->(2,24,16.1833)->(2,23,16.6833)->(2,22,17.1833)->(2,21,17.6833)->(2,20,18.1833)->(2,19,18.6833)->(2,18,19.1833)->(2,17,19.6833)->(2,16,20.1833)->(2,15,20.6833)->(2,14,21.1833)->(2,13,21.6833)->(2,12,22.1833)->(2,11,22.6833)->(2,10,23.2013)->(2,9,23.7691)->(2,8,24.4513)->(2,7,25.7691)->(2,6,5012.59)->
Agent 71:(19,27,1.3)->(19,28,2.04949)->(19,29,4.04949)->(19,30,6.72056)->(20,30,9.35635)->(21,30,10.6742)->(22,30,11.3563)->(23,30,11.9421)->(24,30,12.5279)->(25,30,13.2101)->(26,30,14.5279)->(27,30,20.0348)->(27,29,25.5416)->(27,28,26.8594)->(27,27,27.5416)->(27,26,28.1094)->(27,25,28.6274)->(27,24,29.1274)->(27,23,29.6274)->(27,22,30.1274)->(27,21,30.6274)->(27,20,31.1274)->(27,19,31.6274)->(27,18,32.1274)->(27,17,32.6274)->(27,16,33.1274)->(27,15,33.6274)->(27,14,34.1274)->(27,13,34.6274)->(27,12,35.1274)->(27,11,35.6453)->(27,10,36.2132)->(27,9,36.8953)->(27,8,38.2132)->(27,7,40.4274)->(28,7,43.2274)->(29,7,46.4416)->(29,6,5023.41)->
Agent 72:(19,24,1.8)->(18,24,3.01421)->(17,24,4.33205)->(16,24,5.02382)->(15,24,5.65949)->(14,24,6.35126)->(13,24,7.6691)->(12,24,9.88331)->(12,25,12.6833)->(12,26,15.8975)->(11,26,20.4833)->(11,27,24.6833)->(11,28,5012.34)->
Agent 73:(4,9,2.2)->(4,8,3.81421)->(4,7,5.13205)->(4,6,5.82382)->(4,5,6.45949)->(4,4,7.15126)->(4,3,8.4691)->(4,2,10.6833)->(5,2,12.8975)->(6,2,14.2154)->(7,2,14.8975)->(8,2,15.4654)->(9,2,15.9833)->(10,2,16.4833)->(11,2,16.9833)->(12,2,17.4833)->(13,2,18.0013)->(14,2,18.5691)->(15,2,19.2513)->(16,2,20.5691)->(17,2,23.7201)->(17,3,5012.31)->
Agent 74:(0,1,1.71421)->(0,2,10.0284)->(1,2,18.8711)->(2,2,20.1889)->(3,2,20.8711)->(4,2,21.4389)->(5,2,21.9569)->(6,2,22.4569)->(7,2,22.9569)->(8,2,23.4569)->(9,2,23.9569)->(10,2,24.4569)->(11,2,24.9569)->(12,2,25.4569)->(13,2,25.9569)->(14,2,26.4569)->(15,2,26.9569)->(16,2,27.4569)->(17,2,27.9569)->(18,2,28.4569)->(19,2,28.9569)->(20,2,29.4569)->(21,2,29.9748)->(22,2,30.5426)->(23,2,31.2248)->(24,2,32.5426)->(25,2,5015.98)->
Agent 75:(14,26,3.54806)->(14,25,6.51034)->(14,24,7.82818)->(14,23,8.51034)->(14,22,9.07818)->(14,21,9.59613)->(14,20,10.0961)->(14,19,10.5961)->(14,18,11.0961)->(14,17,11.5961)->(14,16,12.1141)->(14,15,12.6819)->(14,14,13.3641)->(14,13,14.6819)->(14,12,17.1981)->(13,12,19.7142)->(12,12,21.1284)->(11,12,22.5426)->(10,12,5010.98)->
Agent 76:(12,31,1.8)->(13,31,3.01421)->(14,31,4.33205)->(15,31,5.01421)->(16,31,5.58205)->(17,31,6.1)->(18,31,6.6)->(19,31,7.11795)->(20,31,7.68579)->(21,31,8.36795)->(22,31,9.68579)->(23,31,11.9)->(23,30,14.1142)->(23,29,15.4321)->(23,28,16.1641)->(23,27,16.8962)->(23,26,18.214)->(23,25,23.1558)->(23,26,28.6833)->(23,27,5014.34)->
Agent 77:(3,28,2.2)->(3,27,3.81421)->(3,26,5.13205)->(3,25,5.81421)->(3,24,6.38205)->(3,23,6.9)->(3,22,7.4)->(3,21,7.9)->(3,20,8.4)->(3,19,8.9)->(3,18,9.4)->(3,17,9.91795)->(3,16,10.4858)->(3,15,11.1679)->(3,14,12.4858)->(3,13,15.7637)->(4,13,19.0416)->(5,13,20.3594)->(6,13,21.0416)->(7,13,21.6094)->(8,13,22.1274)->(9,13,22.6274)->(10,13,23.1274)->(11,13,23.6274)->(12,13,24.1274)->(13,13,24.6274)->(14,13,25.1274)->(15,13,25.6274)->(16,13,26.1274)->(17,13,26.6274)->(18,13,27.1274)->(19,13,27.6274)->(20,13,28.1274)->(21,13,28.6274)->(22,13,29.1274)->(23,13,29.6274)->(24,13,30.1453)->(25,13,30.7132)->(26,13,31.3953)->(27,13,32.7132)->(28,13,5016.06)->
Agent 78:(12,5,1.3)->(12,6,2.01421)->(12,7,3.42843)->(12,8,4.84264)->(12,9,8.24638)->(13,9,11.6501)->(14,9,12.9679)->(15,9,13.6501)->(16,9,14.2179)->(17,9,14.7538)->(18,9,15.3217)->(19,9,16.0038)->(20,9,17.3217)->(21,9,20.3501)->(20,9,5010.57)->
Agent 79:(4,15,2.2)->(4,14,3.81421)->(4,13,5.22843)->(4,12,6.64264)->(4,11,9.17107)->(5,11,11.6995)->(6,11,13.0173)->(7,11,13.6995)->(8,11,14.2673)->(9,11,14.7853)->(10,11,15.2853)->(11,11,15.7853)->(12,11,16.2853)->(13,11,16.7853)->(14,11,17.2853)->(15,11,17.7853)->(16,11,18.2853)->(17,11,18.7853)->(18,11,19.2853)->(19,11,19.7853)->(20,11,20.2853)->(21,11,20.7853)->(22,11,21.2853)->(23,11,21.7853)->(24,11,22.2853)->(25,11,22.7853)->(26,11,23.3032)->(27,11,23.8711)->(28,11,24.5532)->(29,11,25.8711)->(30,11,28.4995)->(30,12,5014.44)->
Agent 80:(3,25,2.21421)->(2,25,6.2779)->(3,25,10.4053)->(4,25,12.4053)->(5,25,15.7691)->(5,26,19.6833)->(5,27,5009.84)->
Agent 81:(30,24,2.2)->(30,23,3.81421)->(30,22,5.13205)->(30,21,5.82382)->(30,20,6.45949)->(30,19,7.15126)->(30,18,8.4691)->(30,17,10.7559)->(29,17,13.0426)->(28,17,14.3605)->(27,17,15.0426)->(26,17,15.6105)->(25,17,16.1284)->(24,17,16.6284)->(23,17,17.1284)->(22,17,17.6284)->(21,17,18.1284)->(20,17,18.6284)->(19,17,19.1284)->(18,17,19.6284)->(17,17,20.1284)->(16,17,20.6464)->(15,17,21.2142)->(14,17,21.8964)->(13,17,23.2142)->(12,17,5011.31)->
Agent 82:(24,31,5.55685)->(24,30,10.5279)->(24,29,11.8458)->(24,28,12.5279)->(24,27,13.0958)->(24,26,13.6137)->(24,25,14.1137)->(24,24,14.6137)->(24,23,15.1137)->(24,22,15.6137)->(24,21,16.1137)->(24,20,16.6137)->(24,19,17.1137)->(24,18,17.6137)->(24,17,18.1137)->(24,16,18.6137)->(24,15,19.1137)->(24,14,19.6137)->(24,13,20.1137)->(24,12,20.6317)->(24,11,21.1995)->(24,10,21.8817)->(24,9,23.1995)->(24,8,25.4137)->(23,8,27.6279)->(22,8,28.9458)->(21,8,29.6279)->(20,8,30.1958)->(19,8,30.7137)->(18,8,31.2137)->(17,8,31.7137)->(16,8,32.2137)->(15,8,32.7137)->(14,8,33.2137)->(13,8,33.7137)->(12,8,34.2137)->(11,8,34.7317)->(10,8,35.2995)->(9,8,35.9817)->(8,8,37.2995)->(7,8,5018.36)->
Agent 83:(18,1,1.3)->(18,2,2.01421)->(18,3,3.33205)->(18,4,4.01421)->(18,5,4.58205)->(18,6,5.1)->(18,7,5.6)->(18,8,6.1)->(18,9,6.6)->(18,10,7.1)->(18,11,7.6)->(18,12,8.1)->(18,13,8.6)->(18,14,9.1)->(18,15,9.6)->(18,16,10.1)->(18,17,10.6179)->(18,18,11.1858)->(18,19,11.8679)->(18,20,13.1858)->(18,21,15.4)->(19,21,17.6142)->(20,21,18.9321)->(21,21,19.6142)->(22,21,20.1821)->(23,21,20.7)->(24,21,21.2)->(25,21,21.7)->(26,21,22.2179)->(27,21,22.7858)->(28,21,23.4679)->(29,21,24.7858)->(30,21,27)->(30,22,29.2142)->(30,23,30.5321)->(30,24,31.2142)->(30,25,31.7821)->(30,26,32.3)->(30,27,32.8179)->(30,28,33.3858)->(30,29,34.0679)->(30,30,35.3858)->(30,31,5017.4)->
Agent 84:(14,12,1.8)->(13,12,3.6)->(12,12,10.8575)->(12,13,17.5292)->(12,14,18.9434)->(12,15,20.3576)->(12,16,5009.89)->
Agent 85:(4,25,1.3)->(4,26,2.04949)->(4,27,4.04949)->(4,28,6.71319)->(5,28,10.7274)->(5,29,17.5779)->(6,29,23.0426)->(7,29,24.3605)->(8,29,25.0426)->(9,29,25.6105)->(10,29,26.1284)->(11,29,26.6284)->(12,29,27.1284)->(13,29,27.6284)->(14,29,28.1284)->(15,29,28.6284)->(16,29,29.1284)->(17,29,29.6284)->(18,29,30.1284)->(19,29,30.6284)->(20,29,31.1284)->(21,29,31.6284)->(22,29,32.1284)->(23,29,32.6284)->(24,29,33.1284)->(25,29,33.6284)->(26,29,34.1464)->(27,29,34.7142)->(28,29,35.3964)->(29,29,36.7142)->(30,29,5018.06)->
Agent 86:(23,23,2.2)->(23,22,3.81421)->(23,21,5.13205)->(23,20,5.82382)->(23,19,6.45949)->(23,18,7.15126)->(23,17,8.4691)->(23,16,10.8096)->(22,16,13.1501)->(21,16,14.4679)->(20,16,15.1501)->(19,16,15.7179)->(18,16,16.2359)->(17,16,16.7359)->(16,16,17.2359)->(15,16,17.7359)->(14,16,18.2359)->(13,16,18.7359)->(12,16,19.2538)->(11,16,19.8217)->(10,16,20.5038)->(9,16,21.8217)->(8,16,5010.62)->
Agent 87:(15,3,1.3)->(15,4,2.01421)->(15,5,3.33205)->(15,6,4.01421)->(15,7,4.58205)->(15,8,5.1)->(15,9,5.6)->(15,10,6.1)->(15,11,6.61795)->(15,12,7.18579)->(15,13,7.86795)->(15,14,9.18579)->(15,15,11.9339)->(14,15,15.2677)->(13,15,5007.63)->
Agent 88:(4,12,1.8)->(3,12,3.01421)->(2,12,4.42843)->(1,12,5.84264)->(0,12,8.05685)->(0,13,10.3063)->(0,14,12.3063)->(0,15,5005.88)->
Agent 89:(28,10,1.3)->(28,11,2.01421)->(28,12,3.33205)->(28,13,4.01421)->(28,14,4.58205)->(28,15,5.1)->(28,16,5.61795)->(28,17,6.18579)->(28,18,6.86795)->(28,19,8.18579)->(28,20,13.65)->(27,20,19.1142)->(26,20,20.4481)->(25,20,21.2765)->(24,20,22.6103)->(23,20,25.2388)->(23,21,5012.81)->
Agent 90:(21,6,3.03205)->(20,6,5.47832)->(19,6,6.79615)->(18,6,7.47832)->(17,6,8.04615)->(16,6,8.58205)->(15,6,9.14989)->(14,6,9.83205)->(13,6,11.1499)->(12,6,14.7943)->(12,5,18.4388)->(12,4,19.7726)->(12,3,20.601)->(12,2,21.9349)->(12,1,24.1491)->(11,1,26.9491)->(10,1,5013.47)->
Agent 91:(18,15,1.8)->(19,15,3.04949)->(20,15,5.04949)->(21,15,7.71319)->(21,14,5004.05)->
Agent 92:(27,8,1.8)->(26,8,3.01421)->(25,8,4.33205)->(24,8,5.01421)->(23,8,5.58205)->(22,8,6.1)->(21,8,6.6)->(20,8,7.1)->(19,8,7.6)->(18,8,8.1)->(17,8,8.6)->(16,8,9.1)->(15,8,9.61795)->(14,8,10.1858)->(13,8,10.8679)->(12,8,12.1858)->(11,8,15.1142)->(11,9,18.0426)->(11,10,19.3605)->(11,11,20.0426)->(11,12,20.6105)->(11,13,21.1284)->(11,14,21.6284)->(11,15,22.1284)->(11,16,22.6284)->(11,17,23.1284)->(11,18,23.6284)->(11,19,24.1284)->(11,20,24.6284)->(11,21,25.1464)->(11,22,25.7142)->(11,23,26.3964)->(11,24,27.7142)->(11,25,5013.56)->
Agent 93:(29,30,2.2)->(29,29,3.81421)->(29,28,5.13205)->(29,27,5.81421)->(29,26,6.38205)->(29,25,6.9)->(29,24,7.4)->(29,23,7.9)->(29,22,8.4)->(29,21,8.9)->(29,20,9.4)->(29,19,9.9)->(29,18,10.4)->(29,17,10.9)->(29,16,11.4)->(29,15,11.9)->(29,14,12.4)->(29,13,12.9)->(29,12,13.4)->(29,11,13.9)->(29,10,14.4)->(29,9,14.9)->(29,8,15.4)->(29,7,15.9)->(29,6,16.4)->(29,5,16.9179)->(29,4,17.4858)->(29,3,18.1679)->(29,2,19.4858)->(29,1,21.7)->(28,1,23.9142)->(27,1,25.2321)->(26,1,25.9142)->(25,1,26.4821)->(24,1,27)->(23,1,27.5)->(22,1,28)->(21,1,28.5)->(20,1,29)->(19,1,29.5179)->(18,1,30.0858)->(17,1,30.7679)->(16,1,32.0858)->(15,1,34.7142)->(15,2,5017.55)->
Agent 94:(9,1,1.76421)->(9,2,2.94264)->(9,3,4.26048)->(9,4,4.94264)->(9,5,5.51048)->(9,6,6.02843)->(9,7,6.52843)->(9,8,7.02843)->(9,9,7.52843)->(9,10,8.02843)->(9,11,8.52843)->(9,12,9.02843)->(9,13,9.52843)->(9,14,10.0284)->(9,15,10.5284)->(9,16,11.0284)->(9,17,11.5284)->(9,18,12.0284)->(9,19,12.5284)->(9,20,13.0284)->(9,21,13.5284)->(9,22,14.0284)->(9,23,14.5284)->(9,24,15.0284)->(9,25,15.5284)->(9,26,16.0284)->(9,27,16.5464)->(9,28,17.1142)->(9,29,17.7964)->(9,30,19.1142)->(9,31,21.3284)->(10,31,23.5426)->(11,31,24.8605)->(12,31,25.5426)->(13,31,26.1105)->(14,31,26.6284)->(15,31,27.1284)->(16,31,27.6464)->(17,31,28.2142)->(18,31,28.8964)->(19,31,30.2142)->(20,31,5014.81)->
Agent 95:(4,31,1.8)->(3,31,3.01421)->(2,31,4.42843)->(1,31,5.84264)->(0,31,8.97008)->(1,31,12.0975)->(2,31,13.4154)->(3,31,14.0975)->(4,31,14.6654)->(5,31,15.1833)->(6,31,15.6833)->(7,31,16.1833)->(8,31,16.6833)->(9,31,17.1833)->(10,31,17.6833)->(11,31,18.1833)->(12,31,18.6833)->(13,31,19.1833)->(14,31,19.6833)->(15,31,20.1833)->(16,31,20.7013)->(17,31,21.2691)->(18,31,21.9513)->(19,31,23.2691)->(20,31,25.4833)->(20,30,27.6975)->(20,29,29.0154)->(20,28,29.7474)->(20,27,30.4795)->(20,26,31.7973)->(20,25,34.0237)->(21,25,36.2501)->(22,25,37.5679)->(23,25,38.3)->(24,25,39.0321)->(25,25,40.3499)->(26,25,42.9783)->(26,26,5021.68)->
Agent 96:(8,0,1.3)->(8,1,2.01421)->(8,2,3.33205)->(8,3,4.0641)->(8,4,4.79615)->(8,5,6.11399)->(8,6,8.74242)->(9,6,15.4915)->(9,7,21.2691)->(9,8,22.5869)->(9,9,23.2691)->(9,10,23.8369)->(9,11,24.3728)->(9,12,24.9407)->(9,13,25.6228)->(9,14,26.9407)->(9,15,5013.18)->
Agent 97:(20,22,1.8)->(19,22,3.6)->(18,22,14.3642)->(18,23,24.5426)->(18,24,25.8605)->(18,25,26.5426)->(18,26,27.1105)->(18,27,27.6464)->(18,28,28.2142)->(18,29,28.8964)->(18,30,30.2142)->(18,31,5014.81)->
Agent 98:(24,23,4.17843)->(24,22,7.77107)->(24,21,9.08891)->(24,20,9.77107)->(24,19,10.3389)->(24,18,10.8569)->(24,17,11.3569)->(24,16,11.8569)->(24,15,12.3569)->(24,14,12.8569)->(24,13,13.3748)->(24,12,13.9426)->(24,11,14.6248)->(24,10,15.9426)->(24,9,18.5711)->(23,9,5009.48)->
Agent 99:(5,12,9.01323)->(5,13,17.4407)->(5,14,18.8549)->(5,15,20.2691)->(5,16,5009.84)->
Agent 100:(11,9,1.3)->(11,10,2.01421)->(11,11,3.33205)->(11,12,4.01421)->(11,13,4.58205)->(11,14,5.1)->(11,15,5.6)->(11,16,6.1)->(11,17,6.6)->(11,18,7.1)->(11,19,7.6)->(11,20,8.1)->(11,21,8.6)->(11,22,9.1)->(11,23,9.61795)->(11,24,10.1858)->(11,25,10.8679)->(11,26,12.1858)->(11,27,14.4)->(12,27,16.6142)->(13,27,17.9321)->(14,27,18.6142)->(15,27,19.1821)->(16,27,19.7)->(17,27,20.2)->(18,27,20.7)->(19,27,21.2)->(20,27,21.7)->(21,27,22.2)->(22,27,22.7)->(23,27,23.2)->(24,27,23.7)->(25,27,24.2179)->(26,27,24.7858)->(27,27,25.4679)->(28,27,26.7858)->(29,27,32.6559)->(28,27,38.5612)->(27,27,40.5612)->(26,27,5020.01)->
Agent 101:(22,10,3.3)->(22,9,6.01421)->(22,8,7.42843)->(22,7,8.84264)->(22,6,11.0569)->(23,6,13.2711)->(24,6,14.6049)->(25,6,15.4333)->(26,6,16.7672)->(27,6,5008.09)->
Agent 102:(25,0,1.55)->(25,1,2.51421)->(25,2,3.83205)->(25,3,4.51421)->(25,4,5.08205)->(25,5,5.6)->(25,6,6.11795)->(25,7,6.68579)->(25,8,7.36795)->(25,9,8.68579)->(25,10,10.9)->(24,10,13.1142)->(23,10,14.4321)->(22,10,15.1142)->(21,10,15.6821)->(20,10,16.2)->(19,10,16.7)->(18,10,17.2179)->(17,10,17.7858)->(16,10,18.4679)->(15,10,19.7858)->(14,10,5009.6)->
Agent 103:(4,21,1.4142)->(4,22,2.27789)->(4,23,4.27789)->(4,24,6.52738)->(5,24,8.74159)->(6,24,10.0594)->(7,24,10.7416)->(8,24,11.3094)->(9,24,11.8274)->(10,24,12.3274)->(11,24,12.8274)->(12,24,13.3274)->(13,24,13.8274)->(14,24,14.3274)->(15,24,14.8274)->(16,24,15.3453)->(17,24,15.9132)->(18,24,16.5953)->(19,24,17.9132)->(20,24,5008.66)->
Agent 104:(30,14,6.4)->(30,15,12.2142)->(30,16,13.5321)->(30,17,14.2142)->(30,18,14.7821)->(30,19,15.3)->(30,20,15.8)->(30,21,16.3)->(30,22,16.8)->(30,23,17.3)->(30,24,17.8)->(30,25,18.3)->(30,26,18.8)->(30,27,19.3179)->(30,28,19.8858)->(30,29,20.5679)->(30,30,21.8858)->(30,31,24.5142)->(29,31,5012.45)->
Agent 105:(12,25,1.8)->(13,25,3.01421)->(14,25,4.34806)->(15,25,5.17649)->(16,25,6.51034)->(17,25,9.58023)->(17,24,12.6501)->(17,23,13.9679)->(17,22,14.6501)->(17,21,15.2179)->(17,20,15.7359)->(17,19,16.2359)->(17,18,16.7359)->(17,17,17.2359)->(17,16,17.7359)->(17,15,18.2359)->(17,14,18.7359)->(17,13,19.2538)->(17,12,19.8217)->(17,11,20.5038)->(17,10,21.8217)->(17,9,24.4501)->(18,9,5012.42)->
Agent 106:(10,11,2.2)->(10,10,3.81421)->(10,9,5.13205)->(10,8,5.81421)->(10,7,6.38205)->(10,6,6.9)->(10,5,7.4)->(10,4,7.91795)->(10,3,8.48579)->(10,2,9.16795)->(10,1,10.4858)->(10,0,12.7)->(11,0,14.9142)->(12,0,16.2321)->(13,0,16.9142)->(14,0,17.4821)->(15,0,18)->(16,0,18.5)->(17,0,19)->(18,0,19.5)->(19,0,20)->(20,0,20.5)->(21,0,21)->(22,0,21.5)->(23,0,22.0179)->(24,0,22.5858)->(25,0,23.2679)->(26,0,24.5858)->(27,0,27.2142)->(27,1,5013.8)->
Agent 107:(5,20,1.8)->(6,20,3.01421)->(7,20,4.33205)->(8,20,5.01421)->(9,20,5.58205)->(10,20,6.1)->(11,20,6.6)->(12,20,7.1)->(13,20,7.6)->(14,20,8.1)->(15,20,8.6)->(16,20,9.1)->(17,20,9.6)->(18,20,10.1)->(19,20,10.6)->(20,20,11.1)->(21,20,11.6)->(22,20,12.1179)->(23,20,12.6858)->(24,20,13.3679)->(25,20,14.6858)->(26,20,16.9)->(26,21,19.1142)->(26,22,20.5284)->(26,23,21.9426)->(26,24,5010.68)->
Agent 108:(8,14,1.55)->(8,15,2.51421)->(8,16,3.83205)->(8,17,4.51421)->(8,18,5.08205)->(8,19,5.6)->(8,20,6.1)->(8,21,6.6)->(8,22,7.1)->(8,23,7.6)->(8,24,8.11795)->(8,25,8.68579)->(8,26,9.36795)->(8,27,10.6858)->(8,28,12.9)->(9,28,15.1142)->(10,28,16.4321)->(11,28,17.1641)->(12,28,17.8962)->(13,28,19.214)->(14,28,5009.31)->
Agent 109:(22,21,3.42843)->(22,20,6.27107)->(22,19,7.58891)->(22,18,8.27107)->(22,17,8.83891)->(22,16,9.35685)->(22,15,9.85685)->(22,14,10.3569)->(22,13,10.8569)->(22,12,11.3569)->(22,11,11.8569)->(22,10,12.3569)->(22,9,12.8569)->(22,8,13.3569)->(22,7,13.8748)->(22,6,14.4426)->(22,5,15.1248)->(22,4,16.4426)->(22,3,18.6569)->(21,3,20.8711)->(20,3,22.1889)->(19,3,22.8711)->(18,3,23.4569)->(17,3,24.0426)->(16,3,24.7248)->(15,3,26.0426)->(14,3,5012.73)->
