Agent 0:(24,12,1.8)->(23,12,3.6)->(22,12,6.4)->(22,13,8.61421)->(22,14,9.93205)->(22,15,10.6142)->(22,16,11.1821)->(22,17,11.7179)->(22,18,12.2858)->(22,19,12.9679)->(22,20,14.2858)->(22,21,16.9142)->(23,21,5008.65)->
Agent 1:(26,23,2.93205)->(25,23,5.27832)->(24,23,6.59615)->(23,23,7.3282)->(22,23,8.06025)->(21,23,9.37809)->(20,23,11.5923)->(20,24,13.8065)->(20,25,15.1244)->(20,26,15.8161)->(20,27,16.4518)->(20,28,17.1436)->(20,29,18.4614)->(20,30,5008.94)->
Agent 2:(8,15,1.8)->(9,15,3.01421)->(10,15,4.33205)->(11,15,5.01421)->(12,15,5.58205)->(13,15,6.1)->(14,15,6.6)->(15,15,7.1)->(16,15,7.6)->(17,15,8.11795)->(18,15,8.68579)->(19,15,9.36795)->(20,15,10.6858)->(21,15,12.9)->(21,16,15.1142)->(21,17,16.4321)->(21,18,17.1142)->(21,19,17.6821)->(21,20,18.2)->(21,21,18.7)->(21,22,19.2)->(21,23,19.7)->(21,24,20.2)->(21,25,20.7)->(21,26,21.2179)->(21,27,21.7858)->(21,28,22.4679)->(21,29,23.7858)->(21,30,26.4142)->(22,30,5013.4)->
Agent 3:(10,25,1.3)->(10,26,2.01421)->(10,27,3.33205)->(10,28,4.0641)->(10,29,4.79615)->(10,30,6.11399)->(10,31,8.74242)->(9,31,5004.56)->
Agent 4:(1,20,1.3)->(1,21,2.01421)->(1,22,3.33205)->(1,23,4.01421)->(1,24,4.58205)->(1,25,5.1)->(1,26,5.61795)->(1,27,6.18579)->(1,28,6.86795)->(1,29,8.18579)->(1,30,10.4)->(2,30,12.6142)->(3,30,13.9321)->(4,30,14.6142)->(5,30,15.1821)->(6,30,15.7)->(7,30,16.2)->(8,30,16.7)->(9,30,17.2)->(10,30,17.7)->(11,30,18.2)->(12,30,18.7)->(13,30,19.2)->(14,30,19.7)->(15,30,20.2179)->(16,30,20.7858)->(17,30,21.4679)->(18,30,22.7858)->(19,30,25.4142)->(19,29,29.0142)->(20,29,32.2284)->(21,29,35.4426)->(21,30,5017.91)->
Agent 5:(27,11,1.8)->(26,11,3.01421)->(25,11,4.33205)->(24,11,5.02382)->(23,11,5.65949)->(22,11,6.35126)->(21,11,7.6691)->(20,11,9.88331)->(20,12,12.0975)->(20,13,13.4154)->(20,14,14.1071)->(20,15,14.7428)->(20,16,15.4346)->(20,17,16.7524)->(20,18,18.9666)->(19,18,21.1808)->(18,18,22.4987)->(17,18,23.1808)->(16,18,23.7487)->(15,18,24.2666)->(14,18,24.7666)->(13,18,25.2666)->(12,18,25.7666)->(11,18,26.2666)->(10,18,26.7666)->(9,18,27.2666)->(8,18,27.7666)->(7,18,28.2666)->(6,18,28.7666)->(5,18,29.2846)->(4,18,29.8524)->(3,18,30.5346)->(2,18,31.8524)->(1,18,34.0666)->(1,19,36.3161)->(1,20,38.3161)->(1,21,5018.88)->
Agent 6:(3,1,1.76421)->(3,2,2.94264)->(3,3,4.26048)->(3,4,4.94264)->(3,5,5.51048)->(3,6,6.02843)->(3,7,6.52843)->(3,8,7.02843)->(3,9,7.52843)->(3,10,8.02843)->(3,11,8.52843)->(3,12,9.02843)->(3,13,9.52843)->(3,14,10.0284)->(3,15,10.5464)->(3,16,11.1142)->(3,17,11.7964)->(3,18,13.1142)->(3,19,15.3284)->(4,19,17.5426)->(5,19,18.8605)->(6,19,19.5426)->(7,19,20.1105)->(8,19,20.6284)->(9,19,21.1284)->(10,19,21.6284)->(11,19,22.1284)->(12,19,22.6284)->(13,19,23.1284)->(14,19,23.6284)->(15,19,24.1284)->(16,19,24.6284)->(17,19,25.1284)->(18,19,25.6284)->(19,19,26.1284)->(20,19,26.6284)->(21,19,27.1284)->(22,19,27.6464)->(23,19,28.2142)->(24,19,28.8964)->(25,19,30.2142)->(26,19,32.4284)->(26,20,35.2284)->(26,21,5017.61)->
Agent 7:(21,7,2.3359)->(21,6,4.08601)->(21,5,5.40385)->(21,4,6.1359)->(21,3,6.86795)->(21,2,8.18579)->(21,1,10.4)->(20,1,13.2)->(19,1,16.4142)->(19,0,5008.4)->
Agent 8:(28,31,8.5659)->(28,30,16.546)->(28,29,17.8639)->(28,28,18.546)->(28,27,19.1139)->(28,26,19.6318)->(28,25,20.1318)->(28,24,20.6318)->(28,23,21.1318)->(28,22,21.6318)->(28,21,22.1318)->(28,20,22.6318)->(28,19,23.1318)->(28,18,23.6318)->(28,17,24.1318)->(28,16,24.6318)->(28,15,25.1318)->(28,14,25.6318)->(28,13,26.1318)->(28,12,26.6318)->(28,11,27.1318)->(28,10,27.6318)->(28,9,28.1318)->(28,8,28.6318)->(28,7,29.1318)->(28,6,29.6318)->(28,5,30.1318)->(28,4,30.6498)->(28,3,31.2176)->(28,2,31.8998)->(28,1,33.2176)->(28,0,35.4318)->(27,0,37.646)->(26,0,38.9639)->(25,0,39.6556)->(24,0,40.2913)->(23,0,40.9831)->(22,0,42.3009)->(21,0,5020.86)->
Agent 9:(12,4,1.3)->(12,5,2.01421)->(12,6,3.33205)->(12,7,4.0641)->(12,8,4.79615)->(12,9,6.11399)->(12,10,8.3282)->(13,10,10.5777)->(14,10,12.5777)->(15,10,17.8636)->(15,11,23.1142)->(15,12,24.4321)->(15,13,25.1142)->(15,14,25.6821)->(15,15,26.2)->(15,16,26.7)->(15,17,27.2)->(15,18,27.7)->(15,19,28.2)->(15,20,28.7179)->(15,21,29.2858)->(15,22,29.9679)->(15,23,31.2858)->(15,24,5015.35)->
Agent 10:(17,23,2.8)->(17,22,5.01421)->(17,21,6.33205)->(17,20,7.01421)->(17,19,7.58205)->(17,18,8.1)->(17,17,8.6)->(17,16,9.1)->(17,15,9.6)->(17,14,10.1)->(17,13,10.6)->(17,12,11.1)->(17,11,11.6)->(17,10,12.1)->(17,9,12.6)->(17,8,13.1179)->(17,7,13.6858)->(17,6,14.3679)->(17,5,15.6858)->(17,4,17.9)->(18,4,20.1142)->(19,4,21.4321)->(20,4,22.1142)->(21,4,22.6821)->(22,4,23.2)->(23,4,23.7)->(24,4,24.2)->(25,4,24.7179)->(26,4,25.2858)->(27,4,25.9679)->(28,4,27.2858)->(29,4,29.9142)->(29,5,5015.15)->
Agent 11:(8,22,1.8)->(9,22,3.01421)->(10,22,4.33205)->(11,22,5.01421)->(12,22,5.58205)->(13,22,6.1)->(14,22,6.6)->(15,22,7.1)->(16,22,7.61795)->(17,22,8.18579)->(18,22,8.86795)->(19,22,10.1858)->(20,22,15.2142)->(20,21,20.2426)->(20,20,21.5605)->(20,19,22.2426)->(20,18,22.8105)->(20,17,23.3284)->(20,16,23.8284)->(20,15,24.3284)->(20,14,24.8284)->(20,13,25.3284)->(20,12,25.8284)->(20,11,26.3284)->(20,10,26.8284)->(20,9,27.3284)->(20,8,27.8284)->(20,7,28.3464)->(20,6,28.9142)->(20,5,29.5964)->(20,4,30.9142)->(20,3,33.7132)->(21,3,36.5122)->(22,3,37.8461)->(23,3,38.6745)->(24,3,40.0084)->(25,3,42.6368)->(25,2,5021.51)->
Agent 12:(25,16,1.3)->(25,17,2.01421)->(25,18,3.42843)->(25,19,4.84264)->(25,20,7.87843)->(26,20,10.9142)->(27,20,12.3284)->(28,20,13.7426)->(29,20,5006.58)->
Agent 13:(15,16,1.3)->(15,17,2.6)->(15,18,5.58579)->(14,18,7.98579)->(13,18,9.30362)->(12,18,10.0357)->(11,18,10.7677)->(10,18,12.0856)->(9,18,15.1442)->(9,17,5007.98)->
Agent 14:(29,30,2.2)->(29,29,3.81421)->(29,28,5.13205)->(29,27,5.81421)->(29,26,6.38205)->(29,25,6.9)->(29,24,7.4)->(29,23,7.9)->(29,22,8.4)->(29,21,8.9)->(29,20,9.4)->(29,19,9.9)->(29,18,10.4)->(29,17,10.9)->(29,16,11.4)->(29,15,11.9)->(29,14,12.4179)->(29,13,12.9858)->(29,12,13.6679)->(29,11,14.9858)->(29,10,17.2)->(28,10,19.4142)->(27,10,20.8284)->(26,10,22.2426)->(25,10,28.4539)->(25,9,34.6652)->(25,8,35.9831)->(25,7,36.6652)->(25,6,37.2331)->(25,5,37.751)->(25,4,38.269)->(25,3,38.8368)->(25,2,39.519)->(25,1,40.8368)->(25,0,5020.13)->
Agent 15:(30,13,2.2)->(30,12,3.81421)->(30,11,5.13205)->(30,10,5.81421)->(30,9,6.38205)->(30,8,6.9)->(30,7,7.4)->(30,6,7.91795)->(30,5,8.48579)->(30,4,9.16795)->(30,3,10.4858)->(30,2,13.1142)->(29,2,5006.75)->
Agent 16:(30,14,3.2)->(30,13,5.81421)->(30,12,7.13205)->(30,11,7.81421)->(30,10,8.38205)->(30,9,8.9)->(30,8,9.4)->(30,7,9.91795)->(30,6,10.4858)->(30,5,11.1679)->(30,4,12.4858)->(30,3,14.7)->(29,3,16.9142)->(28,3,18.2321)->(27,3,18.9142)->(26,3,19.4821)->(25,3,20)->(24,3,20.5)->(23,3,21)->(22,3,21.5)->(21,3,22)->(20,3,22.5)->(19,3,23)->(18,3,23.5)->(17,3,24.0179)->(16,3,24.5858)->(15,3,25.2679)->(14,3,26.5858)->(13,3,28.8)->(13,4,31.0142)->(13,5,32.3321)->(13,6,33.0142)->(13,7,33.5821)->(13,8,34.1)->(13,9,34.6)->(13,10,35.1)->(13,11,35.6)->(13,12,36.1)->(13,13,36.6)->(13,14,37.1)->(13,15,37.6)->(13,16,38.1)->(13,17,38.6)->(13,18,39.1)->(13,19,39.6)->(13,20,40.1179)->(13,21,40.6858)->(13,22,41.3679)->(13,23,42.6858)->(13,24,5021.05)->
Agent 17:(20,14,1.8)->(21,14,3.04949)->(22,14,5.04949)->(23,14,7.29898)->(23,13,9.51319)->(23,12,10.9274)->(23,11,12.3416)->(23,10,17.5384)->(22,10,26.6747)->(22,11,32.8569)->(22,12,5016.43)->
Agent 18:(21,29,1.8)->(20,29,3.6)->(19,29,10.8246)->(19,28,17.4634)->(19,27,18.7812)->(19,26,19.4634)->(19,25,20.0312)->(19,24,20.5492)->(19,23,21.0492)->(19,22,21.5492)->(19,21,22.0492)->(19,20,22.5492)->(19,19,23.0492)->(19,18,23.5492)->(19,17,24.0492)->(19,16,24.5492)->(19,15,25.0492)->(19,14,25.5492)->(19,13,26.0492)->(19,12,26.5492)->(19,11,27.0492)->(19,10,27.5492)->(19,9,28.0492)->(19,8,28.5671)->(19,7,29.1349)->(19,6,29.8171)->(19,5,31.1349)->(19,4,33.7634)->(20,4,5017.07)->
Agent 19:(2,21,2.2)->(3,21,3.81421)->(4,21,5.13205)->(5,21,5.81421)->(6,21,6.38205)->(7,21,6.9)->(8,21,7.4)->(9,21,7.91795)->(10,21,8.48579)->(11,21,9.16795)->(12,21,10.4858)->(13,21,13.6642)->(13,20,16.8426)->(13,19,18.1605)->(13,18,18.8426)->(13,17,19.4105)->(13,16,19.9284)->(13,15,20.4284)->(13,14,20.9284)->(13,13,21.4284)->(13,12,21.9284)->(13,11,22.4464)->(13,10,23.0142)->(13,9,23.6964)->(13,8,25.0142)->(13,7,27.2284)->(14,7,29.4779)->(15,7,31.4779)->(16,7,33.7274)->(16,6,35.9416)->(16,5,37.3558)->(16,4,38.77)->(16,3,5019.09)->
Agent 20:(6,9,4.08579)->(7,9,7.58579)->(8,9,8.90362)->(9,9,9.58579)->(10,9,10.1536)->(11,9,10.6716)->(12,9,11.1716)->(13,9,11.6895)->(14,9,12.2574)->(15,9,12.9395)->(16,9,14.2574)->(17,9,18.3863)->(17,8,22.5505)->(17,7,24.5505)->(17,6,5012)->
Agent 21:(23,4,1.8)->(24,4,3.01421)->(25,4,4.42843)->(26,4,5.84264)->(27,4,14.8238)->(27,5,23.805)->(27,6,25.1228)->(27,7,25.805)->(27,8,26.3728)->(27,9,26.8908)->(27,10,27.3908)->(27,11,27.8908)->(27,12,28.3908)->(27,13,28.8908)->(27,14,29.3908)->(27,15,29.8908)->(27,16,30.4087)->(27,17,30.9766)->(27,18,31.6587)->(27,19,32.9766)->(27,20,5016.2)->
Agent 22:(7,29,1.8)->(6,29,3.04949)->(5,29,5.04949)->(4,29,7.29898)->(4,28,9.51319)->(4,27,10.831)->(4,26,11.5132)->(4,25,12.081)->(4,24,12.599)->(4,23,13.099)->(4,22,13.599)->(4,21,14.099)->(4,20,14.6169)->(4,19,15.1848)->(4,18,15.8669)->(4,17,17.1848)->(4,16,5008.3)->
Agent 23:(8,0,1.8)->(9,0,3.01421)->(10,0,4.33205)->(11,0,5.01421)->(12,0,5.58205)->(13,0,6.1)->(14,0,6.6)->(15,0,7.1)->(16,0,7.6)->(17,0,8.1)->(18,0,8.6)->(19,0,9.1)->(20,0,9.6)->(21,0,10.1)->(22,0,10.6)->(23,0,11.1)->(24,0,11.6)->(25,0,12.1)->(26,0,12.6)->(27,0,13.1179)->(28,0,13.6858)->(29,0,14.3679)->(30,0,15.6858)->(31,0,17.9)->(31,1,20.1142)->(31,2,21.4321)->(31,3,22.1142)->(31,4,22.6821)->(31,5,23.2)->(31,6,23.7)->(31,7,24.2)->(31,8,24.7)->(31,9,25.2179)->(31,10,25.7858)->(31,11,26.4679)->(31,12,27.7858)->(31,13,5013.6)->
Agent 24:(13,3,4.02843)->(14,3,7.50634)->(15,3,9.50634)->(16,3,13.5715)->(16,4,17.6014)->(16,5,18.9353)->(16,6,19.7637)->(16,7,21.0975)->(16,8,5010.26)->
Agent 25:(10,16,13.6333)->(10,17,27.2666)->(10,18,32.9838)->(11,18,38.1505)->(12,18,40.1505)->(13,18,5019.8)->
Agent 26:(16,16,2.82841)->(15,16,6.9642)->(16,16,11.1)->(17,16,18.7774)->(17,17,25.8691)->(17,18,27.2833)->(17,19,28.6975)->(17,20,5014.06)->
Agent 27:(6,14,1.8)->(7,14,3.01421)->(8,14,4.33205)->(9,14,5.01421)->(10,14,5.58205)->(11,14,6.1)->(12,14,6.6)->(13,14,7.1)->(14,14,7.6)->(15,14,8.1)->(16,14,8.6)->(17,14,9.1)->(18,14,9.6)->(19,14,10.1)->(20,14,10.6)->(21,14,11.1)->(22,14,11.6)->(23,14,12.1)->(24,14,12.6)->(25,14,13.1179)->(26,14,13.6858)->(27,14,14.3679)->(28,14,15.6858)->(29,14,18.3142)->(29,15,5009.35)->
Agent 28:(28,1,1.8)->(27,1,3.01421)->(26,1,4.33205)->(25,1,5.01421)->(24,1,5.58205)->(23,1,6.1)->(22,1,6.6)->(21,1,7.1)->(20,1,7.6)->(19,1,8.11795)->(18,1,8.68579)->(17,1,9.36795)->(16,1,10.6858)->(15,1,13.3142)->(15,0,16.9142)->(14,0,19.5426)->(13,0,20.9569)->(12,0,22.3711)->(11,0,5010.89)->
Agent 29:(4,12,2.21421)->(3,12,4.81421)->(3,13,7.44264)->(3,14,8.76048)->(3,15,9.44264)->(3,16,10.0105)->(3,17,10.5284)->(3,18,11.0464)->(3,19,11.6142)->(3,20,12.2964)->(3,21,13.6142)->(3,22,16.4426)->(4,22,19.8569)->(5,22,26.7426)->(5,23,33.6284)->(5,24,5016.81)->
Agent 30:(28,28,1.71421)->(28,29,8.48781)->(27,29,15.7898)->(26,29,17.1077)->(25,29,17.7898)->(24,29,18.3577)->(23,29,18.8756)->(22,29,19.3756)->(21,29,19.8756)->(20,29,20.3756)->(19,29,20.8756)->(18,29,21.3936)->(17,29,21.9614)->(16,29,22.6436)->(15,29,23.9614)->(14,29,5011.69)->
Agent 31:(27,24,2.2)->(27,23,3.81421)->(27,22,5.13205)->(27,21,5.81421)->(27,20,6.38205)->(27,19,6.9)->(27,18,7.4)->(27,17,7.9)->(27,16,8.4)->(27,15,8.9)->(27,14,9.4)->(27,13,9.9)->(27,12,10.4)->(27,11,10.9)->(27,10,11.4)->(27,9,11.9179)->(27,8,12.4858)->(27,7,13.1679)->(27,6,14.4858)->(27,5,17.2858)->(26,5,20.0858)->(25,5,21.5)->(24,5,22.9142)->(23,5,30.2897)->(24,5,38.251)->(25,5,5019.13)->
Agent 32:(26,25,3.25)->(26,24,5.91421)->(26,23,7.23205)->(26,22,7.91421)->(26,21,8.48205)->(26,20,9)->(26,19,9.5)->(26,18,10)->(26,17,10.5)->(26,16,11)->(26,15,11.5)->(26,14,12)->(26,13,12.5)->(26,12,13)->(26,11,13.5)->(26,10,14)->(26,9,14.5)->(26,8,15)->(26,7,15.5)->(26,6,16)->(26,5,16.5179)->(26,4,17.0858)->(26,3,17.7679)->(26,2,19.0858)->(26,1,21.3)->(25,1,23.5142)->(24,1,24.9284)->(23,1,26.3426)->(22,1,5012.88)->
Agent 33:(5,10,4.76323)->(4,10,8.94067)->(3,10,10.3549)->(2,10,11.7691)->(1,10,13.9833)->(1,11,16.1975)->(1,12,17.5154)->(1,13,18.1975)->(1,14,18.7654)->(1,15,19.2833)->(1,16,19.7833)->(1,17,20.2833)->(1,18,20.8013)->(1,19,21.3691)->(1,20,22.0513)->(1,21,23.3691)->(1,22,5011.39)->
Agent 34:(14,27,2.26744)->(13,27,3.94909)->(12,27,5.26693)->(11,27,5.94909)->(10,27,6.51693)->(9,27,7.05283)->(8,27,7.62066)->(7,27,8.30283)->(6,27,9.62066)->(5,27,12.9459)->(5,26,16.2711)->(5,25,17.5889)->(5,24,18.2711)->(5,23,18.8389)->(5,22,19.3569)->(5,21,19.8569)->(5,20,20.3569)->(5,19,20.8569)->(5,18,21.3569)->(5,17,21.8569)->(5,16,22.3748)->(5,15,22.9426)->(5,14,23.6248)->(5,13,24.9426)->(5,12,5012.18)->
Agent 35:(12,11,1.8)->(11,11,3.6)->(10,11,8.47008)->(10,10,18.6843)->(10,11,26.3063)->(10,12,28.3063)->(10,13,5013.88)->
Agent 36:(8,9,2.61421)->(8,8,7.57157)->(9,8,12.1574)->(10,8,13.5716)->(11,8,14.9858)->(12,8,22.4147)->(12,9,5013.8)->
Agent 37:(21,10,2.3782)->(21,11,4.17062)->(21,12,5.48846)->(21,13,6.17062)->(21,14,6.73846)->(21,15,7.25641)->(21,16,7.75641)->(21,17,8.25641)->(21,18,8.75641)->(21,19,9.25641)->(21,20,9.75641)->(21,21,10.2744)->(21,22,10.8422)->(21,23,11.5244)->(21,24,12.8422)->(21,25,15.0564)->(20,25,17.2706)->(19,25,18.6848)->(18,25,20.099)->(17,25,5009.76)->
Agent 38:(8,25,2.2)->(8,24,3.81421)->(8,23,5.13205)->(8,22,5.81421)->(8,21,6.38205)->(8,20,6.9)->(8,19,7.4)->(8,18,7.9)->(8,17,8.4)->(8,16,8.91795)->(8,15,9.48579)->(8,14,10.1679)->(8,13,11.4858)->(8,12,13.7)->(9,12,15.9142)->(10,12,17.2321)->(11,12,17.9641)->(12,12,18.6962)->(13,12,20.014)->(14,12,23.6425)->(14,13,5012.51)->
Agent 39:(9,24,3.80374)->(9,23,7.02168)->(9,22,8.4359)->(9,21,9.85011)->(9,20,14.2322)->(8,20,18.6142)->(7,20,20.0284)->(6,20,21.4426)->(5,20,27.2426)->(5,21,33.6284)->(5,22,5016.81)->
Agent 40:(31,14,3.76421)->(31,15,6.94264)->(31,16,8.26048)->(31,17,8.94264)->(31,18,9.51048)->(31,19,10.0284)->(31,20,10.5464)->(31,21,11.1142)->(31,22,11.7964)->(31,23,13.1142)->(31,24,15.3284)->(30,24,17.5426)->(29,24,18.8605)->(28,24,19.5426)->(27,24,20.1105)->(26,24,20.6284)->(25,24,21.1284)->(24,24,21.6284)->(23,24,22.1284)->(22,24,22.6284)->(21,24,23.1284)->(20,24,23.6284)->(19,24,24.1284)->(18,24,24.6284)->(17,24,25.1284)->(16,24,25.6284)->(15,24,26.1284)->(14,24,26.6284)->(13,24,27.1284)->(12,24,27.6284)->(11,24,28.1284)->(10,24,28.6284)->(9,24,29.1284)->(8,24,29.6464)->(7,24,30.2142)->(6,24,30.8964)->(5,24,32.2142)->(4,24,5015.81)->
Agent 41:(15,9,1.8)->(14,9,3.6)->(13,9,6.76601)->(13,8,9.34624)->(13,7,10.6641)->(13,6,11.3462)->(13,5,11.9141)->(13,4,12.45)->(13,3,13.0178)->(13,2,13.7)->(13,1,15.0178)->(13,0,17.232)->(12,0,19.4462)->(11,0,20.7641)->(10,0,21.4961)->(9,0,22.2282)->(8,0,23.546)->(7,0,26.9071)->(7,1,30.3035)->(7,2,32.3035)->(7,3,5015.88)->
Agent 42:(15,7,1.8)->(16,7,3.01421)->(17,7,4.33205)->(18,7,5.01421)->(19,7,5.58205)->(20,7,6.1)->(21,7,6.61795)->(22,7,7.18579)->(23,7,7.86795)->(24,7,9.18579)->(25,7,11.4)->(25,8,13.6142)->(25,9,14.9321)->(25,10,15.6238)->(25,11,16.2595)->(25,12,16.9513)->(25,13,18.2691)->(25,14,20.8975)->(24,14,5010.64)->
Agent 43:(15,8,14.8005)->(14,8,29.0152)->(13,8,30.3331)->(12,8,31.0152)->(11,8,31.5831)->(10,8,32.101)->(9,8,32.601)->(8,8,33.101)->(7,8,33.601)->(6,8,34.101)->(5,8,34.619)->(4,8,35.1868)->(3,8,35.869)->(2,8,37.1868)->(1,8,5018.3)->
Agent 44:(9,7,1.3)->(9,8,2.6)->(9,9,5.8)->(9,8,8.44949)->(9,7,10.4495)->(9,6,16.6638)->(9,7,22.8429)->(9,8,24.1607)->(9,9,24.8928)->(9,10,25.6248)->(9,11,26.9426)->(9,12,5013.18)->
Agent 45:(3,7,2.21601)->(4,7,3.84624)->(5,7,5.16408)->(6,7,5.84624)->(7,7,6.41408)->(8,7,6.93203)->(9,7,7.43203)->(10,7,7.93203)->(11,7,8.43203)->(12,7,8.93203)->(13,7,9.43203)->(14,7,9.93203)->(15,7,10.432)->(16,7,10.932)->(17,7,11.45)->(18,7,12.0178)->(19,7,12.7)->(20,7,14.0178)->(21,7,16.232)->(21,8,18.4462)->(21,9,19.7641)->(21,10,20.4961)->(21,11,21.2282)->(21,12,22.546)->(21,13,28.5728)->(21,12,5016.18)->
Agent 46:(15,21,1.3)->(15,22,2.01421)->(15,23,3.33205)->(15,24,4.0641)->(15,25,4.79615)->(15,26,6.11399)->(15,27,10.8382)->(16,27,15.5977)->(17,27,17.5977)->(18,27,5008.52)->
Agent 47:(0,14,2.2)->(0,13,4.4)->(0,12,12.8784)->(1,12,20.7711)->(2,12,22.0889)->(3,12,22.7711)->(4,12,23.3389)->(5,12,23.8569)->(6,12,24.3569)->(7,12,24.8569)->(8,12,25.3569)->(9,12,25.8569)->(10,12,26.3569)->(11,12,26.8569)->(12,12,27.3569)->(13,12,27.8569)->(14,12,28.3569)->(15,12,28.8569)->(16,12,29.3569)->(17,12,29.8569)->(18,12,30.3569)->(19,12,30.8569)->(20,12,31.3569)->(21,12,31.8569)->(22,12,32.3569)->(23,12,32.8569)->(24,12,33.3569)->(25,12,33.8569)->(26,12,34.3748)->(27,12,34.9426)->(28,12,35.6248)->(29,12,36.9426)->(30,12,5018.18)->
Agent 48:(18,21,3.55)->(18,20,6.51421)->(18,19,7.83205)->(18,18,8.51421)->(18,17,9.08205)->(18,16,9.6)->(18,15,10.1)->(18,14,10.6)->(18,13,11.1)->(18,12,11.6)->(18,11,12.1)->(18,10,12.6)->(18,9,13.1179)->(18,8,13.6858)->(18,7,14.3679)->(18,6,15.6858)->(18,5,17.9)->(17,5,20.1142)->(16,5,21.4321)->(15,5,22.1142)->(14,5,22.6821)->(13,5,23.2)->(12,5,23.7)->(11,5,24.2)->(10,5,24.7)->(9,5,25.2)->(8,5,25.7)->(7,5,26.2)->(6,5,26.7179)->(5,5,27.2858)->(4,5,27.9679)->(3,5,29.2858)->(2,5,31.9142)->(2,4,5016.15)->
Agent 49:(5,18,1.8)->(4,18,3.04949)->(3,18,5.04949)->(2,18,7.29898)->(2,19,9.51319)->(2,20,10.831)->(2,21,11.5631)->(2,22,12.2951)->(2,23,13.613)->(2,24,5006.51)->
Agent 50:(19,25,2.21421)->(18,25,5.18579)->(18,24,8.18579)->(18,23,9.50362)->(18,22,10.1858)->(18,21,10.7536)->(18,20,11.2716)->(18,19,11.7716)->(18,18,12.2716)->(18,17,12.7716)->(18,16,13.2895)->(18,15,13.8574)->(18,14,14.5395)->(18,13,15.8574)->(18,12,18.4858)->(17,12,22.5)->(17,11,26.9284)->(18,11,5013.86)->
Agent 51:(6,23,4.73011)->(6,22,8.87444)->(6,21,10.1923)->(6,20,10.8744)->(6,19,11.4423)->(6,18,11.9602)->(6,17,12.4602)->(6,16,12.9602)->(6,15,13.4602)->(6,14,13.9602)->(6,13,14.4602)->(6,12,14.9602)->(6,11,15.4602)->(6,10,15.9602)->(6,9,16.4602)->(6,8,16.9602)->(6,7,17.4602)->(6,6,17.9782)->(6,5,18.546)->(6,4,19.2282)->(6,3,20.546)->(6,2,22.7602)->(7,2,24.9744)->(8,2,26.2923)->(9,2,26.9744)->(10,2,27.5423)->(11,2,28.0602)->(12,2,28.5602)->(13,2,29.0602)->(14,2,29.5602)->(15,2,30.0602)->(16,2,30.5602)->(17,2,31.0602)->(18,2,31.5602)->(19,2,32.0602)->(20,2,32.5782)->(21,2,33.146)->(22,2,33.8282)->(23,2,35.146)->(24,2,5017.28)->
Agent 52:(19,18,2.2)->(19,17,3.81421)->(19,16,5.13205)->(19,15,5.81421)->(19,14,6.38205)->(19,13,6.91795)->(19,12,7.48579)->(19,11,8.16795)->(19,10,9.48579)->(19,9,16.0005)->(18,9,22.5152)->(17,9,23.8331)->(16,9,24.5152)->(15,9,25.0831)->(14,9,25.619)->(13,9,26.1868)->(12,9,26.869)->(11,9,28.1868)->(10,9,5013.8)->
Agent 53:(7,15,1.8)->(6,15,3.6)->(5,15,7.89166)->(5,14,11.5975)->(5,13,12.9154)->(5,12,13.5975)->(5,11,14.1654)->(5,10,14.6833)->(5,9,15.1833)->(5,8,15.7013)->(5,7,16.2691)->(5,6,16.9513)->(5,5,18.2691)->(5,4,5008.84)->
Agent 54:(30,8,2.2)->(30,7,3.81421)->(30,6,5.13205)->(30,5,5.82382)->(30,4,6.45949)->(30,3,7.15126)->(30,2,8.4691)->(30,1,11.9417)->(29,1,15.4142)->(28,1,16.7321)->(27,1,17.4142)->(26,1,17.9821)->(25,1,18.5)->(24,1,19)->(23,1,19.5)->(22,1,20)->(21,1,20.5)->(20,1,21)->(19,1,21.5)->(18,1,22)->(17,1,22.5)->(16,1,23)->(15,1,23.5)->(14,1,24)->(13,1,24.5)->(12,1,25)->(11,1,25.5)->(10,1,26)->(9,1,26.5179)->(8,1,27.0858)->(7,1,27.7679)->(6,1,29.0858)->(5,1,31.7142)->(5,0,5016.05)->
Agent 55:(22,11,2.61421)->(22,10,6.02843)->(21,10,10.0426)->(21,11,12.6711)->(21,12,14.0853)->(21,13,15.4995)->(21,14,17.7137)->(20,14,19.9279)->(19,14,21.2458)->(18,14,21.9279)->(17,14,22.4958)->(16,14,23.0137)->(15,14,23.5137)->(14,14,24.0137)->(13,14,24.5137)->(12,14,25.0137)->(11,14,25.5137)->(10,14,26.0137)->(9,14,26.5137)->(8,14,27.0137)->(7,14,27.5317)->(6,14,28.0995)->(5,14,28.7817)->(4,14,30.0995)->(3,14,32.3137)->(3,15,34.5279)->(3,16,35.8618)->(3,17,36.6902)->(3,18,38.0241)->(3,19,5018.72)->
Agent 56:(23,2,2.21421)->(22,2,4.81421)->(22,3,7.44264)->(22,4,8.76048)->(22,5,9.44264)->(22,6,10.0105)->(22,7,10.5284)->(22,8,11.0284)->(22,9,11.5284)->(22,10,12.0284)->(22,11,12.5284)->(22,12,13.0464)->(22,13,13.6142)->(22,14,14.2964)->(22,15,15.6142)->(22,16,18.2426)->(21,16,22.2569)->(21,17,26.2711)->(20,17,28.8995)->(19,17,30.2173)->(18,17,30.9091)->(17,17,31.5448)->(16,17,32.2365)->(15,17,33.5544)->(14,17,5016.48)->
Agent 57:(5,31,3.24949)->(5,30,5.91319)->(5,29,7.23103)->(5,28,7.91319)->(5,27,8.49898)->(5,26,9.08477)->(5,25,9.76693)->(5,24,11.0848)->(5,23,13.299)->(6,23,15.5132)->(7,23,16.831)->(8,23,17.5132)->(9,23,18.081)->(10,23,18.599)->(11,23,19.099)->(12,23,19.599)->(13,23,20.099)->(14,23,20.599)->(15,23,21.1169)->(16,23,21.6848)->(17,23,22.3669)->(18,23,23.6848)->(19,23,5011.55)->
Agent 58:(7,7,1.8)->(8,7,3.01421)->(9,7,4.33205)->(10,7,5.01421)->(11,7,5.58205)->(12,7,6.1)->(13,7,6.6)->(14,7,7.1)->(15,7,7.6)->(16,7,8.1)->(17,7,8.6)->(18,7,9.11795)->(19,7,9.68579)->(20,7,10.3679)->(21,7,11.6858)->(22,7,14.7963)->(22,8,17.9067)->(22,9,19.2246)->(22,10,19.9067)->(22,11,20.4746)->(22,12,20.9925)->(22,13,21.4925)->(22,14,22.0105)->(22,15,22.5783)->(22,16,23.2605)->(22,17,24.5783)->(22,18,26.7925)->(21,18,29.0067)->(20,18,30.3246)->(19,18,31.0566)->(18,18,31.7887)->(17,18,33.1065)->(16,18,5016.26)->
Agent 59:(13,7,1.71421)->(13,8,4.22843)->(14,8,9.93579)->(14,9,14.2574)->(14,10,15.5752)->(14,11,16.2574)->(14,12,16.8431)->(14,13,17.4289)->(14,14,18.1111)->(14,15,19.4289)->(14,16,24.0216)->(15,16,28.6495)->(16,16,30.6495)->(17,16,33.3132)->(17,17,5016.85)->
Agent 60:(1,14,4.34166)->(1,13,8.09753)->(1,12,9.41537)->(1,11,10.0975)->(1,10,10.6654)->(1,9,11.1833)->(1,8,11.6833)->(1,7,12.2013)->(1,6,12.7691)->(1,5,13.4513)->(1,4,14.7691)->(1,3,21.2181)->(2,3,27.6672)->(3,3,28.985)->(4,3,29.6672)->(5,3,30.235)->(6,3,30.753)->(7,3,31.253)->(8,3,31.753)->(9,3,32.253)->(10,3,32.753)->(11,3,33.253)->(12,3,33.753)->(13,3,34.253)->(14,3,34.753)->(15,3,35.2709)->(16,3,35.8388)->(17,3,36.5209)->(18,3,37.8388)->(19,3,5018.63)->
Agent 61:(28,26,1.8)->(27,26,3.01421)->(26,26,4.33205)->(25,26,5.01421)->(24,26,5.58205)->(23,26,6.1)->(22,26,6.6)->(21,26,7.11795)->(20,26,7.68579)->(19,26,8.36795)->(18,26,9.68579)->(17,26,5004.55)->
Agent 62:(24,25,2.2)->(24,24,3.81421)->(24,23,5.13205)->(24,22,5.81421)->(24,21,6.38205)->(24,20,6.9)->(24,19,7.4)->(24,18,7.9)->(24,17,8.4)->(24,16,8.9)->(24,15,9.4)->(24,14,9.9)->(24,13,10.4)->(24,12,10.9)->(24,11,11.4)->(24,10,11.9)->(24,9,12.4179)->(24,8,12.9858)->(24,7,13.6679)->(24,6,14.9858)->(24,5,17.95)->(23,5,20.9142)->(22,5,22.2321)->(21,5,22.9142)->(20,5,23.4821)->(19,5,24)->(18,5,24.5)->(17,5,25)->(16,5,25.5)->(15,5,26)->(14,5,26.5)->(13,5,27)->(12,5,27.5)->(11,5,28)->(10,5,28.5)->(9,5,29)->(8,5,29.5179)->(7,5,30.0858)->(6,5,30.7679)->(5,5,32.0858)->(4,5,5015.75)->
Agent 63:(31,5,1.67843)->(31,6,2.77107)->(31,7,4.08891)->(31,8,4.77107)->(31,9,5.33891)->(31,10,5.85685)->(31,11,6.3748)->(31,12,6.94264)->(31,13,7.6248)->(31,14,8.94264)->(31,15,11.1569)->(30,15,13.3711)->(29,15,14.6889)->(28,15,15.3711)->(27,15,15.9389)->(26,15,16.4569)->(25,15,16.9569)->(24,15,17.4569)->(23,15,17.9569)->(22,15,18.4569)->(21,15,18.9569)->(20,15,19.4569)->(19,15,19.9569)->(18,15,20.4569)->(17,15,20.9569)->(16,15,21.4748)->(15,15,22.0426)->(14,15,22.7248)->(13,15,24.0426)->(12,15,5011.73)->
Agent 64:(16,23,2.55)->(16,22,4.51421)->(16,21,5.83205)->(16,20,6.51421)->(16,19,7.08205)->(16,18,7.6)->(16,17,8.1)->(16,16,8.6)->(16,15,9.1)->(16,14,9.61795)->(16,13,10.1858)->(16,12,10.8679)->(16,11,12.1858)->(16,10,14.4)->(17,10,17.2)->(18,10,22.9789)->(18,9,28.2074)->(18,8,30.2074)->(18,7,32.4569)->(19,7,35.2569)->(20,7,5017.63)->
Agent 65:(12,27,2.2)->(12,26,3.81421)->(12,25,5.13205)->(12,24,5.81421)->(12,23,6.38205)->(12,22,6.9)->(12,21,7.4)->(12,20,7.9)->(12,19,8.4)->(12,18,8.9)->(12,17,9.4)->(12,16,9.9)->(12,15,10.4)->(12,14,10.9)->(12,13,11.4)->(12,12,11.9)->(12,11,12.4)->(12,10,12.9)->(12,9,13.4)->(12,8,13.9)->(12,7,14.4179)->(12,6,14.9858)->(12,5,15.6679)->(12,4,16.9858)->(12,3,19.2)->(11,3,21.4142)->(10,3,22.7481)->(9,3,23.5765)->(8,3,24.9103)->(7,3,27.5388)->(7,4,5013.96)->
Agent 66:(0,9,2.2)->(0,8,3.81421)->(0,7,5.13205)->(0,6,5.81421)->(0,5,6.4)->(0,4,6.98579)->(0,3,7.66795)->(0,2,8.98579)->(0,1,11.2)->(1,1,13.4142)->(2,1,14.7321)->(3,1,15.4142)->(4,1,15.9821)->(5,1,16.5)->(6,1,17.0179)->(7,1,17.5858)->(8,1,18.2679)->(9,1,19.5858)->(10,1,22.2142)->(10,0,26.6284)->(10,1,5013.91)->
Agent 67:(14,5,2.2)->(14,4,3.81421)->(14,3,5.22843)->(14,2,6.64264)->(14,1,14.7784)->(14,2,22.9142)->(14,3,24.2321)->(14,4,24.9142)->(14,5,25.4821)->(14,6,26)->(14,7,26.5)->(14,8,27.0179)->(14,9,27.5858)->(14,10,28.2679)->(14,11,29.5858)->(14,12,5014.5)->
Agent 68:(25,9,3.25)->(25,10,5.91421)->(25,11,7.23205)->(25,12,7.91421)->(25,13,8.48205)->(25,14,9)->(25,15,9.5)->(25,16,10)->(25,17,10.5)->(25,18,11)->(25,19,11.5)->(25,20,12)->(25,21,12.5)->(25,22,13.0179)->(25,23,13.5858)->(25,24,14.2679)->(25,25,15.5858)->(25,26,18.2142)->(26,26,5009.3)->
Agent 69:(6,20,2.2)->(6,19,3.81421)->(6,18,5.13205)->(6,17,5.81421)->(6,16,6.38205)->(6,15,6.91795)->(6,14,7.48579)->(6,13,8.16795)->(6,12,9.48579)->(6,11,11.9301)->(7,11,14.3744)->(8,11,15.6923)->(9,11,16.3744)->(10,11,16.9423)->(11,11,17.4602)->(12,11,17.9602)->(13,11,18.4602)->(14,11,18.9602)->(15,11,19.4602)->(16,11,19.9602)->(17,11,20.4602)->(18,11,20.9602)->(19,11,21.4602)->(20,11,21.9602)->(21,11,22.4602)->(22,11,22.9602)->(23,11,23.4602)->(24,11,23.9602)->(25,11,24.4602)->(26,11,24.9602)->(27,11,25.4782)->(28,11,26.046)->(29,11,26.7282)->(30,11,28.046)->(31,11,5013.73)->
Agent 70:(4,21,2.2)->(4,20,3.81421)->(4,19,5.22843)->(4,18,6.64264)->(4,17,9.50854)->(5,17,12.3744)->(6,17,13.6923)->(7,17,14.3744)->(8,17,14.9423)->(9,17,15.4602)->(10,17,15.9602)->(11,17,16.4602)->(12,17,16.9602)->(13,17,17.4602)->(14,17,17.9602)->(15,17,18.4602)->(16,17,18.9602)->(17,17,19.4602)->(18,17,19.9602)->(19,17,20.4602)->(20,17,20.9602)->(21,17,21.4602)->(22,17,21.9602)->(23,17,22.4602)->(24,17,22.9602)->(25,17,23.4782)->(26,17,24.046)->(27,17,24.7282)->(28,17,26.046)->(29,17,5012.73)->
Agent 71:(24,31,2.46421)->(24,30,4.34264)->(24,29,5.66048)->(24,28,6.34264)->(24,27,6.91048)->(24,26,7.42843)->(24,25,7.92843)->(24,24,8.42843)->(24,23,8.92843)->(24,22,9.42843)->(24,21,9.92843)->(24,20,10.4284)->(24,19,10.9284)->(24,18,11.4284)->(24,17,11.9464)->(24,16,12.5142)->(24,15,13.1964)->(24,14,14.5142)->(24,13,16.7284)->(23,13,18.9426)->(22,13,20.2605)->(21,13,20.9426)->(20,13,21.5105)->(19,13,22.0284)->(18,13,22.5284)->(17,13,23.0284)->(16,13,23.5284)->(15,13,24.0284)->(14,13,24.5284)->(13,13,25.0284)->(12,13,25.5284)->(11,13,26.0284)->(10,13,26.5284)->(9,13,27.0464)->(8,13,27.6142)->(7,13,28.2964)->(6,13,29.6142)->(5,13,5014.51)->
Agent 72:(30,17,2.21421)->(31,17,4.81421)->(31,18,7.44264)->(31,19,8.76048)->(31,20,9.44264)->(31,21,10.0105)->(31,22,10.5464)->(31,23,11.1142)->(31,24,11.7964)->(31,25,13.1142)->(31,26,5006.26)->
Agent 73:(29,16,2.2)->(29,15,3.81421)->(29,14,5.13205)->(29,13,5.82382)->(29,12,6.45949)->(29,11,7.15126)->(29,10,8.4691)->(29,9,13.3206)->(28,9,18.1721)->(27,9,19.4899)->(26,9,20.1721)->(25,9,20.7399)->(24,9,21.2579)->(23,9,21.7579)->(22,9,22.2579)->(21,9,22.7758)->(20,9,23.3437)->(19,9,24.0258)->(18,9,25.3437)->(17,9,27.9721)->(17,10,5014.18)->
Agent 74:(4,14,1.8)->(5,14,3.04949)->(6,14,5.04949)->(7,14,7.29898)->(7,15,9.51319)->(7,16,10.831)->(7,17,11.5132)->(7,18,12.081)->(7,19,12.599)->(7,20,13.099)->(7,21,13.6169)->(7,22,14.1848)->(7,23,14.8669)->(7,24,16.1848)->(7,25,5007.8)->
Agent 75:(28,23,2.2)->(28,22,4.4)->(28,21,7.2)->(27,21,9.41421)->(26,21,10.7321)->(25,21,11.4142)->(24,21,11.9821)->(23,21,12.5)->(22,21,13)->(21,21,13.5179)->(20,21,14.0858)->(19,21,14.7679)->(18,21,16.0858)->(17,21,18.7142)->(17,20,23.6059)->(17,21,5012.64)->
Agent 76:(18,30,2.2)->(18,29,3.84949)->(18,28,5.84949)->(18,27,8.09898)->(19,27,10.3485)->(20,27,12.3485)->(21,27,15.8368)->(20,27,5008.52)->
Agent 77:(1,0,1.3)->(1,1,2.01421)->(1,2,3.33205)->(1,3,4.02382)->(1,4,4.65949)->(1,5,5.35126)->(1,6,6.6691)->(1,7,8.88331)->(2,7,11.0975)->(3,7,12.4154)->(4,7,13.0975)->(5,7,13.6654)->(6,7,14.1833)->(7,7,14.6833)->(8,7,15.1833)->(9,7,15.6833)->(10,7,16.1833)->(11,7,16.6833)->(12,7,17.1833)->(13,7,17.6833)->(14,7,18.1833)->(15,7,18.6833)->(16,7,19.1833)->(17,7,19.6833)->(18,7,20.1833)->(19,7,20.6833)->(20,7,21.1833)->(21,7,21.6833)->(22,7,22.1833)->(23,7,22.6833)->(24,7,23.1833)->(25,7,23.6833)->(26,7,24.1833)->(27,7,24.7013)->(28,7,25.2691)->(29,7,25.9513)->(30,7,27.2691)->(31,7,5013.34)->
Agent 78:(30,20,2.2)->(30,19,3.81421)->(30,18,5.13205)->(30,17,5.81421)->(30,16,6.38205)->(30,15,6.9)->(30,14,7.4)->(30,13,7.9)->(30,12,8.4)->(30,11,8.9)->(30,10,9.41795)->(30,9,9.98579)->(30,8,10.6679)->(30,7,11.9858)->(30,6,14.2)->(29,6,16.4142)->(28,6,17.7321)->(27,6,18.4142)->(26,6,18.9821)->(25,6,19.5)->(24,6,20)->(23,6,20.5)->(22,6,21)->(21,6,21.5)->(20,6,22)->(19,6,22.5)->(18,6,23)->(17,6,23.5)->(16,6,24)->(15,6,24.5)->(14,6,25)->(13,6,25.5)->(12,6,26)->(11,6,26.5)->(10,6,27)->(9,6,27.5)->(8,6,28.0179)->(7,6,28.5858)->(6,6,29.2679)->(5,6,30.5858)->(4,6,33.2142)->(4,7,5016.8)->
Agent 79:(7,9,2.2)->(7,8,3.81421)->(7,7,5.14806)->(7,6,5.97649)->(7,5,7.31034)->(7,4,14.6123)->(8,4,21.9142)->(9,4,23.2321)->(10,4,23.9142)->(11,4,24.4821)->(12,4,25)->(13,4,25.5)->(14,4,26)->(15,4,26.5)->(16,4,27)->(17,4,27.5)->(18,4,28)->(19,4,28.5)->(20,4,29)->(21,4,29.5)->(22,4,30)->(23,4,30.5)->(24,4,31)->(25,4,31.5)->(26,4,32.0179)->(27,4,32.5858)->(28,4,33.2679)->(29,4,34.5858)->(30,4,5017)->
