Agent 0:(15,25,2.2)->(14,25,3.81421)->(13,25,5.13205)->(12,25,5.81421)->(11,25,6.38205)->(10,25,6.9)->(9,25,7.4)->(8,25,7.9)->(7,25,8.4)->(6,25,8.91795)->(5,25,9.48579)->(4,25,10.1679)->(3,25,11.4858)->(2,25,13.7)->(2,24,15.9142)->(2,23,17.2321)->(2,22,17.9142)->(2,21,18.4821)->(2,20,19)->(2,19,19.5)->(2,18,20)->(2,17,20.5)->(2,16,21)->(2,15,21.5)->(2,14,22.0179)->(2,13,22.5858)->(2,12,23.2679)->(2,11,24.5858)->(2,10,27.2142)->(1,10,5013.8)->
Agent 1:(26,26,2.21421)->(25,26,4.81421)->(25,25,7.44264)->(25,24,8.77649)->(25,23,9.60492)->(25,22,10.9388)->(25,21,18.3123)->(24,21,25.6858)->(23,21,27.0036)->(22,21,27.6858)->(21,21,28.2536)->(20,21,28.7716)->(19,21,29.2716)->(18,21,29.7716)->(17,21,30.2716)->(16,21,30.7716)->(15,21,31.2716)->(14,21,31.7716)->(13,21,32.2716)->(12,21,32.7716)->(11,21,33.2716)->(10,21,33.7895)->(9,21,34.3574)->(8,21,35.0395)->(7,21,36.3574)->(6,21,5017.89)->
Agent 2:(1,23,2.59433)->(2,23,4.60287)->(3,23,5.92071)->(4,23,6.60287)->(5,23,7.17071)->(6,23,7.68866)->(7,23,8.20661)->(8,23,8.77444)->(9,23,9.45661)->(10,23,10.7744)->(11,23,15.0048)->(10,23,20.2067)->(10,22,22.8352)->(10,21,24.153)->(10,20,24.8352)->(10,19,25.403)->(10,18,25.921)->(10,17,26.421)->(10,16,26.921)->(10,15,27.421)->(10,14,27.921)->(10,13,28.421)->(10,12,28.921)->(10,11,29.421)->(10,10,29.921)->(10,9,30.421)->(10,8,30.921)->(10,7,31.421)->(10,6,31.921)->(10,5,32.4389)->(10,4,33.0067)->(10,3,33.6889)->(10,2,35.0067)->(10,1,5017.21)->
Agent 3:(0,2,1.3)->(0,3,2.01421)->(0,4,3.33205)->(0,5,4.0641)->(0,6,4.79615)->(0,7,6.11399)->(0,8,8.3282)->(1,8,10.5424)->(2,8,11.8603)->(3,8,12.552)->(4,8,13.1877)->(5,8,13.8795)->(6,8,15.1973)->(7,8,21.5699)->(6,8,28.5282)->(5,8,5014.26)->
Agent 4:(23,25,1.8)->(22,25,3.04949)->(21,25,5.04949)->(20,25,7.53154)->(20,24,9.97832)->(20,23,11.2962)->(20,22,11.9879)->(20,21,12.6236)->(20,20,13.3154)->(20,19,14.6332)->(20,18,19.2539)->(19,18,23.8747)->(18,18,25.1925)->(17,18,25.8747)->(16,18,26.4425)->(15,18,26.9605)->(14,18,27.4605)->(13,18,27.9605)->(12,18,28.4784)->(11,18,29.0462)->(10,18,29.7284)->(9,18,31.0462)->(8,18,33.2605)->(8,17,35.4747)->(8,16,36.7925)->(8,15,37.4747)->(8,14,38.0605)->(8,13,38.6462)->(8,12,39.3284)->(8,11,40.6462)->(8,10,5020.03)->
Agent 5:(3,12,3.16228)->(4,12,5.73877)->(5,12,7.05661)->(6,12,7.73877)->(7,12,8.30661)->(8,12,8.82456)->(9,12,9.32456)->(10,12,9.82456)->(11,12,10.3246)->(12,12,10.8246)->(13,12,11.3425)->(14,12,11.9103)->(15,12,12.5925)->(16,12,13.9103)->(17,12,5006.66)->
Agent 6:(2,4,1.3)->(2,5,2.01421)->(2,6,3.33205)->(2,7,4.01421)->(2,8,4.58205)->(2,9,5.1)->(2,10,5.6)->(2,11,6.1)->(2,12,6.6)->(2,13,7.1)->(2,14,7.6)->(2,15,8.1)->(2,16,8.61795)->(2,17,9.18579)->(2,18,9.86795)->(2,19,11.1858)->(2,20,13.4)->(3,20,15.6142)->(4,20,16.9321)->(5,20,17.6641)->(6,20,18.3962)->(7,20,19.714)->(8,20,22.4282)->(8,19,25.1424)->(8,18,26.4603)->(8,17,27.1424)->(8,16,27.7103)->(8,15,28.2282)->(8,14,28.7282)->(8,13,29.2282)->(8,12,29.7282)->(8,11,30.2282)->(8,10,30.7282)->(8,9,31.2282)->(8,8,31.7282)->(8,7,32.2282)->(8,6,32.7282)->(8,5,33.2462)->(8,4,33.814)->(8,3,34.4962)->(8,2,35.814)->(8,1,38.4424)->(7,1,5019.41)->
Agent 7:(24,10,2.21421)->(23,10,4.81421)->(23,11,7.44264)->(23,12,8.77649)->(23,13,9.60492)->(23,14,10.9388)->(23,15,5005.18)->
Agent 8:(29,17,1.71421)->(29,18,4.5641)->(28,18,7.94242)->(27,18,9.26025)->(26,18,9.94242)->(25,18,10.5103)->(24,18,11.0282)->(23,18,11.5282)->(22,18,12.0282)->(21,18,12.5282)->(20,18,13.0282)->(19,18,13.5282)->(18,18,14.0282)->(17,18,14.5282)->(16,18,15.0282)->(15,18,15.5282)->(14,18,16.0282)->(13,18,16.5282)->(12,18,17.0282)->(11,18,17.5282)->(10,18,18.0282)->(9,18,18.5282)->(8,18,19.0282)->(7,18,19.5462)->(6,18,20.114)->(5,18,20.7962)->(4,18,22.114)->(3,18,24.3282)->(3,17,26.5777)->(3,16,28.5777)->(3,15,31.9741)->(4,15,5016.55)->
Agent 9:(2,14,2.71421)->(3,14,4.84264)->(4,14,6.16048)->(5,14,6.84264)->(6,14,7.42843)->(7,14,8.01421)->(8,14,8.69638)->(9,14,10.0142)->(10,14,13.7142)->(10,13,17.4142)->(10,12,18.7321)->(10,11,19.4142)->(10,10,19.9821)->(10,9,20.5)->(10,8,21)->(10,7,21.5179)->(10,6,22.0858)->(10,5,22.7679)->(10,4,24.0858)->(10,3,26.3)->(11,3,28.5142)->(12,3,29.8321)->(13,3,30.5142)->(14,3,31.0821)->(15,3,31.6)->(16,3,32.1)->(17,3,32.6)->(18,3,33.1)->(19,3,33.6)->(20,3,34.1)->(21,3,34.6)->(22,3,35.1)->(23,3,35.6)->(24,3,36.1)->(25,3,36.6)->(26,3,37.1)->(27,3,37.6179)->(28,3,38.1858)->(29,3,38.8679)->(30,3,40.1858)->(31,3,42.8142)->(31,2,5021.6)->
Agent 10:(31,12,2.21421)->(30,12,5.37843)->(30,13,8.57107)->(30,14,9.88891)->(30,15,10.5711)->(30,16,11.1389)->(30,17,11.6569)->(30,18,12.1569)->(30,19,12.6748)->(30,20,13.2426)->(30,21,13.9248)->(30,22,15.2426)->(30,23,17.4569)->(29,23,19.6711)->(28,23,20.9889)->(27,23,21.6711)->(26,23,22.2389)->(25,23,22.7569)->(24,23,23.2569)->(23,23,23.7569)->(22,23,24.2569)->(21,23,24.7569)->(20,23,25.2569)->(19,23,25.7569)->(18,23,26.2569)->(17,23,26.7569)->(16,23,27.2569)->(15,23,27.7569)->(14,23,28.2569)->(13,23,28.7569)->(12,23,29.2569)->(11,23,29.7569)->(10,23,30.2569)->(9,23,30.7569)->(8,23,31.2569)->(7,23,31.7569)->(6,23,32.2569)->(5,23,32.7748)->(4,23,33.3426)->(3,23,34.0248)->(2,23,35.3426)->(1,23,37.5569)->(1,24,39.7711)->(1,25,41.1049)->(1,26,41.9333)->(1,27,43.2672)->(1,28,5021.34)->
Agent 11:(2,9,2.21421)->(3,9,8.56795)->(3,10,14.9501)->(3,11,16.2679)->(3,12,16.9501)->(3,13,17.5179)->(3,14,18.0359)->(3,15,18.5359)->(3,16,19.0359)->(3,17,19.5359)->(3,18,20.0359)->(3,19,20.5359)->(3,20,21.0359)->(3,21,21.5359)->(3,22,22.0359)->(3,23,22.5359)->(3,24,23.0538)->(3,25,23.6217)->(3,26,24.3038)->(3,27,25.6217)->(3,28,27.8359)->(4,28,30.0501)->(5,28,31.3679)->(6,28,32.0501)->(7,28,32.6179)->(8,28,33.1359)->(9,28,33.6359)->(10,28,34.1359)->(11,28,34.6359)->(12,28,35.1538)->(13,28,35.7217)->(14,28,36.4038)->(15,28,37.7217)->(16,28,5018.57)->
Agent 12:(2,24,1.3)->(2,25,2.6)->(2,26,5.76795)->(3,26,8.38539)->(4,26,10.3854)->(5,26,17.4354)->(4,26,25.0359)->(3,26,5012.52)->
Agent 13:(17,11,2.21421)->(16,11,4.81421)->(16,12,7.44264)->(16,13,8.76048)->(16,14,9.49253)->(16,15,10.2246)->(16,16,11.5424)->(16,17,13.7566)->(15,17,16.0061)->(14,17,18.0061)->(13,17,23.8136)->(14,17,30.1716)->(15,17,5015.09)->
Agent 14:(15,24,2.2)->(15,23,3.81421)->(15,22,5.13205)->(15,21,5.81421)->(15,20,6.38205)->(15,19,6.9)->(15,18,7.4)->(15,17,7.91795)->(15,16,8.48579)->(15,15,9.16795)->(15,14,10.4858)->(15,13,14.0321)->(16,13,17.5783)->(17,13,18.8962)->(18,13,19.5783)->(19,13,20.1462)->(20,13,20.6641)->(21,13,21.1641)->(22,13,21.6641)->(23,13,22.1641)->(24,13,22.6821)->(25,13,23.2499)->(26,13,23.9321)->(27,13,25.2499)->(28,13,29.2085)->(28,14,5015.46)->
Agent 15:(23,11,1.8)->(23,12,3.01421)->(23,13,4.33205)->(23,14,5.0641)->(23,15,5.79615)->(23,16,7.11399)->(23,17,10.2782)->(22,17,13.4424)->(21,17,14.7763)->(20,17,15.6047)->(19,17,16.9385)->(18,17,19.567)->(18,16,24.9646)->(18,17,5013.57)->
Agent 16:(7,24,2.2)->(7,23,3.81421)->(7,22,5.13205)->(7,21,5.81421)->(7,20,6.38205)->(7,19,6.9)->(7,18,7.4)->(7,17,7.9)->(7,16,8.4)->(7,15,8.91795)->(7,14,9.48579)->(7,13,10.1679)->(7,12,11.4858)->(7,11,13.7)->(6,11,15.9142)->(5,11,17.2321)->(4,11,17.9238)->(3,11,18.5595)->(2,11,19.2513)->(1,11,20.5691)->(0,11,22.7833)->(0,10,24.9975)->(0,9,26.4117)->(0,8,27.826)->(0,7,5013.62)->
Agent 17:(22,3,2.4142)->(21,3,4.24261)->(20,3,5.56045)->(19,3,6.2925)->(18,3,7.02455)->(17,3,8.34239)->(16,3,11.8406)->(16,4,15.3388)->(16,5,16.6566)->(16,6,17.3388)->(16,7,17.9066)->(16,8,18.4246)->(16,9,18.9246)->(16,10,19.4246)->(16,11,19.9246)->(16,12,20.4246)->(16,13,20.9246)->(16,14,21.4246)->(16,15,21.9425)->(16,16,22.5103)->(16,17,23.1925)->(16,18,24.5103)->(16,19,5011.96)->
Agent 18:(29,21,1.3)->(29,22,2.01421)->(29,23,3.33205)->(29,24,4.01421)->(29,25,4.6)->(29,26,5.18579)->(29,27,5.86795)->(29,28,7.18579)->(29,29,17.8859)->(28,29,28.586)->(27,29,29.9038)->(26,29,30.586)->(25,29,31.1538)->(24,29,31.6718)->(23,29,32.1718)->(22,29,32.6718)->(21,29,33.1718)->(20,29,33.6718)->(19,29,34.1718)->(18,29,34.6718)->(17,29,35.1718)->(16,29,35.6897)->(15,29,36.2576)->(14,29,36.9397)->(13,29,38.2576)->(12,29,5018.84)->
Agent 19:(20,4,1.88579)->(19,4,3.18579)->(18,4,4.50362)->(17,4,5.23567)->(16,4,5.96773)->(15,4,7.28556)->(14,4,9.49978)->(14,5,11.714)->(14,6,13.0318)->(14,7,13.714)->(14,8,14.2998)->(14,9,14.8856)->(14,10,15.5677)->(14,11,16.8856)->(14,12,5008.15)->
Agent 20:(16,31,1.8)->(15,31,3.01421)->(14,31,4.33205)->(13,31,5.01421)->(12,31,5.58205)->(11,31,6.11795)->(10,31,6.68579)->(9,31,7.36795)->(8,31,8.68579)->(7,31,12.1178)->(7,30,15.5499)->(7,29,16.8677)->(7,28,17.5499)->(7,27,18.1177)->(7,26,18.6357)->(7,25,19.1357)->(7,24,19.6357)->(7,23,20.1536)->(7,22,20.7215)->(7,21,21.4036)->(7,20,22.7215)->(7,19,29.9536)->(7,20,37.7716)->(7,21,5018.89)->
Agent 21:(12,3,1.3)->(12,4,2.01421)->(12,5,3.34806)->(12,6,4.17649)->(12,7,5.51034)->(12,8,7.78877)->(13,8,10.0672)->(14,8,11.385)->(15,8,12.0672)->(16,8,12.635)->(17,8,13.153)->(18,8,13.653)->(19,8,14.153)->(20,8,14.653)->(21,8,15.1709)->(22,8,15.7388)->(23,8,16.4209)->(24,8,17.7388)->(25,8,20.3672)->(25,9,5010.38)->
Agent 22:(3,30,2.2)->(3,29,3.81421)->(3,28,5.13205)->(3,27,5.81421)->(3,26,6.4)->(3,25,6.98579)->(3,24,7.66795)->(3,23,8.98579)->(3,22,14.1056)->(4,22,19.2253)->(5,22,20.5592)->(6,22,21.3876)->(7,22,22.7215)->(8,22,24.9357)->(8,21,27.7357)->(8,20,33.1678)->(8,21,5017.89)->
Agent 23:(18,31,1.8)->(19,31,3.04949)->(20,31,5.04949)->(21,31,10.9995)->(21,30,16.9142)->(21,29,18.2321)->(21,28,18.9142)->(21,27,19.4821)->(21,26,20)->(21,25,20.5)->(21,24,21)->(21,23,21.5)->(21,22,22)->(21,21,22.5)->(21,20,23)->(21,19,23.5)->(21,18,24)->(21,17,24.5)->(21,16,25)->(21,15,25.5)->(21,14,26)->(21,13,26.5179)->(21,12,27.0858)->(21,11,27.7679)->(21,10,29.0858)->(21,9,31.3)->(22,9,34.1)->(23,9,5017.05)->
Agent 24:(2,3,2.4142)->(2,4,4.24261)->(2,5,5.56045)->(2,6,6.24261)->(2,7,6.81045)->(2,8,7.3284)->(2,9,7.8284)->(2,10,8.3284)->(2,11,8.8284)->(2,12,9.3284)->(2,13,9.8284)->(2,14,10.3284)->(2,15,10.8463)->(2,16,11.4142)->(2,17,12.0963)->(2,18,13.4142)->(2,19,15.7907)->(3,19,18.1672)->(4,19,19.5814)->(5,19,20.9956)->(6,19,23.2098)->(6,20,25.4593)->(6,21,27.4593)->(6,22,5013.45)->
Agent 25:(28,17,2.2)->(28,16,3.81421)->(28,15,5.13205)->(28,14,5.81421)->(28,13,6.38205)->(28,12,6.9)->(28,11,7.4)->(28,10,7.9)->(28,9,8.4)->(28,8,8.91795)->(28,7,9.48579)->(28,6,10.1679)->(28,5,11.4858)->(28,4,5005.45)->
Agent 26:(19,20,1.3)->(19,21,2.01421)->(19,22,3.33205)->(19,23,4.0641)->(19,24,4.79615)->(19,25,6.11399)->(19,26,9.12649)->(18,26,12.139)->(17,26,13.4568)->(16,26,14.139)->(15,26,14.7248)->(14,26,15.3106)->(13,26,15.9927)->(12,26,17.3106)->(11,26,5008.36)->
Agent 27:(26,2,1.8)->(25,2,3.01421)->(24,2,4.33205)->(23,2,5.02382)->(22,2,5.65949)->(21,2,6.35126)->(20,2,7.6691)->(19,2,10.3558)->(19,3,13.0424)->(19,4,14.3603)->(19,5,15.0424)->(19,6,15.6103)->(19,7,16.1282)->(19,8,16.6282)->(19,9,17.1282)->(19,10,17.6282)->(19,11,18.1282)->(19,12,18.6282)->(19,13,19.1282)->(19,14,19.6282)->(19,15,20.1282)->(19,16,20.6282)->(19,17,21.1282)->(19,18,21.6462)->(19,19,22.214)->(19,20,22.8962)->(19,21,24.214)->(19,22,5011.81)->
Agent 28:(1,9,1.3)->(1,10,2.01421)->(1,11,3.33205)->(1,12,4.01421)->(1,13,4.58205)->(1,14,5.1)->(1,15,5.6)->(1,16,6.1)->(1,17,6.6)->(1,18,7.1)->(1,19,7.61795)->(1,20,8.18579)->(1,21,8.86795)->(1,22,10.1858)->(1,23,16.3179)->(2,23,23.0359)->(3,23,25.8359)->(3,24,28.6359)->(3,25,5014.32)->
Agent 29:(8,28,1.71421)->(8,29,3.81421)->(9,29,6.44264)->(10,29,7.76048)->(11,29,8.44264)->(12,29,9.01048)->(13,29,9.52843)->(14,29,10.0284)->(15,29,10.5284)->(16,29,11.0284)->(17,29,11.5284)->(18,29,12.0284)->(19,29,12.5284)->(20,29,13.0464)->(21,29,13.6142)->(22,29,14.2964)->(23,29,15.6142)->(24,29,17.8284)->(24,28,20.6284)->(24,27,26.4001)->(24,28,32.1718)->(24,29,5016.09)->
Agent 30:(24,24,3.03205)->(23,24,5.47832)->(22,24,6.79615)->(21,24,7.47832)->(20,24,8.04615)->(19,24,8.58205)->(18,24,9.14989)->(17,24,9.83205)->(16,24,11.1499)->(15,24,13.3641)->(15,23,15.5783)->(15,22,16.9925)->(15,21,18.4067)->(15,20,20.621)->(14,20,22.8352)->(13,20,24.153)->(12,20,24.8352)->(11,20,25.403)->(10,20,25.921)->(9,20,26.421)->(8,20,26.921)->(7,20,27.421)->(6,20,27.9389)->(5,20,28.5067)->(4,20,29.1889)->(3,20,30.5067)->(2,20,5014.96)->
Agent 31:(6,27,1.8)->(7,27,3.01421)->(8,27,4.33205)->(9,27,5.01421)->(10,27,5.58205)->(11,27,6.11795)->(12,27,6.68579)->(13,27,7.36795)->(14,27,8.68579)->(15,27,16.1358)->(15,26,23.5858)->(15,25,24.9036)->(15,24,25.5858)->(15,23,26.1536)->(15,22,26.6716)->(15,21,27.1716)->(15,20,27.6716)->(15,19,28.1895)->(15,18,28.7574)->(15,17,29.4395)->(15,16,30.7574)->(15,15,33.3858)->(16,15,5016.89)->
Agent 32:(15,4,1.71421)->(15,5,3.81421)->(14,5,6.44264)->(13,5,7.76048)->(12,5,8.44264)->(11,5,9.01048)->(10,5,9.52843)->(9,5,10.0284)->(8,5,10.5284)->(7,5,11.0284)->(6,5,11.5284)->(5,5,12.0464)->(4,5,12.6142)->(3,5,13.2964)->(2,5,14.6142)->(1,5,16.8284)->(1,6,19.0426)->(1,7,20.3605)->(1,8,21.0426)->(1,9,21.6105)->(1,10,22.1284)->(1,11,22.6464)->(1,12,23.2142)->(1,13,23.8964)->(1,14,25.2142)->(1,15,27.8426)->(0,15,5014.11)->
Agent 33:(0,23,2.2)->(0,22,3.81421)->(0,21,5.13205)->(0,20,5.81421)->(0,19,6.38205)->(0,18,6.9)->(0,17,7.41795)->(0,16,7.98579)->(0,15,8.66795)->(0,14,9.98579)->(0,13,12.2)->(1,13,14.4142)->(2,13,15.7321)->(3,13,16.4142)->(4,13,16.9821)->(5,13,17.5)->(6,13,18)->(7,13,18.5)->(8,13,19)->(9,13,19.5)->(10,13,20)->(11,13,20.5)->(12,13,21)->(13,13,21.5)->(14,13,22)->(15,13,22.5)->(16,13,23)->(17,13,23.5)->(18,13,24)->(19,13,24.5)->(20,13,25)->(21,13,25.5)->(22,13,26)->(23,13,26.5179)->(24,13,27.0858)->(25,13,27.7679)->(26,13,29.0858)->(27,13,31.7142)->(27,12,5016.05)->
Agent 34:(2,19,1.8)->(3,19,3.01421)->(4,19,4.42843)->(5,19,5.84264)->(6,19,8.05685)->(6,18,10.2711)->(6,17,11.5889)->(6,16,12.2807)->(6,15,12.9163)->(6,14,13.6081)->(6,13,14.926)->(6,12,18.22)->(7,12,21.514)->(8,12,22.8318)->(9,12,23.5639)->(10,12,24.2959)->(11,12,25.6138)->(12,12,5012.51)->
Agent 35:(26,31,3.91421)->(26,30,7.24264)->(26,29,8.56048)->(26,28,9.24264)->(26,27,9.81048)->(26,26,10.3284)->(26,25,10.8284)->(26,24,11.3284)->(26,23,11.8284)->(26,22,12.3284)->(26,21,12.8284)->(26,20,13.3284)->(26,19,13.8284)->(26,18,14.3284)->(26,17,14.8284)->(26,16,15.3284)->(26,15,15.8284)->(26,14,16.3284)->(26,13,16.8284)->(26,12,17.3284)->(26,11,17.8284)->(26,10,18.3284)->(26,9,18.8284)->(26,8,19.3284)->(26,7,19.8284)->(26,6,20.3284)->(26,5,20.8464)->(26,4,21.4142)->(26,3,22.0964)->(26,2,23.4142)->(26,1,26.0426)->(25,1,5013.21)->
Agent 36:(10,11,1.4142)->(10,12,2.8284)->(10,13,8.6779)->(10,12,13.9416)->(10,11,15.2595)->(10,10,15.9416)->(10,9,16.5095)->(10,8,17.0274)->(10,7,17.5274)->(10,6,18.0274)->(10,5,18.5274)->(10,4,19.0454)->(10,3,19.6132)->(10,2,20.2954)->(10,1,21.6132)->(10,0,5010.51)->
Agent 37:(23,24,2.03205)->(22,24,3.47832)->(21,24,4.79615)->(20,24,5.47832)->(19,24,6.04615)->(18,24,6.5641)->(17,24,7.0641)->(16,24,7.5641)->(15,24,8.0641)->(14,24,8.58205)->(13,24,9.14989)->(12,24,9.83205)->(11,24,11.1499)->(10,24,13.3641)->(10,23,15.5783)->(10,22,16.8962)->(10,21,17.5783)->(10,20,18.1462)->(10,19,18.6641)->(10,18,19.1821)->(10,17,19.7499)->(10,16,20.4321)->(10,15,21.7499)->(10,14,23.9641)->(9,14,26.1783)->(8,14,27.4962)->(7,14,28.1783)->(6,14,28.7462)->(5,14,29.2821)->(4,14,29.8499)->(3,14,30.5321)->(2,14,31.8499)->(1,14,5015.63)->
Agent 38:(13,7,3.91228)->(13,8,7.23877)->(13,9,8.55661)->(13,10,9.23877)->(13,11,9.80661)->(13,12,10.3246)->(13,13,10.8246)->(13,14,11.3246)->(13,15,11.8246)->(13,16,12.3246)->(13,17,12.8246)->(13,18,13.3246)->(13,19,13.8246)->(13,20,14.3246)->(13,21,14.8246)->(13,22,15.3246)->(13,23,15.8425)->(13,24,16.4103)->(13,25,17.0925)->(13,26,18.4103)->(13,27,20.6246)->(12,27,22.8388)->(11,27,24.1566)->(10,27,24.8887)->(9,27,25.6207)->(8,27,26.9385)->(7,27,5013.18)->
Agent 39:(18,14,3.94082)->(18,15,7.29585)->(18,16,8.61368)->(18,17,9.29585)->(18,18,9.86368)->(18,19,10.3816)->(18,20,10.8816)->(18,21,11.3816)->(18,22,11.8816)->(18,23,12.3996)->(18,24,12.9674)->(18,25,13.6496)->(18,26,14.9674)->(18,27,17.1816)->(19,27,19.4311)->(20,27,21.4311)->(21,27,5010.44)->
Agent 40:(15,7,3.93567)->(15,6,7.28556)->(15,5,8.61941)->(15,4,9.44784)->(15,3,10.7817)->(15,2,12.9959)->(16,2,15.2101)->(17,2,16.544)->(18,2,17.3724)->(19,2,18.7062)->(20,2,5009.06)->
Agent 41:(27,19,2.2)->(27,18,3.81421)->(27,17,5.13205)->(27,16,5.81421)->(27,15,6.38205)->(27,14,6.9)->(27,13,7.4)->(27,12,7.9)->(27,11,8.4)->(27,10,8.9)->(27,9,9.4)->(27,8,9.9)->(27,7,10.4)->(27,6,10.9)->(27,5,11.4179)->(27,4,11.9858)->(27,3,12.6679)->(27,2,13.9858)->(27,1,17.7)->(26,1,21.4142)->(25,1,22.7321)->(24,1,23.4142)->(23,1,23.9821)->(22,1,24.5)->(21,1,25)->(20,1,25.5)->(19,1,26)->(18,1,26.5)->(17,1,27)->(16,1,27.5)->(15,1,28)->(14,1,28.5)->(13,1,29.0179)->(12,1,29.5858)->(11,1,30.2679)->(10,1,31.5858)->(9,1,5015.5)->
Agent 42:(30,9,1.8)->(29,9,3.01421)->(28,9,4.33205)->(27,9,5.01421)->(26,9,5.58205)->(25,9,6.1)->(24,9,6.6)->(23,9,7.1)->(22,9,7.6)->(21,9,8.1)->(20,9,8.6)->(19,9,9.1)->(18,9,9.6)->(17,9,10.1)->(16,9,10.6)->(15,9,11.1)->(14,9,11.6)->(13,9,12.1)->(12,9,12.6)->(11,9,13.1)->(10,9,13.6)->(9,9,14.1)->(8,9,14.6)->(7,9,15.1179)->(6,9,15.6858)->(5,9,16.3679)->(4,9,17.6858)->(3,9,19.9)->(3,8,22.1142)->(3,7,23.5284)->(3,6,24.9426)->(3,5,5012.18)->
Agent 43:(6,14,2.2)->(6,13,3.81421)->(6,12,5.13205)->(6,11,5.81421)->(6,10,6.38205)->(6,9,6.9)->(6,8,7.4)->(6,7,7.91795)->(6,6,8.48579)->(6,5,9.16795)->(6,4,10.4858)->(6,3,12.7)->(7,3,14.9142)->(8,3,16.2321)->(9,3,16.9142)->(10,3,17.4821)->(11,3,18)->(12,3,18.5)->(13,3,19)->(14,3,19.5)->(15,3,20)->(16,3,20.5)->(17,3,21)->(18,3,21.5)->(19,3,22)->(20,3,22.5)->(21,3,23)->(22,3,23.5)->(23,3,24)->(24,3,24.5)->(25,3,25.0179)->(26,3,25.5858)->(27,3,26.2679)->(28,3,27.5858)->(29,3,30.2142)->(29,4,5015.3)->
Agent 44:(21,14,2.10278)->(21,15,3.61978)->(21,16,4.93762)->(21,17,5.62939)->(21,18,6.26506)->(21,19,6.95683)->(21,20,8.27467)->(21,21,10.4889)->(22,21,12.7384)->(23,21,14.7384)->(24,21,19.0567)->(24,22,23.3751)->(24,23,25.3751)->(24,24,30.4981)->(23,24,36.1716)->(22,24,5018.09)->
Agent 45:(19,12,3.09444)->(19,13,5.60309)->(19,14,6.92093)->(19,15,7.60309)->(19,16,8.17093)->(19,17,8.68888)->(19,18,9.18888)->(19,19,9.68888)->(19,20,10.1889)->(19,21,10.6889)->(19,22,11.1889)->(19,23,11.6889)->(19,24,12.2068)->(19,25,12.7747)->(19,26,13.4568)->(19,27,14.7747)->(19,28,5007.09)->
Agent 46:(8,2,3.03579)->(8,3,5.48579)->(8,4,6.80362)->(8,5,7.48579)->(8,6,8.05362)->(8,7,8.57157)->(8,8,9.07157)->(8,9,9.57157)->(8,10,10.0716)->(8,11,10.5716)->(8,12,11.0716)->(8,13,11.5895)->(8,14,12.1574)->(8,15,12.8395)->(8,16,14.1574)->(8,17,16.3716)->(7,17,18.5858)->(6,17,19.9036)->(5,17,20.6357)->(4,17,21.3677)->(3,17,22.6856)->(2,17,5011.05)->
Agent 47:(22,0,11.5858)->(22,1,22.5858)->(22,2,23.9036)->(22,3,24.5858)->(22,4,25.1536)->(22,5,25.6716)->(22,6,26.1716)->(22,7,26.6716)->(22,8,27.1716)->(22,9,27.6716)->(22,10,28.1716)->(22,11,28.6716)->(22,12,29.1716)->(22,13,29.6716)->(22,14,30.1716)->(22,15,30.6716)->(22,16,31.1716)->(22,17,31.6716)->(22,18,32.1716)->(22,19,32.6716)->(22,20,33.1716)->(22,21,33.6716)->(22,22,34.1895)->(22,23,34.7574)->(22,24,35.4395)->(22,25,36.7574)->(22,26,39.3858)->(23,26,5019.89)->
Agent 48:(21,3,1.3)->(21,4,2.01421)->(21,5,3.33205)->(21,6,4.01421)->(21,7,4.58205)->(21,8,5.1)->(21,9,5.6)->(21,10,6.1)->(21,11,6.61795)->(21,12,7.18579)->(21,13,7.86795)->(21,14,9.18579)->(21,15,13.3821)->(20,15,17.5783)->(19,15,18.8962)->(18,15,19.5783)->(17,15,20.1462)->(16,15,20.6641)->(15,15,21.1641)->(14,15,21.6641)->(13,15,22.1641)->(12,15,22.6641)->(11,15,23.1641)->(10,15,23.6641)->(9,15,24.1641)->(8,15,24.6821)->(7,15,25.2499)->(6,15,25.9321)->(5,15,27.2499)->(4,15,29.8783)->(4,16,5015.13)->
Agent 49:(22,30,2.5141)->(22,29,4.44242)->(22,28,5.76025)->(22,27,6.44242)->(22,26,7.01025)->(22,25,7.5282)->(22,24,8.0282)->(22,23,8.5282)->(22,22,9.0282)->(22,21,9.5282)->(22,20,10.0282)->(22,19,10.5282)->(22,18,11.0282)->(22,17,11.5282)->(22,16,12.0282)->(22,15,12.5282)->(22,14,13.0462)->(22,13,13.614)->(22,12,14.2962)->(22,11,15.614)->(22,10,17.8282)->(21,10,20.0424)->(20,10,21.3603)->(19,10,22.0424)->(18,10,22.6103)->(17,10,23.1282)->(16,10,23.6462)->(15,10,24.214)->(14,10,24.8962)->(13,10,26.214)->(12,10,5012.81)->
Agent 50:(5,4,1.3)->(5,5,2.01421)->(5,6,3.33205)->(5,7,4.0641)->(5,8,4.79615)->(5,9,6.11399)->(5,10,8.3282)->(6,10,11.1282)->(7,10,17.4424)->(7,11,5010.46)->
Agent 51:(21,12,2.21421)->(22,12,4.81421)->(22,11,7.44264)->(22,10,8.76048)->(22,9,9.44264)->(22,8,10.0105)->(22,7,10.5284)->(22,6,11.0284)->(22,5,11.5464)->(22,4,12.1142)->(22,3,12.7964)->(22,2,14.1142)->(22,1,16.3284)->(21,1,18.5426)->(20,1,19.8605)->(19,1,20.5426)->(18,1,21.1105)->(17,1,21.6284)->(16,1,22.1284)->(15,1,22.6284)->(14,1,23.1284)->(13,1,23.6284)->(12,1,24.1284)->(11,1,24.6464)->(10,1,25.2142)->(9,1,25.8964)->(8,1,27.2142)->(7,1,29.8426)->(7,0,5015.11)->
Agent 52:(1,4,1.3)->(1,5,2.01421)->(1,6,3.33205)->(1,7,4.01421)->(1,8,4.58205)->(1,9,5.1)->(1,10,5.61795)->(1,11,6.18579)->(1,12,6.86795)->(1,13,8.18579)->(1,14,11.2623)->(2,14,14.3388)->(3,14,15.6566)->(4,14,16.3388)->(5,14,16.9066)->(6,14,17.4246)->(7,14,17.9246)->(8,14,18.4246)->(9,14,18.9246)->(10,14,19.4246)->(11,14,19.9246)->(12,14,20.4246)->(13,14,20.9246)->(14,14,21.4246)->(15,14,21.9246)->(16,14,22.4246)->(17,14,22.9246)->(18,14,23.4246)->(19,14,23.9246)->(20,14,24.4246)->(21,14,24.9246)->(22,14,25.4246)->(23,14,25.9246)->(24,14,26.4246)->(25,14,26.9425)->(26,14,27.5103)->(27,14,28.1925)->(28,14,29.5103)->(29,14,5014.46)->
Agent 53:(24,0,3.78236)->(24,1,6.97894)->(24,2,8.29678)->(24,3,8.97894)->(24,4,9.54678)->(24,5,10.0647)->(24,6,10.5647)->(24,7,11.0647)->(24,8,11.5647)->(24,9,12.0647)->(24,10,12.5647)->(24,11,13.0647)->(24,12,13.5647)->(24,13,14.0827)->(24,14,14.6505)->(24,15,15.3327)->(24,16,16.6505)->(24,17,18.8647)->(23,17,21.0789)->(22,17,22.3968)->(21,17,23.0885)->(20,17,23.7242)->(19,17,24.416)->(18,17,25.7338)->(17,17,5012.57)->
Agent 54:(10,13,1.3)->(10,14,2.01421)->(10,15,3.33205)->(10,16,4.01421)->(10,17,4.58205)->(10,18,5.1)->(10,19,5.6)->(10,20,6.1)->(10,21,6.6)->(10,22,7.1)->(10,23,7.6)->(10,24,8.1)->(10,25,8.6)->(10,26,9.11795)->(10,27,9.68579)->(10,28,10.3679)->(10,29,11.6858)->(10,30,13.9)->(11,30,16.7)->(12,30,26.1859)->(12,29,35.6718)->(12,28,5017.84)->
Agent 55:(7,4,1.8)->(8,4,3.01421)->(9,4,4.34806)->(10,4,5.17649)->(11,4,6.51034)->(12,4,9.33877)->(12,5,12.1672)->(12,6,13.485)->(12,7,14.1672)->(12,8,14.735)->(12,9,15.253)->(12,10,15.753)->(12,11,16.253)->(12,12,16.753)->(12,13,17.253)->(12,14,17.753)->(12,15,18.253)->(12,16,18.753)->(12,17,19.253)->(12,18,19.753)->(12,19,20.253)->(12,20,20.753)->(12,21,21.253)->(12,22,21.753)->(12,23,22.2709)->(12,24,22.8388)->(12,25,23.5209)->(12,26,24.8388)->(12,27,5012.13)->
Agent 56:(24,23,3.07649)->(24,22,5.5672)->(24,21,6.88503)->(24,20,7.5768)->(24,19,8.21248)->(24,18,8.90425)->(24,17,10.2221)->(24,16,12.4363)->(23,16,14.6505)->(22,16,15.9683)->(21,16,16.6505)->(20,16,17.2183)->(19,16,17.7363)->(18,16,18.2363)->(17,16,18.7363)->(16,16,19.2363)->(15,16,19.7363)->(14,16,20.2363)->(13,16,20.7363)->(12,16,21.2363)->(11,16,21.7542)->(10,16,22.3221)->(9,16,23.0042)->(8,16,24.3221)->(7,16,5011.87)->
Agent 57:(11,27,2.2)->(11,26,3.81421)->(11,25,5.13205)->(11,24,5.81421)->(11,23,6.38205)->(11,22,6.9)->(11,21,7.4)->(11,20,7.9)->(11,19,8.4)->(11,18,8.9)->(11,17,9.4)->(11,16,9.9)->(11,15,10.4179)->(11,14,10.9858)->(11,13,11.6679)->(11,12,12.9858)->(11,11,15.2)->(10,11,17.4142)->(9,11,18.7321)->(8,11,19.4641)->(7,11,20.1962)->(6,11,21.514)->(5,11,23.7282)->(5,10,25.9424)->(5,9,27.2603)->(5,8,27.9424)->(5,7,28.5103)->(5,6,29.0462)->(5,5,29.614)->(5,4,30.2962)->(5,3,31.614)->(5,2,5015.51)->
Agent 58:(1,16,1.3)->(1,17,2.01421)->(1,18,3.33205)->(1,19,4.01421)->(1,20,4.6)->(1,21,5.18579)->(1,22,5.86795)->(1,23,7.18579)->(1,24,9.71228)->(2,24,12.2388)->(3,24,13.5566)->(4,24,14.2388)->(5,24,14.8066)->(6,24,15.3246)->(7,24,15.8246)->(8,24,16.3246)->(9,24,16.8246)->(10,24,17.3246)->(11,24,17.8246)->(12,24,18.3246)->(13,24,18.8246)->(14,24,19.3246)->(15,24,19.8246)->(16,24,20.3246)->(17,24,20.8246)->(18,24,21.3246)->(19,24,21.8246)->(20,24,22.3246)->(21,24,22.8246)->(22,24,23.3246)->(23,24,23.8246)->(24,24,24.3246)->(25,24,24.8425)->(26,24,25.4103)->(27,24,26.0925)->(28,24,27.4103)->(29,24,30.0388)->(29,25,5015.21)->
Agent 59:(28,31,2.2)->(28,30,3.81421)->(28,29,5.13205)->(28,28,5.81421)->(28,27,6.38205)->(28,26,6.9)->(28,25,7.4)->(28,24,7.9)->(28,23,8.4)->(28,22,8.9)->(28,21,9.4)->(28,20,9.9)->(28,19,10.4)->(28,18,10.9)->(28,17,11.4)->(28,16,11.9)->(28,15,12.4)->(28,14,12.9)->(28,13,13.4)->(28,12,13.9)->(28,11,14.4)->(28,10,14.9179)->(28,9,15.4858)->(28,8,16.1679)->(28,7,17.4858)->(28,6,20.1142)->(29,6,5010.25)->
Agent 60:(18,6,1.8)->(17,6,3.01421)->(16,6,4.33205)->(15,6,5.01421)->(14,6,5.58205)->(13,6,6.11795)->(12,6,6.68579)->(11,6,7.36795)->(10,6,8.68579)->(9,6,12.7724)->(9,7,16.8591)->(9,8,18.1769)->(9,9,18.8687)->(9,10,19.5044)->(9,11,20.1962)->(9,12,21.514)->(9,13,5010.46)->
Agent 61:(14,4,1.59444)->(14,5,2.60309)->(14,6,3.92093)->(14,7,4.60309)->(14,8,5.17093)->(14,9,5.68888)->(14,10,6.18888)->(14,11,6.68888)->(14,12,7.18888)->(14,13,7.68888)->(14,14,8.18888)->(14,15,8.68888)->(14,16,9.18888)->(14,17,9.68888)->(14,18,10.1889)->(14,19,10.6889)->(14,20,11.1889)->(14,21,11.6889)->(14,22,12.1889)->(14,23,12.6889)->(14,24,13.1889)->(14,25,13.6889)->(14,26,14.2068)->(14,27,14.7747)->(14,28,15.4568)->(14,29,16.7747)->(14,30,19.4031)->(15,30,5009.89)->
Agent 62:(31,10,1.8)->(30,10,3.01421)->(29,10,4.33205)->(28,10,5.0641)->(27,10,5.79615)->(26,10,7.11399)->(25,10,9.3282)->(25,9,11.5424)->(25,8,12.8603)->(25,7,13.5923)->(25,6,14.3244)->(25,5,15.6422)->(25,4,17.8564)->(24,4,20.0706)->(23,4,21.3885)->(22,4,22.0706)->(21,4,22.6385)->(20,4,23.1564)->(19,4,23.6564)->(18,4,24.1564)->(17,4,24.6564)->(16,4,25.1564)->(15,4,25.6564)->(14,4,26.1564)->(13,4,26.6564)->(12,4,27.1564)->(11,4,27.6564)->(10,4,28.1744)->(9,4,28.7422)->(8,4,29.4244)->(7,4,30.7422)->(6,4,5015.08)->
Agent 63:(13,30,1.8)->(14,30,3.01421)->(15,30,4.33205)->(16,30,5.01421)->(17,30,5.58205)->(18,30,6.1)->(19,30,6.6)->(20,30,7.11795)->(21,30,7.68579)->(22,30,8.36795)->(23,30,9.68579)->(24,30,12.3142)->(24,31,5006.35)->
Agent 64:(13,11,1.8)->(12,11,3.6)->(11,11,6.4)->(11,10,8.61421)->(11,9,9.93205)->(11,8,10.6641)->(11,7,11.3962)->(11,6,12.714)->(11,5,5006.06)->
Agent 65:(31,4,2.16421)->(31,5,3.74264)->(31,6,5.06048)->(31,7,5.74264)->(31,8,6.31048)->(31,9,6.82843)->(31,10,7.32843)->(31,11,7.82843)->(31,12,8.32843)->(31,13,8.82843)->(31,14,9.32843)->(31,15,9.82843)->(31,16,10.3284)->(31,17,10.8284)->(31,18,11.3284)->(31,19,11.8284)->(31,20,12.3284)->(31,21,12.8284)->(31,22,13.3464)->(31,23,13.9142)->(31,24,14.5964)->(31,25,15.9142)->(31,26,18.1284)->(30,26,20.3426)->(29,26,21.6605)->(28,26,22.3426)->(27,26,22.9105)->(26,26,23.4284)->(25,26,23.9284)->(24,26,24.4464)->(23,26,25.0142)->(22,26,25.6964)->(21,26,27.0142)->(20,26,29.6426)->(20,27,5015.01)->
Agent 66:(3,13,1.3)->(3,14,2.01421)->(3,15,3.33205)->(3,16,4.0641)->(3,17,4.79615)->(3,18,6.11399)->(3,19,11.1406)->(4,19,16.1672)->(5,19,17.485)->(6,19,18.1672)->(7,19,18.735)->(8,19,19.253)->(9,19,19.753)->(10,19,20.253)->(11,19,20.753)->(12,19,21.253)->(13,19,21.753)->(14,19,22.253)->(15,19,22.7709)->(16,19,23.3388)->(17,19,24.0209)->(18,19,25.3388)->(19,19,5012.38)->
Agent 67:(24,21,2.2)->(24,20,3.81421)->(24,19,5.13205)->(24,18,5.82382)->(24,17,6.45949)->(24,16,7.15126)->(24,15,8.4691)->(24,14,10.6833)->(25,14,12.8975)->(26,14,14.2154)->(27,14,14.9474)->(28,14,15.6795)->(29,14,16.9973)->(30,14,19.2115)->(30,13,21.4257)->(30,12,22.7436)->(30,11,23.4353)->(30,10,24.071)->(30,9,24.7628)->(30,8,26.0806)->(30,7,5012.75)->
Agent 68:(31,16,1.3)->(31,17,2.01421)->(31,18,3.42843)->(31,19,4.84264)->(31,20,8.04264)->(30,20,11.2426)->(29,20,12.5605)->(28,20,13.2426)->(27,20,13.8105)->(26,20,14.3284)->(25,20,14.8284)->(24,20,15.3284)->(23,20,15.8284)->(22,20,16.3284)->(21,20,16.8284)->(20,20,17.3464)->(19,20,17.9142)->(18,20,18.5964)->(17,20,19.9142)->(16,20,5009.66)->
Agent 69:(26,21,2.34444)->(25,21,4.10309)->(24,21,5.42093)->(23,21,6.10309)->(22,21,6.67093)->(21,21,7.18888)->(20,21,7.68888)->(19,21,8.18888)->(18,21,8.68888)->(17,21,9.18888)->(16,21,9.68888)->(15,21,10.1889)->(14,21,10.6889)->(13,21,11.1889)->(12,21,11.7068)->(11,21,12.2747)->(10,21,12.9568)->(9,21,14.2747)->(8,21,16.4889)->(8,22,18.7384)->(8,23,20.7384)->(8,24,5010.09)->
Agent 70:(13,29,2.2)->(13,28,3.81421)->(13,27,5.22843)->(13,26,6.64264)->(13,25,11.1229)->(14,25,15.6031)->(15,25,17.0173)->(16,25,18.4315)->(17,25,5008.92)->
Agent 71:(11,7,2.21421)->(10,7,4.81421)->(10,8,7.47792)->(10,9,9.47792)->(10,10,12.1416)->(11,10,5006.26)->
Agent 72:(5,14,1.3)->(5,15,2.04949)->(5,16,4.04949)->(5,17,6.41177)->(6,17,8.73877)->(7,17,10.0566)->(8,17,10.7887)->(9,17,11.5207)->(10,17,12.8385)->(11,17,18.6374)->(11,18,24.4715)->(11,19,26.4715)->(11,20,31.811)->(10,20,37.1505)->(9,20,39.1505)->(8,20,5019.3)->
Agent 73:(8,13,2.43011)->(8,14,4.27444)->(8,15,5.59228)->(8,16,6.27444)->(8,17,6.84228)->(8,18,7.36023)->(8,19,7.86023)->(8,20,8.36023)->(8,21,8.86023)->(8,22,9.37818)->(8,23,9.94602)->(8,24,10.6282)->(8,25,11.946)->(8,26,16.6622)->(7,26,5009.57)->
Agent 74:(17,1,1.3)->(17,2,2.01421)->(17,3,3.33205)->(17,4,4.01421)->(17,5,4.58205)->(17,6,5.1)->(17,7,5.6)->(17,8,6.1)->(17,9,6.6)->(17,10,7.1)->(17,11,7.6)->(17,12,8.1)->(17,13,8.6)->(17,14,9.1)->(17,15,9.6)->(17,16,10.1)->(17,17,10.6)->(17,18,11.1)->(17,19,11.6)->(17,20,12.1)->(17,21,12.6)->(17,22,13.1)->(17,23,13.6179)->(17,24,14.1858)->(17,25,14.8679)->(17,26,16.1858)->(17,27,19.205)->(18,27,5009.99)->
Agent 75:(14,28,4.81795)->(13,28,9.05011)->(12,28,10.3679)->(11,28,11.0501)->(10,28,11.6179)->(9,28,12.1538)->(8,28,12.7217)->(7,28,13.4038)->(6,28,14.7217)->(5,28,17.3501)->(5,29,5008.87)->
Agent 76:(9,27,2.2)->(9,26,3.81421)->(9,25,5.14806)->(9,24,5.97649)->(9,23,7.31034)->(9,22,9.52456)->(10,22,11.7388)->(11,22,13.0566)->(12,22,13.7388)->(13,22,14.3066)->(14,22,14.8246)->(15,22,15.3246)->(16,22,15.8246)->(17,22,16.3246)->(18,22,16.8246)->(19,22,17.3246)->(20,22,17.8246)->(21,22,18.3246)->(22,22,18.8246)->(23,22,19.3246)->(24,22,19.8246)->(25,22,20.3425)->(26,22,20.9103)->(27,22,21.5925)->(28,22,22.9103)->(29,22,5011.16)->
Agent 77:(23,13,1.8)->(22,13,3.04949)->(21,13,5.04949)->(20,13,11.7458)->(20,14,18.9925)->(20,15,5009.5)->
Agent 78:(20,10,5.7843)->(21,10,10.9828)->(22,10,12.3167)->(23,10,13.1451)->(24,10,14.4789)->(25,10,16.6932)->(25,11,18.9074)->(25,12,20.2252)->(25,13,20.9074)->(25,14,21.4932)->(25,15,22.0789)->(25,16,22.7611)->(25,17,24.0789)->(25,18,5011.75)->
Agent 79:(9,15,4.66228)->(9,16,8.73877)->(9,17,10.0566)->(9,18,10.7388)->(9,19,11.3066)->(9,20,11.8246)->(9,21,12.3425)->(9,22,12.9103)->(9,23,13.5925)->(9,24,14.9103)->(9,25,17.1246)->(10,25,19.3388)->(11,25,20.6726)->(12,25,21.501)->(13,25,22.8349)->(14,25,5011.12)->
