Agent 0:(12,8,1.3)->(12,9,2.01421)->(12,10,3.42843)->(12,11,4.84264)->(12,12,8.14264)->(13,12,11.4426)->(14,12,12.7605)->(15,12,13.4426)->(16,12,14.0105)->(17,12,14.5284)->(18,12,15.0284)->(19,12,15.5284)->(20,12,16.0284)->(21,12,16.5284)->(22,12,17.0284)->(23,12,17.5284)->(24,12,18.0284)->(25,12,18.5464)->(26,12,19.1142)->(27,12,19.7964)->(28,12,21.1142)->(29,12,5010.26)->
Agent 1:(13,19,2.21421)->(14,19,7.31846)->(14,20,12.4864)->(14,21,14.4864)->(14,22,5006.97)->
Agent 2:(4,29,2.67843)->(4,28,4.77107)->(4,27,6.08891)->(4,26,6.77107)->(4,25,7.33891)->(4,24,7.85685)->(4,23,8.35685)->(4,22,8.85685)->(4,21,9.35685)->(4,20,9.85685)->(4,19,10.3569)->(4,18,10.8569)->(4,17,11.3569)->(4,16,11.8569)->(4,15,12.3569)->(4,14,12.8569)->(4,13,13.3569)->(4,12,13.8569)->(4,11,14.3569)->(4,10,14.8569)->(4,9,15.3569)->(4,8,15.8569)->(4,7,16.3569)->(4,6,16.8748)->(4,5,17.4426)->(4,4,18.1248)->(4,3,19.4426)->(4,2,21.6569)->(5,2,23.8711)->(6,2,25.2853)->(7,2,26.6995)->(8,2,28.9137)->(8,3,31.7137)->(8,4,5015.86)->
Agent 3:(17,21,1.93205)->(16,21,3.27832)->(15,21,4.59615)->(14,21,5.27832)->(13,21,5.8641)->(12,21,6.44989)->(11,21,7.13205)->(10,21,8.44989)->(9,21,12.2641)->(9,20,16.6641)->(9,19,19.8783)->(10,19,25.5458)->(10,20,30.8274)->(10,21,5015.41)->
Agent 4:(15,0,2.06795)->(15,1,3.55011)->(15,2,4.86795)->(15,3,5.55011)->(15,4,6.11795)->(15,5,6.6359)->(15,6,7.1359)->(15,7,7.6359)->(15,8,8.1359)->(15,9,8.6359)->(15,10,9.1359)->(15,11,9.6359)->(15,12,10.1359)->(15,13,10.6359)->(15,14,11.1359)->(15,15,11.6359)->(15,16,12.1359)->(15,17,12.6359)->(15,18,13.1359)->(15,19,13.6359)->(15,20,14.1359)->(15,21,14.6359)->(15,22,15.1538)->(15,23,15.7217)->(15,24,16.4038)->(15,25,17.7217)->(15,26,20.1679)->(14,26,22.6142)->(13,26,23.9321)->(12,26,24.6142)->(11,26,25.1821)->(10,26,25.7179)->(9,26,26.2858)->(8,26,26.9679)->(7,26,28.2858)->(6,26,30.5)->(6,27,33.3)->(6,28,36.5142)->(5,28,5018.45)->
Agent 5:(14,31,1.8)->(15,31,3.01421)->(16,31,4.33205)->(17,31,5.01421)->(18,31,5.58205)->(19,31,6.1)->(20,31,6.6)->(21,31,7.1)->(22,31,7.6)->(23,31,8.1)->(24,31,8.6)->(25,31,9.11795)->(26,31,9.68579)->(27,31,10.3679)->(28,31,11.6858)->(29,31,13.9)->(29,30,16.1142)->(29,29,17.4321)->(29,28,18.1142)->(29,27,18.6821)->(29,26,19.2)->(29,25,19.7)->(29,24,20.2)->(29,23,20.7)->(29,22,21.2)->(29,21,21.7)->(29,20,22.2179)->(29,19,22.7858)->(29,18,23.4679)->(29,17,24.7858)->(29,16,5012.1)->
Agent 6:(30,21,2.2)->(30,20,3.81421)->(30,19,5.13205)->(30,18,5.81421)->(30,17,6.38205)->(30,16,6.9)->(30,15,7.4)->(30,14,7.9)->(30,13,8.4)->(30,12,8.9)->(30,11,9.4)->(30,10,9.9)->(30,9,10.4179)->(30,8,10.9858)->(30,7,11.6679)->(30,6,12.9858)->(30,5,18.3284)->(29,5,23.6711)->(28,5,24.9889)->(27,5,25.6711)->(26,5,26.2389)->(25,5,26.7569)->(24,5,27.2569)->(23,5,27.7569)->(22,5,28.2569)->(21,5,28.7569)->(20,5,29.2569)->(19,5,29.7569)->(18,5,30.2569)->(17,5,30.7569)->(16,5,31.2569)->(15,5,31.7748)->(14,5,32.3426)->(13,5,33.0248)->(12,5,34.3426)->(11,5,36.9711)->(11,6,5018.68)->
Agent 7:(24,30,1.8)->(25,30,3.04949)->(26,30,5.04949)->(27,30,7.29898)->(27,29,9.54847)->(27,28,11.5485)->(27,27,16.2632)->(27,28,5009.35)->
Agent 8:(30,26,2.2)->(30,25,3.81421)->(30,24,5.22843)->(30,23,6.64264)->(30,22,9.17469)->(29,22,11.7067)->(28,22,13.0246)->(27,22,13.7067)->(26,22,14.2746)->(25,22,14.8105)->(24,22,15.3783)->(23,22,16.0605)->(22,22,17.3783)->(21,22,5008.4)->
Agent 9:(18,4,1.8)->(17,4,3.01421)->(16,4,4.33205)->(15,4,5.01421)->(14,4,5.58205)->(13,4,6.11795)->(12,4,6.68579)->(11,4,7.36795)->(10,4,8.68579)->(9,4,10.9)->(9,5,13.1142)->(9,6,14.4321)->(9,7,15.1142)->(9,8,15.6821)->(9,9,16.2)->(9,10,16.7)->(9,11,17.2)->(9,12,17.7)->(9,13,18.2)->(9,14,18.7179)->(9,15,19.2858)->(9,16,19.9679)->(9,17,21.2858)->(9,18,23.5)->(8,18,26.3)->(7,18,5013.15)->
Agent 10:(6,5,1.8)->(5,5,3.04949)->(4,5,5.04949)->(3,5,10.2541)->(3,6,15.4234)->(3,7,16.7413)->(3,8,17.4234)->(3,9,17.9913)->(3,10,18.5092)->(3,11,19.0092)->(3,12,19.5092)->(3,13,20.0092)->(3,14,20.5092)->(3,15,21.0092)->(3,16,21.5092)->(3,17,22.0272)->(3,18,22.595)->(3,19,23.2772)->(3,20,24.595)->(3,21,5012)->
Agent 11:(17,15,3.8)->(17,14,7.01421)->(17,13,8.33205)->(17,12,9.01421)->(17,11,9.58205)->(17,10,10.1179)->(17,9,10.6858)->(17,8,11.3679)->(17,7,12.6858)->(17,6,15)->(16,6,17.3142)->(15,6,18.6321)->(14,6,19.3238)->(13,6,19.9595)->(12,6,20.6513)->(11,6,21.9691)->(10,6,25.5559)->(11,6,30.5284)->(11,7,5015.66)->
Agent 12:(5,9,1.3)->(5,10,2.04949)->(5,11,4.04949)->(5,12,11.9854)->(6,12,19.886)->(7,12,21.2038)->(8,12,21.9359)->(9,12,22.6679)->(10,12,23.9858)->(11,12,26.6142)->(11,13,5013.5)->
Agent 13:(17,20,3.76421)->(17,19,6.94264)->(17,18,8.26048)->(17,17,8.94264)->(17,16,9.51048)->(17,15,10.0464)->(17,14,10.6142)->(17,13,11.2964)->(17,12,12.6142)->(17,11,14.8284)->(16,11,17.0426)->(15,11,18.3605)->(14,11,19.0426)->(13,11,19.6105)->(12,11,20.1284)->(11,11,20.6284)->(10,11,21.1284)->(9,11,21.6284)->(8,11,22.1464)->(7,11,22.7142)->(6,11,23.3964)->(5,11,24.7142)->(4,11,5012.06)->
Agent 14:(0,27,2.21421)->(1,27,4.81421)->(1,26,7.44264)->(1,25,8.76048)->(1,24,9.44264)->(1,23,10.0105)->(1,22,10.5284)->(1,21,11.0284)->(1,20,11.5284)->(1,19,12.0284)->(1,18,12.5284)->(1,17,13.0284)->(1,16,13.5284)->(1,15,14.0284)->(1,14,14.5284)->(1,13,15.0284)->(1,12,15.5464)->(1,11,16.1142)->(1,10,16.7964)->(1,9,18.1142)->(1,8,20.3284)->(2,8,22.5426)->(3,8,23.8605)->(4,8,24.5426)->(5,8,25.1105)->(6,8,25.6284)->(7,8,26.1284)->(8,8,26.6284)->(9,8,27.1284)->(10,8,27.6284)->(11,8,28.1284)->(12,8,28.6284)->(13,8,29.1284)->(14,8,29.6284)->(15,8,30.1284)->(16,8,30.6284)->(17,8,31.1284)->(18,8,31.6464)->(19,8,32.2142)->(20,8,32.8964)->(21,8,34.2142)->(22,8,5016.81)->
Agent 15:(3,24,2.2)->(3,23,3.81421)->(3,22,5.13205)->(3,21,5.82382)->(3,20,6.45949)->(3,19,7.15126)->(3,18,8.4691)->(3,17,11.0596)->(4,17,13.6501)->(5,17,14.9679)->(6,17,15.6597)->(7,17,16.2954)->(8,17,16.9872)->(9,17,18.305)->(10,17,21.6238)->(9,17,5011.35)->
Agent 16:(13,16,2.61421)->(13,15,6.29039)->(12,15,9.595)->(11,15,10.9128)->(10,15,11.595)->(9,15,12.1628)->(8,15,12.6808)->(7,15,13.1808)->(6,15,13.6987)->(5,15,14.2666)->(4,15,14.9487)->(3,15,16.2666)->(2,15,18.895)->(2,16,5009.64)->
Agent 17:(3,22,1.8)->(4,22,3.01421)->(5,22,4.33205)->(6,22,5.01421)->(7,22,5.58205)->(8,22,6.11795)->(9,22,6.68579)->(10,22,7.36795)->(11,22,8.68579)->(12,22,10.9)->(12,21,13.1142)->(12,20,14.4321)->(12,19,15.1641)->(12,18,15.8962)->(12,17,17.214)->(12,16,19.4282)->(13,16,21.6424)->(14,16,22.9603)->(15,16,23.6424)->(16,16,24.2103)->(17,16,24.7462)->(18,16,25.314)->(19,16,25.9962)->(20,16,27.314)->(21,16,29.5282)->(21,15,31.7424)->(21,14,33.0603)->(21,13,33.7424)->(21,12,34.3103)->(21,11,34.8282)->(21,10,35.3282)->(21,9,35.8282)->(21,8,36.3282)->(21,7,36.8282)->(21,6,37.3282)->(21,5,37.8462)->(21,4,38.414)->(21,3,39.0962)->(21,2,40.414)->(21,1,43.0424)->(22,1,5021.71)->
Agent 18:(28,5,1.8)->(27,5,3.04949)->(26,5,5.04949)->(25,5,7.29898)->(25,6,9.51319)->(25,7,10.831)->(25,8,11.5631)->(25,9,12.2951)->(25,10,13.613)->(25,11,16.9278)->(24,11,20.8284)->(23,11,23.6284)->(23,12,25.8779)->(23,13,27.8779)->(23,14,5013.66)->
Agent 19:(16,17,2.21421)->(17,17,4.81421)->(17,16,7.44264)->(17,15,8.76048)->(17,14,9.44264)->(17,13,10.0284)->(17,12,10.6142)->(17,11,11.2964)->(17,10,12.6142)->(17,9,5006.01)->
Agent 20:(2,17,2.2)->(2,16,3.81421)->(2,15,5.13205)->(2,14,5.82382)->(2,13,6.45949)->(2,12,7.15126)->(2,11,8.4691)->(2,10,12.5321)->(3,10,16.595)->(4,10,17.9128)->(5,10,18.6046)->(6,10,19.2403)->(7,10,19.9321)->(8,10,21.2499)->(9,10,5010.33)->
Agent 21:(14,11,1.8)->(15,11,3.01421)->(16,11,4.33205)->(17,11,5.01421)->(18,11,5.58205)->(19,11,6.1)->(20,11,6.6)->(21,11,7.1)->(22,11,7.6)->(23,11,8.1)->(24,11,8.6)->(25,11,9.1)->(26,11,9.6)->(27,11,10.1179)->(28,11,10.6858)->(29,11,11.3679)->(30,11,12.6858)->(31,11,14.9)->(31,12,17.1142)->(31,13,18.4321)->(31,14,19.1142)->(31,15,19.6821)->(31,16,20.2)->(31,17,20.7)->(31,18,21.2)->(31,19,21.7)->(31,20,22.2)->(31,21,22.7179)->(31,22,23.2858)->(31,23,23.9679)->(31,24,25.2858)->(31,25,27.9142)->(30,25,5014.15)->
Agent 22:(20,14,1.8)->(19,14,3.01421)->(18,14,4.33205)->(17,14,5.01421)->(16,14,5.58205)->(15,14,6.1)->(14,14,6.61795)->(13,14,7.18579)->(12,14,7.86795)->(11,14,9.18579)->(10,14,11.4)->(10,15,13.6142)->(10,16,14.9321)->(10,17,15.6641)->(10,18,16.3962)->(10,19,17.714)->(10,20,20.3424)->(9,20,23.9424)->(9,21,26.5708)->(9,22,27.9047)->(9,23,28.7331)->(9,24,30.067)->(9,25,32.6954)->(10,25,5016.54)->
Agent 23:(23,27,1.8)->(22,27,3.01421)->(21,27,4.33205)->(20,27,5.01421)->(19,27,5.58205)->(18,27,6.1)->(17,27,6.6)->(16,27,7.11795)->(15,27,7.68579)->(14,27,8.36795)->(13,27,9.68579)->(12,27,14.2501)->(12,26,18.8144)->(12,25,20.1323)->(12,24,20.8643)->(12,23,21.5964)->(12,22,22.9142)->(12,21,25.1284)->(11,21,27.3779)->(10,21,29.3779)->(9,21,5014.41)->
Agent 24:(21,16,2.21421)->(22,16,4.81421)->(22,15,7.44264)->(22,14,8.76048)->(22,13,9.44264)->(22,12,10.0105)->(22,11,10.5284)->(22,10,11.0464)->(22,9,11.6142)->(22,8,12.2964)->(22,7,13.6142)->(22,6,18.4428)->(21,6,23.2713)->(20,6,24.5891)->(19,6,25.3212)->(18,6,26.0532)->(17,6,27.3711)->(16,6,31.6248)->(16,5,35.8785)->(16,4,37.1964)->(16,3,37.9284)->(16,2,38.6605)->(16,1,39.9783)->(16,0,5019.7)->
Agent 25:(18,27,1.8)->(17,27,3.01421)->(16,27,4.33205)->(15,27,5.02382)->(14,27,5.65949)->(13,27,6.35126)->(12,27,7.6691)->(11,27,11.2417)->(11,26,14.8142)->(11,25,16.1321)->(11,24,16.8142)->(11,23,17.3821)->(11,22,17.9)->(11,21,18.4)->(11,20,18.9)->(11,19,19.4)->(11,18,19.9)->(11,17,20.4)->(11,16,20.9)->(11,15,21.4)->(11,14,21.9)->(11,13,22.4)->(11,12,22.9)->(11,11,23.4)->(11,10,23.9)->(11,9,24.4)->(11,8,24.9179)->(11,7,25.4858)->(11,6,26.1679)->(11,5,27.4858)->(11,4,30.1142)->(10,4,5015.25)->
Agent 26:(18,22,2.2)->(18,21,3.81421)->(18,20,5.13205)->(18,19,5.81421)->(18,18,6.38205)->(18,17,6.9)->(18,16,7.4)->(18,15,7.9)->(18,14,8.4)->(18,13,8.9)->(18,12,9.4)->(18,11,9.9)->(18,10,10.4)->(18,9,10.9)->(18,8,11.4)->(18,7,11.9)->(18,6,12.4179)->(18,5,12.9858)->(18,4,13.6679)->(18,3,14.9858)->(18,2,17.2)->(17,2,19.4142)->(16,2,20.8284)->(15,2,22.2426)->(14,2,29.7926)->(14,1,37.9284)->(14,0,5018.96)->
Agent 27:(13,3,4.6)->(13,4,8.61421)->(13,5,9.93205)->(13,6,10.6142)->(13,7,11.1821)->(13,8,11.7)->(13,9,12.2)->(13,10,12.7)->(13,11,13.2)->(13,12,13.7)->(13,13,14.2)->(13,14,14.7)->(13,15,15.2)->(13,16,15.7)->(13,17,16.2)->(13,18,16.7)->(13,19,17.2)->(13,20,17.7)->(13,21,18.2)->(13,22,18.7)->(13,23,19.2179)->(13,24,19.7858)->(13,25,20.4679)->(13,26,21.7858)->(13,27,24)->(14,27,26.2142)->(15,27,27.5321)->(16,27,28.2142)->(17,27,28.8)->(18,27,29.3858)->(19,27,30.0679)->(20,27,31.3858)->(21,27,5015.4)->
Agent 28:(7,28,4.85)->(7,27,9.11421)->(7,26,10.4321)->(7,25,11.1142)->(7,24,11.6821)->(7,23,12.2)->(7,22,12.7)->(7,21,13.2)->(7,20,13.7)->(7,19,14.2)->(7,18,14.7)->(7,17,15.2)->(7,16,15.7)->(7,15,16.2)->(7,14,16.7)->(7,13,17.2)->(7,12,17.7)->(7,11,18.2)->(7,10,18.7)->(7,9,19.2)->(7,8,19.7179)->(7,7,20.2858)->(7,6,20.9679)->(7,5,22.2858)->(7,4,24.5)->(6,4,26.7495)->(5,4,28.7495)->(4,4,5014.1)->
Agent 29:(12,29,2.61421)->(12,28,6.3)->(13,28,9.61421)->(14,28,10.9321)->(15,28,11.6142)->(16,28,12.1821)->(17,28,12.7)->(18,28,13.2)->(19,28,13.7)->(20,28,14.2)->(21,28,14.7)->(22,28,15.2)->(23,28,15.7)->(24,28,16.2)->(25,28,16.7179)->(26,28,17.2858)->(27,28,17.9679)->(28,28,19.2858)->(29,28,5009.35)->
Agent 30:(14,8,2.55)->(14,9,4.51421)->(14,10,5.83205)->(14,11,6.51421)->(14,12,7.08205)->(14,13,7.61795)->(14,14,8.18579)->(14,15,8.86795)->(14,16,10.1858)->(14,17,5004.8)->
Agent 31:(0,17,1.3)->(0,18,2.01421)->(0,19,3.33205)->(0,20,4.02382)->(0,21,4.65949)->(0,22,5.35126)->(0,23,6.6691)->(0,24,14.8096)->(1,24,22.9501)->(2,24,24.2679)->(3,24,24.9501)->(4,24,25.5179)->(5,24,26.0359)->(6,24,26.5359)->(7,24,27.0359)->(8,24,27.5359)->(9,24,28.0359)->(10,24,28.5359)->(11,24,29.0359)->(12,24,29.5359)->(13,24,30.0359)->(14,24,30.5359)->(15,24,31.0359)->(16,24,31.5359)->(17,24,32.0359)->(18,24,32.5359)->(19,24,33.0359)->(20,24,33.5359)->(21,24,34.0359)->(22,24,34.5359)->(23,24,35.0359)->(24,24,35.5359)->(25,24,36.0359)->(26,24,36.5538)->(27,24,37.1217)->(28,24,37.8038)->(29,24,39.1217)->(30,24,5019.27)->
Agent 32:(24,25,2.2)->(24,24,3.81421)->(24,23,5.13205)->(24,22,5.81421)->(24,21,6.38205)->(24,20,6.9)->(24,19,7.4)->(24,18,7.9)->(24,17,8.4)->(24,16,8.9)->(24,15,9.4)->(24,14,9.9)->(24,13,10.4)->(24,12,10.9)->(24,11,11.4179)->(24,10,11.9858)->(24,9,12.6679)->(24,8,13.9858)->(24,7,16.7358)->(23,7,19.4858)->(22,7,20.8036)->(21,7,21.4858)->(20,7,22.0536)->(19,7,22.5716)->(18,7,23.0716)->(17,7,23.5716)->(16,7,24.0716)->(15,7,24.5716)->(14,7,25.0716)->(13,7,25.5716)->(12,7,26.0716)->(11,7,26.5895)->(10,7,27.1574)->(9,7,27.8395)->(8,7,29.1574)->(7,7,31.7858)->(7,8,36.0279)->(6,8,5018.53)->
Agent 33:(9,20,2.61421)->(9,19,6)->(8,19,9.04949)->(7,19,11.0495)->(6,19,16.3463)->(7,19,21.643)->(8,19,23.643)->(9,19,5011.55)->
Agent 34:(8,30,1.8)->(7,30,3.01421)->(6,30,4.42843)->(5,30,5.84264)->(4,30,8.05685)->(4,29,10.2711)->(4,28,11.5889)->(4,27,12.2711)->(4,26,12.8389)->(4,25,13.3569)->(4,24,13.8569)->(4,23,14.3569)->(4,22,14.8569)->(4,21,15.3569)->(4,20,15.8569)->(4,19,16.3569)->(4,18,16.8569)->(4,17,17.3569)->(4,16,17.8569)->(4,15,18.3569)->(4,14,18.8569)->(4,13,19.3569)->(4,12,19.8569)->(4,11,20.3569)->(4,10,20.8569)->(4,9,21.3569)->(4,8,21.8569)->(4,7,22.3569)->(4,6,22.8569)->(4,5,23.3748)->(4,4,23.9426)->(4,3,24.6248)->(4,2,25.9426)->(4,1,5012.68)->
Agent 35:(2,23,5.59039)->(2,22,10.595)->(2,21,11.9128)->(2,20,12.595)->(2,19,13.1628)->(2,18,13.6808)->(2,17,14.1808)->(2,16,14.6808)->(2,15,15.1808)->(2,14,15.6808)->(2,13,16.1808)->(2,12,16.6808)->(2,11,17.1808)->(2,10,17.6808)->(2,9,18.1808)->(2,8,18.6808)->(2,7,19.1808)->(2,6,19.6808)->(2,5,20.1808)->(2,4,20.6987)->(2,3,21.2666)->(2,2,21.9487)->(2,1,23.2666)->(2,0,25.4808)->(3,0,27.695)->(4,0,29.0128)->(5,0,29.695)->(6,0,30.2628)->(7,0,30.7808)->(8,0,31.2808)->(9,0,31.7808)->(10,0,32.2808)->(11,0,32.7808)->(12,0,33.2808)->(13,0,33.7808)->(14,0,34.2987)->(15,0,34.8666)->(16,0,35.5487)->(17,0,36.8666)->(18,0,39.495)->(18,1,43.5092)->(19,1,5022.15)->
Agent 36:(18,5,1.8)->(19,5,3.04949)->(20,5,5.04949)->(21,5,7.29898)->(21,6,9.51319)->(21,7,10.831)->(21,8,11.5132)->(21,9,12.081)->(21,10,12.599)->(21,11,13.099)->(21,12,13.599)->(21,13,14.1169)->(21,14,14.6848)->(21,15,15.3669)->(21,16,16.6848)->(21,17,18.899)->(20,17,21.1485)->(19,17,23.1485)->(18,17,5011.3)->
Agent 37:(25,9,3.2)->(24,9,6.4)->(23,9,9.2)->(23,8,11.4142)->(23,7,12.8284)->(23,6,14.2426)->(23,5,17.4142)->(22,5,20.5858)->(21,5,22)->(20,5,23.4142)->(19,5,26.0426)->(19,6,5013.21)->
Agent 38:(6,13,2.2)->(6,12,3.81421)->(6,11,5.13205)->(6,10,5.81421)->(6,9,6.38205)->(6,8,6.9)->(6,7,7.41795)->(6,6,7.98579)->(6,5,8.66795)->(6,4,9.98579)->(6,3,12.2)->(7,3,14.4142)->(8,3,15.7321)->(9,3,16.4142)->(10,3,16.9821)->(11,3,17.5)->(12,3,18.0179)->(13,3,18.5858)->(14,3,19.2679)->(15,3,20.5858)->(16,3,23.2142)->(16,2,30.7642)->(15,2,37.9284)->(14,2,5018.96)->
Agent 39:(27,14,2.2)->(26,14,3.81421)->(25,14,5.13205)->(24,14,5.81421)->(23,14,6.38205)->(22,14,6.91795)->(21,14,7.48579)->(20,14,8.16795)->(19,14,9.48579)->(18,14,12.2142)->(18,13,14.9426)->(18,12,16.2605)->(18,11,16.9426)->(18,10,17.5284)->(18,9,18.1142)->(18,8,18.7964)->(18,7,20.1142)->(18,6,22.3284)->(17,6,24.5426)->(16,6,25.8605)->(15,6,26.5925)->(14,6,27.3246)->(13,6,28.6424)->(12,6,5014.03)->
Agent 40:(16,26,3.76421)->(16,25,6.94264)->(16,24,8.26048)->(16,23,8.94264)->(16,22,9.51048)->(16,21,10.0284)->(16,20,10.5284)->(16,19,11.0284)->(16,18,11.5284)->(16,17,12.0284)->(16,16,12.5464)->(16,15,13.1142)->(16,14,13.7964)->(16,13,15.1142)->(16,12,17.3284)->(17,12,20.1284)->(18,12,5010.06)->
Agent 41:(12,23,2.2)->(12,22,3.81421)->(12,21,5.13205)->(12,20,5.82382)->(12,19,6.45949)->(12,18,7.15126)->(12,17,8.4691)->(12,16,11.0879)->(13,16,13.7067)->(14,16,15.0246)->(15,16,15.7067)->(16,16,16.2746)->(17,16,16.7925)->(18,16,17.2925)->(19,16,17.7925)->(20,16,18.2925)->(21,16,18.7925)->(22,16,19.2925)->(23,16,19.8105)->(24,16,20.3783)->(25,16,21.0605)->(26,16,22.3783)->(27,16,5010.9)->
Agent 42:(6,16,16.2779)->(6,15,31.97)->(6,14,33.2879)->(6,13,33.97)->(6,12,34.5379)->(6,11,35.0558)->(6,10,35.5558)->(6,9,36.0558)->(6,8,36.5558)->(6,7,37.0738)->(6,6,37.6416)->(6,5,38.3238)->(6,4,39.6416)->(6,3,5019.53)->
Agent 43:(20,8,3.87832)->(20,9,7.17084)->(20,10,8.48868)->(20,11,9.17084)->(20,12,9.73868)->(20,13,10.2566)->(20,14,10.7566)->(20,15,11.2566)->(20,16,11.7746)->(20,17,12.3424)->(20,18,13.0246)->(20,19,14.3424)->(20,20,17.6283)->(19,20,20.9142)->(18,20,22.3284)->(17,20,23.7426)->(16,20,5011.58)->
Agent 44:(24,31,3.21421)->(24,30,7.22843)->(25,30,5004.01)->
Agent 45:(30,17,2.2)->(30,16,3.81421)->(30,15,5.13205)->(30,14,5.81421)->(30,13,6.38205)->(30,12,6.9)->(30,11,7.4)->(30,10,7.9)->(30,9,8.4)->(30,8,8.9)->(30,7,9.4)->(30,6,9.9)->(30,5,10.4179)->(30,4,10.9858)->(30,3,11.6679)->(30,2,12.9858)->(30,1,15.2)->(29,1,17.4142)->(28,1,18.7321)->(27,1,19.4142)->(26,1,19.9821)->(25,1,20.5)->(24,1,21)->(23,1,21.5)->(22,1,22)->(21,1,22.5)->(20,1,23)->(19,1,23.5)->(18,1,24)->(17,1,24.5)->(16,1,25)->(15,1,25.5)->(14,1,26)->(13,1,26.5)->(12,1,27)->(11,1,27.5)->(10,1,28)->(9,1,28.5179)->(8,1,29.0858)->(7,1,29.7679)->(6,1,31.0858)->(5,1,33.7142)->(5,0,37.3142)->(4,0,39.9426)->(3,0,41.2765)->(2,0,42.1049)->(1,0,43.4388)->(0,0,46.0672)->(0,1,5023.23)->
Agent 46:(26,8,1.36421)->(26,9,2.14264)->(26,10,3.46048)->(26,11,4.14264)->(26,12,4.71048)->(26,13,5.22843)->(26,14,5.72843)->(26,15,6.22843)->(26,16,6.74638)->(26,17,7.31421)->(26,18,7.99638)->(26,19,9.31421)->(26,20,11.9426)->(25,20,5006.16)->
Agent 47:(16,24,2.2)->(16,23,3.81421)->(16,22,5.13205)->(16,21,5.81421)->(16,20,6.38205)->(16,19,6.9)->(16,18,7.4)->(16,17,7.9)->(16,16,8.4)->(16,15,8.9)->(16,14,9.4)->(16,13,9.9)->(16,12,10.4)->(16,11,10.9)->(16,10,11.4)->(16,9,11.9179)->(16,8,12.4858)->(16,7,13.1679)->(16,6,14.4858)->(16,5,17.1142)->(15,5,22.2637)->(15,4,5012.1)->
Agent 48:(20,15,1.3)->(20,16,2.01421)->(20,17,3.33205)->(20,18,4.01421)->(20,19,4.58205)->(20,20,5.1)->(20,21,5.6)->(20,22,6.1)->(20,23,6.61795)->(20,24,7.18579)->(20,25,7.86795)->(20,26,9.18579)->(20,27,11.4)->(19,27,13.6142)->(18,27,14.9321)->(17,27,15.6641)->(16,27,16.3962)->(15,27,17.714)->(14,27,20.3424)->(14,28,24.3566)->(13,28,5012.58)->
Agent 49:(4,18,2.2)->(4,17,3.81421)->(4,16,5.13205)->(4,15,5.81421)->(4,14,6.38205)->(4,13,6.9)->(4,12,7.4)->(4,11,7.9)->(4,10,8.4)->(4,9,8.9)->(4,8,9.4)->(4,7,9.9)->(4,6,10.4179)->(4,5,10.9858)->(4,4,11.6679)->(4,3,12.9858)->(4,2,15.2)->(5,2,17.4142)->(6,2,18.7321)->(7,2,19.4142)->(8,2,20)->(9,2,20.5858)->(10,2,21.2679)->(11,2,22.5858)->(12,2,30.8784)->(12,1,5018.46)->
Agent 50:(13,12,1.71421)->(13,13,3.81421)->(12,13,6.44264)->(11,13,7.76048)->(10,13,8.44264)->(9,13,9.02843)->(8,13,9.61421)->(7,13,10.2964)->(6,13,11.6142)->(5,13,13.8284)->(5,14,16.0426)->(5,15,17.3605)->(5,16,18.0426)->(5,17,18.6105)->(5,18,19.1284)->(5,19,19.6284)->(5,20,20.1284)->(5,21,20.6284)->(5,22,21.1284)->(5,23,21.6464)->(5,24,22.2142)->(5,25,22.8964)->(5,26,24.2142)->(5,27,5011.81)->
Agent 51:(29,14,2.2)->(29,13,3.81421)->(29,12,5.13205)->(29,11,5.81421)->(29,10,6.38205)->(29,9,6.9)->(29,8,7.41795)->(29,7,7.98579)->(29,6,8.66795)->(29,5,9.98579)->(29,4,13.0495)->(28,4,16.1132)->(27,4,17.431)->(26,4,18.1132)->(25,4,18.681)->(24,4,19.199)->(23,4,19.699)->(22,4,20.199)->(21,4,20.699)->(20,4,21.199)->(19,4,21.699)->(18,4,22.199)->(17,4,22.699)->(16,4,23.199)->(15,4,23.699)->(14,4,24.199)->(13,4,24.699)->(12,4,25.199)->(11,4,25.699)->(10,4,26.2169)->(9,4,26.7848)->(8,4,27.4669)->(7,4,28.7848)->(6,4,31.4132)->(6,3,35.4274)->(5,3,5018.11)->
Agent 52:(28,3,1.8)->(28,4,3.01421)->(28,5,4.42843)->(28,6,5.84264)->(28,7,11.2248)->(27,7,17.5785)->(27,8,20.207)->(27,9,21.5248)->(27,10,22.207)->(27,11,22.7928)->(27,12,23.3785)->(27,13,24.0607)->(27,14,25.3785)->(27,15,5012.4)->
Agent 53:(18,24,1.38579)->(18,25,2.18579)->(18,26,3.50362)->(18,27,4.23567)->(18,28,4.96773)->(18,29,6.28556)->(18,30,8.49978)->(17,30,10.714)->(16,30,12.0318)->(15,30,12.7236)->(14,30,13.3593)->(13,30,14.051)->(12,30,15.3689)->(11,30,5007.39)->
Agent 54:(23,30,5.41421)->(23,29,10.2426)->(23,28,11.5605)->(23,27,12.2426)->(23,26,12.8105)->(23,25,13.3284)->(23,24,13.8284)->(23,23,14.3284)->(23,22,14.8284)->(23,21,15.3284)->(23,20,15.8284)->(23,19,16.3284)->(23,18,16.8284)->(23,17,17.3284)->(23,16,17.8284)->(23,15,18.3284)->(23,14,18.8284)->(23,13,19.3284)->(23,12,19.8284)->(23,11,20.3284)->(23,10,20.8284)->(23,9,21.3284)->(23,8,21.8284)->(23,7,22.3284)->(23,6,22.8284)->(23,5,23.3464)->(23,4,23.9142)->(23,3,24.5964)->(23,2,25.9142)->(23,1,28.1284)->(22,1,30.3426)->(21,1,31.6605)->(20,1,32.3426)->(19,1,32.9105)->(18,1,33.4284)->(17,1,33.9284)->(16,1,34.4284)->(15,1,34.9284)->(14,1,35.4284)->(13,1,35.9284)->(12,1,36.4284)->(11,1,36.9464)->(10,1,37.5142)->(9,1,38.1964)->(8,1,39.5142)->(7,1,42.1426)->(7,0,5021.26)->
Agent 55:(6,28,2.2)->(6,27,4.4)->(6,26,8.87843)->(5,26,13.3569)->(4,26,5006.68)->
Agent 56:(1,11,1.3)->(1,12,2.6)->(1,13,5.84264)->(0,13,9.88528)->(0,14,20.8885)->(1,14,30.5059)->(2,14,31.8238)->(3,14,32.5558)->(4,14,33.2879)->(5,14,34.6057)->(6,14,5017.01)->
Agent 57:(23,1,1.8)->(22,1,3.01421)->(21,1,4.33205)->(20,1,5.01421)->(19,1,5.58205)->(18,1,6.1)->(17,1,6.6)->(16,1,7.1)->(15,1,7.6)->(14,1,8.1)->(13,1,8.6)->(12,1,9.1)->(11,1,9.6)->(10,1,10.1)->(9,1,10.6)->(8,1,11.1)->(7,1,11.6179)->(6,1,12.1858)->(5,1,12.8679)->(4,1,14.1858)->(3,1,18.5679)->(3,2,22.9501)->(3,3,24.2679)->(3,4,24.9501)->(3,5,25.5179)->(3,6,26.0359)->(3,7,26.5359)->(3,8,27.0359)->(3,9,27.5359)->(3,10,28.0359)->(3,11,28.5359)->(3,12,29.0359)->(3,13,29.5359)->(3,14,30.0359)->(3,15,30.5538)->(3,16,31.1217)->(3,17,31.8038)->(3,18,33.1217)->(3,19,5016.27)->
Agent 58:(28,15,2.2)->(28,14,3.81421)->(28,13,5.13205)->(28,12,5.82382)->(28,11,6.45949)->(28,10,7.15126)->(28,9,8.4691)->(28,8,13.0201)->(29,8,18.1569)->(30,8,5009.08)->
Agent 59:(31,2,1.3)->(31,3,2.01421)->(31,4,3.33205)->(31,5,4.01421)->(31,6,4.58205)->(31,7,5.1)->(31,8,5.6)->(31,9,6.11795)->(31,10,6.68579)->(31,11,7.36795)->(31,12,8.68579)->(31,13,10.9)->(30,13,13.1142)->(29,13,14.4321)->(28,13,15.1142)->(27,13,15.6821)->(26,13,16.2)->(25,13,16.7)->(24,13,17.2)->(23,13,17.7)->(22,13,18.2)->(21,13,18.7)->(20,13,19.2)->(19,13,19.7)->(18,13,20.2)->(17,13,20.7)->(16,13,21.2)->(15,13,21.7)->(14,13,22.2)->(13,13,22.7)->(12,13,23.2)->(11,13,23.7179)->(10,13,24.2858)->(9,13,24.9679)->(8,13,26.2858)->(7,13,28.5)->(7,14,31.3)->(7,15,5015.65)->
Agent 60:(23,29,2.2)->(23,28,3.81421)->(23,27,5.13205)->(23,26,5.81421)->(23,25,6.38205)->(23,24,6.9)->(23,23,7.4)->(23,22,7.9)->(23,21,8.4)->(23,20,8.9)->(23,19,9.4)->(23,18,9.91795)->(23,17,10.4858)->(23,16,11.1679)->(23,15,12.4858)->(23,14,15.1142)->(24,14,5007.75)->
Agent 61:(27,27,2.68205)->(27,26,4.77832)->(27,25,6.09615)->(27,24,6.77832)->(27,23,7.34615)->(27,22,7.8641)->(27,21,8.3641)->(27,20,8.8641)->(27,19,9.38205)->(27,18,9.94989)->(27,17,10.6321)->(27,16,11.9499)->(27,15,14.3642)->(26,15,16.7785)->(25,15,18.0964)->(24,15,18.7785)->(23,15,19.3464)->(22,15,19.8643)->(21,15,20.3643)->(20,15,20.8643)->(19,15,21.3643)->(18,15,21.8643)->(17,15,22.3643)->(16,15,22.8643)->(15,15,23.3643)->(14,15,23.8643)->(13,15,24.3643)->(12,15,24.8643)->(11,15,25.3643)->(10,15,25.8643)->(9,15,26.3643)->(8,15,26.8643)->(7,15,27.3643)->(6,15,27.8643)->(5,15,28.3643)->(4,15,28.8823)->(3,15,29.4501)->(2,15,30.1323)->(1,15,31.4501)->(0,15,5015.43)->
Agent 62:(21,26,2.2)->(21,25,3.81421)->(21,24,5.13205)->(21,23,5.8641)->(21,22,6.59615)->(21,21,7.91399)->(21,20,10.1282)->(20,20,12.3424)->(19,20,13.6763)->(18,20,14.5047)->(17,20,15.8385)->(16,20,19.2048)->(16,21,5010.16)->
Agent 63:(24,9,2.2)->(24,8,3.81421)->(24,7,5.13205)->(24,6,5.8641)->(24,5,6.59615)->(24,4,7.91399)->(24,3,17.3283)->(23,3,26.7426)->(22,3,28.0605)->(21,3,28.7426)->(20,3,29.3105)->(19,3,29.8284)->(18,3,30.3284)->(17,3,30.8284)->(16,3,31.3284)->(15,3,31.8284)->(14,3,32.3284)->(13,3,32.8284)->(12,3,33.3284)->(11,3,33.8464)->(10,3,34.4142)->(9,3,35.0964)->(8,3,36.4142)->(7,3,5017.91)->
Agent 64:(28,18,1.8)->(27,18,3.01421)->(26,18,4.33205)->(25,18,5.01421)->(24,18,5.58205)->(23,18,6.11795)->(22,18,6.68579)->(21,18,7.36795)->(20,18,8.68579)->(19,18,11.9642)->(19,17,15.2426)->(19,16,16.5605)->(19,15,17.2426)->(19,14,17.8105)->(19,13,18.3284)->(19,12,18.8284)->(19,11,19.3284)->(19,10,19.8284)->(19,9,20.3284)->(19,8,20.8284)->(19,7,21.3284)->(19,6,21.8284)->(19,5,22.3284)->(19,4,22.8464)->(19,3,23.4142)->(19,2,24.0964)->(19,1,25.4142)->(19,0,5012.41)->
Agent 65:(27,24,2.96795)->(26,24,5.35011)->(25,24,6.66795)->(24,24,7.35011)->(23,24,7.91795)->(22,24,8.4359)->(21,24,8.9359)->(20,24,9.4359)->(19,24,9.9359)->(18,24,10.4359)->(17,24,10.9359)->(16,24,11.4359)->(15,24,11.9359)->(14,24,12.4359)->(13,24,12.9359)->(12,24,13.4359)->(11,24,13.9359)->(10,24,14.4359)->(9,24,14.9359)->(8,24,15.4359)->(7,24,15.9538)->(6,24,16.5217)->(5,24,17.2038)->(4,24,18.5217)->(3,24,21.1501)->(3,23,5010.77)->
Agent 66:(26,3,1.8)->(27,3,3.6)->(28,3,11.5637)->(28,4,18.9416)->(28,5,20.2595)->(28,6,20.9416)->(28,7,21.5095)->(28,8,22.0274)->(28,9,22.5454)->(28,10,23.1132)->(28,11,23.7954)->(28,12,25.1132)->(28,13,27.7416)->(29,13,5014.06)->
Agent 67:(27,0,5.18216)->(27,1,9.77854)->(27,2,11.0964)->(27,3,11.7785)->(27,4,12.3464)->(27,5,12.8643)->(27,6,13.3643)->(27,7,13.8643)->(27,8,14.3643)->(27,9,14.8643)->(27,10,15.3643)->(27,11,15.8643)->(27,12,16.3643)->(27,13,16.8643)->(27,14,17.3823)->(27,15,17.9501)->(27,16,18.6323)->(27,17,19.9501)->(27,18,22.1643)->(26,18,24.3785)->(25,18,25.6964)->(24,18,26.3785)->(23,18,26.9464)->(22,18,27.4643)->(21,18,27.9643)->(20,18,28.4643)->(19,18,28.9643)->(18,18,29.4643)->(17,18,29.9823)->(16,18,30.5501)->(15,18,31.2323)->(14,18,32.5501)->(13,18,5015.98)->
Agent 68:(31,16,1.3)->(31,17,2.01421)->(31,18,3.34806)->(31,19,4.17649)->(31,20,5.51034)->(31,21,8.62649)->(30,21,11.7426)->(29,21,13.0605)->(28,21,13.7426)->(27,21,14.3105)->(26,21,14.8284)->(25,21,15.3284)->(24,21,15.8284)->(23,21,16.3284)->(22,21,16.8284)->(21,21,17.3284)->(20,21,17.8284)->(19,21,18.3284)->(18,21,18.8284)->(17,21,19.3284)->(16,21,19.8284)->(15,21,20.3284)->(14,21,20.8284)->(13,21,21.3284)->(12,21,21.8284)->(11,21,22.3284)->(10,21,22.8284)->(9,21,23.3464)->(8,21,23.9142)->(7,21,24.5964)->(6,21,25.9142)->(5,21,5012.66)->
Agent 69:(9,7,1.8)->(10,7,3.01421)->(11,7,4.33205)->(12,7,5.01421)->(13,7,5.58205)->(14,7,6.1)->(15,7,6.6)->(16,7,7.11795)->(17,7,7.68579)->(18,7,8.36795)->(19,7,9.68579)->(20,7,11.9)->(20,8,14.1495)->(20,9,16.1495)->(20,10,5007.8)->
Agent 70:(29,22,2.95)->(28,22,5.31421)->(27,22,6.63205)->(26,22,7.31421)->(25,22,7.88205)->(24,22,8.4)->(23,22,8.9)->(22,22,9.4)->(21,22,9.9)->(20,22,10.4)->(19,22,10.9)->(18,22,11.4)->(17,22,11.9)->(16,22,12.4)->(15,22,12.9)->(14,22,13.4179)->(13,22,13.9858)->(12,22,14.6679)->(11,22,15.9858)->(10,22,5007.7)->
Agent 71:(25,14,1.71421)->(25,15,4.66421)->(26,15,8.14264)->(27,15,9.46048)->(28,15,10.1925)->(29,15,10.9246)->(30,15,12.2424)->(31,15,15.2708)->(30,15,5008.03)->
Agent 72:(0,10,1.3)->(0,11,2.01421)->(0,12,3.42843)->(0,13,4.84264)->(0,14,7.05685)->(1,14,9.27107)->(2,14,10.5889)->(3,14,11.2711)->(4,14,11.8389)->(5,14,12.3569)->(6,14,12.8569)->(7,14,13.3569)->(8,14,13.8569)->(9,14,14.3569)->(10,14,14.8569)->(11,14,15.3569)->(12,14,15.8748)->(13,14,16.4426)->(14,14,17.1248)->(15,14,18.4426)->(16,14,5008.93)->
Agent 73:(29,25,3.57843)->(29,24,6.57107)->(29,23,7.88891)->(29,22,8.57107)->(29,21,9.13891)->(29,20,9.65685)->(29,19,10.1569)->(29,18,10.6569)->(29,17,11.1569)->(29,16,11.6569)->(29,15,12.1569)->(29,14,12.6569)->(29,13,13.1569)->(29,12,13.6569)->(29,11,14.1569)->(29,10,14.6569)->(29,9,15.1569)->(29,8,15.6569)->(29,7,16.1569)->(29,6,16.6569)->(29,5,17.1569)->(29,4,17.6748)->(29,3,18.2426)->(29,2,18.9248)->(29,1,20.2426)->(29,0,22.4569)->(28,0,24.6711)->(27,0,25.9889)->(26,0,26.721)->(25,0,27.453)->(24,0,28.7708)->(23,0,5014.09)->
Agent 74:(7,10,1.3)->(7,11,2.01421)->(7,12,3.33205)->(7,13,4.01421)->(7,14,4.58205)->(7,15,5.1)->(7,16,5.61795)->(7,17,6.18579)->(7,18,6.86795)->(7,19,8.18579)->(7,20,10.4)->(8,20,12.6142)->(9,20,13.9321)->(10,20,14.6142)->(11,20,15.2)->(12,20,15.7858)->(13,20,16.4679)->(14,20,17.7858)->(15,20,20.4284)->(15,21,5010.41)->
Agent 75:(31,24,1.3)->(31,25,2.01421)->(31,26,3.34806)->(31,27,4.17649)->(31,28,5.51034)->(31,29,7.72456)->(30,29,9.93877)->(29,29,11.2566)->(28,29,11.9388)->(27,29,12.5066)->(26,29,13.0246)->(25,29,13.5246)->(24,29,14.0246)->(23,29,14.5246)->(22,29,15.0246)->(21,29,15.5246)->(20,29,16.0246)->(19,29,16.5246)->(18,29,17.0246)->(17,29,17.5246)->(16,29,18.0246)->(15,29,18.5246)->(14,29,19.0246)->(13,29,19.5246)->(12,29,20.0246)->(11,29,20.5246)->(10,29,21.0246)->(9,29,21.5246)->(8,29,22.0246)->(7,29,22.5246)->(6,29,23.0246)->(5,29,23.5425)->(4,29,24.1103)->(3,29,24.7925)->(2,29,26.1103)->(1,29,28.7388)->(1,30,5014.56)->
Agent 76:(23,19,1.8)->(24,19,3.6)->(25,19,6.4)->(25,18,8.61421)->(25,17,9.94806)->(25,16,10.7765)->(25,15,12.1103)->(25,14,16.5907)->(25,15,25.1641)->(24,15,30.914)->(23,15,32.3282)->(22,15,33.7424)->(21,15,5016.58)->
Agent 77:(6,18,1.8)->(7,18,3.6)->(8,18,8.15)->(8,17,12.1142)->(8,16,13.5284)->(8,15,14.9426)->(8,14,5007.18)->
Agent 78:(1,3,1.8)->(2,3,3.01421)->(3,3,4.33205)->(4,3,5.01421)->(5,3,5.58205)->(6,3,6.11795)->(7,3,6.68579)->(8,3,7.36795)->(9,3,8.68579)->(10,3,10.9)->(10,2,13.1495)->(10,1,15.1495)->(10,0,23.0995)->(10,1,31.6)->(10,2,5015.8)->
Agent 79:(10,26,3.66421)->(11,26,6.74264)->(12,26,8.06048)->(13,26,8.74264)->(14,26,9.31048)->(15,26,9.82843)->(16,26,10.3284)->(17,26,10.8284)->(18,26,11.3284)->(19,26,11.8284)->(20,26,12.3284)->(21,26,12.8284)->(22,26,13.3284)->(23,26,13.8284)->(24,26,14.3464)->(25,26,14.9142)->(26,26,15.5964)->(27,26,16.9142)->(28,26,20.6421)->(28,25,24.37)->(28,24,25.6879)->(28,23,26.37)->(28,22,26.9379)->(28,21,27.4558)->(28,20,27.9558)->(28,19,28.4558)->(28,18,28.9558)->(28,17,29.4558)->(28,16,29.9558)->(28,15,30.4558)->(28,14,30.9558)->(28,13,31.4558)->(28,12,31.9558)->(28,11,32.4738)->(28,10,33.0416)->(28,9,33.7238)->(28,8,35.0416)->(28,7,5017.23)->
