Agent 0:(2,25,1.8)->(3,25,3.01421)->(4,25,4.34806)->(5,25,5.17649)->(6,25,6.51034)->(7,25,9.26228)->(7,24,12.0142)->(7,23,13.3321)->(7,22,14.0142)->(7,21,14.5821)->(7,20,15.1)->(7,19,15.6)->(7,18,16.1)->(7,17,16.6)->(7,16,17.1)->(7,15,17.6)->(7,14,18.1179)->(7,13,18.6858)->(7,12,19.3679)->(7,11,20.6858)->(7,10,22.9)->(8,10,25.1495)->(9,10,27.1495)->(10,10,30.8137)->(10,9,34.4426)->(10,8,35.7605)->(10,7,36.4426)->(10,6,37.0284)->(10,5,37.6142)->(10,4,38.2964)->(10,3,39.6142)->(10,2,5019.51)->
Agent 1:(27,6,1.3)->(27,7,2.01421)->(27,8,3.42843)->(27,9,4.84264)->(27,10,12.1567)->(28,10,19.4708)->(29,10,20.8851)->(30,10,22.2993)->(31,10,5010.86)->
Agent 2:(25,13,1.71421)->(25,14,4.65)->(25,13,8.11421)->(25,12,9.43205)->(25,11,10.1142)->(25,10,10.6821)->(25,9,11.2)->(25,8,11.7)->(25,7,12.2)->(25,6,12.7)->(25,5,13.2179)->(25,4,13.7858)->(25,3,14.4679)->(25,2,15.7858)->(25,1,18)->(24,1,20.2142)->(23,1,21.5321)->(22,1,22.2142)->(21,1,22.7821)->(20,1,23.3)->(19,1,23.8)->(18,1,24.3)->(17,1,24.8179)->(16,1,25.3858)->(15,1,26.0679)->(14,1,27.3858)->(13,1,30.0142)->(13,0,34.0142)->(13,1,37.6284)->(13,2,5018.81)->
Agent 3:(28,23,1.8)->(27,23,3.01421)->(26,23,4.33205)->(25,23,5.01421)->(24,23,5.58205)->(23,23,6.1)->(22,23,6.6)->(21,23,7.1)->(20,23,7.6)->(19,23,8.1)->(18,23,8.61795)->(17,23,9.18579)->(16,23,9.86795)->(15,23,11.1858)->(14,23,13.4)->(14,22,15.6495)->(14,21,17.6495)->(14,20,5008.55)->
Agent 4:(22,23,2.7)->(22,22,4.81421)->(22,21,6.13205)->(22,20,6.81421)->(22,19,7.38205)->(22,18,7.9)->(22,17,8.4)->(22,16,8.91795)->(22,15,9.48579)->(22,14,10.1679)->(22,13,11.4858)->(22,12,13.7)->(23,12,15.9142)->(24,12,17.2321)->(25,12,17.9641)->(26,12,18.6962)->(27,12,20.014)->(28,12,22.2282)->(28,11,24.4424)->(28,10,25.7603)->(28,9,26.4424)->(28,8,27.0103)->(28,7,27.5282)->(28,6,28.0462)->(28,5,28.614)->(28,4,29.2962)->(28,3,30.614)->(28,2,5015.01)->
Agent 5:(18,16,1.8)->(17,16,3.01421)->(16,16,4.33205)->(15,16,5.01421)->(14,16,5.58205)->(13,16,6.1)->(12,16,6.6)->(11,16,7.1)->(10,16,7.61795)->(9,16,8.18579)->(8,16,8.86795)->(7,16,10.1858)->(6,16,12.4)->(6,15,14.6142)->(6,14,15.9321)->(6,13,16.6142)->(6,12,17.1821)->(6,11,17.7179)->(6,10,18.2858)->(6,9,18.9679)->(6,8,20.2858)->(6,7,5009.85)->
Agent 6:(26,30,1.8)->(25,30,3.01421)->(24,30,4.33205)->(23,30,5.01421)->(22,30,5.58205)->(21,30,6.11795)->(20,30,6.68579)->(19,30,7.36795)->(18,30,8.68579)->(17,30,10.9)->(17,29,13.1142)->(17,28,14.4321)->(17,27,15.1142)->(17,26,15.6821)->(17,25,16.2)->(17,24,16.7179)->(17,23,17.2858)->(17,22,17.9679)->(17,21,19.2858)->(17,20,23.7463)->(16,20,5012.98)->
Agent 7:(30,22,2.21421)->(29,22,5.52832)->(29,21,8.87084)->(29,20,10.1887)->(29,19,10.8708)->(29,18,11.4387)->(29,17,11.9566)->(29,16,12.4566)->(29,15,12.9746)->(29,14,13.5424)->(29,13,14.2246)->(29,12,15.5424)->(29,11,17.7566)->(28,11,19.9708)->(27,11,21.2887)->(26,11,21.9708)->(25,11,22.5387)->(24,11,23.0566)->(23,11,23.5566)->(22,11,24.0566)->(21,11,24.5566)->(20,11,25.0566)->(19,11,25.5566)->(18,11,26.0566)->(17,11,26.5566)->(16,11,27.0566)->(15,11,27.5566)->(14,11,28.0566)->(13,11,28.5746)->(12,11,29.1424)->(11,11,29.8246)->(10,11,31.1424)->(9,11,33.7708)->(9,12,5017.08)->
Agent 8:(0,9,1.71421)->(0,10,6.65)->(1,10,12.1142)->(2,10,13.4321)->(3,10,14.1142)->(4,10,14.6821)->(5,10,15.2)->(6,10,15.7)->(7,10,16.2)->(8,10,16.7)->(9,10,17.2)->(10,10,17.7)->(11,10,18.2)->(12,10,18.7)->(13,10,19.2179)->(14,10,19.7858)->(15,10,20.4679)->(16,10,21.7858)->(17,10,25.5425)->(17,11,30.6851)->(16,11,5015.74)->
Agent 9:(9,24,2.2)->(9,23,3.81421)->(9,22,5.22843)->(9,21,6.64264)->(9,20,9.59638)->(10,20,13.1359)->(11,20,17.9822)->(11,19,23.6284)->(10,19,5012.21)->
Agent 10:(23,8,1.8)->(22,8,3.01421)->(21,8,4.34806)->(20,8,5.17649)->(19,8,6.51034)->(18,8,8.72456)->(18,7,11.5246)->(18,6,5005.76)->
Agent 11:(25,24,1.8)->(24,24,3.01421)->(23,24,4.34806)->(22,24,5.17649)->(21,24,6.51034)->(20,24,9.13877)->(20,25,22.9942)->(19,25,35.8781)->(18,25,37.2923)->(17,25,38.7065)->(16,25,5019.06)->
Agent 12:(22,10,1.71421)->(22,11,3.81421)->(21,11,6.44264)->(20,11,7.76048)->(19,11,8.44264)->(18,11,9.01048)->(17,11,9.52843)->(16,11,10.0284)->(15,11,10.5284)->(14,11,11.0284)->(13,11,11.5284)->(12,11,12.0464)->(11,11,12.6142)->(10,11,13.2964)->(9,11,14.6142)->(8,11,17.3283)->(8,12,20.0424)->(8,13,21.3603)->(8,14,22.0424)->(8,15,22.6103)->(8,16,23.1462)->(8,17,23.714)->(8,18,24.3962)->(8,19,25.714)->(8,20,28.2141)->(7,20,31.3)->(6,20,34.1)->(6,21,36.3142)->(6,22,37.6321)->(6,23,38.3641)->(6,24,39.0962)->(6,25,40.414)->(6,26,5019.91)->
Agent 13:(23,21,3.85)->(23,20,7.11421)->(23,19,8.43205)->(23,18,9.11421)->(23,17,9.68205)->(23,16,10.2)->(23,15,10.7)->(23,14,11.2)->(23,13,11.7)->(23,12,12.2)->(23,11,12.7)->(23,10,13.2)->(23,9,13.7)->(23,8,14.2)->(23,7,14.7)->(23,6,15.2179)->(23,5,15.7858)->(23,4,16.4679)->(23,3,17.7858)->(23,2,20)->(24,2,22.2142)->(25,2,23.5321)->(26,2,24.2641)->(27,2,24.9962)->(28,2,26.314)->(29,2,5012.86)->
Agent 14:(24,16,2.2)->(24,15,4.4)->(24,14,9.80834)->(25,14,14.6309)->(26,14,15.9487)->(27,14,16.6405)->(28,14,17.2762)->(29,14,17.9679)->(30,14,19.2858)->(31,14,21.9142)->(31,15,5011.15)->
Agent 15:(9,5,3.21421)->(9,6,5.84264)->(9,7,7.16048)->(9,8,7.84264)->(9,9,8.41048)->(9,10,8.92843)->(9,11,9.42843)->(9,12,9.92843)->(9,13,10.4284)->(9,14,10.9284)->(9,15,11.4284)->(9,16,11.9284)->(9,17,12.4464)->(9,18,13.0142)->(9,19,13.6964)->(9,20,15.0142)->(9,21,17.2284)->(8,21,19.4426)->(7,21,20.7605)->(6,21,21.4426)->(5,21,22.0105)->(4,21,22.5464)->(3,21,23.1142)->(2,21,23.7964)->(1,21,25.1142)->(0,21,5012.26)->
Agent 16:(23,31,4.31421)->(23,30,8.04264)->(23,29,9.36048)->(23,28,10.0426)->(23,27,10.6105)->(23,26,11.1284)->(23,25,11.6284)->(23,24,12.1284)->(23,23,12.6284)->(23,22,13.1284)->(23,21,13.6284)->(23,20,14.1284)->(23,19,14.6284)->(23,18,15.1284)->(23,17,15.6284)->(23,16,16.1284)->(23,15,16.6284)->(23,14,17.1284)->(23,13,17.6284)->(23,12,18.1284)->(23,11,18.6284)->(23,10,19.1284)->(23,9,19.6284)->(23,8,20.1284)->(23,7,20.6284)->(23,6,21.1284)->(23,5,21.6464)->(23,4,22.2142)->(23,3,22.8964)->(23,2,24.2142)->(23,1,26.4284)->(22,1,28.6426)->(21,1,29.9605)->(20,1,30.6426)->(19,1,31.2105)->(18,1,31.7284)->(17,1,32.2284)->(16,1,32.7284)->(15,1,33.2284)->(14,1,33.7464)->(13,1,34.3142)->(12,1,34.9964)->(11,1,36.3142)->(10,1,5017.86)->
Agent 17:(25,5,1.3)->(25,6,2.04949)->(25,7,4.04949)->(25,8,6.71319)->(24,8,12.8278)->(24,9,17.9708)->(24,10,19.2887)->(24,11,19.9708)->(24,12,20.5387)->(24,13,21.0566)->(24,14,21.5566)->(24,15,22.0566)->(24,16,22.5566)->(24,17,23.0566)->(24,18,23.5566)->(24,19,24.0566)->(24,20,24.5566)->(24,21,25.0566)->(24,22,25.5566)->(24,23,26.0566)->(24,24,26.5746)->(24,25,27.1424)->(24,26,27.8246)->(24,27,29.1424)->(24,28,31.3566)->(23,28,33.5708)->(22,28,34.8887)->(21,28,35.5708)->(20,28,36.1387)->(19,28,36.6566)->(18,28,37.1566)->(17,28,37.6566)->(16,28,38.1566)->(15,28,38.6566)->(14,28,39.1566)->(13,28,39.6566)->(12,28,40.1566)->(11,28,40.6566)->(10,28,41.1566)->(9,28,41.6566)->(8,28,42.1746)->(7,28,42.7424)->(6,28,43.4246)->(5,28,44.7424)->(4,28,47.3708)->(4,29,5023.88)->
Agent 18:(3,0,1.3)->(3,1,2.04949)->(3,2,4.04949)->(3,3,6.29898)->(4,3,8.51319)->(5,3,9.83103)->(6,3,10.5132)->(7,3,11.081)->(8,3,11.599)->(9,3,12.099)->(10,3,12.599)->(11,3,13.099)->(12,3,13.599)->(13,3,14.099)->(14,3,14.6169)->(15,3,15.1848)->(16,3,15.8669)->(17,3,17.1848)->(18,3,5008.3)->
Agent 19:(27,5,3.55)->(26,5,6.51421)->(25,5,7.83205)->(24,5,8.51421)->(23,5,9.08205)->(22,5,9.6)->(21,5,10.1)->(20,5,10.6)->(19,5,11.1)->(18,5,11.6)->(17,5,12.1)->(16,5,12.6)->(15,5,13.1)->(14,5,13.6)->(13,5,14.1)->(12,5,14.6)->(11,5,15.1)->(10,5,15.6)->(9,5,16.1)->(8,5,16.6)->(7,5,17.1)->(6,5,17.6)->(5,5,18.1)->(4,5,18.6179)->(3,5,19.1858)->(2,5,19.8679)->(1,5,21.1858)->(0,5,23.4)->(0,6,25.6142)->(0,7,26.9321)->(0,8,27.6142)->(0,9,28.2)->(0,10,28.7858)->(0,11,29.4679)->(0,12,30.7858)->(0,13,5015.1)->
Agent 20:(24,21,2.40011)->(24,20,4.21444)->(24,19,5.53227)->(24,18,6.26433)->(24,17,6.99638)->(24,16,8.31421)->(24,15,13.4284)->(23,15,18.5426)->(22,15,19.8605)->(21,15,20.5426)->(20,15,21.1105)->(19,15,21.6284)->(18,15,22.1284)->(17,15,22.6284)->(16,15,23.1284)->(15,15,23.6284)->(14,15,24.1284)->(13,15,24.6284)->(12,15,25.1284)->(11,15,25.6464)->(10,15,26.2142)->(9,15,26.8964)->(8,15,28.2142)->(7,15,30.9926)->(7,14,33.7711)->(7,13,35.0889)->(7,12,35.7711)->(7,11,36.3389)->(7,10,36.8569)->(7,9,37.3569)->(7,8,37.8569)->(7,7,38.3569)->(7,6,38.8569)->(7,5,39.3748)->(7,4,39.9426)->(7,3,40.6248)->(7,2,41.9426)->(7,1,44.1569)->(6,1,46.3711)->(5,1,47.7853)->(4,1,49.1995)->(3,1,5024.31)->
Agent 21:(16,19,1.3)->(16,20,2.6)->(16,21,5.4)->(17,21,7.61421)->(18,21,8.94806)->(19,21,9.77649)->(20,21,11.1103)->(21,21,13.3246)->(21,22,15.574)->(21,23,17.574)->(21,24,21.6438)->(22,24,25.6783)->(23,24,26.9962)->(24,24,27.6783)->(25,24,28.2641)->(26,24,28.8499)->(27,24,29.5321)->(28,24,30.8499)->(29,24,33.0641)->(29,25,35.8641)->(29,26,5017.93)->
Agent 22:(11,20,2.4142)->(12,20,4.24261)->(13,20,5.56045)->(14,20,6.24261)->(15,20,6.81045)->(16,20,7.3284)->(17,20,7.8284)->(18,20,8.3284)->(19,20,8.8284)->(20,20,9.3284)->(21,20,9.8284)->(22,20,10.3284)->(23,20,10.8284)->(24,20,11.3284)->(25,20,11.8284)->(26,20,12.3463)->(27,20,12.9142)->(28,20,13.5963)->(29,20,14.9142)->(30,20,17.1284)->(30,19,19.3426)->(30,18,20.6605)->(30,17,21.3426)->(30,16,21.9105)->(30,15,22.4284)->(30,14,22.9284)->(30,13,23.4284)->(30,12,23.9463)->(30,11,24.5142)->(30,10,25.1963)->(30,9,26.5142)->(30,8,5012.96)->
Agent 23:(10,6,1.8)->(9,6,3.01421)->(8,6,4.33205)->(7,6,5.0641)->(6,6,5.79615)->(5,6,7.11399)->(4,6,14.3224)->(4,7,21.5309)->(4,8,22.8487)->(4,9,23.5405)->(4,10,24.1762)->(4,11,24.8679)->(4,12,26.1858)->(4,13,5012.8)->
Agent 24:(21,15,1.8)->(20,15,3.6)->(19,15,10.7279)->(19,14,17.27)->(19,13,18.5879)->(19,12,19.27)->(19,11,19.8379)->(19,10,20.3558)->(19,9,20.8558)->(19,8,21.3738)->(19,7,21.9416)->(19,6,22.6238)->(19,5,23.9416)->(19,4,26.1558)->(20,4,28.37)->(21,4,29.7039)->(22,4,30.5323)->(23,4,31.8662)->(24,4,5015.64)->
Agent 25:(23,13,2.8)->(23,12,5.01421)->(23,11,6.33205)->(23,10,7.01421)->(23,9,7.6)->(23,8,8.18579)->(23,7,8.86795)->(23,6,10.1858)->(23,5,12.4)->(22,5,14.6142)->(21,5,16.0284)->(20,5,17.4426)->(19,5,19.6569)->(19,4,21.9063)->(19,3,23.9063)->(19,2,5011.68)->
Agent 26:(2,9,1.8)->(3,9,3.01421)->(4,9,4.33205)->(5,9,5.01421)->(6,9,5.58205)->(7,9,6.1)->(8,9,6.6)->(9,9,7.11795)->(10,9,7.68579)->(11,9,8.36795)->(12,9,9.68579)->(13,9,11.9)->(13,8,14.1142)->(13,7,15.4321)->(13,6,16.1641)->(13,5,16.8962)->(13,4,18.214)->(13,3,5008.81)->
Agent 27:(8,8,1.3)->(8,9,2.01421)->(8,10,3.33205)->(8,11,4.0641)->(8,12,4.79615)->(8,13,6.11399)->(8,14,9.89253)->(9,14,23.3069)->(8,14,35.1853)->(7,14,5017.59)->
Agent 28:(12,4,1.3)->(12,5,2.01421)->(12,6,3.33205)->(12,7,4.01421)->(12,8,4.58205)->(12,9,5.1)->(12,10,5.6)->(12,11,6.1)->(12,12,6.61795)->(12,13,7.18579)->(12,14,7.86795)->(12,15,9.18579)->(12,16,11.4)->(11,16,13.6142)->(10,16,15.0284)->(9,16,16.4426)->(8,16,18.6569)->(8,17,20.8711)->(8,18,22.1889)->(8,19,22.8711)->(8,20,23.4389)->(8,21,23.9569)->(8,22,24.4569)->(8,23,24.9569)->(8,24,25.4569)->(8,25,25.9569)->(8,26,26.4748)->(8,27,27.0426)->(8,28,27.7248)->(8,29,29.0426)->(8,30,5014.23)->
Agent 29:(1,10,1.3)->(1,11,2.01421)->(1,12,3.33205)->(1,13,4.01421)->(1,14,4.58205)->(1,15,5.1)->(1,16,5.61795)->(1,17,6.18579)->(1,18,6.86795)->(1,19,8.18579)->(1,20,10.7358)->(2,20,13.2858)->(3,20,14.6036)->(4,20,15.2858)->(5,20,15.8536)->(6,20,16.3895)->(7,20,16.9574)->(8,20,17.6395)->(9,20,18.9574)->(10,20,21.1716)->(10,21,23.3858)->(10,22,24.7036)->(10,23,25.4357)->(10,24,26.1677)->(10,25,27.4856)->(10,26,30.114)->(11,26,35.8282)->(11,27,41.1566)->(11,28,5020.58)->
Agent 30:(2,11,1.3)->(2,12,2.6)->(2,13,6.65)->(3,13,10.1142)->(4,13,11.4321)->(5,13,12.1238)->(6,13,12.7595)->(7,13,13.4513)->(8,13,14.7691)->(9,13,19.552)->(8,13,5011.05)->
Agent 31:(18,25,1.8)->(19,25,3.01421)->(20,25,4.33205)->(21,25,5.01421)->(22,25,5.58205)->(23,25,6.1)->(24,25,6.6)->(25,25,7.1)->(26,25,7.61795)->(27,25,8.18579)->(28,25,8.86795)->(29,25,10.1858)->(30,25,12.4)->(30,26,14.6142)->(30,27,15.9321)->(30,28,16.6641)->(30,29,17.3962)->(30,30,18.714)->(30,31,5009.06)->
Agent 32:(30,9,3.85)->(29,9,7.11421)->(28,9,8.43205)->(27,9,9.11421)->(26,9,9.68205)->(25,9,10.2)->(24,9,10.7)->(23,9,11.2)->(22,9,11.7)->(21,9,12.2)->(20,9,12.7)->(19,9,13.2)->(18,9,13.7)->(17,9,14.2)->(16,9,14.7)->(15,9,15.2)->(14,9,15.7)->(13,9,16.2)->(12,9,16.7)->(11,9,17.2)->(10,9,17.7179)->(9,9,18.2858)->(8,9,18.9679)->(7,9,20.2858)->(6,9,22.5)->(6,10,24.7142)->(6,11,26.0321)->(6,12,26.7142)->(6,13,27.2821)->(6,14,27.8)->(6,15,28.3)->(6,16,28.8)->(6,17,29.3)->(6,18,29.8)->(6,19,30.3)->(6,20,30.8)->(6,21,31.3)->(6,22,31.8)->(6,23,32.3)->(6,24,32.8)->(6,25,33.3179)->(6,26,33.8858)->(6,27,34.5679)->(6,28,35.8858)->(6,29,38.5142)->(7,29,5019.45)->
Agent 33:(16,12,2.71421)->(16,13,4.84264)->(16,14,6.16048)->(16,15,6.84264)->(16,16,7.41048)->(16,17,7.92843)->(16,18,8.42843)->(16,19,8.92843)->(16,20,9.44638)->(16,21,10.0142)->(16,22,10.6964)->(16,23,12.0142)->(16,24,17.9925)->(17,24,23.9708)->(18,24,25.2887)->(19,24,25.9708)->(20,24,26.5566)->(21,24,27.1424)->(22,24,27.8246)->(23,24,29.1424)->(24,24,5014.28)->
Agent 34:(31,9,4.5641)->(31,10,8.54242)->(31,11,9.86025)->(31,12,10.5424)->(31,13,11.1103)->(31,14,11.6282)->(31,15,12.1282)->(31,16,12.6282)->(31,17,13.1282)->(31,18,13.6282)->(31,19,14.1282)->(31,20,14.6282)->(31,21,15.1282)->(31,22,15.6282)->(31,23,16.1462)->(31,24,16.714)->(31,25,17.3962)->(31,26,18.714)->(31,27,20.9282)->(30,27,23.1424)->(29,27,24.4603)->(28,27,25.1424)->(27,27,25.7103)->(26,27,26.2282)->(25,27,26.7282)->(24,27,27.2282)->(23,27,27.7282)->(22,27,28.2282)->(21,27,28.7282)->(20,27,29.2282)->(19,27,29.7282)->(18,27,30.2282)->(17,27,30.7282)->(16,27,31.2282)->(15,27,31.7282)->(14,27,32.2282)->(13,27,32.7282)->(12,27,33.2282)->(11,27,33.7462)->(10,27,34.314)->(9,27,34.9962)->(8,27,36.314)->(7,27,5017.86)->
Agent 35:(2,14,1.3)->(2,15,2.01421)->(2,16,3.33205)->(2,17,4.01421)->(2,18,4.6)->(2,19,5.18579)->(2,20,5.86795)->(2,21,7.18579)->(2,22,14.5284)->(3,22,21.8711)->(4,22,23.1889)->(5,22,23.8711)->(6,22,24.4389)->(7,22,24.9569)->(8,22,25.4569)->(9,22,25.9569)->(10,22,26.4569)->(11,22,26.9569)->(12,22,27.4748)->(13,22,28.0426)->(14,22,28.7248)->(15,22,30.0426)->(16,22,32.7888)->(16,23,35.5349)->(16,24,36.8528)->(16,25,37.5349)->(16,26,38.1207)->(16,27,38.7065)->(16,28,39.3887)->(16,29,40.7065)->(16,30,5020.06)->
Agent 36:(2,8,2.21421)->(3,8,5.22843)->(3,9,16.0822)->(4,9,25.5501)->(5,9,26.8679)->(6,9,27.5501)->(7,9,28.1179)->(8,9,28.6359)->(9,9,29.1359)->(10,9,29.6359)->(11,9,30.1359)->(12,9,30.6359)->(13,9,31.1538)->(14,9,31.7217)->(15,9,32.4038)->(16,9,33.7217)->(17,9,5016.57)->
Agent 37:(21,12,2.21421)->(20,12,5.8859)->(20,13,9.58601)->(20,14,10.9038)->(20,15,11.6359)->(20,16,12.3679)->(20,17,13.6858)->(20,18,15.9)->(21,18,18.1142)->(22,18,19.4321)->(23,18,20.1641)->(24,18,20.8962)->(25,18,22.214)->(26,18,5010.81)->
Agent 38:(21,6,1.8)->(22,6,3.01421)->(23,6,4.33205)->(24,6,5.01421)->(25,6,5.58205)->(26,6,6.1)->(27,6,6.61795)->(28,6,7.18579)->(29,6,7.86795)->(30,6,9.18579)->(31,6,11.4)->(31,7,13.6142)->(31,8,14.9321)->(31,9,15.6142)->(31,10,16.1821)->(31,11,16.7)->(31,12,17.2)->(31,13,17.7)->(31,14,18.2)->(31,15,18.7)->(31,16,19.2)->(31,17,19.7)->(31,18,20.2)->(31,19,20.7179)->(31,20,21.2858)->(31,21,21.9679)->(31,22,23.2858)->(31,23,5011.35)->
Agent 39:(9,30,1.8)->(10,30,3.01421)->(11,30,4.33205)->(12,30,5.0641)->(13,30,5.79615)->(14,30,7.11399)->(15,30,9.5782)->(15,29,12.0424)->(15,28,13.3603)->(15,27,14.0424)->(15,26,14.6103)->(15,25,15.1282)->(15,24,15.6282)->(15,23,16.1282)->(15,22,16.6282)->(15,21,17.1282)->(15,20,17.6282)->(15,19,18.1282)->(15,18,18.6282)->(15,17,19.1282)->(15,16,19.6282)->(15,15,20.1282)->(15,14,20.6282)->(15,13,21.1282)->(15,12,21.6282)->(15,11,22.1282)->(15,10,22.6282)->(15,9,23.1462)->(15,8,23.714)->(15,7,24.3962)->(15,6,25.714)->(15,5,27.9282)->(16,5,30.1424)->(17,5,31.4603)->(18,5,32.1424)->(19,5,32.7103)->(20,5,33.2282)->(21,5,33.7282)->(22,5,34.2282)->(23,5,34.7282)->(24,5,35.2282)->(25,5,35.7282)->(26,5,36.2282)->(27,5,36.7462)->(28,5,37.314)->(29,5,37.9962)->(30,5,39.314)->(31,5,5019.36)->
Agent 40:(8,5,1.3)->(8,6,2.04949)->(8,7,4.04949)->(8,8,8.5137)->(9,8,12.9426)->(10,8,14.2605)->(11,8,14.9426)->(12,8,15.5105)->(13,8,16.0284)->(14,8,16.5464)->(15,8,17.1142)->(16,8,17.7964)->(17,8,19.1142)->(18,8,21.7426)->(18,9,5011.06)->
Agent 41:(4,18,2.21421)->(5,18,4.81421)->(5,17,7.44264)->(5,16,8.76048)->(5,15,9.44264)->(5,14,10.0105)->(5,13,10.5284)->(5,12,11.0284)->(5,11,11.5284)->(5,10,12.0284)->(5,9,12.5284)->(5,8,13.0464)->(5,7,13.6142)->(5,6,14.2964)->(5,5,15.6142)->(5,4,18.2426)->(4,4,5009.31)->
Agent 42:(2,22,1.71421)->(2,23,8.4)->(3,23,15.6142)->(4,23,16.9321)->(5,23,17.6142)->(6,23,18.1821)->(7,23,18.7)->(8,23,19.2)->(9,23,19.7)->(10,23,20.2)->(11,23,20.7)->(12,23,21.2)->(13,23,21.7)->(14,23,22.2)->(15,23,22.7)->(16,23,23.2)->(17,23,23.7)->(18,23,24.2)->(19,23,24.7)->(20,23,25.2)->(21,23,25.7)->(22,23,26.2)->(23,23,26.7)->(24,23,27.2)->(25,23,27.7)->(26,23,28.2179)->(27,23,28.7858)->(28,23,29.4679)->(29,23,30.7858)->(30,23,33)->(30,24,35.2142)->(30,25,36.6284)->(30,26,38.0426)->(30,27,5018.73)->
Agent 43:(4,22,2.21421)->(5,22,6.19898)->(5,21,10.2122)->(5,20,11.53)->(5,19,12.2122)->(5,18,12.78)->(5,17,13.298)->(5,16,13.798)->(5,15,14.298)->(5,14,14.798)->(5,13,15.298)->(5,12,15.8159)->(5,11,16.3837)->(5,10,17.0659)->(5,9,18.3837)->(5,8,20.749)->(6,8,23.1142)->(7,8,24.4321)->(8,8,25.1142)->(9,8,25.6821)->(10,8,26.2)->(11,8,26.7)->(12,8,27.2)->(13,8,27.7)->(14,8,28.2)->(15,8,28.7179)->(16,8,29.2858)->(17,8,29.9679)->(18,8,31.2858)->(19,8,5015.35)->
Agent 44:(26,16,2.71795)->(25,16,4.85011)->(24,16,6.16795)->(23,16,6.85011)->(22,16,7.41795)->(21,16,7.95385)->(20,16,8.52168)->(19,16,9.20385)->(18,16,10.5217)->(17,16,13.4822)->(17,15,16.4426)->(17,14,17.7605)->(17,13,18.4426)->(17,12,19.0105)->(17,11,19.5284)->(17,10,20.0284)->(17,9,20.5284)->(17,8,21.0284)->(17,7,21.5284)->(17,6,22.0464)->(17,5,22.6142)->(17,4,23.2964)->(17,3,24.6142)->(17,2,29.5284)->(16,2,34.4426)->(15,2,35.7605)->(14,2,36.4426)->(13,2,37.0105)->(12,2,37.5284)->(11,2,38.0284)->(10,2,38.5284)->(9,2,39.0284)->(8,2,39.5284)->(7,2,40.0284)->(6,2,40.5284)->(5,2,41.0464)->(4,2,41.6142)->(3,2,42.2964)->(2,2,43.6142)->(1,2,5021.51)->
Agent 45:(27,24,1.8)->(26,24,3.01421)->(25,24,4.34806)->(24,24,5.17649)->(23,24,6.51034)->(22,24,9.02638)->(22,23,11.5424)->(22,22,12.8603)->(22,21,13.5424)->(22,20,14.1103)->(22,19,14.6282)->(22,18,15.1282)->(22,17,15.6282)->(22,16,16.1282)->(22,15,16.6282)->(22,14,17.1282)->(22,13,17.6282)->(22,12,18.1282)->(22,11,18.6282)->(22,10,19.1282)->(22,9,19.6282)->(22,8,20.1282)->(22,7,20.6282)->(22,6,21.1282)->(22,5,21.6282)->(22,4,22.1462)->(22,3,22.714)->(22,2,23.3962)->(22,1,24.714)->(22,0,5012.06)->
Agent 46:(22,20,2.2)->(22,19,3.81421)->(22,18,5.13205)->(22,17,5.81421)->(22,16,6.38205)->(22,15,6.91795)->(22,14,7.48579)->(22,13,8.16795)->(22,12,9.48579)->(22,11,11.7)->(21,11,13.9142)->(20,11,15.2321)->(19,11,15.9142)->(18,11,16.4821)->(17,11,17)->(16,11,17.5)->(15,11,18)->(14,11,18.5)->(13,11,19)->(12,11,19.5179)->(11,11,20.0858)->(10,11,20.7679)->(9,11,22.0858)->(8,11,24.7142)->(8,12,5012.55)->
Agent 47:(19,24,1.8)->(18,24,3.01421)->(17,24,4.33205)->(16,24,5.01421)->(15,24,5.58205)->(14,24,6.1)->(13,24,6.6)->(12,24,7.1)->(11,24,7.6)->(10,24,8.1)->(9,24,8.61795)->(8,24,9.18579)->(7,24,9.86795)->(6,24,11.1858)->(5,24,13.4)->(5,23,15.6142)->(5,22,16.9321)->(5,21,17.6142)->(5,20,18.1821)->(5,19,18.7)->(5,18,19.2)->(5,17,19.7)->(5,16,20.2)->(5,15,20.7)->(5,14,21.2)->(5,13,21.7)->(5,12,22.2)->(5,11,22.7)->(5,10,23.2)->(5,9,23.7)->(5,8,24.2)->(5,7,24.7179)->(5,6,25.2858)->(5,5,25.9679)->(5,4,27.2858)->(5,3,29.5)->(4,3,31.7142)->(3,3,33.1284)->(2,3,34.5426)->(1,3,5016.98)->
Agent 48:(11,19,2.2)->(11,18,3.81421)->(11,17,5.13205)->(11,16,5.81421)->(11,15,6.38205)->(11,14,6.91795)->(11,13,7.48579)->(11,12,8.16795)->(11,11,9.48579)->(11,10,11.7)->(12,10,13.9142)->(13,10,15.2321)->(14,10,15.9142)->(15,10,16.4821)->(16,10,17)->(17,10,17.5)->(18,10,18)->(19,10,18.5179)->(20,10,19.0858)->(21,10,19.7679)->(22,10,21.0858)->(23,10,23.7142)->(23,11,5012.05)->
Agent 49:(6,18,5.20374)->(6,19,9.82168)->(6,20,11.1395)->(6,21,11.8716)->(6,22,12.6036)->(6,23,13.9215)->(6,24,16.5499)->(5,24,5008.47)->
Agent 50:(10,8,2.31795)->(10,9,4.05011)->(10,10,5.36795)->(10,11,6.05011)->(10,12,6.61795)->(10,13,7.1359)->(10,14,7.6359)->(10,15,8.1359)->(10,16,8.6359)->(10,17,9.1359)->(10,18,9.6359)->(10,19,10.1359)->(10,20,10.6359)->(10,21,11.1359)->(10,22,11.6538)->(10,23,12.2217)->(10,24,12.9038)->(10,25,14.2217)->(10,26,16.4359)->(9,26,18.6501)->(8,26,19.9679)->(7,26,20.6501)->(6,26,21.2179)->(5,26,21.7359)->(4,26,22.2538)->(3,26,22.8217)->(2,26,23.5038)->(1,26,24.8217)->(0,26,5012.12)->
Agent 51:(27,13,2.06795)->(26,13,3.55011)->(25,13,4.86795)->(24,13,5.55011)->(23,13,6.11795)->(22,13,6.6359)->(21,13,7.1359)->(20,13,7.65385)->(19,13,8.22168)->(18,13,8.90385)->(17,13,10.2217)->(16,13,14.8)->(16,14,19.3783)->(16,15,20.6962)->(16,16,21.3783)->(16,17,21.9641)->(16,18,22.5499)->(16,19,23.2321)->(16,20,24.5499)->(16,21,5011.98)->
Agent 52:(5,5,1.8)->(4,5,3.04949)->(3,5,5.04949)->(2,5,8.16926)->(2,6,11.2538)->(2,7,12.5876)->(2,8,13.416)->(2,9,14.7499)->(2,10,19.4678)->(3,10,24.1858)->(4,10,25.6)->(5,10,27.0142)->(6,10,5013.21)->
Agent 53:(26,1,1.3)->(26,2,2.01421)->(26,3,3.33205)->(26,4,4.01421)->(26,5,4.58205)->(26,6,5.1)->(26,7,5.6)->(26,8,6.1)->(26,9,6.6)->(26,10,7.1)->(26,11,7.6)->(26,12,8.1)->(26,13,8.6)->(26,14,9.11795)->(26,15,9.68579)->(26,16,10.3679)->(26,17,11.6858)->(26,18,14.3142)->(27,18,17.9142)->(27,19,20.5426)->(27,20,21.8605)->(27,21,22.5522)->(27,22,23.1879)->(27,23,23.8797)->(27,24,25.1975)->(27,25,5012.31)->
Agent 54:(4,6,1.8)->(3,6,3.6)->(2,6,6.4)->(2,7,8.61421)->(2,8,9.93205)->(2,9,10.6142)->(2,10,11.1821)->(2,11,11.7179)->(2,12,12.2858)->(2,13,12.9679)->(2,14,14.2858)->(2,15,5006.85)->
Agent 55:(14,26,3.56421)->(15,26,6.54264)->(16,26,7.86048)->(17,26,8.54264)->(18,26,9.11048)->(19,26,9.64638)->(20,26,10.2142)->(21,26,10.8964)->(22,26,12.2142)->(23,26,5005.81)->
Agent 56:(12,26,1.8)->(11,26,3.01421)->(10,26,4.33205)->(9,26,5.01421)->(8,26,5.58205)->(7,26,6.1)->(6,26,6.6)->(5,26,7.11795)->(4,26,7.68579)->(3,26,8.36795)->(2,26,9.68579)->(1,26,11.9)->(1,25,14.1142)->(1,24,15.4321)->(1,23,16.1142)->(1,22,16.6821)->(1,21,17.2179)->(1,20,17.7858)->(1,19,18.4679)->(1,18,19.7858)->(1,17,5009.6)->
Agent 57:(25,17,1.8)->(26,17,3.01421)->(27,17,4.33205)->(28,17,5.0641)->(29,17,5.79615)->(30,17,7.11399)->(31,17,9.3282)->(31,18,11.5424)->(31,19,12.8603)->(31,20,13.5424)->(31,21,14.1103)->(31,22,14.6282)->(31,23,15.1282)->(31,24,15.6282)->(31,25,16.1282)->(31,26,16.6282)->(31,27,17.1462)->(31,28,17.714)->(31,29,18.3962)->(31,30,19.714)->(31,31,5009.56)->
Agent 58:(4,7,3.6)->(4,8,6.61421)->(4,9,7.93205)->(4,10,8.61421)->(4,11,9.18205)->(4,12,9.7)->(4,13,10.2)->(4,14,10.7)->(4,15,11.2)->(4,16,11.7)->(4,17,12.2)->(4,18,12.7179)->(4,19,13.2858)->(4,20,13.9679)->(4,21,15.2858)->(4,22,17.5)->(5,22,19.7142)->(6,22,21.0321)->(7,22,21.7142)->(8,22,22.2821)->(9,22,22.8)->(10,22,23.3)->(11,22,23.8)->(12,22,24.3)->(13,22,24.8179)->(14,22,25.3858)->(15,22,26.0679)->(16,22,27.3858)->(17,22,30.0142)->(17,23,5015.2)->
Agent 59:(29,13,2.21421)->(28,13,4.81421)->(28,14,7.44264)->(28,15,8.77649)->(28,16,9.60492)->(28,17,10.9388)->(28,18,16.1795)->(29,18,5009.59)->
Agent 60:(15,21,1.71421)->(15,22,4.2142)->(16,22,7.24261)->(17,22,8.56045)->(18,22,9.24261)->(19,22,9.81045)->(20,22,10.3284)->(21,22,10.8284)->(22,22,11.3284)->(23,22,11.8284)->(24,22,12.3463)->(25,22,12.9142)->(26,22,13.5963)->(27,22,14.9142)->(28,22,5007.16)->
Agent 61:(15,0,1.3)->(15,1,2.01421)->(15,2,3.33205)->(15,3,4.01421)->(15,4,4.58205)->(15,5,5.1)->(15,6,5.6)->(15,7,6.1)->(15,8,6.6)->(15,9,7.1)->(15,10,7.6)->(15,11,8.11795)->(15,12,8.68579)->(15,13,9.36795)->(15,14,10.6858)->(15,15,12.9)->(14,15,15.1142)->(13,15,16.4321)->(12,15,17.1641)->(11,15,17.8962)->(10,15,19.214)->(9,15,21.8424)->(9,16,25.8566)->(8,16,30.2851)->(8,17,5015.54)->
Agent 62:(0,27,2.2)->(0,26,3.81421)->(0,25,5.13205)->(0,24,5.81421)->(0,23,6.4)->(0,22,6.98579)->(0,21,7.66795)->(0,20,8.98579)->(0,19,11.2)->(1,19,13.4142)->(2,19,14.7321)->(3,19,15.4142)->(4,19,15.9821)->(5,19,16.5)->(6,19,17)->(7,19,17.5)->(8,19,18)->(9,19,18.5)->(10,19,19)->(11,19,19.5)->(12,19,20)->(13,19,20.5)->(14,19,21)->(15,19,21.5)->(16,19,22)->(17,19,22.5)->(18,19,23)->(19,19,23.5)->(20,19,24.0179)->(21,19,24.5858)->(22,19,25.2679)->(23,19,26.5858)->(24,19,29.2142)->(24,20,5014.8)->
Agent 63:(24,12,1.8)->(25,12,3.04949)->(26,12,5.04949)->(27,12,8.06553)->(27,13,11.0463)->(27,14,12.3801)->(27,15,13.2086)->(27,16,14.5424)->(27,17,5006.98)->
Agent 64:(21,19,2.56795)->(21,18,4.55011)->(21,17,5.86795)->(21,16,6.55011)->(21,15,7.11795)->(21,14,7.6359)->(21,13,8.1359)->(21,12,8.6359)->(21,11,9.1359)->(21,10,9.65385)->(21,9,10.2217)->(21,8,10.9038)->(21,7,12.2217)->(21,6,14.4359)->(22,6,16.6854)->(23,6,18.6854)->(24,6,5009.07)->
Agent 65:(12,20,1.3)->(12,21,2.6)->(12,22,5.4)->(11,22,7.61421)->(10,22,8.93205)->(9,22,9.61421)->(8,22,10.1821)->(7,22,10.7179)->(6,22,11.2858)->(5,22,11.9679)->(4,22,13.2858)->(3,22,15.5)->(3,21,17.7142)->(3,20,19.0321)->(3,19,19.7142)->(3,18,20.2821)->(3,17,20.8179)->(3,16,21.3858)->(3,15,22.0679)->(3,14,23.3858)->(3,13,5011.4)->
Agent 66:(30,1,1.3)->(30,2,2.01421)->(30,3,3.33205)->(30,4,4.0641)->(30,5,4.79615)->(30,6,6.11399)->(30,7,8.8641)->(29,7,11.6142)->(28,7,12.9321)->(27,7,13.6142)->(26,7,14.1821)->(25,7,14.7)->(24,7,15.2)->(23,7,15.7)->(22,7,16.2)->(21,7,16.7)->(20,7,17.2)->(19,7,17.7)->(18,7,18.2)->(17,7,18.7)->(16,7,19.2179)->(15,7,19.7858)->(14,7,20.4679)->(13,7,21.7858)->(12,7,5010.6)->
Agent 67:(26,22,2.21421)->(25,22,4.81421)->(25,21,7.44264)->(25,20,8.76048)->(25,19,9.44264)->(25,18,10.0105)->(25,17,10.5284)->(25,16,11.0284)->(25,15,11.5284)->(25,14,12.0464)->(25,13,12.6142)->(25,12,13.2964)->(25,11,14.6142)->(25,10,20.4784)->(24,10,26.3426)->(23,10,27.6605)->(22,10,28.3426)->(21,10,28.9105)->(20,10,29.4284)->(19,10,29.9284)->(18,10,30.4284)->(17,10,30.9284)->(16,10,31.4284)->(15,10,31.9464)->(14,10,32.5142)->(13,10,33.1964)->(12,10,34.5142)->(11,10,37.1426)->(11,9,5018.76)->
Agent 68:(30,24,3.72832)->(30,23,6.87084)->(30,22,8.18868)->(30,21,8.87084)->(30,20,9.43868)->(30,19,9.97458)->(30,18,10.5424)->(30,17,11.2246)->(30,16,12.5424)->(30,15,14.7566)->(29,15,16.9708)->(28,15,18.2887)->(27,15,18.9708)->(26,15,19.5387)->(25,15,20.0566)->(24,15,20.5566)->(23,15,21.0566)->(22,15,21.5566)->(21,15,22.0566)->(20,15,22.5566)->(19,15,23.0566)->(18,15,23.5746)->(17,15,24.1424)->(16,15,24.8246)->(15,15,26.1424)->(14,15,5012.78)->
Agent 69:(26,31,3.84636)->(26,30,7.10694)->(26,29,8.42478)->(26,28,9.10694)->(26,27,9.67478)->(26,26,10.1927)->(26,25,10.6927)->(26,24,11.1927)->(26,23,11.7107)->(26,22,12.2785)->(26,21,12.9607)->(26,20,14.2785)->(26,19,23.0606)->(25,19,31.8426)->(24,19,33.1605)->(23,19,33.8426)->(22,19,34.4105)->(21,19,34.9284)->(20,19,35.4284)->(19,19,35.9284)->(18,19,36.4284)->(17,19,36.9284)->(16,19,37.4464)->(15,19,38.0142)->(14,19,38.6964)->(13,19,40.0142)->(12,19,5019.71)->
Agent 70:(7,18,2.2)->(7,17,3.84949)->(7,16,5.84949)->(7,15,8.09898)->(6,15,10.3485)->(5,15,12.3485)->(4,15,20.299)->(5,15,28.8)->(6,15,5014.4)->
Agent 71:(18,19,1.8)->(17,19,3.01421)->(16,19,4.34806)->(15,19,5.17649)->(14,19,6.51034)->(13,19,9.13877)->(13,20,5004.76)->
Agent 72:(19,19,1.88205)->(19,20,3.17832)->(19,21,4.49615)->(19,22,5.17832)->(19,23,5.74615)->(19,24,6.2641)->(19,25,6.7641)->(19,26,7.28205)->(19,27,7.84989)->(19,28,8.53205)->(19,29,9.84989)->(19,30,12.0641)->(20,30,14.2783)->(21,30,15.5962)->(22,30,16.2783)->(23,30,16.8462)->(24,30,17.3821)->(25,30,17.9499)->(26,30,18.6321)->(27,30,19.9499)->(28,30,5009.68)->
Agent 73:(30,10,1.3)->(30,11,2.01421)->(30,12,3.33205)->(30,13,4.0641)->(30,14,4.79615)->(30,15,6.11399)->(30,16,8.3282)->(29,16,10.5424)->(28,16,11.8603)->(27,16,12.5424)->(26,16,13.1103)->(25,16,13.6282)->(24,16,14.1282)->(23,16,14.6282)->(22,16,15.1282)->(21,16,15.6282)->(20,16,16.1282)->(19,16,16.6282)->(18,16,17.1282)->(17,16,17.6282)->(16,16,18.1282)->(15,16,18.6282)->(14,16,19.1282)->(13,16,19.6282)->(12,16,20.1282)->(11,16,20.6282)->(10,16,21.1282)->(9,16,21.6282)->(8,16,22.1282)->(7,16,22.6282)->(6,16,23.1282)->(5,16,23.6282)->(4,16,24.1462)->(3,16,24.714)->(2,16,25.3962)->(1,16,26.714)->(0,16,28.9282)->(0,17,31.7282)->(0,18,5015.86)->
Agent 74:(30,29,2.87458)->(30,28,5.16337)->(30,27,6.48121)->(30,26,7.16337)->(30,25,7.74916)->(30,24,8.33495)->(30,23,9.01711)->(30,22,10.3349)->(30,21,12.5492)->(29,21,14.7634)->(28,21,16.0812)->(27,21,16.7634)->(26,21,17.3312)->(25,21,17.8492)->(24,21,18.3492)->(23,21,18.8492)->(22,21,19.3492)->(21,21,19.8492)->(20,21,20.3492)->(19,21,20.8492)->(18,21,21.3492)->(17,21,21.8492)->(16,21,22.3492)->(15,21,22.8492)->(14,21,23.3492)->(13,21,23.8492)->(12,21,24.3492)->(11,21,24.8671)->(10,21,25.4349)->(9,21,26.1171)->(8,21,27.4349)->(7,21,5013.42)->
Agent 75:(19,27,1.3)->(19,28,2.6)->(19,29,5.51784)->(20,29,7.84989)->(21,29,9.2641)->(22,29,10.6783)->(23,29,19.1604)->(23,28,28.2282)->(23,27,5014.11)->
Agent 76:(1,20,1.3)->(1,21,2.01421)->(1,22,3.33205)->(1,23,4.01421)->(1,24,4.58205)->(1,25,5.1)->(1,26,5.61795)->(1,27,6.18579)->(1,28,6.86795)->(1,29,8.18579)->(1,30,11.8679)->(2,30,15.5501)->(3,30,16.8679)->(4,30,17.5501)->(5,30,18.1179)->(6,30,18.6359)->(7,30,19.1359)->(8,30,19.6359)->(9,30,20.1359)->(10,30,20.6359)->(11,30,21.1359)->(12,30,21.6359)->(13,30,22.1359)->(14,30,22.6359)->(15,30,23.1359)->(16,30,23.6359)->(17,30,24.1359)->(18,30,24.6359)->(19,30,25.1359)->(20,30,25.6538)->(21,30,26.2217)->(22,30,26.9038)->(23,30,28.2217)->(24,30,5013.82)->
Agent 77:(16,0,1.3)->(16,1,2.01421)->(16,2,3.33205)->(16,3,4.01421)->(16,4,4.58205)->(16,5,5.1)->(16,6,5.6)->(16,7,6.1)->(16,8,6.6)->(16,9,7.1)->(16,10,7.6)->(16,11,8.1)->(16,12,8.6)->(16,13,9.11795)->(16,14,9.68579)->(16,15,10.3679)->(16,16,11.6858)->(16,17,13.9)->(17,17,16.1142)->(18,17,17.4321)->(19,17,18.1142)->(20,17,18.6821)->(21,17,19.2)->(22,17,19.7179)->(23,17,20.2858)->(24,17,20.9679)->(25,17,22.2858)->(26,17,5010.85)->
Agent 78:(14,27,1.8)->(13,27,3.6)->(12,27,6.4)->(12,26,8.61421)->(12,25,9.93205)->(12,24,10.6142)->(12,23,11.1821)->(12,22,11.7)->(12,21,12.2)->(12,20,12.7)->(12,19,13.2)->(12,18,13.7)->(12,17,14.2)->(12,16,14.7)->(12,15,15.2)->(12,14,15.7)->(12,13,16.2)->(12,12,16.7)->(12,11,17.2)->(12,10,17.7)->(12,9,18.2)->(12,8,18.7)->(12,7,19.2)->(12,6,19.7)->(12,5,20.2)->(12,4,20.7179)->(12,3,21.2858)->(12,2,21.9679)->(12,1,23.2858)->(12,0,25.9142)->(11,0,33.4284)->(11,1,5018.86)->
Agent 79:(18,13,2.61421)->(18,12,5.75)->(17,12,8.51421)->(16,12,9.83205)->(15,12,10.5238)->(14,12,11.1595)->(13,12,11.8513)->(12,12,13.1691)->(11,12,5006.29)->
