Agent 0:(4,8,2.61421)->(4,7,9.91795)->(5,7,17.4359)->(6,7,25.9676)->(6,8,34.4992)->(6,9,5017.25)->
Agent 1:(7,13,2.61421)->(7,12,5.61421)->(8,12,8.24264)->(9,12,9.56048)->(10,12,10.2522)->(11,12,10.8879)->(12,12,11.5797)->(13,12,12.8975)->(14,12,5006.16)->
Agent 2:(8,4,3.45)->(9,4,6.31421)->(10,4,7.63205)->(11,4,8.31421)->(12,4,8.88205)->(13,4,9.4)->(14,4,9.9)->(15,4,10.4)->(16,4,10.9)->(17,4,11.4)->(18,4,11.9)->(19,4,12.4179)->(20,4,12.9858)->(21,4,13.6679)->(22,4,14.9858)->(23,4,17.2784)->(23,5,19.5711)->(23,6,20.8889)->(23,7,21.5711)->(23,8,22.1389)->(23,9,22.6569)->(23,10,23.1748)->(23,11,23.7426)->(23,12,24.4248)->(23,13,25.7426)->(23,14,27.9569)->(24,14,30.7569)->(25,14,33.5569)->(25,15,35.8063)->(25,16,37.8063)->(25,17,5018.63)->
Agent 3:(18,15,1.71421)->(18,16,4.97649)->(19,16,8.7672)->(20,16,10.085)->(21,16,10.7672)->(22,16,11.335)->(23,16,11.853)->(24,16,12.353)->(25,16,12.8709)->(26,16,13.4388)->(27,16,14.1209)->(28,16,15.4388)->(29,16,17.653)->(29,17,19.8672)->(29,18,21.185)->(29,19,21.8672)->(29,20,22.435)->(29,21,22.9709)->(29,22,23.5388)->(29,23,24.2209)->(29,24,25.5388)->(29,25,5012.48)->
Agent 4:(4,26,1.71421)->(4,27,4.69626)->(5,27,8.20674)->(6,27,9.52458)->(7,27,10.2067)->(8,27,10.7746)->(9,27,11.3105)->(10,27,11.8783)->(11,27,12.5605)->(12,27,13.8783)->(13,27,5006.65)->
Agent 5:(16,0,6.21795)->(15,0,11.8501)->(14,0,13.1679)->(13,0,13.8501)->(12,0,14.4179)->(11,0,14.9359)->(10,0,15.4359)->(9,0,15.9359)->(8,0,16.4359)->(7,0,16.9359)->(6,0,17.4538)->(5,0,18.0217)->(4,0,18.7038)->(3,0,20.0217)->(2,0,23.8)->(2,1,27.5783)->(2,2,28.8962)->(2,3,29.5783)->(2,4,30.1462)->(2,5,30.6641)->(2,6,31.1641)->(2,7,31.6641)->(2,8,32.1641)->(2,9,32.6641)->(2,10,33.1641)->(2,11,33.6641)->(2,12,34.1641)->(2,13,34.6641)->(2,14,35.1641)->(2,15,35.6641)->(2,16,36.1641)->(2,17,36.6641)->(2,18,37.1641)->(2,19,37.6641)->(2,20,38.1641)->(2,21,38.6641)->(2,22,39.1641)->(2,23,39.6641)->(2,24,40.1821)->(2,25,40.7499)->(2,26,41.4321)->(2,27,42.7499)->(2,28,5021.08)->
Agent 6:(29,15,3.94626)->(29,14,12.7585)->(29,15,19.8672)->(29,16,21.201)->(29,17,22.0295)->(29,18,23.3633)->(29,19,5011.39)->
Agent 7:(23,6,4.71795)->(23,7,8.85011)->(23,8,10.1679)->(23,9,10.8501)->(23,10,11.4179)->(23,11,11.9538)->(23,12,12.5217)->(23,13,13.2038)->(23,14,14.5217)->(23,15,5006.97)->
Agent 8:(10,10,1.71421)->(10,11,5.51795)->(10,10,9.85011)->(10,9,11.1679)->(10,8,11.8501)->(10,7,12.4179)->(10,6,12.9359)->(10,5,13.4359)->(10,4,13.9538)->(10,3,14.5217)->(10,2,15.2038)->(10,1,16.5217)->(10,0,18.7359)->(9,0,21.5359)->(8,0,5010.77)->
Agent 9:(11,18,1.3)->(11,19,2.01421)->(11,20,3.33205)->(11,21,4.01421)->(11,22,4.58205)->(11,23,5.1)->(11,24,5.61795)->(11,25,6.18579)->(11,26,6.86795)->(11,27,8.18579)->(11,28,10.5976)->(12,28,13.0093)->(13,28,14.3272)->(14,28,15.0093)->(15,28,15.5772)->(16,28,16.0951)->(17,28,16.5951)->(18,28,17.0951)->(19,28,17.5951)->(20,28,18.0951)->(21,28,18.6131)->(22,28,19.1809)->(23,28,19.8631)->(24,28,21.1809)->(25,28,23.8093)->(25,27,27.8093)->(25,28,31.4235)->(25,29,5015.71)->
Agent 10:(13,11,6.12792)->(12,11,11.67)->(11,11,12.9879)->(10,11,13.67)->(9,11,14.2379)->(8,11,14.7558)->(7,11,15.2558)->(6,11,15.7558)->(5,11,16.2558)->(4,11,16.7738)->(3,11,17.3416)->(2,11,18.0238)->(1,11,19.3416)->(0,11,21.5558)->(0,12,24.3558)->(0,13,5012.18)->
Agent 11:(12,12,4.06048)->(12,13,7.53517)->(12,14,8.85301)->(12,15,9.53517)->(12,16,10.103)->(12,17,10.621)->(12,18,11.121)->(12,19,11.621)->(12,20,12.121)->(12,21,12.621)->(12,22,13.121)->(12,23,13.621)->(12,24,14.1389)->(12,25,14.7067)->(12,26,15.3889)->(12,27,16.7067)->(12,28,18.921)->(13,28,21.1352)->(14,28,22.453)->(15,28,23.1352)->(16,28,23.703)->(17,28,24.221)->(18,28,24.721)->(19,28,25.221)->(20,28,25.721)->(21,28,26.221)->(22,28,26.721)->(23,28,27.221)->(24,28,27.721)->(25,28,28.2389)->(26,28,28.8067)->(27,28,29.4889)->(28,28,30.8067)->(29,28,5015.11)->
Agent 12:(9,13,3.42843)->(9,14,6.27107)->(9,15,7.58891)->(9,16,8.27107)->(9,17,8.83891)->(9,18,9.35685)->(9,19,9.85685)->(9,20,10.3569)->(9,21,10.8569)->(9,22,11.3569)->(9,23,11.8569)->(9,24,12.3569)->(9,25,12.8569)->(9,26,13.3569)->(9,27,13.8748)->(9,28,14.4426)->(9,29,15.1248)->(9,30,16.4426)->(9,31,18.6569)->(10,31,20.8711)->(11,31,22.1889)->(12,31,22.8711)->(13,31,23.4389)->(14,31,23.9569)->(15,31,24.4569)->(16,31,24.9569)->(17,31,25.4569)->(18,31,25.9569)->(19,31,26.4569)->(20,31,26.9748)->(21,31,27.5426)->(22,31,28.2248)->(23,31,29.5426)->(24,31,5014.48)->
Agent 13:(30,16,1.8)->(29,16,3.01421)->(28,16,4.42843)->(27,16,5.84264)->(26,16,8.47107)->(26,17,12.6106)->(25,17,15.7785)->(24,17,17.0964)->(23,17,17.7785)->(22,17,18.3464)->(21,17,18.8643)->(20,17,19.3643)->(19,17,19.8643)->(18,17,20.3643)->(17,17,20.8823)->(16,17,21.4501)->(15,17,22.1323)->(14,17,23.4501)->(13,17,5011.43)->
Agent 14:(27,7,2.46795)->(26,7,4.35011)->(25,7,5.66795)->(24,7,6.35011)->(23,7,6.91795)->(22,7,7.4359)->(21,7,7.9359)->(20,7,8.4359)->(19,7,8.9359)->(18,7,9.4359)->(17,7,9.9359)->(16,7,10.4359)->(15,7,10.9359)->(14,7,11.4359)->(13,7,11.9359)->(12,7,12.4538)->(11,7,13.0217)->(10,7,13.7038)->(9,7,15.0217)->(8,7,18.6283)->(8,8,22.2349)->(8,9,23.5528)->(8,10,24.2349)->(8,11,24.8207)->(8,12,25.4065)->(8,13,26.0887)->(8,14,27.4065)->(8,15,5013.41)->
Agent 15:(22,29,2.2)->(22,28,3.81421)->(22,27,5.13205)->(22,26,5.8641)->(22,25,6.59615)->(22,24,7.91399)->(22,23,10.1282)->(23,23,12.3424)->(24,23,13.6603)->(25,23,14.3923)->(26,23,15.1244)->(27,23,16.4422)->(28,23,19.0706)->(28,24,5009.73)->
Agent 16:(5,5,1.3)->(5,6,2.04949)->(5,7,4.04949)->(5,8,6.29898)->(4,8,8.51319)->(3,8,9.92741)->(2,8,11.3416)->(1,8,5005.38)->
Agent 17:(7,29,5.62792)->(7,28,10.67)->(7,27,11.9879)->(7,26,12.67)->(7,25,13.2379)->(7,24,13.7558)->(7,23,14.2558)->(7,22,14.7558)->(7,21,15.2558)->(7,20,15.7558)->(7,19,16.2738)->(7,18,16.8416)->(7,17,17.5238)->(7,16,18.8416)->(7,15,21.0558)->(8,15,23.27)->(9,15,24.5879)->(10,15,25.2797)->(11,15,25.9153)->(12,15,26.6071)->(13,15,27.9249)->(14,15,5013.67)->
Agent 18:(6,26,2.71795)->(6,25,4.85011)->(6,24,6.16795)->(6,23,6.85011)->(6,22,7.41795)->(6,21,7.9359)->(6,20,8.4359)->(6,19,8.9359)->(6,18,9.4359)->(6,17,9.9359)->(6,16,10.4359)->(6,15,10.9359)->(6,14,11.4359)->(6,13,11.9359)->(6,12,12.4359)->(6,11,12.9359)->(6,10,13.4538)->(6,9,14.0217)->(6,8,14.7038)->(6,7,16.0217)->(6,6,18.2359)->(5,6,20.4854)->(4,6,22.4854)->(3,6,24.7349)->(3,5,27.5349)->(3,4,34.7676)->(4,4,5019.59)->
Agent 19:(29,4,1.3)->(29,5,2.01421)->(29,6,3.33205)->(29,7,4.02382)->(29,8,4.65949)->(29,9,5.35126)->(29,10,6.6691)->(29,11,10.8591)->(28,11,15.0491)->(27,11,16.3669)->(26,11,17.0491)->(25,11,17.6169)->(24,11,18.1349)->(23,11,18.6349)->(22,11,19.1349)->(21,11,19.6349)->(20,11,20.1349)->(19,11,20.6349)->(18,11,21.1349)->(17,11,21.6349)->(16,11,22.1349)->(15,11,22.6349)->(14,11,23.1349)->(13,11,23.6528)->(12,11,24.2207)->(11,11,24.9028)->(10,11,26.2207)->(9,11,28.4349)->(9,12,30.6491)->(9,13,31.9669)->(9,14,32.6491)->(9,15,33.2169)->(9,16,33.7349)->(9,17,34.2349)->(9,18,34.7349)->(9,19,35.2349)->(9,20,35.7349)->(9,21,36.2349)->(9,22,36.7349)->(9,23,37.2349)->(9,24,37.7349)->(9,25,38.2349)->(9,26,38.7528)->(9,27,39.3207)->(9,28,40.0028)->(9,29,41.3207)->(9,30,43.9491)->(8,30,5022.17)->
Agent 20:(10,30,2.63216)->(10,29,4.67854)->(10,28,5.99638)->(10,27,6.67854)->(10,26,7.24638)->(10,25,7.76433)->(10,24,8.28227)->(10,23,8.85011)->(10,22,9.53227)->(10,21,10.8501)->(10,20,13.0643)->(9,20,15.2785)->(8,20,16.5964)->(7,20,17.2881)->(6,20,17.9238)->(5,20,18.6156)->(4,20,19.9334)->(3,20,5009.67)->
Agent 21:(31,5,1.3)->(31,6,2.01421)->(31,7,3.33205)->(31,8,4.01421)->(31,9,4.58205)->(31,10,5.1)->(31,11,5.6)->(31,12,6.1)->(31,13,6.6)->(31,14,7.1)->(31,15,7.6)->(31,16,8.1)->(31,17,8.61795)->(31,18,9.18579)->(31,19,9.86795)->(31,20,11.1858)->(31,21,13.4)->(30,21,15.6142)->(29,21,16.9321)->(28,21,17.6142)->(27,21,18.1821)->(26,21,18.7)->(25,21,19.2)->(24,21,19.7)->(23,21,20.2)->(22,21,20.7)->(21,21,21.2)->(20,21,21.7)->(19,21,22.2)->(18,21,22.7)->(17,21,23.2)->(16,21,23.7179)->(15,21,24.2858)->(14,21,24.9679)->(13,21,26.2858)->(12,21,28.9142)->(12,20,33.3284)->(12,21,37.7426)->(11,21,40.3711)->(10,21,41.6889)->(9,21,42.3711)->(8,21,42.9389)->(7,21,43.4569)->(6,21,43.9569)->(5,21,44.4569)->(4,21,44.9748)->(3,21,45.5426)->(2,21,46.2248)->(1,21,47.5426)->(0,21,5023.48)->
Agent 22:(17,26,2.7641)->(17,25,4.94242)->(17,24,6.26025)->(17,23,6.94242)->(17,22,7.51025)->(17,21,8.0282)->(17,20,8.5282)->(17,19,9.0282)->(17,18,9.5282)->(17,17,10.0282)->(17,16,10.5462)->(17,15,11.114)->(17,14,11.7962)->(17,13,13.114)->(17,12,15.8622)->(18,12,18.6103)->(19,12,19.9282)->(20,12,20.6103)->(21,12,21.1961)->(22,12,21.7819)->(23,12,22.4641)->(24,12,23.7819)->(25,12,5011.6)->
Agent 23:(6,27,4.32843)->(6,26,8.07107)->(6,25,9.38891)->(6,24,10.0711)->(6,23,10.6389)->(6,22,11.1569)->(6,21,11.6569)->(6,20,12.1569)->(6,19,12.6569)->(6,18,13.1569)->(6,17,13.6748)->(6,16,14.2426)->(6,15,14.9248)->(6,14,16.2426)->(6,13,19.7747)->(7,13,23.3067)->(8,13,24.6246)->(9,13,25.3067)->(10,13,25.8746)->(11,13,26.3925)->(12,13,26.8925)->(13,13,27.3925)->(14,13,27.8925)->(15,13,28.3925)->(16,13,28.8925)->(17,13,29.3925)->(18,13,29.9105)->(19,13,30.4783)->(20,13,31.1605)->(21,13,32.4783)->(22,13,5015.95)->
Agent 24:(2,23,1.88216)->(3,23,3.17854)->(4,23,4.49638)->(5,23,5.17854)->(6,23,5.74638)->(7,23,6.26433)->(8,23,6.76433)->(9,23,7.26433)->(10,23,7.76433)->(11,23,8.26433)->(12,23,8.76433)->(13,23,9.28227)->(14,23,9.85011)->(15,23,10.5323)->(16,23,11.8501)->(17,23,14.0643)->(17,22,16.2785)->(17,21,17.5964)->(17,20,18.2785)->(17,19,18.8464)->(17,18,19.3643)->(17,17,19.8643)->(17,16,20.3643)->(17,15,20.8643)->(17,14,21.3643)->(17,13,21.8643)->(17,12,22.3823)->(17,11,22.9501)->(17,10,23.6323)->(17,9,24.9501)->(17,8,27.5785)->(18,8,5013.98)->
Agent 25:(26,21,2.21421)->(27,21,4.81421)->(27,20,7.44264)->(27,19,8.76048)->(27,18,9.44264)->(27,17,10.0105)->(27,16,10.5284)->(27,15,11.0284)->(27,14,11.5464)->(27,13,12.1142)->(27,12,12.7964)->(27,11,14.1142)->(27,10,19.4969)->(27,11,24.9148)->(27,12,26.9148)->(27,13,30.4464)->(26,13,5015.85)->
Agent 26:(9,3,1.8)->(10,3,3.01421)->(11,3,4.33205)->(12,3,5.0641)->(13,3,5.79615)->(14,3,7.11399)->(15,3,10.5719)->(15,4,14.0299)->(15,5,15.3477)->(15,6,16.0395)->(15,7,16.6752)->(15,8,17.3669)->(15,9,18.6848)->(15,10,21.2317)->(16,10,23.7785)->(17,10,25.0964)->(18,10,25.7785)->(19,10,26.3464)->(20,10,26.8823)->(21,10,27.4501)->(22,10,28.1323)->(23,10,29.4501)->(24,10,32.0785)->(24,11,5016.23)->
Agent 27:(19,26,2.21421)->(18,26,4.81421)->(18,25,7.44264)->(18,24,8.76048)->(18,23,9.44264)->(18,22,10.0284)->(18,21,10.6142)->(18,20,11.2964)->(18,19,12.6142)->(18,18,5006.01)->
Agent 28:(3,29,2.2)->(3,28,3.81421)->(3,27,5.13205)->(3,26,5.81421)->(3,25,6.38205)->(3,24,6.9)->(3,23,7.4)->(3,22,7.9)->(3,21,8.4)->(3,20,8.9)->(3,19,9.4)->(3,18,9.9)->(3,17,10.4)->(3,16,10.9)->(3,15,11.4)->(3,14,11.9)->(3,13,12.4)->(3,12,12.9)->(3,11,13.4)->(3,10,13.9)->(3,9,14.4)->(3,8,14.9)->(3,7,15.4)->(3,6,15.9179)->(3,5,16.4858)->(3,4,17.1679)->(3,3,18.4858)->(3,2,20.7)->(4,2,22.9142)->(5,2,24.2321)->(6,2,24.9142)->(7,2,25.4821)->(8,2,26)->(9,2,26.5)->(10,2,27)->(11,2,27.5)->(12,2,28)->(13,2,28.5)->(14,2,29)->(15,2,29.5)->(16,2,30.0179)->(17,2,30.5858)->(18,2,31.2679)->(19,2,32.5858)->(20,2,34.8)->(20,1,37.6)->(20,0,5018.8)->
Agent 29:(20,12,1.3)->(20,13,2.01421)->(20,14,3.33205)->(20,15,4.01421)->(20,16,4.58205)->(20,17,5.1)->(20,18,5.6)->(20,19,6.1)->(20,20,6.6)->(20,21,7.11795)->(20,22,7.68579)->(20,23,8.36795)->(20,24,9.68579)->(20,25,11.9)->(19,25,14.1142)->(18,25,15.4321)->(17,25,16.1142)->(16,25,16.6821)->(15,25,17.2)->(14,25,17.7)->(13,25,18.2)->(12,25,18.7)->(11,25,19.2)->(10,25,19.7)->(9,25,20.2)->(8,25,20.7)->(7,25,21.2179)->(6,25,21.7858)->(5,25,22.4679)->(4,25,23.7858)->(3,25,26.4142)->(3,24,31.5)->(3,25,5016.69)->
Agent 30:(22,23,2.21421)->(21,23,4.81421)->(21,22,8.02843)->(21,21,10.8284)->(20,21,13.0426)->(19,21,14.3605)->(18,21,15.0426)->(17,21,15.6105)->(16,21,16.1284)->(15,21,16.6284)->(14,21,17.1284)->(13,21,17.6284)->(12,21,18.1284)->(11,21,18.6284)->(10,21,19.1464)->(9,21,19.7142)->(8,21,20.3964)->(7,21,21.7142)->(6,21,24.3426)->(6,22,5012.36)->
Agent 31:(17,31,3.96228)->(17,30,8.31034)->(16,30,11.5246)->(15,30,5005.76)->
Agent 32:(8,10,1.8)->(9,10,3.01421)->(10,10,4.33205)->(11,10,5.01421)->(12,10,5.6)->(13,10,6.18579)->(14,10,6.86795)->(15,10,8.18579)->(16,10,13.8)->(16,11,19.4142)->(16,12,20.7321)->(16,13,21.4142)->(16,14,21.9821)->(16,15,22.5)->(16,16,23)->(16,17,23.5)->(16,18,24)->(16,19,24.5)->(16,20,25)->(16,21,25.5179)->(16,22,26.0858)->(16,23,26.7679)->(16,24,28.0858)->(16,25,5013.75)->
Agent 33:(11,0,1.8)->(10,0,3.6)->(9,0,9.51795)->(9,1,14.8501)->(9,2,16.1679)->(9,3,16.8501)->(9,4,17.4359)->(9,5,18.0217)->(9,6,18.7038)->(9,7,20.0217)->(9,8,5009.72)->
Agent 34:(0,22,2.2)->(0,21,3.84949)->(0,20,5.84949)->(0,19,8.52741)->(1,19,11.17)->(2,19,12.4879)->(3,19,13.17)->(4,19,13.7379)->(5,19,14.2558)->(6,19,14.7558)->(7,19,15.2558)->(8,19,15.7558)->(9,19,16.2558)->(10,19,16.7558)->(11,19,17.2558)->(12,19,17.7558)->(13,19,18.2558)->(14,19,18.7558)->(15,19,19.2558)->(16,19,19.7738)->(17,19,20.3416)->(18,19,21.0238)->(19,19,22.3416)->(20,19,5010.88)->
Agent 35:(17,14,1.71421)->(17,15,5.04433)->(18,15,8.90287)->(19,15,10.2207)->(20,15,10.9029)->(21,15,11.4707)->(22,15,11.9887)->(23,15,12.4887)->(24,15,12.9887)->(25,15,13.4887)->(26,15,13.9887)->(27,15,14.5066)->(28,15,15.0744)->(29,15,15.7566)->(30,15,17.0744)->(31,15,19.2887)->(31,16,21.5029)->(31,17,22.8207)->(31,18,23.5029)->(31,19,24.0707)->(31,20,24.5887)->(31,21,25.0887)->(31,22,25.5887)->(31,23,26.0887)->(31,24,26.5887)->(31,25,27.0887)->(31,26,27.6066)->(31,27,28.1744)->(31,28,28.8566)->(31,29,30.1744)->(31,30,5014.79)->
Agent 36:(27,6,3.9859)->(26,6,7.38601)->(25,6,8.70385)->(24,6,9.38601)->(23,6,9.95385)->(22,6,10.4718)->(21,6,10.9718)->(20,6,11.4718)->(19,6,11.9718)->(18,6,12.4718)->(17,6,12.9718)->(16,6,13.4718)->(15,6,13.9718)->(14,6,14.4718)->(13,6,14.9718)->(12,6,15.4718)->(11,6,15.9897)->(10,6,16.5576)->(9,6,17.2397)->(8,6,18.5576)->(7,6,20.7718)->(7,7,23.0213)->(7,8,25.0213)->(7,9,27.685)->(6,9,31.285)->(6,10,33.9487)->(6,11,35.9487)->(6,12,5017.7)->
Agent 37:(12,11,4.06795)->(12,10,7.58539)->(12,9,9.58539)->(12,8,11.8349)->(13,8,14.0491)->(14,8,15.3669)->(15,8,16.0491)->(16,8,16.6169)->(17,8,17.1349)->(18,8,17.6349)->(19,8,18.1349)->(20,8,18.6349)->(21,8,19.1349)->(22,8,19.6349)->(23,8,20.1349)->(24,8,20.6349)->(25,8,21.1528)->(26,8,21.7207)->(27,8,22.4028)->(28,8,23.7207)->(29,8,5011.57)->
Agent 38:(30,17,1.8)->(29,17,3.01421)->(28,17,4.34806)->(27,17,5.17649)->(26,17,6.51034)->(25,17,8.72456)->(25,16,10.9388)->(25,15,12.2566)->(25,14,12.9388)->(25,13,13.5246)->(25,12,14.1103)->(25,11,14.7925)->(25,10,16.1103)->(25,9,18.7388)->(24,9,5009.56)->
Agent 39:(28,2,1.8)->(27,2,3.01421)->(26,2,4.33205)->(25,2,5.01421)->(24,2,5.58205)->(23,2,6.1)->(22,2,6.6)->(21,2,7.1)->(20,2,7.6)->(19,2,8.1)->(18,2,8.61795)->(17,2,9.18579)->(16,2,9.86795)->(15,2,11.1858)->(14,2,13.4)->(14,1,16.2)->(14,0,19)->(13,0,21.2142)->(12,0,22.6284)->(11,0,24.0426)->(10,0,27.0284)->(10,1,30.6)->(10,2,5015.3)->
Agent 40:(19,14,2.2)->(19,13,3.81421)->(19,12,5.13205)->(19,11,5.81421)->(19,10,6.38205)->(19,9,6.9)->(19,8,7.4)->(19,7,7.91795)->(19,6,8.48579)->(19,5,9.16795)->(19,4,10.4858)->(19,3,12.7)->(18,3,14.9142)->(17,3,16.2321)->(16,3,16.9142)->(15,3,17.4821)->(14,3,18)->(13,3,18.5)->(12,3,19)->(11,3,19.5)->(10,3,20)->(9,3,20.5)->(8,3,21)->(7,3,21.5)->(6,3,22)->(5,3,22.5179)->(4,3,23.0858)->(3,3,23.7679)->(2,3,25.0858)->(1,3,27.7142)->(1,4,5014.05)->
Agent 41:(1,31,3.21421)->(1,30,5.84264)->(1,29,7.16048)->(1,28,7.84264)->(1,27,8.42843)->(1,26,9.01421)->(1,25,9.69638)->(1,24,11.0142)->(1,23,13.2284)->(2,23,15.4426)->(3,23,16.7605)->(4,23,17.4426)->(5,23,18.0105)->(6,23,18.5284)->(7,23,19.0464)->(8,23,19.6142)->(9,23,20.2964)->(10,23,21.6142)->(11,23,29.3817)->(10,23,37.7349)->(9,23,5018.87)->
Agent 42:(31,14,1.8)->(30,14,3.01421)->(29,14,4.33205)->(28,14,5.01421)->(27,14,5.58205)->(26,14,6.1)->(25,14,6.6)->(24,14,7.1)->(23,14,7.6)->(22,14,8.11795)->(21,14,8.68579)->(20,14,9.36795)->(19,14,10.6858)->(18,14,12.9)->(18,13,15.1142)->(18,12,16.4481)->(18,11,17.2765)->(18,10,18.6103)->(18,9,5009.01)->
Agent 43:(5,20,2.2)->(5,19,3.81421)->(5,18,5.13205)->(5,17,5.82382)->(5,16,6.45949)->(5,15,7.15126)->(5,14,8.4691)->(5,13,11.3559)->(6,13,14.2426)->(7,13,15.5605)->(8,13,16.2426)->(9,13,16.8105)->(10,13,17.3284)->(11,13,17.8284)->(12,13,18.3284)->(13,13,18.8284)->(14,13,19.3284)->(15,13,19.8284)->(16,13,20.3284)->(17,13,20.8284)->(18,13,21.3284)->(19,13,21.8284)->(20,13,22.3284)->(21,13,22.8284)->(22,13,23.3284)->(23,13,23.8284)->(24,13,24.3284)->(25,13,24.8284)->(26,13,25.3284)->(27,13,25.8464)->(28,13,26.4142)->(29,13,27.0964)->(30,13,28.4142)->(31,13,5013.91)->
Agent 44:(26,22,1.3)->(26,23,2.6)->(26,24,13.8821)->(25,24,24.5783)->(24,24,25.8962)->(23,24,26.5783)->(22,24,27.1462)->(21,24,27.6641)->(20,24,28.1641)->(19,24,28.6641)->(18,24,29.1641)->(17,24,29.6641)->(16,24,30.1641)->(15,24,30.6641)->(14,24,31.1641)->(13,24,31.6641)->(12,24,32.1641)->(11,24,32.6641)->(10,24,33.1641)->(9,24,33.6641)->(8,24,34.1641)->(7,24,34.6641)->(6,24,35.1641)->(5,24,35.6821)->(4,24,36.2499)->(3,24,36.9321)->(2,24,38.2499)->(1,24,5018.83)->
Agent 45:(29,29,2.2)->(29,28,3.81421)->(29,27,5.13205)->(29,26,5.81421)->(29,25,6.4)->(29,24,6.98579)->(29,23,7.66795)->(29,22,8.98579)->(29,21,11.2)->(28,21,13.4142)->(27,21,14.7321)->(26,21,15.4142)->(25,21,15.9821)->(24,21,16.5)->(23,21,17)->(22,21,17.5)->(21,21,18)->(20,21,18.5)->(19,21,19)->(18,21,19.5)->(17,21,20)->(16,21,20.5)->(15,21,21)->(14,21,21.5)->(13,21,22)->(12,21,22.5179)->(11,21,23.0858)->(10,21,23.7679)->(9,21,25.0858)->(8,21,27.7142)->(8,20,5014.05)->
Agent 46:(12,20,1.3)->(12,21,2.01421)->(12,22,3.42843)->(12,23,4.84264)->(12,24,7.05685)->(11,24,9.27107)->(10,24,10.5889)->(9,24,11.2711)->(8,24,11.8569)->(7,24,12.4426)->(6,24,13.1248)->(5,24,14.4426)->(4,24,21.2464)->(4,23,28.0501)->(4,22,29.3679)->(4,21,30.0501)->(4,20,30.6179)->(4,19,31.1359)->(4,18,31.6359)->(4,17,32.1359)->(4,16,32.6359)->(4,15,33.1359)->(4,14,33.6359)->(4,13,34.1359)->(4,12,34.6359)->(4,11,35.1359)->(4,10,35.6359)->(4,9,36.1359)->(4,8,36.6359)->(4,7,37.1359)->(4,6,37.6359)->(4,5,38.1359)->(4,4,38.6538)->(4,3,39.2217)->(4,2,39.9038)->(4,1,41.2217)->(4,0,5020.32)->
Agent 47:(10,24,2.42382)->(10,23,4.26185)->(10,22,5.57969)->(10,21,6.26185)->(10,20,6.82969)->(10,19,7.34764)->(10,18,7.84764)->(10,17,8.34764)->(10,16,8.86559)->(10,15,9.43343)->(10,14,10.1156)->(10,13,11.4334)->(10,12,13.6476)->(11,12,15.8971)->(12,12,17.8971)->(13,12,5008.67)->
Agent 48:(19,30,1.8)->(18,30,3.01421)->(17,30,4.34806)->(16,30,5.17649)->(15,30,6.51034)->(14,30,8.72456)->(14,29,10.974)->(14,28,12.974)->(14,27,19.2185)->(14,28,5011.59)->
Agent 49:(31,19,1.8)->(30,19,3.01421)->(29,19,4.33205)->(28,19,5.01421)->(27,19,5.58205)->(26,19,6.1)->(25,19,6.61795)->(24,19,7.18579)->(23,19,7.86795)->(22,19,9.18579)->(21,19,11.6174)->(21,18,14.0491)->(21,17,15.3669)->(21,16,16.0491)->(21,15,16.6169)->(21,14,17.1349)->(21,13,17.6349)->(21,12,18.1349)->(21,11,18.6349)->(21,10,19.1349)->(21,9,19.6528)->(21,8,20.2207)->(21,7,20.9028)->(21,6,22.2207)->(21,5,5010.82)->
Agent 50:(7,28,4.39626)->(7,27,8.20674)->(7,26,9.52458)->(7,25,10.2067)->(7,24,10.7746)->(7,23,11.2925)->(7,22,11.7925)->(7,21,12.2925)->(7,20,12.7925)->(7,19,13.2925)->(7,18,13.7925)->(7,17,14.3105)->(7,16,14.8783)->(7,15,15.5605)->(7,14,16.8783)->(7,13,19.0925)->(8,13,21.3067)->(9,13,22.6246)->(10,13,23.3067)->(11,13,23.8746)->(12,13,24.3925)->(13,13,24.8925)->(14,13,25.3925)->(15,13,25.8925)->(16,13,26.3925)->(17,13,26.8925)->(18,13,27.3925)->(19,13,27.8925)->(20,13,28.4105)->(21,13,28.9783)->(22,13,29.6605)->(23,13,30.9783)->(24,13,5015.2)->
Agent 51:(24,18,3.06795)->(24,17,5.55011)->(24,16,6.86795)->(24,15,7.55011)->(24,14,8.11795)->(24,13,8.6359)->(24,12,9.1359)->(24,11,9.6359)->(24,10,10.1359)->(24,9,10.6359)->(24,8,11.1359)->(24,7,11.6359)->(24,6,12.1359)->(24,5,12.6538)->(24,4,13.2217)->(24,3,13.9038)->(24,2,15.2217)->(24,1,17.8679)->(23,1,20.5142)->(22,1,21.8321)->(21,1,22.5142)->(20,1,23.0821)->(19,1,23.6)->(18,1,24.1)->(17,1,24.6)->(16,1,25.1)->(15,1,25.6)->(14,1,26.1)->(13,1,26.6)->(12,1,27.1)->(11,1,27.6)->(10,1,28.1)->(9,1,28.6)->(8,1,29.1)->(7,1,29.6)->(6,1,30.1179)->(5,1,30.6858)->(4,1,31.3679)->(3,1,32.6858)->(2,1,5016.05)->
Agent 52:(19,22,1.8)->(20,22,3.01421)->(21,22,4.33205)->(22,22,5.02382)->(23,22,5.65949)->(24,22,6.35126)->(25,22,7.6691)->(26,22,14.4559)->(26,21,21.2426)->(26,20,22.5605)->(26,19,23.2426)->(26,18,23.8105)->(26,17,24.3284)->(26,16,24.8284)->(26,15,25.3284)->(26,14,25.8284)->(26,13,26.3284)->(26,12,26.8284)->(26,11,27.3284)->(26,10,27.8284)->(26,9,28.3284)->(26,8,28.8464)->(26,7,29.4142)->(26,6,30.0964)->(26,5,31.4142)->(26,4,5015.41)->
Agent 53:(30,6,1.3)->(30,7,2.01421)->(30,8,3.33205)->(30,9,4.01421)->(30,10,4.58205)->(30,11,5.1)->(30,12,5.6)->(30,13,6.1)->(30,14,6.6)->(30,15,7.1)->(30,16,7.6)->(30,17,8.1)->(30,18,8.6)->(30,19,9.1)->(30,20,9.6)->(30,21,10.1)->(30,22,10.6)->(30,23,11.1179)->(30,24,11.6858)->(30,25,12.3679)->(30,26,13.6858)->(30,27,16.3)->(30,26,18.9142)->(30,25,20.2321)->(30,24,20.9142)->(30,23,21.4821)->(30,22,22)->(30,21,22.5)->(30,20,23)->(30,19,23.5)->(30,18,24)->(30,17,24.5)->(30,16,25)->(30,15,25.5)->(30,14,26)->(30,13,26.5)->(30,12,27)->(30,11,27.5)->(30,10,28)->(30,9,28.5)->(30,8,29)->(30,7,29.5)->(30,6,30.0179)->(30,5,30.5858)->(30,4,31.2679)->(30,3,32.5858)->(30,2,35.2142)->(31,2,5017.8)->
Agent 54:(11,15,2.2)->(11,14,3.81421)->(11,13,5.13205)->(11,12,5.81421)->(11,11,6.38205)->(11,10,6.9)->(11,9,7.4)->(11,8,7.9)->(11,7,8.4)->(11,6,8.91795)->(11,5,9.48579)->(11,4,10.1679)->(11,3,11.4858)->(11,2,13.7)->(12,2,15.9142)->(13,2,17.2321)->(14,2,17.9238)->(15,2,18.5595)->(16,2,19.2513)->(17,2,20.5691)->(18,2,23.7559)->(18,1,27.5284)->(18,0,5013.76)->
Agent 55:(19,29,2.21421)->(20,29,4.81421)->(20,28,8.02843)->(20,27,18.5389)->(20,28,5013.11)->
Agent 56:(26,19,1.71421)->(26,20,10.55)->(25,20,19.9142)->(24,20,21.2321)->(23,20,21.9142)->(22,20,22.4821)->(21,20,23)->(20,20,23.5179)->(19,20,24.0858)->(18,20,24.7679)->(17,20,26.0858)->(16,20,5012.75)->
Agent 57:(0,31,3.12792)->(0,30,5.67005)->(0,29,6.98788)->(0,28,7.67005)->(0,27,8.23788)->(0,26,8.75583)->(0,25,9.25583)->(0,24,9.75583)->(0,23,10.2558)->(0,22,10.7558)->(0,21,11.2558)->(0,20,11.7558)->(0,19,12.2558)->(0,18,12.7558)->(0,17,13.2558)->(0,16,13.7558)->(0,15,14.2558)->(0,14,14.7738)->(0,13,15.3416)->(0,12,16.0238)->(0,11,17.3416)->(0,10,19.5558)->(1,10,21.77)->(2,10,23.0879)->(3,10,23.7797)->(4,10,24.4153)->(5,10,25.1071)->(6,10,26.4249)->(7,10,5012.92)->
Agent 58:(8,31,2.79213)->(8,30,4.99847)->(8,29,6.31631)->(8,28,6.99847)->(8,27,7.56631)->(8,26,8.08426)->(8,25,8.58426)->(8,24,9.08426)->(8,23,9.58426)->(8,22,10.0843)->(8,21,10.5843)->(8,20,11.0843)->(8,19,11.5843)->(8,18,12.0843)->(8,17,12.5843)->(8,16,13.0843)->(8,15,13.5843)->(8,14,14.1022)->(8,13,14.67)->(8,12,15.3522)->(8,11,16.67)->(8,10,19.2985)->(9,10,5009.84)->
Agent 59:(2,6,1.3)->(2,7,2.01421)->(2,8,3.33205)->(2,9,4.01421)->(2,10,4.58205)->(2,11,5.1)->(2,12,5.6)->(2,13,6.1)->(2,14,6.6)->(2,15,7.1)->(2,16,7.6)->(2,17,8.1)->(2,18,8.6)->(2,19,9.1)->(2,20,9.6)->(2,21,10.1)->(2,22,10.6)->(2,23,11.1)->(2,24,11.6179)->(2,25,12.1858)->(2,26,12.8679)->(2,27,14.1858)->(2,28,16.4)->(3,28,18.6495)->(4,28,20.6495)->(5,28,22.899)->(5,29,25.699)->(5,30,5012.85)->
Agent 60:(2,24,1.3)->(2,25,2.01421)->(2,26,3.33205)->(2,27,4.02382)->(2,28,4.65949)->(2,29,5.35126)->(2,30,6.6691)->(2,31,12.3059)->(3,31,17.9426)->(4,31,19.2605)->(5,31,19.9522)->(6,31,20.5879)->(7,31,21.2797)->(8,31,22.5975)->(9,31,5011.01)->
Agent 61:(24,27,4.21421)->(24,26,7.84264)->(24,25,9.16048)->(24,24,9.84264)->(24,23,10.4105)->(24,22,10.9284)->(24,21,11.4284)->(24,20,11.9284)->(24,19,12.4284)->(24,18,12.9284)->(24,17,13.4284)->(24,16,13.9284)->(24,15,14.4284)->(24,14,14.9284)->(24,13,15.4284)->(24,12,15.9284)->(24,11,16.4284)->(24,10,16.9284)->(24,9,17.4284)->(24,8,17.9284)->(24,7,18.4284)->(24,6,18.9284)->(24,5,19.4284)->(24,4,19.9464)->(24,3,20.5142)->(24,2,21.1964)->(24,1,22.5142)->(24,0,24.7284)->(25,0,26.9426)->(26,0,28.2765)->(27,0,29.1049)->(28,0,30.4388)->(29,0,5014.93)->
Agent 62:(11,3,1.8)->(12,3,3.01421)->(13,3,4.33205)->(14,3,5.02382)->(15,3,5.65949)->(16,3,6.35126)->(17,3,7.6691)->(18,3,9.88331)->(18,2,12.6833)->(18,1,15.8833)->(18,2,18.4975)->(18,3,19.9117)->(18,4,21.326)->(18,5,23.5402)->(19,5,26.3402)->(20,5,29.1402)->(20,6,31.3544)->(20,7,32.6722)->(20,8,33.3544)->(20,9,33.9222)->(20,10,34.4402)->(20,11,34.9402)->(20,12,35.4581)->(20,13,36.026)->(20,14,36.7081)->(20,15,38.026)->(20,16,5018.72)->
Agent 63:(4,10,1.3)->(4,11,2.01421)->(4,12,3.33205)->(4,13,4.01421)->(4,14,4.58205)->(4,15,5.1)->(4,16,5.6)->(4,17,6.11795)->(4,18,6.68579)->(4,19,7.36795)->(4,20,8.68579)->(4,21,18.7822)->(5,21,28.8785)->(6,21,30.1964)->(7,21,30.8785)->(8,21,31.4464)->(9,21,31.9643)->(10,21,32.4643)->(11,21,32.9643)->(12,21,33.4643)->(13,21,33.9643)->(14,21,34.4643)->(15,21,34.9643)->(16,21,35.4643)->(17,21,35.9643)->(18,21,36.4643)->(19,21,36.9643)->(20,21,37.4643)->(21,21,37.9643)->(22,21,38.4643)->(23,21,38.9823)->(24,21,39.5501)->(25,21,40.2323)->(26,21,41.5501)->(27,21,5020.48)->
Agent 64:(19,31,2.8)->(19,30,5.01421)->(19,29,6.33205)->(19,28,7.01421)->(19,27,7.58205)->(19,26,8.1)->(19,25,8.6)->(19,24,9.1)->(19,23,9.6)->(19,22,10.1)->(19,21,10.6)->(19,20,11.1)->(19,19,11.6)->(19,18,12.1)->(19,17,12.6)->(19,16,13.1)->(19,15,13.6)->(19,14,14.1)->(19,13,14.6)->(19,12,15.1)->(19,11,15.6)->(19,10,16.1)->(19,9,16.6)->(19,8,17.1)->(19,7,17.6)->(19,6,18.1)->(19,5,18.6)->(19,4,19.1179)->(19,3,19.6858)->(19,2,20.3679)->(19,1,21.6858)->(19,0,23.9)->(18,0,26.1142)->(17,0,27.4481)->(16,0,28.2765)->(15,0,29.6103)->(14,0,5014.51)->
Agent 65:(13,9,2.45)->(14,9,4.31421)->(15,9,5.63205)->(16,9,6.31421)->(17,9,6.88205)->(18,9,7.41795)->(19,9,7.98579)->(20,9,8.66795)->(21,9,9.98579)->(22,9,13.2826)->(22,8,16.6146)->(22,7,18.6146)->(22,6,22.2637)->(21,6,5011.82)->
Agent 66:(13,29,3.84304)->(12,29,7.13557)->(11,29,9.13557)->(10,29,11.7993)->(10,28,18.1067)->(10,29,5010.6)->
Agent 67:(2,22,1.8)->(3,22,3.04949)->(4,22,5.04949)->(5,22,7.29898)->(5,21,9.51319)->(5,20,10.9274)->(5,19,12.3416)->(5,18,5005.88)->
Agent 68:(20,10,2.2)->(20,9,3.81421)->(20,8,5.13205)->(20,7,5.82382)->(20,6,6.45949)->(20,5,7.15126)->(20,4,8.4691)->(20,3,12.6917)->(19,3,16.9142)->(18,3,18.2481)->(17,3,19.0765)->(16,3,20.4103)->(15,3,5009.91)->
Agent 69:(2,12,1.3)->(2,13,2.01421)->(2,14,3.33205)->(2,15,4.01421)->(2,16,4.58205)->(2,17,5.1)->(2,18,5.6)->(2,19,6.1)->(2,20,6.6)->(2,21,7.1)->(2,22,7.6)->(2,23,8.1)->(2,24,8.6)->(2,25,9.11795)->(2,26,9.68579)->(2,27,10.3679)->(2,28,11.6858)->(2,29,13.9)->(3,29,16.1142)->(4,29,17.4321)->(5,29,18.1142)->(6,29,18.6821)->(7,29,19.2)->(8,29,19.7)->(9,29,20.2)->(10,29,20.7)->(11,29,21.2)->(12,29,21.7)->(13,29,22.2)->(14,29,22.7)->(15,29,23.2)->(16,29,23.7179)->(17,29,24.2858)->(18,29,24.9679)->(19,29,26.2858)->(20,29,28.9142)->(20,30,5014.65)->
Agent 70:(0,30,1.8)->(1,30,3.01421)->(2,30,4.33205)->(3,30,5.01421)->(4,30,5.58205)->(5,30,6.1)->(6,30,6.6)->(7,30,7.1)->(8,30,7.6)->(9,30,8.11795)->(10,30,8.68579)->(11,30,9.36795)->(12,30,10.6858)->(13,30,13.3142)->(13,29,16.9142)->(14,29,19.5426)->(15,29,20.8605)->(16,29,21.5426)->(17,29,22.1105)->(18,29,22.6284)->(19,29,23.1284)->(20,29,23.6284)->(21,29,24.1284)->(22,29,24.6284)->(23,29,25.1284)->(24,29,25.6284)->(25,29,26.1284)->(26,29,26.6464)->(27,29,27.2142)->(28,29,27.8964)->(29,29,29.2142)->(30,29,31.4284)->(30,28,33.6779)->(30,27,35.6779)->(30,26,38.3416)->(31,26,5019.36)->
Agent 71:(23,21,3.18579)->(24,21,5.78579)->(25,21,7.2)->(26,21,8.61421)->(27,21,10.8284)->(27,20,13.6284)->(27,19,16.8284)->(27,20,19.4426)->(27,21,20.8569)->(27,22,22.2711)->(27,23,5010.84)->
Agent 72:(16,31,1.8)->(15,31,3.01421)->(14,31,4.33205)->(13,31,5.01421)->(12,31,5.58205)->(11,31,6.1)->(10,31,6.6)->(9,31,7.1)->(8,31,7.6)->(7,31,8.11795)->(6,31,8.68579)->(5,31,9.36795)->(4,31,10.6858)->(3,31,13.3142)->(3,30,5006.85)->
Agent 73:(8,5,2.75011)->(9,5,4.91444)->(10,5,6.23227)->(11,5,6.91444)->(12,5,7.48227)->(13,5,8.00022)->(14,5,8.50022)->(15,5,9.00022)->(16,5,9.50022)->(17,5,10.0002)->(18,5,10.5002)->(19,5,11.0002)->(20,5,11.5002)->(21,5,12.0182)->(22,5,12.586)->(23,5,13.2682)->(24,5,14.586)->(25,5,16.8002)->(25,4,19.0144)->(25,3,20.4287)->(25,2,21.8429)->(25,1,5010.63)->
Agent 74:(15,19,1.3)->(15,20,2.01421)->(15,21,3.33205)->(15,22,4.02382)->(15,23,4.65949)->(15,24,5.35126)->(15,25,6.6691)->(15,26,8.88331)->(16,26,11.0975)->(17,26,12.4154)->(18,26,13.1474)->(19,26,13.8795)->(20,26,15.1973)->(21,26,5007.31)->
Agent 75:(6,24,2.2)->(6,23,3.81421)->(6,22,5.13205)->(6,21,5.81421)->(6,20,6.38205)->(6,19,6.9)->(6,18,7.4)->(6,17,7.9)->(6,16,8.4)->(6,15,8.9)->(6,14,9.4)->(6,13,9.9)->(6,12,10.4)->(6,11,10.9)->(6,10,11.4)->(6,9,11.9)->(6,8,12.4179)->(6,7,12.9858)->(6,6,13.6679)->(6,5,14.9858)->(6,4,17.2)->(7,4,19.4142)->(8,4,20.7321)->(9,4,21.4142)->(10,4,21.9821)->(11,4,22.5)->(12,4,23)->(13,4,23.5)->(14,4,24)->(15,4,24.5)->(16,4,25)->(17,4,25.5)->(18,4,26)->(19,4,26.5179)->(20,4,27.0858)->(21,4,27.7679)->(22,4,29.0858)->(23,4,31.7142)->(23,5,5016.05)->
Agent 76:(12,19,2.4142)->(12,20,4.27789)->(12,21,6.27789)->(12,22,8.52738)->(13,22,10.7416)->(14,22,12.0594)->(15,22,12.7512)->(16,22,13.3869)->(17,22,14.0786)->(18,22,15.3965)->(19,22,18.0107)->(18,22,21.2107)->(17,22,5010.61)->
Agent 77:(27,14,2.2)->(27,13,3.81421)->(27,12,5.13205)->(27,11,5.81421)->(27,10,6.4)->(27,9,6.98579)->(27,8,7.66795)->(27,7,8.98579)->(27,6,11.7321)->(26,6,14.4783)->(25,6,15.7962)->(24,6,16.4783)->(23,6,17.0462)->(22,6,17.5641)->(21,6,18.0821)->(20,6,18.6499)->(19,6,19.3321)->(18,6,20.6499)->(17,6,5010.03)->
Agent 78:(30,3,1.3)->(30,4,2.01421)->(30,5,3.33205)->(30,6,4.01421)->(30,7,4.58205)->(30,8,5.1)->(30,9,5.6)->(30,10,6.1)->(30,11,6.6)->(30,12,7.1)->(30,13,7.6)->(30,14,8.1)->(30,15,8.6)->(30,16,9.1)->(30,17,9.6)->(30,18,10.1)->(30,19,10.6)->(30,20,11.1)->(30,21,11.6179)->(30,22,12.1858)->(30,23,12.8679)->(30,24,14.1858)->(30,25,16.4)->(29,25,18.6142)->(28,25,19.9321)->(27,25,20.6142)->(26,25,21.1821)->(25,25,21.7)->(24,25,22.2)->(23,25,22.7)->(22,25,23.2)->(21,25,23.7)->(20,25,24.2)->(19,25,24.7)->(18,25,25.2)->(17,25,25.7)->(16,25,26.2)->(15,25,26.7)->(14,25,27.2)->(13,25,27.7)->(12,25,28.2)->(11,25,28.7)->(10,25,29.2)->(9,25,29.7)->(8,25,30.2)->(7,25,30.7)->(6,25,31.2)->(5,25,31.7)->(4,25,32.2179)->(3,25,32.7858)->(2,25,33.4679)->(1,25,34.7858)->(0,25,37.4142)->(0,26,5018.9)->
Agent 79:(31,28,2.61421)->(30,28,4.64264)->(29,28,5.97649)->(28,28,6.80492)->(27,28,8.13877)->(26,28,15.6265)->(26,27,23.1142)->(26,26,24.4321)->(26,25,25.1142)->(26,24,25.6821)->(26,23,26.2)->(26,22,26.7)->(26,21,27.2)->(26,20,27.7)->(26,19,28.2)->(26,18,28.7)->(26,17,29.2)->(26,16,29.7)->(26,15,30.2)->(26,14,30.7)->(26,13,31.2)->(26,12,31.7)->(26,11,32.2179)->(26,10,32.7858)->(26,9,33.4679)->(26,8,34.7858)->(26,7,5017.1)->
