Agent 0:(24,4,2.21421)->(23,4,8.25905)->(23,5,14.3676)->(23,6,16.3676)->(23,7,5007.91)->
Agent 1:(16,26,1.8)->(15,26,3.01421)->(14,26,4.33205)->(13,26,5.01421)->(12,26,5.58205)->(11,26,6.1)->(10,26,6.6)->(9,26,7.1)->(8,26,7.6)->(7,26,8.11795)->(6,26,8.68579)->(5,26,9.36795)->(4,26,10.6858)->(3,26,12.9)->(3,25,15.1142)->(3,24,16.4321)->(3,23,17.1142)->(3,22,17.7)->(3,21,18.2858)->(3,20,18.9679)->(3,19,20.2858)->(3,18,23.8822)->(2,18,28.0643)->(1,18,5014.03)->
Agent 2:(21,30,1.8)->(20,30,3.01421)->(19,30,4.33205)->(18,30,5.01421)->(17,30,5.6)->(16,30,6.18579)->(15,30,6.86795)->(14,30,8.18579)->(13,30,11.5)->(13,29,14.8142)->(13,28,16.2284)->(13,27,17.6426)->(13,26,24.2747)->(13,27,5014.33)->
Agent 3:(3,18,2.2)->(3,17,3.81421)->(3,16,5.13205)->(3,15,5.81421)->(3,14,6.38205)->(3,13,6.9)->(3,12,7.41795)->(3,11,7.98579)->(3,10,8.66795)->(3,9,9.98579)->(3,8,19.3217)->(4,8,28.6576)->(5,8,29.9754)->(6,8,30.6576)->(7,8,31.2254)->(8,8,31.7434)->(9,8,32.2434)->(10,8,32.7434)->(11,8,33.2434)->(12,8,33.7613)->(13,8,34.3292)->(14,8,35.0113)->(15,8,36.3292)->(16,8,5017.87)->
Agent 4:(11,24,1.8)->(12,24,3.01421)->(13,24,4.33205)->(14,24,5.01421)->(15,24,5.58205)->(16,24,6.1)->(17,24,6.61795)->(18,24,7.18579)->(19,24,7.86795)->(20,24,9.18579)->(21,24,11.7605)->(21,23,14.3352)->(21,22,15.653)->(21,21,16.3352)->(21,20,16.903)->(21,19,17.421)->(21,18,17.921)->(21,17,18.421)->(21,16,18.9389)->(21,15,19.5067)->(21,14,20.1889)->(21,13,21.5067)->(21,12,23.721)->(22,12,25.9352)->(23,12,27.253)->(24,12,27.9352)->(25,12,28.503)->(26,12,29.021)->(27,12,29.5389)->(28,12,30.1067)->(29,12,30.7889)->(30,12,32.1067)->(31,12,34.7352)->(31,13,5017.56)->
Agent 5:(16,20,2.21421)->(15,20,6.6)->(15,21,11.0142)->(15,22,12.3321)->(15,23,13.0641)->(15,24,13.7962)->(15,25,15.114)->(15,26,17.7424)->(14,26,23.9819)->(14,27,29.8357)->(14,28,5014.92)->
Agent 6:(21,12,2.46421)->(21,11,4.34264)->(21,10,5.66048)->(21,9,6.34264)->(21,8,6.91048)->(21,7,7.42843)->(21,6,7.94638)->(21,5,8.51421)->(21,4,9.19638)->(21,3,10.5142)->(21,2,15.9019)->(22,2,21.2897)->(23,2,22.6235)->(24,2,23.4519)->(25,2,24.7858)->(26,2,28.0606)->(26,1,31.9212)->(26,0,5015.96)->
Agent 7:(18,16,1.8)->(18,17,3.01421)->(18,18,4.33205)->(18,19,5.02382)->(18,20,5.65949)->(18,21,6.35126)->(18,22,7.6691)->(18,23,9.97733)->(17,23,12.2856)->(16,23,13.6034)->(15,23,14.2952)->(14,23,14.9308)->(13,23,15.6226)->(12,23,16.9405)->(11,23,19.1547)->(11,22,21.3689)->(11,21,22.6867)->(11,20,23.3689)->(11,19,23.9367)->(11,18,24.4547)->(11,17,24.9547)->(11,16,25.4547)->(11,15,25.9547)->(11,14,26.4547)->(11,13,26.9547)->(11,12,27.4547)->(11,11,27.9547)->(11,10,28.4547)->(11,9,28.9547)->(11,8,29.4547)->(11,7,29.9547)->(11,6,30.4726)->(11,5,31.0405)->(11,4,31.7226)->(11,3,33.0405)->(11,2,5016.23)->
Agent 8:(19,3,3.23216)->(19,4,5.87854)->(19,5,7.19638)->(19,6,7.92843)->(19,7,8.66048)->(19,8,9.97832)->(19,9,12.6067)->(18,9,19.8963)->(18,10,26.2142)->(18,11,27.5321)->(18,12,28.2142)->(18,13,28.7821)->(18,14,29.3)->(18,15,29.8)->(18,16,30.3)->(18,17,30.8)->(18,18,31.3)->(18,19,31.8)->(18,20,32.3)->(18,21,32.8)->(18,22,33.3)->(18,23,33.8179)->(18,24,34.3858)->(18,25,35.0679)->(18,26,36.3858)->(18,27,39.0142)->(19,27,5019.7)->
Agent 9:(20,31,4.95)->(20,30,9.31421)->(20,29,10.6321)->(20,28,11.3142)->(20,27,11.8821)->(20,26,12.4)->(20,25,12.9)->(20,24,13.4)->(20,23,13.9)->(20,22,14.4)->(20,21,14.9179)->(20,20,15.4858)->(20,19,16.1679)->(20,18,17.4858)->(20,17,20.8789)->(19,17,24.3074)->(18,17,26.3074)->(17,17,5012.88)->
Agent 10:(30,30,6.01421)->(30,29,11.4426)->(30,28,12.7605)->(30,27,13.4426)->(30,26,14.0105)->(30,25,14.5284)->(30,24,15.0284)->(30,23,15.5284)->(30,22,16.0284)->(30,21,16.5284)->(30,20,17.0284)->(30,19,17.5284)->(30,18,18.0284)->(30,17,18.5284)->(30,16,19.0284)->(30,15,19.5284)->(30,14,20.0284)->(30,13,20.5284)->(30,12,21.0284)->(30,11,21.5284)->(30,10,22.0284)->(30,9,22.5284)->(30,8,23.0464)->(30,7,23.6142)->(30,6,24.2964)->(30,5,25.6142)->(30,4,27.8284)->(29,4,30.6284)->(28,4,5015.31)->
Agent 11:(0,21,2.2)->(0,20,3.81421)->(0,19,5.13205)->(0,18,5.81421)->(0,17,6.38205)->(0,16,6.9)->(0,15,7.4)->(0,14,7.9)->(0,13,8.4)->(0,12,8.9)->(0,11,9.4)->(0,10,9.9)->(0,9,10.4)->(0,8,10.9)->(0,7,11.4)->(0,6,11.9179)->(0,5,12.4858)->(0,4,13.1679)->(0,3,14.4858)->(0,2,16.7)->(1,2,18.9142)->(2,2,20.2321)->(3,2,20.9142)->(4,2,21.4821)->(5,2,22)->(6,2,22.5)->(7,2,23)->(8,2,23.5)->(9,2,24)->(10,2,24.5)->(11,2,25)->(12,2,25.5)->(13,2,26)->(14,2,26.5)->(15,2,27)->(16,2,27.5)->(17,2,28)->(18,2,28.5)->(19,2,29.0179)->(20,2,29.5858)->(21,2,30.2679)->(22,2,31.5858)->(23,2,34.2142)->(23,3,5017.3)->
Agent 12:(22,0,1.3)->(22,1,2.01421)->(22,2,3.33205)->(22,3,4.0641)->(22,4,4.79615)->(22,5,6.11399)->(22,6,15.5094)->(21,6,24.9048)->(20,6,26.2226)->(19,6,26.9048)->(18,6,27.4726)->(17,6,27.9906)->(16,6,28.4906)->(15,6,29.0085)->(14,6,29.5763)->(13,6,30.2585)->(12,6,31.5763)->(11,6,5015.5)->
Agent 13:(14,11,1.8)->(13,11,3.6)->(12,11,6.4)->(12,10,8.64949)->(12,9,10.6495)->(12,8,12.899)->(11,8,15.1132)->(10,8,16.431)->(9,8,17.1132)->(8,8,17.699)->(7,8,18.2848)->(6,8,18.9669)->(5,8,20.2848)->(4,8,22.9132)->(4,7,28.0996)->(4,8,37.4784)->(5,8,5021.03)->
Agent 14:(20,8,1.8)->(21,8,3.04949)->(22,8,5.04949)->(23,8,10.8315)->(22,8,16.5783)->(21,8,17.8962)->(20,8,18.5783)->(19,8,19.1462)->(18,8,19.6641)->(17,8,20.1641)->(16,8,20.6821)->(15,8,21.2499)->(14,8,21.9321)->(13,8,23.2499)->(12,8,25.8321)->(12,9,28.4142)->(12,10,29.7481)->(12,11,30.5765)->(12,12,31.9103)->(12,13,5015.66)->
Agent 15:(3,29,1.8)->(4,29,3.6)->(5,29,6.8)->(4,29,9.44949)->(3,29,11.4495)->(2,29,13.699)->(2,28,15.9132)->(2,27,17.231)->(2,26,17.9132)->(2,25,18.481)->(2,24,18.999)->(2,23,19.499)->(2,22,19.999)->(2,21,20.499)->(2,20,20.999)->(2,19,21.499)->(2,18,21.999)->(2,17,22.499)->(2,16,22.999)->(2,15,23.499)->(2,14,23.999)->(2,13,24.499)->(2,12,24.999)->(2,11,25.499)->(2,10,25.999)->(2,9,26.499)->(2,8,26.999)->(2,7,27.499)->(2,6,27.999)->(2,5,28.499)->(2,4,29.0169)->(2,3,29.5848)->(2,2,30.2669)->(2,1,31.5848)->(2,0,5015.5)->
Agent 16:(6,14,2.16784)->(6,15,3.74989)->(6,16,5.06773)->(6,17,5.74989)->(6,18,6.31773)->(6,19,6.83567)->(6,20,7.33567)->(6,21,7.83567)->(6,22,8.33567)->(6,23,8.85362)->(6,24,9.42146)->(6,25,10.1036)->(6,26,11.4215)->(6,27,13.6357)->(7,27,15.8499)->(8,27,17.1677)->(9,27,17.8499)->(10,27,18.4357)->(11,27,19.0215)->(12,27,19.7036)->(13,27,21.0215)->(14,27,23.2357)->(14,28,26.0357)->(14,29,29.2499)->(15,29,5014.82)->
Agent 17:(14,19,2.71421)->(13,19,4.84264)->(12,19,6.16048)->(11,19,6.89253)->(10,19,7.62458)->(9,19,8.94242)->(8,19,11.1566)->(8,18,13.3708)->(8,17,14.6887)->(8,16,15.3708)->(8,15,15.9387)->(8,14,16.4746)->(8,13,17.0424)->(8,12,17.7246)->(8,11,19.0424)->(8,10,5009.23)->
Agent 18:(17,0,1.96421)->(17,1,3.34264)->(17,2,4.66048)->(17,3,5.34264)->(17,4,5.91048)->(17,5,6.42843)->(17,6,6.92843)->(17,7,7.42843)->(17,8,7.92843)->(17,9,8.42843)->(17,10,8.92843)->(17,11,9.42843)->(17,12,9.92843)->(17,13,10.4284)->(17,14,10.9284)->(17,15,11.4284)->(17,16,11.9284)->(17,17,12.4284)->(17,18,12.9284)->(17,19,13.4284)->(17,20,13.9464)->(17,21,14.5142)->(17,22,15.1964)->(17,23,16.5142)->(17,24,18.7284)->(16,24,20.9426)->(15,24,22.2605)->(14,24,22.9426)->(13,24,23.5105)->(12,24,24.0284)->(11,24,24.5284)->(10,24,25.0464)->(9,24,25.6142)->(8,24,26.2964)->(7,24,27.6142)->(6,24,5013.51)->
Agent 19:(26,13,2.21421)->(27,13,4.81421)->(27,12,7.44264)->(27,11,8.76048)->(27,10,9.44264)->(27,9,10.0105)->(27,8,10.5284)->(27,7,11.0284)->(27,6,11.5284)->(27,5,12.0464)->(27,4,12.6142)->(27,3,13.2964)->(27,2,14.6142)->(27,1,16.8284)->(28,1,19.0426)->(29,1,20.4569)->(30,1,21.8711)->(31,1,26.5174)->(31,0,32.5496)->(30,0,5016.67)->
Agent 20:(25,10,4.71421)->(24,10,8.84264)->(23,10,10.1605)->(22,10,10.8426)->(21,10,11.4105)->(20,10,11.9284)->(19,10,12.4284)->(18,10,12.9284)->(17,10,13.4284)->(16,10,13.9284)->(15,10,14.4284)->(14,10,14.9284)->(13,10,15.4284)->(12,10,15.9284)->(11,10,16.4284)->(10,10,16.9284)->(9,10,17.4284)->(8,10,17.9284)->(7,10,18.4464)->(6,10,19.0142)->(5,10,19.6964)->(4,10,21.0142)->(3,10,23.2284)->(3,11,25.4426)->(3,12,26.8569)->(3,13,28.2711)->(3,14,31.3928)->(2,14,35.1002)->(1,14,5017.55)->
Agent 21:(2,6,1.48025)->(2,7,2.37472)->(2,8,3.70857)->(2,9,4.53699)->(2,10,5.87084)->(2,11,8.87096)->(3,11,11.8711)->(4,11,13.1889)->(5,11,13.8711)->(6,11,14.4389)->(7,11,14.9569)->(8,11,15.4569)->(9,11,15.9569)->(10,11,16.4569)->(11,11,16.9569)->(12,11,17.4569)->(13,11,17.9569)->(14,11,18.4569)->(15,11,18.9569)->(16,11,19.4569)->(17,11,19.9569)->(18,11,20.4569)->(19,11,20.9569)->(20,11,21.4569)->(21,11,21.9569)->(22,11,22.4569)->(23,11,22.9569)->(24,11,23.4569)->(25,11,23.9748)->(26,11,24.5426)->(27,11,25.2248)->(28,11,26.5426)->(29,11,5012.98)->
Agent 22:(30,20,1.8)->(29,20,3.01421)->(28,20,4.33205)->(27,20,5.01421)->(26,20,5.58205)->(25,20,6.1)->(24,20,6.6)->(23,20,7.1)->(22,20,7.6)->(21,20,8.1)->(20,20,8.61795)->(19,20,9.18579)->(18,20,9.86795)->(17,20,11.1858)->(16,20,13.4)->(16,21,15.6142)->(16,22,16.9321)->(16,23,17.6142)->(16,24,18.1821)->(16,25,18.7)->(16,26,19.2)->(16,27,19.7179)->(16,28,20.2858)->(16,29,20.9679)->(16,30,22.2858)->(16,31,5010.85)->
Agent 23:(19,8,1.71421)->(19,9,4.35)->(20,9,8.1)->(21,9,15.2784)->(21,10,22.4569)->(21,11,5011.23)->
Agent 24:(29,8,1.8)->(28,8,3.01421)->(27,8,4.34806)->(26,8,5.17649)->(25,8,6.51034)->(24,8,8.72456)->(24,7,10.9388)->(24,6,12.353)->(24,5,13.7672)->(24,4,15.9814)->(23,4,18.1956)->(22,4,19.5135)->(21,4,20.1956)->(20,4,20.7635)->(19,4,21.2814)->(18,4,21.7814)->(17,4,22.2814)->(16,4,22.7814)->(15,4,23.2814)->(14,4,23.7814)->(13,4,24.2814)->(12,4,24.7814)->(11,4,25.2994)->(10,4,25.8672)->(9,4,26.5494)->(8,4,27.8672)->(7,4,5013.64)->
Agent 25:(13,26,1.3)->(13,27,2.6)->(13,28,7.2137)->(12,28,11.2416)->(11,28,12.5595)->(10,28,13.2416)->(9,28,13.8095)->(8,28,14.3274)->(7,28,14.8274)->(6,28,15.3454)->(5,28,15.9132)->(4,28,16.5954)->(3,28,17.9132)->(2,28,21.4459)->(2,27,24.9785)->(2,26,26.2964)->(2,25,26.9785)->(2,24,27.5464)->(2,23,28.0643)->(2,22,28.5643)->(2,21,29.0643)->(2,20,29.5643)->(2,19,30.0643)->(2,18,30.5643)->(2,17,31.0643)->(2,16,31.5643)->(2,15,32.0643)->(2,14,32.5823)->(2,13,33.1501)->(2,12,33.8323)->(2,11,35.1501)->(2,10,5017.28)->
Agent 26:(8,4,1.8)->(9,4,3.01421)->(10,4,4.33205)->(11,4,5.02382)->(12,4,5.65949)->(13,4,6.35126)->(14,4,7.6691)->(15,4,9.88331)->(15,5,12.0975)->(15,6,13.4314)->(15,7,14.2598)->(15,8,15.5937)->(15,9,17.8079)->(16,9,20.6079)->(17,9,23.8221)->(17,10,5012.1)->
Agent 27:(23,15,1.71421)->(23,16,3.81421)->(22,16,6.47792)->(21,16,8.47792)->(20,16,13.3317)->(20,15,18.7359)->(20,14,21.9501)->(21,14,5011.17)->
Agent 28:(12,18,2.2)->(12,17,3.81421)->(12,16,5.13205)->(12,15,5.8641)->(12,14,6.59615)->(12,13,7.91399)->(12,12,14.2724)->(13,12,20.6309)->(14,12,21.9487)->(15,12,22.6405)->(16,12,23.2762)->(17,12,23.9679)->(18,12,25.2858)->(19,12,5012.35)->
Agent 29:(20,13,2.21421)->(19,13,6.81472)->(19,12,11.4789)->(19,11,13.4789)->(19,10,15.7284)->(18,10,17.9779)->(17,10,19.9779)->(16,10,5009.71)->
Agent 30:(0,31,2.73205)->(0,30,4.87832)->(0,29,6.19615)->(0,28,6.87832)->(0,27,7.44615)->(0,26,7.9641)->(0,25,8.4641)->(0,24,8.9641)->(0,23,9.4641)->(0,22,9.9641)->(0,21,10.4641)->(0,20,10.9641)->(0,19,11.4641)->(0,18,11.9641)->(0,17,12.4641)->(0,16,12.9641)->(0,15,13.4641)->(0,14,13.9641)->(0,13,14.4641)->(0,12,14.9641)->(0,11,15.4641)->(0,10,15.9641)->(0,9,16.4641)->(0,8,16.9641)->(0,7,17.4641)->(0,6,17.9641)->(0,5,18.4641)->(0,4,18.9821)->(0,3,19.5499)->(0,2,20.2321)->(0,1,21.5499)->(0,0,23.7641)->(1,0,26.0136)->(2,0,28.0136)->(3,0,5013.73)->
Agent 31:(0,27,1.8)->(1,27,3.01421)->(2,27,4.33205)->(3,27,5.01421)->(4,27,5.58205)->(5,27,6.1)->(6,27,6.6)->(7,27,7.1)->(8,27,7.6)->(9,27,8.1)->(10,27,8.6)->(11,27,9.1)->(12,27,9.6)->(13,27,10.1)->(14,27,10.6)->(15,27,11.1)->(16,27,11.6)->(17,27,12.1)->(18,27,12.6)->(19,27,13.1)->(20,27,13.6179)->(21,27,14.1858)->(22,27,14.8679)->(23,27,16.1858)->(24,27,18.4)->(24,26,20.6495)->(24,25,22.6495)->(24,24,5011.05)->
Agent 32:(26,29,3.2)->(25,29,5.81421)->(24,29,7.13205)->(23,29,7.81421)->(22,29,8.38205)->(21,29,8.9)->(20,29,9.4)->(19,29,9.9)->(18,29,10.4)->(17,29,10.9)->(16,29,11.4)->(15,29,11.9)->(14,29,12.4)->(13,29,12.9)->(12,29,13.4)->(11,29,13.9)->(10,29,14.4)->(9,29,14.9179)->(8,29,15.4858)->(7,29,16.1679)->(6,29,17.4858)->(5,29,23.7283)->(5,28,29.9708)->(5,27,31.2887)->(5,26,31.9708)->(5,25,32.5387)->(5,24,33.0566)->(5,23,33.5566)->(5,22,34.0566)->(5,21,34.5566)->(5,20,35.0566)->(5,19,35.5566)->(5,18,36.0566)->(5,17,36.5566)->(5,16,37.0566)->(5,15,37.5566)->(5,14,38.0566)->(5,13,38.5566)->(5,12,39.0566)->(5,11,39.5566)->(5,10,40.0746)->(5,9,40.6424)->(5,8,41.3246)->(5,7,42.6424)->(5,6,45.2708)->(4,6,5022.83)->
Agent 33:(2,20,4.22843)->(2,19,7.87107)->(2,18,9.18891)->(2,17,9.87107)->(2,16,10.4389)->(2,15,10.9569)->(2,14,11.4569)->(2,13,11.9569)->(2,12,12.4569)->(2,11,12.9569)->(2,10,13.4569)->(2,9,13.9569)->(2,8,14.4569)->(2,7,14.9748)->(2,6,15.5426)->(2,5,16.2248)->(2,4,17.5426)->(2,3,19.7569)->(3,3,21.9711)->(4,3,23.2889)->(5,3,23.9711)->(6,3,24.5389)->(7,3,25.0569)->(8,3,25.5569)->(9,3,26.0748)->(10,3,26.6426)->(11,3,27.3248)->(12,3,28.6426)->(13,3,5014.03)->
Agent 34:(7,5,1.8)->(8,5,3.01421)->(9,5,4.33205)->(10,5,5.01421)->(11,5,5.58205)->(12,5,6.1)->(13,5,6.61795)->(14,5,7.18579)->(15,5,7.86795)->(16,5,9.18579)->(17,5,11.4)->(17,6,14.2)->(17,7,5007.1)->
Agent 35:(22,26,2.53205)->(21,26,4.47832)->(20,26,5.79615)->(19,26,6.47832)->(18,26,7.0641)->(17,26,7.64989)->(16,26,8.33205)->(15,26,9.64989)->(14,26,12.4)->(14,25,15.1501)->(14,24,16.4679)->(14,23,17.1501)->(14,22,17.7179)->(14,21,18.2359)->(14,20,18.7359)->(14,19,19.2359)->(14,18,19.7359)->(14,17,20.2359)->(14,16,20.7538)->(14,15,21.3217)->(14,14,22.0038)->(14,13,23.3217)->(14,12,26.3501)->(14,13,5013.57)->
Agent 36:(10,14,3.6641)->(11,14,6.77769)->(12,14,8.77769)->(13,14,11.0272)->(13,15,13.2414)->(13,16,14.5592)->(13,17,15.2414)->(13,18,15.8092)->(13,19,16.3272)->(13,20,16.8272)->(13,21,17.3451)->(13,22,17.913)->(13,23,18.5951)->(13,24,19.913)->(13,25,5009.66)->
Agent 37:(28,16,1.8)->(28,17,3.01421)->(28,18,4.33205)->(28,19,5.01421)->(28,20,5.58205)->(28,21,6.1)->(28,22,6.6)->(28,23,7.11795)->(28,24,7.68579)->(28,25,8.36795)->(28,26,9.68579)->(28,27,14.6321)->(27,27,19.5783)->(26,27,20.8962)->(25,27,21.5783)->(24,27,22.1462)->(23,27,22.6641)->(22,27,23.1641)->(21,27,23.6641)->(20,27,24.1641)->(19,27,24.6641)->(18,27,25.1641)->(17,27,25.6641)->(16,27,26.1641)->(15,27,26.6821)->(14,27,27.2499)->(13,27,27.9321)->(12,27,29.2499)->(11,27,5014.33)->
Agent 38:(18,18,1.8)->(17,18,3.01421)->(16,18,4.33205)->(15,18,5.01421)->(14,18,5.58205)->(13,18,6.1)->(12,18,6.6)->(11,18,7.1)->(10,18,7.6)->(9,18,8.1)->(8,18,8.61795)->(7,18,9.18579)->(6,18,9.86795)->(5,18,11.1858)->(4,18,13.4)->(4,19,15.6142)->(4,20,17.0284)->(4,21,18.4426)->(4,22,5008.93)->
Agent 39:(16,7,2.21421)->(15,7,4.81421)->(15,8,7.44264)->(15,9,8.76048)->(15,10,9.49253)->(15,11,10.2246)->(15,12,11.5424)->(15,13,13.7566)->(16,13,15.9708)->(17,13,17.2887)->(18,13,17.9708)->(19,13,18.5387)->(20,13,19.0566)->(21,13,19.5746)->(22,13,20.1424)->(23,13,20.8246)->(24,13,22.1424)->(25,13,5010.78)->
Agent 40:(10,15,12.8341)->(10,16,25.0824)->(10,17,26.4163)->(10,18,27.2447)->(10,19,28.5785)->(10,20,5014)->
Agent 41:(12,8,1.8)->(13,8,3.01421)->(14,8,4.33205)->(15,8,5.01421)->(16,8,5.58205)->(17,8,6.1)->(18,8,6.61795)->(19,8,7.18579)->(20,8,7.86795)->(21,8,9.18579)->(22,8,11.8821)->(22,9,14.5783)->(22,10,15.8962)->(22,11,16.5783)->(22,12,17.1641)->(22,13,17.7499)->(22,14,18.4321)->(22,15,19.7499)->(22,16,5009.58)->
Agent 42:(4,25,2.2)->(4,24,3.81421)->(4,23,5.13205)->(4,22,5.81421)->(4,21,6.38205)->(4,20,6.9)->(4,19,7.4)->(4,18,7.9)->(4,17,8.4)->(4,16,8.9)->(4,15,9.4)->(4,14,9.9)->(4,13,10.4)->(4,12,10.9)->(4,11,11.4)->(4,10,11.9)->(4,9,12.4)->(4,8,12.9)->(4,7,13.4)->(4,6,13.9)->(4,5,14.4179)->(4,4,14.9858)->(4,3,15.6679)->(4,2,16.9858)->(4,1,20.4964)->(5,1,24.007)->(6,1,25.3248)->(7,1,26.007)->(8,1,26.5748)->(9,1,27.0928)->(10,1,27.5928)->(11,1,28.0928)->(12,1,28.5928)->(13,1,29.0928)->(14,1,29.5928)->(15,1,30.0928)->(16,1,30.5928)->(17,1,31.0928)->(18,1,31.5928)->(19,1,32.0928)->(20,1,32.5928)->(21,1,33.0928)->(22,1,33.5928)->(23,1,34.1107)->(24,1,34.6785)->(25,1,35.3607)->(26,1,36.6785)->(27,1,5018.05)->
Agent 43:(5,9,2.2)->(5,8,3.84949)->(5,7,5.84949)->(5,6,18.8317)->(6,6,32.3643)->(7,6,5016.18)->
Agent 44:(24,28,4.82843)->(24,27,9.07107)->(24,26,10.3889)->(24,25,11.0711)->(24,24,11.6389)->(24,23,12.1569)->(24,22,12.6569)->(24,21,13.1569)->(24,20,13.6569)->(24,19,14.1748)->(24,18,14.7426)->(24,17,15.4248)->(24,16,16.7426)->(24,15,18.9569)->(23,15,21.1711)->(22,15,22.4889)->(21,15,23.1711)->(20,15,23.7389)->(19,15,24.2569)->(18,15,24.7569)->(17,15,25.2569)->(16,15,25.7569)->(15,15,26.2569)->(14,15,26.7569)->(13,15,27.2569)->(12,15,27.7569)->(11,15,28.2748)->(10,15,28.8426)->(9,15,29.5248)->(8,15,30.8426)->(7,15,5015.13)->
Agent 45:(17,16,1.71421)->(17,17,5.47832)->(18,17,11.6425)->(17,17,19.3426)->(17,16,25.7569)->(17,15,5012.88)->
Agent 46:(31,22,2.2)->(31,21,3.81421)->(31,20,5.13205)->(31,19,5.81421)->(31,18,6.38205)->(31,17,6.9)->(31,16,7.4)->(31,15,7.9)->(31,14,8.4)->(31,13,8.9)->(31,12,9.4)->(31,11,9.9)->(31,10,10.4)->(31,9,10.9)->(31,8,11.4)->(31,7,11.9)->(31,6,12.4)->(31,5,12.9)->(31,4,13.4179)->(31,3,13.9858)->(31,2,14.6679)->(31,1,15.9858)->(31,0,22.1606)->(30,0,28.3354)->(29,0,29.6532)->(28,0,30.3354)->(27,0,30.9032)->(26,0,31.4212)->(25,0,31.9212)->(24,0,32.4212)->(23,0,32.9212)->(22,0,33.4212)->(21,0,33.9212)->(20,0,34.4212)->(19,0,34.9212)->(18,0,35.4391)->(17,0,36.007)->(16,0,36.6891)->(15,0,38.007)->(14,0,5018.71)->
Agent 47:(24,27,2.2)->(24,26,3.81421)->(24,25,5.22843)->(24,24,6.64264)->(24,23,8.85685)->(25,23,11.6569)->(26,23,5005.83)->
Agent 48:(1,20,1.3)->(1,21,2.6)->(1,22,5.4)->(2,22,7.61421)->(3,22,8.93205)->(4,22,9.61421)->(5,22,10.1821)->(6,22,10.7)->(7,22,11.2)->(8,22,11.7)->(9,22,12.2)->(10,22,12.7)->(11,22,13.2179)->(12,22,13.7858)->(13,22,14.4679)->(14,22,15.7858)->(15,22,19.0963)->(15,23,22.4067)->(15,24,23.7246)->(15,25,24.4067)->(15,26,24.9925)->(15,27,25.5783)->(15,28,26.2605)->(15,29,27.5783)->(15,30,29.7925)->(16,30,32.0067)->(17,30,33.3246)->(18,30,34.0067)->(19,30,34.5746)->(20,30,35.0925)->(21,30,35.5925)->(22,30,36.0925)->(23,30,36.6105)->(24,30,37.1783)->(25,30,37.8605)->(26,30,39.1783)->(27,30,41.8067)->(27,31,5021.1)->
Agent 49:(11,16,1.3)->(11,17,2.01421)->(11,18,3.42843)->(11,19,4.84264)->(11,20,9.17854)->(12,20,13.5144)->(13,20,14.8323)->(14,20,15.5643)->(15,20,16.2964)->(16,20,17.6142)->(17,20,20.2426)->(17,21,5010.31)->
Agent 50:(14,8,1.8)->(14,9,3.01421)->(14,10,4.33205)->(14,11,5.01421)->(14,12,5.58205)->(14,13,6.1)->(14,14,6.6)->(14,15,7.1)->(14,16,7.6)->(14,17,8.11795)->(14,18,8.68579)->(14,19,9.36795)->(14,20,10.6858)->(14,21,13.5642)->(15,21,16.4426)->(16,21,17.7605)->(17,21,18.4426)->(18,21,19.0105)->(19,21,19.5284)->(20,21,20.0284)->(21,21,20.5284)->(22,21,21.0284)->(23,21,21.5284)->(24,21,22.0284)->(25,21,22.5284)->(26,21,23.0464)->(27,21,23.6142)->(28,21,24.2964)->(29,21,25.6142)->(30,21,27.8284)->(30,22,30.0426)->(30,23,31.3605)->(30,24,32.0426)->(30,25,32.6105)->(30,26,33.1284)->(30,27,33.6464)->(30,28,34.2142)->(30,29,34.8964)->(30,30,36.2142)->(30,31,5017.81)->
Agent 51:(26,4,2.3)->(26,5,4.01421)->(26,6,5.33205)->(26,7,6.01421)->(26,8,6.58205)->(26,9,7.1)->(26,10,7.61795)->(26,11,8.18579)->(26,12,8.86795)->(26,13,10.1858)->(26,14,12.4)->(25,14,14.6142)->(24,14,15.9321)->(23,14,16.6142)->(22,14,17.1821)->(21,14,17.7)->(20,14,18.2179)->(19,14,18.7858)->(18,14,19.4679)->(17,14,20.7858)->(16,14,5010.1)->
Agent 52:(3,31,2.83205)->(3,30,5.07832)->(3,29,6.39615)->(3,28,7.07832)->(3,27,7.64615)->(3,26,8.1641)->(3,25,8.6641)->(3,24,9.1641)->(3,23,9.6641)->(3,22,10.1641)->(3,21,10.6641)->(3,20,11.1641)->(3,19,11.6641)->(3,18,12.1641)->(3,17,12.6821)->(3,16,13.2499)->(3,15,13.9321)->(3,14,15.2499)->(3,13,17.4641)->(4,13,19.6783)->(5,13,20.9962)->(6,13,21.6783)->(7,13,22.2462)->(8,13,22.7641)->(9,13,23.2641)->(10,13,23.7641)->(11,13,24.2641)->(12,13,24.7641)->(13,13,25.2641)->(14,13,25.7641)->(15,13,26.2641)->(16,13,26.7641)->(17,13,27.2641)->(18,13,27.7641)->(19,13,28.2641)->(20,13,28.7821)->(21,13,29.3499)->(22,13,30.0321)->(23,13,31.3499)->(24,13,33.9783)->(24,12,37.5783)->(25,12,40.2067)->(26,12,41.5246)->(27,12,42.2566)->(28,12,42.9887)->(29,12,44.3065)->(30,12,46.9349)->(30,13,5023.66)->
Agent 53:(12,4,2.2)->(12,3,3.84949)->(12,2,5.84949)->(12,1,8.09898)->(13,1,10.899)->(14,1,14.1132)->(14,0,20.7495)->(14,1,27)->(14,2,5013.5)->
Agent 54:(8,9,1.8)->(9,9,3.01421)->(10,9,4.34806)->(11,9,5.17649)->(12,9,6.51034)->(13,9,10.0123)->(13,10,13.5142)->(13,11,14.8321)->(13,12,15.5142)->(13,13,16.0821)->(13,14,16.6)->(13,15,17.1)->(13,16,17.6)->(13,17,18.1)->(13,18,18.6179)->(13,19,19.1858)->(13,20,19.8679)->(13,21,21.1858)->(13,22,5010.3)->
Agent 55:(26,19,6.6)->(26,18,12.6142)->(26,17,13.9321)->(26,16,14.6142)->(26,15,15.1821)->(26,14,15.7)->(26,13,16.2)->(26,12,16.7)->(26,11,17.2)->(26,10,17.7)->(26,9,18.2)->(26,8,18.7)->(26,7,19.2)->(26,6,19.7)->(26,5,20.2179)->(26,4,20.7858)->(26,3,21.4679)->(26,2,22.7858)->(26,1,25)->(27,1,27.8)->(28,1,5013.9)->
Agent 56:(24,30,1.8)->(25,30,3.01421)->(26,30,4.42843)->(27,30,5.84264)->(28,30,12.2963)->(28,29,18.7499)->(28,28,20.0837)->(28,27,20.9122)->(28,26,22.246)->(28,25,5010.83)->
Agent 57:(20,3,1.3)->(20,4,2.01421)->(20,5,3.33205)->(20,6,4.01421)->(20,7,4.58205)->(20,8,5.1)->(20,9,5.6)->(20,10,6.1)->(20,11,6.61795)->(20,12,7.18579)->(20,13,7.86795)->(20,14,9.18579)->(20,15,11.4)->(19,15,13.6142)->(18,15,14.9481)->(17,15,15.7765)->(16,15,17.1103)->(15,15,19.9907)->(15,16,22.8711)->(15,17,24.1889)->(15,18,24.8711)->(15,19,25.4569)->(15,20,26.0426)->(15,21,26.7248)->(15,22,28.0426)->(15,23,30.2569)->(14,23,33.0569)->(13,23,5016.53)->
Agent 58:(7,28,2.2)->(7,27,3.81421)->(7,26,5.14806)->(7,25,5.97649)->(7,24,7.31034)->(7,23,9.52456)->(6,23,11.774)->(5,23,13.774)->(4,23,5006.61)->
Agent 59:(1,11,2.22832)->(2,11,3.87084)->(3,11,5.18868)->(4,11,5.87084)->(5,11,6.43868)->(6,11,6.95663)->(7,11,7.45663)->(8,11,7.95663)->(9,11,8.45663)->(10,11,8.95663)->(11,11,9.45663)->(12,11,9.95663)->(13,11,10.4566)->(14,11,10.9746)->(15,11,11.5424)->(16,11,12.2246)->(17,11,13.5424)->(18,11,16.4567)->(18,12,19.3711)->(18,13,20.6889)->(18,14,21.3711)->(18,15,21.9389)->(18,16,22.4569)->(18,17,22.9569)->(18,18,23.4569)->(18,19,23.9569)->(18,20,24.4569)->(18,21,24.9569)->(18,22,25.4569)->(18,23,25.9569)->(18,24,26.4748)->(18,25,27.0426)->(18,26,27.7248)->(18,27,29.0426)->(18,28,32.5784)->(19,28,36.1142)->(20,28,37.5284)->(21,28,38.9426)->(22,28,41.1569)->(22,29,43.9569)->(22,30,5021.98)->
Agent 60:(31,26,2.2)->(31,25,3.81421)->(31,24,5.13205)->(31,23,5.81421)->(31,22,6.38205)->(31,21,6.9)->(31,20,7.4)->(31,19,7.9)->(31,18,8.4)->(31,17,8.9)->(31,16,9.4)->(31,15,9.9)->(31,14,10.4)->(31,13,10.9179)->(31,12,11.4858)->(31,11,12.1679)->(31,10,13.4858)->(31,9,22)->(30,9,30.5142)->(29,9,31.8321)->(28,9,32.5142)->(27,9,33.0821)->(26,9,33.6)->(25,9,34.1)->(24,9,34.6)->(23,9,35.1)->(22,9,35.6)->(21,9,36.1)->(20,9,36.6)->(19,9,37.1)->(18,9,37.6)->(17,9,38.1)->(16,9,38.6)->(15,9,39.1)->(14,9,39.6)->(13,9,40.1)->(12,9,40.6)->(11,9,41.1)->(10,9,41.6)->(9,9,42.1)->(8,9,42.6)->(7,9,43.1)->(6,9,43.6179)->(5,9,44.1858)->(4,9,44.8679)->(3,9,46.1858)->(2,9,5022.8)->
Agent 61:(26,21,1.8)->(25,21,3.01421)->(24,21,4.33205)->(23,21,5.01421)->(22,21,5.58205)->(21,21,6.1)->(20,21,6.6)->(19,21,7.1)->(18,21,7.6)->(17,21,8.1)->(16,21,8.6)->(15,21,9.1)->(14,21,9.6)->(13,21,10.1)->(12,21,10.6)->(11,21,11.1)->(10,21,11.6)->(9,21,12.1)->(8,21,12.6)->(7,21,13.1)->(6,21,13.6)->(5,21,14.1)->(4,21,14.6179)->(3,21,15.1858)->(2,21,15.8679)->(1,21,17.1858)->(0,21,19.8142)->(0,20,5010.1)->
Agent 62:(25,1,1.3)->(25,2,2.01421)->(25,3,3.33205)->(25,4,4.0641)->(25,5,4.79615)->(25,6,6.11399)->(25,7,9.94059)->(24,7,13.7672)->(23,7,15.085)->(22,7,15.7768)->(21,7,16.4125)->(20,7,17.1042)->(19,7,18.4221)->(18,7,21.4505)->(19,7,5011.12)->
Agent 63:(1,0,1.8)->(2,0,3.01421)->(3,0,4.33205)->(4,0,5.01421)->(5,0,5.58205)->(6,0,6.1)->(7,0,6.6)->(8,0,7.1)->(9,0,7.6)->(10,0,8.1)->(11,0,8.6)->(12,0,9.1)->(13,0,9.6)->(14,0,10.1)->(15,0,10.6179)->(16,0,11.1858)->(17,0,11.8679)->(18,0,13.1858)->(19,0,15.4)->(19,1,17.6142)->(19,2,18.9321)->(19,3,19.6142)->(19,4,20.1821)->(19,5,20.7)->(19,6,21.2)->(19,7,21.7)->(19,8,22.2)->(19,9,22.7)->(19,10,23.2)->(19,11,23.7)->(19,12,24.2)->(19,13,24.7)->(19,14,25.2)->(19,15,25.7)->(19,16,26.2)->(19,17,26.7)->(19,18,27.2)->(19,19,27.7)->(19,20,28.2)->(19,21,28.7)->(19,22,29.2)->(19,23,29.7)->(19,24,30.2)->(19,25,30.7179)->(19,26,31.2858)->(19,27,31.9679)->(19,28,33.2858)->(19,29,35.9142)->(20,29,5018.15)->
Agent 64:(28,24,1.8)->(27,24,3.6)->(26,24,12.1646)->(26,25,20.1787)->(26,26,22.1787)->(26,27,5010.81)->
Agent 65:(1,31,2.2)->(1,30,3.81421)->(1,29,5.13205)->(1,28,5.81421)->(1,27,6.38205)->(1,26,6.9)->(1,25,7.4)->(1,24,7.9)->(1,23,8.4)->(1,22,8.9)->(1,21,9.4)->(1,20,9.9)->(1,19,10.4)->(1,18,10.9)->(1,17,11.4)->(1,16,11.9)->(1,15,12.4)->(1,14,12.9)->(1,13,13.4179)->(1,12,13.9858)->(1,11,14.6679)->(1,10,15.9858)->(1,9,18.2)->(2,9,20.4142)->(3,9,21.7321)->(4,9,22.4142)->(5,9,22.9821)->(6,9,23.5)->(7,9,24)->(8,9,24.5)->(9,9,25)->(10,9,25.5)->(11,9,26)->(12,9,26.5)->(13,9,27)->(14,9,27.5)->(15,9,28)->(16,9,28.5179)->(17,9,29.0858)->(18,9,29.7679)->(19,9,31.0858)->(20,9,33.3)->(20,8,35.5142)->(20,7,36.8321)->(20,6,37.5238)->(20,5,38.1595)->(20,4,38.8513)->(20,3,40.1691)->(20,2,42.7975)->(21,2,5021.59)->
Agent 66:(29,30,2.2)->(29,29,3.81421)->(29,28,5.13205)->(29,27,5.81421)->(29,26,6.38205)->(29,25,6.9)->(29,24,7.41795)->(29,23,7.98579)->(29,22,8.66795)->(29,21,9.98579)->(29,20,13.6784)->(28,20,17.3711)->(27,20,18.6889)->(26,20,19.3711)->(25,20,19.9389)->(24,20,20.4569)->(23,20,20.9569)->(22,20,21.4569)->(21,20,21.9569)->(20,20,22.4569)->(19,20,22.9569)->(18,20,23.4569)->(17,20,23.9569)->(16,20,24.4569)->(15,20,24.9569)->(14,20,25.4569)->(13,20,25.9569)->(12,20,26.4569)->(11,20,26.9569)->(10,20,27.4748)->(9,20,28.0426)->(8,20,28.7248)->(7,20,30.0426)->(6,20,32.6711)->(6,21,5016.53)->
Agent 67:(6,23,1.71421)->(6,24,4.71784)->(5,24,8.24989)->(4,24,9.56773)->(3,24,10.2998)->(2,24,11.0318)->(1,24,12.3497)->(0,24,5005.88)->
Agent 68:(25,7,2.21421)->(24,7,3.84264)->(23,7,5.16048)->(22,7,5.84264)->(21,7,6.41048)->(20,7,6.92843)->(19,7,7.42843)->(18,7,7.92843)->(17,7,8.42843)->(16,7,8.92843)->(15,7,9.42843)->(14,7,9.92843)->(13,7,10.4284)->(12,7,10.9284)->(11,7,11.4284)->(10,7,11.9284)->(9,7,12.4284)->(8,7,12.9284)->(7,7,13.4284)->(6,7,13.9284)->(5,7,14.4464)->(4,7,15.0142)->(3,7,15.6964)->(2,7,17.0142)->(1,7,19.2284)->(1,8,21.4426)->(1,9,22.7605)->(1,10,23.4426)->(1,11,24.0105)->(1,12,24.5284)->(1,13,25.0284)->(1,14,25.5284)->(1,15,26.0284)->(1,16,26.5284)->(1,17,27.0284)->(1,18,27.5464)->(1,19,28.1142)->(1,20,28.7964)->(1,21,30.1142)->(1,22,5014.76)->
Agent 69:(11,30,15.4678)->(12,30,30.3499)->(13,30,31.7641)->(14,30,33.1783)->(15,30,5016.3)->
Agent 70:(16,11,4.03205)->(16,10,7.47832)->(16,9,8.79615)->(16,8,9.47832)->(16,7,10.0641)->(16,6,10.6499)->(16,5,11.3321)->(16,4,12.6499)->(16,3,15.7178)->(17,3,18.7858)->(18,3,20.1036)->(19,3,20.8357)->(20,3,21.5677)->(21,3,22.8856)->(22,3,5011.15)->
Agent 71:(30,14,3.55)->(29,14,6.51421)->(28,14,7.83205)->(27,14,8.51421)->(26,14,9.08205)->(25,14,9.6)->(24,14,10.1)->(23,14,10.6)->(22,14,11.1)->(21,14,11.6)->(20,14,12.1)->(19,14,12.6)->(18,14,13.1)->(17,14,13.6)->(16,14,14.1)->(15,14,14.6)->(14,14,15.1)->(13,14,15.6)->(12,14,16.1)->(11,14,16.6)->(10,14,17.1)->(9,14,17.6179)->(8,14,18.1858)->(7,14,18.8679)->(6,14,20.1858)->(5,14,22.4)->(5,15,24.6142)->(5,16,25.9321)->(5,17,26.6641)->(5,18,27.3962)->(5,19,28.714)->(5,20,31.3424)->(4,20,5015.86)->
Agent 72:(30,7,2.21421)->(29,7,5000.8)->
Agent 73:(30,5,2.21421)->(30,6,3.84264)->(30,7,5.16048)->(30,8,5.84264)->(30,9,6.41048)->(30,10,6.92843)->(30,11,7.42843)->(30,12,7.92843)->(30,13,8.42843)->(30,14,8.92843)->(30,15,9.44638)->(30,16,10.0142)->(30,17,10.6964)->(30,18,12.0142)->(30,19,14.2284)->(29,19,16.4426)->(28,19,17.7605)->(27,19,18.4426)->(26,19,19.0105)->(25,19,19.5284)->(24,19,20.0464)->(23,19,20.6142)->(22,19,21.2964)->(21,19,22.6142)->(20,19,5011.01)->
Agent 74:(25,29,2.2)->(25,28,3.81421)->(25,27,5.13205)->(25,26,5.81421)->(25,25,6.38205)->(25,24,6.9)->(25,23,7.4)->(25,22,7.9)->(25,21,8.4)->(25,20,8.9)->(25,19,9.4)->(25,18,9.9)->(25,17,10.4)->(25,16,10.9)->(25,15,11.4)->(25,14,11.9)->(25,13,12.4)->(25,12,12.9)->(25,11,13.4)->(25,10,13.9)->(25,9,14.4179)->(25,8,14.9858)->(25,7,15.6679)->(25,6,16.9858)->(25,5,19.5679)->(26,5,22.1854)->(27,5,24.1854)->(28,5,5011.82)->
Agent 75:(16,30,2.55)->(16,29,4.51421)->(16,28,5.83205)->(16,27,6.51421)->(16,26,7.08205)->(16,25,7.6)->(16,24,8.1)->(16,23,8.6)->(16,22,9.1)->(16,21,9.6)->(16,20,10.1)->(16,19,10.6)->(16,18,11.1)->(16,17,11.6)->(16,16,12.1)->(16,15,12.6)->(16,14,13.1)->(16,13,13.6)->(16,12,14.1)->(16,11,14.6)->(16,10,15.1)->(16,9,15.6179)->(16,8,16.1858)->(16,7,16.8679)->(16,6,18.1858)->(16,5,20.4)->(17,5,22.6142)->(18,5,23.9481)->(19,5,24.7765)->(20,5,26.1103)->(21,5,5012.76)->
Agent 76:(0,3,1.8)->(1,3,3.01421)->(2,3,4.33205)->(3,3,5.01421)->(4,3,5.6)->(5,3,6.18579)->(6,3,6.86795)->(7,3,8.18579)->(8,3,10.4)->(8,2,13.2)->(8,1,19.6284)->(8,2,26.0569)->(8,3,5013.03)->
Agent 77:(18,12,1.3)->(18,13,2.01421)->(18,14,3.33205)->(18,15,4.0641)->(18,16,4.79615)->(18,17,6.11399)->(18,18,8.5641)->(17,18,11.0142)->(16,18,12.3321)->(15,18,13.0142)->(14,18,13.5821)->(13,18,14.1)->(12,18,14.6)->(11,18,15.1)->(10,18,15.6)->(9,18,16.1)->(8,18,16.6179)->(7,18,17.1858)->(6,18,17.8679)->(5,18,19.1858)->(4,18,5009.3)->
Agent 78:(18,6,5.8359)->(18,5,11.086)->(18,4,12.4038)->(18,3,13.1359)->(18,2,13.8679)->(18,1,15.1858)->(18,0,24.7606)->(18,1,5016.05)->
Agent 79:(12,27,1.3)->(12,28,2.01421)->(12,29,3.42843)->(12,30,4.84264)->(12,31,7.47107)->(13,31,5003.93)->
