Agent 0:(5,14,1.8)->(6,14,3.01421)->(7,14,4.33205)->(8,14,5.01421)->(9,14,5.58205)->(10,14,6.11795)->(11,14,6.68579)->(12,14,7.36795)->(13,14,8.68579)->(14,14,10.9)->(14,15,13.1495)->(14,16,15.1495)->(14,17,17.399)->(15,17,19.6132)->(16,17,20.931)->(17,17,21.6132)->(18,17,22.181)->(19,17,22.699)->(20,17,23.199)->(21,17,23.699)->(22,17,24.2169)->(23,17,24.7848)->(24,17,25.4669)->(25,17,26.7848)->(26,17,29.4132)->(26,16,5014.9)->
Agent 1:(26,6,2.16472)->(27,6,3.77894)->(28,6,5.77894)->(29,6,8.02843)->(29,5,10.8284)->(29,4,18.7463)->(29,5,26.0783)->(29,6,27.3962)->(29,7,28.0783)->(29,8,28.6462)->(29,9,29.1821)->(29,10,29.7499)->(29,11,30.4321)->(29,12,31.7499)->(29,13,5015.58)->
Agent 2:(0,21,1.8)->(1,21,3.01421)->(2,21,4.42843)->(3,21,5.84264)->(4,21,8.05685)->(4,22,10.2711)->(4,23,11.5889)->(4,24,12.2807)->(4,25,12.9163)->(4,26,13.6081)->(4,27,14.926)->(4,28,19.3163)->(5,28,23.7067)->(6,28,25.0406)->(7,28,25.869)->(8,28,27.2029)->(9,28,35.2585)->(9,29,43.9)->(9,30,5021.95)->
Agent 3:(27,26,2.2)->(27,25,3.81421)->(27,24,5.13205)->(27,23,5.81421)->(27,22,6.38205)->(27,21,6.9)->(27,20,7.4)->(27,19,7.9)->(27,18,8.41795)->(27,17,8.98579)->(27,16,9.66795)->(27,15,10.9858)->(27,14,13.2)->(28,14,15.4142)->(29,14,16.8284)->(30,14,18.2426)->(31,14,23.7463)->(30,14,29.8357)->(29,14,5014.92)->
Agent 4:(9,18,4.46614)->(8,18,8.34649)->(7,18,9.68034)->(6,18,10.5088)->(5,18,11.8426)->(4,18,5005.63)->
Agent 5:(28,31,2.45)->(28,30,4.31421)->(28,29,5.63205)->(28,28,6.31421)->(28,27,6.88205)->(28,26,7.4)->(28,25,7.9)->(28,24,8.4)->(28,23,8.9)->(28,22,9.4)->(28,21,9.9)->(28,20,10.4)->(28,19,10.9)->(28,18,11.4)->(28,17,11.9)->(28,16,12.4)->(28,15,12.9)->(28,14,13.4)->(28,13,13.9)->(28,12,14.4)->(28,11,14.9)->(28,10,15.4)->(28,9,15.9179)->(28,8,16.4858)->(28,7,17.1679)->(28,6,18.4858)->(28,5,20.7)->(27,5,22.9142)->(26,5,24.2321)->(25,5,24.9142)->(24,5,25.4821)->(23,5,26)->(22,5,26.5)->(21,5,27)->(20,5,27.5)->(19,5,28)->(18,5,28.5)->(17,5,29)->(16,5,29.5)->(15,5,30)->(14,5,30.5)->(13,5,31)->(12,5,31.5)->(11,5,32)->(10,5,32.5)->(9,5,33)->(8,5,33.5)->(7,5,34)->(6,5,34.5)->(5,5,35)->(4,5,35.5179)->(3,5,36.0858)->(2,5,36.7679)->(1,5,38.0858)->(0,5,40.7142)->(0,6,5020.55)->
Agent 6:(3,25,2.89638)->(3,24,5.20697)->(3,23,6.5248)->(3,22,7.20697)->(3,21,7.7748)->(3,20,8.29275)->(3,19,8.79275)->(3,18,9.29275)->(3,17,9.79275)->(3,16,10.2928)->(3,15,10.7928)->(3,14,11.2928)->(3,13,11.7928)->(3,12,12.2928)->(3,11,12.7928)->(3,10,13.2928)->(3,9,13.7928)->(3,8,14.2928)->(3,7,14.8107)->(3,6,15.3785)->(3,5,16.0607)->(3,4,17.3785)->(3,3,20.6464)->(4,3,23.9142)->(5,3,25.2321)->(6,3,25.9238)->(7,3,26.5595)->(8,3,27.2513)->(9,3,28.5691)->(10,3,31.1975)->(10,4,5015.79)->
Agent 7:(0,20,1.8)->(1,20,3.01421)->(2,20,4.33205)->(3,20,5.02382)->(4,20,5.65949)->(5,20,6.35126)->(6,20,7.6691)->(7,20,13.5848)->(7,19,19.5005)->(7,18,20.9147)->(7,17,22.3289)->(7,16,5010.87)->
Agent 8:(31,4,1.3)->(31,5,2.01421)->(31,6,3.33205)->(31,7,4.01421)->(31,8,4.58205)->(31,9,5.1)->(31,10,5.6)->(31,11,6.1)->(31,12,6.61795)->(31,13,7.18579)->(31,14,7.86795)->(31,15,9.18579)->(31,16,11.4)->(30,16,13.6142)->(29,16,14.9321)->(28,16,15.6142)->(27,16,16.1821)->(26,16,16.7)->(25,16,17.2)->(24,16,17.7)->(23,16,18.2)->(22,16,18.7)->(21,16,19.2)->(20,16,19.7179)->(19,16,20.2858)->(18,16,20.9679)->(17,16,22.2858)->(16,16,24.5)->(16,17,26.7142)->(16,18,28.0321)->(16,19,28.7142)->(16,20,29.2821)->(16,21,29.8)->(16,22,30.3)->(16,23,30.8)->(16,24,31.3)->(16,25,31.8)->(16,26,32.3179)->(16,27,32.8858)->(16,28,33.5679)->(16,29,34.8858)->(16,30,37.1)->(15,30,39.3142)->(14,30,40.6321)->(13,30,41.3142)->(12,30,41.8821)->(11,30,42.4)->(10,30,42.9)->(9,30,43.4)->(8,30,43.9)->(7,30,44.4)->(6,30,44.9)->(5,30,45.4)->(4,30,45.9179)->(3,30,46.4858)->(2,30,47.1679)->(1,30,48.4858)->(0,30,5023.95)->
Agent 9:(24,12,1.8)->(25,12,3.6)->(26,12,6.4)->(26,11,8.61421)->(26,10,9.93205)->(26,9,10.6641)->(26,8,11.3962)->(26,7,12.714)->(26,6,18.0783)->(26,7,5010.6)->
Agent 10:(10,25,1.3)->(10,26,2.04949)->(10,27,4.04949)->(10,28,6.49949)->(11,28,8.91421)->(12,28,10.3284)->(13,28,11.7426)->(14,28,5005.58)->
Agent 11:(8,13,1.3)->(8,14,2.01421)->(8,15,3.33205)->(8,16,4.02382)->(8,17,4.65949)->(8,18,5.35126)->(8,19,6.6691)->(8,20,8.88331)->(9,20,11.0975)->(10,20,12.4154)->(11,20,13.0975)->(12,20,13.6654)->(13,20,14.1833)->(14,20,14.6833)->(15,20,15.1833)->(16,20,15.6833)->(17,20,16.1833)->(18,20,16.6833)->(19,20,17.2013)->(20,20,17.7691)->(21,20,18.4513)->(22,20,19.7691)->(23,20,22.3975)->(23,21,5011.39)->
Agent 12:(16,13,1.8)->(17,13,3.01421)->(18,13,4.33205)->(19,13,5.02382)->(20,13,5.65949)->(21,13,6.35126)->(22,13,7.6691)->(23,13,10.2975)->(23,12,17.0737)->(23,13,5010.32)->
Agent 13:(15,0,2.53205)->(15,1,4.47832)->(15,2,5.79615)->(15,3,6.47832)->(15,4,7.04615)->(15,5,7.5641)->(15,6,8.0641)->(15,7,8.5641)->(15,8,9.0641)->(15,9,9.5641)->(15,10,10.0641)->(15,11,10.5821)->(15,12,11.1499)->(15,13,11.8321)->(15,14,13.1499)->(15,15,15.3641)->(14,15,17.5783)->(13,15,18.8962)->(12,15,19.5783)->(11,15,20.1462)->(10,15,20.6641)->(9,15,21.1641)->(8,15,21.6641)->(7,15,22.1821)->(6,15,22.7499)->(5,15,23.4321)->(4,15,24.7499)->(3,15,5012.08)->
Agent 14:(30,30,2.21421)->(31,30,4.81421)->(31,29,7.44264)->(31,28,8.76048)->(31,27,9.44264)->(31,26,10.0105)->(31,25,10.5284)->(31,24,11.0284)->(31,23,11.5284)->(31,22,12.0284)->(31,21,12.5284)->(31,20,13.0284)->(31,19,13.5284)->(31,18,14.0284)->(31,17,14.5284)->(31,16,15.0284)->(31,15,15.5284)->(31,14,16.0284)->(31,13,16.5464)->(31,12,17.1142)->(31,11,17.7964)->(31,10,19.1142)->(31,9,21.7426)->(30,9,5011.06)->
Agent 15:(0,23,2.2)->(0,22,3.81421)->(0,21,5.13205)->(0,20,5.81421)->(0,19,6.38205)->(0,18,6.91795)->(0,17,7.48579)->(0,16,8.16795)->(0,15,9.48579)->(0,14,11.7)->(1,14,13.9142)->(2,14,15.2321)->(3,14,15.9142)->(4,14,16.4821)->(5,14,17)->(6,14,17.5)->(7,14,18)->(8,14,18.5)->(9,14,19)->(10,14,19.5)->(11,14,20)->(12,14,20.5)->(13,14,21)->(14,14,21.5)->(15,14,22)->(16,14,22.5)->(17,14,23)->(18,14,23.5)->(19,14,24.0179)->(20,14,24.5858)->(21,14,25.2679)->(22,14,26.5858)->(23,14,29.2142)->(23,15,5014.8)->
Agent 16:(4,3,1.3)->(4,4,2.01421)->(4,5,3.34806)->(4,6,4.17649)->(4,7,5.51034)->(4,8,7.72456)->(5,8,9.97405)->(6,8,11.974)->(7,8,14.6377)->(7,9,5007.51)->
Agent 17:(27,20,2.2)->(27,19,3.81421)->(27,18,5.13205)->(27,17,5.81421)->(27,16,6.38205)->(27,15,6.9)->(27,14,7.4)->(27,13,7.9)->(27,12,8.41795)->(27,11,8.98579)->(27,10,9.66795)->(27,9,10.9858)->(27,8,13.5963)->(26,8,16.2067)->(25,8,17.5246)->(24,8,18.2067)->(23,8,18.7746)->(22,8,19.2925)->(21,8,19.7925)->(20,8,20.2925)->(19,8,20.7925)->(18,8,21.2925)->(17,8,21.7925)->(16,8,22.3105)->(15,8,22.8783)->(14,8,23.5605)->(13,8,24.8783)->(12,8,27.0925)->(12,7,29.8925)->(12,6,5014.95)->
Agent 18:(29,22,1.8)->(28,22,3.01421)->(27,22,4.33205)->(26,22,5.0641)->(25,22,5.79615)->(24,22,7.11399)->(23,22,9.3282)->(23,21,11.5777)->(23,20,13.5777)->(23,19,18.3278)->(22,19,23.0426)->(21,19,24.3605)->(20,19,25.0426)->(19,19,25.6105)->(18,19,26.1284)->(17,19,26.6284)->(16,19,27.1284)->(15,19,27.6284)->(14,19,28.1464)->(13,19,28.7142)->(12,19,29.3964)->(11,19,30.7142)->(10,19,32.9284)->(10,18,35.1426)->(10,17,36.4605)->(10,16,37.1426)->(10,15,37.7105)->(10,14,38.2284)->(10,13,38.7284)->(10,12,39.2284)->(10,11,39.7284)->(10,10,40.2464)->(10,9,40.8142)->(10,8,41.4964)->(10,7,42.8142)->(10,6,45.4426)->(9,6,5022.91)->
Agent 19:(10,19,3.3)->(10,18,6.01421)->(10,17,7.33205)->(10,16,8.01421)->(10,15,8.58205)->(10,14,9.1)->(10,13,9.6)->(10,12,10.1)->(10,11,10.6)->(10,10,11.1179)->(10,9,11.6858)->(10,8,12.3679)->(10,7,13.6858)->(10,6,15.9)->(9,6,18.1495)->(8,6,20.1495)->(7,6,5009.8)->
Agent 20:(2,22,1.8)->(3,22,3.01421)->(4,22,4.33205)->(5,22,5.0641)->(6,22,5.79615)->(7,22,7.11399)->(8,22,10.7641)->(8,21,14.4142)->(8,20,15.7321)->(8,19,16.4142)->(8,18,17)->(8,17,17.5858)->(8,16,18.2679)->(8,15,19.5858)->(8,14,23.15)->(9,14,26.7142)->(10,14,28.0321)->(11,14,28.7142)->(12,14,29.2821)->(13,14,29.8)->(14,14,30.3)->(15,14,30.8)->(16,14,31.3)->(17,14,31.8)->(18,14,32.3)->(19,14,32.8)->(20,14,33.3)->(21,14,33.8179)->(22,14,34.3858)->(23,14,35.0679)->(24,14,36.3858)->(25,14,39.0142)->(25,13,5019.7)->
Agent 21:(11,26,1.8)->(12,26,3.01421)->(13,26,4.33205)->(14,26,5.02382)->(15,26,5.65949)->(16,26,6.35126)->(17,26,7.6691)->(18,26,14.1059)->(18,25,20.5426)->(18,24,21.8605)->(18,23,22.5426)->(18,22,23.1105)->(18,21,23.6464)->(18,20,24.2142)->(18,19,24.8964)->(18,18,26.2142)->(18,17,28.8426)->(19,17,5014.61)->
Agent 22:(9,29,2.2)->(9,28,3.81421)->(9,27,5.13205)->(9,26,5.81421)->(9,25,6.38205)->(9,24,6.9)->(9,23,7.4)->(9,22,7.9)->(9,21,8.4)->(9,20,8.9)->(9,19,9.4)->(9,18,9.91795)->(9,17,10.4858)->(9,16,11.1679)->(9,15,12.4858)->(9,14,14.9284)->(10,14,17.3711)->(11,14,18.6889)->(12,14,19.3711)->(13,14,19.9389)->(14,14,20.4569)->(15,14,20.9569)->(16,14,21.4569)->(17,14,21.9569)->(18,14,22.4569)->(19,14,22.9569)->(20,14,23.4569)->(21,14,23.9569)->(22,14,24.4569)->(23,14,24.9569)->(24,14,25.4748)->(25,14,26.0426)->(26,14,26.7248)->(27,14,28.0426)->(28,14,34.4284)->(27,14,40.8142)->(26,14,42.1481)->(25,14,42.9765)->(24,14,44.3103)->(23,14,5021.86)->
Agent 23:(13,2,1.8)->(14,2,3.01421)->(15,2,4.33205)->(16,2,5.01421)->(17,2,5.58205)->(18,2,6.1)->(19,2,6.6)->(20,2,7.1)->(21,2,7.6)->(22,2,8.1)->(23,2,8.61795)->(24,2,9.18579)->(25,2,9.86795)->(26,2,11.1858)->(27,2,13.8142)->(27,1,20.9605)->(27,2,5012.45)->
Agent 24:(17,3,3.53205)->(16,3,7.0641)->(15,3,10.9963)->(15,4,22.7642)->(16,4,32.8426)->(17,4,34.1605)->(18,4,34.8426)->(19,4,35.4105)->(20,4,35.9464)->(21,4,36.5142)->(22,4,37.1964)->(23,4,38.5142)->(24,4,5018.96)->
Agent 25:(9,5,2.95)->(10,5,5.31421)->(11,5,6.63205)->(12,5,7.31421)->(13,5,7.88205)->(14,5,8.4)->(15,5,8.9)->(16,5,9.4)->(17,5,9.9)->(18,5,10.4)->(19,5,10.9)->(20,5,11.4)->(21,5,11.9)->(22,5,12.4)->(23,5,12.9)->(24,5,13.4)->(25,5,13.9179)->(26,5,14.4858)->(27,5,15.1679)->(28,5,16.4858)->(29,5,20.2821)->(29,6,24.0783)->(29,7,25.3962)->(29,8,26.0783)->(29,9,26.6462)->(29,10,27.1641)->(29,11,27.6641)->(29,12,28.1641)->(29,13,28.6821)->(29,14,29.2499)->(29,15,29.9321)->(29,16,31.2499)->(29,17,5015.33)->
Agent 26:(14,26,1.71421)->(14,27,5.75)->(15,27,10.3142)->(16,27,11.6321)->(17,27,12.3142)->(18,27,12.8821)->(19,27,13.4)->(20,27,13.9179)->(21,27,14.4858)->(22,27,15.1679)->(23,27,16.4858)->(24,27,19.8426)->(24,26,23.1995)->(24,25,24.5173)->(24,24,25.1995)->(24,23,25.7673)->(24,22,26.2853)->(24,21,26.7853)->(24,20,27.2853)->(24,19,27.7853)->(24,18,28.2853)->(24,17,28.7853)->(24,16,29.2853)->(24,15,29.7853)->(24,14,30.2853)->(24,13,30.7853)->(24,12,31.2853)->(24,11,31.7853)->(24,10,32.2853)->(24,9,32.7853)->(24,8,33.2853)->(24,7,33.8032)->(24,6,34.3711)->(24,5,35.0532)->(24,4,36.3711)->(24,3,38.9995)->(25,3,42.5995)->(25,2,45.8137)->(25,1,5022.91)->
Agent 27:(11,8,1.8)->(12,8,3.6)->(13,8,6.4)->(13,9,8.61421)->(13,10,9.93205)->(13,11,10.6142)->(13,12,11.1821)->(13,13,11.7)->(13,14,12.2179)->(13,15,12.7858)->(13,16,13.4679)->(13,17,14.7858)->(13,18,17)->(14,18,19.2142)->(15,18,20.5321)->(16,18,21.2142)->(17,18,21.7821)->(18,18,22.3)->(19,18,22.8)->(20,18,23.3)->(21,18,23.8)->(22,18,24.3)->(23,18,24.8)->(24,18,25.3)->(25,18,25.8179)->(26,18,26.3858)->(27,18,27.0679)->(28,18,28.3858)->(29,18,5013.9)->
Agent 28:(26,8,1.8)->(25,8,3.01421)->(24,8,4.42843)->(23,8,5.84264)->(22,8,8.05685)->(22,9,10.2711)->(22,10,11.5889)->(22,11,12.2711)->(22,12,12.8389)->(22,13,13.3569)->(22,14,13.8569)->(22,15,14.3569)->(22,16,14.8569)->(22,17,15.3569)->(22,18,15.8569)->(22,19,16.3569)->(22,20,16.8569)->(22,21,17.3748)->(22,22,17.9426)->(22,23,18.6248)->(22,24,19.9426)->(22,25,22.5711)->(23,25,5011.48)->
Agent 29:(29,7,2.2)->(29,6,3.81421)->(29,5,5.14806)->(29,4,5.97649)->(29,3,7.31034)->(29,2,15.0605)->(28,2,22.8106)->(27,2,24.1445)->(26,2,24.9729)->(25,2,26.3067)->(24,2,5012.86)->
Agent 30:(18,17,1.71421)->(18,18,3.81421)->(19,18,7.02843)->(20,18,13.0464)->(20,19,18.4785)->(20,20,19.7964)->(20,21,20.4881)->(20,22,21.1238)->(20,23,21.8156)->(20,24,23.1334)->(20,25,25.7619)->(21,25,5013.07)->
Agent 31:(14,13,3.06795)->(14,12,5.55011)->(14,11,6.86795)->(14,10,7.6)->(14,9,8.33205)->(14,8,9.64989)->(14,7,11.8641)->(15,7,14.0783)->(16,7,15.3962)->(17,7,16.0783)->(18,7,16.6462)->(19,7,17.1641)->(20,7,17.6641)->(21,7,18.1641)->(22,7,18.6641)->(23,7,19.1641)->(24,7,19.6641)->(25,7,20.1641)->(26,7,20.6821)->(27,7,21.2499)->(28,7,21.9321)->(29,7,23.2499)->(30,7,5011.33)->
Agent 32:(24,24,2.7)->(23,24,4.81421)->(22,24,6.13205)->(21,24,6.81421)->(20,24,7.38205)->(19,24,7.9)->(18,24,8.4)->(17,24,8.9)->(16,24,9.4)->(15,24,9.91795)->(14,24,10.4858)->(13,24,11.1679)->(12,24,12.4858)->(11,24,15.8858)->(11,23,19.2858)->(11,22,20.7)->(11,21,22.1142)->(11,20,5010.76)->
Agent 33:(23,7,1.8)->(24,7,3.01421)->(25,7,4.33205)->(26,7,5.02382)->(27,7,5.65949)->(28,7,6.35126)->(29,7,7.6691)->(30,7,9.88331)->(30,6,12.1328)->(30,5,14.1328)->(30,4,21.1232)->(29,4,28.1136)->(28,4,30.1136)->(27,4,5014.78)->
Agent 34:(20,23,1.8)->(21,23,3.01421)->(22,23,4.33205)->(23,23,5.0641)->(24,23,5.79615)->(25,23,7.11399)->(26,23,9.3282)->(26,22,11.5424)->(26,21,12.8603)->(26,20,13.5424)->(26,19,14.1103)->(26,18,14.6282)->(26,17,15.1282)->(26,16,15.6282)->(26,15,16.1462)->(26,14,16.714)->(26,13,17.3962)->(26,12,18.714)->(26,11,20.9282)->(27,11,23.7282)->(28,11,26.5282)->(28,10,29.3282)->(28,9,32.5424)->(29,9,5016.46)->
Agent 35:(5,3,1.8)->(6,3,3.01421)->(7,3,4.33205)->(8,3,5.01421)->(9,3,5.58205)->(10,3,6.11795)->(11,3,6.68579)->(12,3,7.36795)->(13,3,8.68579)->(14,3,13.5123)->(14,4,18.3388)->(14,5,19.6566)->(14,6,20.3388)->(14,7,20.9066)->(14,8,21.4246)->(14,9,21.9246)->(14,10,22.4246)->(14,11,22.9246)->(14,12,23.4246)->(14,13,23.9246)->(14,14,24.4246)->(14,15,24.9246)->(14,16,25.4246)->(14,17,25.9246)->(14,18,26.4246)->(14,19,26.9246)->(14,20,27.4425)->(14,21,28.0103)->(14,22,28.6925)->(14,23,30.0103)->(14,24,32.6388)->(15,24,5016.51)->
Agent 36:(14,9,2.38579)->(13,9,4.18579)->(12,9,5.50362)->(11,9,6.18579)->(10,9,6.75362)->(9,9,7.28952)->(8,9,7.85736)->(7,9,8.53952)->(6,9,9.85736)->(5,9,12.0716)->(5,8,14.2858)->(5,7,15.6036)->(5,6,16.2858)->(5,5,16.8536)->(5,4,17.3895)->(5,3,17.9574)->(5,2,18.6395)->(5,1,19.9574)->(5,0,26.2735)->(5,1,32.5897)->(5,2,33.9235)->(5,3,34.7519)->(5,4,36.0858)->(5,5,5017.75)->
Agent 37:(18,14,1.8)->(17,14,3.6)->(16,14,7.18579)->(16,13,10.1858)->(16,12,11.5196)->(16,11,12.3481)->(16,10,13.6819)->(16,9,18.5539)->(17,9,25.7879)->(17,8,29.8067)->(17,7,31.1246)->(17,6,31.8067)->(17,5,32.3746)->(17,4,32.9105)->(17,3,33.4783)->(17,2,34.1605)->(17,1,35.4783)->(17,0,5017.45)->
Agent 38:(1,10,2.21421)->(1,11,3.84264)->(1,12,5.16048)->(1,13,5.84264)->(1,14,6.41048)->(1,15,6.94638)->(1,16,7.51421)->(1,17,8.19638)->(1,18,9.51421)->(1,19,16.3642)->(2,19,23.2142)->(3,19,24.5321)->(4,19,25.2142)->(5,19,25.8)->(6,19,26.3858)->(7,19,27.0679)->(8,19,28.3858)->(9,19,5013.9)->
Agent 39:(27,3,8)->(27,4,15.4142)->(27,5,16.7321)->(27,6,17.4142)->(27,7,17.9821)->(27,8,18.5)->(27,9,19)->(27,10,19.5)->(27,11,20)->(27,12,20.5)->(27,13,21)->(27,14,21.5)->(27,15,22)->(27,16,22.5)->(27,17,23)->(27,18,23.5)->(27,19,24)->(27,20,24.5)->(27,21,25)->(27,22,25.5)->(27,23,26)->(27,24,26.5)->(27,25,27.0179)->(27,26,27.5858)->(27,27,28.2679)->(27,28,29.5858)->(27,29,31.8)->(26,29,34.0142)->(25,29,35.3321)->(24,29,36.0142)->(23,29,36.5821)->(22,29,37.1179)->(21,29,37.6858)->(20,29,38.3679)->(19,29,39.6858)->(18,29,5019.55)->
Agent 40:(22,10,1.73205)->(22,11,2.87832)->(22,12,4.19615)->(22,13,4.87832)->(22,14,5.44615)->(22,15,5.9641)->(22,16,6.4641)->(22,17,6.9641)->(22,18,7.4641)->(22,19,7.9641)->(22,20,8.4641)->(22,21,8.9641)->(22,22,9.4641)->(22,23,9.9641)->(22,24,10.4641)->(22,25,10.9641)->(22,26,11.4821)->(22,27,12.0499)->(22,28,12.7321)->(22,29,14.0499)->(22,30,16.2641)->(21,30,18.4783)->(20,30,19.7962)->(19,30,20.4783)->(18,30,21.0462)->(17,30,21.5641)->(16,30,22.0641)->(15,30,22.5641)->(14,30,23.0641)->(13,30,23.5641)->(12,30,24.0641)->(11,30,24.5641)->(10,30,25.0641)->(9,30,25.5641)->(8,30,26.0641)->(7,30,26.5641)->(6,30,27.0821)->(5,30,27.6499)->(4,30,28.3321)->(3,30,29.6499)->(2,30,31.8641)->(2,29,34.6641)->(2,28,41.2821)->(2,29,47.9)->(2,30,5023.95)->
Agent 41:(15,1,1.3)->(15,2,2.01421)->(15,3,3.33205)->(15,4,4.01421)->(15,5,4.58205)->(15,6,5.1)->(15,7,5.6)->(15,8,6.1)->(15,9,6.6)->(15,10,7.1)->(15,11,7.6)->(15,12,8.1)->(15,13,8.6)->(15,14,9.1)->(15,15,9.6)->(15,16,10.1)->(15,17,10.6179)->(15,18,11.1858)->(15,19,11.8679)->(15,20,13.1858)->(15,21,15.4)->(14,21,17.6142)->(13,21,18.9321)->(12,21,19.6142)->(11,21,20.1821)->(10,21,20.7)->(9,21,21.2)->(8,21,21.7179)->(7,21,22.2858)->(6,21,22.9679)->(5,21,24.2858)->(4,21,26.5)->(4,22,28.7142)->(4,23,30.0321)->(4,24,30.7238)->(4,25,31.3595)->(4,26,32.0513)->(4,27,33.3691)->(4,28,5016.39)->
Agent 42:(18,30,2.2)->(18,29,3.81421)->(18,28,5.13205)->(18,27,5.81421)->(18,26,6.38205)->(18,25,6.9)->(18,24,7.4)->(18,23,7.9)->(18,22,8.4)->(18,21,8.9)->(18,20,9.4)->(18,19,9.9)->(18,18,10.4)->(18,17,10.9179)->(18,16,11.4858)->(18,15,12.1679)->(18,14,13.4858)->(18,13,16)->(17,13,18.5142)->(16,13,19.8481)->(15,13,20.6765)->(14,13,22.0103)->(13,13,5010.71)->
Agent 43:(31,8,1.8)->(30,8,3.6)->(29,8,7.21421)->(30,8,20.05)->(29,8,32.1)->(28,8,5016.05)->
Agent 44:(31,19,4.14626)->(30,19,7.70674)->(29,19,9.02458)->(28,19,9.70674)->(27,19,10.2746)->(26,19,10.7925)->(25,19,11.2925)->(24,19,11.7925)->(23,19,12.2925)->(22,19,12.7925)->(21,19,13.3105)->(20,19,13.8783)->(19,19,14.5605)->(18,19,15.8783)->(17,19,19.5283)->(17,20,23.1783)->(17,21,24.4962)->(17,22,25.1783)->(17,23,25.7641)->(17,24,26.3499)->(17,25,27.0321)->(17,26,28.3499)->(17,27,5013.88)->
Agent 45:(19,9,2.51421)->(19,10,4.44264)->(19,11,5.76048)->(19,12,6.44264)->(19,13,7.01048)->(19,14,7.52843)->(19,15,8.02843)->(19,16,8.52843)->(19,17,9.02843)->(19,18,9.52843)->(19,19,10.0284)->(19,20,10.5464)->(19,21,11.1142)->(19,22,11.7964)->(19,23,13.1142)->(19,24,16.5284)->(20,24,19.9426)->(21,24,21.2605)->(22,24,21.9426)->(23,24,22.5105)->(24,24,23.0284)->(25,24,23.5284)->(26,24,24.0464)->(27,24,24.6142)->(28,24,25.2964)->(29,24,26.6142)->(30,24,28.8284)->(30,25,31.6284)->(30,26,5015.81)->
Agent 46:(22,26,3.01059)->(23,26,5.43539)->(24,26,6.75323)->(25,26,7.48528)->(26,26,8.21733)->(27,26,9.53517)->(28,26,5004.47)->
Agent 47:(0,4,1.8)->(1,4,3.01421)->(2,4,4.33205)->(3,4,5.01421)->(4,4,5.58205)->(5,4,6.1)->(6,4,6.6)->(7,4,7.1)->(8,4,7.6)->(9,4,8.1)->(10,4,8.6)->(11,4,9.1)->(12,4,9.6)->(13,4,10.1179)->(14,4,10.6858)->(15,4,11.3679)->(16,4,12.6858)->(17,4,14.9)->(17,5,17.1142)->(17,6,18.4321)->(17,7,19.1238)->(17,8,19.7595)->(17,9,20.4513)->(17,10,21.7691)->(17,11,5010.59)->
Agent 48:(23,10,4.05374)->(22,10,7.52168)->(21,10,8.83952)->(20,10,9.52168)->(19,10,10.0895)->(18,10,10.6075)->(17,10,11.1075)->(16,10,11.6075)->(15,10,12.1075)->(14,10,12.6075)->(13,10,13.1075)->(12,10,13.6254)->(11,10,14.1933)->(10,10,14.8754)->(9,10,16.1933)->(8,10,18.5537)->(8,11,21.5)->(8,12,5010.75)->
Agent 49:(23,11,1.3)->(23,12,2.01421)->(23,13,3.34806)->(23,14,4.17649)->(23,15,5.51034)->(23,16,8.83385)->(22,16,12.1574)->(21,16,13.4752)->(20,16,14.1574)->(19,16,14.7252)->(18,16,15.2431)->(17,16,15.7431)->(16,16,16.2431)->(15,16,16.7431)->(14,16,17.2431)->(13,16,17.7431)->(12,16,18.2431)->(11,16,18.7431)->(10,16,19.2431)->(9,16,19.7611)->(8,16,20.3289)->(7,16,21.0111)->(6,16,22.3289)->(5,16,26.0226)->(5,17,29.7162)->(5,18,31.034)->(5,19,31.7258)->(5,20,32.3615)->(5,21,33.0532)->(5,22,34.3711)->(5,23,36.9995)->(4,23,5018.69)->
Agent 50:(4,1,1.8)->(5,1,3.01421)->(6,1,4.34806)->(7,1,5.17649)->(8,1,6.51034)->(9,1,12.1123)->(9,2,17.7142)->(9,3,19.0321)->(9,4,19.7142)->(9,5,20.2821)->(9,6,20.8)->(9,7,21.3)->(9,8,21.8)->(9,9,22.3)->(9,10,22.8)->(9,11,23.3)->(9,12,23.8)->(9,13,24.3)->(9,14,24.8)->(9,15,25.3)->(9,16,25.8)->(9,17,26.3)->(9,18,26.8)->(9,19,27.3)->(9,20,27.8179)->(9,21,28.3858)->(9,22,29.0679)->(9,23,30.3858)->(9,24,5014.9)->
Agent 51:(29,29,1.93205)->(28,29,3.27832)->(27,29,4.59615)->(26,29,5.27832)->(25,29,5.84615)->(24,29,6.3641)->(23,29,6.8641)->(22,29,7.3641)->(21,29,7.8641)->(20,29,8.3641)->(19,29,8.8641)->(18,29,9.3641)->(17,29,9.8641)->(16,29,10.3641)->(15,29,10.8641)->(14,29,11.3641)->(13,29,11.8641)->(12,29,12.3641)->(11,29,12.8641)->(10,29,13.3641)->(9,29,13.8821)->(8,29,14.4499)->(7,29,15.1321)->(6,29,16.4499)->(5,29,18.6641)->(5,28,20.8783)->(5,27,22.1962)->(5,26,22.8879)->(5,25,23.5236)->(5,24,24.2154)->(5,23,25.5332)->(5,22,28.9521)->(4,22,5015.06)->
Agent 52:(5,19,1.3)->(5,20,2.6)->(5,21,8.55)->(5,20,13.9142)->(5,19,15.2321)->(5,18,15.9142)->(5,17,16.4821)->(5,16,17)->(5,15,17.5)->(5,14,18)->(5,13,18.5)->(5,12,19)->(5,11,19.5)->(5,10,20)->(5,9,20.5)->(5,8,21)->(5,7,21.5)->(5,6,22)->(5,5,22.5179)->(5,4,23.0858)->(5,3,23.7679)->(5,2,25.0858)->(5,1,27.7142)->(6,1,5014.05)->
Agent 53:(21,27,3.28579)->(21,26,5.98579)->(21,25,7.30362)->(21,24,7.98579)->(21,23,8.55362)->(21,22,9.07157)->(21,21,9.57157)->(21,20,10.0716)->(21,19,10.5716)->(21,18,11.0716)->(21,17,11.5895)->(21,16,12.1574)->(21,15,12.8395)->(21,14,14.1574)->(21,13,16.3716)->(22,13,18.5858)->(23,13,19.9036)->(24,13,20.5858)->(25,13,21.1536)->(26,13,21.6716)->(27,13,22.1895)->(28,13,22.7574)->(29,13,23.4395)->(30,13,24.7574)->(31,13,5012.09)->
Agent 54:(29,16,1.3)->(29,17,2.01421)->(29,18,3.33205)->(29,19,4.02382)->(29,20,4.65949)->(29,21,5.35126)->(29,22,6.6691)->(29,23,8.89166)->(28,23,11.1142)->(27,23,12.4321)->(26,23,13.1142)->(25,23,13.6821)->(24,23,14.2)->(23,23,14.7)->(22,23,15.2)->(21,23,15.7)->(20,23,16.2)->(19,23,16.7)->(18,23,17.2)->(17,23,17.7)->(16,23,18.2)->(15,23,18.7179)->(14,23,19.2858)->(13,23,19.9679)->(12,23,21.2858)->(11,23,5010.35)->
Agent 55:(18,4,1.3)->(18,5,2.01421)->(18,6,3.33205)->(18,7,4.02382)->(18,8,4.65949)->(18,9,5.35126)->(18,10,6.6691)->(18,11,10.0417)->(17,11,13.4142)->(16,11,14.7321)->(15,11,15.4142)->(14,11,15.9821)->(13,11,16.5)->(12,11,17)->(11,11,17.5)->(10,11,18)->(9,11,18.5)->(8,11,19)->(7,11,19.5)->(6,11,20)->(5,11,20.5179)->(4,11,21.0858)->(3,11,21.7679)->(2,11,23.0858)->(1,11,25.9)->(1,12,28.7142)->(1,13,30.0321)->(1,14,30.7142)->(1,15,31.2821)->(1,16,31.8)->(1,17,32.3)->(1,18,32.8)->(1,19,33.3)->(1,20,33.8)->(1,21,34.3179)->(1,22,34.8858)->(1,23,35.5679)->(1,24,36.8858)->(1,25,39.5142)->(0,25,5019.95)->
Agent 56:(27,27,3.64626)->(27,26,6.70674)->(27,25,8.02458)->(27,24,8.70674)->(27,23,9.27458)->(27,22,9.79253)->(27,21,10.2925)->(27,20,10.7925)->(27,19,11.3105)->(27,18,11.8783)->(27,17,12.5605)->(27,16,13.8783)->(27,15,16.0925)->(26,15,18.3067)->(25,15,19.6246)->(24,15,20.3067)->(23,15,20.8746)->(22,15,21.3925)->(21,15,21.8925)->(20,15,22.3925)->(19,15,22.9105)->(18,15,23.4783)->(17,15,24.1605)->(16,15,25.4783)->(15,15,5012.45)->
Agent 57:(20,5,1.8)->(21,5,3.01421)->(22,5,4.42843)->(23,5,5.84264)->(24,5,8.05685)->(24,6,10.2711)->(24,7,11.5889)->(24,8,12.2711)->(24,9,12.8389)->(24,10,13.3569)->(24,11,13.8569)->(24,12,14.3569)->(24,13,14.8569)->(24,14,15.3569)->(24,15,15.8569)->(24,16,16.3569)->(24,17,16.8569)->(24,18,17.3748)->(24,19,17.9426)->(24,20,18.6248)->(24,21,19.9426)->(24,22,22.5711)->(25,22,5011.48)->
Agent 58:(15,10,2.3359)->(14,10,4.08601)->(13,10,5.40385)->(12,10,6.08601)->(11,10,6.65385)->(10,10,7.18975)->(9,10,7.75758)->(8,10,8.43975)->(7,10,9.75758)->(6,10,12.386)->(6,9,24.7776)->(6,10,36.7833)->(6,11,5018.39)->
Agent 59:(7,1,1.71421)->(7,2,3.81421)->(6,2,6.44264)->(5,2,7.76048)->(4,2,8.49253)->(3,2,9.22458)->(2,2,10.5424)->(1,2,13.1708)->(1,3,5006.78)->
Agent 60:(15,11,2.65374)->(14,11,4.72168)->(13,11,6.03952)->(12,11,6.72168)->(11,11,7.28952)->(10,11,7.82542)->(9,11,8.39326)->(8,11,9.07542)->(7,11,10.3933)->(6,11,12.6075)->(6,12,15.4075)->(6,13,18.6217)->(5,13,5009.5)->
Agent 61:(26,26,2.2)->(26,25,3.81421)->(26,24,5.13205)->(26,23,5.81421)->(26,22,6.38205)->(26,21,6.9)->(26,20,7.4)->(26,19,7.9)->(26,18,8.4)->(26,17,8.9)->(26,16,9.4)->(26,15,9.9)->(26,14,10.4179)->(26,13,10.9858)->(26,12,11.6679)->(26,11,12.9858)->(26,10,15.7917)->(25,10,18.5975)->(24,10,19.9154)->(23,10,20.5975)->(22,10,21.1654)->(21,10,21.6833)->(20,10,22.1833)->(19,10,22.6833)->(18,10,23.1833)->(17,10,23.6833)->(16,10,24.1833)->(15,10,24.6833)->(14,10,25.1833)->(13,10,25.6833)->(12,10,26.1833)->(11,10,26.6833)->(10,10,27.2013)->(9,10,27.7691)->(8,10,28.4513)->(7,10,29.7691)->(6,10,31.9833)->(6,11,34.7833)->(6,12,5017.39)->
Agent 62:(15,14,2.96795)->(15,15,5.35011)->(15,16,6.66795)->(15,17,7.35011)->(15,18,7.91795)->(15,19,8.4359)->(15,20,8.9359)->(15,21,9.4359)->(15,22,9.9359)->(15,23,10.4359)->(15,24,10.9359)->(15,25,11.4538)->(15,26,12.0217)->(15,27,12.7038)->(15,28,14.0217)->(15,29,16.2359)->(16,29,18.4501)->(17,29,19.7679)->(18,29,20.4597)->(19,29,21.0954)->(20,29,21.7872)->(21,29,23.105)->(22,29,25.7334)->(22,30,5013.06)->
Agent 63:(24,17,2.5)->(23,17,4.41421)->(22,17,5.73205)->(21,17,6.41421)->(20,17,6.98205)->(19,17,7.5)->(18,17,8)->(17,17,8.5)->(16,17,9)->(15,17,9.5)->(14,17,10)->(13,17,10.5)->(12,17,11)->(11,17,11.5)->(10,17,12)->(9,17,12.5)->(8,17,13)->(7,17,13.5)->(6,17,14)->(5,17,14.5)->(4,17,15.0179)->(3,17,15.5858)->(2,17,16.2679)->(1,17,17.5858)->(0,17,19.8)->(0,16,22.0142)->(0,15,23.3321)->(0,14,24.0142)->(0,13,24.6)->(0,12,25.1858)->(0,11,25.8679)->(0,10,27.1858)->(0,9,5013.3)->
Agent 64:(20,18,2.2)->(20,17,3.81421)->(20,16,5.13205)->(20,15,5.81421)->(20,14,6.38205)->(20,13,6.9)->(20,12,7.4)->(20,11,7.9)->(20,10,8.41795)->(20,9,8.98579)->(20,8,9.66795)->(20,7,10.9858)->(20,6,14.3678)->(19,6,17.7499)->(18,6,19.0677)->(17,6,19.7998)->(16,6,20.5318)->(15,6,21.8497)->(14,6,5010.63)->
Agent 65:(29,15,2.21421)->(28,15,4.81421)->(28,14,7.44264)->(28,13,8.76048)->(28,12,9.44264)->(28,11,10.0105)->(28,10,10.5284)->(28,9,11.0284)->(28,8,11.5284)->(28,7,12.0464)->(28,6,12.6142)->(28,5,13.2964)->(28,4,14.6142)->(28,3,18.7642)->(28,4,23.5)->(28,5,28.8142)->(27,5,33.5426)->(26,5,34.9569)->(25,5,36.3711)->(24,5,5017.89)->
Agent 66:(19,19,1.3)->(19,20,2.04949)->(19,21,4.04949)->(19,22,7.19949)->(18,22,10.3142)->(17,22,11.6321)->(16,22,12.3142)->(15,22,12.8821)->(14,22,13.4179)->(13,22,13.9858)->(12,22,14.6679)->(11,22,15.9858)->(10,22,5007.7)->
Agent 67:(17,24,3)->(17,23,5.41421)->(17,22,6.73205)->(17,21,7.41421)->(17,20,7.98205)->(17,19,8.5)->(17,18,9)->(17,17,9.51795)->(17,16,10.0858)->(17,15,10.7679)->(17,14,12.0858)->(17,13,14.3)->(16,13,16.5142)->(15,13,17.8321)->(14,13,18.5142)->(13,13,19.0821)->(12,13,19.6)->(11,13,20.1)->(10,13,20.6179)->(9,13,21.1858)->(8,13,21.8679)->(7,13,23.1858)->(6,13,25.8142)->(6,14,5013.1)->
Agent 68:(11,31,2.75)->(11,30,4.91421)->(11,29,6.23205)->(11,28,6.91421)->(11,27,7.48205)->(11,26,8)->(11,25,8.5)->(11,24,9)->(11,23,9.5)->(11,22,10)->(11,21,10.5)->(11,20,11)->(11,19,11.5)->(11,18,12)->(11,17,12.5)->(11,16,13)->(11,15,13.5)->(11,14,14)->(11,13,14.5)->(11,12,15)->(11,11,15.5)->(11,10,16)->(11,9,16.5)->(11,8,17.0179)->(11,7,17.5858)->(11,6,18.2679)->(11,5,19.5858)->(11,4,21.8)->(10,4,24.0142)->(9,4,25.3321)->(8,4,26.0238)->(7,4,26.6595)->(6,4,27.3513)->(5,4,28.6691)->(4,4,5014.04)->
Agent 69:(19,2,1.3)->(19,3,2.01421)->(19,4,3.33205)->(19,5,4.01421)->(19,6,4.58205)->(19,7,5.1)->(19,8,5.6)->(19,9,6.1)->(19,10,6.6)->(19,11,7.1)->(19,12,7.6)->(19,13,8.1)->(19,14,8.6)->(19,15,9.1)->(19,16,9.6)->(19,17,10.1179)->(19,18,10.6858)->(19,19,11.3679)->(19,20,12.6858)->(19,21,17.2)->(18,21,21.7142)->(17,21,23.0321)->(16,21,23.7142)->(15,21,24.2821)->(14,21,24.8)->(13,21,25.3)->(12,21,25.8)->(11,21,26.3)->(10,21,26.8)->(9,21,27.3)->(8,21,27.8)->(7,21,28.3)->(6,21,28.8)->(5,21,29.3)->(4,21,29.8179)->(3,21,30.3858)->(2,21,31.0679)->(1,21,32.3858)->(0,21,35.0142)->(0,22,5017.7)->
Agent 70:(7,4,2.05)->(7,5,3.51421)->(7,6,4.83205)->(7,7,5.51421)->(7,8,6.08205)->(7,9,6.6)->(7,10,7.1)->(7,11,7.6)->(7,12,8.1)->(7,13,8.6)->(7,14,9.1)->(7,15,9.61795)->(7,16,10.1858)->(7,17,10.8679)->(7,18,12.1858)->(7,19,14.8142)->(6,19,18.8284)->(6,18,27.1115)->(5,18,5015.88)->
Agent 71:(24,1,1.3)->(24,2,2.01421)->(24,3,3.33205)->(24,4,4.01421)->(24,5,4.58205)->(24,6,5.1)->(24,7,5.61795)->(24,8,6.18579)->(24,9,6.86795)->(24,10,8.18579)->(24,11,10.4)->(23,11,12.6142)->(22,11,13.9321)->(21,11,14.6142)->(20,11,15.1821)->(19,11,15.7)->(18,11,16.2)->(17,11,16.7179)->(16,11,17.2858)->(15,11,17.9679)->(14,11,19.2858)->(13,11,21.9142)->(13,12,5011.15)->
Agent 72:(16,31,4.2)->(16,30,7.81421)->(16,29,9.13205)->(16,28,9.81421)->(16,27,10.3821)->(16,26,10.9179)->(16,25,11.4858)->(16,24,12.1679)->(16,23,13.4858)->(16,22,15.7)->(17,22,17.9495)->(18,22,19.9495)->(19,22,5009.7)->
Agent 73:(0,12,1.8)->(1,12,3.01421)->(2,12,4.33205)->(3,12,5.01421)->(4,12,5.58205)->(5,12,6.1)->(6,12,6.6)->(7,12,7.1)->(8,12,7.61795)->(9,12,8.18579)->(10,12,8.86795)->(11,12,10.1858)->(12,12,15.95)->(12,13,21.7142)->(12,14,23.0321)->(12,15,23.7142)->(12,16,24.2821)->(12,17,24.8)->(12,18,25.3)->(12,19,25.8)->(12,20,26.3)->(12,21,26.8)->(12,22,27.3)->(12,23,27.8)->(12,24,28.3179)->(12,25,28.8858)->(12,26,29.5679)->(12,27,30.8858)->(12,28,33.5142)->(11,28,5016.95)->
Agent 74:(25,18,2.2)->(25,17,3.81421)->(25,16,5.13205)->(25,15,5.81421)->(25,14,6.38205)->(25,13,6.9)->(25,12,7.4)->(25,11,7.9)->(25,10,8.4)->(25,9,8.9)->(25,8,9.41795)->(25,7,9.98579)->(25,6,10.6679)->(25,5,11.9858)->(25,4,14.6142)->(26,4,5007.5)->
Agent 75:(0,5,5.25)->(0,6,9.91421)->(0,7,11.2321)->(0,8,11.9142)->(0,9,12.4821)->(0,10,13)->(0,11,13.5)->(0,12,14)->(0,13,14.5)->(0,14,15)->(0,15,15.5)->(0,16,16)->(0,17,16.5)->(0,18,17)->(0,19,17.5)->(0,20,18)->(0,21,18.5)->(0,22,19)->(0,23,19.5)->(0,24,20)->(0,25,20.5)->(0,26,21)->(0,27,21.5179)->(0,28,22.0858)->(0,29,22.7679)->(0,30,24.0858)->(0,31,26.3)->(1,31,28.5142)->(2,31,29.8321)->(3,31,30.5142)->(4,31,31.0821)->(5,31,31.6)->(6,31,32.1)->(7,31,32.6)->(8,31,33.1)->(9,31,33.6)->(10,31,34.1)->(11,31,34.6179)->(12,31,35.1858)->(13,31,35.8679)->(14,31,37.1858)->(15,31,5018.3)->
Agent 76:(25,19,5.39626)->(25,18,10.2067)->(25,17,11.5246)->(25,16,12.2067)->(25,15,12.7746)->(25,14,13.2925)->(25,13,13.7925)->(25,12,14.2925)->(25,11,14.7925)->(25,10,15.2925)->(25,9,15.7925)->(25,8,16.2925)->(25,7,16.7925)->(25,6,17.3105)->(25,5,17.8783)->(25,4,18.5605)->(25,3,19.8783)->(25,2,22.0925)->(24,2,24.3067)->(23,2,25.6246)->(22,2,26.3067)->(21,2,26.8746)->(20,2,27.3925)->(19,2,27.8925)->(18,2,28.4105)->(17,2,28.9783)->(16,2,29.6605)->(15,2,30.9783)->(14,2,5015.2)->
Agent 77:(30,18,15.0726)->(30,19,29.5593)->(30,20,30.8772)->(30,21,31.5689)->(30,22,32.2046)->(30,23,32.8964)->(30,24,34.2142)->(30,25,5016.81)->
Agent 78:(6,19,2.4142)->(5,19,4.8284)->(4,19,7.6284)->(4,18,9.84261)->(4,17,11.1605)->(4,16,11.8426)->(4,15,12.4105)->(4,14,12.9284)->(4,13,13.4284)->(4,12,13.9284)->(4,11,14.4284)->(4,10,14.9284)->(4,9,15.4284)->(4,8,15.9284)->(4,7,16.4284)->(4,6,16.9463)->(4,5,17.5142)->(4,4,18.1963)->(4,3,19.5142)->(4,2,5009.46)->
Agent 79:(11,4,1.3)->(11,5,2.01421)->(11,6,3.33205)->(11,7,4.01421)->(11,8,4.58205)->(11,9,5.1)->(11,10,5.61795)->(11,11,6.18579)->(11,12,6.86795)->(11,13,8.18579)->(11,14,10.4)->(12,14,12.6142)->(13,14,14.0284)->(14,14,15.4426)->(15,14,17.6569)->(15,15,20.4569)->(15,16,5010.23)->
