Agent 0:(1,12,1.8)->(2,12,3.01421)->(3,12,4.33205)->(4,12,5.01421)->(5,12,5.6)->(6,12,6.18579)->(7,12,6.86795)->(8,12,8.18579)->(9,12,10.7284)->(9,11,13.8569)->(9,10,17.4779)->(10,10,20.5132)->(11,10,21.831)->(12,10,22.5132)->(13,10,23.081)->(14,10,23.599)->(15,10,24.099)->(16,10,24.599)->(17,10,25.099)->(18,10,25.599)->(19,10,26.1169)->(20,10,26.6848)->(21,10,27.3669)->(22,10,28.6848)->(23,10,30.899)->(23,9,33.699)->(23,8,5016.85)->
Agent 1:(15,5,1.8)->(16,5,3.6)->(17,5,6.4)->(17,4,9.2)->(17,3,16.3895)->(17,4,23.579)->(17,5,5011.79)->
Agent 2:(23,25,1.3)->(23,26,2.6)->(23,27,7.97469)->(22,27,12.7636)->(21,27,14.0814)->(20,27,14.7636)->(19,27,15.3314)->(18,27,15.8494)->(17,27,16.3494)->(16,27,16.8494)->(15,27,17.3494)->(14,27,17.8494)->(13,27,18.3494)->(12,27,18.8494)->(11,27,19.3494)->(10,27,19.8494)->(9,27,20.3494)->(8,27,20.8494)->(7,27,21.3494)->(6,27,21.8494)->(5,27,22.3494)->(4,27,22.8673)->(3,27,23.4352)->(2,27,24.1173)->(1,27,25.4352)->(0,27,28.0636)->(0,28,5014.22)->
Agent 3:(5,14,1.38579)->(5,15,2.18579)->(5,16,3.50362)->(5,17,4.18579)->(5,18,4.75362)->(5,19,5.27157)->(5,20,5.77157)->(5,21,6.27157)->(5,22,6.77157)->(5,23,7.27157)->(5,24,7.77157)->(5,25,8.27157)->(5,26,8.77157)->(5,27,9.28952)->(5,28,9.85736)->(5,29,10.5395)->(5,30,11.8574)->(5,31,14.0716)->(6,31,16.2858)->(7,31,17.6036)->(8,31,18.2858)->(9,31,18.8536)->(10,31,19.3716)->(11,31,19.8716)->(12,31,20.3716)->(13,31,20.8716)->(14,31,21.3716)->(15,31,21.8716)->(16,31,22.3716)->(17,31,22.8716)->(18,31,23.3716)->(19,31,23.8716)->(20,31,24.3716)->(21,31,24.8716)->(22,31,25.3716)->(23,31,25.8895)->(24,31,26.4574)->(25,31,27.1395)->(26,31,28.4574)->(27,31,5013.94)->
Agent 4:(3,0,1.3)->(3,1,2.6)->(3,2,5.51421)->(4,2,7.84264)->(5,2,9.16048)->(6,2,9.84264)->(7,2,10.4105)->(8,2,10.9284)->(9,2,11.4284)->(10,2,11.9284)->(11,2,12.4284)->(12,2,12.9284)->(13,2,13.4284)->(14,2,13.9284)->(15,2,14.4284)->(16,2,14.9284)->(17,2,15.4284)->(18,2,15.9464)->(19,2,16.5142)->(20,2,17.1964)->(21,2,18.5142)->(22,2,20.7284)->(22,1,23.5284)->(22,0,32.0107)->(23,0,39.9072)->(24,0,41.225)->(25,0,41.9571)->(26,0,42.6891)->(27,0,44.007)->(28,0,5021.71)->
Agent 5:(11,29,1.3)->(11,30,2.6)->(11,31,5.4)->(12,31,7.61421)->(13,31,8.93205)->(14,31,9.61421)->(15,31,10.1821)->(16,31,10.7)->(17,31,11.2)->(18,31,11.7179)->(19,31,12.2858)->(20,31,12.9679)->(21,31,14.2858)->(22,31,17.0642)->(22,30,19.8426)->(22,29,21.1605)->(22,28,21.8426)->(22,27,22.4105)->(22,26,22.9284)->(22,25,23.4284)->(22,24,23.9284)->(22,23,24.4284)->(22,22,24.9284)->(22,21,25.4284)->(22,20,25.9284)->(22,19,26.4284)->(22,18,26.9284)->(22,17,27.4284)->(22,16,27.9284)->(22,15,28.4284)->(22,14,28.9284)->(22,13,29.4284)->(22,12,29.9463)->(22,11,30.5142)->(22,10,31.1963)->(22,9,32.5142)->(22,8,5015.96)->
Agent 6:(9,8,1.3)->(9,9,2.01421)->(9,10,3.33205)->(9,11,4.01421)->(9,12,4.58205)->(9,13,5.1)->(9,14,5.6)->(9,15,6.1)->(9,16,6.61795)->(9,17,7.18579)->(9,18,7.86795)->(9,19,9.18579)->(9,20,11.8142)->(8,20,16.2522)->(9,20,21.0192)->(9,21,23.9766)->(9,22,25.3908)->(9,23,26.805)->(9,24,5013.11)->
Agent 7:(13,5,2.8)->(14,5,5.04949)->(15,5,7.04949)->(16,5,12.7884)->(16,6,18.492)->(16,7,19.8099)->(16,8,20.492)->(16,9,21.0599)->(16,10,21.5958)->(16,11,22.1636)->(16,12,22.8458)->(16,13,24.1636)->(16,14,26.792)->(17,14,5013.59)->
Agent 8:(26,26,3.95374)->(26,25,7.32168)->(26,24,8.63952)->(26,23,9.32168)->(26,22,9.88952)->(26,21,10.4075)->(26,20,10.9075)->(26,19,11.4075)->(26,18,11.9075)->(26,17,12.4075)->(26,16,12.9075)->(26,15,13.4075)->(26,14,13.9075)->(26,13,14.4075)->(26,12,14.9075)->(26,11,15.4075)->(26,10,15.9075)->(26,9,16.4254)->(26,8,16.9933)->(26,7,17.6754)->(26,6,18.9933)->(26,5,21.2075)->(27,5,23.4217)->(28,5,24.7555)->(29,5,25.584)->(30,5,26.9178)->(31,5,5013.17)->
Agent 9:(29,28,1.3)->(29,29,2.6)->(29,30,6.65)->(28,30,10.1142)->(27,30,11.4321)->(26,30,12.1142)->(25,30,12.6821)->(24,30,13.2)->(23,30,13.7)->(22,30,14.2)->(21,30,14.7)->(20,30,15.2)->(19,30,15.7)->(18,30,16.2)->(17,30,16.7)->(16,30,17.2)->(15,30,17.7)->(14,30,18.2)->(13,30,18.7)->(12,30,19.2)->(11,30,19.7)->(10,30,20.2)->(9,30,20.7)->(8,30,21.2)->(7,30,21.7)->(6,30,22.2179)->(5,30,22.7858)->(4,30,23.4679)->(3,30,24.7858)->(2,30,28.0106)->(2,29,31.2354)->(2,28,32.5532)->(2,27,33.2354)->(2,26,33.8032)->(2,25,34.3212)->(2,24,34.8212)->(2,23,35.3212)->(2,22,35.8212)->(2,21,36.3212)->(2,20,36.8212)->(2,19,37.3212)->(2,18,37.8212)->(2,17,38.3212)->(2,16,38.8212)->(2,15,39.3212)->(2,14,39.8212)->(2,13,40.3212)->(2,12,40.8212)->(2,11,41.3391)->(2,10,41.907)->(2,9,42.5891)->(2,8,43.907)->(2,7,46.1212)->(1,7,48.9212)->(0,7,5024.46)->
Agent 10:(9,21,2.21421)->(8,21,4.99638)->(8,20,7.80697)->(8,19,9.1248)->(8,18,9.80697)->(8,17,10.3748)->(8,16,10.8928)->(8,15,11.3928)->(8,14,11.8928)->(8,13,12.4107)->(8,12,12.9785)->(8,11,13.6607)->(8,10,14.9785)->(8,9,17.1928)->(9,9,19.407)->(10,9,20.7248)->(11,9,21.407)->(12,9,21.9748)->(13,9,22.5107)->(14,9,23.0785)->(15,9,23.7607)->(16,9,25.0785)->(17,9,27.2928)->(17,8,30.0928)->(17,7,33.307)->(18,7,5016.85)->
Agent 11:(26,31,3.24999)->(26,30,5.91419)->(26,29,7.23202)->(26,28,7.91419)->(26,27,8.49997)->(26,26,9.08576)->(26,25,9.76792)->(26,24,11.0858)->(26,23,16.9821)->(25,23,22.8785)->(24,23,24.1963)->(23,23,24.8785)->(22,23,25.4463)->(21,23,25.9643)->(20,23,26.4643)->(19,23,26.9643)->(18,23,27.4643)->(17,23,27.9643)->(16,23,28.4643)->(15,23,28.9643)->(14,23,29.4822)->(13,23,30.0501)->(12,23,30.7322)->(11,23,32.0501)->(10,23,34.6785)->(10,22,5017.53)->
Agent 12:(3,31,3.12832)->(3,30,5.67084)->(3,29,6.98868)->(3,28,7.67084)->(3,27,8.23868)->(3,26,8.75663)->(3,25,9.25663)->(3,24,9.75663)->(3,23,10.2566)->(3,22,10.7566)->(3,21,11.2566)->(3,20,11.7746)->(3,19,12.3424)->(3,18,13.0246)->(3,17,14.3424)->(3,16,16.5566)->(4,16,18.7708)->(5,16,20.0887)->(6,16,20.7708)->(7,16,21.3387)->(8,16,21.8566)->(9,16,22.3566)->(10,16,22.8566)->(11,16,23.3566)->(12,16,23.8566)->(13,16,24.3566)->(14,16,24.8566)->(15,16,25.3746)->(16,16,25.9424)->(17,16,26.6246)->(18,16,27.9424)->(19,16,5013.68)->
Agent 13:(31,6,1.71421)->(31,7,3.81421)->(30,7,6.44264)->(29,7,7.76048)->(28,7,8.49253)->(27,7,9.22458)->(26,7,10.5424)->(25,7,13.1708)->(25,8,16.7708)->(24,8,19.3993)->(23,8,20.7171)->(22,8,21.3993)->(21,8,21.9671)->(20,8,22.4851)->(19,8,22.9851)->(18,8,23.4851)->(17,8,23.9851)->(16,8,24.4851)->(15,8,24.9851)->(14,8,25.4851)->(13,8,25.9851)->(12,8,26.4851)->(11,8,26.9851)->(10,8,27.4851)->(9,8,27.9851)->(8,8,28.4851)->(7,8,29.003)->(6,8,29.5708)->(5,8,30.253)->(4,8,31.5708)->(3,8,5015.49)->
Agent 14:(15,16,2.05)->(16,16,3.51421)->(17,16,4.83205)->(18,16,5.51421)->(19,16,6.08205)->(20,16,6.6)->(21,16,7.1)->(22,16,7.6)->(23,16,8.1)->(24,16,8.6)->(25,16,9.1)->(26,16,9.6)->(27,16,10.1179)->(28,16,10.6858)->(29,16,11.3679)->(30,16,12.6858)->(31,16,14.9)->(31,17,17.7)->(31,18,5008.85)->
Agent 15:(25,21,1.8)->(24,21,3.01421)->(23,21,4.33205)->(22,21,5.01421)->(21,21,5.58205)->(20,21,6.1)->(19,21,6.6)->(18,21,7.1)->(17,21,7.6)->(16,21,8.1)->(15,21,8.6)->(14,21,9.1)->(13,21,9.6)->(12,21,10.1)->(11,21,10.6)->(10,21,11.1)->(9,21,11.6179)->(8,21,12.1858)->(7,21,12.8679)->(6,21,14.1858)->(5,21,17.1142)->(5,20,20.0426)->(5,19,21.3605)->(5,18,22.0426)->(5,17,22.6105)->(5,16,23.1284)->(5,15,23.6284)->(5,14,24.1284)->(5,13,24.6284)->(5,12,25.1284)->(5,11,25.6284)->(5,10,26.1284)->(5,9,26.6284)->(5,8,27.1284)->(5,7,27.6284)->(5,6,28.1284)->(5,5,28.6464)->(5,4,29.2142)->(5,3,29.8964)->(5,2,31.2142)->(5,1,33.8426)->(6,1,5017.11)->
Agent 16:(15,30,1.8)->(16,30,3.01421)->(17,30,4.33205)->(18,30,5.02382)->(19,30,5.65949)->(20,30,6.35126)->(21,30,7.6691)->(22,30,10.3917)->(22,29,13.1142)->(22,28,14.4321)->(22,27,15.1142)->(22,26,15.6821)->(22,25,16.2)->(22,24,16.7)->(22,23,17.2)->(22,22,17.7)->(22,21,18.2)->(22,20,18.7)->(22,19,19.2)->(22,18,19.7179)->(22,17,20.2858)->(22,16,20.9679)->(22,15,22.2858)->(22,14,24.9142)->(23,14,29.3284)->(22,14,5015.26)->
Agent 17:(1,21,2.2)->(1,20,3.81421)->(1,19,5.13205)->(1,18,5.81421)->(1,17,6.4)->(1,16,6.98579)->(1,15,7.66795)->(1,14,8.98579)->(1,13,11.2)->(2,13,14)->(3,13,16.8)->(3,12,19.0142)->(3,11,20.3321)->(3,10,21.0142)->(3,9,21.5821)->(3,8,22.1)->(3,7,22.6179)->(3,6,23.1858)->(3,5,23.8679)->(3,4,25.1858)->(3,3,5012.3)->
Agent 18:(2,7,3.19638)->(2,8,5.80697)->(2,9,7.1248)->(2,10,7.81657)->(2,11,8.45225)->(2,12,9.14402)->(2,13,10.4619)->(2,14,12.6761)->(3,14,14.8903)->(4,14,16.2081)->(5,14,16.8903)->(6,14,17.4581)->(7,14,17.9761)->(8,14,18.4761)->(9,14,18.9761)->(10,14,19.4761)->(11,14,19.9761)->(12,14,20.4761)->(13,14,20.9761)->(14,14,21.4761)->(15,14,21.994)->(16,14,22.5619)->(17,14,23.244)->(18,14,24.5619)->(19,14,5011.99)->
Agent 19:(20,27,1.71421)->(20,28,4.27843)->(19,28,7.37107)->(18,28,8.68891)->(17,28,9.37107)->(16,28,9.93891)->(15,28,10.4569)->(14,28,10.9569)->(13,28,11.4569)->(12,28,11.9569)->(11,28,12.4569)->(10,28,12.9569)->(9,28,13.4569)->(8,28,13.9569)->(7,28,14.4569)->(6,28,14.9748)->(5,28,15.5426)->(4,28,16.2248)->(3,28,17.5426)->(2,28,19.7569)->(2,27,21.9711)->(2,26,23.2889)->(2,25,23.9711)->(2,24,24.5389)->(2,23,25.0569)->(2,22,25.5569)->(2,21,26.0569)->(2,20,26.5569)->(2,19,27.0569)->(2,18,27.5569)->(2,17,28.0748)->(2,16,28.6426)->(2,15,29.3248)->(2,14,30.6426)->(2,13,33.2711)->(1,13,5016.83)->
Agent 20:(13,24,2.2)->(13,23,3.81421)->(13,22,5.13205)->(13,21,5.81421)->(13,20,6.38205)->(13,19,6.9)->(13,18,7.4)->(13,17,7.9)->(13,16,8.4)->(13,15,8.9)->(13,14,9.4)->(13,13,9.9)->(13,12,10.4)->(13,11,10.9)->(13,10,11.4)->(13,9,11.9)->(13,8,12.4179)->(13,7,12.9858)->(13,6,13.6679)->(13,5,14.9858)->(13,4,25.0464)->(14,4,35.107)->(15,4,36.4248)->(16,4,37.107)->(17,4,37.6928)->(18,4,38.2785)->(19,4,38.9607)->(20,4,40.2785)->(21,4,5019.85)->
Agent 21:(2,15,1.95)->(3,15,3.31421)->(4,15,4.63205)->(5,15,5.31421)->(6,15,5.88205)->(7,15,6.4)->(8,15,6.9)->(9,15,7.41795)->(10,15,7.98579)->(11,15,8.66795)->(12,15,9.98579)->(13,15,12.2)->(13,14,15)->(13,13,22.9642)->(13,14,30.9284)->(13,15,5015.46)->
Agent 22:(16,29,1.8)->(15,29,3.01421)->(14,29,4.33205)->(13,29,5.01421)->(12,29,5.58205)->(11,29,6.1)->(10,29,6.6)->(9,29,7.1)->(8,29,7.6)->(7,29,8.1)->(6,29,8.6)->(5,29,9.11795)->(4,29,9.68579)->(3,29,10.3679)->(2,29,11.6858)->(1,29,13.9)->(1,28,16.1495)->(1,27,18.1495)->(1,26,5008.8)->
Agent 23:(25,28,2.2)->(25,27,3.81421)->(25,26,5.22843)->(25,25,6.64264)->(25,24,10.2784)->(26,24,14.5)->(27,24,17.8679)->(27,23,20.6501)->(27,22,21.9679)->(27,21,22.6501)->(27,20,23.2179)->(27,19,23.7359)->(27,18,24.2538)->(27,17,24.8217)->(27,16,25.5038)->(27,15,26.8217)->(27,14,5013.12)->
Agent 24:(0,12,5.03216)->(1,12,9.47854)->(2,12,10.7964)->(3,12,11.4785)->(4,12,12.0464)->(5,12,12.5643)->(6,12,13.0643)->(7,12,13.5643)->(8,12,14.0643)->(9,12,14.5643)->(10,12,15.0643)->(11,12,15.5643)->(12,12,16.0643)->(13,12,16.5643)->(14,12,17.0643)->(15,12,17.5643)->(16,12,18.0643)->(17,12,18.5643)->(18,12,19.0643)->(19,12,19.5643)->(20,12,20.0643)->(21,12,20.5823)->(22,12,21.1501)->(23,12,21.8323)->(24,12,23.1501)->(25,12,25.3643)->(25,11,27.5785)->(25,10,28.8964)->(25,9,29.5785)->(25,8,30.1464)->(25,7,30.6643)->(25,6,31.1643)->(25,5,31.6643)->(25,4,32.1823)->(25,3,32.7501)->(25,2,33.4323)->(25,1,34.7501)->(25,0,36.9643)->(26,0,39.1785)->(27,0,40.5928)->(28,0,42.007)->(29,0,5020.71)->
Agent 25:(25,4,2.18205)->(25,5,3.77832)->(25,6,5.09615)->(25,7,5.77832)->(25,8,6.34615)->(25,9,6.8641)->(25,10,7.3641)->(25,11,7.8641)->(25,12,8.3641)->(25,13,8.8641)->(25,14,9.3641)->(25,15,9.8641)->(25,16,10.3641)->(25,17,10.8641)->(25,18,11.3641)->(25,19,11.8821)->(25,20,12.4499)->(25,21,13.1321)->(25,22,14.4499)->(25,23,17.3426)->(24,23,20.2354)->(23,23,21.5532)->(22,23,22.2354)->(21,23,22.8032)->(20,23,23.3212)->(19,23,23.8212)->(18,23,24.3212)->(17,23,24.8212)->(16,23,25.3212)->(15,23,25.8212)->(14,23,26.3212)->(13,23,26.8212)->(12,23,27.3212)->(11,23,27.8212)->(10,23,28.3212)->(9,23,28.8212)->(8,23,29.3212)->(7,23,29.8212)->(6,23,30.3212)->(5,23,30.8391)->(4,23,31.407)->(3,23,32.0891)->(2,23,33.407)->(1,23,36.0354)->(1,24,5018.21)->
Agent 26:(13,1,1.8)->(12,1,3.01421)->(11,1,4.33205)->(10,1,5.01421)->(9,1,5.58205)->(8,1,6.11795)->(7,1,6.68579)->(6,1,7.36795)->(5,1,8.68579)->(4,1,11.3142)->(4,0,20.5925)->(4,1,28.8993)->(4,2,30.2171)->(4,3,30.8993)->(4,4,31.4671)->(4,5,31.9851)->(4,6,32.4851)->(4,7,32.9851)->(4,8,33.4851)->(4,9,33.9851)->(4,10,34.4851)->(4,11,34.9851)->(4,12,35.4851)->(4,13,35.9851)->(4,14,36.4851)->(4,15,36.9851)->(4,16,37.4851)->(4,17,37.9851)->(4,18,38.4851)->(4,19,38.9851)->(4,20,39.4851)->(4,21,39.9851)->(4,22,40.4851)->(4,23,40.9851)->(4,24,41.503)->(4,25,42.0708)->(4,26,42.753)->(4,27,44.0708)->(4,28,5021.74)->
Agent 27:(22,7,1.3)->(22,8,2.01421)->(22,9,3.34806)->(22,10,4.17649)->(22,11,5.51034)->(22,12,11.2943)->(23,12,17.0783)->(24,12,18.3962)->(25,12,19.1282)->(26,12,19.8603)->(27,12,21.1781)->(28,12,23.3923)->(28,13,25.6065)->(28,14,26.9244)->(28,15,27.6065)->(28,16,28.1744)->(28,17,28.6923)->(28,18,29.1923)->(28,19,29.6923)->(28,20,30.1923)->(28,21,30.6923)->(28,22,31.2103)->(28,23,31.7781)->(28,24,32.4603)->(28,25,33.7781)->(28,26,5016.6)->
Agent 28:(21,20,1.3)->(21,21,2.01421)->(21,22,3.42843)->(21,23,4.84264)->(21,24,7.14264)->(20,24,9.44264)->(19,24,10.7605)->(18,24,11.4426)->(17,24,12.0105)->(16,24,12.5284)->(15,24,13.0284)->(14,24,13.5284)->(13,24,14.0284)->(12,24,14.5284)->(11,24,15.0284)->(10,24,15.5284)->(9,24,16.0464)->(8,24,16.6142)->(7,24,17.2964)->(6,24,18.6142)->(5,24,20.8284)->(5,25,23.0426)->(5,26,24.3765)->(5,27,25.2049)->(5,28,26.5388)->(5,29,5012.98)->
Agent 29:(17,11,9.31421)->(16,11,18.0426)->(15,11,19.3605)->(14,11,20.0426)->(13,11,20.6105)->(12,11,21.1284)->(11,11,21.6284)->(10,11,22.1284)->(9,11,22.6284)->(8,11,23.1284)->(7,11,23.6284)->(6,11,24.1284)->(5,11,24.6284)->(4,11,25.1464)->(3,11,25.7142)->(2,11,26.3964)->(1,11,27.7142)->(0,11,29.9284)->(0,12,32.1779)->(0,13,34.1779)->(0,14,5016.81)->
Agent 30:(19,24,2.21421)->(20,24,4.81421)->(20,23,7.44264)->(20,22,8.85685)->(20,21,10.2711)->(20,20,19.039)->(20,21,5012.78)->
Agent 31:(23,6,4.12744)->(22,6,7.6691)->(21,6,9.00295)->(20,6,9.83138)->(19,6,11.1652)->(18,6,17.2823)->(18,7,23.9851)->(18,8,5011.99)->
Agent 32:(19,12,1.8)->(18,12,3.01421)->(17,12,4.33205)->(16,12,5.01421)->(15,12,5.6)->(14,12,6.18579)->(13,12,6.86795)->(12,12,8.18579)->(11,12,10.4)->(11,13,12.6142)->(11,14,13.9321)->(11,15,14.6142)->(11,16,15.1821)->(11,17,15.7)->(11,18,16.2)->(11,19,16.7)->(11,20,17.2)->(11,21,17.7)->(11,22,18.2)->(11,23,18.7)->(11,24,19.2)->(11,25,19.7)->(11,26,20.2)->(11,27,20.7179)->(11,28,21.2858)->(11,29,21.9679)->(11,30,23.2858)->(11,31,5011.35)->
Agent 33:(30,4,1.3)->(30,5,2.01421)->(30,6,3.33205)->(30,7,4.01421)->(30,8,4.58205)->(30,9,5.1)->(30,10,5.6)->(30,11,6.1)->(30,12,6.6)->(30,13,7.1)->(30,14,7.6)->(30,15,8.1)->(30,16,8.6)->(30,17,9.11795)->(30,18,9.68579)->(30,19,10.3679)->(30,20,11.6858)->(30,21,15.5822)->(29,21,19.4785)->(28,21,20.7964)->(27,21,21.4785)->(26,21,22.0464)->(25,21,22.5643)->(24,21,23.0643)->(23,21,23.5643)->(22,21,24.0643)->(21,21,24.5643)->(20,21,25.0643)->(19,21,25.5643)->(18,21,26.0643)->(17,21,26.5643)->(16,21,27.0643)->(15,21,27.5643)->(14,21,28.0643)->(13,21,28.5643)->(12,21,29.0643)->(11,21,29.5643)->(10,21,30.0643)->(9,21,30.5823)->(8,21,31.1501)->(7,21,31.8323)->(6,21,33.1501)->(5,21,35.7785)->(5,22,5018.08)->
Agent 34:(31,11,1.93205)->(30,11,3.27832)->(29,11,4.59615)->(28,11,5.27832)->(27,11,5.84615)->(26,11,6.3641)->(25,11,6.8641)->(24,11,7.3641)->(23,11,7.88205)->(22,11,8.44989)->(21,11,9.13205)->(20,11,10.4499)->(19,11,13.3247)->(19,12,16.1995)->(19,13,17.5173)->(19,14,18.1995)->(19,15,18.7673)->(19,16,19.2853)->(19,17,19.7853)->(19,18,20.2853)->(19,19,20.7853)->(19,20,21.2853)->(19,21,21.7853)->(19,22,22.2853)->(19,23,22.8032)->(19,24,23.3711)->(19,25,24.0532)->(19,26,25.3711)->(19,27,27.5853)->(18,27,29.7995)->(17,27,31.1173)->(16,27,31.7995)->(15,27,32.3673)->(14,27,32.8853)->(13,27,33.3853)->(12,27,33.8853)->(11,27,34.3853)->(10,27,34.8853)->(9,27,35.3853)->(8,27,35.8853)->(7,27,36.4032)->(6,27,36.9711)->(5,27,37.6532)->(4,27,38.9711)->(3,27,5019.19)->
Agent 35:(27,23,2.3359)->(27,22,4.08601)->(27,21,5.40385)->(27,20,6.08601)->(27,19,6.65385)->(27,18,7.1718)->(27,17,7.6718)->(27,16,8.1718)->(27,15,8.68975)->(27,14,9.25758)->(27,13,9.93975)->(27,12,11.2576)->(27,11,14.2896)->(26,11,17.3217)->(25,11,18.6395)->(24,11,19.3217)->(23,11,19.8895)->(22,11,20.4075)->(21,11,20.9075)->(20,11,21.4075)->(19,11,21.9254)->(18,11,22.4933)->(17,11,23.1754)->(16,11,24.4933)->(15,11,26.7075)->(15,10,29.5075)->(15,9,5014.75)->
Agent 36:(22,24,3.45)->(23,24,6.9)->(24,24,9.7)->(24,23,11.9142)->(24,22,13.2321)->(24,21,13.9142)->(24,20,14.4821)->(24,19,15)->(24,18,15.5179)->(24,17,16.0858)->(24,16,16.7679)->(24,15,18.0858)->(24,14,22.35)->(24,15,27.2)->(24,16,5013.6)->
Agent 37:(21,13,1.3)->(21,14,2.6)->(21,15,6.58579)->(22,15,9.98579)->(23,15,11.4)->(24,15,12.8142)->(25,15,17.7142)->(24,15,23.2)->(23,15,26.4142)->(23,16,5013.4)->
Agent 38:(14,19,2.62854)->(14,18,4.67129)->(14,17,5.98913)->(14,16,6.72118)->(14,15,7.45323)->(14,14,8.77107)->(14,13,10.9853)->(15,13,13.1995)->(16,13,14.5173)->(17,13,15.1995)->(18,13,15.7673)->(19,13,16.2853)->(20,13,16.7853)->(21,13,17.2853)->(22,13,17.7853)->(23,13,18.2853)->(24,13,18.7853)->(25,13,19.2853)->(26,13,19.8032)->(27,13,20.3711)->(28,13,21.0532)->(29,13,22.3711)->(30,13,5010.89)->
Agent 39:(23,19,1.8)->(24,19,3.01421)->(25,19,4.33205)->(26,19,5.01421)->(27,19,5.6)->(28,19,6.18579)->(29,19,6.86795)->(30,19,8.18579)->(31,19,11.2142)->(30,19,16.0322)->(30,20,19.4785)->(30,21,20.7964)->(30,22,21.4785)->(30,23,22.0464)->(30,24,22.5643)->(30,25,23.0823)->(30,26,23.6501)->(30,27,24.3323)->(30,28,25.6501)->(30,29,5012.53)->
Agent 40:(5,11,2.21421)->(6,11,4.85)->(6,10,7.51421)->(6,9,8.83205)->(6,8,9.51421)->(6,7,10.0821)->(6,6,10.6179)->(6,5,11.1858)->(6,4,11.8679)->(6,3,13.1858)->(6,2,15.4)->(5,2,17.6142)->(4,2,18.9321)->(3,2,19.6641)->(2,2,20.3962)->(1,2,21.714)->(0,2,24.3424)->(0,1,5012.36)->
Agent 41:(0,23,1.8)->(1,23,3.01421)->(2,23,4.33205)->(3,23,5.01421)->(4,23,5.6)->(5,23,6.18579)->(6,23,6.86795)->(7,23,8.18579)->(8,23,13.538)->(8,22,18.8903)->(8,21,20.2081)->(8,20,20.9402)->(8,19,21.6722)->(8,18,22.9901)->(8,17,27.825)->(9,17,32.6599)->(10,17,33.9778)->(11,17,34.6599)->(12,17,35.2278)->(13,17,35.7457)->(14,17,36.2457)->(15,17,36.7457)->(16,17,37.2457)->(17,17,37.7457)->(18,17,38.2637)->(19,17,38.8315)->(20,17,39.5137)->(21,17,40.8315)->(22,17,5020.12)->
Agent 42:(23,0,1.8)->(22,0,3.01421)->(21,0,4.33205)->(20,0,5.01421)->(19,0,5.58205)->(18,0,6.1)->(17,0,6.6)->(16,0,7.1)->(15,0,7.6)->(14,0,8.1)->(13,0,8.6)->(12,0,9.1)->(11,0,9.61795)->(10,0,10.1858)->(9,0,10.8679)->(8,0,12.1858)->(7,0,16.8322)->(7,1,21.4785)->(7,2,22.7964)->(7,3,23.4785)->(7,4,24.0464)->(7,5,24.5643)->(7,6,25.0643)->(7,7,25.5643)->(7,8,26.0643)->(7,9,26.5643)->(7,10,27.0643)->(7,11,27.5643)->(7,12,28.0643)->(7,13,28.5643)->(7,14,29.0643)->(7,15,29.5643)->(7,16,30.0643)->(7,17,30.5823)->(7,18,31.1501)->(7,19,31.8323)->(7,20,33.1501)->(7,21,36.0752)->(6,21,39.0356)->(5,21,41.0356)->(4,21,43.6993)->(4,22,5022.04)->
Agent 43:(6,28,2.2)->(6,27,3.84949)->(6,26,5.84949)->(6,25,13.1996)->(7,25,20.5144)->(8,25,21.8323)->(9,25,22.5643)->(10,25,23.2964)->(11,25,24.6142)->(12,25,29.2069)->(12,26,34.3853)->(12,27,5017.19)->
Agent 44:(4,2,3.05)->(4,3,5.51421)->(4,4,6.83205)->(4,5,7.51421)->(4,6,8.1)->(4,7,8.68579)->(4,8,9.36795)->(4,9,10.6858)->(4,10,17.2642)->(3,10,5010.8)->
Agent 45:(5,0,1.3)->(5,1,2.01421)->(5,2,3.33205)->(5,3,4.01421)->(5,4,4.58205)->(5,5,5.1)->(5,6,5.6)->(5,7,6.1)->(5,8,6.6)->(5,9,7.1)->(5,10,7.6)->(5,11,8.1)->(5,12,8.6)->(5,13,9.1)->(5,14,9.61795)->(5,15,10.1858)->(5,16,10.8679)->(5,17,12.1858)->(5,18,14.4)->(6,18,16.6142)->(7,18,17.9481)->(8,18,18.7765)->(9,18,20.1103)->(10,18,22.7388)->(10,19,5011.56)->
Agent 46:(11,3,4.85)->(11,4,9.11421)->(11,5,10.4321)->(11,6,11.1142)->(11,7,11.6821)->(11,8,12.2)->(11,9,12.7)->(11,10,13.2)->(11,11,13.7)->(11,12,14.2)->(11,13,14.7)->(11,14,15.2)->(11,15,15.7)->(11,16,16.2)->(11,17,16.7)->(11,18,17.2)->(11,19,17.7)->(11,20,18.2)->(11,21,18.7)->(11,22,19.2179)->(11,23,19.7858)->(11,24,20.4679)->(11,25,21.7858)->(11,26,24)->(10,26,26.2142)->(9,26,27.5321)->(8,26,28.2142)->(7,26,28.8)->(6,26,29.3858)->(5,26,30.0679)->(4,26,31.3858)->(3,26,5015.4)->
Agent 47:(13,14,1.8)->(14,14,3.01421)->(15,14,4.33205)->(16,14,5.01421)->(17,14,5.58205)->(18,14,6.1)->(19,14,6.61795)->(20,14,7.18579)->(21,14,7.86795)->(22,14,9.18579)->(23,14,11.4)->(23,13,13.6142)->(23,12,14.9321)->(23,11,15.6142)->(23,10,16.1821)->(23,9,16.7)->(23,8,17.2)->(23,7,17.7)->(23,6,18.2)->(23,5,18.7179)->(23,4,19.2858)->(23,3,19.9679)->(23,2,21.2858)->(23,1,5010.35)->
Agent 48:(12,26,1.8)->(13,26,3.01421)->(14,26,4.33205)->(15,26,5.01421)->(16,26,5.58205)->(17,26,6.1)->(18,26,6.6)->(19,26,7.1)->(20,26,7.61795)->(21,26,8.18579)->(22,26,8.86795)->(23,26,10.1858)->(24,26,12.8142)->(24,27,5006.6)->
Agent 49:(29,6,1.6641)->(29,7,2.74242)->(29,8,4.06025)->(29,9,4.74242)->(29,10,5.31025)->(29,11,5.8282)->(29,12,6.3282)->(29,13,6.8282)->(29,14,7.3282)->(29,15,7.84615)->(29,16,8.41399)->(29,17,9.09615)->(29,18,10.414)->(29,19,14.2641)->(28,19,18.1142)->(27,19,19.4321)->(26,19,20.1142)->(25,19,20.6821)->(24,19,21.2)->(23,19,21.7)->(22,19,22.2)->(21,19,22.7)->(20,19,23.2)->(19,19,23.7)->(18,19,24.2)->(17,19,24.7)->(16,19,25.2179)->(15,19,25.7858)->(14,19,26.4679)->(13,19,27.7858)->(12,19,5013.6)->
Agent 50:(17,13,3.09264)->(16,13,5.59949)->(15,13,6.91733)->(14,13,7.59949)->(13,13,8.16733)->(12,13,8.68528)->(11,13,9.18528)->(10,13,9.70323)->(9,13,10.2711)->(8,13,10.9532)->(7,13,12.2711)->(6,13,14.4853)->(6,12,16.6995)->(6,11,18.0173)->(6,10,18.6995)->(6,9,19.2853)->(6,8,19.8711)->(6,7,20.5532)->(6,6,21.8711)->(6,5,5010.64)->
Agent 51:(29,3,6.17843)->(29,4,11.7711)->(29,5,13.0889)->(29,6,13.7711)->(29,7,14.3389)->(29,8,14.8569)->(29,9,15.3569)->(29,10,15.8569)->(29,11,16.3569)->(29,12,16.8569)->(29,13,17.3569)->(29,14,17.8569)->(29,15,18.3569)->(29,16,18.8569)->(29,17,19.3569)->(29,18,19.8569)->(29,19,20.3748)->(29,20,20.9426)->(29,21,21.6248)->(29,22,22.9426)->(29,23,25.1569)->(28,23,27.3711)->(27,23,28.6889)->(26,23,29.3711)->(25,23,29.9389)->(24,23,30.4569)->(23,23,30.9569)->(22,23,31.4569)->(21,23,31.9569)->(20,23,32.4748)->(19,23,33.0426)->(18,23,33.7248)->(17,23,35.0426)->(16,23,5017.23)->
Agent 52:(20,5,3.54166)->(20,6,7.08331)->(20,7,11.5911)->(19,7,15.5132)->(18,7,16.831)->(17,7,17.5132)->(16,7,18.081)->(15,7,18.599)->(14,7,19.1169)->(13,7,19.6848)->(12,7,20.3669)->(11,7,21.6848)->(10,7,27.776)->(11,7,34.453)->(12,7,5017.23)->
Agent 53:(10,2,2.21421)->(11,2,6.65)->(11,3,11.1142)->(11,4,12.4321)->(11,5,13.1142)->(11,6,13.6821)->(11,7,14.2)->(11,8,14.7)->(11,9,15.2)->(11,10,15.7)->(11,11,16.2)->(11,12,16.7)->(11,13,17.2179)->(11,14,17.7858)->(11,15,18.4679)->(11,16,19.7858)->(11,17,24.7407)->(12,17,31.0814)->(12,18,5015.94)->
Agent 54:(24,28,2.2)->(24,27,3.81421)->(24,26,5.13205)->(24,25,5.81421)->(24,24,6.38205)->(24,23,6.9)->(24,22,7.4)->(24,21,7.9)->(24,20,8.4)->(24,19,8.9)->(24,18,9.4)->(24,17,9.9)->(24,16,10.4)->(24,15,10.9)->(24,14,11.4)->(24,13,11.9)->(24,12,12.4)->(24,11,12.9)->(24,10,13.4)->(24,9,13.9)->(24,8,14.4)->(24,7,14.9179)->(24,6,15.4858)->(24,5,16.1679)->(24,4,17.4858)->(24,3,19.8)->(23,3,22.1142)->(22,3,23.4321)->(21,3,24.1641)->(20,3,24.8962)->(19,3,26.214)->(18,3,5012.81)->
Agent 55:(8,24,1.8)->(7,24,3.01421)->(6,24,4.42843)->(5,24,5.84264)->(4,24,8.59851)->(4,23,11.3544)->(4,22,12.6722)->(4,21,13.3544)->(4,20,13.9222)->(4,19,14.4402)->(4,18,14.9581)->(4,17,15.526)->(4,16,16.2081)->(4,15,17.526)->(4,14,22.1985)->(5,14,28.2569)->(5,15,5014.53)->
Agent 56:(11,27,1.71421)->(11,28,4.22843)->(12,28,8.24264)->(12,27,10.8711)->(12,26,12.1889)->(12,25,12.8711)->(12,24,13.4389)->(12,23,13.9569)->(12,22,14.4569)->(12,21,14.9748)->(12,20,15.5426)->(12,19,16.2248)->(12,18,17.5426)->(12,17,19.7569)->(13,17,21.9711)->(14,17,23.2889)->(15,17,23.9711)->(16,17,24.5389)->(17,17,25.0748)->(18,17,25.6426)->(19,17,26.3248)->(20,17,27.6426)->(21,17,29.8569)->(21,16,32.0711)->(21,15,33.3889)->(21,14,34.0711)->(21,13,34.6389)->(21,12,35.1569)->(21,11,35.6569)->(21,10,36.1569)->(21,9,36.6569)->(21,8,37.1569)->(21,7,37.6569)->(21,6,38.1569)->(21,5,38.6569)->(21,4,39.1748)->(21,3,39.7426)->(21,2,40.4248)->(21,1,41.7426)->(21,0,44.3711)->(22,0,5022.38)->
Agent 57:(11,26,2.8)->(12,26,5.01421)->(13,26,6.33205)->(14,26,7.01421)->(15,26,7.58205)->(16,26,8.1)->(17,26,8.6)->(18,26,9.1)->(19,26,9.61795)->(20,26,10.1858)->(21,26,10.8679)->(22,26,12.1858)->(23,26,14.4)->(23,25,16.6142)->(23,24,17.9321)->(23,23,18.6142)->(23,22,19.1821)->(23,21,19.7)->(23,20,20.2)->(23,19,20.7)->(23,18,21.2)->(23,17,21.7)->(23,16,22.2)->(23,15,22.7)->(23,14,23.2)->(23,13,23.7179)->(23,12,24.2858)->(23,11,24.9679)->(23,10,26.2858)->(23,9,28.5)->(24,9,30.7495)->(25,9,32.7495)->(26,9,5016.1)->
Agent 58:(30,28,2.4142)->(29,28,4.24261)->(28,28,5.56045)->(27,28,6.24261)->(26,28,6.81045)->(25,28,7.3284)->(24,28,7.8284)->(23,28,8.3284)->(22,28,8.8284)->(21,28,9.3284)->(20,28,9.8284)->(19,28,10.3284)->(18,28,10.8284)->(17,28,11.3284)->(16,28,11.8463)->(15,28,12.4142)->(14,28,13.0963)->(13,28,14.4142)->(12,28,17.6407)->(12,27,20.8672)->(12,26,22.185)->(12,25,22.8672)->(12,24,23.435)->(12,23,23.953)->(12,22,24.453)->(12,21,24.953)->(12,20,25.453)->(12,19,25.953)->(12,18,26.453)->(12,17,26.953)->(12,16,27.453)->(12,15,27.953)->(12,14,28.453)->(12,13,28.953)->(12,12,29.453)->(12,11,29.953)->(12,10,30.4709)->(12,9,31.0388)->(12,8,31.7209)->(12,7,33.0388)->(12,6,35.253)->(11,6,38.053)->(10,6,5019.03)->
Agent 59:(19,23,1.8)->(18,23,3.01421)->(17,23,4.33205)->(16,23,5.01421)->(15,23,5.58205)->(14,23,6.1)->(13,23,6.61795)->(12,23,7.18579)->(11,23,7.86795)->(10,23,9.18579)->(9,23,12.038)->(9,22,14.8903)->(9,21,16.2081)->(9,20,16.8903)->(9,19,17.4581)->(9,18,17.9761)->(9,17,18.4761)->(9,16,18.9761)->(9,15,19.4761)->(9,14,19.9761)->(9,13,20.4761)->(9,12,20.9761)->(9,11,21.4761)->(9,10,21.9761)->(9,9,22.4761)->(9,8,22.9761)->(9,7,23.494)->(9,6,24.0619)->(9,5,24.744)->(9,4,26.0619)->(9,3,28.6903)->(10,3,5014.54)->
Agent 60:(31,16,2.2)->(31,15,3.81421)->(31,14,5.13205)->(31,13,5.81421)->(31,12,6.38205)->(31,11,6.91795)->(31,10,7.48579)->(31,9,8.16795)->(31,8,9.48579)->(31,7,12.6537)->(30,7,15.8217)->(29,7,17.1395)->(28,7,17.8217)->(27,7,18.4075)->(26,7,18.9933)->(25,7,19.6754)->(24,7,20.9933)->(23,7,5010.2)->
Agent 61:(16,25,1.8)->(15,25,3.04949)->(14,25,5.04949)->(13,25,15.1495)->(13,26,25.2142)->(13,27,26.6284)->(13,28,28.0426)->(13,29,5013.73)->
Agent 62:(15,7,1.8)->(16,7,3.01421)->(17,7,4.33205)->(18,7,5.02382)->(19,7,5.65949)->(20,7,6.35126)->(21,7,7.6691)->(22,7,10.2975)->(22,6,5005.34)->
Agent 63:(10,12,1.3)->(10,13,2.01421)->(10,14,3.33205)->(10,15,4.01421)->(10,16,4.6)->(10,17,5.18579)->(10,18,5.86795)->(10,19,7.18579)->(10,20,9.4)->(11,20,11.6142)->(12,20,12.9321)->(13,20,13.6142)->(14,20,14.2)->(15,20,14.7858)->(16,20,15.4679)->(17,20,16.7858)->(18,20,19)->(18,21,21.8)->(18,22,5010.9)->
Agent 64:(31,0,1.8)->(30,0,3.01421)->(29,0,4.33205)->(28,0,5.01421)->(27,0,5.58205)->(26,0,6.1)->(25,0,6.6)->(24,0,7.11795)->(23,0,7.68579)->(22,0,8.36795)->(21,0,9.68579)->(20,0,11.9)->(20,1,14.1142)->(20,2,15.4321)->(20,3,16.1641)->(20,4,16.8962)->(20,5,18.214)->(20,6,5008.81)->
Agent 65:(13,10,3.21421)->(13,9,5.84264)->(13,8,7.16048)->(13,7,7.84264)->(13,6,8.41048)->(13,5,8.94638)->(13,4,9.51421)->(13,3,10.1964)->(13,2,11.5142)->(13,1,13.7284)->(12,1,15.9426)->(11,1,17.2605)->(10,1,17.9426)->(9,1,18.5105)->(8,1,19.0284)->(7,1,19.5284)->(6,1,20.0284)->(5,1,20.5464)->(4,1,21.1142)->(3,1,21.7964)->(2,1,23.1142)->(1,1,5011.26)->
Agent 66:(2,11,3.92843)->(3,11,7.27107)->(4,11,8.58891)->(5,11,9.27107)->(6,11,9.83891)->(7,11,10.3569)->(8,11,10.8569)->(9,11,11.3569)->(10,11,11.8748)->(11,11,12.4426)->(12,11,13.1248)->(13,11,14.4426)->(14,11,16.6569)->(14,10,18.8711)->(14,9,20.2853)->(14,8,21.6995)->(14,7,5010.56)->
Agent 67:(28,2,1.3)->(28,3,2.01421)->(28,4,3.33205)->(28,5,4.01421)->(28,6,4.58205)->(28,7,5.1)->(28,8,5.6)->(28,9,6.1)->(28,10,6.6)->(28,11,7.1)->(28,12,7.6)->(28,13,8.1)->(28,14,8.6)->(28,15,9.1)->(28,16,9.6)->(28,17,10.1)->(28,18,10.6179)->(28,19,11.1858)->(28,20,11.8679)->(28,21,13.1858)->(28,22,15.4)->(27,22,17.6142)->(26,22,18.9321)->(25,22,19.6142)->(24,22,20.2)->(23,22,20.7858)->(22,22,21.4679)->(21,22,22.7858)->(20,22,5011.1)->
Agent 68:(14,9,1.8)->(13,9,3.01421)->(12,9,4.33205)->(11,9,5.01421)->(10,9,5.58205)->(9,9,6.1)->(8,9,6.6)->(7,9,7.1)->(6,9,7.6)->(5,9,8.11795)->(4,9,8.68579)->(3,9,9.36795)->(2,9,10.6858)->(1,9,12.9)->(1,10,15.1142)->(1,11,16.4321)->(1,12,17.1142)->(1,13,17.7)->(1,14,18.2858)->(1,15,18.9679)->(1,16,20.2858)->(1,17,5009.85)->
Agent 69:(13,27,1.8)->(12,27,3.04949)->(11,27,5.04949)->(10,27,7.29898)->(10,26,9.51319)->(10,25,10.831)->(10,24,11.5132)->(10,23,12.081)->(10,22,12.599)->(10,21,13.099)->(10,20,13.599)->(10,19,14.099)->(10,18,14.599)->(10,17,15.099)->(10,16,15.599)->(10,15,16.099)->(10,14,16.599)->(10,13,17.099)->(10,12,17.599)->(10,11,18.099)->(10,10,18.599)->(10,9,19.1169)->(10,8,19.6848)->(10,7,20.3669)->(10,6,21.6848)->(10,5,5010.55)->
Agent 70:(26,13,2.2)->(26,12,3.81421)->(26,11,5.13205)->(26,10,5.81421)->(26,9,6.4)->(26,8,6.98579)->(26,7,7.66795)->(26,6,8.98579)->(26,5,13.4037)->(25,5,17.8217)->(24,5,19.1395)->(23,5,19.8217)->(22,5,20.3895)->(21,5,20.9075)->(20,5,21.4075)->(19,5,21.9075)->(18,5,22.4254)->(17,5,22.9933)->(16,5,23.6754)->(15,5,24.9933)->(14,5,27.6217)->(14,6,5014)->
Agent 71:(7,3,2.67843)->(7,4,4.77107)->(7,5,6.08891)->(7,6,6.77107)->(7,7,7.33891)->(7,8,7.85685)->(7,9,8.35685)->(7,10,8.85685)->(7,11,9.35685)->(7,12,9.85685)->(7,13,10.3569)->(7,14,10.8569)->(7,15,11.3569)->(7,16,11.8569)->(7,17,12.3569)->(7,18,12.8569)->(7,19,13.3569)->(7,20,13.8569)->(7,21,14.3569)->(7,22,14.8569)->(7,23,15.3569)->(7,24,15.8569)->(7,25,16.3748)->(7,26,16.9426)->(7,27,17.6248)->(7,28,18.9426)->(7,29,21.1569)->(8,29,23.3711)->(9,29,24.6889)->(10,29,25.3711)->(11,29,25.9389)->(12,29,26.4569)->(13,29,26.9569)->(14,29,27.4569)->(15,29,27.9569)->(16,29,28.4569)->(17,29,28.9569)->(18,29,29.4569)->(19,29,29.9569)->(20,29,30.4569)->(21,29,30.9569)->(22,29,31.4569)->(23,29,31.9748)->(24,29,32.5426)->(25,29,33.2248)->(26,29,34.5426)->(27,29,5016.98)->
Agent 72:(12,10,1.3)->(12,11,2.01421)->(12,12,3.33205)->(12,13,4.01421)->(12,14,4.58205)->(12,15,5.11795)->(12,16,5.68579)->(12,17,6.36795)->(12,18,7.68579)->(12,19,10.8495)->(11,19,14.0132)->(10,19,15.331)->(9,19,16.0631)->(8,19,16.7951)->(7,19,18.113)->(6,19,5008.76)->
Agent 73:(8,13,1.3)->(8,14,2.01421)->(8,15,3.42843)->(8,16,4.84264)->(8,17,7.05685)->(7,17,9.85685)->(6,17,5004.93)->
Agent 74:(18,4,2.39539)->(18,5,4.205)->(18,6,5.52284)->(18,7,6.205)->(18,8,6.77284)->(18,9,7.29079)->(18,10,7.79079)->(18,11,8.29079)->(18,12,8.79079)->(18,13,9.29079)->(18,14,9.79079)->(18,15,10.2908)->(18,16,10.7908)->(18,17,11.2908)->(18,18,11.8087)->(18,19,12.3766)->(18,20,13.0587)->(18,21,14.3766)->(18,22,16.5908)->(17,22,18.805)->(16,22,20.1228)->(15,22,20.805)->(14,22,21.3728)->(13,22,21.8908)->(12,22,22.3908)->(11,22,22.8908)->(10,22,23.4087)->(9,22,23.9766)->(8,22,24.6587)->(7,22,25.9766)->(6,22,5012.7)->
Agent 75:(12,14,1.63579)->(12,15,2.68579)->(12,16,4.00362)->(12,17,4.68579)->(12,18,5.25362)->(12,19,5.78952)->(12,20,6.35736)->(12,21,7.03952)->(12,22,8.35736)->(12,23,10.5716)->(11,23,13.3716)->(10,23,16.1716)->(10,24,18.3858)->(10,25,19.7036)->(10,26,20.3954)->(10,27,21.0311)->(10,28,21.7228)->(10,29,23.0407)->(10,30,25.6691)->(9,30,5013.03)->
Agent 76:(19,28,2.2)->(19,27,3.81421)->(19,26,5.13205)->(19,25,5.81421)->(19,24,6.38205)->(19,23,6.9)->(19,22,7.4)->(19,21,7.9)->(19,20,8.4)->(19,19,8.91795)->(19,18,9.48579)->(19,17,10.1679)->(19,16,11.4858)->(19,15,13.7)->(18,15,15.9142)->(17,15,17.2321)->(16,15,17.9142)->(15,15,18.4821)->(14,15,19)->(13,15,19.5179)->(12,15,20.0858)->(11,15,20.7679)->(10,15,22.0858)->(9,15,24.7142)->(9,16,5012.55)->
Agent 77:(2,22,2.2)->(2,21,3.81421)->(2,20,5.13205)->(2,19,5.8641)->(2,18,6.59615)->(2,17,7.91399)->(2,16,10.1282)->(3,16,12.3424)->(4,16,13.6603)->(5,16,14.3424)->(6,16,14.9103)->(7,16,15.4282)->(8,16,15.9282)->(9,16,16.4282)->(10,16,16.9282)->(11,16,17.4282)->(12,16,17.9282)->(13,16,18.4282)->(14,16,18.9282)->(15,16,19.4282)->(16,16,19.9282)->(17,16,20.4282)->(18,16,20.9282)->(19,16,21.4282)->(20,16,21.9282)->(21,16,22.4282)->(22,16,22.9462)->(23,16,23.514)->(24,16,24.1962)->(25,16,25.514)->(26,16,28.1424)->(26,17,5014.26)->
Agent 78:(28,17,1.3)->(28,18,2.01421)->(28,19,3.33205)->(28,20,4.01421)->(28,21,4.58205)->(28,22,5.1)->(28,23,5.6)->(28,24,6.11795)->(28,25,6.68579)->(28,26,7.36795)->(28,27,8.68579)->(28,28,15.7605)->(27,28,22.8352)->(26,28,24.153)->(25,28,24.8352)->(24,28,25.403)->(23,28,25.921)->(22,28,26.4389)->(21,28,27.0067)->(20,28,27.6889)->(19,28,29.0067)->(18,28,5014.21)->
Agent 79:(15,0,1.3)->(15,1,2.01421)->(15,2,3.33205)->(15,3,4.01421)->(15,4,4.58205)->(15,5,5.1)->(15,6,5.6)->(15,7,6.1)->(15,8,6.6)->(15,9,7.1)->(15,10,7.6)->(15,11,8.1)->(15,12,8.6)->(15,13,9.1)->(15,14,9.61795)->(15,15,10.1858)->(15,16,10.8679)->(15,17,12.1858)->(15,18,17.7765)->(14,18,23.3672)->(13,18,24.685)->(12,18,25.3672)->(11,18,25.935)->(10,18,26.453)->(9,18,26.953)->(8,18,27.453)->(7,18,27.9709)->(6,18,28.5388)->(5,18,29.2209)->(4,18,30.5388)->(3,18,5014.98)->
