Agent 0:(29,14,2.95)->(28,14,5.31421)->(27,14,6.63205)->(26,14,7.31421)->(25,14,7.88205)->(24,14,8.4)->(23,14,8.9)->(22,14,9.4)->(21,14,9.9)->(20,14,10.4)->(19,14,10.9179)->(18,14,11.4858)->(17,14,12.1679)->(16,14,13.4858)->(15,14,15.7)->(15,15,18.5)->(15,16,21.3)->(14,16,23.5142)->(13,16,24.8321)->(12,16,25.5142)->(11,16,26.1)->(10,16,26.6858)->(9,16,27.3679)->(8,16,28.6858)->(7,16,30.9)->(7,15,33.1495)->(7,14,35.1495)->(7,13,37.8132)->(6,13,5019.1)->
Agent 1:(8,17,1.8)->(7,17,3.04949)->(6,17,5.04949)->(5,17,7.29898)->(5,18,9.51319)->(5,19,10.831)->(5,20,11.5631)->(5,21,12.2951)->(5,22,13.613)->(5,23,17.2759)->(4,23,21.5246)->(3,23,24.3246)->(3,24,27.1246)->(3,25,5013.56)->
Agent 2:(28,1,2.56815)->(27,1,4.55051)->(26,1,5.86835)->(25,1,6.55051)->(24,1,7.11835)->(23,1,7.6363)->(22,1,8.1363)->(21,1,8.6363)->(20,1,9.1363)->(19,1,9.6363)->(18,1,10.1363)->(17,1,10.6363)->(16,1,11.1363)->(15,1,11.6363)->(14,1,12.1363)->(13,1,12.6363)->(12,1,13.1363)->(11,1,13.6363)->(10,1,14.1542)->(9,1,14.7221)->(8,1,15.4042)->(7,1,16.7221)->(6,1,19.4181)->(6,2,22.1142)->(6,3,23.4321)->(6,4,24.1142)->(6,5,24.6821)->(6,6,25.2)->(6,7,25.7)->(6,8,26.2)->(6,9,26.7)->(6,10,27.2)->(6,11,27.7)->(6,12,28.2)->(6,13,28.7)->(6,14,29.2)->(6,15,29.7)->(6,16,30.2)->(6,17,30.7179)->(6,18,31.2858)->(6,19,31.9679)->(6,20,33.2858)->(6,21,35.9142)->(7,21,39.5142)->(7,22,42.7284)->(7,23,45.9426)->(6,23,5023.16)->
Agent 3:(19,0,2.65374)->(19,1,4.72168)->(19,2,6.03952)->(19,3,6.72168)->(19,4,7.28952)->(19,5,7.80747)->(19,6,8.30747)->(19,7,8.82542)->(19,8,9.39326)->(19,9,10.0754)->(19,10,11.3933)->(19,11,14.2219)->(18,11,19.7946)->(18,12,5010.98)->
Agent 4:(3,20,2.21421)->(2,20,4.81421)->(2,19,7.44264)->(2,18,8.76048)->(2,17,9.49253)->(2,16,10.2246)->(2,15,11.5424)->(2,14,24.1264)->(1,14,37.2961)->(0,14,5018.65)->
Agent 5:(5,18,1.3)->(5,19,2.04949)->(5,20,4.04949)->(5,21,6.29898)->(6,21,8.51319)->(7,21,9.83103)->(8,21,10.5132)->(9,21,11.081)->(10,21,11.6169)->(11,21,12.1848)->(12,21,12.8669)->(13,21,14.1848)->(14,21,16.399)->(14,20,19.199)->(14,19,23.9315)->(15,19,28.0783)->(16,19,29.4925)->(17,19,30.9067)->(18,19,33.121)->(18,20,35.921)->(18,21,5017.96)->
Agent 6:(22,28,2.2)->(22,27,3.81421)->(22,26,5.14806)->(22,25,5.97649)->(22,24,7.31034)->(22,23,9.79613)->(21,23,12.2819)->(20,23,13.5998)->(19,23,14.2819)->(18,23,14.8498)->(17,23,15.3677)->(16,23,15.8677)->(15,23,16.3677)->(14,23,16.8857)->(13,23,17.4535)->(12,23,18.1357)->(11,23,19.4535)->(10,23,5009.43)->
Agent 7:(30,4,1.71421)->(30,5,11.3)->(29,5,21.4142)->(28,5,22.7321)->(27,5,23.4142)->(26,5,23.9821)->(25,5,24.5)->(24,5,25)->(23,5,25.5)->(22,5,26)->(21,5,26.5)->(20,5,27)->(19,5,27.5)->(18,5,28.0179)->(17,5,28.5858)->(16,5,29.2679)->(15,5,30.5858)->(14,5,33.2142)->(14,6,5016.8)->
Agent 8:(31,1,1.3)->(31,2,2.01421)->(31,3,3.33205)->(31,4,4.01421)->(31,5,4.58205)->(31,6,5.1)->(31,7,5.6)->(31,8,6.1)->(31,9,6.6)->(31,10,7.1)->(31,11,7.6)->(31,12,8.1)->(31,13,8.6)->(31,14,9.1)->(31,15,9.6)->(31,16,10.1)->(31,17,10.6)->(31,18,11.1)->(31,19,11.6179)->(31,20,12.1858)->(31,21,12.8679)->(31,22,14.1858)->(31,23,16.4)->(30,23,18.6142)->(29,23,19.9321)->(28,23,20.6142)->(27,23,21.1821)->(26,23,21.7)->(25,23,22.2)->(24,23,22.7)->(23,23,23.2)->(22,23,23.7)->(21,23,24.2)->(20,23,24.7)->(19,23,25.2)->(18,23,25.7)->(17,23,26.2)->(16,23,26.7)->(15,23,27.2179)->(14,23,27.7858)->(13,23,28.4679)->(12,23,29.7858)->(11,23,32.4142)->(11,24,5016.4)->
Agent 9:(6,5,1.8)->(7,5,3.01421)->(8,5,4.33205)->(9,5,5.02382)->(10,5,5.65949)->(11,5,6.35126)->(12,5,7.6691)->(13,5,9.88331)->(13,6,12.0975)->(13,7,13.4154)->(13,8,14.0975)->(13,9,14.6654)->(13,10,15.1833)->(13,11,15.7013)->(13,12,16.2691)->(13,13,16.9513)->(13,14,18.2691)->(13,15,21.2975)->(13,14,25.6975)->(13,15,28.726)->(13,16,30.0438)->(13,17,30.726)->(13,18,31.2938)->(13,19,31.8117)->(13,20,32.3117)->(13,21,32.8117)->(13,22,33.3117)->(13,23,33.8117)->(13,24,34.3117)->(13,25,34.8297)->(13,26,35.3975)->(13,27,36.0797)->(13,28,37.3975)->(13,29,5018.41)->
Agent 10:(19,19,4.90374)->(20,19,9.22168)->(21,19,10.5395)->(22,19,11.2217)->(23,19,11.7895)->(24,19,12.3075)->(25,19,12.8254)->(26,19,13.3933)->(27,19,14.0754)->(28,19,15.3933)->(29,19,17.6075)->(29,18,19.8217)->(29,17,21.1395)->(29,16,21.8313)->(29,15,22.467)->(29,14,23.1587)->(29,13,24.4766)->(29,12,5011.95)->
Agent 11:(11,30,2.21421)->(10,30,7.81228)->(10,29,13.4388)->(10,28,14.7566)->(10,27,15.4388)->(10,26,16.0066)->(10,25,16.5246)->(10,24,17.0246)->(10,23,17.5246)->(10,22,18.0425)->(10,21,18.6103)->(10,20,19.2925)->(10,19,20.6103)->(10,18,23.2388)->(11,18,5011.81)->
Agent 12:(8,19,5.55011)->(8,18,10.5144)->(8,17,11.8323)->(8,16,12.5144)->(8,15,13.0823)->(8,14,13.6002)->(8,13,14.1002)->(8,12,14.6002)->(8,11,15.1002)->(8,10,15.6002)->(8,9,16.1182)->(8,8,16.686)->(8,7,17.3682)->(8,6,18.686)->(8,5,26.0143)->(9,5,33.3426)->(10,5,34.6605)->(11,5,35.3426)->(12,5,35.9105)->(13,5,36.4284)->(14,5,36.9284)->(15,5,37.4284)->(16,5,37.9284)->(17,5,38.4284)->(18,5,38.9284)->(19,5,39.4284)->(20,5,39.9464)->(21,5,40.5142)->(22,5,41.1964)->(23,5,42.5142)->(24,5,5020.96)->
Agent 13:(14,3,1.3)->(14,4,2.01421)->(14,5,3.33205)->(14,6,4.01421)->(14,7,4.58205)->(14,8,5.1)->(14,9,5.61795)->(14,10,6.18579)->(14,11,6.86795)->(14,12,8.18579)->(14,13,14.0559)->(13,13,28.4918)->(13,14,38.7144)->(13,15,40.0323)->(13,16,40.7643)->(13,17,41.4964)->(13,18,42.8142)->(13,19,5021.11)->
Agent 14:(4,24,1.8)->(5,24,3.6)->(6,24,6.8)->(5,24,9.41421)->(4,24,10.7481)->(3,24,11.5765)->(2,24,12.9103)->(1,24,15.1246)->(1,23,17.3388)->(1,22,18.6566)->(1,21,19.3388)->(1,20,19.9066)->(1,19,20.4246)->(1,18,20.9246)->(1,17,21.4246)->(1,16,21.9246)->(1,15,22.4246)->(1,14,22.9246)->(1,13,23.4246)->(1,12,23.9246)->(1,11,24.4246)->(1,10,24.9246)->(1,9,25.4425)->(1,8,26.0103)->(1,7,26.6925)->(1,6,28.0103)->(1,5,30.6388)->(0,5,5015.51)->
Agent 15:(23,29,3.90374)->(23,28,7.22168)->(23,27,8.53952)->(23,26,9.22168)->(23,25,9.78952)->(23,24,10.3075)->(23,23,10.8075)->(23,22,11.3075)->(23,21,11.8075)->(23,20,12.3075)->(23,19,12.8075)->(23,18,13.3075)->(23,17,13.8075)->(23,16,14.3075)->(23,15,14.8075)->(23,14,15.3075)->(23,13,15.8075)->(23,12,16.3075)->(23,11,16.8075)->(23,10,17.3075)->(23,9,17.8075)->(23,8,18.3254)->(23,7,18.8933)->(23,6,19.5754)->(23,5,20.8933)->(23,4,23.1075)->(22,4,25.3217)->(21,4,26.6395)->(20,4,27.3217)->(19,4,27.8895)->(18,4,28.4075)->(17,4,28.9075)->(16,4,29.4075)->(15,4,29.9254)->(14,4,30.4933)->(13,4,31.1754)->(12,4,32.4933)->(11,4,35.1217)->(11,3,5017.75)->
Agent 16:(17,5,2.26228)->(17,6,3.93877)->(17,7,5.25661)->(17,8,5.93877)->(17,9,6.50661)->(17,10,7.02456)->(17,11,7.52456)->(17,12,8.02456)->(17,13,8.52456)->(17,14,9.02456)->(17,15,9.52456)->(17,16,10.0246)->(17,17,10.5246)->(17,18,11.0246)->(17,19,11.5246)->(17,20,12.0246)->(17,21,12.5246)->(17,22,13.0246)->(17,23,13.5246)->(17,24,14.0425)->(17,25,14.6103)->(17,26,15.2925)->(17,27,16.6103)->(17,28,18.8246)->(18,28,21.0388)->(19,28,22.3566)->(20,28,23.0388)->(21,28,23.6066)->(22,28,24.1246)->(23,28,24.6246)->(24,28,25.1246)->(25,28,25.6246)->(26,28,26.1425)->(27,28,26.7103)->(28,28,27.3925)->(29,28,28.7103)->(30,28,5014.06)->
Agent 17:(28,26,2.2)->(28,25,3.81421)->(28,24,5.13205)->(28,23,5.81421)->(28,22,6.38205)->(28,21,6.9)->(28,20,7.4)->(28,19,7.9)->(28,18,8.4)->(28,17,8.9)->(28,16,9.4)->(28,15,9.9)->(28,14,10.4)->(28,13,10.9)->(28,12,11.4)->(28,11,11.9)->(28,10,12.4179)->(28,9,12.9858)->(28,8,13.6679)->(28,7,14.9858)->(28,6,17.2)->(27,6,19.4142)->(26,6,20.7321)->(25,6,21.4142)->(24,6,21.9821)->(23,6,22.5)->(22,6,23)->(21,6,23.5)->(20,6,24)->(19,6,24.5)->(18,6,25)->(17,6,25.5)->(16,6,26)->(15,6,26.5)->(14,6,27)->(13,6,27.5)->(12,6,28)->(11,6,28.5)->(10,6,29)->(9,6,29.5)->(8,6,30)->(7,6,30.5179)->(6,6,31.0858)->(5,6,31.7679)->(4,6,33.0858)->(3,6,35.7142)->(3,7,5018.05)->
Agent 18:(9,17,2.71421)->(10,17,4.84264)->(11,17,6.16048)->(12,17,6.89253)->(13,17,7.62458)->(14,17,8.94242)->(15,17,16.7783)->(15,18,24.6142)->(15,19,25.9321)->(15,20,26.6142)->(15,21,27.2)->(15,22,27.7858)->(15,23,28.4679)->(15,24,29.7858)->(15,25,5014.6)->
Agent 19:(21,30,4.51228)->(20,30,8.43877)->(19,30,9.75661)->(18,30,10.4388)->(17,30,11.0066)->(16,30,11.5246)->(15,30,12.0246)->(14,30,12.5246)->(13,30,13.0246)->(12,30,13.5246)->(11,30,14.0246)->(10,30,14.5246)->(9,30,15.0246)->(8,30,15.5246)->(7,30,16.0246)->(6,30,16.5246)->(5,30,17.0425)->(4,30,17.6103)->(3,30,18.2925)->(2,30,19.6103)->(1,30,5009.51)->
Agent 20:(31,30,2.51228)->(30,30,4.43877)->(29,30,5.75661)->(28,30,6.43877)->(27,30,7.00661)->(26,30,7.52456)->(25,30,8.02456)->(24,30,8.52456)->(23,30,9.02456)->(22,30,9.52456)->(21,30,10.0246)->(20,30,10.5246)->(19,30,11.0246)->(18,30,11.5246)->(17,30,12.0246)->(16,30,12.5246)->(15,30,13.0246)->(14,30,13.5246)->(13,30,14.0246)->(12,30,14.5246)->(11,30,15.0425)->(10,30,15.6103)->(9,30,16.2925)->(8,30,17.6103)->(7,30,19.8246)->(7,29,22.0388)->(7,28,23.3566)->(7,27,24.0388)->(7,26,24.6066)->(7,25,25.1246)->(7,24,25.6246)->(7,23,26.1425)->(7,22,26.7103)->(7,21,27.3925)->(7,20,28.7103)->(7,19,31.8265)->(6,19,35.9142)->(6,18,38.5426)->(6,17,39.9569)->(6,16,41.3711)->(6,15,5020.39)->
Agent 21:(29,5,3.40394)->(28,5,6.22208)->(27,5,7.53992)->(26,5,8.22208)->(25,5,8.78992)->(24,5,9.30787)->(23,5,9.80787)->(22,5,10.3079)->(21,5,10.8079)->(20,5,11.3079)->(19,5,11.8079)->(18,5,12.3258)->(17,5,12.8937)->(16,5,13.5758)->(15,5,14.8937)->(14,5,19.0897)->(14,6,23.2858)->(14,7,24.6036)->(14,8,25.2858)->(14,9,25.8536)->(14,10,26.3716)->(14,11,26.8716)->(14,12,27.3716)->(14,13,27.8716)->(14,14,28.3716)->(14,15,28.8716)->(14,16,29.3895)->(14,17,29.9574)->(14,18,30.6395)->(14,19,31.9574)->(14,20,34.5858)->(13,20,38.1858)->(13,21,40.8142)->(13,22,42.1321)->(13,23,42.8142)->(13,24,43.4)->(13,25,43.9858)->(13,26,44.6679)->(13,27,45.9858)->(13,28,5022.7)->
Agent 22:(4,11,2.21421)->(5,11,4.81421)->(5,12,7.44264)->(5,13,8.85685)->(5,14,10.2711)->(5,15,15.5485)->(6,15,20.826)->(7,15,22.1438)->(8,15,22.826)->(9,15,23.3938)->(10,15,23.9117)->(11,15,24.4117)->(12,15,24.9297)->(13,15,25.4975)->(14,15,26.1797)->(15,15,27.4975)->(16,15,29.7117)->(16,16,32.5117)->(16,17,5016.26)->
Agent 23:(26,1,1.71421)->(26,2,3.81421)->(25,2,6.44264)->(24,2,7.76048)->(23,2,8.44264)->(22,2,9.01048)->(21,2,9.52843)->(20,2,10.0284)->(19,2,10.5284)->(18,2,11.0464)->(17,2,11.6142)->(16,2,12.2964)->(15,2,13.6142)->(14,2,18.2)->(14,3,22.7858)->(14,4,24.1036)->(14,5,24.7858)->(14,6,25.3536)->(14,7,25.8716)->(14,8,26.3716)->(14,9,26.8716)->(14,10,27.3716)->(14,11,27.8716)->(14,12,28.3716)->(14,13,28.8716)->(14,14,29.3895)->(14,15,29.9574)->(14,16,30.6395)->(14,17,31.9574)->(14,18,34.5858)->(13,18,38.1858)->(13,19,40.8142)->(13,20,42.2284)->(13,21,43.6426)->(13,22,5021.53)->
Agent 24:(28,16,4.04252)->(27,16,10.5888)->(27,15,15.3352)->(27,14,16.669)->(27,13,17.4974)->(27,12,18.8313)->(27,11,21.0455)->(26,11,23.2597)->(25,11,24.5776)->(24,11,25.2597)->(23,11,25.8276)->(22,11,26.3455)->(21,11,26.8455)->(20,11,27.3455)->(19,11,27.8455)->(18,11,28.3635)->(17,11,28.9313)->(16,11,29.6135)->(15,11,30.9313)->(14,11,5015.17)->
Agent 25:(28,17,2.21421)->(29,17,4.81421)->(29,16,7.44264)->(29,15,8.77649)->(29,14,9.60492)->(29,13,10.9388)->(29,12,13.153)->(28,12,15.3672)->(27,12,16.685)->(26,12,17.3672)->(25,12,17.935)->(24,12,18.453)->(23,12,18.953)->(22,12,19.453)->(21,12,19.953)->(20,12,20.453)->(19,12,20.953)->(18,12,21.453)->(17,12,21.953)->(16,12,22.4709)->(15,12,23.0388)->(14,12,23.7209)->(13,12,25.0388)->(12,12,27.6672)->(12,11,31.2672)->(11,11,33.8956)->(10,11,35.2295)->(9,11,36.0579)->(8,11,37.3918)->(7,11,40.0202)->(7,12,5020.2)->
Agent 26:(4,31,6.85)->(4,30,13.1142)->(4,29,14.4321)->(4,28,15.1142)->(4,27,15.6821)->(4,26,16.2)->(4,25,16.7)->(4,24,17.2)->(4,23,17.7)->(4,22,18.2)->(4,21,18.7)->(4,20,19.2)->(4,19,19.7)->(4,18,20.2)->(4,17,20.7)->(4,16,21.2)->(4,15,21.7)->(4,14,22.2)->(4,13,22.7)->(4,12,23.2)->(4,11,23.7)->(4,10,24.2)->(4,9,24.7)->(4,8,25.2)->(4,7,25.7)->(4,6,26.2)->(4,5,26.7179)->(4,4,27.2858)->(4,3,27.9679)->(4,2,29.2858)->(4,1,31.5)->(5,1,33.7142)->(6,1,35.0321)->(7,1,35.7142)->(8,1,36.2821)->(9,1,36.8)->(10,1,37.3)->(11,1,37.8)->(12,1,38.3)->(13,1,38.8)->(14,1,39.3)->(15,1,39.8)->(16,1,40.3)->(17,1,40.8)->(18,1,41.3)->(19,1,41.8)->(20,1,42.3)->(21,1,42.8)->(22,1,43.3)->(23,1,43.8179)->(24,1,44.3858)->(25,1,45.0679)->(26,1,46.3858)->(27,1,5022.9)->
Agent 27:(20,0,2.9637)->(20,1,5.34162)->(20,2,6.65946)->(20,3,7.34162)->(20,4,7.90946)->(20,5,8.42741)->(20,6,8.92741)->(20,7,9.42741)->(20,8,9.92741)->(20,9,10.4274)->(20,10,10.9274)->(20,11,11.4274)->(20,12,11.9274)->(20,13,12.4274)->(20,14,12.9274)->(20,15,13.4274)->(20,16,13.9454)->(20,17,14.5132)->(20,18,15.1954)->(20,19,16.5132)->(20,20,18.7274)->(19,20,20.9416)->(18,20,22.2595)->(17,20,22.9416)->(16,20,23.5095)->(15,20,24.0274)->(14,20,24.5274)->(13,20,25.0454)->(12,20,25.6132)->(11,20,26.2954)->(10,20,27.6132)->(9,20,29.8274)->(9,21,32.0416)->(9,22,33.3595)->(9,23,34.0416)->(9,24,34.6095)->(9,25,35.1274)->(9,26,35.6274)->(9,27,36.1454)->(9,28,36.7132)->(9,29,37.3954)->(9,30,38.7132)->(9,31,5019.06)->
Agent 28:(29,21,2.2)->(29,20,3.84949)->(29,19,5.84949)->(29,18,8.09949)->(28,18,10.9)->(27,18,5005.45)->
Agent 29:(13,14,1.3)->(13,15,2.6)->(13,16,8.79166)->(14,16,14.3975)->(15,16,15.7314)->(16,16,16.5598)->(17,16,17.8937)->(18,16,20.236)->(18,17,22.5783)->(18,18,23.8962)->(18,19,24.5783)->(18,20,25.1462)->(18,21,25.6821)->(18,22,26.2499)->(18,23,26.9321)->(18,24,28.2499)->(18,25,5013.83)->
Agent 30:(16,4,1.5141)->(16,5,2.44242)->(16,6,3.76025)->(16,7,4.44242)->(16,8,5.01025)->(16,9,5.5282)->(16,10,6.0282)->(16,11,6.5282)->(16,12,7.0282)->(16,13,7.5282)->(16,14,8.0282)->(16,15,8.5282)->(16,16,9.0282)->(16,17,9.5282)->(16,18,10.0282)->(16,19,10.5282)->(16,20,11.0462)->(16,21,11.614)->(16,22,12.2962)->(16,23,13.614)->(16,24,15.8282)->(15,24,18.0424)->(14,24,19.3603)->(13,24,20.0424)->(12,24,20.6282)->(11,24,21.214)->(10,24,21.8962)->(9,24,23.214)->(8,24,5011.31)->
Agent 31:(2,22,2.03205)->(3,22,3.47832)->(4,22,4.79615)->(5,22,5.47832)->(6,22,6.04615)->(7,22,6.5641)->(8,22,7.0641)->(9,22,7.5641)->(10,22,8.0641)->(11,22,8.5641)->(12,22,9.0641)->(13,22,9.5641)->(14,22,10.0641)->(15,22,10.5641)->(16,22,11.0641)->(17,22,11.5641)->(18,22,12.0641)->(19,22,12.5641)->(20,22,13.0641)->(21,22,13.5641)->(22,22,14.0641)->(23,22,14.5821)->(24,22,15.1499)->(25,22,15.8321)->(26,22,17.1499)->(27,22,20.1321)->(27,23,23.7)->(27,24,5011.85)->
Agent 32:(24,28,2.2)->(23,28,3.81421)->(22,28,5.13205)->(21,28,5.81421)->(20,28,6.38205)->(19,28,6.9)->(18,28,7.4)->(17,28,7.9)->(16,28,8.4)->(15,28,8.9)->(14,28,9.4)->(13,28,9.91795)->(12,28,10.4858)->(11,28,11.1679)->(10,28,12.4858)->(9,28,14.7)->(9,27,16.9142)->(9,26,18.2321)->(9,25,18.9641)->(9,24,19.6962)->(9,23,21.014)->(9,22,23.6424)->(10,22,27.6566)->(10,21,5014.23)->
Agent 33:(0,3,2.2)->(0,2,3.84949)->(0,1,5.84949)->(0,0,8.09898)->(1,0,10.3132)->(2,0,11.631)->(3,0,12.3228)->(4,0,12.9585)->(5,0,13.6502)->(6,0,14.9681)->(7,0,5007.19)->
Agent 34:(15,23,1.71421)->(15,24,3.81421)->(14,24,6.44264)->(13,24,7.76048)->(12,24,8.44264)->(11,24,9.01048)->(10,24,9.52843)->(9,24,10.0464)->(8,24,10.6142)->(7,24,11.2964)->(6,24,12.6142)->(5,24,18.7359)->(5,23,24.8576)->(5,22,26.1754)->(5,21,26.8576)->(5,20,27.4254)->(5,19,27.9434)->(5,18,28.4434)->(5,17,28.9434)->(5,16,29.4434)->(5,15,29.9434)->(5,14,30.4434)->(5,13,30.9613)->(5,12,31.5292)->(5,11,32.2113)->(5,10,33.5292)->(5,9,5016.47)->
Agent 35:(7,6,3.40394)->(8,6,6.22208)->(9,6,7.53992)->(10,6,8.22208)->(11,6,8.78992)->(12,6,9.30787)->(13,6,9.80787)->(14,6,10.3258)->(15,6,10.8937)->(16,6,11.5758)->(17,6,12.8937)->(18,6,15.5221)->(18,5,21.7039)->(18,6,26.9142)->(18,7,28.2321)->(18,8,28.9641)->(18,9,29.6962)->(18,10,31.014)->(18,11,5015.21)->
Agent 36:(18,23,1.8)->(17,23,3.01421)->(16,23,4.34806)->(15,23,5.17649)->(14,23,6.51034)->(13,23,11.3961)->(13,22,16.2819)->(13,21,17.6158)->(13,20,18.4442)->(13,19,19.778)->(13,18,22.4065)->(12,18,5011.4)->
Agent 37:(18,18,1.8)->(17,18,3.01421)->(16,18,4.33205)->(15,18,5.0641)->(14,18,5.79615)->(13,18,7.11399)->(12,18,9.3282)->(12,17,11.5424)->(12,16,12.8603)->(12,15,13.5923)->(12,14,14.3244)->(12,13,15.6422)->(12,12,18.2706)->(11,12,5009.33)->
Agent 38:(27,23,1.3)->(27,24,2.01421)->(27,25,3.34806)->(27,26,4.17649)->(27,27,5.51034)->(27,28,7.72456)->(26,28,9.93877)->(25,28,11.2566)->(24,28,11.9388)->(23,28,12.5066)->(22,28,13.0246)->(21,28,13.5246)->(20,28,14.0246)->(19,28,14.5246)->(18,28,15.0246)->(17,28,15.5246)->(16,28,16.0246)->(15,28,16.5246)->(14,28,17.0246)->(13,28,17.5246)->(12,28,18.0246)->(11,28,18.5246)->(10,28,19.0246)->(9,28,19.5246)->(8,28,20.0246)->(7,28,20.5246)->(6,28,21.0246)->(5,28,21.5246)->(4,28,22.0425)->(3,28,22.6103)->(2,28,23.2925)->(1,28,24.6103)->(0,28,26.8246)->(0,27,29.0388)->(0,26,30.3566)->(0,25,31.0388)->(0,24,31.6066)->(0,23,32.1246)->(0,22,32.6246)->(0,21,33.1246)->(0,20,33.6246)->(0,19,34.1246)->(0,18,34.6246)->(0,17,35.1246)->(0,16,35.6246)->(0,15,36.1425)->(0,14,36.7103)->(0,13,37.3925)->(0,12,38.7103)->(0,11,5019.06)->
Agent 39:(23,5,1.71421)->(23,6,4.70394)->(24,6,8.22208)->(25,6,9.53992)->(26,6,10.2221)->(27,6,10.8079)->(28,6,11.3937)->(29,6,12.0758)->(30,6,13.3937)->(31,6,20.1681)->(31,7,26.9426)->(31,8,28.2605)->(31,9,28.9426)->(31,10,29.5105)->(31,11,30.0284)->(31,12,30.5284)->(31,13,31.0284)->(31,14,31.5284)->(31,15,32.0284)->(31,16,32.5284)->(31,17,33.0284)->(31,18,33.5284)->(31,19,34.0463)->(31,20,34.6142)->(31,21,35.2963)->(31,22,36.6142)->(31,23,5018.01)->
Agent 40:(4,20,1.3)->(4,21,2.01421)->(4,22,3.33205)->(4,23,4.0641)->(4,24,4.79615)->(4,25,6.11399)->(4,26,8.3282)->(5,26,10.5424)->(6,26,11.8603)->(7,26,12.5424)->(8,26,13.1103)->(9,26,13.6282)->(10,26,14.1282)->(11,26,14.6282)->(12,26,15.1282)->(13,26,15.6282)->(14,26,16.1282)->(15,26,16.6282)->(16,26,17.1282)->(17,26,17.6462)->(18,26,18.214)->(19,26,18.8962)->(20,26,20.214)->(21,26,22.8424)->(21,27,5011.61)->
Agent 41:(27,12,1.3783)->(27,13,2.17082)->(27,14,3.48865)->(27,15,4.17082)->(27,16,4.73865)->(27,17,5.27455)->(27,18,5.84239)->(27,19,6.52455)->(27,20,7.84239)->(27,21,10.3)->(26,21,12.7576)->(25,21,14.0754)->(24,21,14.7576)->(23,21,15.3254)->(22,21,15.8434)->(21,21,16.3434)->(20,21,16.8434)->(19,21,17.3434)->(18,21,17.8613)->(17,21,18.4292)->(16,21,19.1113)->(15,21,20.4292)->(14,21,5009.92)->
Agent 42:(0,10,2.2)->(0,9,3.81421)->(0,8,5.13205)->(0,7,5.81421)->(0,6,6.38205)->(0,5,6.91795)->(0,4,7.48579)->(0,3,8.16795)->(0,2,9.48579)->(0,1,14.55)->(1,1,19.6142)->(2,1,20.9321)->(3,1,21.6142)->(4,1,22.1821)->(5,1,22.7)->(6,1,23.2)->(7,1,23.7)->(8,1,24.2)->(9,1,24.7)->(10,1,25.2)->(11,1,25.7)->(12,1,26.2)->(13,1,26.7)->(14,1,27.2)->(15,1,27.7)->(16,1,28.2)->(17,1,28.7)->(18,1,29.2)->(19,1,29.7)->(20,1,30.2)->(21,1,30.7)->(22,1,31.2)->(23,1,31.7)->(24,1,32.2)->(25,1,32.7)->(26,1,33.2)->(27,1,33.7179)->(28,1,34.2858)->(29,1,34.9679)->(30,1,36.2858)->(31,1,38.9142)->(31,2,5019.65)->
Agent 43:(17,12,1.8)->(18,12,3.6)->(19,12,11.9)->(19,13,19.6142)->(19,14,20.9321)->(19,15,21.6142)->(19,16,22.1821)->(19,17,22.7)->(19,18,23.2)->(19,19,23.7179)->(19,20,24.2858)->(19,21,24.9679)->(19,22,26.2858)->(19,23,28.9142)->(20,23,5014.65)->
Agent 44:(23,21,2.2)->(23,20,3.81421)->(23,19,5.13205)->(23,18,5.81421)->(23,17,6.38205)->(23,16,6.9)->(23,15,7.4)->(23,14,7.9)->(23,13,8.4)->(23,12,8.9)->(23,11,9.4)->(23,10,9.9)->(23,9,10.4)->(23,8,10.9179)->(23,7,11.4858)->(23,6,12.1679)->(23,5,13.4858)->(23,4,16.1142)->(24,4,22.2037)->(23,4,27.3217)->(22,4,28.6555)->(21,4,29.484)->(20,4,30.8178)->(19,4,5015.12)->
Agent 45:(22,3,2.65374)->(22,4,4.72168)->(22,5,6.03952)->(22,6,6.72168)->(22,7,7.28952)->(22,8,7.80747)->(22,9,8.30747)->(22,10,8.80747)->(22,11,9.32542)->(22,12,9.89326)->(22,13,10.5754)->(22,14,11.8933)->(22,15,14.3075)->(23,15,17.3075)->(24,15,5008.65)->
Agent 46:(15,1,1.3)->(15,2,2.01421)->(15,3,3.33205)->(15,4,4.01421)->(15,5,4.58205)->(15,6,5.1)->(15,7,5.6)->(15,8,6.1)->(15,9,6.61795)->(15,10,7.18579)->(15,11,7.86795)->(15,12,9.18579)->(15,13,11.8142)->(16,13,5006.1)->
Agent 47:(3,23,1.8)->(2,23,3.04949)->(1,23,5.04949)->(0,23,7.29898)->(0,22,9.51319)->(0,21,10.831)->(0,20,11.5132)->(0,19,12.081)->(0,18,12.599)->(0,17,13.099)->(0,16,13.599)->(0,15,14.099)->(0,14,14.599)->(0,13,15.099)->(0,12,15.6169)->(0,11,16.1848)->(0,10,16.8669)->(0,9,18.1848)->(0,8,5008.8)->
Agent 48:(14,2,2.4142)->(14,3,4.24261)->(14,4,5.56045)->(14,5,6.24261)->(14,6,6.8284)->(14,7,7.41419)->(14,8,8.09635)->(14,9,9.41419)->(14,10,11.6284)->(15,10,13.8426)->(16,10,15.1605)->(17,10,15.8426)->(18,10,16.4105)->(19,10,16.9284)->(20,10,17.4284)->(21,10,17.9284)->(22,10,18.4284)->(23,10,18.9284)->(24,10,19.4284)->(25,10,19.9284)->(26,10,20.4284)->(27,10,20.9463)->(28,10,21.5142)->(29,10,22.1963)->(30,10,23.5142)->(31,10,25.7284)->(31,11,27.9426)->(31,12,29.2605)->(31,13,29.9426)->(31,14,30.5105)->(31,15,31.0284)->(31,16,31.5284)->(31,17,32.0284)->(31,18,32.5284)->(31,19,33.0284)->(31,20,33.5284)->(31,21,34.0284)->(31,22,34.5463)->(31,23,35.1142)->(31,24,35.7963)->(31,25,37.1142)->(31,26,39.7426)->(30,26,5020.06)->
Agent 49:(9,19,3.38579)->(9,18,6.18579)->(9,17,7.50362)->(9,16,8.18579)->(9,15,8.75362)->(9,14,9.27157)->(9,13,9.77157)->(9,12,10.2716)->(9,11,10.7716)->(9,10,11.2716)->(9,9,11.7716)->(9,8,12.2895)->(9,7,12.8574)->(9,6,13.5395)->(9,5,14.8574)->(9,4,17.0716)->(8,4,19.2858)->(7,4,20.7)->(6,4,22.1142)->(5,4,5010.76)->
Agent 50:(13,2,1.8)->(12,2,3.01421)->(11,2,4.34806)->(10,2,5.17649)->(9,2,6.51034)->(8,2,15.587)->(8,3,5011.21)->
Agent 51:(20,25,1.8)->(19,25,3.01421)->(18,25,4.33205)->(17,25,5.01421)->(16,25,5.58205)->(15,25,6.1)->(14,25,6.6)->(13,25,7.11795)->(12,25,7.68579)->(11,25,8.36795)->(10,25,9.68579)->(9,25,11.9)->(9,24,14.1142)->(9,23,15.4321)->(9,22,16.1142)->(9,21,16.6821)->(9,20,17.2)->(9,19,17.7)->(9,18,18.2)->(9,17,18.7)->(9,16,19.2)->(9,15,19.7)->(9,14,20.2)->(9,13,20.7)->(9,12,21.2179)->(9,11,21.7858)->(9,10,22.4679)->(9,9,23.7858)->(9,8,5011.6)->
Agent 52:(20,14,1.3)->(20,15,2.01421)->(20,16,3.33205)->(20,17,4.0641)->(20,18,4.79615)->(20,19,6.11399)->(20,20,8.61217)->(19,20,11.1103)->(18,20,12.4282)->(17,20,13.1103)->(16,20,13.6961)->(15,20,14.2819)->(14,20,14.9641)->(13,20,16.2819)->(12,20,18.9103)->(12,19,24.1618)->(12,20,5013.1)->
Agent 53:(11,17,2.2)->(11,16,3.81421)->(11,15,5.13205)->(11,14,5.81421)->(11,13,6.38205)->(11,12,6.9)->(11,11,7.4)->(11,10,7.9)->(11,9,8.4)->(11,8,8.9)->(11,7,9.41795)->(11,6,9.98579)->(11,5,10.6679)->(11,4,11.9858)->(11,3,14.2)->(12,3,16.4142)->(13,3,17.7321)->(14,3,18.4142)->(15,3,18.9821)->(16,3,19.5)->(17,3,20)->(18,3,20.5)->(19,3,21)->(20,3,21.5)->(21,3,22)->(22,3,22.5)->(23,3,23)->(24,3,23.5)->(25,3,24.0179)->(26,3,24.5858)->(27,3,25.2679)->(28,3,26.5858)->(29,3,29.2142)->(29,2,5014.8)->
Agent 54:(22,12,1.8)->(23,12,3.6)->(24,12,6.4)->(24,11,8.64949)->(24,10,10.6495)->(24,9,16.4279)->(24,10,5009.96)->
Agent 55:(18,8,1.71421)->(18,9,3.81421)->(19,9,6.47792)->(20,9,8.47792)->(21,9,10.7274)->(21,10,12.9416)->(21,11,14.2595)->(21,12,14.9416)->(21,13,15.5095)->(21,14,16.0274)->(21,15,16.5454)->(21,16,17.1132)->(21,17,17.7954)->(21,18,19.1132)->(21,19,5009.26)->
Agent 56:(8,16,2.2)->(8,15,3.81421)->(8,14,5.13205)->(8,13,5.81421)->(8,12,6.38205)->(8,11,6.9)->(8,10,7.41795)->(8,9,7.98579)->(8,8,8.66795)->(8,7,9.98579)->(8,6,12.2)->(7,6,14.4495)->(6,6,16.4495)->(5,6,19.1132)->(5,7,5009.75)->
Agent 57:(27,17,2.1642)->(27,18,3.74261)->(27,19,5.06045)->(27,20,5.74261)->(27,21,6.31045)->(27,22,6.8284)->(27,23,7.34635)->(27,24,7.91419)->(27,25,8.59635)->(27,26,9.91419)->(27,27,5004.66)->
Agent 58:(10,16,1.3)->(10,17,2.01421)->(10,18,3.33205)->(10,19,4.01421)->(10,20,4.58205)->(10,21,5.1)->(10,22,5.6)->(10,23,6.11795)->(10,24,6.68579)->(10,25,7.36795)->(10,26,8.68579)->(10,27,11.4765)->(11,27,14.2672)->(12,27,15.585)->(13,27,16.2672)->(14,27,16.853)->(15,27,17.4388)->(16,27,18.1209)->(17,27,19.4388)->(18,27,5009.43)->
Agent 59:(26,11,3.07649)->(26,10,5.5672)->(26,9,6.88503)->(26,8,7.5768)->(26,7,8.21248)->(26,6,8.90425)->(26,5,10.2221)->(26,4,12.4363)->(27,4,14.6858)->(28,4,16.6858)->(29,4,5008.07)->
Agent 60:(23,10,1.71421)->(23,11,3.81421)->(22,11,6.44264)->(21,11,7.76048)->(20,11,8.44264)->(19,11,9.02843)->(18,11,9.61421)->(17,11,10.2964)->(16,11,11.6142)->(15,11,13.8284)->(15,12,16.6284)->(15,13,5008.31)->
Agent 61:(6,11,1.71421)->(6,12,3.81421)->(7,12,6.44264)->(8,12,7.76048)->(9,12,8.44264)->(10,12,9.01048)->(11,12,9.52843)->(12,12,10.0284)->(13,12,10.5464)->(14,12,11.1142)->(15,12,11.7964)->(16,12,13.1142)->(17,12,15.3284)->(17,11,17.5426)->(17,10,18.8605)->(17,9,19.5426)->(17,8,20.1105)->(17,7,20.6284)->(17,6,21.1464)->(17,5,21.7142)->(17,4,22.3964)->(17,3,23.7142)->(17,2,25.9284)->(18,2,28.1426)->(19,2,29.4605)->(20,2,30.1426)->(21,2,30.7105)->(22,2,31.2464)->(23,2,31.8142)->(24,2,32.4964)->(25,2,33.8142)->(26,2,5016.61)->
Agent 62:(28,23,2.4142)->(27,23,4.8284)->(26,23,7.6284)->(26,24,10.4284)->(26,25,16.8321)->(25,25,5010.2)->
Agent 63:(28,8,1.90374)->(27,8,3.22168)->(26,8,4.53952)->(25,8,5.22168)->(24,8,5.78952)->(23,8,6.30747)->(22,8,6.80747)->(21,8,7.30747)->(20,8,7.80747)->(19,8,8.30747)->(18,8,8.80747)->(17,8,9.30747)->(16,8,9.80747)->(15,8,10.3075)->(14,8,10.8075)->(13,8,11.3075)->(12,8,11.8075)->(11,8,12.3075)->(10,8,12.8254)->(9,8,13.3933)->(8,8,14.0754)->(7,8,15.3933)->(6,8,17.6075)->(6,9,19.8217)->(6,10,21.1395)->(6,11,21.8217)->(6,12,22.3895)->(6,13,22.9075)->(6,14,23.4075)->(6,15,23.9075)->(6,16,24.4075)->(6,17,24.9075)->(6,18,25.4254)->(6,19,25.9933)->(6,20,26.6754)->(6,21,27.9933)->(6,22,5013.7)->
Agent 64:(25,1,1.40374)->(25,2,2.22168)->(25,3,3.53952)->(25,4,4.22168)->(25,5,4.78952)->(25,6,5.30747)->(25,7,5.80747)->(25,8,6.30747)->(25,9,6.80747)->(25,10,7.30747)->(25,11,7.80747)->(25,12,8.30747)->(25,13,8.80747)->(25,14,9.30747)->(25,15,9.80747)->(25,16,10.3075)->(25,17,10.8075)->(25,18,11.3075)->(25,19,11.8075)->(25,20,12.3075)->(25,21,12.8254)->(25,22,13.3933)->(25,23,14.0754)->(25,24,15.3933)->(25,25,17.6075)->(24,25,19.8217)->(23,25,21.1395)->(22,25,21.8217)->(21,25,22.3895)->(20,25,22.9075)->(19,25,23.4075)->(18,25,23.9075)->(17,25,24.4075)->(16,25,24.9075)->(15,25,25.4075)->(14,25,25.9075)->(13,25,26.4075)->(12,25,26.9075)->(11,25,27.4254)->(10,25,27.9933)->(9,25,28.6754)->(8,25,29.9933)->(7,25,5014.7)->
Agent 65:(18,0,4.40394)->(18,1,8.22208)->(18,2,9.53992)->(18,3,10.2221)->(18,4,10.7899)->(18,5,11.3079)->(18,6,11.8079)->(18,7,12.3079)->(18,8,12.8079)->(18,9,13.3079)->(18,10,13.8079)->(18,11,14.3079)->(18,12,14.8079)->(18,13,15.3079)->(18,14,15.8079)->(18,15,16.3079)->(18,16,16.8079)->(18,17,17.3079)->(18,18,17.8079)->(18,19,18.3079)->(18,20,18.8258)->(18,21,19.3937)->(18,22,20.0758)->(18,23,21.3937)->(18,24,23.6079)->(19,24,25.8574)->(20,24,27.8574)->(21,24,5013.65)->
Agent 66:(5,12,1.71421)->(5,13,3.81421)->(6,13,7.02843)->(7,13,10.9179)->(7,12,14.2217)->(7,11,15.5395)->(7,10,16.2217)->(7,9,16.8075)->(7,8,17.3933)->(7,7,18.0754)->(7,6,19.3933)->(7,5,27.3679)->(8,5,35.3426)->(9,5,36.6605)->(10,5,37.3522)->(11,5,37.9879)->(12,5,38.6797)->(13,5,39.9975)->(14,5,5019.71)->
Agent 67:(4,6,1.3)->(4,7,2.01421)->(4,8,3.33205)->(4,9,4.01421)->(4,10,4.58205)->(4,11,5.1)->(4,12,5.6)->(4,13,6.11795)->(4,14,6.68579)->(4,15,7.36795)->(4,16,8.68579)->(4,17,14.15)->(5,17,19.6142)->(6,17,20.9321)->(7,17,21.6142)->(8,17,22.1821)->(9,17,22.7)->(10,17,23.2)->(11,17,23.7)->(12,17,24.2)->(13,17,24.7)->(14,17,25.2)->(15,17,25.7)->(16,17,26.2)->(17,17,26.7)->(18,17,27.2)->(19,17,27.7)->(20,17,28.2)->(21,17,28.7)->(22,17,29.2)->(23,17,29.7)->(24,17,30.2179)->(25,17,30.7858)->(26,17,31.4679)->(27,17,32.7858)->(28,17,35.4142)->(28,18,5017.9)->
Agent 68:(3,16,1.8)->(4,16,3.01421)->(5,16,4.33205)->(6,16,5.01421)->(7,16,5.6)->(8,16,6.18579)->(9,16,6.86795)->(10,16,8.18579)->(11,16,10.4)->(11,17,12.6142)->(11,18,13.9321)->(11,19,14.6142)->(11,20,15.1821)->(11,21,15.7)->(11,22,16.2)->(11,23,16.7)->(11,24,17.2179)->(11,25,17.7858)->(11,26,18.4679)->(11,27,19.7858)->(11,28,5009.6)->
Agent 69:(18,4,3.92168)->(18,5,7.25758)->(18,6,8.57542)->(18,7,9.25758)->(18,8,9.82542)->(18,9,10.3434)->(18,10,10.8434)->(18,11,11.3434)->(18,12,11.8434)->(18,13,12.3434)->(18,14,12.8434)->(18,15,13.3434)->(18,16,13.8434)->(18,17,14.3434)->(18,18,14.8434)->(18,19,15.3434)->(18,20,15.8434)->(18,21,16.3434)->(18,22,16.8613)->(18,23,17.4292)->(18,24,18.1113)->(18,25,19.4292)->(18,26,22.0358)->(19,26,24.6424)->(20,26,25.9603)->(21,26,26.6424)->(22,26,27.2282)->(23,26,27.814)->(24,26,28.4962)->(25,26,29.814)->(26,26,5014.61)->
Agent 70:(19,16,3.03205)->(20,16,6.0641)->(21,16,8.8641)->(21,17,11.0783)->(21,18,12.4925)->(21,19,13.9067)->(21,20,5006.66)->
Agent 71:(21,12,1.3)->(21,13,2.01421)->(21,14,3.33205)->(21,15,4.0641)->(21,16,4.79615)->(21,17,6.11399)->(21,18,8.3282)->(20,18,10.5424)->(19,18,11.8603)->(18,18,12.5424)->(17,18,13.1103)->(16,18,13.6282)->(15,18,14.1282)->(14,18,14.6282)->(13,18,15.1282)->(12,18,15.6282)->(11,18,16.1282)->(10,18,16.6282)->(9,18,17.1462)->(8,18,17.714)->(7,18,18.3962)->(6,18,19.714)->(5,18,23.5358)->(6,18,27.9434)->(7,18,5013.97)->
Agent 72:(2,3,2.21421)->(3,3,6.31228)->(3,4,10.4388)->(3,5,11.7566)->(3,6,12.4388)->(3,7,13.0066)->(3,8,13.5246)->(3,9,14.0246)->(3,10,14.5246)->(3,11,15.0246)->(3,12,15.5246)->(3,13,16.0246)->(3,14,16.5246)->(3,15,17.0246)->(3,16,17.5246)->(3,17,18.0246)->(3,18,18.5246)->(3,19,19.0246)->(3,20,19.5246)->(3,21,20.0246)->(3,22,20.5246)->(3,23,21.0246)->(3,24,21.5246)->(3,25,22.0425)->(3,26,22.6103)->(3,27,23.2925)->(3,28,24.6103)->(3,29,5012.01)->
Agent 73:(9,11,1.8)->(8,11,3.04949)->(7,11,5.04949)->(6,11,7.29898)->(6,12,9.51319)->(6,13,10.847)->(6,14,11.6755)->(6,15,13.0093)->(6,16,17.0618)->(5,16,21.7)->(4,16,24.5)->(4,17,27.3)->(4,18,5013.65)->
Agent 74:(1,0,1.3)->(1,1,2.01421)->(1,2,3.33205)->(1,3,4.01421)->(1,4,4.58205)->(1,5,5.1)->(1,6,5.6)->(1,7,6.1)->(1,8,6.6)->(1,9,7.1)->(1,10,7.6)->(1,11,8.1)->(1,12,8.6)->(1,13,9.11795)->(1,14,9.68579)->(1,15,10.3679)->(1,16,11.6858)->(1,17,15.7358)->(2,17,19.7858)->(3,17,21.1036)->(4,17,21.7858)->(5,17,22.3536)->(6,17,22.8716)->(7,17,23.3716)->(8,17,23.8716)->(9,17,24.3716)->(10,17,24.8716)->(11,17,25.3895)->(12,17,25.9574)->(13,17,26.6395)->(14,17,27.9574)->(15,17,30.1716)->(15,18,32.3858)->(15,19,33.7196)->(15,20,34.5481)->(15,21,35.8819)->(15,22,38.0961)->(16,22,40.8961)->(17,22,5020.45)->
Agent 75:(15,22,2.2)->(15,21,3.81421)->(15,20,5.13205)->(15,19,5.82382)->(15,18,6.45949)->(15,17,7.15126)->(15,16,8.4691)->(15,15,10.6833)->(16,15,12.8975)->(17,15,14.2314)->(18,15,15.0598)->(19,15,16.3937)->(20,15,5007.9)->
Agent 76:(3,26,2.2)->(3,25,3.81421)->(3,24,5.13205)->(3,23,5.81421)->(3,22,6.38205)->(3,21,6.9)->(3,20,7.4)->(3,19,7.9)->(3,18,8.41795)->(3,17,8.98579)->(3,16,9.66795)->(3,15,10.9858)->(3,14,13.2)->(4,14,15.4142)->(5,14,16.7321)->(6,14,17.4142)->(7,14,17.9821)->(8,14,18.5)->(9,14,19)->(10,14,19.5)->(11,14,20)->(12,14,20.5)->(13,14,21)->(14,14,21.5)->(15,14,22)->(16,14,22.5)->(17,14,23)->(18,14,23.5)->(19,14,24)->(20,14,24.5)->(21,14,25)->(22,14,25.5)->(23,14,26)->(24,14,26.5)->(25,14,27)->(26,14,27.5179)->(27,14,28.0858)->(28,14,28.7679)->(29,14,30.0858)->(30,14,32.7142)->(30,15,5016.55)->
Agent 77:(3,9,1.3)->(3,10,2.6)->(3,11,7.10011)->(4,11,11.0144)->(5,11,12.3323)->(6,11,13.0144)->(7,11,13.5823)->(8,11,14.1002)->(9,11,14.6182)->(10,11,15.186)->(11,11,15.8682)->(12,11,17.186)->(13,11,5008.3)->
Agent 78:(30,13,1.3)->(30,14,2.01421)->(30,15,3.33205)->(30,16,4.01421)->(30,17,4.58205)->(30,18,5.1)->(30,19,5.6)->(30,20,6.1)->(30,21,6.6)->(30,22,7.1)->(30,23,7.6)->(30,24,8.1)->(30,25,8.6)->(30,26,9.11795)->(30,27,9.68579)->(30,28,10.3679)->(30,29,11.6858)->(30,30,13.9)->(29,30,16.1142)->(28,30,17.4321)->(27,30,18.1142)->(26,30,18.6821)->(25,30,19.2)->(24,30,19.7)->(23,30,20.2)->(22,30,20.7)->(21,30,21.2)->(20,30,21.7)->(19,30,22.2)->(18,30,22.7)->(17,30,23.2)->(16,30,23.7)->(15,30,24.2)->(14,30,24.7)->(13,30,25.2)->(12,30,25.7179)->(11,30,26.2858)->(10,30,26.9679)->(9,30,28.2858)->(8,30,5013.85)->
Agent 79:(7,10,2.2)->(7,9,3.84949)->(7,8,5.84949)->(7,7,9.37106)->(8,7,12.8574)->(9,7,14.1752)->(10,7,14.8574)->(11,7,15.4252)->(12,7,15.9431)->(13,7,16.4431)->(14,7,16.9431)->(15,7,17.4431)->(16,7,17.9431)->(17,7,18.4611)->(18,7,19.0289)->(19,7,19.7111)->(20,7,21.0289)->(21,7,5010.22)->
