Agent 0:(17,4,1.3)->(17,5,2.01421)->(17,6,3.33205)->(17,7,4.01421)->(17,8,4.58205)->(17,9,5.1)->(17,10,5.61795)->(17,11,6.18579)->(17,12,6.86795)->(17,13,8.18579)->(17,14,10.71)->(16,14,13.2341)->(15,14,14.552)->(14,14,15.2341)->(13,14,15.802)->(12,14,16.3199)->(11,14,16.8199)->(10,14,17.3199)->(9,14,17.8199)->(8,14,18.3199)->(7,14,18.8199)->(6,14,19.3379)->(5,14,19.9057)->(4,14,20.5879)->(3,14,21.9057)->(2,14,24.1199)->(2,15,26.3341)->(2,16,27.652)->(2,17,28.3341)->(2,18,28.9199)->(2,19,29.5057)->(2,20,30.1879)->(2,21,31.5057)->(2,22,34.1341)->(1,22,5017.26)->
Agent 1:(12,0,1.48216)->(12,1,2.37854)->(12,2,3.69638)->(12,3,4.38815)->(12,4,5.02382)->(12,5,5.71559)->(12,6,7.03343)->(12,7,9.24764)->(13,7,11.4971)->(14,7,13.4971)->(15,7,18.6054)->(15,8,23.6783)->(15,9,24.9962)->(15,10,25.6783)->(15,11,26.2462)->(15,12,26.7641)->(15,13,27.2641)->(15,14,27.7641)->(15,15,28.2641)->(15,16,28.7641)->(15,17,29.2641)->(15,18,29.7641)->(15,19,30.2641)->(15,20,30.7821)->(15,21,31.3499)->(15,22,32.0321)->(15,23,33.3499)->(15,24,35.9783)->(16,24,5018.18)->
Agent 2:(21,15,3.8)->(20,15,7.01421)->(19,15,8.33205)->(18,15,9.01421)->(17,15,9.58205)->(16,15,10.1)->(15,15,10.6)->(14,15,11.1)->(13,15,11.6)->(12,15,12.1)->(11,15,12.6)->(10,15,13.1)->(9,15,13.6)->(8,15,14.1179)->(7,15,14.6858)->(6,15,15.3679)->(5,15,16.6858)->(4,15,18.9)->(4,16,21.1142)->(4,17,22.4321)->(4,18,23.1142)->(4,19,23.6821)->(4,20,24.2)->(4,21,24.7)->(4,22,25.2179)->(4,23,25.7858)->(4,24,26.4679)->(4,25,27.7858)->(4,26,5013.6)->
Agent 3:(29,4,3.3141)->(28,4,6.04242)->(27,4,7.36025)->(26,4,8.04242)->(25,4,8.61025)->(24,4,9.1282)->(23,4,9.6282)->(22,4,10.1282)->(21,4,10.6282)->(20,4,11.1282)->(19,4,11.6282)->(18,4,12.1462)->(17,4,12.714)->(16,4,13.3962)->(15,4,14.714)->(14,4,18.3636)->(14,5,22.599)->(14,6,29.2567)->(13,6,35.3287)->(12,6,36.7429)->(11,6,38.1571)->(10,6,5018.79)->
Agent 4:(21,0,1.8)->(20,0,3.01421)->(19,0,4.33205)->(18,0,5.01421)->(17,0,5.58205)->(16,0,6.1)->(15,0,6.6)->(14,0,7.1)->(13,0,7.6)->(12,0,8.1)->(11,0,8.6)->(10,0,9.1)->(9,0,9.6)->(8,0,10.1)->(7,0,10.6)->(6,0,11.1179)->(5,0,11.6858)->(4,0,12.3679)->(3,0,13.6858)->(2,0,23.4321)->(2,1,33.7641)->(2,2,5016.88)->
Agent 5:(14,21,3.53154)->(15,21,6.47729)->(16,21,7.79513)->(17,21,8.47729)->(18,21,9.04513)->(19,21,9.58103)->(20,21,10.1489)->(21,21,10.831)->(22,21,12.1489)->(23,21,5005.78)->
Agent 6:(20,31,1.8)->(21,31,3.01421)->(22,31,4.42843)->(23,31,5.84264)->(24,31,8.34213)->(24,30,10.8416)->(24,29,12.1595)->(24,28,12.8416)->(24,27,13.4095)->(24,26,13.9274)->(24,25,14.4274)->(24,24,14.9274)->(24,23,15.4274)->(24,22,15.9274)->(24,21,16.4274)->(24,20,16.9274)->(24,19,17.4454)->(24,18,18.0132)->(24,17,18.6954)->(24,16,20.0132)->(24,15,22.2274)->(23,15,25.0274)->(22,15,29.4416)->(22,16,5015.51)->
Agent 7:(12,30,2.2)->(12,29,3.81421)->(12,28,5.22843)->(12,27,6.64264)->(12,26,10.1642)->(13,26,13.6858)->(14,26,15.0036)->(15,26,15.6858)->(16,26,16.2536)->(17,26,16.7716)->(18,26,17.2716)->(19,26,17.7716)->(20,26,18.2716)->(21,26,18.7716)->(22,26,19.2895)->(23,26,19.8574)->(24,26,20.5395)->(25,26,21.8574)->(26,26,5010.64)->
Agent 8:(27,2,1.3)->(27,3,2.04949)->(27,4,4.04949)->(27,5,9.04898)->(26,5,14.0132)->(25,5,15.331)->(24,5,16.0132)->(23,5,16.599)->(22,5,17.1848)->(21,5,17.8669)->(20,5,19.1848)->(19,5,5009.3)->
Agent 9:(28,26,2.21421)->(27,26,4.85374)->(27,25,7.52168)->(27,24,8.83952)->(27,23,9.57157)->(27,22,10.3036)->(27,21,11.6215)->(27,20,21.6321)->(27,21,5014.7)->
Agent 10:(4,22,2.03205)->(5,22,3.47832)->(6,22,4.79615)->(7,22,5.47832)->(8,22,6.04615)->(9,22,6.5641)->(10,22,7.08205)->(11,22,7.64989)->(12,22,8.33205)->(13,22,9.64989)->(14,22,11.8641)->(14,21,14.0783)->(14,20,15.3962)->(14,19,16.0783)->(14,18,16.6462)->(14,17,17.1821)->(14,16,17.7499)->(14,15,18.4321)->(14,14,19.7499)->(14,13,21.9641)->(15,13,24.7641)->(16,13,27.5641)->(16,14,30.3641)->(16,15,5015.18)->
Agent 11:(31,28,1.3)->(31,29,2.04949)->(31,30,4.04949)->(31,31,8.84949)->(30,31,13.6142)->(29,31,14.9321)->(28,31,15.6142)->(27,31,16.1821)->(26,31,16.7)->(25,31,17.2)->(24,31,17.7)->(23,31,18.2)->(22,31,18.7)->(21,31,19.2)->(20,31,19.7)->(19,31,20.2)->(18,31,20.7)->(17,31,21.2)->(16,31,21.7)->(15,31,22.2179)->(14,31,22.7858)->(13,31,23.4679)->(12,31,24.7858)->(11,31,5012.1)->
Agent 12:(0,12,1.71421)->(0,13,3.97649)->(1,13,6.7672)->(2,13,8.08503)->(3,13,8.7672)->(4,13,9.33503)->(5,13,9.85298)->(6,13,10.353)->(7,13,10.853)->(8,13,11.353)->(9,13,11.853)->(10,13,12.353)->(11,13,12.853)->(12,13,13.353)->(13,13,13.853)->(14,13,14.353)->(15,13,14.853)->(16,13,15.353)->(17,13,15.853)->(18,13,16.353)->(19,13,16.853)->(20,13,17.353)->(21,13,17.853)->(22,13,18.353)->(23,13,18.853)->(24,13,19.353)->(25,13,19.8709)->(26,13,20.4388)->(27,13,21.1209)->(28,13,22.4388)->(29,13,25.0439)->(29,14,27.6491)->(29,15,28.9669)->(29,16,29.6491)->(29,17,30.2349)->(29,18,30.8207)->(29,19,31.5028)->(29,20,32.8207)->(29,21,35.4491)->(30,21,5017.92)->
Agent 13:(2,12,2.75051)->(3,12,4.95051)->(4,12,6.95051)->(5,12,11.8358)->(5,13,16.6858)->(5,14,18.0196)->(5,15,18.8481)->(5,16,20.1819)->(5,17,5009.8)->
Agent 14:(0,0,1.3)->(0,1,2.01421)->(0,2,3.33205)->(0,3,4.01421)->(0,4,4.58205)->(0,5,5.1)->(0,6,5.6)->(0,7,6.1)->(0,8,6.6)->(0,9,7.1)->(0,10,7.6)->(0,11,8.1)->(0,12,8.6)->(0,13,9.1)->(0,14,9.6)->(0,15,10.1179)->(0,16,10.6858)->(0,17,11.3679)->(0,18,12.6858)->(0,19,14.9)->(1,19,17.1142)->(2,19,18.4321)->(3,19,19.1142)->(4,19,19.6821)->(5,19,20.2)->(6,19,20.7)->(7,19,21.2)->(8,19,21.7)->(9,19,22.2)->(10,19,22.7)->(11,19,23.2)->(12,19,23.7)->(13,19,24.2)->(14,19,24.7)->(15,19,25.2)->(16,19,25.7)->(17,19,26.2)->(18,19,26.7)->(19,19,27.2)->(20,19,27.7)->(21,19,28.2)->(22,19,28.7179)->(23,19,29.2858)->(24,19,29.9679)->(25,19,31.2858)->(26,19,33.9142)->(26,20,5017.15)->
Agent 15:(7,1,1.8)->(8,1,3.01421)->(9,1,4.33205)->(10,1,5.01421)->(11,1,5.58205)->(12,1,6.1)->(13,1,6.6)->(14,1,7.1)->(15,1,7.6)->(16,1,8.1)->(17,1,8.6)->(18,1,9.1)->(19,1,9.6)->(20,1,10.1)->(21,1,10.6)->(22,1,11.1)->(23,1,11.6)->(24,1,12.1)->(25,1,12.6179)->(26,1,13.1858)->(27,1,13.8679)->(28,1,15.1858)->(29,1,18.9174)->(29,2,22.6491)->(29,3,23.9669)->(29,4,24.6491)->(29,5,25.2169)->(29,6,25.7349)->(29,7,26.2349)->(29,8,26.7349)->(29,9,27.2349)->(29,10,27.7349)->(29,11,28.2349)->(29,12,28.7349)->(29,13,29.2349)->(29,14,29.7349)->(29,15,30.2528)->(29,16,30.8207)->(29,17,31.5028)->(29,18,32.8207)->(29,19,5016.12)->
Agent 16:(2,22,2.40854)->(2,21,4.2313)->(2,20,5.54913)->(2,19,6.2313)->(2,18,6.79913)->(2,17,7.31708)->(2,16,7.81708)->(2,15,8.31708)->(2,14,8.81708)->(2,13,9.31708)->(2,12,9.81708)->(2,11,10.3171)->(2,10,10.8171)->(2,9,11.3171)->(2,8,11.8171)->(2,7,12.335)->(2,6,12.9029)->(2,5,13.585)->(2,4,14.9029)->(2,3,17.1171)->(3,3,19.9171)->(4,3,5009.96)->
Agent 17:(20,10,1.3)->(20,11,2.01421)->(20,12,3.33205)->(20,13,4.01421)->(20,14,4.58205)->(20,15,5.1)->(20,16,5.6)->(20,17,6.1)->(20,18,6.6)->(20,19,7.11795)->(20,20,7.68579)->(20,21,8.36795)->(20,22,9.68579)->(20,23,11.9)->(19,23,14.1495)->(18,23,16.1495)->(17,23,20.7372)->(17,24,25.2897)->(17,25,26.6235)->(17,26,27.4519)->(17,27,28.7858)->(17,28,5014.1)->
Agent 18:(23,3,1.3)->(23,4,2.01421)->(23,5,3.33205)->(23,6,4.01421)->(23,7,4.58205)->(23,8,5.1)->(23,9,5.6)->(23,10,6.11795)->(23,11,6.68579)->(23,12,7.36795)->(23,13,8.68579)->(23,14,10.9)->(24,14,13.1142)->(25,14,14.4481)->(26,14,15.2765)->(27,14,16.6103)->(28,14,5008.01)->
Agent 19:(5,12,3.2)->(5,11,5.81421)->(5,10,7.13205)->(5,9,7.81421)->(5,8,8.4)->(5,7,8.98579)->(5,6,9.66795)->(5,5,10.9858)->(5,4,14.3083)->(6,4,17.6309)->(7,4,18.9487)->(8,4,19.6405)->(9,4,20.2762)->(10,4,20.9679)->(11,4,22.2858)->(12,4,24.9142)->(12,3,5012.65)->
Agent 20:(19,1,1.3)->(19,2,2.01421)->(19,3,3.33205)->(19,4,4.0641)->(19,5,4.79615)->(19,6,6.11399)->(19,7,17.3177)->(18,7,28.5215)->(17,7,29.8393)->(16,7,30.5215)->(15,7,31.0893)->(14,7,31.6072)->(13,7,32.1072)->(12,7,32.6072)->(11,7,33.1072)->(10,7,33.6072)->(9,7,34.1072)->(8,7,34.6072)->(7,7,35.1072)->(6,7,35.6252)->(5,7,36.193)->(4,7,36.8752)->(3,7,38.193)->(2,7,5018.8)->
Agent 21:(16,17,2.79949)->(15,17,5.01319)->(14,17,6.33103)->(13,17,7.01319)->(12,17,7.58103)->(11,17,8.09898)->(10,17,8.59898)->(9,17,9.09898)->(8,17,9.59898)->(7,17,10.099)->(6,17,10.599)->(5,17,11.1169)->(4,17,11.6848)->(3,17,12.3669)->(2,17,13.6848)->(1,17,5006.55)->
Agent 22:(5,11,2.2)->(5,10,3.81421)->(5,9,5.13205)->(5,8,5.81421)->(5,7,6.38205)->(5,6,6.91795)->(5,5,7.48579)->(5,4,8.16795)->(5,3,9.48579)->(5,2,12.3821)->(6,2,15.2783)->(7,2,16.5962)->(8,2,17.2783)->(9,2,17.8462)->(10,2,18.3641)->(11,2,18.8641)->(12,2,19.3641)->(13,2,19.8641)->(14,2,20.3641)->(15,2,20.8641)->(16,2,21.3641)->(17,2,21.8641)->(18,2,22.3641)->(19,2,22.8641)->(20,2,23.3641)->(21,2,23.8641)->(22,2,24.3821)->(23,2,24.9499)->(24,2,25.6321)->(25,2,26.9499)->(26,2,29.5783)->(26,3,5014.98)->
Agent 23:(0,17,1.8)->(1,17,3.04949)->(2,17,5.04949)->(3,17,7.29898)->(3,18,9.51319)->(3,19,10.831)->(3,20,11.5132)->(3,21,12.081)->(3,22,12.599)->(3,23,13.099)->(3,24,13.6169)->(3,25,14.1848)->(3,26,14.8669)->(3,27,16.1848)->(3,28,18.399)->(4,28,20.6132)->(5,28,21.931)->(6,28,22.6132)->(7,28,23.181)->(8,28,23.699)->(9,28,24.199)->(10,28,24.699)->(11,28,25.199)->(12,28,25.7169)->(13,28,26.2848)->(14,28,26.9669)->(15,28,28.2848)->(16,28,30.499)->(16,29,32.7485)->(16,30,34.7485)->(16,31,36.998)->(17,31,39.2122)->(18,31,40.53)->(19,31,41.2122)->(20,31,41.78)->(21,31,42.298)->(22,31,42.798)->(23,31,43.3159)->(24,31,43.8837)->(25,31,44.5659)->(26,31,45.8837)->(27,31,5022.65)->
Agent 24:(20,25,2.21421)->(21,25,6.68579)->(20,25,11.1858)->(19,25,12.5036)->(18,25,13.1858)->(17,25,13.7536)->(16,25,14.2716)->(15,25,14.7716)->(14,25,15.2716)->(13,25,15.7716)->(12,25,16.2716)->(11,25,16.7716)->(10,25,17.2895)->(9,25,17.8574)->(8,25,18.5395)->(7,25,19.8574)->(6,25,22.0716)->(6,24,24.2858)->(6,23,25.7)->(6,22,27.1142)->(6,21,5013.26)->
Agent 25:(5,5,2.53154)->(6,5,4.47729)->(7,5,5.79513)->(8,5,6.47729)->(9,5,7.04513)->(10,5,7.56308)->(11,5,8.06308)->(12,5,8.58103)->(13,5,9.14887)->(14,5,9.83103)->(15,5,11.1489)->(16,5,13.7773)->(16,6,17.3773)->(17,6,20.0057)->(18,6,21.3236)->(19,6,22.0057)->(20,6,22.5915)->(21,6,23.1773)->(22,6,23.8595)->(23,6,25.1773)->(24,6,28.2742)->(24,7,31.3711)->(24,8,32.6889)->(24,9,33.3711)->(24,10,33.9389)->(24,11,34.4569)->(24,12,34.9569)->(24,13,35.4569)->(24,14,35.9569)->(24,15,36.4569)->(24,16,36.9748)->(24,17,37.5426)->(24,18,38.2248)->(24,19,39.5426)->(24,20,42.1711)->(25,20,46.1853)->(25,21,5023.49)->
Agent 26:(30,4,5.2)->(30,5,9.81421)->(30,6,11.1321)->(30,7,11.8142)->(30,8,12.3821)->(30,9,12.9)->(30,10,13.4)->(30,11,13.9)->(30,12,14.4179)->(30,13,14.9858)->(30,14,15.6679)->(30,15,16.9858)->(30,16,21.4637)->(29,16,25.9416)->(28,16,27.2595)->(27,16,27.9416)->(26,16,28.5095)->(25,16,29.0274)->(24,16,29.5274)->(23,16,30.0274)->(22,16,30.5274)->(21,16,31.0274)->(20,16,31.5274)->(19,16,32.0274)->(18,16,32.5274)->(17,16,33.0274)->(16,16,33.5274)->(15,16,34.0274)->(14,16,34.5274)->(13,16,35.0274)->(12,16,35.5274)->(11,16,36.0454)->(10,16,36.6132)->(9,16,37.2954)->(8,16,38.6132)->(7,16,5019.01)->
Agent 27:(12,25,1.8)->(11,25,3.6)->(10,25,6.4)->(10,24,8.61421)->(10,23,9.93205)->(10,22,10.6142)->(10,21,11.1821)->(10,20,11.7)->(10,19,12.2)->(10,18,12.7)->(10,17,13.2)->(10,16,13.7)->(10,15,14.2)->(10,14,14.7)->(10,13,15.2)->(10,12,15.7)->(10,11,16.2)->(10,10,16.7)->(10,9,17.2)->(10,8,17.7)->(10,7,18.2)->(10,6,18.7)->(10,5,19.2)->(10,4,19.7179)->(10,3,20.2858)->(10,2,20.9679)->(10,1,22.2858)->(10,0,24.9142)->(11,0,31.8)->(11,1,38.3)->(11,2,5019.15)->
Agent 28:(18,11,1.3)->(18,12,2.01421)->(18,13,3.33205)->(18,14,4.01421)->(18,15,4.6)->(18,16,5.18579)->(18,17,5.86795)->(18,18,7.18579)->(18,19,9.4)->(19,19,11.6142)->(20,19,12.9321)->(21,19,13.6142)->(22,19,14.2)->(23,19,14.7858)->(24,19,15.4679)->(25,19,16.7858)->(26,19,19)->(26,20,21.8)->(26,21,24.6)->(27,21,27.4)->(28,21,5013.7)->
Agent 29:(27,0,1.8)->(26,0,3.01421)->(25,0,4.33205)->(24,0,5.01421)->(23,0,5.58205)->(22,0,6.11795)->(21,0,6.68579)->(20,0,7.36795)->(19,0,8.68579)->(18,0,14.25)->(18,1,19.8142)->(18,2,21.1321)->(18,3,21.8142)->(18,4,22.3821)->(18,5,22.9)->(18,6,23.4)->(18,7,23.9)->(18,8,24.4)->(18,9,24.9)->(18,10,25.4)->(18,11,25.9)->(18,12,26.4)->(18,13,26.9)->(18,14,27.4)->(18,15,27.9179)->(18,16,28.4858)->(18,17,29.1679)->(18,18,30.4858)->(18,19,33.1142)->(17,19,5016.75)->
Agent 30:(3,14,1.3)->(3,15,2.6)->(3,16,9.3)->(4,16,15.4142)->(5,16,16.8284)->(6,16,18.2426)->(7,16,20.8711)->(7,17,5010.63)->
Agent 31:(22,12,1.8)->(23,12,3.6)->(24,12,6.81421)->(24,13,10.4142)->(25,13,13.0426)->(26,13,14.3605)->(27,13,15.0522)->(28,13,15.6879)->(29,13,16.3797)->(30,13,17.6975)->(31,13,23.4233)->(30,13,29.7349)->(29,13,5014.87)->
Agent 32:(11,8,1.3)->(11,9,2.01421)->(11,10,3.42843)->(11,11,4.84264)->(11,12,7.05685)->(10,12,9.30634)->(9,12,11.3063)->(8,12,13.5558)->(8,13,15.77)->(8,14,17.0879)->(8,15,17.77)->(8,16,18.3379)->(8,17,18.8558)->(8,18,19.3558)->(8,19,19.8738)->(8,20,20.4416)->(8,21,21.1238)->(8,22,22.4416)->(8,23,25.07)->(7,23,5012.73)->
Agent 33:(13,12,2.2)->(13,11,3.84949)->(13,10,5.84949)->(13,9,8.44898)->(12,9,11.0132)->(11,9,12.331)->(10,9,13.0132)->(9,9,13.599)->(8,9,14.1848)->(7,9,14.8669)->(6,9,16.1848)->(5,9,5007.8)->
Agent 34:(18,19,2.21421)->(17,19,6.54769)->(17,18,10.9096)->(17,17,12.2434)->(17,16,13.0719)->(17,15,14.4057)->(17,14,17.0778)->(16,14,19.7499)->(15,14,21.0677)->(14,14,21.7499)->(13,14,22.3177)->(12,14,22.8357)->(11,14,23.3357)->(10,14,23.8357)->(9,14,24.3357)->(8,14,24.8357)->(7,14,25.3357)->(6,14,25.8536)->(5,14,26.4215)->(4,14,27.1036)->(3,14,28.4215)->(2,14,30.6357)->(2,13,32.8499)->(2,12,34.1677)->(2,11,34.8499)->(2,10,35.4177)->(2,9,35.9357)->(2,8,36.4536)->(2,7,37.0215)->(2,6,37.7036)->(2,5,39.0215)->(2,4,5019.22)->
Agent 35:(26,16,2.03205)->(25,16,3.47832)->(24,16,4.79615)->(23,16,5.47832)->(22,16,6.04615)->(21,16,6.5641)->(20,16,7.08205)->(19,16,7.64989)->(18,16,8.33205)->(17,16,9.64989)->(16,16,12.2783)->(16,15,20.55)->(17,15,28.4359)->(18,15,5014.22)->
Agent 36:(28,19,1.8)->(27,19,3.04949)->(26,19,5.04949)->(25,19,7.29898)->(25,20,9.51319)->(25,21,10.9274)->(25,22,12.3416)->(25,23,15.2558)->(24,23,5007.96)->
Agent 37:(26,2,1.85)->(26,3,3.11421)->(26,4,4.43205)->(26,5,5.11421)->(26,6,5.68205)->(26,7,6.21795)->(26,8,6.78579)->(26,9,7.46795)->(26,10,8.78579)->(26,11,11.7505)->(25,11,14.7505)->(24,11,16.7505)->(23,11,19)->(23,12,21.8)->(23,13,5010.9)->
Agent 38:(29,22,2.2)->(29,21,3.81421)->(29,20,5.13205)->(29,19,5.81421)->(29,18,6.38205)->(29,17,6.9)->(29,16,7.4)->(29,15,7.9)->(29,14,8.41795)->(29,13,8.98579)->(29,12,9.66795)->(29,11,10.9858)->(29,10,13.65)->(28,10,16.3142)->(27,10,17.6321)->(26,10,18.3142)->(25,10,18.8821)->(24,10,19.4)->(23,10,19.9)->(22,10,20.4)->(21,10,20.9179)->(20,10,21.4858)->(19,10,22.1679)->(18,10,23.4858)->(17,10,5011.45)->
Agent 39:(15,3,1.3)->(15,4,2.01421)->(15,5,3.33205)->(15,6,4.01421)->(15,7,4.58205)->(15,8,5.1)->(15,9,5.6)->(15,10,6.1)->(15,11,6.6)->(15,12,7.1)->(15,13,7.6)->(15,14,8.1)->(15,15,8.6)->(15,16,9.1)->(15,17,9.6)->(15,18,10.1)->(15,19,10.6)->(15,20,11.1)->(15,21,11.6)->(15,22,12.1)->(15,23,12.6)->(15,24,13.1179)->(15,25,13.6858)->(15,26,14.3679)->(15,27,15.6858)->(15,28,19.1925)->(16,28,22.6993)->(17,28,24.0171)->(18,28,24.6993)->(19,28,25.2851)->(20,28,25.8708)->(21,28,26.553)->(22,28,27.8708)->(23,28,30.4993)->(23,29,5015.44)->
Agent 40:(7,3,1.79949)->(7,4,3.01319)->(7,5,4.33103)->(7,6,5.01319)->(7,7,5.58103)->(7,8,6.09898)->(7,9,6.59898)->(7,10,7.09898)->(7,11,7.59898)->(7,12,8.09898)->(7,13,8.61693)->(7,14,9.18477)->(7,15,9.86693)->(7,16,11.1848)->(7,17,13.399)->(8,17,15.6132)->(9,17,16.931)->(10,17,17.6132)->(11,17,18.181)->(12,17,18.699)->(13,17,19.199)->(14,17,19.699)->(15,17,20.199)->(16,17,20.699)->(17,17,21.199)->(18,17,21.699)->(19,17,22.199)->(20,17,22.699)->(21,17,23.199)->(22,17,23.699)->(23,17,24.199)->(24,17,24.699)->(25,17,25.199)->(26,17,25.7169)->(27,17,26.2848)->(28,17,26.9669)->(29,17,28.2848)->(30,17,5013.85)->
Agent 41:(23,20,1.8)->(22,20,3.6)->(21,20,6.4)->(21,21,8.64949)->(21,22,10.6495)->(21,23,14.3674)->(20,23,18.6359)->(19,23,5009.32)->
Agent 42:(26,4,1.85)->(26,5,3.11421)->(26,6,4.43205)->(26,7,5.11421)->(26,8,5.68205)->(26,9,6.2)->(26,10,6.7)->(26,11,7.2)->(26,12,7.7)->(26,13,8.2)->(26,14,8.7)->(26,15,9.2)->(26,16,9.7)->(26,17,10.2)->(26,18,10.7)->(26,19,11.2)->(26,20,11.7)->(26,21,12.2)->(26,22,12.7)->(26,23,13.2)->(26,24,13.7)->(26,25,14.2)->(26,26,14.7)->(26,27,15.2179)->(26,28,15.7858)->(26,29,16.4679)->(26,30,17.7858)->(26,31,20)->(25,31,22.2142)->(24,31,23.5321)->(23,31,24.2142)->(22,31,24.7821)->(21,31,25.3)->(20,31,25.8)->(19,31,26.3179)->(18,31,26.8858)->(17,31,27.5679)->(16,31,28.8858)->(15,31,5014.15)->
Agent 43:(22,7,1.3)->(22,8,2.01421)->(22,9,3.33205)->(22,10,4.01421)->(22,11,4.58205)->(22,12,5.11795)->(22,13,5.68579)->(22,14,6.36795)->(22,15,7.68579)->(22,16,11.4)->(23,16,15.1495)->(24,16,17.1495)->(25,16,22.5632)->(25,17,5012.85)->
Agent 44:(12,11,1.3)->(12,12,2.01421)->(12,13,3.33205)->(12,14,4.01421)->(12,15,4.58205)->(12,16,5.11795)->(12,17,5.68579)->(12,18,6.36795)->(12,19,7.68579)->(12,20,9.9)->(13,20,12.1142)->(14,20,13.4321)->(15,20,14.1641)->(16,20,14.8962)->(17,20,16.214)->(18,20,20.3141)->(18,21,25)->(18,22,5012.5)->
Agent 45:(5,30,3.2)->(5,29,5.81421)->(5,28,7.13205)->(5,27,7.81421)->(5,26,8.4)->(5,25,8.98579)->(5,24,9.66795)->(5,23,10.9858)->(5,22,13.2)->(6,22,15.4142)->(7,22,16.7321)->(8,22,17.4142)->(9,22,17.9821)->(10,22,18.5)->(11,22,19)->(12,22,19.5)->(13,22,20)->(14,22,20.5)->(15,22,21.0179)->(16,22,21.5858)->(17,22,22.2679)->(18,22,23.5858)->(19,22,5011.5)->
Agent 46:(28,30,2.2)->(28,29,3.81421)->(28,28,5.13205)->(28,27,5.81421)->(28,26,6.38205)->(28,25,6.9)->(28,24,7.4)->(28,23,7.9)->(28,22,8.4)->(28,21,8.9)->(28,20,9.4)->(28,19,9.9)->(28,18,10.4)->(28,17,10.9)->(28,16,11.4)->(28,15,11.9)->(28,14,12.4)->(28,13,12.9)->(28,12,13.4)->(28,11,13.9)->(28,10,14.4)->(28,9,14.9)->(28,8,15.4)->(28,7,15.9)->(28,6,16.4)->(28,5,16.9179)->(28,4,17.4858)->(28,3,18.1679)->(28,2,19.4858)->(28,1,22.6)->(27,1,25.7142)->(26,1,27.0321)->(25,1,27.7142)->(24,1,28.2821)->(23,1,28.8)->(22,1,29.3)->(21,1,29.8)->(20,1,30.3)->(19,1,30.8)->(18,1,31.3)->(17,1,31.8)->(16,1,32.3)->(15,1,32.8)->(14,1,33.3)->(13,1,33.8)->(12,1,34.3)->(11,1,34.8)->(10,1,35.3179)->(9,1,35.8858)->(8,1,36.5679)->(7,1,37.8858)->(6,1,40.5142)->(6,0,44.5284)->(5,0,5022.66)->
Agent 47:(5,29,2.2)->(5,28,3.81421)->(5,27,5.13205)->(5,26,5.81421)->(5,25,6.4)->(5,24,6.98579)->(5,23,7.66795)->(5,22,8.98579)->(5,21,11.2)->(6,21,13.4142)->(7,21,14.7321)->(8,21,15.4142)->(9,21,15.9821)->(10,21,16.5)->(11,21,17)->(12,21,17.5)->(13,21,18)->(14,21,18.5)->(15,21,19)->(16,21,19.5)->(17,21,20)->(18,21,20.5179)->(19,21,21.0858)->(20,21,21.7679)->(21,21,23.0858)->(22,21,25.7142)->(22,20,29.3142)->(23,20,32.5284)->(24,20,35.7426)->(24,21,5018.06)->
Agent 48:(31,8,5.21037)->(30,8,9.83495)->(29,8,11.1528)->(28,8,11.8349)->(27,8,12.4028)->(26,8,12.9207)->(25,8,13.4207)->(24,8,13.9207)->(23,8,14.4207)->(22,8,14.9207)->(21,8,15.4207)->(20,8,15.9207)->(19,8,16.4207)->(18,8,16.9207)->(17,8,17.4207)->(16,8,17.9207)->(15,8,18.4207)->(14,8,18.9387)->(13,8,19.5065)->(12,8,20.1887)->(11,8,21.5065)->(10,8,28.514)->(10,7,35.5215)->(10,6,36.8393)->(10,5,37.5713)->(10,4,38.3034)->(10,3,39.6212)->(10,2,5019.52)->
Agent 49:(0,27,7.1)->(0,26,13.6142)->(0,25,14.9321)->(0,24,15.6142)->(0,23,16.1821)->(0,22,16.7)->(0,21,17.2)->(0,20,17.7)->(0,19,18.2)->(0,18,18.7)->(0,17,19.2)->(0,16,19.7)->(0,15,20.2)->(0,14,20.7)->(0,13,21.2)->(0,12,21.7)->(0,11,22.2)->(0,10,22.7)->(0,9,23.2)->(0,8,23.7)->(0,7,24.2)->(0,6,24.7179)->(0,5,25.2858)->(0,4,25.9679)->(0,3,27.2858)->(0,2,29.5)->(1,2,31.7142)->(2,2,33.0321)->(3,2,33.7142)->(4,2,34.2821)->(5,2,34.8)->(6,2,35.3)->(7,2,35.8)->(8,2,36.3)->(9,2,36.8)->(10,2,37.3)->(11,2,37.8)->(12,2,38.3)->(13,2,38.8)->(14,2,39.3179)->(15,2,39.8858)->(16,2,40.5679)->(17,2,41.8858)->(18,2,44.5142)->(18,3,5022.45)->
Agent 50:(6,20,1.3)->(6,21,2.01421)->(6,22,3.33205)->(6,23,4.02382)->(6,24,4.65949)->(6,25,5.35126)->(6,26,6.6691)->(6,27,9.59166)->(7,27,12.5142)->(8,27,13.8321)->(9,27,14.5142)->(10,27,15.0821)->(11,27,15.6)->(12,27,16.1)->(13,27,16.6)->(14,27,17.1)->(15,27,17.6)->(16,27,18.1)->(17,27,18.6)->(18,27,19.1)->(19,27,19.6)->(20,27,20.1179)->(21,27,20.6858)->(22,27,21.3679)->(23,27,22.6858)->(24,27,5011.05)->
Agent 51:(25,14,2.24949)->(25,13,3.91319)->(25,12,5.23103)->(25,11,5.91319)->(25,10,6.48103)->(25,9,7.01693)->(25,8,7.58477)->(25,7,8.26693)->(25,6,9.58477)->(25,5,11.799)->(24,5,14.0132)->(23,5,15.331)->(22,5,16.0132)->(21,5,16.581)->(20,5,17.099)->(19,5,17.599)->(18,5,18.099)->(17,5,18.599)->(16,5,19.099)->(15,5,19.599)->(14,5,20.099)->(13,5,20.599)->(12,5,21.099)->(11,5,21.6169)->(10,5,22.1848)->(9,5,22.8669)->(8,5,24.1848)->(7,5,5011.8)->
Agent 52:(10,22,1.8)->(11,22,3.01421)->(12,22,4.33205)->(13,22,5.01421)->(14,22,5.6)->(15,22,6.18579)->(16,22,6.86795)->(17,22,8.18579)->(18,22,10.4)->(18,21,12.6142)->(18,20,13.9321)->(18,19,14.6142)->(18,18,15.2)->(18,17,15.7858)->(18,16,16.4679)->(18,15,17.7858)->(18,14,20)->(19,14,22.2142)->(20,14,23.6284)->(21,14,25.0426)->(22,14,5012.23)->
Agent 53:(24,13,2.4142)->(24,14,4.8284)->(24,15,8.02381)->(25,15,10.6687)->(26,15,12.6687)->(27,15,5006.06)->
Agent 54:(4,24,2.2)->(4,23,3.81421)->(4,22,5.13205)->(4,21,5.81421)->(4,20,6.4)->(4,19,6.98579)->(4,18,7.66795)->(4,17,8.98579)->(4,16,11.2)->(5,16,13.4142)->(6,16,14.7321)->(7,16,15.4142)->(8,16,15.9821)->(9,16,16.5)->(10,16,17)->(11,16,17.5)->(12,16,18)->(13,16,18.5)->(14,16,19)->(15,16,19.5179)->(16,16,20.0858)->(17,16,20.7679)->(18,16,22.0858)->(19,16,24.7142)->(19,15,30.2279)->(19,16,5016.26)->
Agent 55:(22,11,1.8)->(21,11,3.04949)->(20,11,5.04949)->(19,11,8.29949)->(19,12,11.5142)->(19,13,12.8321)->(19,14,13.5142)->(19,15,14.0821)->(19,16,14.6)->(19,17,15.1)->(19,18,15.6)->(19,19,16.1)->(19,20,16.6)->(19,21,17.1)->(19,22,17.6)->(19,23,18.1179)->(19,24,18.6858)->(19,25,19.3679)->(19,26,20.6858)->(19,27,5010.05)->
Agent 56:(23,22,5.1)->(23,21,9.61421)->(23,20,10.9321)->(23,19,11.6142)->(23,18,12.1821)->(23,17,12.7)->(23,16,13.2)->(23,15,13.7)->(23,14,14.2)->(23,13,14.7)->(23,12,15.2)->(23,11,15.7)->(23,10,16.2)->(23,9,16.7)->(23,8,17.2)->(23,7,17.7)->(23,6,18.2)->(23,5,18.7179)->(23,4,19.2858)->(23,3,19.9679)->(23,2,21.2858)->(23,1,23.5)->(22,1,25.7142)->(21,1,27.0321)->(20,1,27.7142)->(19,1,28.2821)->(18,1,28.8)->(17,1,29.3)->(16,1,29.8)->(15,1,30.3)->(14,1,30.8)->(13,1,31.3)->(12,1,31.8)->(11,1,32.3)->(10,1,32.8)->(9,1,33.3179)->(8,1,33.8858)->(7,1,34.5679)->(6,1,35.8858)->(5,1,5017.65)->
Agent 57:(22,6,6.47832)->(22,7,12.3708)->(22,8,13.6887)->(22,9,14.3708)->(22,10,14.9387)->(22,11,15.4566)->(22,12,15.9566)->(22,13,16.4566)->(22,14,16.9566)->(22,15,17.4566)->(22,16,17.9566)->(22,17,18.4566)->(22,18,18.9566)->(22,19,19.4566)->(22,20,19.9566)->(22,21,20.4566)->(22,22,20.9566)->(22,23,21.4566)->(22,24,21.9566)->(22,25,22.4746)->(22,26,23.0424)->(22,27,23.7246)->(22,28,25.0424)->(22,29,27.6708)->(21,29,5014.03)->
Agent 58:(9,1,1.3)->(9,2,2.01421)->(9,3,3.33205)->(9,4,4.01421)->(9,5,4.58205)->(9,6,5.1)->(9,7,5.6)->(9,8,6.1)->(9,9,6.6)->(9,10,7.1)->(9,11,7.6)->(9,12,8.1)->(9,13,8.6)->(9,14,9.1)->(9,15,9.6)->(9,16,10.1)->(9,17,10.6)->(9,18,11.1)->(9,19,11.6)->(9,20,12.1)->(9,21,12.6)->(9,22,13.1)->(9,23,13.6)->(9,24,14.1179)->(9,25,14.6858)->(9,26,15.3679)->(9,27,16.6858)->(9,28,18.9)->(10,28,21.1142)->(11,28,22.4321)->(12,28,23.1142)->(13,28,23.6821)->(14,28,24.2179)->(15,28,24.7858)->(16,28,25.4679)->(17,28,26.7858)->(18,28,29)->(18,29,31.8)->(18,30,5015.9)->
Agent 59:(24,12,1.8)->(25,12,3.04949)->(26,12,5.04949)->(27,12,7.29898)->(27,13,9.51319)->(27,14,10.831)->(27,15,11.5228)->(27,16,12.1585)->(27,17,12.8502)->(27,18,14.1681)->(27,19,5006.79)->
Agent 60:(19,26,2.2)->(19,25,4.4)->(19,24,7.2)->(20,24,9.41421)->(21,24,10.8284)->(22,24,12.2426)->(23,24,18.471)->(22,24,5011.23)->
Agent 61:(20,23,2.45)->(21,23,4.31421)->(22,23,5.63205)->(23,23,6.31421)->(24,23,6.88205)->(25,23,7.4)->(26,23,7.9)->(27,23,8.41795)->(28,23,8.98579)->(29,23,9.66795)->(30,23,10.9858)->(31,23,13.2)->(31,24,15.4495)->(31,25,17.4495)->(31,26,5008.45)->
Agent 62:(14,13,2.2)->(14,12,3.81421)->(14,11,5.13205)->(14,10,5.81421)->(14,9,6.38205)->(14,8,6.9)->(14,7,7.4)->(14,6,7.9)->(14,5,8.4)->(14,4,8.91795)->(14,3,9.48579)->(14,2,10.1679)->(14,1,11.4858)->(14,0,13.7)->(15,0,15.9495)->(16,0,17.9495)->(17,0,30.3495)->(17,1,43.3)->(17,2,5021.65)->
Agent 63:(19,8,1.8)->(20,8,3.6)->(21,8,6.53567)->(21,7,8.88556)->(21,6,10.2998)->(21,5,11.714)->(21,4,14.3424)->(22,4,5007.36)->
Agent 64:(11,4,1.8)->(12,4,3.01421)->(13,4,4.33205)->(14,4,5.0641)->(15,4,5.79615)->(16,4,7.11399)->(17,4,9.3282)->(17,5,11.5424)->(17,6,12.8603)->(17,7,13.5424)->(17,8,14.1103)->(17,9,14.6462)->(17,10,15.214)->(17,11,15.8962)->(17,12,17.214)->(17,13,5008.31)->
Agent 65:(9,17,1.8)->(8,17,3.04949)->(7,17,5.04949)->(6,17,7.29898)->(6,16,9.51319)->(6,15,10.831)->(6,14,11.5132)->(6,13,12.081)->(6,12,12.599)->(6,11,13.099)->(6,10,13.6169)->(6,9,14.1848)->(6,8,14.8669)->(6,7,16.1848)->(6,6,5007.8)->
Agent 66:(3,24,6.06795)->(4,24,11.5501)->(5,24,12.8679)->(6,24,13.5501)->(7,24,14.1179)->(8,24,14.6359)->(9,24,15.1359)->(10,24,15.6359)->(11,24,16.1359)->(12,24,16.6359)->(13,24,17.1359)->(14,24,17.6359)->(15,24,18.1359)->(16,24,18.6538)->(17,24,19.2217)->(18,24,19.9038)->(19,24,21.2217)->(20,24,23.4359)->(20,23,25.6501)->(20,22,27.0643)->(20,21,28.4785)->(20,20,31.107)->(19,20,5015.75)->
Agent 67:(30,13,2.61421)->(30,12,8.15)->(29,12,13.3142)->(28,12,14.6321)->(27,12,15.3142)->(26,12,15.8821)->(25,12,16.4)->(24,12,16.9)->(23,12,17.4)->(22,12,17.9)->(21,12,18.4)->(20,12,18.9)->(19,12,19.4)->(18,12,19.9)->(17,12,20.4)->(16,12,20.9)->(15,12,21.4179)->(14,12,21.9858)->(13,12,22.6679)->(12,12,23.9858)->(11,12,5011.7)->
Agent 68:(23,0,1.3)->(23,1,2.01421)->(23,2,3.33205)->(23,3,4.01421)->(23,4,4.58205)->(23,5,5.1)->(23,6,5.6)->(23,7,6.11795)->(23,8,6.68579)->(23,9,7.36795)->(23,10,8.68579)->(23,11,11.1141)->(22,11,13.5424)->(21,11,14.8603)->(20,11,15.5424)->(19,11,16.1103)->(18,11,16.6282)->(17,11,17.1282)->(16,11,17.6282)->(15,11,18.1282)->(14,11,18.6282)->(13,11,19.1282)->(12,11,19.6462)->(11,11,20.214)->(10,11,20.8962)->(9,11,22.214)->(8,11,5010.81)->
Agent 69:(22,30,2.61421)->(22,29,6.75)->(21,29,10.5142)->(20,29,11.8321)->(19,29,12.5142)->(18,29,13.0821)->(17,29,13.6)->(16,29,14.1)->(15,29,14.6)->(14,29,15.1)->(13,29,15.6179)->(12,29,16.1858)->(11,29,16.8679)->(10,29,18.1858)->(9,29,5008.8)->
Agent 70:(13,27,2.2)->(13,26,3.81421)->(13,25,5.13205)->(13,24,5.81421)->(13,23,6.38205)->(13,22,6.9)->(13,21,7.4)->(13,20,7.9)->(13,19,8.4)->(13,18,8.9)->(13,17,9.4)->(13,16,9.9)->(13,15,10.4)->(13,14,10.9)->(13,13,11.4)->(13,12,11.9)->(13,11,12.4)->(13,10,12.9)->(13,9,13.4)->(13,8,13.9)->(13,7,14.4)->(13,6,14.9)->(13,5,15.4)->(13,4,15.9179)->(13,3,16.4858)->(13,2,17.1679)->(13,1,18.4858)->(13,0,28.1)->(12,0,38.3)->(11,0,5019.15)->
Agent 71:(0,31,1.8)->(1,31,3.01421)->(2,31,4.33205)->(3,31,5.01421)->(4,31,5.58205)->(5,31,6.1)->(6,31,6.6)->(7,31,7.1)->(8,31,7.6)->(9,31,8.1)->(10,31,8.6)->(11,31,9.1)->(12,31,9.6)->(13,31,10.1)->(14,31,10.6)->(15,31,11.1)->(16,31,11.6179)->(17,31,12.1858)->(18,31,12.8679)->(19,31,14.1858)->(20,31,16.4)->(20,30,18.6142)->(20,29,20.0284)->(20,28,21.4426)->(20,27,5010.43)->
Agent 72:(20,17,1.3)->(20,18,2.01421)->(20,19,3.33205)->(20,20,4.01421)->(20,21,4.58205)->(20,22,5.1)->(20,23,5.6)->(20,24,6.1)->(20,25,6.6)->(20,26,7.11795)->(20,27,7.68579)->(20,28,8.36795)->(20,29,9.68579)->(20,30,11.9)->(19,30,14.1142)->(18,30,15.4321)->(17,30,16.1142)->(16,30,16.6821)->(15,30,17.2)->(14,30,17.7)->(13,30,18.2)->(12,30,18.7)->(11,30,19.2)->(10,30,19.7)->(9,30,20.2)->(8,30,20.7)->(7,30,21.2)->(6,30,21.7179)->(5,30,22.2858)->(4,30,22.9679)->(3,30,24.2858)->(2,30,26.9142)->(2,31,5013.65)->
Agent 73:(7,13,2.50143)->(7,14,4.41706)->(7,15,5.75092)->(7,16,6.57934)->(7,17,7.91319)->(7,18,5003.66)->
Agent 74:(16,9,1.3)->(16,10,2.01421)->(16,11,3.33205)->(16,12,4.01421)->(16,13,4.58205)->(16,14,5.11795)->(16,15,5.68579)->(16,16,6.36795)->(16,17,7.68579)->(16,18,9.9)->(15,18,12.1142)->(14,18,13.5284)->(13,18,14.9426)->(12,18,5007.18)->
Agent 75:(16,14,1.8)->(15,14,3.01421)->(14,14,4.34806)->(13,14,5.17649)->(12,14,6.51034)->(11,14,8.72456)->(11,13,10.9388)->(11,12,12.2566)->(11,11,12.9388)->(11,10,13.5066)->(11,9,14.0246)->(11,8,14.5246)->(11,7,15.0425)->(11,6,15.6103)->(11,5,16.2925)->(11,4,17.6103)->(11,3,5008.51)->
Agent 76:(24,14,1.3)->(24,15,2.01421)->(24,16,3.33205)->(24,17,4.0641)->(24,18,4.79615)->(24,19,6.11399)->(24,20,9.59615)->(23,20,13.1136)->(22,20,15.1136)->(21,20,5007.28)->
Agent 77:(26,27,2.67168)->(25,27,4.75758)->(24,27,6.07542)->(23,27,6.80747)->(22,27,7.53952)->(21,27,8.85736)->(20,27,11.0716)->(20,26,13.2858)->(20,25,14.6036)->(20,24,15.2858)->(20,23,15.8536)->(20,22,16.3895)->(20,21,16.9574)->(20,20,17.6395)->(20,19,18.9574)->(20,18,5009.19)->
Agent 78:(0,22,2.2)->(0,21,3.84949)->(0,20,5.84949)->(0,19,8.09898)->(1,19,10.3132)->(2,19,11.631)->(3,19,12.3132)->(4,19,12.881)->(5,19,13.399)->(6,19,13.899)->(7,19,14.399)->(8,19,14.899)->(9,19,15.399)->(10,19,15.899)->(11,19,16.399)->(12,19,16.899)->(13,19,17.399)->(14,19,17.899)->(15,19,18.399)->(16,19,18.899)->(17,19,19.399)->(18,19,19.899)->(19,19,20.399)->(20,19,20.899)->(21,19,21.4169)->(22,19,21.9848)->(23,19,22.6669)->(24,19,23.9848)->(25,19,26.6132)->(25,18,31.2637)->(25,19,5016.35)->
Agent 79:(25,31,1.8)->(26,31,3.01421)->(27,31,4.42843)->(28,31,5.84264)->(29,31,8.47107)->(29,30,13.6747)->(29,31,5007.83)->
