Agent 0:(23,16,1.8)->(22,16,3.01421)->(21,16,4.33205)->(20,16,5.01421)->(19,16,5.6)->(18,16,6.18579)->(17,16,6.86795)->(16,16,8.18579)->(15,16,10.4)->(15,15,13.2)->(15,14,16)->(14,14,18.2142)->(13,14,19.5321)->(12,14,20.2238)->(11,14,20.8595)->(10,14,21.5513)->(9,14,22.8691)->(8,14,25.0833)->(8,15,27.8833)->(8,16,5013.94)->
Agent 1:(14,0,3.1266)->(14,1,5.66742)->(14,2,6.98526)->(14,3,7.71731)->(14,4,8.44936)->(14,5,9.7672)->(14,6,11.9814)->(15,6,14.1956)->(16,6,15.6098)->(17,6,17.0241)->(18,6,5008.22)->
Agent 2:(11,10,1.3)->(11,11,2.04949)->(11,12,4.04949)->(11,13,6.29898)->(10,13,8.54847)->(9,13,10.5485)->(8,13,13.4631)->(8,14,16.3424)->(8,15,17.6602)->(8,16,18.3424)->(8,17,18.9102)->(8,18,19.4461)->(8,19,20.014)->(8,20,20.6961)->(8,21,22.014)->(8,22,25.4963)->(7,22,29.9501)->(7,23,32.5785)->(7,24,33.9124)->(7,25,34.7408)->(7,26,36.0747)->(7,27,5017.74)->
Agent 3:(3,15,2.2)->(3,14,3.81421)->(3,13,5.13205)->(3,12,5.8641)->(3,11,6.59615)->(3,10,7.91399)->(3,9,10.1282)->(2,9,12.9282)->(1,9,5006.46)->
Agent 4:(11,7,6.26228)->(11,8,11.9388)->(11,9,13.2566)->(11,10,13.9388)->(11,11,14.5066)->(11,12,15.0246)->(11,13,15.5246)->(11,14,16.0246)->(11,15,16.5246)->(11,16,17.0246)->(11,17,17.5246)->(11,18,18.0246)->(11,19,18.5246)->(11,20,19.0246)->(11,21,19.5246)->(11,22,20.0246)->(11,23,20.5246)->(11,24,21.0246)->(11,25,21.5246)->(11,26,22.0425)->(11,27,22.6103)->(11,28,23.2925)->(11,29,24.6103)->(11,30,26.8246)->(12,30,29.0388)->(13,30,30.3566)->(14,30,31.0388)->(15,30,31.6066)->(16,30,32.1246)->(17,30,32.6246)->(18,30,33.1425)->(19,30,33.7103)->(20,30,34.3925)->(21,30,35.7103)->(22,30,38.3388)->(22,31,5019.36)->
Agent 5:(12,22,3.51421)->(12,21,6.44264)->(12,20,7.76048)->(12,19,8.44264)->(12,18,9.01048)->(12,17,9.52843)->(12,16,10.0284)->(12,15,10.5284)->(12,14,11.0284)->(12,13,11.5284)->(12,12,12.0284)->(12,11,12.5284)->(12,10,13.0284)->(12,9,13.5284)->(12,8,14.0284)->(12,7,14.5464)->(12,6,15.1142)->(12,5,15.7964)->(12,4,17.1142)->(12,3,19.3284)->(13,3,21.5426)->(14,3,22.9569)->(15,3,24.3711)->(16,3,29.4606)->(16,2,5016.15)->
Agent 6:(14,25,1.8)->(13,25,3.01421)->(12,25,4.33205)->(11,25,5.01421)->(10,25,5.58205)->(9,25,6.1)->(8,25,6.6)->(7,25,7.1)->(6,25,7.6)->(5,25,8.11795)->(4,25,8.68579)->(3,25,9.36795)->(2,25,10.6858)->(1,25,12.9)->(1,24,15.7)->(1,23,5007.85)->
Agent 7:(15,28,1.3)->(15,29,2.6)->(15,30,5.4)->(14,30,7.61421)->(13,30,8.93205)->(12,30,9.61421)->(11,30,10.1821)->(10,30,10.7179)->(9,30,11.2858)->(8,30,11.9679)->(7,30,13.2858)->(6,30,15.5)->(6,29,17.7142)->(6,28,19.0321)->(6,27,19.7641)->(6,26,20.4962)->(6,25,21.814)->(6,24,24.4424)->(5,24,5012.41)->
Agent 8:(18,24,3.72157)->(18,25,6.85736)->(18,26,8.27157)->(18,27,9.68579)->(18,28,11.9)->(17,28,14.1142)->(16,28,15.4321)->(15,28,16.1142)->(14,28,16.6821)->(13,28,17.2)->(12,28,17.7)->(11,28,18.2)->(10,28,18.7)->(9,28,19.2)->(8,28,19.7)->(7,28,20.2)->(6,28,20.7)->(5,28,21.2179)->(4,28,21.7858)->(3,28,22.4679)->(2,28,23.7858)->(1,28,5011.6)->
Agent 9:(3,10,2.2)->(3,9,4.4)->(3,8,7.46421)->(4,8,9.94264)->(5,8,11.2605)->(6,8,11.9426)->(7,8,12.5105)->(8,8,13.0284)->(9,8,13.5284)->(10,8,14.0284)->(11,8,14.5284)->(12,8,15.0284)->(13,8,15.5284)->(14,8,16.0284)->(15,8,16.5284)->(16,8,17.0284)->(17,8,17.5284)->(18,8,18.0464)->(19,8,18.6142)->(20,8,19.2964)->(21,8,20.6142)->(22,8,22.8284)->(22,9,25.0426)->(22,10,26.4569)->(22,11,27.8711)->(22,12,30.0853)->(23,12,32.3348)->(24,12,34.3348)->(25,12,36.9985)->(25,13,5018.69)->
Agent 10:(17,23,2.2)->(17,22,4.4)->(17,21,7.98205)->(16,21,10.9783)->(15,21,12.2962)->(14,21,12.9783)->(13,21,13.5641)->(12,21,14.1499)->(11,21,14.8321)->(10,21,16.1499)->(9,21,18.7783)->(9,20,25.5104)->(9,21,31.3061)->(9,22,33.3061)->(9,23,5016.38)->
Agent 11:(16,11,1.3)->(16,12,2.01421)->(16,13,3.33205)->(16,14,4.01421)->(16,15,4.58205)->(16,16,5.11795)->(16,17,5.68579)->(16,18,6.36795)->(16,19,7.68579)->(16,20,9.9)->(17,20,12.1142)->(18,20,13.4481)->(19,20,14.2765)->(20,20,15.6103)->(21,20,18.2388)->(21,21,5009.31)->
Agent 12:(18,27,1.8)->(17,27,3.04949)->(16,27,5.04949)->(15,27,8.39949)->(15,26,11.7142)->(15,25,13.0321)->(15,24,13.7142)->(15,23,14.2821)->(15,22,14.8)->(15,21,15.3)->(15,20,15.8)->(15,19,16.3)->(15,18,16.8179)->(15,17,17.3858)->(15,16,18.0679)->(15,15,19.3858)->(15,14,21.8233)->(14,14,24.296)->(13,14,26.296)->(12,14,28.5455)->(12,13,30.7597)->(12,12,32.0776)->(12,11,32.7597)->(12,10,33.3276)->(12,9,33.8635)->(12,8,34.4313)->(12,7,35.1135)->(12,6,36.4313)->(12,5,5017.92)->
Agent 13:(8,29,2.8)->(8,28,5.01421)->(8,27,6.42843)->(8,26,7.84264)->(8,25,10.0569)->(9,25,12.2711)->(10,25,13.5889)->(11,25,14.2711)->(12,25,14.8389)->(13,25,15.3569)->(14,25,15.8569)->(15,25,16.3569)->(16,25,16.8569)->(17,25,17.3569)->(18,25,17.8569)->(19,25,18.3569)->(20,25,18.8569)->(21,25,19.3569)->(22,25,19.8569)->(23,25,20.3569)->(24,25,20.8569)->(25,25,21.3748)->(26,25,21.9426)->(27,25,22.6248)->(28,25,23.9426)->(29,25,26.1569)->(29,24,28.3711)->(29,23,29.6889)->(29,22,30.421)->(29,21,31.153)->(29,20,32.4708)->(29,19,5015.94)->
Agent 14:(25,22,1.3)->(25,23,2.01421)->(25,24,3.33205)->(25,25,4.01421)->(25,26,4.6)->(25,27,5.18579)->(25,28,5.86795)->(25,29,7.18579)->(25,30,9.4)->(24,30,12.2)->(23,30,5006.1)->
Agent 15:(10,23,2.8)->(11,23,5.01421)->(12,23,6.33205)->(13,23,7.01421)->(14,23,7.58205)->(15,23,8.11795)->(16,23,8.68579)->(17,23,9.36795)->(18,23,10.6858)->(19,23,12.9083)->(19,22,15.1309)->(19,21,16.4487)->(19,20,17.1405)->(19,19,17.7762)->(19,18,18.4679)->(19,17,19.7858)->(19,16,24.5142)->(19,17,5013.5)->
Agent 16:(24,0,1.48216)->(24,1,2.37854)->(24,2,3.69638)->(24,3,4.37854)->(24,4,4.94638)->(24,5,5.46433)->(24,6,5.96433)->(24,7,6.46433)->(24,8,6.98227)->(24,9,7.55011)->(24,10,8.23227)->(24,11,9.55011)->(24,12,12.3738)->(23,12,15.1975)->(22,12,16.5154)->(21,12,17.1975)->(20,12,17.7654)->(19,12,18.2833)->(18,12,18.7833)->(17,12,19.2833)->(16,12,19.7833)->(15,12,20.2833)->(14,12,20.7833)->(13,12,21.2833)->(12,12,21.7833)->(11,12,22.2833)->(10,12,22.7833)->(9,12,23.2833)->(8,12,23.7833)->(7,12,24.2833)->(6,12,24.8013)->(5,12,25.3691)->(4,12,26.0513)->(3,12,27.3691)->(2,12,29.5833)->(2,13,32.3833)->(2,14,35.5975)->(1,14,5017.99)->
Agent 17:(2,2,1.3)->(2,3,2.04949)->(2,4,4.04949)->(2,5,8.14019)->(3,5,12.1956)->(4,5,13.5135)->(5,5,14.1956)->(6,5,14.7635)->(7,5,15.2814)->(8,5,15.7814)->(9,5,16.2814)->(10,5,16.7814)->(11,5,17.2814)->(12,5,17.7814)->(13,5,18.2814)->(14,5,18.7814)->(15,5,19.2814)->(16,5,19.7814)->(17,5,20.2814)->(18,5,20.7814)->(19,5,21.2814)->(20,5,21.7814)->(21,5,22.2814)->(22,5,22.7814)->(23,5,23.2814)->(24,5,23.7814)->(25,5,24.2994)->(26,5,24.8672)->(27,5,25.5494)->(28,5,26.8672)->(29,5,5013.14)->
Agent 18:(8,10,1.4142)->(8,11,2.24261)->(8,12,3.57646)->(8,13,4.40489)->(8,14,5.73874)->(8,15,8.67648)->(9,15,11.6142)->(10,15,12.9321)->(11,15,13.6142)->(12,15,14.1821)->(13,15,14.7)->(14,15,15.2)->(15,15,15.7)->(16,15,16.2)->(17,15,16.7)->(18,15,17.2)->(19,15,17.7)->(20,15,18.2)->(21,15,18.7)->(22,15,19.2)->(23,15,19.7)->(24,15,20.2)->(25,15,20.7)->(26,15,21.2)->(27,15,21.7179)->(28,15,22.2858)->(29,15,22.9679)->(30,15,24.2858)->(31,15,5011.85)->
Agent 19:(16,31,3.69626)->(16,30,6.80674)->(16,29,8.12458)->(16,28,8.80674)->(16,27,9.37458)->(16,26,9.89253)->(16,25,10.4105)->(16,24,10.9783)->(16,23,11.6605)->(16,22,12.9783)->(16,21,15.6067)->(15,21,5008)->
Agent 20:(2,11,4.6641)->(3,11,8.74242)->(4,11,10.0763)->(5,11,10.9047)->(6,11,12.2385)->(7,11,16.1943)->(7,12,20.1501)->(7,13,21.4679)->(7,14,22.1501)->(7,15,22.7179)->(7,16,23.2359)->(7,17,23.7359)->(7,18,24.2359)->(7,19,24.7359)->(7,20,25.2359)->(7,21,25.7359)->(7,22,26.2359)->(7,23,26.7359)->(7,24,27.2359)->(7,25,27.7538)->(7,26,28.3217)->(7,27,29.0038)->(7,28,30.3217)->(7,29,5014.87)->
Agent 21:(18,8,2.21421)->(17,8,3.84264)->(16,8,5.17649)->(15,8,6.00492)->(14,8,7.33877)->(13,8,9.57093)->(13,9,11.8031)->(13,10,13.1369)->(13,11,13.9654)->(13,12,15.2992)->(13,13,17.9276)->(12,13,21.6153)->(12,14,24.3313)->(12,15,25.7455)->(12,16,27.1597)->(12,17,5013.29)->
Agent 22:(6,6,1.3)->(6,7,2.01421)->(6,8,3.34806)->(6,9,4.17649)->(6,10,5.51034)->(6,11,7.72456)->(7,11,9.93877)->(8,11,11.353)->(9,11,12.7672)->(10,11,16.8181)->(10,12,20.8691)->(10,13,22.1869)->(10,14,22.8691)->(10,15,23.4369)->(10,16,23.9549)->(10,17,24.4549)->(10,18,24.9549)->(10,19,25.4549)->(10,20,25.9728)->(10,21,26.5407)->(10,22,27.2228)->(10,23,28.5407)->(10,24,30.7549)->(11,24,32.9691)->(12,24,34.303)->(13,24,35.1314)->(14,24,36.4652)->(15,24,5017.94)->
Agent 23:(9,29,1.3)->(9,30,2.6)->(9,31,5.4)->(10,31,7.61421)->(11,31,8.94806)->(12,31,9.77649)->(13,31,11.1103)->(14,31,18.0246)->(14,30,25.5246)->(14,29,5012.76)->
Agent 24:(15,19,1.3)->(15,20,2.04949)->(15,21,4.04949)->(15,22,6.71319)->(14,22,12.6137)->(15,22,18.9284)->(15,23,5009.86)->
Agent 25:(14,6,4.5907)->(15,6,8.59562)->(16,6,9.91346)->(17,6,10.5956)->(18,6,11.1635)->(19,6,11.6814)->(20,6,12.1814)->(21,6,12.6994)->(22,6,13.2672)->(23,6,13.9494)->(24,6,15.2672)->(25,6,17.6087)->(25,7,19.9501)->(25,8,21.2679)->(25,9,21.9501)->(25,10,22.5179)->(25,11,23.0359)->(25,12,23.5359)->(25,13,24.0359)->(25,14,24.5359)->(25,15,25.0359)->(25,16,25.5359)->(25,17,26.0359)->(25,18,26.5359)->(25,19,27.0359)->(25,20,27.5359)->(25,21,28.0359)->(25,22,28.5359)->(25,23,29.0359)->(25,24,29.5359)->(25,25,30.0359)->(25,26,30.5538)->(25,27,31.1217)->(25,28,31.8038)->(25,29,33.1217)->(25,30,5016.27)->
Agent 26:(7,14,4.60194)->(8,14,8.61809)->(9,14,9.95194)->(10,14,10.7804)->(11,14,12.1142)->(12,14,14.7426)->(12,15,20.0228)->(13,15,24.3313)->(14,15,25.6491)->(15,15,26.3313)->(16,15,26.8991)->(17,15,27.4171)->(18,15,27.9171)->(19,15,28.4171)->(20,15,28.9171)->(21,15,29.4171)->(22,15,29.9171)->(23,15,30.4171)->(24,15,30.9171)->(25,15,31.4171)->(26,15,31.935)->(27,15,32.5029)->(28,15,33.185)->(29,15,34.5029)->(30,15,37.1313)->(30,16,5018.76)->
Agent 27:(4,10,2.21421)->(4,11,3.84264)->(4,12,5.16048)->(4,13,5.84264)->(4,14,6.41048)->(4,15,6.92843)->(4,16,7.44638)->(4,17,8.01421)->(4,18,8.69638)->(4,19,10.0142)->(4,20,19.6425)->(5,20,29.2708)->(6,20,30.5887)->(7,20,31.2708)->(8,20,31.8387)->(9,20,32.3566)->(10,20,32.8746)->(11,20,33.4424)->(12,20,34.1246)->(13,20,35.4424)->(14,20,5017.43)->
Agent 28:(7,3,2.67649)->(8,3,4.7672)->(9,3,6.08503)->(10,3,6.7672)->(11,3,7.33503)->(12,3,7.85298)->(13,3,8.35298)->(14,3,8.85298)->(15,3,9.35298)->(16,3,9.85298)->(17,3,10.353)->(18,3,10.853)->(19,3,11.353)->(20,3,11.853)->(21,3,12.353)->(22,3,12.853)->(23,3,13.353)->(24,3,13.8709)->(25,3,14.4388)->(26,3,15.1209)->(27,3,16.4388)->(28,3,18.653)->(28,4,20.8672)->(28,5,22.185)->(28,6,22.8672)->(28,7,23.435)->(28,8,23.953)->(28,9,24.453)->(28,10,24.953)->(28,11,25.453)->(28,12,25.953)->(28,13,26.453)->(28,14,26.953)->(28,15,27.453)->(28,16,27.953)->(28,17,28.453)->(28,18,28.953)->(28,19,29.453)->(28,20,29.953)->(28,21,30.453)->(28,22,30.9709)->(28,23,31.5388)->(28,24,32.2209)->(28,25,33.5388)->(28,26,36.1672)->(29,26,5018.28)->
Agent 29:(11,29,3.8)->(11,28,7.01421)->(11,27,8.33205)->(11,26,9.01421)->(11,25,9.58205)->(11,24,10.1179)->(11,23,10.6858)->(11,22,11.3679)->(11,21,12.6858)->(11,20,14.9)->(12,20,17.1495)->(13,20,19.1495)->(14,20,21.399)->(14,19,23.6485)->(14,18,25.6485)->(14,17,5012.55)->
Agent 30:(23,4,1.8)->(24,4,3.01421)->(25,4,4.34806)->(26,4,5.17649)->(27,4,6.51034)->(28,4,8.72456)->(28,3,11.5246)->(28,2,17.4888)->(28,3,22.8672)->(28,4,24.185)->(28,5,24.8672)->(28,6,25.435)->(28,7,25.953)->(28,8,26.453)->(28,9,26.953)->(28,10,27.453)->(28,11,27.953)->(28,12,28.4709)->(28,13,29.0388)->(28,14,29.7209)->(28,15,31.0388)->(28,16,5015.23)->
Agent 31:(20,3,2.61421)->(20,2,5.61421)->(19,2,8.24264)->(18,2,9.56048)->(17,2,10.2426)->(16,2,10.8284)->(15,2,11.4142)->(14,2,12.0964)->(13,2,13.4142)->(12,2,17.9322)->(12,1,23.0359)->(12,0,5011.52)->
Agent 32:(10,8,1.71421)->(10,9,4.49444)->(11,9,7.80309)->(12,9,9.12093)->(13,9,9.80309)->(14,9,10.3709)->(15,9,10.8889)->(16,9,11.3889)->(17,9,11.8889)->(18,9,12.3889)->(19,9,12.8889)->(20,9,13.3889)->(21,9,13.8889)->(22,9,14.3889)->(23,9,14.8889)->(24,9,15.3889)->(25,9,15.9068)->(26,9,16.4747)->(27,9,17.1568)->(28,9,18.4747)->(29,9,5008.94)->
Agent 33:(6,2,1.8)->(7,2,3.01421)->(8,2,4.34806)->(9,2,5.17649)->(10,2,6.51034)->(11,2,9.22649)->(11,3,11.9426)->(11,4,13.2605)->(11,5,13.9426)->(11,6,14.5105)->(11,7,15.0464)->(11,8,15.6142)->(11,9,16.2964)->(11,10,17.6142)->(11,11,19.8284)->(12,11,22.6284)->(13,11,5011.31)->
Agent 34:(12,27,2.70362)->(12,26,4.82146)->(12,25,6.23567)->(12,24,7.64989)->(12,23,15.0443)->(11,23,22.4388)->(10,23,23.853)->(9,23,25.2672)->(8,23,5012.34)->
Agent 35:(13,10,1.3)->(13,11,2.01421)->(13,12,3.33205)->(13,13,4.02382)->(13,14,4.65949)->(13,15,5.35126)->(13,16,6.6691)->(13,17,8.88331)->(14,17,11.0975)->(15,17,12.4154)->(16,17,13.0975)->(17,17,13.6654)->(18,17,14.2013)->(19,17,14.7691)->(20,17,15.4513)->(21,17,16.7691)->(22,17,18.9833)->(22,18,21.7833)->(22,19,24.5833)->(23,19,26.8328)->(24,19,28.8328)->(25,19,5014.14)->
Agent 36:(6,22,1.71421)->(6,23,3.81421)->(5,23,6.47792)->(4,23,8.47792)->(3,23,10.7274)->(3,22,12.9769)->(3,21,14.9769)->(3,20,20.6416)->(2,20,5012.01)->
Agent 37:(24,16,3.8)->(24,17,7.01421)->(24,18,8.33205)->(24,19,9.01421)->(24,20,9.58205)->(24,21,10.1)->(24,22,10.6)->(24,23,11.1)->(24,24,11.6179)->(24,25,12.1858)->(24,26,12.8679)->(24,27,14.1858)->(24,28,16.4)->(23,28,18.6142)->(22,28,19.9321)->(21,28,20.6142)->(20,28,21.1821)->(19,28,21.7)->(18,28,22.2)->(17,28,22.7)->(16,28,23.2)->(15,28,23.7)->(14,28,24.2179)->(13,28,24.7858)->(12,28,25.4679)->(11,28,26.7858)->(10,28,5013.1)->
Agent 38:(2,5,1.71421)->(2,6,3.81421)->(3,6,6.44264)->(4,6,7.76048)->(5,6,8.44264)->(6,6,9.01048)->(7,6,9.52843)->(8,6,10.0284)->(9,6,10.5464)->(10,6,11.1142)->(11,6,11.7964)->(12,6,13.1142)->(13,6,17.7895)->(13,5,22.4648)->(13,4,23.879)->(13,3,25.2933)->(13,2,27.5075)->(14,2,29.7217)->(15,2,31.0395)->(16,2,31.7217)->(17,2,32.2895)->(18,2,32.8075)->(19,2,33.3075)->(20,2,33.8075)->(21,2,34.3075)->(22,2,34.8254)->(23,2,35.3933)->(24,2,36.0754)->(25,2,37.3933)->(26,2,5018.4)->
Agent 39:(31,27,3.95)->(31,26,7.31421)->(31,25,8.63205)->(31,24,9.31421)->(31,23,9.88205)->(31,22,10.4)->(31,21,10.9179)->(31,20,11.4858)->(31,19,12.1679)->(31,18,13.4858)->(31,17,15.7)->(30,17,17.9142)->(29,17,19.2321)->(28,17,19.9142)->(27,17,20.4821)->(26,17,21)->(25,17,21.5)->(24,17,22)->(23,17,22.5)->(22,17,23.0179)->(21,17,23.5858)->(20,17,24.2679)->(19,17,25.5858)->(18,17,5012.5)->
Agent 40:(15,5,2.927)->(15,6,5.30349)->(15,7,7.30349)->(15,8,9.55298)->(16,8,11.7672)->(17,8,13.085)->(18,8,13.7672)->(19,8,14.353)->(20,8,14.9388)->(21,8,15.6209)->(22,8,16.9388)->(23,8,5008.18)->
Agent 41:(8,28,1.8)->(9,28,3.01421)->(10,28,4.33205)->(11,28,5.01421)->(12,28,5.58205)->(13,28,6.1)->(14,28,6.6)->(15,28,7.1)->(16,28,7.6)->(17,28,8.1)->(18,28,8.6)->(19,28,9.1)->(20,28,9.6)->(21,28,10.1)->(22,28,10.6)->(23,28,11.1)->(24,28,11.6)->(25,28,12.1179)->(26,28,12.6858)->(27,28,13.3679)->(28,28,14.6858)->(29,28,16.9)->(29,27,19.1142)->(29,26,20.4321)->(29,25,21.1142)->(29,24,21.6821)->(29,23,22.2)->(29,22,22.7)->(29,21,23.2)->(29,20,23.7)->(29,19,24.2)->(29,18,24.7)->(29,17,25.2179)->(29,16,25.7858)->(29,15,26.4679)->(29,14,27.7858)->(29,13,5013.6)->
Agent 42:(29,8,2.2)->(29,7,3.81421)->(29,6,5.13205)->(29,5,5.81421)->(29,4,6.4)->(29,3,6.98579)->(29,2,7.66795)->(29,1,8.98579)->(29,0,11.2)->(28,0,13.4142)->(27,0,14.7321)->(26,0,15.4142)->(25,0,15.9821)->(24,0,16.5)->(23,0,17)->(22,0,17.5)->(21,0,18)->(20,0,18.5)->(19,0,19)->(18,0,19.5)->(17,0,20)->(16,0,20.5)->(15,0,21)->(14,0,21.5)->(13,0,22)->(12,0,22.5179)->(11,0,23.0858)->(10,0,23.7679)->(9,0,25.0858)->(8,0,27.7142)->(8,1,5014.05)->
Agent 43:(16,5,4.17649)->(16,6,7.7672)->(16,7,9.08503)->(16,8,9.7672)->(16,9,10.353)->(16,10,10.9388)->(16,11,11.6209)->(16,12,12.9388)->(16,13,15.153)->(17,13,17.3672)->(18,13,18.685)->(19,13,19.3768)->(20,13,20.0125)->(21,13,20.7042)->(22,13,22.0221)->(23,13,5010.72)->
Agent 44:(4,22,1.8)->(5,22,3.01421)->(6,22,4.34806)->(7,22,5.17649)->(8,22,6.51034)->(9,22,9.81279)->(9,21,13.1505)->(9,20,15.1505)->(9,19,5007.3)->
Agent 45:(0,29,2.2)->(0,28,3.81421)->(0,27,5.13205)->(0,26,5.81421)->(0,25,6.38205)->(0,24,6.9)->(0,23,7.4)->(0,22,7.9)->(0,21,8.4)->(0,20,8.9)->(0,19,9.4)->(0,18,9.9)->(0,17,10.4)->(0,16,10.9)->(0,15,11.4)->(0,14,11.9)->(0,13,12.4)->(0,12,12.9)->(0,11,13.4)->(0,10,13.9)->(0,9,14.4)->(0,8,14.9179)->(0,7,15.4858)->(0,6,16.1679)->(0,5,17.4858)->(0,4,19.7)->(1,4,21.9142)->(2,4,23.2321)->(3,4,23.9142)->(4,4,24.4821)->(5,4,25)->(6,4,25.5)->(7,4,26)->(8,4,26.5)->(9,4,27)->(10,4,27.5)->(11,4,28)->(12,4,28.5)->(13,4,29)->(14,4,29.5)->(15,4,30)->(16,4,30.5)->(17,4,31)->(18,4,31.5)->(19,4,32)->(20,4,32.5)->(21,4,33)->(22,4,33.5179)->(23,4,34.0858)->(24,4,34.7679)->(25,4,36.0858)->(26,4,38.7142)->(26,5,5019.55)->
Agent 46:(4,7,1.8)->(5,7,3.6)->(6,7,9.4407)->(6,6,15.2814)->(6,5,5007.64)->
Agent 47:(14,5,4.17649)->(15,5,7.7672)->(16,5,9.08503)->(17,5,9.7672)->(18,5,10.335)->(19,5,10.853)->(20,5,11.353)->(21,5,11.853)->(22,5,12.353)->(23,5,12.853)->(24,5,13.353)->(25,5,13.853)->(26,5,14.3709)->(27,5,14.9388)->(28,5,15.6209)->(29,5,16.9388)->(30,5,19.153)->(30,6,21.3672)->(30,7,22.685)->(30,8,23.3672)->(30,9,23.935)->(30,10,24.453)->(30,11,24.953)->(30,12,25.453)->(30,13,25.953)->(30,14,26.4709)->(30,15,27.0388)->(30,16,27.7209)->(30,17,29.0388)->(30,18,5014.23)->
Agent 48:(8,12,1.4142)->(8,13,2.24261)->(8,14,3.56045)->(8,15,4.2925)->(8,16,5.02455)->(8,17,6.34239)->(8,18,8.9566)->(8,17,12.1566)->(8,16,14.9566)->(9,16,17.1708)->(10,16,18.5047)->(11,16,19.3331)->(12,16,20.6669)->(13,16,5010.04)->
Agent 49:(20,4,4.41421)->(20,3,8.24264)->(20,2,9.65685)->(20,1,11.0711)->(20,0,13.2853)->(19,0,15.4995)->(18,0,16.8173)->(17,0,17.4995)->(16,0,18.0673)->(15,0,18.5853)->(14,0,19.0853)->(13,0,19.5853)->(12,0,20.0853)->(11,0,20.5853)->(10,0,21.1032)->(9,0,21.6711)->(8,0,22.3532)->(7,0,23.6711)->(6,0,5011.54)->
Agent 50:(29,22,1.8)->(28,22,3.01421)->(27,22,4.33205)->(26,22,5.01421)->(25,22,5.58205)->(24,22,6.1)->(23,22,6.6)->(22,22,7.1)->(21,22,7.61795)->(20,22,8.18579)->(19,22,8.86795)->(18,22,10.1858)->(17,22,12.4)->(17,21,14.6142)->(17,20,15.9321)->(17,19,16.6142)->(17,18,17.2)->(17,17,17.7858)->(17,16,18.4679)->(17,15,19.7858)->(17,14,5009.6)->
Agent 51:(5,10,2.62843)->(5,11,4.67107)->(5,12,5.98891)->(5,13,6.67107)->(5,14,7.23891)->(5,15,7.75685)->(5,16,8.25685)->(5,17,8.75685)->(5,18,9.25685)->(5,19,9.75685)->(5,20,10.2569)->(5,21,10.7569)->(5,22,11.2569)->(5,23,11.7569)->(5,24,12.2569)->(5,25,12.7569)->(5,26,13.2569)->(5,27,13.7748)->(5,28,14.3426)->(5,29,15.0248)->(5,30,16.3426)->(5,31,18.5569)->(6,31,20.7711)->(7,31,22.1853)->(8,31,23.5995)->(9,31,5011.51)->
Agent 52:(2,29,1.8)->(3,29,3.01421)->(4,29,4.33205)->(5,29,5.01421)->(6,29,5.58205)->(7,29,6.1)->(8,29,6.6)->(9,29,7.1)->(10,29,7.6)->(11,29,8.1)->(12,29,8.6)->(13,29,9.1)->(14,29,9.6)->(15,29,10.1)->(16,29,10.6)->(17,29,11.1179)->(18,29,11.6858)->(19,29,12.3679)->(20,29,13.6858)->(21,29,15.9)->(21,28,18.1495)->(21,27,20.1495)->(21,26,22.8132)->(22,26,5011.6)->
Agent 53:(11,23,1.8)->(12,23,3.01421)->(13,23,4.33205)->(14,23,5.01421)->(15,23,5.58205)->(16,23,6.1)->(17,23,6.6)->(18,23,7.1)->(19,23,7.6)->(20,23,8.1)->(21,23,8.6)->(22,23,9.1)->(23,23,9.6)->(24,23,10.1)->(25,23,10.6)->(26,23,11.1)->(27,23,11.6179)->(28,23,12.1858)->(29,23,12.8679)->(30,23,14.1858)->(31,23,16.4)->(31,22,18.6142)->(31,21,19.9321)->(31,20,20.6142)->(31,19,21.1821)->(31,18,21.7)->(31,17,22.2)->(31,16,22.7)->(31,15,23.2)->(31,14,23.7179)->(31,13,24.2858)->(31,12,24.9679)->(31,11,26.2858)->(31,10,5012.85)->
Agent 54:(23,7,1.3)->(23,8,2.01421)->(23,9,3.33205)->(23,10,4.01421)->(23,11,4.58205)->(23,12,5.1)->(23,13,5.6)->(23,14,6.11795)->(23,15,6.68579)->(23,16,7.36795)->(23,17,8.68579)->(23,18,11.6679)->(22,18,14.6501)->(21,18,15.9679)->(20,18,16.6501)->(19,18,17.2179)->(18,18,17.7359)->(17,18,18.2359)->(16,18,18.7359)->(15,18,19.2359)->(14,18,19.7359)->(13,18,20.2359)->(12,18,20.7359)->(11,18,21.2359)->(10,18,21.7359)->(9,18,22.2359)->(8,18,22.7359)->(7,18,23.2359)->(6,18,23.7359)->(5,18,24.2359)->(4,18,24.7538)->(3,18,25.3217)->(2,18,26.0038)->(1,18,27.3217)->(0,18,29.9501)->(0,19,5015.17)->
Agent 55:(13,30,3.3)->(13,29,6.01421)->(13,28,7.33205)->(13,27,8.0641)->(13,26,8.79615)->(13,25,10.114)->(13,24,12.3282)->(12,24,14.5424)->(11,24,15.8603)->(10,24,16.5424)->(9,24,17.1103)->(8,24,17.6282)->(7,24,18.1462)->(6,24,18.714)->(5,24,19.3962)->(4,24,20.714)->(3,24,5010.06)->
Agent 56:(9,9,2.2)->(9,8,3.81421)->(9,7,5.13205)->(9,6,5.82382)->(9,5,6.45949)->(9,4,7.15126)->(9,3,8.4691)->(9,2,15.0454)->(10,2,21.6217)->(11,2,22.9395)->(12,2,23.6217)->(13,2,24.1895)->(14,2,24.7075)->(15,2,25.2075)->(16,2,25.7075)->(17,2,26.2075)->(18,2,26.7075)->(19,2,27.2075)->(20,2,27.7075)->(21,2,28.2075)->(22,2,28.7075)->(23,2,29.2254)->(24,2,29.7933)->(25,2,30.4754)->(26,2,31.7933)->(27,2,5015.6)->
Agent 57:(20,5,2.21421)->(21,5,4.81421)->(21,6,7.44264)->(21,7,8.76048)->(21,8,9.44264)->(21,9,10.0105)->(21,10,10.5464)->(21,11,11.1142)->(21,12,11.7964)->(21,13,13.1142)->(21,14,5006.26)->
Agent 58:(27,18,1.8)->(27,19,3.01421)->(27,20,4.33205)->(27,21,5.01421)->(27,22,5.58205)->(27,23,6.1)->(27,24,6.6)->(27,25,7.1)->(27,26,7.6)->(27,27,8.11795)->(27,28,8.68579)->(27,29,9.36795)->(27,30,10.6858)->(27,31,12.9)->(26,31,15.1142)->(25,31,16.4321)->(24,31,17.1142)->(23,31,17.7)->(22,31,18.2858)->(21,31,18.9679)->(20,31,20.2858)->(19,31,5009.85)->
Agent 59:(24,18,2.0783)->(23,18,3.57082)->(22,18,4.88865)->(21,18,5.57082)->(20,18,6.13865)->(19,18,6.6566)->(18,18,7.1566)->(17,18,7.6566)->(16,18,8.1566)->(15,18,8.6566)->(14,18,9.1566)->(13,18,9.6566)->(12,18,10.1746)->(11,18,10.7424)->(10,18,11.4246)->(9,18,12.7424)->(8,18,14.9566)->(8,19,17.1708)->(8,20,18.4887)->(8,21,19.2207)->(8,22,19.9528)->(8,23,21.2706)->(8,24,5010.34)->
Agent 60:(18,0,2.26228)->(18,1,3.93877)->(18,2,5.25661)->(18,3,5.93877)->(18,4,6.50661)->(18,5,7.02456)->(18,6,7.52456)->(18,7,8.02456)->(18,8,8.52456)->(18,9,9.02456)->(18,10,9.52456)->(18,11,10.0246)->(18,12,10.5246)->(18,13,11.0246)->(18,14,11.5246)->(18,15,12.0246)->(18,16,12.5246)->(18,17,13.0425)->(18,18,13.6103)->(18,19,14.2925)->(18,20,15.6103)->(18,21,18.2388)->(17,21,5009.31)->
Agent 61:(22,8,1.55)->(22,9,2.51421)->(22,10,3.83205)->(22,11,4.51421)->(22,12,5.08205)->(22,13,5.6)->(22,14,6.1)->(22,15,6.6)->(22,16,7.1)->(22,17,7.6)->(22,18,8.1)->(22,19,8.6)->(22,20,9.1)->(22,21,9.6)->(22,22,10.1)->(22,23,10.6)->(22,24,11.1)->(22,25,11.6179)->(22,26,12.1858)->(22,27,12.8679)->(22,28,14.1858)->(22,29,17.3123)->(21,29,20.4388)->(20,29,21.7566)->(19,29,22.4388)->(18,29,23.0066)->(17,29,23.5246)->(16,29,24.0246)->(15,29,24.5246)->(14,29,25.0246)->(13,29,25.5246)->(12,29,26.0246)->(11,29,26.5246)->(10,29,27.0246)->(9,29,27.5246)->(8,29,28.0246)->(7,29,28.5246)->(6,29,29.0246)->(5,29,29.5246)->(4,29,30.0425)->(3,29,30.6103)->(2,29,31.2925)->(1,29,32.6103)->(0,29,35.2388)->(0,30,5017.81)->
Agent 62:(8,31,1.8)->(7,31,3.01421)->(6,31,4.33205)->(5,31,5.02382)->(4,31,5.65949)->(3,31,6.35126)->(2,31,7.6691)->(1,31,9.88331)->(1,30,12.0975)->(1,29,13.4314)->(1,28,14.2598)->(1,27,15.5937)->(1,26,5007.5)->
Agent 63:(2,15,1.3)->(2,16,2.6)->(2,17,7.1283)->(3,17,11.0708)->(4,17,12.3887)->(5,17,13.0708)->(6,17,13.6387)->(7,17,14.1566)->(8,17,14.6566)->(9,17,15.1566)->(10,17,15.6566)->(11,17,16.1746)->(12,17,16.7424)->(13,17,17.4246)->(14,17,18.7424)->(15,17,5009.08)->
Agent 64:(28,26,2.2)->(28,25,3.81421)->(28,24,5.13205)->(28,23,5.81421)->(28,22,6.38205)->(28,21,6.9)->(28,20,7.4)->(28,19,7.9)->(28,18,8.4)->(28,17,8.9)->(28,16,9.4)->(28,15,9.91795)->(28,14,10.4858)->(28,13,11.1679)->(28,12,12.4858)->(28,11,14.7)->(27,11,17.5)->(26,11,5008.75)->
Agent 65:(17,10,1.8)->(16,10,3.01421)->(15,10,4.33205)->(14,10,5.01421)->(13,10,5.58205)->(12,10,6.1)->(11,10,6.6)->(10,10,7.1)->(9,10,7.6)->(8,10,8.1)->(7,10,8.6)->(6,10,9.11795)->(5,10,9.68579)->(4,10,10.3679)->(3,10,11.6858)->(2,10,13.9)->(2,11,16.1142)->(2,12,17.4321)->(2,13,18.1238)->(2,14,18.7595)->(2,15,19.4513)->(2,16,20.7691)->(2,17,5010.09)->
Agent 66:(16,7,1.8)->(16,8,3.01421)->(16,9,4.34806)->(16,10,5.17649)->(16,11,6.51034)->(16,12,8.72456)->(15,12,10.9388)->(14,12,12.2566)->(13,12,12.9388)->(12,12,13.5066)->(11,12,14.0246)->(10,12,14.5246)->(9,12,15.0246)->(8,12,15.5246)->(7,12,16.0246)->(6,12,16.5246)->(5,12,17.0425)->(4,12,17.6103)->(3,12,18.2925)->(2,12,19.6103)->(1,12,5009.51)->
Agent 67:(20,26,2.30834)->(21,26,4.0309)->(22,26,5.34874)->(23,26,6.04051)->(24,26,6.67618)->(25,26,7.36795)->(26,26,8.68579)->(27,26,12.3147)->(27,27,15.9789)->(27,28,17.9789)->(27,29,5008.71)->
Agent 68:(1,11,1.3)->(1,12,2.01421)->(1,13,3.33205)->(1,14,4.01421)->(1,15,4.58205)->(1,16,5.1)->(1,17,5.61795)->(1,18,6.18579)->(1,19,6.86795)->(1,20,8.18579)->(1,21,13.9283)->(2,21,19.6708)->(3,21,20.9887)->(4,21,21.6708)->(5,21,22.2566)->(6,21,22.8424)->(7,21,23.5246)->(8,21,24.8424)->(9,21,27.0566)->(9,22,29.2708)->(9,23,30.685)->(9,24,32.0992)->(9,25,5015.76)->
Agent 69:(29,29,2.2)->(29,28,3.81421)->(29,27,5.13205)->(29,26,5.81421)->(29,25,6.38205)->(29,24,6.9)->(29,23,7.4)->(29,22,7.9)->(29,21,8.4)->(29,20,8.9)->(29,19,9.4)->(29,18,9.9)->(29,17,10.4)->(29,16,10.9)->(29,15,11.4)->(29,14,11.9)->(29,13,12.4)->(29,12,12.9)->(29,11,13.4179)->(29,10,13.9858)->(29,9,14.6679)->(29,8,15.9858)->(29,7,18.2)->(28,7,20.4142)->(27,7,21.7321)->(26,7,22.4142)->(25,7,22.9821)->(24,7,23.5)->(23,7,24)->(22,7,24.5)->(21,7,25)->(20,7,25.5)->(19,7,26.0179)->(18,7,26.5858)->(17,7,27.2679)->(16,7,28.5858)->(15,7,5014)->
Agent 70:(30,28,2.2)->(30,27,3.81421)->(30,26,5.13205)->(30,25,5.81421)->(30,24,6.38205)->(30,23,6.9)->(30,22,7.4)->(30,21,7.9)->(30,20,8.4)->(30,19,8.9)->(30,18,9.4)->(30,17,9.9)->(30,16,10.4)->(30,15,10.9)->(30,14,11.4179)->(30,13,11.9858)->(30,12,12.6679)->(30,11,13.9858)->(30,10,16.2)->(29,10,18.4142)->(28,10,19.7321)->(27,10,20.4142)->(26,10,20.9821)->(25,10,21.5)->(24,10,22)->(23,10,22.5)->(22,10,23)->(21,10,23.5)->(20,10,24)->(19,10,24.5)->(18,10,25)->(17,10,25.5)->(16,10,26)->(15,10,26.5)->(14,10,27)->(13,10,27.5)->(12,10,28)->(11,10,28.5)->(10,10,29)->(9,10,29.5)->(8,10,30)->(7,10,30.5)->(6,10,31.0179)->(5,10,31.5858)->(4,10,32.2679)->(3,10,33.5858)->(2,10,5016.5)->
Agent 71:(8,14,1.3)->(8,15,2.01421)->(8,16,3.33205)->(8,17,4.02382)->(8,18,4.65949)->(8,19,5.35126)->(8,20,6.6691)->(8,21,8.88331)->(7,21,11.1328)->(6,21,13.1328)->(5,21,15.941)->(5,22,18.714)->(5,23,20.0318)->(5,24,20.714)->(5,25,21.2818)->(5,26,21.8177)->(5,27,22.3856)->(5,28,23.0677)->(5,29,24.3856)->(5,30,26.5998)->(4,30,28.8493)->(3,30,30.8493)->(2,30,5015.15)->
Agent 72:(30,19,1.8)->(29,19,3.01421)->(28,19,4.33205)->(27,19,5.01421)->(26,19,5.58205)->(25,19,6.1)->(24,19,6.6)->(23,19,7.1)->(22,19,7.6)->(21,19,8.1)->(20,19,8.6)->(19,19,9.1)->(18,19,9.6)->(17,19,10.1)->(16,19,10.6)->(15,19,11.1)->(14,19,11.6)->(13,19,12.1)->(12,19,12.6)->(11,19,13.1)->(10,19,13.6)->(9,19,14.1)->(8,19,14.6)->(7,19,15.1)->(6,19,15.6179)->(5,19,16.1858)->(4,19,16.8679)->(3,19,18.1858)->(2,19,20.4)->(2,20,22.6142)->(2,21,23.9321)->(2,22,24.6641)->(2,23,25.3962)->(2,24,26.714)->(2,25,5013.06)->
Agent 73:(31,23,2.2)->(31,22,4.4)->(31,21,7.4)->(30,21,9.81421)->(29,21,11.1321)->(28,21,11.8142)->(27,21,12.3821)->(26,21,12.9179)->(25,21,13.4858)->(24,21,14.1679)->(23,21,15.4858)->(22,21,5007.45)->
Agent 74:(13,28,1.8)->(14,28,3.01421)->(15,28,4.33205)->(16,28,5.01421)->(17,28,5.58205)->(18,28,6.1)->(19,28,6.6)->(20,28,7.1)->(21,28,7.6)->(22,28,8.1)->(23,28,8.6)->(24,28,9.1)->(25,28,9.6)->(26,28,10.1)->(27,28,10.6179)->(28,28,11.1858)->(29,28,11.8679)->(30,28,13.1858)->(31,28,16.15)->(30,28,19.7)->(29,28,22.5)->(29,29,24.7495)->(29,30,26.7495)->(29,31,5013.1)->
Agent 75:(0,1,1.8)->(1,1,3.01421)->(2,1,4.33205)->(3,1,5.01421)->(4,1,5.58205)->(5,1,6.1)->(6,1,6.6)->(7,1,7.1)->(8,1,7.6)->(9,1,8.1)->(10,1,8.6)->(11,1,9.1)->(12,1,9.6)->(13,1,10.1179)->(14,1,10.6858)->(15,1,11.3679)->(16,1,12.6858)->(17,1,15.7087)->(17,2,18.7315)->(17,3,20.0494)->(17,4,20.7315)->(17,5,21.2994)->(17,6,21.8173)->(17,7,22.3173)->(17,8,22.8173)->(17,9,23.3353)->(17,10,23.9031)->(17,11,24.5853)->(17,12,25.9031)->(17,13,28.5315)->(18,13,32.1315)->(18,14,35.3457)->(18,15,5017.67)->
Agent 76:(7,26,1.8)->(6,26,3.01421)->(5,26,4.42843)->(4,26,5.84264)->(3,26,17.777)->(3,27,29.7466)->(3,28,31.7466)->(3,29,5015.6)->
Agent 77:(20,22,2.59625)->(20,21,4.60672)->(20,20,5.92455)->(20,19,6.60672)->(20,18,7.17455)->(20,17,7.6925)->(20,16,8.1925)->(20,15,8.6925)->(20,14,9.1925)->(20,13,9.6925)->(20,12,10.1925)->(20,11,10.6925)->(20,10,11.1925)->(20,9,11.6925)->(20,8,12.1925)->(20,7,12.6925)->(20,6,13.1925)->(20,5,13.7105)->(20,4,14.2783)->(20,3,14.9605)->(20,2,16.2783)->(20,1,18.4925)->(19,1,20.7067)->(18,1,22.0246)->(17,1,22.7067)->(16,1,23.2925)->(15,1,23.8783)->(14,1,24.5605)->(13,1,25.8783)->(12,1,5012.65)->
Agent 78:(3,12,1.8)->(4,12,3.01421)->(5,12,4.42843)->(6,12,5.84264)->(7,12,9.19253)->(7,13,12.5424)->(7,14,13.8603)->(7,15,14.5424)->(7,16,15.1103)->(7,17,15.6282)->(7,18,16.1282)->(7,19,16.6282)->(7,20,17.1282)->(7,21,17.6282)->(7,22,18.1462)->(7,23,18.714)->(7,24,19.3962)->(7,25,20.714)->(7,26,22.9282)->(8,26,25.1424)->(9,26,26.4603)->(10,26,27.1923)->(11,26,27.9244)->(12,26,29.2422)->(13,26,5014.33)->
Agent 79:(11,22,2.2)->(11,21,3.81421)->(11,20,5.13205)->(11,19,5.8641)->(11,18,6.59615)->(11,17,7.91399)->(11,16,10.1282)->(12,16,12.3424)->(13,16,13.6603)->(14,16,14.3424)->(15,16,14.9103)->(16,16,15.4282)->(17,16,15.9282)->(18,16,16.4282)->(19,16,16.9282)->(20,16,17.4462)->(21,16,18.014)->(22,16,18.6962)->(23,16,20.014)->(24,16,22.6424)->(24,17,5011.51)->
