Agent 0:(24,25,1.8)->(25,25,3.01421)->(26,25,4.42843)->(27,25,5.84264)->(28,25,8.05685)->(28,24,10.2711)->(28,23,11.5889)->(28,22,12.2711)->(28,21,12.8389)->(28,20,13.3569)->(28,19,13.8569)->(28,18,14.3569)->(28,17,14.8569)->(28,16,15.3569)->(28,15,15.8569)->(28,14,16.3569)->(28,13,16.8569)->(28,12,17.3569)->(28,11,17.8569)->(28,10,18.3569)->(28,9,18.8569)->(28,8,19.3748)->(28,7,19.9426)->(28,6,20.6248)->(28,5,21.9426)->(28,4,24.1569)->(27,4,26.9569)->(26,4,32.9902)->(26,3,39.0235)->(26,2,5019.51)->
Agent 1:(14,24,14.1377)->(14,25,27.6897)->(14,26,29.0235)->(14,27,29.8519)->(14,28,31.1858)->(14,29,5015.3)->
Agent 2:(14,15,2.21421)->(15,15,3.84264)->(16,15,5.16048)->(17,15,5.84264)->(18,15,6.41048)->(19,15,6.92843)->(20,15,7.44638)->(21,15,8.01421)->(22,15,8.69638)->(23,15,10.0142)->(24,15,16.9784)->(24,16,25.3284)->(25,16,5013.06)->
Agent 3:(19,23,1.3)->(19,24,2.04949)->(19,25,4.04949)->(19,26,7.28154)->(20,26,10.4783)->(21,26,11.7962)->(22,26,12.4783)->(23,26,13.0462)->(24,26,13.5641)->(25,26,14.0821)->(26,26,14.6499)->(27,26,15.3321)->(28,26,16.6499)->(29,26,5008.03)->
Agent 4:(2,12,2.3)->(3,12,4.6)->(4,12,7.4)->(4,11,9.61421)->(4,10,10.9321)->(4,9,11.6142)->(4,8,12.1821)->(4,7,12.7)->(4,6,13.2179)->(4,5,13.7858)->(4,4,14.4679)->(4,3,15.7858)->(4,2,18.4142)->(5,2,5009.4)->
Agent 5:(24,10,1.8)->(23,10,3.6)->(22,10,6.4)->(22,9,8.61421)->(22,8,9.93205)->(22,7,10.6641)->(22,6,11.3962)->(22,5,12.714)->(22,4,17.1641)->(22,5,22.2)->(22,6,5011.1)->
Agent 6:(21,31,3.2)->(21,30,5.81421)->(21,29,7.22843)->(21,28,8.64264)->(21,27,10.8569)->(20,27,13.0711)->(19,27,14.3889)->(18,27,15.0711)->(17,27,15.6389)->(16,27,16.1569)->(15,27,16.6569)->(14,27,17.1569)->(13,27,17.6748)->(12,27,18.2426)->(11,27,18.9248)->(10,27,20.2426)->(9,27,23.3784)->(9,26,26.5142)->(9,25,27.8321)->(9,24,28.5142)->(9,23,29.0821)->(9,22,29.6)->(9,21,30.1)->(9,20,30.6)->(9,19,31.1)->(9,18,31.6)->(9,17,32.1)->(9,16,32.6)->(9,15,33.1)->(9,14,33.6)->(9,13,34.1)->(9,12,34.6)->(9,11,35.1)->(9,10,35.6179)->(9,9,36.1858)->(9,8,36.8679)->(9,7,38.1858)->(9,6,40.8142)->(8,6,5020.6)->
Agent 7:(24,21,2.53205)->(24,20,4.47832)->(24,19,5.79615)->(24,18,6.47832)->(24,17,7.04615)->(24,16,7.5641)->(24,15,8.0641)->(24,14,8.5641)->(24,13,9.0641)->(24,12,9.5641)->(24,11,10.0641)->(24,10,10.5641)->(24,9,11.0641)->(24,8,11.5641)->(24,7,12.0641)->(24,6,12.5641)->(24,5,13.0821)->(24,4,13.6499)->(24,3,14.3321)->(24,2,15.6499)->(24,1,17.8641)->(23,1,20.0783)->(22,1,21.3962)->(21,1,22.0783)->(20,1,22.6462)->(19,1,23.1641)->(18,1,23.6641)->(17,1,24.1641)->(16,1,24.6641)->(15,1,25.1641)->(14,1,25.6641)->(13,1,26.1641)->(12,1,26.6641)->(11,1,27.1821)->(10,1,27.7499)->(9,1,28.4321)->(8,1,29.7499)->(7,1,32.3783)->(7,0,5016.38)->
Agent 8:(26,29,3.61421)->(25,29,6.64264)->(24,29,7.96048)->(23,29,8.64264)->(22,29,9.21048)->(21,29,9.72843)->(20,29,10.2284)->(19,29,10.7284)->(18,29,11.2284)->(17,29,11.7284)->(16,29,12.2284)->(15,29,12.7284)->(14,29,13.2284)->(13,29,13.7284)->(12,29,14.2284)->(11,29,14.7284)->(10,29,15.2284)->(9,29,15.7284)->(8,29,16.2284)->(7,29,16.7284)->(6,29,17.2464)->(5,29,17.8142)->(4,29,18.4964)->(3,29,19.8142)->(2,29,22.0284)->(2,28,24.2426)->(2,27,25.5605)->(2,26,26.2426)->(2,25,26.8284)->(2,24,27.4142)->(2,23,28.0964)->(2,22,29.4142)->(2,21,32.0426)->(1,21,5016.21)->
Agent 9:(5,6,1.3)->(5,7,2.01421)->(5,8,3.42843)->(5,9,4.84264)->(5,10,7.05685)->(6,10,9.30634)->(7,10,11.3063)->(8,10,16.4637)->(8,11,21.5858)->(8,12,22.9036)->(8,13,23.5858)->(8,14,24.1536)->(8,15,24.6716)->(8,16,25.1716)->(8,17,25.6716)->(8,18,26.1716)->(8,19,26.6716)->(8,20,27.1716)->(8,21,27.6716)->(8,22,28.1895)->(8,23,28.7574)->(8,24,29.4395)->(8,25,30.7574)->(8,26,33.3858)->(9,26,5016.89)->
Agent 10:(27,23,2.2)->(26,23,3.81421)->(25,23,5.13205)->(24,23,5.81421)->(23,23,6.38205)->(22,23,6.9)->(21,23,7.4)->(20,23,7.9)->(19,23,8.4)->(18,23,8.9)->(17,23,9.4)->(16,23,9.9)->(15,23,10.4)->(14,23,10.9)->(13,23,11.4179)->(12,23,11.9858)->(11,23,12.6679)->(10,23,13.9858)->(9,23,18.2)->(9,22,22.4142)->(9,21,23.7321)->(9,20,24.4142)->(9,19,24.9821)->(9,18,25.5)->(9,17,26)->(9,16,26.5)->(9,15,27)->(9,14,27.5)->(9,13,28.0179)->(9,12,28.5858)->(9,11,29.2679)->(9,10,30.5858)->(9,9,32.8)->(10,9,35.6)->(11,9,5017.8)->
Agent 11:(12,15,1.8)->(11,15,3.01421)->(10,15,4.33205)->(9,15,5.01421)->(8,15,5.58205)->(7,15,6.1)->(6,15,6.61795)->(5,15,7.18579)->(4,15,7.86795)->(3,15,9.18579)->(2,15,11.4)->(2,16,13.6142)->(2,17,15.0284)->(2,18,16.4426)->(2,19,5007.93)->
Agent 12:(12,8,1.71421)->(12,9,3.81421)->(13,9,6.44264)->(14,9,7.76048)->(15,9,8.44264)->(16,9,9.01048)->(17,9,9.52843)->(18,9,10.0284)->(19,9,10.5284)->(20,9,11.0284)->(21,9,11.5284)->(22,9,12.0284)->(23,9,12.5284)->(24,9,13.0284)->(25,9,13.5284)->(26,9,14.0464)->(27,9,14.6142)->(28,9,15.2964)->(29,9,16.6142)->(30,9,18.8284)->(30,10,21.0426)->(30,11,22.3605)->(30,12,23.0426)->(30,13,23.6105)->(30,14,24.1284)->(30,15,24.6284)->(30,16,25.1284)->(30,17,25.6464)->(30,18,26.2142)->(30,19,26.8964)->(30,20,28.2142)->(30,21,5013.81)->
Agent 13:(29,29,3.36421)->(28,29,6.14264)->(27,29,7.46048)->(26,29,8.14264)->(25,29,8.71048)->(24,29,9.22843)->(23,29,9.72843)->(22,29,10.2284)->(21,29,10.7284)->(20,29,11.2284)->(19,29,11.7284)->(18,29,12.2284)->(17,29,12.7284)->(16,29,13.2284)->(15,29,13.7284)->(14,29,14.2284)->(13,29,14.7284)->(12,29,15.2284)->(11,29,15.7284)->(10,29,16.2284)->(9,29,16.7284)->(8,29,17.2464)->(7,29,17.8142)->(6,29,18.4964)->(5,29,19.8142)->(4,29,22.0284)->(4,28,24.2426)->(4,27,25.5605)->(4,26,26.2522)->(4,25,26.8879)->(4,24,27.5797)->(4,23,28.8975)->(4,22,5014.16)->
Agent 14:(26,8,3.12843)->(27,8,7.72843)->(27,9,11.4426)->(27,10,12.7605)->(27,11,13.4426)->(27,12,14.0105)->(27,13,14.5284)->(27,14,15.0284)->(27,15,15.5284)->(27,16,16.0284)->(27,17,16.5284)->(27,18,17.0284)->(27,19,17.5284)->(27,20,18.0284)->(27,21,18.5464)->(27,22,19.1142)->(27,23,19.7964)->(27,24,21.1142)->(27,25,23.3284)->(26,25,25.5426)->(25,25,26.9569)->(24,25,28.3711)->(23,25,5013.89)->
Agent 15:(23,28,3.59166)->(23,27,6.59753)->(23,26,7.91537)->(23,25,8.59753)->(23,24,9.16537)->(23,23,9.68331)->(23,22,10.1833)->(23,21,10.6833)->(23,20,11.1833)->(23,19,11.6833)->(23,18,12.1833)->(23,17,12.6833)->(23,16,13.1833)->(23,15,13.6833)->(23,14,14.1833)->(23,13,14.6833)->(23,12,15.1833)->(23,11,15.6833)->(23,10,16.1833)->(23,9,16.6833)->(23,8,17.1833)->(23,7,17.7013)->(23,6,18.2691)->(23,5,18.9513)->(23,4,20.2691)->(23,3,22.4833)->(22,3,24.6975)->(21,3,26.0154)->(20,3,26.6975)->(19,3,27.2654)->(18,3,27.7833)->(17,3,28.2833)->(16,3,28.7833)->(15,3,29.2833)->(14,3,29.7833)->(13,3,30.2833)->(12,3,30.7833)->(11,3,31.2833)->(10,3,31.7833)->(9,3,32.2833)->(8,3,32.7833)->(7,3,33.2833)->(6,3,33.8013)->(5,3,34.3691)->(4,3,35.0513)->(3,3,36.3691)->(2,3,38.9975)->(2,4,5019.69)->
Agent 16:(24,0,1.71421)->(24,1,4.07938)->(25,1,6.97297)->(26,1,8.30682)->(27,1,9.13525)->(28,1,10.4691)->(29,1,14.5237)->(29,2,18.5783)->(29,3,19.8962)->(29,4,20.5783)->(29,5,21.1462)->(29,6,21.6641)->(29,7,22.1641)->(29,8,22.6641)->(29,9,23.1641)->(29,10,23.6641)->(29,11,24.1821)->(29,12,24.7499)->(29,13,25.4321)->(29,14,26.7499)->(29,15,28.9641)->(30,15,31.7641)->(31,15,34.5641)->(31,16,36.7783)->(31,17,38.0962)->(31,18,38.8282)->(31,19,39.5603)->(31,20,40.8781)->(31,21,5020.15)->
Agent 17:(12,11,2.21421)->(13,11,5.22843)->(13,10,10.7701)->(13,11,14.926)->(13,12,16.2438)->(13,13,16.926)->(13,14,17.4938)->(13,15,18.0117)->(13,16,18.5117)->(13,17,19.0297)->(13,18,19.5975)->(13,19,20.2797)->(13,20,21.5975)->(13,21,5010.51)->
Agent 18:(28,5,1.3)->(28,6,2.01421)->(28,7,3.33205)->(28,8,4.0641)->(28,9,4.79615)->(28,10,6.11399)->(28,11,8.77832)->(27,11,11.4426)->(26,11,12.7605)->(25,11,13.4426)->(24,11,14.0105)->(23,11,14.5284)->(22,11,15.0284)->(21,11,15.5284)->(20,11,16.0464)->(19,11,16.6142)->(18,11,17.2964)->(17,11,18.6142)->(16,11,20.8284)->(16,10,23.6284)->(16,9,26.4284)->(15,9,29.2284)->(14,9,32.4426)->(14,10,5016.41)->
Agent 19:(7,12,1.3)->(7,13,2.01421)->(7,14,3.34806)->(7,15,4.17649)->(7,16,5.51034)->(7,17,8.20854)->(6,17,10.9067)->(5,17,12.321)->(4,17,13.7352)->(3,17,5006.57)->
Agent 20:(18,19,1.3)->(18,20,2.6)->(18,21,5.5)->(17,21,7.81421)->(16,21,9.13205)->(15,21,9.8641)->(14,21,10.5962)->(13,21,11.914)->(12,21,14.1282)->(12,20,16.9282)->(12,19,20.97)->(12,20,5011.09)->
Agent 21:(19,19,2.85051)->(19,20,5.15051)->(19,21,7.15051)->(19,22,9.4)->(18,22,11.6142)->(17,22,12.9321)->(16,22,13.6142)->(15,22,14.1821)->(14,22,14.7179)->(13,22,15.2858)->(12,22,15.9679)->(11,22,17.2858)->(10,22,5008.35)->
Agent 22:(17,24,2.2)->(17,23,3.81421)->(17,22,5.13205)->(17,21,5.81421)->(17,20,6.38205)->(17,19,6.9)->(17,18,7.4)->(17,17,7.91795)->(17,16,8.48579)->(17,15,9.16795)->(17,14,10.4858)->(17,13,15.5425)->(16,13,20.5993)->(15,13,21.9171)->(14,13,22.5993)->(13,13,23.1671)->(12,13,23.6851)->(11,13,24.1851)->(10,13,24.703)->(9,13,25.2708)->(8,13,25.953)->(7,13,27.2708)->(6,13,29.8993)->(6,14,5015.14)->
Agent 23:(26,19,1.8)->(25,19,3.01421)->(24,19,4.33205)->(23,19,5.02382)->(22,19,5.65949)->(21,19,6.35126)->(20,19,7.6691)->(19,19,11.5879)->(19,18,15.5067)->(19,17,16.8246)->(19,16,17.5067)->(19,15,18.0746)->(19,14,18.5925)->(19,13,19.0925)->(19,12,19.5925)->(19,11,20.0925)->(19,10,20.5925)->(19,9,21.1105)->(19,8,21.6783)->(19,7,22.3605)->(19,6,23.6783)->(19,5,25.8925)->(18,5,28.1067)->(17,5,29.4246)->(16,5,30.1067)->(15,5,30.6746)->(14,5,31.2105)->(13,5,31.7783)->(12,5,32.4605)->(11,5,33.7783)->(10,5,5016.6)->
Agent 24:(4,9,1.3)->(4,10,2.01421)->(4,11,3.33205)->(4,12,4.01421)->(4,13,4.58205)->(4,14,5.1)->(4,15,5.6)->(4,16,6.1)->(4,17,6.6)->(4,18,7.1)->(4,19,7.6)->(4,20,8.1)->(4,21,8.61795)->(4,22,9.18579)->(4,23,9.86795)->(4,24,11.1858)->(4,25,13.4)->(5,25,16.2)->(6,25,23.1)->(6,26,30)->(6,27,5015)->
Agent 25:(7,28,4.14039)->(7,27,7.695)->(7,26,9.01284)->(7,25,9.695)->(7,24,10.2628)->(7,23,10.7808)->(7,22,11.2808)->(7,21,11.7808)->(7,20,12.2808)->(7,19,12.7808)->(7,18,13.2808)->(7,17,13.7808)->(7,16,14.2808)->(7,15,14.7808)->(7,14,15.2808)->(7,13,15.7808)->(7,12,16.2808)->(7,11,16.7808)->(7,10,17.2808)->(7,9,17.7808)->(7,8,18.2808)->(7,7,18.7808)->(7,6,19.2808)->(7,5,19.7808)->(7,4,20.2987)->(7,3,20.8666)->(7,2,21.5487)->(7,1,22.8666)->(7,0,25.0808)->(8,0,27.295)->(9,0,28.6128)->(10,0,29.295)->(11,0,29.8628)->(12,0,30.3808)->(13,0,30.8808)->(14,0,31.3808)->(15,0,31.8808)->(16,0,32.3987)->(17,0,32.9666)->(18,0,33.6487)->(19,0,34.9666)->(20,0,5017.19)->
Agent 26:(7,11,1.8)->(6,11,3.01421)->(5,11,4.33205)->(4,11,5.0641)->(3,11,5.79615)->(2,11,7.11399)->(1,11,9.3282)->(1,10,11.5424)->(1,9,12.8763)->(1,8,13.7047)->(1,7,15.0385)->(1,6,20.6547)->(0,6,27.6566)->(0,7,5014.23)->
Agent 27:(9,8,1.3)->(9,9,2.01421)->(9,10,3.33205)->(9,11,4.01421)->(9,12,4.58205)->(9,13,5.1)->(9,14,5.61795)->(9,15,6.18579)->(9,16,6.86795)->(9,17,8.18579)->(9,18,10.8)->(9,17,13.4142)->(9,16,14.7321)->(9,15,15.4142)->(9,14,15.9821)->(9,13,16.5)->(9,12,17.0179)->(9,11,17.5858)->(9,10,18.2679)->(9,9,19.5858)->(9,8,21.8)->(8,8,24.0142)->(7,8,25.3321)->(6,8,26.0142)->(5,8,26.6)->(4,8,27.1858)->(3,8,27.8679)->(2,8,29.1858)->(1,8,5014.3)->
Agent 28:(2,10,2.2)->(2,9,3.81421)->(2,8,5.22843)->(2,7,6.64264)->(2,6,14.5421)->(3,6,22.4416)->(4,6,23.7595)->(5,6,24.4416)->(6,6,25.0095)->(7,6,25.5274)->(8,6,26.0274)->(9,6,26.5274)->(10,6,27.0274)->(11,6,27.5454)->(12,6,28.1132)->(13,6,28.7954)->(14,6,30.1132)->(15,6,5014.76)->
Agent 29:(18,3,1.8)->(19,3,3.04949)->(20,3,5.04949)->(21,3,12.822)->(21,4,20.5593)->(21,5,21.8772)->(21,6,22.5689)->(21,7,23.2046)->(21,8,23.8964)->(21,9,25.2142)->(21,10,5012.31)->
Agent 30:(3,8,1.71421)->(3,9,4.51421)->(4,9,7.84264)->(5,9,9.16048)->(6,9,9.84264)->(7,9,10.4105)->(8,9,10.9284)->(9,9,11.4284)->(10,9,11.9284)->(11,9,12.4284)->(12,9,12.9464)->(13,9,13.5142)->(14,9,14.1964)->(15,9,15.5142)->(16,9,17.7284)->(16,8,19.9426)->(16,7,21.2605)->(16,6,21.9522)->(16,5,22.5879)->(16,4,23.2797)->(16,3,24.5975)->(16,2,26.8117)->(17,2,29.026)->(18,2,30.3438)->(19,2,31.0356)->(20,2,31.6712)->(21,2,32.363)->(22,2,33.6808)->(23,2,36.3093)->(23,3,5018.35)->
Agent 31:(12,29,2.2)->(12,28,3.81421)->(12,27,5.13205)->(12,26,5.81421)->(12,25,6.38205)->(12,24,6.9)->(12,23,7.4)->(12,22,7.9)->(12,21,8.41795)->(12,20,8.98579)->(12,19,9.66795)->(12,18,10.9858)->(12,17,14.0142)->(12,18,22.5018)->(13,18,29.6179)->(14,18,30.9517)->(15,18,31.7801)->(16,18,33.114)->(17,18,5016.26)->
Agent 32:(25,3,3)->(25,4,5.41421)->(25,5,6.73205)->(25,6,7.41421)->(25,7,7.98205)->(25,8,8.5)->(25,9,9)->(25,10,9.5)->(25,11,10)->(25,12,10.5)->(25,13,11)->(25,14,11.5)->(25,15,12)->(25,16,12.5)->(25,17,13)->(25,18,13.5)->(25,19,14)->(25,20,14.5)->(25,21,15)->(25,22,15.5)->(25,23,16)->(25,24,16.5)->(25,25,17.0179)->(25,26,17.5858)->(25,27,18.2679)->(25,28,19.5858)->(25,29,21.8)->(24,29,24.0142)->(23,29,25.3321)->(22,29,26.0142)->(21,29,26.5821)->(20,29,27.1)->(19,29,27.6)->(18,29,28.1)->(17,29,28.6)->(16,29,29.1)->(15,29,29.6)->(14,29,30.1)->(13,29,30.6)->(12,29,31.1)->(11,29,31.6)->(10,29,32.1)->(9,29,32.6)->(8,29,33.1179)->(7,29,33.6858)->(6,29,34.3679)->(5,29,35.6858)->(4,29,5017.55)->
Agent 33:(1,5,2.0641)->(2,5,3.54242)->(3,5,4.86025)->(4,5,5.54242)->(5,5,6.11025)->(6,5,6.6282)->(7,5,7.1282)->(8,5,7.6282)->(9,5,8.1282)->(10,5,8.6282)->(11,5,9.1282)->(12,5,9.6282)->(13,5,10.1282)->(14,5,10.6282)->(15,5,11.1282)->(16,5,11.6282)->(17,5,12.1282)->(18,5,12.6282)->(19,5,13.1282)->(20,5,13.6282)->(21,5,14.1282)->(22,5,14.6282)->(23,5,15.1282)->(24,5,15.6282)->(25,5,16.1282)->(26,5,16.6462)->(27,5,17.214)->(28,5,17.8962)->(29,5,19.214)->(30,5,21.4282)->(30,6,23.6424)->(30,7,24.9603)->(30,8,25.6923)->(30,9,26.4244)->(30,10,27.7422)->(30,11,5013.58)->
Agent 34:(20,4,2.21421)->(19,4,5000.8)->
Agent 35:(5,19,2.21421)->(6,19,4.81421)->(6,18,7.44264)->(6,17,8.76048)->(6,16,9.44264)->(6,15,10.0105)->(6,14,10.5284)->(6,13,11.0284)->(6,12,11.5284)->(6,11,12.0284)->(6,10,12.5284)->(6,9,13.0284)->(6,8,13.5284)->(6,7,14.0284)->(6,6,14.5284)->(6,5,15.0464)->(6,4,15.6142)->(6,3,16.2964)->(6,2,17.6142)->(6,1,5008.51)->
Agent 36:(31,9,1.3)->(31,10,2.01421)->(31,11,3.33205)->(31,12,4.01421)->(31,13,4.58205)->(31,14,5.1)->(31,15,5.6)->(31,16,6.1)->(31,17,6.6)->(31,18,7.1)->(31,19,7.61795)->(31,20,8.18579)->(31,21,8.86795)->(31,22,10.1858)->(31,23,12.4)->(30,23,14.6142)->(29,23,15.9321)->(28,23,16.6142)->(27,23,17.1821)->(26,23,17.7)->(25,23,18.2)->(24,23,18.7)->(23,23,19.2)->(22,23,19.7)->(21,23,20.2)->(20,23,20.7)->(19,23,21.2179)->(18,23,21.7858)->(17,23,22.4679)->(16,23,23.7858)->(15,23,29.3641)->(16,23,35.5282)->(17,23,5017.76)->
Agent 37:(29,7,2.2)->(29,6,3.81421)->(29,5,5.13205)->(29,4,5.82382)->(29,3,6.45949)->(29,2,7.15126)->(29,1,8.4691)->(29,0,11.9532)->(28,0,15.4373)->(27,0,16.7711)->(26,0,17.5996)->(25,0,18.9334)->(24,0,30.2022)->(24,1,42.0569)->(24,2,5021.03)->
Agent 38:(24,22,1.8)->(23,22,3.01421)->(22,22,4.33205)->(21,22,5.01421)->(20,22,5.58205)->(19,22,6.1)->(18,22,6.61795)->(17,22,7.18579)->(16,22,7.86795)->(15,22,9.18579)->(14,22,11.4)->(14,21,13.6142)->(14,20,14.9321)->(14,19,15.6142)->(14,18,16.1821)->(14,17,16.7)->(14,16,17.2)->(14,15,17.7)->(14,14,18.2)->(14,13,18.7)->(14,12,19.2)->(14,11,19.7)->(14,10,20.2)->(14,9,20.7)->(14,8,21.2179)->(14,7,21.7858)->(14,6,22.4679)->(14,5,23.7858)->(14,4,5011.6)->
Agent 39:(16,19,5.76421)->(16,18,10.9426)->(16,17,12.2605)->(16,16,12.9426)->(16,15,13.5105)->(16,14,14.0464)->(16,13,14.6142)->(16,12,15.2964)->(16,11,16.6142)->(16,10,18.8284)->(17,10,21.0426)->(18,10,22.3605)->(19,10,23.0426)->(20,10,23.6105)->(21,10,24.1284)->(22,10,24.6284)->(23,10,25.1464)->(24,10,25.7142)->(25,10,26.3964)->(26,10,27.7142)->(27,10,5013.56)->
Agent 40:(31,28,6.6)->(31,27,12.6142)->(31,26,13.9321)->(31,25,14.6142)->(31,24,15.1821)->(31,23,15.7)->(31,22,16.2)->(31,21,16.7)->(31,20,17.2)->(31,19,17.7)->(31,18,18.2)->(31,17,18.7)->(31,16,19.2)->(31,15,19.7)->(31,14,20.2)->(31,13,20.7)->(31,12,21.2)->(31,11,21.7)->(31,10,22.2)->(31,9,22.7)->(31,8,23.2)->(31,7,23.7)->(31,6,24.2179)->(31,5,24.7858)->(31,4,25.4679)->(31,3,26.7858)->(31,2,31.1117)->(30,2,35.4377)->(29,2,36.7555)->(28,2,37.4377)->(27,2,38.0055)->(26,2,38.5235)->(25,2,39.0235)->(24,2,39.5235)->(23,2,40.0235)->(22,2,40.5235)->(21,2,41.0235)->(20,2,41.5235)->(19,2,42.0235)->(18,2,42.5235)->(17,2,43.0235)->(16,2,43.5235)->(15,2,44.0235)->(14,2,44.5235)->(13,2,45.0414)->(12,2,45.6093)->(11,2,46.2914)->(10,2,47.6093)->(9,2,5023.51)->
Agent 41:(4,6,2.4142)->(5,6,4.24261)->(6,6,5.56045)->(7,6,6.24261)->(8,6,6.81045)->(9,6,7.3284)->(10,6,7.8284)->(11,6,8.3284)->(12,6,8.8284)->(13,6,9.3284)->(14,6,9.8284)->(15,6,10.3284)->(16,6,10.8284)->(17,6,11.3284)->(18,6,11.8284)->(19,6,12.3284)->(20,6,12.8284)->(21,6,13.3284)->(22,6,13.8284)->(23,6,14.3463)->(24,6,14.9142)->(25,6,15.5963)->(26,6,16.9142)->(27,6,19.1284)->(27,7,21.3426)->(27,8,22.6605)->(27,9,23.3426)->(27,10,23.9105)->(27,11,24.4284)->(27,12,24.9284)->(27,13,25.4463)->(27,14,26.0142)->(27,15,26.6963)->(27,16,28.0142)->(27,17,5013.71)->
Agent 42:(19,18,2.21421)->(19,17,3.84264)->(19,16,5.16048)->(19,15,5.84264)->(19,14,6.42843)->(19,13,7.01421)->(19,12,7.69638)->(19,11,9.01421)->(19,10,11.2284)->(18,10,13.4426)->(17,10,14.7605)->(16,10,15.4426)->(15,10,16.0105)->(14,10,16.5464)->(13,10,17.1142)->(12,10,17.7964)->(11,10,19.1142)->(10,10,21.7426)->(10,11,5011.06)->
Agent 43:(11,26,2.2)->(11,25,3.81421)->(11,24,5.13205)->(11,23,5.81421)->(11,22,6.38205)->(11,21,6.91795)->(11,20,7.48579)->(11,19,8.16795)->(11,18,9.48579)->(11,17,14.2642)->(12,17,19.0426)->(13,17,20.3605)->(14,17,21.0426)->(15,17,21.6284)->(16,17,22.2142)->(17,17,22.8964)->(18,17,24.2142)->(19,17,5011.81)->
Agent 44:(22,1,2.4142)->(21,1,4.24261)->(20,1,5.57646)->(19,1,6.40489)->(18,1,7.73874)->(17,1,15.3406)->(17,2,22.9424)->(17,3,24.2603)->(17,4,24.9424)->(17,5,25.5103)->(17,6,26.0282)->(17,7,26.5282)->(17,8,27.0282)->(17,9,27.5282)->(17,10,28.0282)->(17,11,28.5282)->(17,12,29.0282)->(17,13,29.5282)->(17,14,30.0282)->(17,15,30.5282)->(17,16,31.0282)->(17,17,31.5282)->(17,18,32.0282)->(17,19,32.5282)->(17,20,33.0282)->(17,21,33.5462)->(17,22,34.114)->(17,23,34.7962)->(17,24,36.114)->(17,25,5017.76)->
Agent 45:(1,4,1.8)->(2,4,3.6)->(3,4,6.4)->(3,5,8.61421)->(3,6,9.93205)->(3,7,10.6142)->(3,8,11.1821)->(3,9,11.7179)->(3,10,12.2858)->(3,11,12.9679)->(3,12,14.2858)->(3,13,23.7179)->(2,13,33.7359)->(1,13,5016.87)->
Agent 46:(0,20,2.2)->(0,19,3.81421)->(0,18,5.22843)->(0,17,6.64264)->(0,16,10.5426)->(1,16,14.4426)->(2,16,15.7605)->(3,16,16.4522)->(4,16,17.0879)->(5,16,17.7797)->(6,16,19.0975)->(7,16,5009.26)->
Agent 47:(24,24,2.2)->(24,23,3.81421)->(24,22,5.22843)->(24,21,6.64264)->(24,20,9.87008)->(23,20,13.0975)->(22,20,14.4154)->(21,20,15.0975)->(20,20,15.6654)->(19,20,16.1833)->(18,20,16.6833)->(17,20,17.1833)->(16,20,17.6833)->(15,20,18.2013)->(14,20,18.7691)->(13,20,19.4513)->(12,20,20.7691)->(11,20,5010.09)->
Agent 48:(22,8,1.8)->(21,8,3.01421)->(20,8,4.34806)->(19,8,5.17649)->(18,8,6.51034)->(17,8,15.9764)->(17,9,25.4424)->(17,10,26.7603)->(17,11,27.4424)->(17,12,28.0103)->(17,13,28.5282)->(17,14,29.0282)->(17,15,29.5282)->(17,16,30.0282)->(17,17,30.5282)->(17,18,31.0282)->(17,19,31.5282)->(17,20,32.0282)->(17,21,32.5282)->(17,22,33.0282)->(17,23,33.5282)->(17,24,34.0282)->(17,25,34.5462)->(17,26,35.114)->(17,27,35.7962)->(17,28,37.114)->(17,29,39.7424)->(16,29,5020.06)->
Agent 49:(15,12,1.8)->(16,12,3.01421)->(17,12,4.33205)->(18,12,5.02382)->(19,12,5.65949)->(20,12,6.35126)->(21,12,7.6691)->(22,12,9.88331)->(22,13,12.0975)->(22,14,13.4314)->(22,15,14.2598)->(22,16,15.5937)->(22,17,5007.5)->
Agent 50:(21,1,1.3)->(21,2,2.01421)->(21,3,3.33205)->(21,4,4.01421)->(21,5,4.58205)->(21,6,5.11795)->(21,7,5.68579)->(21,8,6.36795)->(21,9,7.68579)->(21,10,9.9)->(22,10,12.1142)->(23,10,13.4481)->(24,10,14.2765)->(25,10,15.6103)->(26,10,18.2388)->(26,9,25.2907)->(26,10,5014.56)->
Agent 51:(28,17,1.8)->(27,17,3.01421)->(26,17,4.33205)->(25,17,5.01421)->(24,17,5.58205)->(23,17,6.1)->(22,17,6.6)->(21,17,7.1)->(20,17,7.6)->(19,17,8.1)->(18,17,8.6)->(17,17,9.11795)->(16,17,9.68579)->(15,17,10.3679)->(14,17,11.6858)->(13,17,13.9)->(13,18,16.1142)->(13,19,17.4321)->(13,20,18.1142)->(13,21,18.6821)->(13,22,19.2)->(13,23,19.7)->(13,24,20.2)->(13,25,20.7)->(13,26,21.2179)->(13,27,21.7858)->(13,28,22.4679)->(13,29,23.7858)->(13,30,26.4142)->(12,30,5013.4)->
Agent 52:(31,31,1.8)->(30,31,3.01421)->(29,31,4.33205)->(28,31,5.01421)->(27,31,5.58205)->(26,31,6.1)->(25,31,6.6)->(24,31,7.1)->(23,31,7.6)->(22,31,8.1)->(21,31,8.6)->(20,31,9.1)->(19,31,9.6)->(18,31,10.1)->(17,31,10.6)->(16,31,11.1)->(15,31,11.6)->(14,31,12.1)->(13,31,12.6)->(12,31,13.1)->(11,31,13.6)->(10,31,14.1)->(9,31,14.6)->(8,31,15.1)->(7,31,15.6)->(6,31,16.1)->(5,31,16.6179)->(4,31,17.1858)->(3,31,17.8679)->(2,31,19.1858)->(1,31,21.4)->(1,30,23.6142)->(1,29,24.9321)->(1,28,25.6142)->(1,27,26.1821)->(1,26,26.7)->(1,25,27.2)->(1,24,27.7)->(1,23,28.2)->(1,22,28.7)->(1,21,29.2)->(1,20,29.7)->(1,19,30.2)->(1,18,30.7)->(1,17,31.2)->(1,16,31.7)->(1,15,32.2)->(1,14,32.7)->(1,13,33.2179)->(1,12,33.7858)->(1,11,34.4679)->(1,10,35.7858)->(1,9,38.4142)->(2,9,42.0142)->(2,8,44.6426)->(2,7,46.0569)->(2,6,47.4711)->(2,5,50.0995)->(1,5,53.6995)->(1,4,56.3279)->(1,3,57.7421)->(1,2,59.1563)->(1,1,5029.29)->
Agent 53:(9,29,4.7141)->(9,28,8.84242)->(9,27,10.1603)->(9,26,10.8424)->(9,25,11.4103)->(9,24,11.9282)->(9,23,12.4282)->(9,22,12.9282)->(9,21,13.4282)->(9,20,13.9282)->(9,19,14.4282)->(9,18,14.9462)->(9,17,15.514)->(9,16,16.1962)->(9,15,17.514)->(9,14,19.7282)->(10,14,21.9424)->(11,14,23.2603)->(12,14,23.9424)->(13,14,24.5103)->(14,14,25.0282)->(15,14,25.5282)->(16,14,26.0282)->(17,14,26.5282)->(18,14,27.0282)->(19,14,27.5462)->(20,14,28.114)->(21,14,28.7962)->(22,14,30.114)->(23,14,5014.76)->
Agent 54:(12,24,2.2)->(12,23,3.81421)->(12,22,5.13205)->(12,21,5.81421)->(12,20,6.38205)->(12,19,6.9)->(12,18,7.4)->(12,17,7.91795)->(12,16,8.48579)->(12,15,9.16795)->(12,14,10.4858)->(12,13,13.0358)->(11,13,15.5858)->(10,13,16.9196)->(9,13,17.7481)->(8,13,19.0819)->(7,13,22.1764)->(7,14,5011.51)->
Agent 55:(9,5,1.3)->(9,6,2.01421)->(9,7,3.33205)->(9,8,4.01421)->(9,9,4.58205)->(9,10,5.1)->(9,11,5.6)->(9,12,6.11795)->(9,13,6.68579)->(9,14,7.36795)->(9,15,8.68579)->(9,16,10.9)->(10,16,13.1142)->(11,16,14.4321)->(12,16,15.1142)->(13,16,15.6821)->(14,16,16.2)->(15,16,16.7)->(16,16,17.2)->(17,16,17.7)->(18,16,18.2)->(19,16,18.7)->(20,16,19.2)->(21,16,19.7)->(22,16,20.2)->(23,16,20.7)->(24,16,21.2)->(25,16,21.7179)->(26,16,22.2858)->(27,16,22.9679)->(28,16,24.2858)->(29,16,26.9142)->(29,17,5013.65)->
Agent 56:(27,7,1.3)->(27,8,2.01421)->(27,9,3.33205)->(27,10,4.01421)->(27,11,4.58205)->(27,12,5.1)->(27,13,5.6)->(27,14,6.1)->(27,15,6.6)->(27,16,7.1)->(27,17,7.6)->(27,18,8.1)->(27,19,8.6)->(27,20,9.1)->(27,21,9.6)->(27,22,10.1)->(27,23,10.6179)->(27,24,11.1858)->(27,25,11.8679)->(27,26,13.1858)->(27,27,15.8)->(26,27,18.4142)->(25,27,19.7321)->(24,27,20.4142)->(23,27,20.9821)->(22,27,21.5)->(21,27,22)->(20,27,22.5)->(19,27,23)->(18,27,23.5)->(17,27,24)->(16,27,24.5)->(15,27,25)->(14,27,25.5)->(13,27,26)->(12,27,26.5)->(11,27,27)->(10,27,27.5)->(9,27,28)->(8,27,28.5)->(7,27,29)->(6,27,29.5)->(5,27,30)->(4,27,30.5179)->(3,27,31.0858)->(2,27,31.7679)->(1,27,33.0858)->(0,27,5016.25)->
Agent 57:(7,24,1.8)->(6,24,3.6)->(5,24,9.15)->(5,23,14.1142)->(5,22,15.4321)->(5,21,16.1142)->(5,20,16.7)->(5,19,17.2858)->(5,18,17.9679)->(5,17,19.2858)->(5,16,21.9142)->(4,16,5011.15)->
Agent 58:(17,12,1.3)->(17,13,2.6)->(17,14,5.46421)->(18,14,7.74264)->(19,14,9.06048)->(20,14,9.74264)->(21,14,10.3105)->(22,14,10.8464)->(23,14,11.4142)->(24,14,12.0964)->(25,14,13.4142)->(26,14,20.338)->(25,14,5012.51)->
Agent 59:(18,2,2.8)->(18,3,5.01421)->(18,4,6.33205)->(18,5,7.0641)->(18,6,7.79615)->(18,7,9.11399)->(18,8,5004.26)->
Agent 60:(20,27,3.46795)->(20,26,6.35011)->(20,25,7.66795)->(20,24,8.35011)->(20,23,8.91795)->(20,22,9.4359)->(20,21,9.9359)->(20,20,10.4359)->(20,19,10.9538)->(20,18,11.5217)->(20,17,12.2038)->(20,16,13.5217)->(20,15,18.4405)->(21,15,23.3593)->(22,15,24.6771)->(23,15,25.3689)->(24,15,26.0046)->(25,15,26.6963)->(26,15,28.0142)->(27,15,5013.71)->
Agent 61:(18,30,2.2)->(18,29,3.81421)->(18,28,5.13205)->(18,27,5.81421)->(18,26,6.38205)->(18,25,6.9)->(18,24,7.4)->(18,23,7.9)->(18,22,8.4)->(18,21,8.9)->(18,20,9.4)->(18,19,9.9)->(18,18,10.4)->(18,17,10.9179)->(18,16,11.4858)->(18,15,12.1679)->(18,14,13.4858)->(18,13,18.0425)->(17,13,22.5993)->(16,13,23.9331)->(15,13,24.7615)->(14,13,26.0954)->(13,13,5012.75)->
Agent 62:(14,17,1.3)->(14,18,2.04949)->(14,19,4.04949)->(14,20,6.63988)->(13,20,9.195)->(12,20,10.5128)->(11,20,11.195)->(10,20,11.7628)->(9,20,12.2808)->(8,20,12.7808)->(7,20,13.2987)->(6,20,13.8666)->(5,20,14.5487)->(4,20,15.8666)->(3,20,5007.64)->
Agent 63:(28,0,1.3)->(28,1,2.01421)->(28,2,3.33205)->(28,3,4.02382)->(28,4,4.65949)->(28,5,5.35126)->(28,6,6.6691)->(28,7,9.25961)->(27,7,11.8501)->(26,7,13.1679)->(25,7,13.8501)->(24,7,14.4179)->(23,7,14.9359)->(22,7,15.4359)->(21,7,15.9359)->(20,7,16.4359)->(19,7,16.9359)->(18,7,17.4359)->(17,7,17.9359)->(16,7,18.4359)->(15,7,18.9359)->(14,7,19.4359)->(13,7,19.9359)->(12,7,20.4359)->(11,7,20.9359)->(10,7,21.4538)->(9,7,22.0217)->(8,7,22.7038)->(7,7,24.0217)->(6,7,26.6501)->(6,8,5013.52)->
Agent 64:(13,9,2.2)->(13,8,4.4)->(13,7,8.01421)->(13,8,12.4284)->(12,8,17.4822)->(13,8,21.1501)->(14,8,22.5643)->(15,8,23.9785)->(16,8,29.2851)->(15,8,34.627)->(14,8,36.627)->(13,8,5018.04)->
Agent 65:(21,12,1.71421)->(21,13,6.23579)->(21,12,11.2858)->(21,11,12.7)->(21,10,14.1142)->(21,9,16.3284)->(20,9,18.5426)->(19,9,19.8605)->(18,9,20.5426)->(17,9,21.1105)->(16,9,21.6464)->(15,9,22.2142)->(14,9,22.8964)->(13,9,24.2142)->(12,9,5011.81)->
Agent 66:(26,0,2.21421)->(25,0,9.55961)->(25,1,16.9334)->(25,2,18.2513)->(25,3,18.9334)->(25,4,19.5013)->(25,5,20.0192)->(25,6,20.5192)->(25,7,21.0192)->(25,8,21.5192)->(25,9,22.0192)->(25,10,22.5192)->(25,11,23.0192)->(25,12,23.5192)->(25,13,24.0192)->(25,14,24.5192)->(25,15,25.0192)->(25,16,25.5372)->(25,17,26.105)->(25,18,26.7872)->(25,19,28.105)->(25,20,30.7334)->(26,20,5015.56)->
Agent 67:(10,27,2.81795)->(10,26,5.05011)->(10,25,6.36795)->(10,24,7.05011)->(10,23,7.61795)->(10,22,8.1359)->(10,21,8.6359)->(10,20,9.1359)->(10,19,9.6359)->(10,18,10.1359)->(10,17,10.6359)->(10,16,11.1359)->(10,15,11.6359)->(10,14,12.1359)->(10,13,12.6538)->(10,12,13.2217)->(10,11,13.9038)->(10,10,15.2217)->(10,9,17.8501)->(11,9,21.8643)->(11,10,5011.33)->
Agent 68:(18,27,1.8)->(17,27,3.01421)->(16,27,4.34806)->(15,27,5.17649)->(14,27,6.51034)->(13,27,10.5765)->(13,28,14.6426)->(13,29,16.0569)->(13,30,17.4711)->(13,31,5008.44)->
Agent 69:(5,29,2.21421)->(6,29,4.81421)->(6,28,7.44264)->(6,27,8.76048)->(6,26,9.44264)->(6,25,10.0105)->(6,24,10.5284)->(6,23,11.0284)->(6,22,11.5284)->(6,21,12.0284)->(6,20,12.5284)->(6,19,13.0284)->(6,18,13.5284)->(6,17,14.0284)->(6,16,14.5464)->(6,15,15.1142)->(6,14,15.7964)->(6,13,17.1142)->(6,12,20.0821)->(7,12,23.0499)->(8,12,24.3677)->(9,12,25.0499)->(10,12,25.6177)->(11,12,26.1536)->(12,12,26.7215)->(13,12,27.4036)->(14,12,28.7215)->(15,12,31.2777)->(15,11,33.8339)->(15,10,35.2481)->(15,9,36.6623)->(15,8,39.2907)->(16,8,5019.84)->
Agent 70:(26,22,2.2)->(26,21,3.81421)->(26,20,5.13205)->(26,19,5.81421)->(26,18,6.38205)->(26,17,6.9)->(26,16,7.4)->(26,15,7.9)->(26,14,8.4)->(26,13,8.9)->(26,12,9.4)->(26,11,9.9)->(26,10,10.4)->(26,9,10.9)->(26,8,11.4)->(26,7,11.9179)->(26,6,12.4858)->(26,5,13.1679)->(26,4,14.4858)->(26,3,16.7)->(27,3,19.5)->(28,3,5009.75)->
Agent 71:(10,24,3.06795)->(10,23,5.55011)->(10,22,6.86795)->(10,21,7.55011)->(10,20,8.11795)->(10,19,8.6359)->(10,18,9.1359)->(10,17,9.6359)->(10,16,10.1359)->(10,15,10.6359)->(10,14,11.1359)->(10,13,11.6359)->(10,12,12.1359)->(10,11,12.6359)->(10,10,13.1538)->(10,9,13.7217)->(10,8,14.4038)->(10,7,15.7217)->(10,6,17.9359)->(11,6,20.1854)->(12,6,22.1854)->(13,6,24.8491)->(13,7,5012.62)->
Agent 72:(4,14,1.8)->(5,14,3.01421)->(6,14,4.42843)->(7,14,5.84264)->(8,14,8.97894)->(8,13,12.1505)->(8,12,14.1505)->(8,11,16.8858)->(9,11,19.5858)->(10,11,20.9036)->(11,11,21.5858)->(12,11,22.1536)->(13,11,22.6716)->(14,11,23.1716)->(15,11,23.6716)->(16,11,24.1716)->(17,11,24.6716)->(18,11,25.1716)->(19,11,25.6716)->(20,11,26.1716)->(21,11,26.6716)->(22,11,27.1716)->(23,11,27.6716)->(24,11,28.1895)->(25,11,28.7574)->(26,11,29.4395)->(27,11,30.7574)->(28,11,5015.09)->
Agent 73:(0,2,1.3)->(0,3,2.01421)->(0,4,3.33205)->(0,5,4.01421)->(0,6,4.58205)->(0,7,5.1)->(0,8,5.6)->(0,9,6.1)->(0,10,6.61795)->(0,11,7.18579)->(0,12,7.86795)->(0,13,9.18579)->(0,14,13.8141)->(1,14,18.4424)->(2,14,19.7603)->(3,14,20.4424)->(4,14,21.0103)->(5,14,21.5282)->(6,14,22.0282)->(7,14,22.5282)->(8,14,23.0282)->(9,14,23.5282)->(10,14,24.0282)->(11,14,24.5282)->(12,14,25.0282)->(13,14,25.5282)->(14,14,26.0282)->(15,14,26.5462)->(16,14,27.114)->(17,14,27.7962)->(18,14,29.114)->(19,14,5014.26)->
Agent 74:(2,23,1.8)->(1,23,3.6)->(0,23,9.3141)->(0,22,14.4424)->(0,21,15.7603)->(0,20,16.4424)->(0,19,17.0103)->(0,18,17.5282)->(0,17,18.0282)->(0,16,18.5282)->(0,15,19.0282)->(0,14,19.5282)->(0,13,20.0282)->(0,12,20.5282)->(0,11,21.0282)->(0,10,21.5282)->(0,9,22.0282)->(0,8,22.5282)->(0,7,23.0282)->(0,6,23.5282)->(0,5,24.0462)->(0,4,24.614)->(0,3,25.2962)->(0,2,26.614)->(0,1,5013.01)->
Agent 75:(26,11,1.8)->(25,11,3.01421)->(24,11,4.33205)->(23,11,5.01421)->(22,11,5.58205)->(21,11,6.1)->(20,11,6.6)->(19,11,7.1)->(18,11,7.6)->(17,11,8.1)->(16,11,8.6)->(15,11,9.1)->(14,11,9.6)->(13,11,10.1)->(12,11,10.6)->(11,11,11.1)->(10,11,11.6179)->(9,11,12.1858)->(8,11,12.8679)->(7,11,14.1858)->(6,11,16.4)->(6,10,18.6142)->(6,9,19.9321)->(6,8,20.6238)->(6,7,21.2595)->(6,6,21.9513)->(6,5,23.2691)->(6,4,5011.34)->
Agent 76:(25,30,2.2)->(25,29,3.81421)->(25,28,5.13205)->(25,27,5.81421)->(25,26,6.38205)->(25,25,6.91795)->(25,24,7.48579)->(25,23,8.16795)->(25,22,9.48579)->(25,21,11.7)->(24,21,13.9142)->(23,21,15.2321)->(22,21,15.9142)->(21,21,16.4821)->(20,21,17)->(19,21,17.5)->(18,21,18)->(17,21,18.5)->(16,21,19)->(15,21,19.5)->(14,21,20)->(13,21,20.5)->(12,21,21)->(11,21,21.5)->(10,21,22)->(9,21,22.5)->(8,21,23)->(7,21,23.5179)->(6,21,24.0858)->(5,21,24.7679)->(4,21,26.0858)->(3,21,28.7142)->(3,22,5014.55)->
Agent 77:(23,2,1.3)->(23,3,2.01421)->(23,4,3.33205)->(23,5,4.01421)->(23,6,4.58205)->(23,7,5.1)->(23,8,5.61795)->(23,9,6.18579)->(23,10,6.86795)->(23,11,8.18579)->(23,12,11.1417)->(22,12,14.0975)->(21,12,15.4154)->(20,12,16.1071)->(19,12,16.7428)->(18,12,17.4346)->(17,12,18.7524)->(16,12,5009.08)->
Agent 78:(15,21,2.55)->(15,20,4.51421)->(15,19,5.83205)->(15,18,6.51421)->(15,17,7.08205)->(15,16,7.6)->(15,15,8.1)->(15,14,8.6)->(15,13,9.1)->(15,12,9.6)->(15,11,10.1)->(15,10,10.6179)->(15,9,11.1858)->(15,8,11.8679)->(15,7,13.1858)->(15,6,15.4)->(16,6,17.6142)->(17,6,18.9321)->(18,6,19.6142)->(19,6,20.1821)->(20,6,20.7)->(21,6,21.2)->(22,6,21.7)->(23,6,22.2)->(24,6,22.7)->(25,6,23.2)->(26,6,23.7)->(27,6,24.2179)->(28,6,24.7858)->(29,6,25.4679)->(30,6,26.7858)->(31,6,5013.1)->
Agent 79:(21,30,2.2)->(21,29,3.81421)->(21,28,5.13205)->(21,27,5.8641)->(21,26,6.59615)->(21,25,7.91399)->(21,24,11.6283)->(22,24,5006.55)->
