Agent 0:(15,27,2.3)->(15,26,4.01421)->(15,25,5.33205)->(15,24,6.01421)->(15,23,6.58205)->(15,22,7.1)->(15,21,7.6)->(15,20,8.1)->(15,19,8.6)->(15,18,9.1)->(15,17,9.61795)->(15,16,10.1858)->(15,15,10.8679)->(15,14,12.1858)->(15,13,14.4)->(14,13,16.6142)->(13,13,17.9321)->(12,13,18.6641)->(11,13,19.3962)->(10,13,20.714)->(9,13,24.2499)->(9,12,27.7858)->(9,11,29.1196)->(9,10,29.9481)->(9,9,31.2819)->(9,8,33.4961)->(8,8,35.7456)->(7,8,37.7456)->(6,8,5018.6)->
Agent 1:(31,19,1.3)->(31,20,2.6)->(31,21,6.56421)->(30,21,9.94264)->(29,21,11.2605)->(28,21,11.9426)->(27,21,12.5105)->(26,21,13.0284)->(25,21,13.5284)->(24,21,14.0284)->(23,21,14.5284)->(22,21,15.0284)->(21,21,15.5284)->(20,21,16.0284)->(19,21,16.5284)->(18,21,17.0284)->(17,21,17.5284)->(16,21,18.0284)->(15,21,18.5284)->(14,21,19.0284)->(13,21,19.5284)->(12,21,20.0284)->(11,21,20.5284)->(10,21,21.0284)->(9,21,21.5284)->(8,21,22.0284)->(7,21,22.5284)->(6,21,23.0284)->(5,21,23.5284)->(4,21,24.0464)->(3,21,24.6142)->(2,21,25.2964)->(1,21,26.6142)->(0,21,29.2426)->(0,22,5014.81)->
Agent 2:(2,19,2.61421)->(2,18,8.24213)->(3,18,20.8921)->(2,18,30.5284)->(1,18,5015.26)->
Agent 3:(29,27,1.8)->(28,27,3.01421)->(27,27,4.33205)->(26,27,5.0641)->(25,27,5.79615)->(24,27,7.11399)->(23,27,11.2999)->(23,26,15.4858)->(23,25,16.8196)->(23,24,17.6481)->(23,23,18.9819)->(23,22,24.5159)->(23,23,30.6357)->(23,24,5015.32)->
Agent 4:(31,11,1.95834)->(30,11,3.3309)->(29,11,4.64874)->(28,11,5.34051)->(27,11,5.97618)->(26,11,6.66795)->(25,11,7.98579)->(24,11,10.2)->(24,10,13)->(24,9,18.1)->(23,9,5010.19)->
Agent 5:(4,5,2.2)->(5,5,3.81421)->(6,5,5.13205)->(7,5,5.81421)->(8,5,6.38205)->(9,5,6.9)->(10,5,7.41795)->(11,5,7.98579)->(12,5,8.66795)->(13,5,9.98579)->(14,5,14.95)->(14,4,20.5)->(14,3,5010.25)->
Agent 6:(21,1,3.53205)->(21,2,6.47832)->(21,3,7.79615)->(21,4,8.47832)->(21,5,9.04615)->(21,6,9.58205)->(21,7,10.1499)->(21,8,10.8321)->(21,9,12.1499)->(21,10,15.65)->(22,10,19.1501)->(23,10,20.484)->(24,10,21.3124)->(25,10,22.6462)->(26,10,5011.03)->
Agent 7:(24,11,2.21421)->(23,11,8.3)->(24,11,14.4142)->(25,11,15.7321)->(26,11,16.4142)->(27,11,17)->(28,11,17.5858)->(29,11,18.2679)->(30,11,19.5858)->(31,11,21.8)->(31,10,24.6)->(31,9,5012.3)->
Agent 8:(19,8,2.03205)->(20,8,3.47832)->(21,8,4.79615)->(22,8,5.5282)->(23,8,6.26025)->(24,8,7.57809)->(25,8,9.7923)->(25,7,12.0065)->(25,6,13.3244)->(25,5,14.0161)->(25,4,14.6518)->(25,3,15.3436)->(25,2,16.6614)->(25,1,22.0378)->(25,2,28)->(25,3,5014)->
Agent 9:(20,5,1.8)->(19,5,3.6)->(18,5,12.4)->(18,6,20.6142)->(18,7,21.9321)->(18,8,22.6142)->(18,9,23.1821)->(18,10,23.7)->(18,11,24.2)->(18,12,24.7)->(18,13,25.2)->(18,14,25.7)->(18,15,26.2)->(18,16,26.7)->(18,17,27.2179)->(18,18,27.7858)->(18,19,28.4679)->(18,20,29.7858)->(18,21,5014.6)->
Agent 10:(31,25,4.6)->(31,24,8.61421)->(31,23,9.93205)->(31,22,10.6142)->(31,21,11.1821)->(31,20,11.7)->(31,19,12.2)->(31,18,12.7)->(31,17,13.2)->(31,16,13.7)->(31,15,14.2)->(31,14,14.7)->(31,13,15.2)->(31,12,15.7)->(31,11,16.2)->(31,10,16.7)->(31,9,17.2179)->(31,8,17.7858)->(31,7,18.4679)->(31,6,19.7858)->(31,5,22)->(30,5,24.2142)->(29,5,25.5321)->(28,5,26.2142)->(27,5,26.7821)->(26,5,27.3)->(25,5,27.8)->(24,5,28.3)->(23,5,28.8)->(22,5,29.3)->(21,5,29.8)->(20,5,30.3)->(19,5,30.8)->(18,5,31.3)->(17,5,31.8)->(16,5,32.3)->(15,5,32.8)->(14,5,33.3)->(13,5,33.8)->(12,5,34.3)->(11,5,34.8)->(10,5,35.3)->(9,5,35.8179)->(8,5,36.3858)->(7,5,37.0679)->(6,5,38.3858)->(5,5,5018.9)->
Agent 11:(21,25,1.3)->(21,26,2.04949)->(21,27,4.04949)->(21,28,6.94587)->(22,28,9.80697)->(23,28,11.1248)->(24,28,11.8166)->(25,28,12.4522)->(26,28,13.144)->(27,28,14.4619)->(28,28,16.6761)->(28,29,18.9256)->(28,30,20.9256)->(28,31,5010.19)->
Agent 12:(29,29,1.8)->(28,29,3.01421)->(27,29,4.42843)->(26,29,5.84264)->(25,29,8.14264)->(25,28,10.4426)->(25,27,11.7605)->(25,26,12.4426)->(25,25,13.0105)->(25,24,13.5284)->(25,23,14.0284)->(25,22,14.5284)->(25,21,15.0284)->(25,20,15.5284)->(25,19,16.0284)->(25,18,16.5284)->(25,17,17.0284)->(25,16,17.5284)->(25,15,18.0284)->(25,14,18.5284)->(25,13,19.0284)->(25,12,19.5284)->(25,11,20.0464)->(25,10,20.6142)->(25,9,21.2964)->(25,8,22.6142)->(25,7,25.2426)->(26,7,31.8605)->(25,7,37.5067)->(24,7,38.8246)->(23,7,39.5067)->(22,7,40.0746)->(21,7,40.6105)->(20,7,41.1783)->(19,7,41.8605)->(18,7,43.1783)->(17,7,5021.3)->
Agent 13:(5,18,1.3)->(5,19,2.01421)->(5,20,3.33205)->(5,21,4.01421)->(5,22,4.6)->(5,23,5.18579)->(5,24,5.86795)->(5,25,7.18579)->(5,26,12.2958)->(6,26,17.4057)->(7,26,18.7236)->(8,26,19.4057)->(9,26,19.9736)->(10,26,20.4915)->(11,26,20.9915)->(12,26,21.4915)->(13,26,21.9915)->(14,26,22.4915)->(15,26,22.9915)->(16,26,23.4915)->(17,26,23.9915)->(18,26,24.4915)->(19,26,24.9915)->(20,26,25.4915)->(21,26,25.9915)->(22,26,26.4915)->(23,26,27.0095)->(24,26,27.5773)->(25,26,28.2595)->(26,26,29.5773)->(27,26,5014.5)->
Agent 14:(27,22,7.51421)->(27,21,14.4426)->(27,20,15.7605)->(27,19,16.4426)->(27,18,17.0105)->(27,17,17.5284)->(27,16,18.0284)->(27,15,18.5284)->(27,14,19.0284)->(27,13,19.5284)->(27,12,20.0464)->(27,11,20.6142)->(27,10,21.2964)->(27,9,22.6142)->(27,8,25.2426)->(26,8,5012.81)->
Agent 15:(6,9,7.06744)->(6,10,13.5491)->(6,11,14.8829)->(6,12,15.7114)->(6,13,17.0452)->(6,14,5008.23)->
Agent 16:(30,27,2.46421)->(30,26,4.34264)->(30,25,5.66048)->(30,24,6.34264)->(30,23,6.91048)->(30,22,7.42843)->(30,21,7.92843)->(30,20,8.42843)->(30,19,8.92843)->(30,18,9.42843)->(30,17,9.92843)->(30,16,10.4284)->(30,15,10.9284)->(30,14,11.4284)->(30,13,11.9284)->(30,12,12.4284)->(30,11,12.9284)->(30,10,13.4284)->(30,9,13.9284)->(30,8,14.4284)->(30,7,14.9284)->(30,6,15.4284)->(30,5,15.9464)->(30,4,16.5142)->(30,3,17.1964)->(30,2,18.5142)->(30,1,21.9546)->(29,1,25.395)->(28,1,26.7128)->(27,1,27.4046)->(26,1,28.0403)->(25,1,28.7321)->(24,1,30.0499)->(23,1,5014.73)->
Agent 17:(18,1,2.2)->(17,1,3.81421)->(16,1,5.13205)->(15,1,5.81421)->(14,1,6.38205)->(13,1,6.9)->(12,1,7.41795)->(11,1,7.98579)->(10,1,8.66795)->(9,1,9.98579)->(8,1,12.2)->(8,2,14.4142)->(8,3,15.7321)->(8,4,16.4641)->(8,5,17.1962)->(8,6,18.514)->(8,7,23.1779)->(7,7,5012.8)->
Agent 18:(23,2,1.8)->(22,2,3.01421)->(21,2,4.33205)->(20,2,5.01421)->(19,2,5.58205)->(18,2,6.1)->(17,2,6.6)->(16,2,7.1)->(15,2,7.61795)->(14,2,8.18579)->(13,2,8.86795)->(12,2,10.1858)->(11,2,12.8137)->(11,3,15.4416)->(11,4,16.7595)->(11,5,17.4416)->(11,6,18.0095)->(11,7,18.5274)->(11,8,19.0274)->(11,9,19.5274)->(11,10,20.0274)->(11,11,20.5274)->(11,12,21.0274)->(11,13,21.5454)->(11,14,22.1132)->(11,15,22.7954)->(11,16,24.1132)->(11,17,26.3274)->(10,17,28.5416)->(9,17,29.8595)->(8,17,30.5512)->(7,17,31.1869)->(6,17,31.8787)->(5,17,33.1965)->(4,17,35.4107)->(4,18,37.6249)->(4,19,38.9428)->(4,20,39.6249)->(4,21,40.1928)->(4,22,40.7287)->(4,23,41.2965)->(4,24,41.9787)->(4,25,43.2965)->(4,26,5021.36)->
Agent 19:(17,22,1.71421)->(17,23,3.81421)->(18,23,7.02843)->(19,23,13.5142)->(19,22,19.4142)->(19,21,20.7321)->(19,20,21.4142)->(19,19,21.9821)->(19,18,22.5)->(19,17,23)->(19,16,23.5)->(19,15,24)->(19,14,24.5)->(19,13,25)->(19,12,25.5)->(19,11,26)->(19,10,26.5)->(19,9,27)->(19,8,27.5)->(19,7,28)->(19,6,28.5)->(19,5,29)->(19,4,29.5179)->(19,3,30.0858)->(19,2,30.7679)->(19,1,32.0858)->(19,0,34.3)->(20,0,36.5142)->(21,0,37.8481)->(22,0,38.6765)->(23,0,40.0103)->(24,0,5019.71)->
Agent 20:(2,24,1.8)->(3,24,3.6)->(4,24,6.4)->(4,23,8.61421)->(4,22,9.94806)->(4,21,10.7765)->(4,20,12.1103)->(4,19,20.327)->(3,19,28.5789)->(2,19,30.5789)->(1,19,5015.01)->
Agent 21:(10,13,2.2)->(10,12,3.81421)->(10,11,5.13205)->(10,10,5.81421)->(10,9,6.38205)->(10,8,6.91795)->(10,7,7.48579)->(10,6,8.16795)->(10,5,9.48579)->(10,4,16.4859)->(11,4,23.486)->(12,4,24.8038)->(13,4,25.5359)->(14,4,26.2679)->(15,4,27.5858)->(16,4,31.3142)->(16,5,5016.4)->
Agent 22:(15,7,1.8)->(16,7,3.01421)->(17,7,4.33205)->(18,7,5.01421)->(19,7,5.58205)->(20,7,6.1)->(21,7,6.6)->(22,7,7.1)->(23,7,7.61795)->(24,7,8.18579)->(25,7,8.86795)->(26,7,10.1858)->(27,7,20.0284)->(27,8,29.8711)->(27,9,31.1889)->(27,10,31.8711)->(27,11,32.4569)->(27,12,33.0426)->(27,13,33.7248)->(27,14,35.0426)->(27,15,5017.23)->
Agent 23:(13,21,1.71421)->(13,22,5.25)->(14,22,9.31421)->(15,22,10.6321)->(16,22,11.3142)->(17,22,11.8821)->(18,22,12.4)->(19,22,12.9)->(20,22,13.4)->(21,22,13.9)->(22,22,14.4)->(23,22,14.9)->(24,22,15.4)->(25,22,15.9)->(26,22,16.4)->(27,22,16.9179)->(28,22,17.4858)->(29,22,18.1679)->(30,22,19.4858)->(31,22,5009.45)->
Agent 24:(25,17,1.8)->(24,17,3.01421)->(23,17,4.33205)->(22,17,5.01421)->(21,17,5.58205)->(20,17,6.1)->(19,17,6.6)->(18,17,7.1)->(17,17,7.6)->(16,17,8.1)->(15,17,8.6)->(14,17,9.1)->(13,17,9.6)->(12,17,10.1)->(11,17,10.6179)->(10,17,11.1858)->(9,17,11.8679)->(8,17,13.1858)->(7,17,16.3317)->(7,16,19.4775)->(7,15,20.7954)->(7,14,21.4775)->(7,13,22.0454)->(7,12,22.5633)->(7,11,23.0633)->(7,10,23.5633)->(7,9,24.0633)->(7,8,24.5633)->(7,7,25.0813)->(7,6,25.6491)->(7,5,26.3313)->(7,4,27.6491)->(7,3,5013.53)->
Agent 25:(16,6,3.43176)->(16,7,6.27774)->(16,8,7.59558)->(16,9,8.32763)->(16,10,9.05968)->(16,11,10.3775)->(16,12,12.5917)->(15,12,14.8059)->(14,12,16.1238)->(13,12,16.8059)->(12,12,17.3917)->(11,12,17.9775)->(10,12,18.6597)->(9,12,19.9775)->(8,12,5009.7)->
Agent 26:(6,27,2.2)->(6,26,3.81421)->(6,25,5.13205)->(6,24,5.81421)->(6,23,6.38205)->(6,22,6.9)->(6,21,7.4)->(6,20,7.91795)->(6,19,8.48579)->(6,18,9.16795)->(6,17,10.4858)->(6,16,12.7)->(5,16,15.5)->(4,16,28.2696)->(4,17,5019.11)->
Agent 27:(8,19,1.8)->(9,19,3.04949)->(10,19,5.04949)->(11,19,8.28154)->(11,20,11.4783)->(11,21,12.7962)->(11,22,13.4783)->(11,23,14.0641)->(11,24,14.6499)->(11,25,15.3321)->(11,26,16.6499)->(11,27,5008.03)->
Agent 28:(15,31,2.2)->(15,30,3.81421)->(15,29,5.13205)->(15,28,5.81421)->(15,27,6.38205)->(15,26,6.9)->(15,25,7.4)->(15,24,7.9)->(15,23,8.4)->(15,22,8.9)->(15,21,9.4)->(15,20,9.91795)->(15,19,10.4858)->(15,18,11.1679)->(15,17,12.4858)->(15,16,15.1142)->(14,16,5007.75)->
Agent 29:(24,13,1.3)->(24,14,2.6)->(24,15,5.5)->(25,15,8.4)->(26,15,5004.2)->
Agent 30:(9,24,4.45)->(10,24,8.31421)->(11,24,9.63205)->(12,24,10.3142)->(13,24,10.8821)->(14,24,11.4)->(15,24,11.9)->(16,24,12.4)->(17,24,12.9)->(18,24,13.4)->(19,24,13.9)->(20,24,14.4)->(21,24,14.9179)->(22,24,15.4858)->(23,24,16.1679)->(24,24,17.4858)->(25,24,19.7)->(25,23,21.9142)->(25,22,23.2321)->(25,21,23.9142)->(25,20,24.4821)->(25,19,25.0179)->(25,18,25.5858)->(25,17,26.2679)->(25,16,27.5858)->(25,15,5013.5)->
Agent 31:(12,5,1.3)->(12,6,2.01421)->(12,7,3.33205)->(12,8,4.01421)->(12,9,4.58205)->(12,10,5.1)->(12,11,5.6)->(12,12,6.1)->(12,13,6.6)->(12,14,7.1)->(12,15,7.6)->(12,16,8.1)->(12,17,8.6)->(12,18,9.11795)->(12,19,9.68579)->(12,20,10.3679)->(12,21,11.6858)->(12,22,14.8317)->(13,22,17.9775)->(14,22,19.2954)->(15,22,19.9775)->(16,22,20.5454)->(17,22,21.0633)->(18,22,21.5813)->(19,22,22.1491)->(20,22,22.8313)->(21,22,24.1491)->(22,22,5011.78)->
Agent 32:(9,10,5.22157)->(10,10,9.85736)->(11,10,11.1752)->(12,10,11.8574)->(13,10,12.4252)->(14,10,12.9431)->(15,10,13.4431)->(16,10,13.9611)->(17,10,14.5289)->(18,10,15.2111)->(19,10,16.5289)->(20,10,20.3036)->(20,11,24.0783)->(20,12,25.3962)->(20,13,26.1282)->(20,14,26.8603)->(20,15,28.1781)->(20,16,5013.8)->
Agent 33:(30,5,2.21421)->(29,5,4.81421)->(29,6,7.44264)->(29,7,8.76048)->(29,8,9.44264)->(29,9,10.0105)->(29,10,10.5284)->(29,11,11.0284)->(29,12,11.5284)->(29,13,12.0284)->(29,14,12.5284)->(29,15,13.0284)->(29,16,13.5284)->(29,17,14.0284)->(29,18,14.5284)->(29,19,15.0284)->(29,20,15.5284)->(29,21,16.0284)->(29,22,16.5284)->(29,23,17.0284)->(29,24,17.5464)->(29,25,18.1142)->(29,26,18.7964)->(29,27,20.1142)->(29,28,22.3284)->(30,28,25.1284)->(31,28,5012.56)->
Agent 34:(14,27,2.3)->(14,26,4.01421)->(14,25,5.33205)->(14,24,6.01421)->(14,23,6.58205)->(14,22,7.1)->(14,21,7.61795)->(14,20,8.18579)->(14,19,8.86795)->(14,18,10.1858)->(14,17,13.4962)->(15,17,16.8065)->(16,17,18.1244)->(17,17,18.8065)->(18,17,19.3744)->(19,17,19.8923)->(20,17,20.3923)->(21,17,20.8923)->(22,17,21.3923)->(23,17,21.9103)->(24,17,22.4781)->(25,17,23.1603)->(26,17,24.4781)->(27,17,5011.95)->
Agent 35:(19,21,1.3)->(19,22,2.01421)->(19,23,3.33205)->(19,24,4.01421)->(19,25,4.6)->(19,26,5.18579)->(19,27,5.86795)->(19,28,7.18579)->(19,29,10.5463)->(18,29,13.9067)->(17,29,15.2246)->(16,29,15.9067)->(15,29,16.4746)->(14,29,16.9925)->(13,29,17.4925)->(12,29,17.9925)->(11,29,18.4925)->(10,29,19.0105)->(9,29,19.5783)->(8,29,20.2605)->(7,29,21.5783)->(6,29,24.2067)->(6,30,5012.3)->
Agent 36:(1,17,2.2)->(1,16,3.81421)->(1,15,5.13205)->(1,14,5.82382)->(1,13,6.45949)->(1,12,7.15126)->(1,11,8.4691)->(1,10,11.7054)->(2,10,14.9416)->(3,10,16.2595)->(4,10,16.9416)->(5,10,17.5095)->(6,10,18.0274)->(7,10,18.5454)->(8,10,19.1132)->(9,10,19.7954)->(10,10,21.1132)->(11,10,25.2779)->(11,11,5013.6)->
Agent 37:(23,30,1.8)->(22,30,3.01421)->(21,30,4.33205)->(20,30,5.01421)->(19,30,5.58205)->(18,30,6.1)->(17,30,6.6)->(16,30,7.1)->(15,30,7.6)->(14,30,8.1)->(13,30,8.6)->(12,30,9.1)->(11,30,9.6)->(10,30,10.1)->(9,30,10.6)->(8,30,11.1)->(7,30,11.6)->(6,30,12.1)->(5,30,12.6179)->(4,30,13.1858)->(3,30,13.8679)->(2,30,15.1858)->(1,30,19.3142)->(1,29,23.4426)->(1,28,24.7605)->(1,27,25.4426)->(1,26,26.0105)->(1,25,26.5284)->(1,24,27.0284)->(1,23,27.5284)->(1,22,28.0284)->(1,21,28.5284)->(1,20,29.0284)->(1,19,29.5284)->(1,18,30.0284)->(1,17,30.5284)->(1,16,31.0464)->(1,15,31.6142)->(1,14,32.2964)->(1,13,33.6142)->(1,12,36.2426)->(2,12,39.8426)->(2,11,42.4711)->(2,10,43.7889)->(2,9,44.4711)->(2,8,45.0389)->(2,7,45.5569)->(2,6,46.0748)->(2,5,46.6426)->(2,4,47.3248)->(2,3,48.6426)->(2,2,51.2711)->(3,2,5025.83)->
Agent 38:(15,6,8.06784)->(15,7,15.5499)->(15,8,16.8677)->(15,9,17.5499)->(15,10,18.1177)->(15,11,18.6357)->(15,12,19.1357)->(15,13,19.6357)->(15,14,20.1357)->(15,15,20.6357)->(15,16,21.1357)->(15,17,21.6357)->(15,18,22.1357)->(15,19,22.6357)->(15,20,23.1357)->(15,21,23.6357)->(15,22,24.1357)->(15,23,24.6357)->(15,24,25.1357)->(15,25,25.6357)->(15,26,26.1357)->(15,27,26.6536)->(15,28,27.2215)->(15,29,27.9036)->(15,30,29.2215)->(15,31,31.4357)->(16,31,33.6499)->(17,31,34.9677)->(18,31,35.6499)->(19,31,36.2177)->(20,31,36.7357)->(21,31,37.2357)->(22,31,37.7536)->(23,31,38.3215)->(24,31,39.0036)->(25,31,40.3215)->(26,31,5019.87)->
Agent 39:(2,9,1.71421)->(2,10,7.0496)->(3,10,12.9134)->(4,10,14.2313)->(5,10,14.9134)->(6,10,15.4813)->(7,10,15.9992)->(8,10,16.4992)->(9,10,17.0172)->(10,10,17.585)->(11,10,18.2672)->(12,10,19.585)->(13,10,24.0138)->(13,11,5013.1)->
Agent 40:(4,13,2.2)->(4,12,3.81421)->(4,11,5.13205)->(4,10,5.81421)->(4,9,6.38205)->(4,8,6.9)->(4,7,7.41795)->(4,6,7.98579)->(4,5,8.66795)->(4,4,9.98579)->(4,3,12.2)->(5,3,14.4142)->(6,3,15.7321)->(7,3,16.4142)->(8,3,16.9821)->(9,3,17.5)->(10,3,18)->(11,3,18.5)->(12,3,19)->(13,3,19.5)->(14,3,20)->(15,3,20.5)->(16,3,21)->(17,3,21.5)->(18,3,22)->(19,3,22.5)->(20,3,23)->(21,3,23.5)->(22,3,24.0179)->(23,3,24.5858)->(24,3,25.2679)->(25,3,26.5858)->(26,3,29.2142)->(26,4,5014.8)->
Agent 41:(14,6,1.3)->(14,7,2.01421)->(14,8,3.33205)->(14,9,4.01421)->(14,10,4.58205)->(14,11,5.11795)->(14,12,5.68579)->(14,13,6.36795)->(14,14,7.68579)->(14,15,10.35)->(15,15,13.0142)->(16,15,14.3321)->(17,15,15.0142)->(18,15,15.5821)->(19,15,16.1179)->(20,15,16.6858)->(21,15,17.3679)->(22,15,18.6858)->(23,15,21.3877)->(23,16,24.0897)->(23,17,25.4235)->(23,18,26.2519)->(23,19,27.5858)->(23,20,5013.5)->
Agent 42:(24,28,5.2641)->(24,27,9.97769)->(24,26,11.9777)->(24,25,17.1236)->(23,25,5010)->
Agent 43:(8,23,2.2)->(8,22,3.81421)->(8,21,5.13205)->(8,20,5.81421)->(8,19,6.38205)->(8,18,6.91795)->(8,17,7.48579)->(8,16,8.16795)->(8,15,9.48579)->(8,14,11.7)->(7,14,13.9142)->(6,14,15.3284)->(5,14,16.7426)->(4,14,19.3711)->(4,15,5009.88)->
Agent 44:(8,24,1.3)->(8,25,2.01421)->(8,26,3.34806)->(8,27,4.17649)->(8,28,5.51034)->(8,29,7.72456)->(7,29,9.93877)->(6,29,11.2566)->(5,29,11.9388)->(4,29,12.5246)->(3,29,13.1103)->(2,29,13.7925)->(1,29,15.1103)->(0,29,5007.26)->
Agent 45:(20,25,2.97157)->(20,24,5.35736)->(20,23,6.6752)->(20,22,7.35736)->(20,21,7.9252)->(20,20,8.44315)->(20,19,8.94315)->(20,18,9.44315)->(20,17,9.94315)->(20,16,10.4431)->(20,15,10.9431)->(20,14,11.4431)->(20,13,11.9611)->(20,12,12.5289)->(20,11,13.2111)->(20,10,14.5289)->(20,9,16.7431)->(19,9,18.9574)->(18,9,20.2752)->(17,9,20.9574)->(16,9,21.5252)->(15,9,22.0431)->(14,9,22.5431)->(13,9,23.0431)->(12,9,23.5431)->(11,9,24.0431)->(10,9,24.5431)->(9,9,25.0431)->(8,9,25.5431)->(7,9,26.0611)->(6,9,26.6289)->(5,9,27.3111)->(4,9,28.6289)->(3,9,5014.02)->
Agent 46:(22,6,1.3)->(22,7,2.01421)->(22,8,3.34806)->(22,9,4.17649)->(22,10,5.51034)->(22,11,7.72456)->(21,11,9.93877)->(20,11,11.2566)->(19,11,11.9388)->(18,11,12.5066)->(17,11,13.0246)->(16,11,13.5246)->(15,11,14.0246)->(14,11,14.5246)->(13,11,15.0246)->(12,11,15.5246)->(11,11,16.0246)->(10,11,16.5246)->(9,11,17.0425)->(8,11,17.6103)->(7,11,18.2925)->(6,11,19.6103)->(5,11,21.8246)->(5,12,24.0388)->(5,13,25.3566)->(5,14,26.0388)->(5,15,26.6066)->(5,16,27.1246)->(5,17,27.6246)->(5,18,28.1246)->(5,19,28.6246)->(5,20,29.1246)->(5,21,29.6246)->(5,22,30.1246)->(5,23,30.6246)->(5,24,31.1425)->(5,25,31.7103)->(5,26,32.3925)->(5,27,33.7103)->(5,28,36.3388)->(6,28,5018.36)->
Agent 47:(9,23,3.01421)->(9,22,5.44264)->(9,21,6.76048)->(9,20,7.44264)->(9,19,8.01048)->(9,18,8.52843)->(9,17,9.02843)->(9,16,9.52843)->(9,15,10.0284)->(9,14,10.5284)->(9,13,11.0284)->(9,12,11.5284)->(9,11,12.0464)->(9,10,12.6142)->(9,9,13.2964)->(9,8,14.6142)->(9,7,17.8463)->(10,7,21.0783)->(11,7,22.3962)->(12,7,23.0783)->(13,7,23.6462)->(14,7,24.1641)->(15,7,24.6641)->(16,7,25.1641)->(17,7,25.6641)->(18,7,26.1641)->(19,7,26.6641)->(20,7,27.1641)->(21,7,27.6821)->(22,7,28.2499)->(23,7,28.9321)->(24,7,30.2499)->(25,7,32.8783)->(25,6,5016.63)->
Agent 48:(12,13,1.8)->(13,13,3.01421)->(14,13,4.33205)->(15,13,5.01421)->(16,13,5.58205)->(17,13,6.1)->(18,13,6.6)->(19,13,7.1)->(20,13,7.61795)->(21,13,8.18579)->(22,13,8.86795)->(23,13,10.1858)->(24,13,15.6679)->(24,12,21.1501)->(24,11,22.4679)->(24,10,23.1501)->(24,9,23.7179)->(24,8,24.2359)->(24,7,24.7359)->(24,6,25.2538)->(24,5,25.8217)->(24,4,26.5038)->(24,3,27.8217)->(24,2,5013.62)->
Agent 49:(31,18,4.05)->(30,18,7.51421)->(29,18,8.83205)->(28,18,9.51421)->(27,18,10.0821)->(26,18,10.6179)->(25,18,11.1858)->(24,18,11.8679)->(23,18,13.1858)->(22,18,15.4)->(22,19,17.6142)->(22,20,18.9321)->(22,21,19.6142)->(22,22,20.1821)->(22,23,20.7179)->(22,24,21.2858)->(22,25,21.9679)->(22,26,23.2858)->(22,27,25.9142)->(21,27,5013.15)->
Agent 50:(17,10,1.71421)->(17,11,3.81421)->(16,11,6.44264)->(15,11,7.76048)->(14,11,8.44264)->(13,11,9.01048)->(12,11,9.52843)->(11,11,10.0284)->(10,11,10.5284)->(9,11,11.0284)->(8,11,11.5284)->(7,11,12.0284)->(6,11,12.5284)->(5,11,13.0464)->(4,11,13.6142)->(3,11,14.2964)->(2,11,15.6142)->(1,11,5007.51)->
Agent 51:(21,2,1.8)->(20,2,3.01421)->(19,2,4.33205)->(18,2,5.01421)->(17,2,5.58205)->(16,2,6.1)->(15,2,6.6)->(14,2,7.1)->(13,2,7.6)->(12,2,8.1)->(11,2,8.6)->(10,2,9.1)->(9,2,9.61795)->(8,2,10.1858)->(7,2,10.8679)->(6,2,12.1858)->(5,2,16.3623)->(5,3,20.5388)->(5,4,21.8566)->(5,5,22.5388)->(5,6,23.1066)->(5,7,23.6246)->(5,8,24.1246)->(5,9,24.6246)->(5,10,25.1246)->(5,11,25.6246)->(5,12,26.1246)->(5,13,26.6246)->(5,14,27.1246)->(5,15,27.6246)->(5,16,28.1246)->(5,17,28.6246)->(5,18,29.1246)->(5,19,29.6246)->(5,20,30.1246)->(5,21,30.6425)->(5,22,31.2103)->(5,23,31.8925)->(5,24,33.2103)->(5,25,35.4246)->(4,25,37.674)->(3,25,39.674)->(2,25,5019.56)->
Agent 52:(14,31,3.2)->(15,31,5.84949)->(16,31,7.84949)->(17,31,10.1637)->(17,30,12.4426)->(17,29,13.7605)->(17,28,14.4426)->(17,27,15.0105)->(17,26,15.5284)->(17,25,16.0464)->(17,24,16.6142)->(17,23,17.2964)->(17,22,18.6142)->(17,21,5009.01)->
Agent 53:(21,6,1.3)->(21,7,2.01421)->(21,8,3.33205)->(21,9,4.01421)->(21,10,4.58205)->(21,11,5.1)->(21,12,5.6)->(21,13,6.1)->(21,14,6.61795)->(21,15,7.18579)->(21,16,7.86795)->(21,17,9.18579)->(21,18,11.4)->(20,18,13.6142)->(19,18,14.9321)->(18,18,15.6142)->(17,18,16.1821)->(16,18,16.7)->(15,18,17.2179)->(14,18,17.7858)->(13,18,18.4679)->(12,18,19.7858)->(11,18,22)->(11,19,24.2142)->(11,20,25.5481)->(11,21,26.3765)->(11,22,27.7103)->(11,23,5013.56)->
Agent 54:(22,29,3.3)->(22,28,6.01421)->(22,27,7.33205)->(22,26,8.01421)->(22,25,8.58205)->(22,24,9.1)->(22,23,9.6)->(22,22,10.1)->(22,21,10.6)->(22,20,11.1)->(22,19,11.6)->(22,18,12.1)->(22,17,12.6)->(22,16,13.1)->(22,15,13.6179)->(22,14,14.1858)->(22,13,14.8679)->(22,12,16.1858)->(22,11,18.4)->(21,11,20.6142)->(20,11,21.9321)->(19,11,22.6142)->(18,11,23.1821)->(17,11,23.7)->(16,11,24.2)->(15,11,24.7)->(14,11,25.2)->(13,11,25.7)->(12,11,26.2)->(11,11,26.7)->(10,11,27.2179)->(9,11,27.7858)->(8,11,28.4679)->(7,11,29.7858)->(6,11,5014.6)->
Agent 55:(25,24,1.8)->(24,24,3.6)->(23,24,9.5)->(23,23,14.8495)->(23,22,16.8495)->(23,21,5008.15)->
Agent 56:(14,5,2.21421)->(15,5,12.15)->(15,6,22.1142)->(15,7,23.4321)->(15,8,24.1142)->(15,9,24.6821)->(15,10,25.2)->(15,11,25.7)->(15,12,26.2)->(15,13,26.7)->(15,14,27.2)->(15,15,27.7)->(15,16,28.2179)->(15,17,28.7858)->(15,18,29.4679)->(15,19,30.7858)->(15,20,5015.1)->
Agent 57:(0,11,1.3)->(0,12,2.01421)->(0,13,3.33205)->(0,14,4.01421)->(0,15,4.58205)->(0,16,5.1)->(0,17,5.6)->(0,18,6.1)->(0,19,6.6)->(0,20,7.1)->(0,21,7.6)->(0,22,8.1)->(0,23,8.6)->(0,24,9.11795)->(0,25,9.68579)->(0,26,10.3679)->(0,27,11.6858)->(0,28,13.9)->(1,28,16.7)->(2,28,19.9142)->(2,29,5010.15)->
Agent 58:(5,22,1.8)->(4,22,3.04949)->(3,22,5.04949)->(2,22,7.29898)->(2,21,9.54847)->(2,20,11.5485)->(2,19,18.5132)->(2,20,26.0284)->(2,21,5013.01)->
Agent 59:(20,15,2.2)->(20,14,3.81421)->(20,13,5.13205)->(20,12,5.81421)->(20,11,6.4)->(20,10,6.98579)->(20,9,7.66795)->(20,8,8.98579)->(20,7,16.2142)->(20,8,23.4426)->(20,9,24.7605)->(20,10,25.4925)->(20,11,26.2246)->(20,12,27.5424)->(20,13,5013.48)->
Agent 60:(15,22,1.8)->(16,22,3.01421)->(17,22,4.33205)->(18,22,5.01421)->(19,22,5.6)->(20,22,6.18579)->(21,22,6.86795)->(22,22,8.18579)->(23,22,10.4)->(23,21,12.6142)->(23,20,13.9321)->(23,19,14.6142)->(23,18,15.1821)->(23,17,15.7)->(23,16,16.2)->(23,15,16.7)->(23,14,17.2)->(23,13,17.7)->(23,12,18.2)->(23,11,18.7)->(23,10,19.2179)->(23,9,19.7858)->(23,8,20.4679)->(23,7,21.7858)->(23,6,5010.6)->
Agent 61:(26,22,2.2)->(26,21,3.81421)->(26,20,5.13205)->(26,19,5.81421)->(26,18,6.38205)->(26,17,6.9)->(26,16,7.4)->(26,15,7.9)->(26,14,8.4)->(26,13,8.9)->(26,12,9.41795)->(26,11,9.98579)->(26,10,10.6679)->(26,9,11.9858)->(26,8,15.8505)->(25,8,19.7505)->(24,8,21.7505)->(23,8,5010.6)->
Agent 62:(25,20,4.21795)->(25,19,7.85011)->(25,18,9.16795)->(25,17,9.85011)->(25,16,10.4179)->(25,15,10.9359)->(25,14,11.4359)->(25,13,11.9359)->(25,12,12.4359)->(25,11,12.9359)->(25,10,13.4538)->(25,9,14.0217)->(25,8,14.7038)->(25,7,16.0217)->(25,6,18.2359)->(26,6,20.4501)->(27,6,21.7679)->(28,6,22.5)->(29,6,23.2321)->(30,6,24.5499)->(31,6,5011.98)->
Agent 63:(27,21,2.2)->(27,20,3.81421)->(27,19,5.13205)->(27,18,5.81421)->(27,17,6.38205)->(27,16,6.91795)->(27,15,7.48579)->(27,14,8.16795)->(27,13,9.48579)->(27,12,13.0679)->(26,12,16.6501)->(25,12,17.9679)->(24,12,18.6501)->(23,12,19.2179)->(22,12,19.7359)->(21,12,20.2359)->(20,12,20.7359)->(19,12,21.2359)->(18,12,21.7359)->(17,12,22.2359)->(16,12,22.7359)->(15,12,23.2359)->(14,12,23.7538)->(13,12,24.3217)->(12,12,25.0038)->(11,12,26.3217)->(10,12,5012.87)->
Agent 64:(22,12,1.3)->(22,13,2.01421)->(22,14,3.42843)->(22,15,4.84264)->(22,16,7.47107)->(23,16,11.7284)->(22,16,15.0142)->(21,16,16.3321)->(20,16,17.0238)->(19,16,17.6595)->(18,16,18.3513)->(17,16,19.6691)->(16,16,5009.54)->
Agent 65:(31,2,1.3)->(31,3,2.01421)->(31,4,3.33205)->(31,5,4.01421)->(31,6,4.58205)->(31,7,5.1)->(31,8,5.6)->(31,9,6.1)->(31,10,6.61795)->(31,11,7.18579)->(31,12,7.86795)->(31,13,9.18579)->(31,14,11.4)->(30,14,13.6142)->(29,14,14.9321)->(28,14,15.6142)->(27,14,16.1821)->(26,14,16.7)->(25,14,17.2)->(24,14,17.7)->(23,14,18.2)->(22,14,18.7)->(21,14,19.2)->(20,14,19.7)->(19,14,20.2)->(18,14,20.7)->(17,14,21.2)->(16,14,21.7)->(15,14,22.2)->(14,14,22.7)->(13,14,23.2)->(12,14,23.7)->(11,14,24.2179)->(10,14,24.7858)->(9,14,25.4679)->(8,14,26.7858)->(7,14,29.4142)->(7,13,33.0142)->(6,13,36.2284)->(5,13,39.4426)->(5,14,5019.91)->
Agent 66:(21,31,6.44615)->(21,30,12.3065)->(21,29,13.6244)->(21,28,14.3065)->(21,27,14.8744)->(21,26,15.3923)->(21,25,15.8923)->(21,24,16.3923)->(21,23,16.8923)->(21,22,17.3923)->(21,21,17.8923)->(21,20,18.3923)->(21,19,18.8923)->(21,18,19.3923)->(21,17,19.8923)->(21,16,20.3923)->(21,15,20.8923)->(21,14,21.3923)->(21,13,21.8923)->(21,12,22.3923)->(21,11,22.8923)->(21,10,23.3923)->(21,9,23.8923)->(21,8,24.3923)->(21,7,24.8923)->(21,6,25.4103)->(21,5,25.9781)->(21,4,26.6603)->(21,3,27.9781)->(21,2,30.6065)->(20,2,5015.5)->
Agent 67:(24,4,1.7)->(24,5,2.81421)->(24,6,4.13205)->(24,7,4.81421)->(24,8,5.38205)->(24,9,5.9)->(24,10,6.4)->(24,11,6.9)->(24,12,7.4)->(24,13,7.9)->(24,14,8.4)->(24,15,8.9)->(24,16,9.4)->(24,17,9.9)->(24,18,10.4)->(24,19,10.9179)->(24,20,11.4858)->(24,21,12.1679)->(24,22,13.4858)->(24,23,15.7)->(25,23,17.9142)->(26,23,19.2321)->(27,23,19.9238)->(28,23,20.5595)->(29,23,21.2513)->(30,23,22.5691)->(31,23,5010.99)->
Agent 68:(3,5,2.12792)->(3,6,3.67005)->(3,7,4.98788)->(3,8,5.67005)->(3,9,6.23788)->(3,10,6.75583)->(3,11,7.25583)->(3,12,7.75583)->(3,13,8.25583)->(3,14,8.75583)->(3,15,9.25583)->(3,16,9.75583)->(3,17,10.2558)->(3,18,10.7558)->(3,19,11.2558)->(3,20,11.7738)->(3,21,12.3416)->(3,22,13.0238)->(3,23,14.3416)->(3,24,16.9458)->(4,24,19.5499)->(5,24,20.8677)->(6,24,21.5499)->(7,24,22.1177)->(8,24,22.6357)->(9,24,23.1357)->(10,24,23.6357)->(11,24,24.1357)->(12,24,24.6357)->(13,24,25.1357)->(14,24,25.6357)->(15,24,26.1357)->(16,24,26.6357)->(17,24,27.1357)->(18,24,27.6357)->(19,24,28.1357)->(20,24,28.6357)->(21,24,29.1357)->(22,24,29.6357)->(23,24,30.1357)->(24,24,30.6357)->(25,24,31.1357)->(26,24,31.6536)->(27,24,32.2215)->(28,24,32.9036)->(29,24,34.2215)->(30,24,5016.82)->
Agent 69:(21,23,2.2)->(21,22,3.84949)->(21,21,5.84949)->(21,20,11.5956)->(20,20,17.3065)->(19,20,18.6244)->(18,20,19.3065)->(17,20,19.8923)->(16,20,20.4781)->(15,20,21.1603)->(14,20,22.4781)->(13,20,5010.95)->
Agent 70:(29,13,2.61421)->(29,12,6.02843)->(28,12,10.8569)->(29,12,5006.03)->
Agent 71:(27,31,2.61421)->(27,30,6.81037)->(26,30,10.6349)->(25,30,11.9528)->(24,30,12.6349)->(23,30,13.2028)->(22,30,13.7207)->(21,30,14.2207)->(20,30,14.7207)->(19,30,15.2207)->(18,30,15.7207)->(17,30,16.2207)->(16,30,16.7207)->(15,30,17.2207)->(14,30,17.7207)->(13,30,18.2207)->(12,30,18.7207)->(11,30,19.2207)->(10,30,19.7207)->(9,30,20.2207)->(8,30,20.7207)->(7,30,21.2207)->(6,30,21.7207)->(5,30,22.2387)->(4,30,22.8065)->(3,30,23.4887)->(2,30,24.8065)->(1,30,5012.11)->
Agent 72:(3,14,1.4137)->(3,15,2.24162)->(3,16,3.55946)->(3,17,4.24162)->(3,18,4.80946)->(3,19,5.34536)->(3,20,5.91319)->(3,21,6.59536)->(3,22,7.91319)->(3,23,10.1274)->(2,23,12.3769)->(1,23,14.3769)->(0,23,5006.91)->
Agent 73:(17,5,2.93205)->(17,6,5.27832)->(17,7,6.59615)->(17,8,7.27832)->(17,9,7.84615)->(17,10,8.3641)->(17,11,8.8641)->(17,12,9.3641)->(17,13,9.8641)->(17,14,10.3641)->(17,15,10.8641)->(17,16,11.3821)->(17,17,11.9499)->(17,18,12.6321)->(17,19,13.9499)->(17,20,16.1641)->(16,20,18.3783)->(15,20,19.6962)->(14,20,20.3783)->(13,20,20.9462)->(12,20,21.4641)->(11,20,21.9641)->(10,20,22.4641)->(9,20,22.9641)->(8,20,23.4641)->(7,20,23.9821)->(6,20,24.5499)->(5,20,25.2321)->(4,20,26.5499)->(3,20,5012.98)->
Agent 74:(18,15,1.3)->(18,16,2.04949)->(18,17,4.04949)->(18,18,7.28528)->(17,18,10.4858)->(16,18,11.8036)->(15,18,12.4858)->(14,18,13.0716)->(13,18,13.6574)->(12,18,14.3395)->(11,18,15.6574)->(10,18,5007.54)->
Agent 75:(3,0,1.37792)->(3,1,2.17005)->(3,2,3.48788)->(3,3,4.17005)->(3,4,4.73788)->(3,5,5.25583)->(3,6,5.75583)->(3,7,6.25583)->(3,8,6.75583)->(3,9,7.25583)->(3,10,7.75583)->(3,11,8.27378)->(3,12,8.84162)->(3,13,9.52378)->(3,14,10.8416)->(3,15,13.9096)->(4,15,16.9775)->(5,15,18.2954)->(6,15,18.9775)->(7,15,19.5454)->(8,15,20.0633)->(9,15,20.5633)->(10,15,21.0633)->(11,15,21.5633)->(12,15,22.0813)->(13,15,22.6491)->(14,15,23.3313)->(15,15,24.6491)->(16,15,5012.03)->
Agent 76:(16,28,4.7)->(16,27,8.81421)->(16,26,10.1321)->(16,25,10.8142)->(16,24,11.3821)->(16,23,11.9)->(16,22,12.4)->(16,21,12.9)->(16,20,13.4)->(16,19,13.9)->(16,18,14.4)->(16,17,14.9)->(16,16,15.4)->(16,15,15.9)->(16,14,16.4)->(16,13,16.9)->(16,12,17.4)->(16,11,17.9)->(16,10,18.4)->(16,9,18.9)->(16,8,19.4179)->(16,7,19.9858)->(16,6,20.6679)->(16,5,21.9858)->(16,4,24.2)->(17,4,26.4142)->(18,4,27.7321)->(19,4,28.4142)->(20,4,28.9821)->(21,4,29.5179)->(22,4,30.0858)->(23,4,30.7679)->(24,4,32.0858)->(25,4,5015.75)->
Agent 77:(28,25,1.8)->(27,25,3.01421)->(26,25,4.33205)->(25,25,5.01421)->(24,25,5.58205)->(23,25,6.1)->(22,25,6.6)->(21,25,7.1)->(20,25,7.6)->(19,25,8.1)->(18,25,8.6)->(17,25,9.1)->(16,25,9.6)->(15,25,10.1)->(14,25,10.6179)->(13,25,11.1858)->(12,25,11.8679)->(11,25,13.1858)->(10,25,15.4)->(10,24,18.2)->(10,23,22.5821)->(10,24,5012.07)->
Agent 78:(4,9,2.2)->(4,8,3.81421)->(4,7,5.13205)->(4,6,5.81421)->(4,5,6.4)->(4,4,6.98579)->(4,3,7.66795)->(4,2,8.98579)->(4,1,11.2)->(3,1,13.4142)->(2,1,14.8284)->(1,1,16.2426)->(0,1,5007.83)->
Agent 79:(13,0,2.78579)->(13,1,4.98579)->(13,2,6.30362)->(13,3,6.98579)->(13,4,7.55362)->(13,5,8.07157)->(13,6,8.57157)->(13,7,9.07157)->(13,8,9.57157)->(13,9,10.0716)->(13,10,10.5716)->(13,11,11.0716)->(13,12,11.5716)->(13,13,12.0716)->(13,14,12.5716)->(13,15,13.0895)->(13,16,13.6574)->(13,17,14.3395)->(13,18,15.6574)->(13,19,17.8716)->(14,19,20.0858)->(15,19,21.4036)->(16,19,22.0858)->(17,19,22.6536)->(18,19,23.1716)->(19,19,23.6716)->(20,19,24.1716)->(21,19,24.6716)->(22,19,25.1716)->(23,19,25.6716)->(24,19,26.1716)->(25,19,26.6716)->(26,19,27.1895)->(27,19,27.7574)->(28,19,28.4395)->(29,19,29.7574)->(30,19,5014.59)->
