Agent 0:(28,20,1.3)->(28,21,2.6)->(28,22,10.8)->(27,22,18.4142)->(26,22,19.7321)->(25,22,20.4142)->(24,22,20.9821)->(23,22,21.5)->(22,22,22)->(21,22,22.5)->(20,22,23)->(19,22,23.5)->(18,22,24)->(17,22,24.5)->(16,22,25)->(15,22,25.5)->(14,22,26)->(13,22,26.5)->(12,22,27)->(11,22,27.5179)->(10,22,28.0858)->(9,22,28.7679)->(8,22,30.0858)->(7,22,5014.75)->
Agent 1:(9,13,1.8)->(8,13,3.04949)->(7,13,5.04949)->(6,13,7.29898)->(6,12,9.54847)->(6,11,11.5485)->(6,10,16.3348)->(6,11,21.0858)->(6,12,22.5)->(6,13,23.9142)->(6,14,5011.66)->
Agent 2:(26,13,2.53205)->(26,14,4.51359)->(26,15,6.51359)->(26,16,9.82407)->(27,16,13.0993)->(28,16,14.5135)->(29,16,15.9277)->(30,16,5007.67)->
Agent 3:(11,26,3.90567)->(12,26,7.22556)->(13,26,8.55941)->(14,26,9.38783)->(15,26,10.7217)->(16,26,12.9359)->(16,25,15.1501)->(16,24,16.4679)->(16,23,17.1501)->(16,22,17.7179)->(16,21,18.2359)->(16,20,18.7359)->(16,19,19.2538)->(16,18,19.8217)->(16,17,20.5038)->(16,16,21.8217)->(16,15,24.0359)->(17,15,26.8359)->(18,15,5013.42)->
Agent 4:(0,1,1.8)->(1,1,3.01421)->(2,1,4.33205)->(3,1,5.01421)->(4,1,5.58205)->(5,1,6.1)->(6,1,6.6)->(7,1,7.1)->(8,1,7.6)->(9,1,8.1)->(10,1,8.6)->(11,1,9.1)->(12,1,9.6)->(13,1,10.1)->(14,1,10.6)->(15,1,11.1)->(16,1,11.6)->(17,1,12.1)->(18,1,12.6)->(19,1,13.1)->(20,1,13.6)->(21,1,14.1)->(22,1,14.6)->(23,1,15.1)->(24,1,15.6)->(25,1,16.1)->(26,1,16.6)->(27,1,17.1179)->(28,1,17.6858)->(29,1,18.3679)->(30,1,19.6858)->(31,1,21.9)->(31,2,24.1142)->(31,3,25.4321)->(31,4,26.1142)->(31,5,26.6821)->(31,6,27.2)->(31,7,27.7)->(31,8,28.2)->(31,9,28.7)->(31,10,29.2)->(31,11,29.7179)->(31,12,30.2858)->(31,13,30.9679)->(31,14,32.2858)->(31,15,5015.85)->
Agent 5:(31,29,2.2)->(31,28,3.81421)->(31,27,5.13205)->(31,26,5.81421)->(31,25,6.38205)->(31,24,6.9)->(31,23,7.4)->(31,22,7.9)->(31,21,8.4)->(31,20,8.9)->(31,19,9.4)->(31,18,9.9)->(31,17,10.4)->(31,16,10.9)->(31,15,11.4179)->(31,14,11.9858)->(31,13,12.6679)->(31,12,13.9858)->(31,11,17.0784)->(30,11,20.1711)->(29,11,21.4889)->(28,11,22.1711)->(27,11,22.7389)->(26,11,23.2569)->(25,11,23.7569)->(24,11,24.2569)->(23,11,24.7569)->(22,11,25.2569)->(21,11,25.7569)->(20,11,26.2569)->(19,11,26.7569)->(18,11,27.2569)->(17,11,27.7748)->(16,11,28.3426)->(15,11,29.0248)->(14,11,30.3426)->(13,11,32.9711)->(13,12,5016.68)->
Agent 6:(15,4,1.3)->(15,5,2.01421)->(15,6,3.33205)->(15,7,4.01421)->(15,8,4.58205)->(15,9,5.1)->(15,10,5.6)->(15,11,6.1)->(15,12,6.6)->(15,13,7.1)->(15,14,7.6)->(15,15,8.1)->(15,16,8.6)->(15,17,9.1)->(15,18,9.6)->(15,19,10.1)->(15,20,10.6)->(15,21,11.1)->(15,22,11.6)->(15,23,12.1)->(15,24,12.6179)->(15,25,13.1858)->(15,26,13.8679)->(15,27,15.1858)->(15,28,22.9005)->(14,28,30.6152)->(13,28,31.9331)->(12,28,32.6152)->(11,28,33.1831)->(10,28,33.701)->(9,28,34.201)->(8,28,34.719)->(7,28,35.2868)->(6,28,35.969)->(5,28,37.2868)->(4,28,39.501)->(4,29,41.7505)->(4,30,43.7505)->(4,31,5021.6)->
Agent 7:(15,0,2.12843)->(15,1,3.67107)->(15,2,4.98891)->(15,3,5.67107)->(15,4,6.23891)->(15,5,6.7748)->(15,6,7.34264)->(15,7,8.0248)->(15,8,9.34264)->(15,9,11.5569)->(16,9,13.7711)->(17,9,15.0889)->(18,9,15.7711)->(19,9,16.3389)->(20,9,16.8569)->(21,9,17.3569)->(22,9,17.8569)->(23,9,18.3569)->(24,9,18.8569)->(25,9,19.3569)->(26,9,19.8748)->(27,9,20.4426)->(28,9,21.1248)->(29,9,22.4426)->(30,9,5010.93)->
Agent 8:(29,19,1.8)->(28,19,3.01421)->(27,19,4.42843)->(26,19,5.84264)->(25,19,8.05685)->(25,18,10.2711)->(25,17,11.5889)->(25,16,12.2711)->(25,15,12.8389)->(25,14,13.3569)->(25,13,13.8569)->(25,12,14.3569)->(25,11,14.8569)->(25,10,15.3569)->(25,9,15.8569)->(25,8,16.3569)->(25,7,16.8569)->(25,6,17.3569)->(25,5,17.8748)->(25,4,18.4426)->(25,3,19.1248)->(25,2,20.4426)->(25,1,22.6569)->(24,1,24.8711)->(23,1,26.1889)->(22,1,26.8711)->(21,1,27.4389)->(20,1,27.9569)->(19,1,28.4569)->(18,1,28.9569)->(17,1,29.4569)->(16,1,29.9569)->(15,1,30.4569)->(14,1,30.9569)->(13,1,31.4569)->(12,1,31.9569)->(11,1,32.4569)->(10,1,32.9569)->(9,1,33.4569)->(8,1,33.9569)->(7,1,34.4748)->(6,1,35.0426)->(5,1,35.7248)->(4,1,37.0426)->(3,1,5018.23)->
Agent 9:(29,24,2.59989)->(28,24,4.61399)->(27,24,5.93183)->(26,24,6.61399)->(25,24,7.19978)->(24,24,7.78556)->(23,24,8.46773)->(22,24,9.78556)->(21,24,13.4004)->(21,23,17.0505)->(21,22,19.0505)->(21,21,28.6642)->(21,22,38.8284)->(21,23,5019.41)->
Agent 10:(29,23,1.8)->(28,23,3.01421)->(27,23,4.33205)->(26,23,5.01421)->(25,23,5.58205)->(24,23,6.1)->(23,23,6.6)->(22,23,7.1)->(21,23,7.6)->(20,23,8.1)->(19,23,8.6)->(18,23,9.1)->(17,23,9.6)->(16,23,10.1179)->(15,23,10.6858)->(14,23,11.3679)->(13,23,12.6858)->(12,23,15.1404)->(12,22,17.595)->(12,21,18.9128)->(12,20,19.6046)->(12,19,20.2403)->(12,18,20.9321)->(12,17,22.2499)->(12,16,5010.83)->
Agent 11:(8,3,1.3)->(8,4,2.01421)->(8,5,3.33205)->(8,6,4.01421)->(8,7,4.58205)->(8,8,5.1)->(8,9,5.6)->(8,10,6.1)->(8,11,6.6)->(8,12,7.1)->(8,13,7.6)->(8,14,8.1)->(8,15,8.6)->(8,16,9.1)->(8,17,9.6)->(8,18,10.1)->(8,19,10.6)->(8,20,11.1)->(8,21,11.6179)->(8,22,12.1858)->(8,23,12.8679)->(8,24,14.1858)->(8,25,16.4)->(9,25,18.6142)->(10,25,19.9321)->(11,25,20.6142)->(12,25,21.1821)->(13,25,21.7)->(14,25,22.2)->(15,25,22.7)->(16,25,23.2)->(17,25,23.7)->(18,25,24.2179)->(19,25,24.7858)->(20,25,25.4679)->(21,25,26.7858)->(22,25,29.4142)->(22,26,5014.9)->
Agent 12:(1,8,1.8)->(2,8,3.04949)->(3,8,5.04949)->(4,8,18.5995)->(4,9,32.1142)->(4,10,33.4321)->(4,11,34.1142)->(4,12,34.6821)->(4,13,35.2)->(4,14,35.7)->(4,15,36.2)->(4,16,36.7)->(4,17,37.2)->(4,18,37.7)->(4,19,38.2)->(4,20,38.7)->(4,21,39.2)->(4,22,39.7)->(4,23,40.2)->(4,24,40.7)->(4,25,41.2179)->(4,26,41.7858)->(4,27,42.4679)->(4,28,43.7858)->(4,29,5021.6)->
Agent 13:(23,26,3.13579)->(23,25,5.68579)->(23,24,7.00362)->(23,23,7.68579)->(23,22,8.25362)->(23,21,8.78952)->(23,20,9.35736)->(23,19,10.0395)->(23,18,11.3574)->(23,17,14.7178)->(22,17,18.0783)->(21,17,19.3962)->(20,17,20.0783)->(19,17,20.6462)->(18,17,21.1641)->(17,17,21.6641)->(16,17,22.1641)->(15,17,22.6641)->(14,17,23.1641)->(13,17,23.6641)->(12,17,24.1641)->(11,17,24.6821)->(10,17,25.2499)->(9,17,25.9321)->(8,17,27.2499)->(7,17,33.2963)->(8,17,39.9284)->(9,17,43.1426)->(9,18,5021.76)->
Agent 14:(29,30,2.2)->(29,29,3.81421)->(29,28,5.13205)->(29,27,5.81421)->(29,26,6.4)->(29,25,6.98579)->(29,24,7.66795)->(29,23,8.98579)->(29,22,14.7)->(28,22,20.4142)->(27,22,21.7321)->(26,22,22.4142)->(25,22,22.9821)->(24,22,23.5)->(23,22,24)->(22,22,24.5)->(21,22,25)->(20,22,25.5179)->(19,22,26.0858)->(18,22,26.7679)->(17,22,28.0858)->(16,22,5013.75)->
Agent 15:(30,31,3.42096)->(30,30,6.25613)->(30,29,7.57396)->(30,28,8.25613)->(30,27,8.82396)->(30,26,9.34191)->(30,25,9.84191)->(30,24,10.3419)->(30,23,10.8419)->(30,22,11.3419)->(30,21,11.8419)->(30,20,12.3419)->(30,19,12.8419)->(30,18,13.3599)->(30,17,13.9277)->(30,16,14.6099)->(30,15,15.9277)->(30,14,18.1419)->(29,14,20.3561)->(28,14,21.674)->(27,14,22.406)->(26,14,23.1381)->(25,14,24.4559)->(24,14,28.3493)->(24,13,5015)->
Agent 16:(19,7,1.3)->(19,8,2.01421)->(19,9,3.33205)->(19,10,4.02382)->(19,11,4.65949)->(19,12,5.35126)->(19,13,6.6691)->(19,14,8.88331)->(18,14,11.0975)->(17,14,12.4154)->(16,14,13.0975)->(15,14,13.6654)->(14,14,14.2013)->(13,14,14.7691)->(12,14,15.4513)->(11,14,16.7691)->(10,14,20.8559)->(11,14,5011.35)->
Agent 17:(0,13,1.8)->(1,13,3.04949)->(2,13,5.04949)->(3,13,7.29898)->(3,14,9.51319)->(3,15,10.9274)->(3,16,12.3416)->(3,17,16.5421)->(2,17,5009.25)->
Agent 18:(17,23,2.2)->(17,22,3.81421)->(17,21,5.13205)->(17,20,5.81421)->(17,19,6.4)->(17,18,6.98579)->(17,17,7.66795)->(17,16,8.98579)->(17,15,11.6142)->(18,15,15.6284)->(18,14,20.0569)->(19,14,25.6197)->(19,13,29.7967)->(19,12,31.1146)->(19,11,31.7967)->(19,10,32.3646)->(19,9,32.8825)->(19,8,33.3825)->(19,7,33.8825)->(19,6,34.3825)->(19,5,34.9005)->(19,4,35.4683)->(19,3,36.1505)->(19,2,37.4683)->(19,1,5018.44)->
Agent 19:(2,28,1.8)->(3,28,3.01421)->(4,28,4.34806)->(5,28,5.17649)->(6,28,6.51034)->(7,28,9.31228)->(7,27,12.1142)->(7,26,13.5284)->(7,25,14.9426)->(7,24,17.1569)->(8,24,19.3711)->(9,24,20.6889)->(10,24,21.3711)->(11,24,21.9389)->(12,24,22.4569)->(13,24,22.9569)->(14,24,23.4569)->(15,24,23.9569)->(16,24,24.4569)->(17,24,24.9569)->(18,24,25.4569)->(19,24,25.9748)->(20,24,26.5426)->(21,24,27.2248)->(22,24,28.5426)->(23,24,5013.98)->
Agent 20:(12,19,2.21421)->(11,19,5.62843)->(12,19,11.5774)->(12,18,15.7407)->(12,17,17.1549)->(12,16,18.5691)->(12,15,5008.99)->
Agent 21:(29,11,1.8)->(28,11,3.01421)->(27,11,4.33205)->(26,11,5.01421)->(25,11,5.58205)->(24,11,6.1)->(23,11,6.6)->(22,11,7.1)->(21,11,7.6)->(20,11,8.1)->(19,11,8.6)->(18,11,9.1)->(17,11,9.6)->(16,11,10.1)->(15,11,10.6)->(14,11,11.1)->(13,11,11.6)->(12,11,12.1)->(11,11,12.6)->(10,11,13.1)->(9,11,13.6)->(8,11,14.1179)->(7,11,14.6858)->(6,11,15.3679)->(5,11,16.6858)->(4,11,18.9)->(4,12,21.1495)->(4,13,23.1495)->(4,14,27.7554)->(3,14,5015.04)->
Agent 22:(10,13,2.2)->(10,12,3.81421)->(10,11,5.14806)->(10,10,5.97649)->(10,9,7.31034)->(10,8,9.52456)->(11,8,11.7388)->(12,8,13.153)->(13,8,14.5672)->(14,8,20.9775)->(14,7,27.3878)->(14,6,28.7056)->(14,5,29.3974)->(14,4,30.033)->(14,3,30.7248)->(14,2,32.0426)->(14,1,34.6711)->(15,1,5017.53)->
Agent 23:(18,27,3.61421)->(19,27,7.22843)->(20,27,14.8784)->(20,26,5009.85)->
Agent 24:(30,30,2.21421)->(31,30,5.70301)->(30,30,9.22023)->(29,30,10.5381)->(28,30,11.2202)->(27,30,11.806)->(26,30,12.3918)->(25,30,13.074)->(24,30,14.3918)->(23,30,17.0202)->(23,29,5008.7)->
Agent 25:(1,18,1.71421)->(1,19,4.22843)->(2,19,8.87792)->(1,19,12.7274)->(0,19,15.5274)->(0,20,17.7416)->(0,21,19.0595)->(0,22,19.7512)->(0,23,20.3869)->(0,24,21.0787)->(0,25,22.3965)->(0,26,5010.91)->
Agent 26:(21,20,3.57843)->(21,19,6.57107)->(21,18,7.88891)->(21,17,8.57107)->(21,16,9.13891)->(21,15,9.65685)->(21,14,10.1569)->(21,13,10.6569)->(21,12,11.1569)->(21,11,11.6569)->(21,10,12.1569)->(21,9,12.6569)->(21,8,13.1748)->(21,7,13.7426)->(21,6,14.4248)->(21,5,15.7426)->(21,4,17.9569)->(20,4,20.1711)->(19,4,21.5853)->(18,4,22.9995)->(17,4,25.6279)->(17,3,35.4711)->(17,4,5021.05)->
Agent 27:(29,13,2.7)->(28,13,4.81421)->(27,13,6.13205)->(26,13,6.81421)->(25,13,7.38205)->(24,13,7.9)->(23,13,8.4)->(22,13,8.9)->(21,13,9.4)->(20,13,9.9)->(19,13,10.4)->(18,13,10.9)->(17,13,11.4)->(16,13,11.9)->(15,13,12.4)->(14,13,12.9)->(13,13,13.4)->(12,13,13.9)->(11,13,14.4)->(10,13,14.9179)->(9,13,15.4858)->(8,13,16.1679)->(7,13,17.4858)->(6,13,19.7)->(6,14,21.9142)->(6,15,23.3284)->(6,16,24.7426)->(6,17,5012.08)->
Agent 28:(1,26,3.3637)->(1,25,6.14162)->(1,24,7.45946)->(1,23,8.14162)->(1,22,8.70946)->(1,21,9.22741)->(1,20,9.72741)->(1,19,10.2274)->(1,18,10.7274)->(1,17,11.2274)->(1,16,11.7274)->(1,15,12.2274)->(1,14,12.7274)->(1,13,13.2274)->(1,12,13.7274)->(1,11,14.2274)->(1,10,14.7274)->(1,9,15.2274)->(1,8,15.7274)->(1,7,16.2274)->(1,6,16.7274)->(1,5,17.2274)->(1,4,17.7454)->(1,3,18.3132)->(1,2,18.9954)->(1,1,20.3132)->(1,0,22.5274)->(2,0,24.7416)->(3,0,26.0595)->(4,0,26.7416)->(5,0,27.3095)->(6,0,27.8274)->(7,0,28.3274)->(8,0,28.8274)->(9,0,29.3274)->(10,0,29.8274)->(11,0,30.3274)->(12,0,30.8274)->(13,0,31.3274)->(14,0,31.8274)->(15,0,32.3274)->(16,0,32.8274)->(17,0,33.3274)->(18,0,33.8274)->(19,0,34.3274)->(20,0,34.8274)->(21,0,35.3274)->(22,0,35.8274)->(23,0,36.3274)->(24,0,36.8454)->(25,0,37.4132)->(26,0,38.0954)->(27,0,39.4132)->(28,0,41.6274)->(28,1,44.4274)->(28,2,5022.21)->
Agent 29:(0,20,1.8)->(1,20,3.04949)->(2,20,5.04949)->(3,20,7.29898)->(3,21,9.51319)->(3,22,10.831)->(3,23,11.5631)->(3,24,12.2951)->(3,25,13.613)->(3,26,15.8272)->(4,26,18.0414)->(5,26,19.3592)->(6,26,20.0414)->(7,26,20.6092)->(8,26,21.1272)->(9,26,21.6272)->(10,26,22.1272)->(11,26,22.6272)->(12,26,23.1272)->(13,26,23.6272)->(14,26,24.1272)->(15,26,24.6451)->(16,26,25.213)->(17,26,25.8951)->(18,26,27.213)->(19,26,29.4272)->(19,27,32.2272)->(19,28,35.0272)->(20,28,37.2414)->(21,28,38.5592)->(22,28,39.2414)->(23,28,39.8092)->(24,28,40.3272)->(25,28,40.8451)->(26,28,41.413)->(27,28,42.0951)->(28,28,43.413)->(29,28,5021.41)->
Agent 30:(24,4,1.8)->(23,4,3.01421)->(22,4,4.33205)->(21,4,5.01421)->(20,4,5.58205)->(19,4,6.1)->(18,4,6.6)->(17,4,7.11795)->(16,4,7.68579)->(15,4,8.36795)->(14,4,9.68579)->(13,4,12.3142)->(13,3,17.9)->(13,4,22.5142)->(13,5,23.8321)->(13,6,24.5142)->(13,7,25.0821)->(13,8,25.6)->(13,9,26.1)->(13,10,26.6)->(13,11,27.1)->(13,12,27.6)->(13,13,28.1)->(13,14,28.6)->(13,15,29.1)->(13,16,29.6)->(13,17,30.1)->(13,18,30.6)->(13,19,31.1)->(13,20,31.6)->(13,21,32.1)->(13,22,32.6)->(13,23,33.1)->(13,24,33.6)->(13,25,34.1)->(13,26,34.6)->(13,27,35.1179)->(13,28,35.6858)->(13,29,36.3679)->(13,30,37.6858)->(13,31,40.3142)->(12,31,5020.35)->
Agent 31:(27,8,2.2)->(27,7,3.81421)->(27,6,5.22843)->(27,5,6.64264)->(27,4,8.85685)->(26,4,11.0711)->(25,4,12.3889)->(24,4,13.0711)->(23,4,13.6389)->(22,4,14.1569)->(21,4,14.6569)->(20,4,15.1569)->(19,4,15.6569)->(18,4,16.1569)->(17,4,16.6569)->(16,4,17.1569)->(15,4,17.6569)->(14,4,18.1569)->(13,4,18.6569)->(12,4,19.1569)->(11,4,19.6569)->(10,4,20.1569)->(9,4,20.6569)->(8,4,21.1569)->(7,4,21.6569)->(6,4,22.1748)->(5,4,22.7426)->(4,4,23.4248)->(3,4,24.7426)->(2,4,26.9569)->(2,3,29.7569)->(2,2,40.6784)->(2,3,51.6)->(2,4,5025.8)->
Agent 32:(4,5,2.53205)->(4,4,4.47832)->(4,3,5.81217)->(4,2,6.64059)->(4,1,7.97444)->(4,0,10.1887)->(3,0,12.4029)->(2,0,13.8171)->(1,0,15.2313)->(0,0,20.9865)->(1,0,26.7416)->(2,0,28.0595)->(3,0,28.7416)->(4,0,29.3095)->(5,0,29.8454)->(6,0,30.4132)->(7,0,31.0954)->(8,0,32.4132)->(9,0,5015.91)->
Agent 33:(2,5,6)->(2,6,11.4142)->(2,7,12.7321)->(2,8,13.4142)->(2,9,13.9821)->(2,10,14.5)->(2,11,15)->(2,12,15.5)->(2,13,16)->(2,14,16.5)->(2,15,17)->(2,16,17.5)->(2,17,18)->(2,18,18.5)->(2,19,19)->(2,20,19.5)->(2,21,20)->(2,22,20.5)->(2,23,21)->(2,24,21.5)->(2,25,22)->(2,26,22.5)->(2,27,23.0179)->(2,28,23.5858)->(2,29,24.2679)->(2,30,25.5858)->(2,31,27.8)->(3,31,30.0142)->(4,31,31.3321)->(5,31,32.0142)->(6,31,32.5821)->(7,31,33.1)->(8,31,33.6)->(9,31,34.1)->(10,31,34.6)->(11,31,35.1179)->(12,31,35.6858)->(13,31,36.3679)->(14,31,37.6858)->(15,31,5018.55)->
Agent 34:(19,2,1.8)->(18,2,3.6)->(17,2,6.4)->(17,3,8.61421)->(17,4,9.93205)->(17,5,10.6142)->(17,6,11.1821)->(17,7,11.7)->(17,8,12.2)->(17,9,12.7)->(17,10,13.2)->(17,11,13.7)->(17,12,14.2)->(17,13,14.7)->(17,14,15.2)->(17,15,15.7)->(17,16,16.2179)->(17,17,16.7858)->(17,18,17.4679)->(17,19,18.7858)->(17,20,21.8142)->(17,19,5011.3)->
Agent 35:(25,2,3.03205)->(24,2,5.47832)->(23,2,6.79615)->(22,2,7.47832)->(21,2,8.04615)->(20,2,8.5641)->(19,2,9.0641)->(18,2,9.5641)->(17,2,10.0821)->(16,2,10.6499)->(15,2,11.3321)->(14,2,12.6499)->(13,2,14.8641)->(13,1,17.6641)->(13,0,22.0283)->(13,1,25.8067)->(13,2,27.1406)->(13,3,27.969)->(13,4,29.3029)->(13,5,5014.36)->
Agent 36:(4,24,2.2)->(4,23,3.81421)->(4,22,5.22843)->(4,21,6.64264)->(4,20,9.77843)->(5,20,12.9142)->(6,20,14.2321)->(7,20,14.9142)->(8,20,15.4821)->(9,20,16)->(10,20,16.5)->(11,20,17.0179)->(12,20,17.5858)->(13,20,18.2679)->(14,20,19.5858)->(15,20,5009.5)->
Agent 37:(12,29,3.66421)->(13,29,6.74264)->(14,29,8.06048)->(15,29,8.74264)->(16,29,9.31048)->(17,29,9.82843)->(18,29,10.3284)->(19,29,10.8284)->(20,29,11.3284)->(21,29,11.8284)->(22,29,12.3284)->(23,29,12.8284)->(24,29,13.3284)->(25,29,13.8284)->(26,29,14.3284)->(27,29,14.8464)->(28,29,15.4142)->(29,29,16.0964)->(30,29,17.4142)->(31,29,19.6284)->(31,28,21.8426)->(31,27,23.1605)->(31,26,23.8426)->(31,25,24.4105)->(31,24,24.9284)->(31,23,25.4464)->(31,22,26.0142)->(31,21,26.6964)->(31,20,28.0142)->(31,19,5013.71)->
Agent 38:(21,15,1.8)->(20,15,3.6)->(19,15,7.37843)->(20,15,11.1569)->(21,15,13.9569)->(21,14,16.1711)->(21,13,17.5049)->(21,12,18.3333)->(21,11,19.6672)->(21,10,22.2956)->(20,10,28.9407)->(21,10,35.2)->(22,10,5017.6)->
Agent 39:(8,19,1.71421)->(8,20,4.75)->(9,20,8.31421)->(10,20,9.63205)->(11,20,10.3142)->(12,20,10.8821)->(13,20,11.4)->(14,20,11.9179)->(15,20,12.4858)->(16,20,13.1679)->(17,20,14.4858)->(18,20,18.9642)->(18,19,24.8284)->(19,19,29.2569)->(19,20,5015.03)->
Agent 40:(9,4,1.71421)->(9,5,4.21421)->(9,4,7.24264)->(9,3,8.57649)->(9,2,9.40492)->(9,1,10.7388)->(9,0,13.3672)->(10,0,20.6332)->(10,1,27.5135)->(10,2,5013.76)->
Agent 41:(31,5,3.61421)->(30,5,6.64264)->(29,5,7.96048)->(28,5,8.64264)->(27,5,9.21048)->(26,5,9.72843)->(25,5,10.2284)->(24,5,10.7284)->(23,5,11.2284)->(22,5,11.7284)->(21,5,12.2284)->(20,5,12.7284)->(19,5,13.2284)->(18,5,13.7284)->(17,5,14.2284)->(16,5,14.7284)->(15,5,15.2284)->(14,5,15.7464)->(13,5,16.3142)->(12,5,16.9964)->(11,5,18.3142)->(10,5,20.5284)->(10,6,22.7426)->(10,7,24.0605)->(10,8,24.7426)->(10,9,25.3105)->(10,10,25.8284)->(10,11,26.3284)->(10,12,26.8464)->(10,13,27.4142)->(10,14,28.0964)->(10,15,29.4142)->(10,16,31.6284)->(9,16,34.4284)->(8,16,5017.21)->
Agent 42:(4,22,2.2)->(4,21,3.81421)->(4,20,5.13205)->(4,19,5.82382)->(4,18,6.45949)->(4,17,7.15126)->(4,16,8.4691)->(4,15,10.6833)->(5,15,12.8975)->(6,15,14.2154)->(7,15,14.8975)->(8,15,15.4654)->(9,15,15.9833)->(10,15,16.4833)->(11,15,16.9833)->(12,15,17.4833)->(13,15,17.9833)->(14,15,18.4833)->(15,15,18.9833)->(16,15,19.4833)->(17,15,20.0013)->(18,15,20.5691)->(19,15,21.2513)->(20,15,22.5691)->(21,15,24.7833)->(21,14,26.9975)->(21,13,28.4117)->(21,12,29.826)->(21,11,32.9701)->(22,11,36.1142)->(23,11,37.4321)->(24,11,38.1142)->(25,11,38.6821)->(26,11,39.2)->(27,11,39.7179)->(28,11,40.2858)->(29,11,40.9679)->(30,11,42.2858)->(31,11,44.9142)->(31,12,5022.65)->
Agent 43:(28,12,1.8)->(27,12,3.01421)->(26,12,4.33205)->(25,12,5.01421)->(24,12,5.58205)->(23,12,6.1)->(22,12,6.6)->(21,12,7.1)->(20,12,7.6)->(19,12,8.11795)->(18,12,8.68579)->(17,12,9.36795)->(16,12,10.6858)->(15,12,12.9)->(15,13,15.7)->(15,14,22.7284)->(14,14,5013.46)->
Agent 44:(14,24,1.8)->(13,24,3.04949)->(12,24,5.04949)->(11,24,10.8495)->(11,23,16.6142)->(11,22,17.9321)->(11,21,18.6142)->(11,20,19.1821)->(11,19,19.7)->(11,18,20.2)->(11,17,20.7)->(11,16,21.2)->(11,15,21.7)->(11,14,22.2)->(11,13,22.7179)->(11,12,23.2858)->(11,11,23.9679)->(11,10,25.2858)->(11,9,5012.35)->
Agent 45:(28,7,3.61421)->(27,7,6.64264)->(26,7,7.96048)->(25,7,8.64264)->(24,7,9.21048)->(23,7,9.72843)->(22,7,10.2284)->(21,7,10.7284)->(20,7,11.2284)->(19,7,11.7284)->(18,7,12.2284)->(17,7,12.7284)->(16,7,13.2284)->(15,7,13.7284)->(14,7,14.2284)->(13,7,14.7284)->(12,7,15.2284)->(11,7,15.7284)->(10,7,16.2284)->(9,7,16.7284)->(8,7,17.2284)->(7,7,17.7284)->(6,7,18.2464)->(5,7,18.8142)->(4,7,19.4964)->(3,7,20.8142)->(2,7,23.0284)->(2,8,25.2426)->(2,9,26.5605)->(2,10,27.2426)->(2,11,27.8105)->(2,12,28.3464)->(2,13,28.9142)->(2,14,29.5964)->(2,15,30.9142)->(2,16,5015.16)->
Agent 46:(2,3,1.8)->(3,3,3.01421)->(4,3,4.33205)->(5,3,5.01421)->(6,3,5.58205)->(7,3,6.1)->(8,3,6.6)->(9,3,7.1)->(10,3,7.6)->(11,3,8.1)->(12,3,8.6)->(13,3,9.11795)->(14,3,9.68579)->(15,3,10.3679)->(16,3,11.6858)->(17,3,15.8)->(17,4,19.9142)->(17,5,21.2321)->(17,6,21.9142)->(17,7,22.4821)->(17,8,23.0179)->(17,9,23.5858)->(17,10,24.2679)->(17,11,25.5858)->(17,12,28.2)->(17,11,30.8495)->(17,10,32.8495)->(17,9,5016.15)->
Agent 47:(3,22,4.02843)->(4,22,7.47107)->(5,22,8.78891)->(6,22,9.47107)->(7,22,10.0389)->(8,22,10.5569)->(9,22,11.0569)->(10,22,11.5748)->(11,22,12.1426)->(12,22,12.8248)->(13,22,14.1426)->(14,22,17.9926)->(14,21,21.8426)->(14,20,23.1605)->(14,19,23.8426)->(14,18,24.4105)->(14,17,24.9284)->(14,16,25.4284)->(14,15,25.9284)->(14,14,26.4284)->(14,13,26.9464)->(14,12,27.5142)->(14,11,28.1964)->(14,10,29.5142)->(14,9,32.1426)->(15,9,5016.26)->
Agent 48:(19,19,1.71421)->(19,20,4.22843)->(20,20,14.7789)->(19,20,23.9789)->(18,20,25.9789)->(17,20,5012.71)->
Agent 49:(0,24,2.2)->(0,23,3.81421)->(0,22,5.13205)->(0,21,5.81421)->(0,20,6.38205)->(0,19,6.9)->(0,18,7.4)->(0,17,7.9)->(0,16,8.4)->(0,15,8.9)->(0,14,9.4)->(0,13,9.9)->(0,12,10.4)->(0,11,10.9)->(0,10,11.4)->(0,9,11.9179)->(0,8,12.4858)->(0,7,13.1679)->(0,6,14.4858)->(0,5,16.8137)->(1,5,19.1416)->(2,5,20.4595)->(3,5,21.1416)->(4,5,21.7095)->(5,5,22.2274)->(6,5,22.7274)->(7,5,23.2274)->(8,5,23.7274)->(9,5,24.2274)->(10,5,24.7274)->(11,5,25.2274)->(12,5,25.7274)->(13,5,26.2274)->(14,5,26.7274)->(15,5,27.2274)->(16,5,27.7274)->(17,5,28.2274)->(18,5,28.7454)->(19,5,29.3132)->(20,5,29.9954)->(21,5,31.3132)->(22,5,33.5274)->(22,4,35.7769)->(22,3,37.7769)->(22,2,40.0264)->(23,2,42.2406)->(24,2,43.6548)->(25,2,45.069)->(26,2,5022.24)->
Agent 50:(24,26,4.83772)->(23,26,9.08966)->(22,26,10.4235)->(21,26,11.2519)->(20,26,12.5858)->(19,26,14.85)->(19,25,17.1142)->(19,24,18.4321)->(19,23,19.1142)->(19,22,19.6821)->(19,21,20.2)->(19,20,20.7179)->(19,19,21.2858)->(19,18,21.9679)->(19,17,23.2858)->(19,16,5011.35)->
Agent 51:(30,14,2.2)->(30,13,3.81421)->(30,12,5.13205)->(30,11,5.81421)->(30,10,6.38205)->(30,9,6.9)->(30,8,7.4)->(30,7,7.91795)->(30,6,8.48579)->(30,5,9.16795)->(30,4,10.4858)->(30,3,14.0605)->(29,3,17.6352)->(28,3,18.953)->(27,3,19.6352)->(26,3,20.203)->(25,3,20.721)->(24,3,21.221)->(23,3,21.721)->(22,3,22.221)->(21,3,22.721)->(20,3,23.221)->(19,3,23.721)->(18,3,24.221)->(17,3,24.721)->(16,3,25.221)->(15,3,25.721)->(14,3,26.221)->(13,3,26.721)->(12,3,27.221)->(11,3,27.721)->(10,3,28.221)->(9,3,28.721)->(8,3,29.221)->(7,3,29.721)->(6,3,30.221)->(5,3,30.721)->(4,3,31.2389)->(3,3,31.8067)->(2,3,32.4889)->(1,3,33.8067)->(0,3,5016.61)->
Agent 52:(8,2,7.86421)->(8,3,15.1426)->(8,4,16.4605)->(8,5,17.1426)->(8,6,17.7105)->(8,7,18.2284)->(8,8,18.7284)->(8,9,19.2284)->(8,10,19.7284)->(8,11,20.2284)->(8,12,20.7284)->(8,13,21.2284)->(8,14,21.7284)->(8,15,22.2284)->(8,16,22.7284)->(8,17,23.2284)->(8,18,23.7284)->(8,19,24.2464)->(8,20,24.8142)->(8,21,25.4964)->(8,22,26.8142)->(8,23,29.0284)->(9,23,31.2426)->(10,23,32.5605)->(11,23,33.2426)->(12,23,33.8105)->(13,23,34.3284)->(14,23,34.8284)->(15,23,35.3284)->(16,23,35.8284)->(17,23,36.3284)->(18,23,36.8284)->(19,23,37.3284)->(20,23,37.8284)->(21,23,38.3284)->(22,23,38.8284)->(23,23,39.3464)->(24,23,39.9142)->(25,23,40.5964)->(26,23,41.9142)->(27,23,5020.66)->
Agent 53:(9,30,5)->(9,29,9.41421)->(9,28,10.7321)->(9,27,11.4142)->(9,26,11.9821)->(9,25,12.5)->(9,24,13)->(9,23,13.5)->(9,22,14)->(9,21,14.5)->(9,20,15)->(9,19,15.5)->(9,18,16)->(9,17,16.5)->(9,16,17.0179)->(9,15,17.5858)->(9,14,18.2679)->(9,13,19.5858)->(9,12,21.8)->(8,12,24.0142)->(7,12,25.4284)->(6,12,26.8426)->(5,12,5013.13)->
Agent 54:(17,28,4.34638)->(16,28,8.10697)->(15,28,9.4248)->(14,28,10.107)->(13,28,10.6928)->(12,28,11.2785)->(11,28,11.9607)->(10,28,13.2785)->(9,28,23.1969)->(9,29,33.1505)->(9,30,35.1505)->(9,31,5017.3)->
Agent 55:(2,26,4.85)->(3,26,9.11421)->(4,26,10.4321)->(5,26,11.1142)->(6,26,11.6821)->(7,26,12.2)->(8,26,12.7)->(9,26,13.2)->(10,26,13.7)->(11,26,14.2)->(12,26,14.7)->(13,26,15.2)->(14,26,15.7)->(15,26,16.2)->(16,26,16.7)->(17,26,17.2)->(18,26,17.7179)->(19,26,18.2858)->(20,26,18.9679)->(21,26,20.2858)->(22,26,22.5)->(22,27,24.7495)->(22,28,26.7495)->(22,29,5013.1)->
Agent 56:(0,22,2.2)->(0,21,3.81421)->(0,20,5.13205)->(0,19,5.81421)->(0,18,6.38205)->(0,17,6.9)->(0,16,7.4)->(0,15,7.9)->(0,14,8.4)->(0,13,8.9)->(0,12,9.4)->(0,11,9.9)->(0,10,10.4)->(0,9,10.9)->(0,8,11.4)->(0,7,11.9)->(0,6,12.4179)->(0,5,12.9858)->(0,4,13.6679)->(0,3,14.9858)->(0,2,18.2067)->(1,2,21.4277)->(2,2,22.7455)->(3,2,23.4277)->(4,2,23.9955)->(5,2,24.5135)->(6,2,25.0135)->(7,2,25.5135)->(8,2,26.0135)->(9,2,26.5135)->(10,2,27.0135)->(11,2,27.5135)->(12,2,28.0135)->(13,2,28.5314)->(14,2,29.0993)->(15,2,29.7814)->(16,2,31.0993)->(17,2,5015.26)->
Agent 57:(14,18,1.8)->(15,18,3.01421)->(16,18,4.33205)->(17,18,5.0641)->(18,18,5.79615)->(19,18,7.11399)->(20,18,9.94253)->(20,17,12.7711)->(20,16,14.0889)->(20,15,14.7711)->(20,14,15.3389)->(20,13,15.8569)->(20,12,16.3569)->(20,11,16.8569)->(20,10,17.3748)->(20,9,17.9426)->(20,8,18.6248)->(20,7,19.9426)->(20,6,5009.68)->
Agent 58:(13,22,2.33677)->(13,23,4.08775)->(13,24,5.40559)->(13,25,6.09736)->(13,26,6.73303)->(13,27,7.4248)->(13,28,8.74264)->(13,29,11.3711)->(14,29,5005.88)->
Agent 59:(12,12,1.3)->(12,13,2.01421)->(12,14,3.33205)->(12,15,4.01421)->(12,16,4.58205)->(12,17,5.1)->(12,18,5.6)->(12,19,6.1)->(12,20,6.61795)->(12,21,7.18579)->(12,22,7.86795)->(12,23,9.18579)->(12,24,12.3821)->(13,24,15.5783)->(14,24,16.8962)->(15,24,17.5783)->(16,24,18.1462)->(17,24,18.6641)->(18,24,19.1641)->(19,24,19.6641)->(20,24,20.1641)->(21,24,20.6641)->(22,24,21.1641)->(23,24,21.6641)->(24,24,22.1641)->(25,24,22.6641)->(26,24,23.1641)->(27,24,23.6821)->(28,24,24.2499)->(29,24,24.9321)->(30,24,26.2499)->(31,24,5012.83)->
Agent 60:(14,8,3.55)->(15,8,6.51421)->(16,8,7.92843)->(17,8,9.34264)->(18,8,19.5421)->(18,7,29.7416)->(18,6,31.0595)->(18,5,31.7416)->(18,4,32.3274)->(18,3,32.9132)->(18,2,33.5954)->(18,1,34.9132)->(18,0,5017.16)->
Agent 61:(19,28,2.2)->(19,27,3.81421)->(19,26,5.13205)->(19,25,5.81421)->(19,24,6.38205)->(19,23,6.91795)->(19,22,7.48579)->(19,21,8.16795)->(19,20,9.48579)->(19,19,11.7)->(18,19,13.9142)->(17,19,15.2321)->(16,19,15.9142)->(15,19,16.4821)->(14,19,17)->(13,19,17.5)->(12,19,18)->(11,19,18.5)->(10,19,19)->(9,19,19.5)->(8,19,20)->(7,19,20.5)->(6,19,21.0179)->(5,19,21.5858)->(4,19,22.2679)->(3,19,23.5858)->(2,19,26.2142)->(2,20,5013.3)->
Agent 62:(2,27,8.34949)->(3,27,16.1132)->(4,27,17.431)->(5,27,18.1132)->(6,27,18.681)->(7,27,19.199)->(8,27,19.699)->(9,27,20.199)->(10,27,20.699)->(11,27,21.199)->(12,27,21.699)->(13,27,22.199)->(14,27,22.699)->(15,27,23.199)->(16,27,23.699)->(17,27,24.199)->(18,27,24.699)->(19,27,25.199)->(20,27,25.699)->(21,27,26.199)->(22,27,26.699)->(23,27,27.199)->(24,27,27.699)->(25,27,28.199)->(26,27,28.7169)->(27,27,29.2848)->(28,27,29.9669)->(29,27,31.2848)->(30,27,5015.35)->
Agent 63:(15,28,2.2)->(15,27,3.84949)->(15,26,5.84949)->(15,25,8.44949)->(16,25,11.0142)->(17,25,12.3321)->(18,25,13.0142)->(19,25,13.6)->(20,25,14.1858)->(21,25,14.8679)->(22,25,16.1858)->(23,25,19.8821)->(23,24,23.5783)->(23,23,24.8962)->(23,22,25.5783)->(23,21,26.1462)->(23,20,26.6641)->(23,19,27.1641)->(23,18,27.6641)->(23,17,28.1641)->(23,16,28.6641)->(23,15,29.1641)->(23,14,29.6641)->(23,13,30.1641)->(23,12,30.6641)->(23,11,31.1641)->(23,10,31.6641)->(23,9,32.1821)->(23,8,32.7499)->(23,7,33.4321)->(23,6,34.7499)->(23,5,5017.08)->
Agent 64:(29,3,1.3)->(29,4,2.01421)->(29,5,3.33205)->(29,6,4.01421)->(29,7,4.58205)->(29,8,5.1)->(29,9,5.6)->(29,10,6.1)->(29,11,6.6)->(29,12,7.1)->(29,13,7.6)->(29,14,8.11795)->(29,15,8.68579)->(29,16,9.36795)->(29,17,10.6858)->(29,18,16.55)->(29,17,22.4142)->(29,16,23.7321)->(29,15,24.4142)->(29,14,24.9821)->(29,13,25.5)->(29,12,26)->(29,11,26.5)->(29,10,27)->(29,9,27.5)->(29,8,28.0179)->(29,7,28.5858)->(29,6,29.2679)->(29,5,30.5858)->(29,4,32.8)->(28,4,35.0142)->(27,4,36.3321)->(26,4,37.0142)->(25,4,37.5821)->(24,4,38.1)->(23,4,38.6)->(22,4,39.1)->(21,4,39.6)->(20,4,40.1)->(19,4,40.6)->(18,4,41.1)->(17,4,41.6)->(16,4,42.1)->(15,4,42.6)->(14,4,43.1)->(13,4,43.6)->(12,4,44.1)->(11,4,44.6)->(10,4,45.1)->(9,4,45.6)->(8,4,46.1)->(7,4,46.6)->(6,4,47.1)->(5,4,47.6179)->(4,4,48.1858)->(3,4,48.8679)->(2,4,50.1858)->(1,4,52.8142)->(1,5,5026.6)->
Agent 65:(24,0,1.3)->(24,1,2.01421)->(24,2,3.33205)->(24,3,4.01421)->(24,4,4.58205)->(24,5,5.1)->(24,6,5.6)->(24,7,6.1)->(24,8,6.6)->(24,9,7.1)->(24,10,7.6)->(24,11,8.1)->(24,12,8.6)->(24,13,9.1)->(24,14,9.6)->(24,15,10.1179)->(24,16,10.6858)->(24,17,11.3679)->(24,18,12.6858)->(24,19,14.9)->(23,19,17.1142)->(22,19,18.4321)->(21,19,19.1142)->(20,19,19.6821)->(19,19,20.2)->(18,19,20.7)->(17,19,21.2)->(16,19,21.7)->(15,19,22.2)->(14,19,22.7)->(13,19,23.2)->(12,19,23.7)->(11,19,24.2179)->(10,19,24.7858)->(9,19,25.4679)->(8,19,26.7858)->(7,19,29)->(7,20,31.8)->(7,21,5015.9)->
Agent 66:(14,10,2.61421)->(14,9,15.3)->(15,9,27.6142)->(16,9,28.9321)->(17,9,29.6142)->(18,9,30.1821)->(19,9,30.7179)->(20,9,31.2858)->(21,9,31.9679)->(22,9,33.2858)->(23,9,5016.35)->
Agent 67:(16,12,1.3)->(16,13,2.01421)->(16,14,3.33205)->(16,15,4.01421)->(16,16,4.58205)->(16,17,5.1)->(16,18,5.6)->(16,19,6.1)->(16,20,6.6)->(16,21,7.1)->(16,22,7.6)->(16,23,8.1)->(16,24,8.6)->(16,25,9.1)->(16,26,9.61795)->(16,27,10.1858)->(16,28,10.8679)->(16,29,12.1858)->(16,30,15.8)->(15,30,19.4142)->(14,30,20.7321)->(13,30,21.4142)->(12,30,21.9821)->(11,30,22.5)->(10,30,23)->(9,30,23.5)->(8,30,24)->(7,30,24.5)->(6,30,25.0179)->(5,30,25.5858)->(4,30,26.2679)->(3,30,27.5858)->(2,30,30.2142)->(2,31,5015.3)->
Agent 68:(5,9,1.3)->(5,10,2.01421)->(5,11,3.33205)->(5,12,4.01421)->(5,13,4.58205)->(5,14,5.11795)->(5,15,5.68579)->(5,16,6.36795)->(5,17,7.68579)->(5,18,11.65)->(6,18,15.6142)->(7,18,16.9321)->(8,18,17.6142)->(9,18,18.1821)->(10,18,18.7)->(11,18,19.2)->(12,18,19.7)->(13,18,20.2)->(14,18,20.7)->(15,18,21.2)->(16,18,21.7)->(17,18,22.2)->(18,18,22.7)->(19,18,23.2)->(20,18,23.7)->(21,18,24.2)->(22,18,24.7)->(23,18,25.2)->(24,18,25.7179)->(25,18,26.2858)->(26,18,26.9679)->(27,18,28.2858)->(28,18,5013.85)->
Agent 69:(10,28,2.2)->(10,27,3.81421)->(10,26,5.13205)->(10,25,5.81421)->(10,24,6.38205)->(10,23,6.9)->(10,22,7.4)->(10,21,7.9)->(10,20,8.4)->(10,19,8.9)->(10,18,9.4)->(10,17,9.9)->(10,16,10.4179)->(10,15,10.9858)->(10,14,11.6679)->(10,13,12.9858)->(10,12,15.2)->(11,12,17.4142)->(12,12,18.7321)->(13,12,19.4142)->(14,12,19.9821)->(15,12,20.5)->(16,12,21)->(17,12,21.5)->(18,12,22)->(19,12,22.5)->(20,12,23)->(21,12,23.5)->(22,12,24)->(23,12,24.5)->(24,12,25)->(25,12,25.5179)->(26,12,26.0858)->(27,12,26.7679)->(28,12,28.0858)->(29,12,5013.75)->
Agent 70:(30,6,2.2)->(30,5,3.81421)->(30,4,5.22843)->(30,3,6.64264)->(30,2,8.85685)->(29,2,11.0711)->(28,2,12.3889)->(27,2,13.0711)->(26,2,13.6389)->(25,2,14.1569)->(24,2,14.6569)->(23,2,15.1569)->(22,2,15.6569)->(21,2,16.1569)->(20,2,16.6569)->(19,2,17.1748)->(18,2,17.7426)->(17,2,18.4248)->(16,2,19.7426)->(15,2,24.1031)->(15,3,5013.11)->
Agent 71:(2,15,2.21421)->(3,15,5.21421)->(2,15,8.27792)->(1,15,10.2779)->(0,15,5004.86)->
Agent 72:(29,2,2.4142)->(29,3,4.24261)->(29,4,5.56045)->(29,5,6.24261)->(29,6,6.81045)->(29,7,7.3284)->(29,8,7.8284)->(29,9,8.3284)->(29,10,8.8284)->(29,11,9.3284)->(29,12,9.8284)->(29,13,10.3463)->(29,14,10.9142)->(29,15,11.5963)->(29,16,12.9142)->(29,17,16.6642)->(28,17,20.4142)->(27,17,21.7321)->(26,17,22.4142)->(25,17,22.9821)->(24,17,23.5)->(23,17,24)->(22,17,24.5)->(21,17,25)->(20,17,25.5)->(19,17,26)->(18,17,26.5)->(17,17,27)->(16,17,27.5)->(15,17,28)->(14,17,28.5)->(13,17,29)->(12,17,29.5179)->(11,17,30.0858)->(10,17,30.7679)->(9,17,32.0858)->(8,17,34.7142)->(8,18,5017.55)->
Agent 73:(10,30,2.93205)->(10,29,5.27832)->(10,28,6.59615)->(10,27,7.27832)->(10,26,7.84615)->(10,25,8.3641)->(10,24,8.8641)->(10,23,9.3641)->(10,22,9.8641)->(10,21,10.3641)->(10,20,10.8821)->(10,19,11.4499)->(10,18,12.1321)->(10,17,13.4499)->(10,16,16.2)->(9,16,18.9501)->(8,16,20.2679)->(7,16,20.9597)->(6,16,21.5954)->(5,16,22.2872)->(4,16,23.605)->(3,16,25.8192)->(3,15,28.0334)->(3,14,29.3513)->(3,13,30.0833)->(3,12,30.8154)->(3,11,32.1332)->(3,10,34.7616)->(4,10,5017.57)->
Agent 74:(22,18,2.2)->(22,17,4.4)->(22,16,7.83579)->(23,16,11.2716)->(24,16,5005.64)->
Agent 75:(18,5,1.3)->(18,6,2.01421)->(18,7,3.33205)->(18,8,4.01421)->(18,9,4.58205)->(18,10,5.1)->(18,11,5.6)->(18,12,6.1)->(18,13,6.6)->(18,14,7.1)->(18,15,7.6)->(18,16,8.1)->(18,17,8.61795)->(18,18,9.18579)->(18,19,9.86795)->(18,20,11.1858)->(18,21,13.55)->(19,21,15.9142)->(20,21,17.2321)->(21,21,17.9142)->(22,21,18.5)->(23,21,19.0858)->(24,21,19.7679)->(25,21,21.0858)->(26,21,5010.25)->
Agent 76:(19,30,4.75)->(19,29,8.91421)->(19,28,10.2321)->(19,27,10.9142)->(19,26,11.4821)->(19,25,12)->(19,24,12.5)->(19,23,13)->(19,22,13.5)->(19,21,14)->(19,20,14.5)->(19,19,15)->(19,18,15.5)->(19,17,16)->(19,16,16.5)->(19,15,17)->(19,14,17.5179)->(19,13,18.0858)->(19,12,18.7679)->(19,11,20.0858)->(19,10,22.3)->(18,10,24.5142)->(17,10,25.8321)->(16,10,26.5142)->(15,10,27.0821)->(14,10,27.6)->(13,10,28.1179)->(12,10,28.6858)->(11,10,29.3679)->(10,10,30.6858)->(9,10,5015.05)->
Agent 77:(2,18,2.2)->(2,17,3.81421)->(2,16,5.13205)->(2,15,5.8641)->(2,14,6.59615)->(2,13,7.91399)->(2,12,11.1641)->(3,12,14.4142)->(4,12,15.7321)->(5,12,16.4142)->(6,12,16.9821)->(7,12,17.5)->(8,12,18)->(9,12,18.5)->(10,12,19)->(11,12,19.5)->(12,12,20)->(13,12,20.5)->(14,12,21.0179)->(15,12,21.5858)->(16,12,22.2679)->(17,12,23.5858)->(18,12,5011.5)->
Agent 78:(28,15,1.8)->(27,15,3.01421)->(26,15,4.33205)->(25,15,5.0641)->(24,15,5.79615)->(23,15,7.11399)->(22,15,19.3641)->(22,14,31.6142)->(22,13,32.9321)->(22,12,33.6142)->(22,11,34.1821)->(22,10,34.7)->(22,9,35.2179)->(22,8,35.7858)->(22,7,36.4679)->(22,6,37.7858)->(22,5,5018.6)->
Agent 79:(21,24,3.07843)->(21,23,5.57107)->(21,22,6.88891)->(21,21,7.57107)->(21,20,8.13891)->(21,19,8.65685)->(21,18,9.15685)->(21,17,9.65685)->(21,16,10.1569)->(21,15,10.6569)->(21,14,11.1748)->(21,13,11.7426)->(21,12,12.4248)->(21,11,13.7426)->(21,10,15.9569)->(22,10,18.1711)->(23,10,19.4889)->(24,10,20.221)->(25,10,20.953)->(26,10,22.2708)->(27,10,5010.84)->
