Agent 0:(70,46,1.3)->(70,47,2.01421)->(70,48,3.33205)->(70,49,4.01421)->(70,50,4.58205)->(70,51,5.1)->(70,52,5.6)->(70,53,6.1)->(70,54,6.6)->(70,55,7.1)->(70,56,7.6)->(70,57,8.1)->(70,58,8.61795)->(70,59,9.18579)->(70,60,9.86795)->(70,61,11.1858)->(70,62,13.4)->(71,62,15.6142)->(72,62,16.9481)->(73,62,17.7765)->(74,62,19.1103)->(75,62,5009.26)->
Agent 1:(28,36,2.2)->(28,35,3.81421)->(28,34,5.13205)->(28,33,5.81421)->(28,32,6.38205)->(28,31,6.9)->(28,30,7.4)->(28,29,7.9)->(28,28,8.4)->(28,27,8.9)->(28,26,9.4)->(28,25,9.91795)->(28,24,10.4858)->(28,23,11.1679)->(28,22,12.4858)->(28,21,14.7)->(27,21,16.9142)->(26,21,18.2321)->(25,21,18.9142)->(24,21,19.4821)->(23,21,20)->(22,21,20.5)->(21,21,21)->(20,21,21.5)->(19,21,22)->(18,21,22.5)->(17,21,23)->(16,21,23.5)->(15,21,24)->(14,21,24.5)->(13,21,25)->(12,21,25.5)->(11,21,26)->(10,21,26.5)->(9,21,27)->(8,21,27.5)->(7,21,28.0179)->(6,21,28.5858)->(5,21,29.2679)->(4,21,30.5858)->(3,21,5015)->
Agent 2:(67,22,1.3)->(67,23,2.01421)->(67,24,3.34806)->(67,25,4.17649)->(67,26,5.51034)->(67,27,7.72456)->(66,27,9.93877)->(65,27,11.2566)->(64,27,11.9388)->(63,27,12.5066)->(62,27,13.0246)->(61,27,13.5246)->(60,27,14.0246)->(59,27,14.5246)->(58,27,15.0246)->(57,27,15.5246)->(56,27,16.0246)->(55,27,16.5246)->(54,27,17.0246)->(53,27,17.5246)->(52,27,18.0246)->(51,27,18.5246)->(50,27,19.0246)->(49,27,19.5246)->(48,27,20.0246)->(47,27,20.5246)->(46,27,21.0425)->(45,27,21.6103)->(44,27,22.2925)->(43,27,23.6103)->(42,27,25.8246)->(42,28,28.0388)->(42,29,29.3566)->(42,30,30.0388)->(42,31,30.6066)->(42,32,31.1246)->(42,33,31.6246)->(42,34,32.1246)->(42,35,32.6246)->(42,36,33.1246)->(42,37,33.6246)->(42,38,34.1246)->(42,39,34.6246)->(42,40,35.1246)->(42,41,35.6246)->(42,42,36.1246)->(42,43,36.6246)->(42,44,37.1246)->(42,45,37.6246)->(42,46,38.1246)->(42,47,38.6246)->(42,48,39.1425)->(42,49,39.7103)->(42,50,40.3925)->(42,51,41.7103)->(42,52,43.9246)->(43,52,46.1388)->(44,52,47.4566)->(45,52,48.1388)->(46,52,48.7066)->(47,52,49.2246)->(48,52,49.7246)->(49,52,50.2246)->(50,52,50.7246)->(51,52,51.2246)->(52,52,51.7246)->(53,52,52.2246)->(54,52,52.7425)->(55,52,53.3103)->(56,52,53.9925)->(57,52,55.3103)->(58,52,5027.36)->
Agent 3:(56,38,2.2)->(56,37,3.81421)->(56,36,5.13205)->(56,35,5.81421)->(56,34,6.38205)->(56,33,6.9)->(56,32,7.4)->(56,31,7.9)->(56,30,8.41795)->(56,29,8.98579)->(56,28,9.66795)->(56,27,10.9858)->(56,26,13.2)->(57,26,15.4142)->(58,26,16.7321)->(59,26,17.4142)->(60,26,18)->(61,26,18.5858)->(62,26,19.2679)->(63,26,20.5858)->(64,26,5010)->
Agent 4:(67,35,1.3)->(67,36,2.01421)->(67,37,3.42843)->(67,38,4.84264)->(67,39,7.47107)->(66,39,5003.93)->
Agent 5:(23,23,1.8)->(24,23,3.01421)->(25,23,4.33205)->(26,23,5.01421)->(27,23,5.58205)->(28,23,6.1)->(29,23,6.6)->(30,23,7.1)->(31,23,7.6)->(32,23,8.1)->(33,23,8.6)->(34,23,9.11795)->(35,23,9.68579)->(36,23,10.3679)->(37,23,11.6858)->(38,23,13.9)->(38,24,16.1142)->(38,25,17.4321)->(38,26,18.1142)->(38,27,18.6821)->(38,28,19.2)->(38,29,19.7)->(38,30,20.2)->(38,31,20.7)->(38,32,21.2)->(38,33,21.7)->(38,34,22.2)->(38,35,22.7179)->(38,36,23.2858)->(38,37,23.9679)->(38,38,25.2858)->(38,39,5012.35)->
Agent 6:(21,12,1.3)->(21,13,2.01421)->(21,14,3.33205)->(21,15,4.01421)->(21,16,4.58205)->(21,17,5.11795)->(21,18,5.68579)->(21,19,6.36795)->(21,20,7.68579)->(21,21,9.9)->(20,21,12.1142)->(19,21,13.4321)->(18,21,14.1238)->(17,21,14.7595)->(16,21,15.4513)->(15,21,16.7691)->(14,21,19.3975)->(14,20,23.8117)->(14,21,5012.51)->
Agent 7:(57,44,2.2)->(57,43,3.81421)->(57,42,5.13205)->(57,41,5.81421)->(57,40,6.38205)->(57,39,6.9)->(57,38,7.4)->(57,37,7.9)->(57,36,8.4)->(57,35,8.9)->(57,34,9.4)->(57,33,9.91795)->(57,32,10.4858)->(57,31,11.1679)->(57,30,12.4858)->(57,29,14.7)->(56,29,16.9142)->(55,29,18.2321)->(54,29,18.9142)->(53,29,19.4821)->(52,29,20)->(51,29,20.5)->(50,29,21)->(49,29,21.5)->(48,29,22)->(47,29,22.5)->(46,29,23)->(45,29,23.5)->(44,29,24)->(43,29,24.5179)->(42,29,25.0858)->(41,29,25.7679)->(40,29,27.0858)->(39,29,29.3)->(39,30,31.5142)->(39,31,32.8321)->(39,32,33.5142)->(39,33,34.0821)->(39,34,34.6)->(39,35,35.1)->(39,36,35.6)->(39,37,36.1)->(39,38,36.6)->(39,39,37.1)->(39,40,37.6)->(39,41,38.1)->(39,42,38.6)->(39,43,39.1)->(39,44,39.6)->(39,45,40.1)->(39,46,40.6)->(39,47,41.1)->(39,48,41.6)->(39,49,42.1)->(39,50,42.6)->(39,51,43.1)->(39,52,43.6)->(39,53,44.1)->(39,54,44.6)->(39,55,45.1)->(39,56,45.6)->(39,57,46.1179)->(39,58,46.6858)->(39,59,47.3679)->(39,60,48.6858)->(39,61,51.3142)->(38,61,55.3284)->(38,62,5028.06)->
Agent 8:(29,60,2.2)->(29,59,3.81421)->(29,58,5.13205)->(29,57,5.81421)->(29,56,6.38205)->(29,55,6.9)->(29,54,7.4)->(29,53,7.9)->(29,52,8.4)->(29,51,8.9)->(29,50,9.4)->(29,49,9.9)->(29,48,10.4)->(29,47,10.9)->(29,46,11.4)->(29,45,11.9)->(29,44,12.4)->(29,43,12.9)->(29,42,13.4)->(29,41,13.9)->(29,40,14.4)->(29,39,14.9)->(29,38,15.4)->(29,37,15.9)->(29,36,16.4)->(29,35,16.9)->(29,34,17.4)->(29,33,17.9)->(29,32,18.4)->(29,31,18.9179)->(29,30,19.4858)->(29,29,20.1679)->(29,28,21.4858)->(29,27,23.7)->(30,27,25.9142)->(31,27,27.2321)->(32,27,27.9142)->(33,27,28.4821)->(34,27,29)->(35,27,29.5)->(36,27,30)->(37,27,30.5)->(38,27,31)->(39,27,31.5)->(40,27,32)->(41,27,32.5)->(42,27,33)->(43,27,33.5)->(44,27,34)->(45,27,34.5)->(46,27,35)->(47,27,35.5)->(48,27,36)->(49,27,36.5)->(50,27,37)->(51,27,37.5)->(52,27,38)->(53,27,38.5)->(54,27,39)->(55,27,39.5)->(56,27,40)->(57,27,40.5)->(58,27,41)->(59,27,41.5)->(60,27,42)->(61,27,42.5179)->(62,27,43.0858)->(63,27,43.7679)->(64,27,45.0858)->(65,27,47.3)->(65,26,49.5142)->(65,25,50.8321)->(65,24,51.5142)->(65,23,52.0821)->(65,22,52.6)->(65,21,53.1)->(65,20,53.6179)->(65,19,54.1858)->(65,18,54.8679)->(65,17,56.1858)->(65,16,58.4)->(64,16,60.6495)->(63,16,62.6495)->(62,16,5031.05)->
Agent 9:(13,49,2.2)->(13,48,3.81421)->(13,47,5.13205)->(13,46,5.81421)->(13,45,6.38205)->(13,44,6.9)->(13,43,7.4)->(13,42,7.9)->(13,41,8.4)->(13,40,8.9)->(13,39,9.4)->(13,38,9.91795)->(13,37,10.4858)->(13,36,11.1679)->(13,35,12.4858)->(13,34,14.7)->(12,34,17.5)->(11,34,5008.75)->
