Agent 0:(14,0,1.8)->(15,0,3.01421)->(16,0,4.33205)->(17,0,5.01421)->(18,0,5.6)->(19,0,6.18579)->(20,0,6.86795)->(21,0,8.18579)->(22,0,10.4)->(22,1,12.6142)->(22,2,13.9321)->(22,3,14.6142)->(22,4,15.1821)->(22,5,15.7)->(22,6,16.2)->(22,7,16.7)->(22,8,17.2)->(22,9,17.7)->(22,10,18.2)->(22,11,18.7)->(22,12,19.2)->(22,13,19.7)->(22,14,20.2)->(22,15,20.7)->(22,16,21.2)->(22,17,21.7)->(22,18,22.2)->(22,19,22.7)->(22,20,23.2)->(22,21,23.7179)->(22,22,24.2858)->(22,23,24.9679)->(22,24,26.2858)->(22,25,28.5)->(23,25,31.3)->(24,25,34.1)->(24,26,36.3495)->(24,27,38.3495)->(24,28,40.599)->(23,28,43.399)->(22,28,5021.7)->
Agent 1:(5,7,6.16228)->(5,8,11.7388)->(5,9,13.0566)->(5,10,13.7388)->(5,11,14.3066)->(5,12,14.8246)->(5,13,15.3246)->(5,14,15.8246)->(5,15,16.3425)->(5,16,16.9103)->(5,17,17.5925)->(5,18,18.9103)->(5,19,21.5388)->(4,19,5010.96)->
Agent 2:(17,14,2.21421)->(16,14,4.81421)->(16,13,7.44264)->(16,12,8.76048)->(16,11,9.45225)->(16,10,10.0879)->(16,9,10.7797)->(16,8,12.0975)->(16,7,14.3117)->(17,7,17.1117)->(18,7,19.9117)->(18,6,22.126)->(18,5,23.4438)->(18,4,24.1356)->(18,3,24.7712)->(18,2,25.463)->(18,1,26.7808)->(18,0,5013.1)->
Agent 3:(20,21,2.45)->(19,21,4.31421)->(18,21,5.63205)->(17,21,6.31421)->(16,21,6.88205)->(15,21,7.4)->(14,21,7.9)->(13,21,8.4)->(12,21,8.9)->(11,21,9.4)->(10,21,9.9)->(9,21,10.4179)->(8,21,10.9858)->(7,21,11.6679)->(6,21,12.9858)->(5,21,19.1906)->(5,20,25.3955)->(5,19,26.7133)->(5,18,27.3955)->(5,17,27.9633)->(5,16,28.4813)->(5,15,28.9813)->(5,14,29.4813)->(5,13,29.9813)->(5,12,30.4813)->(5,11,30.9813)->(5,10,31.4813)->(5,9,31.9992)->(5,8,32.5671)->(5,7,33.2492)->(5,6,34.5671)->(5,5,36.7813)->(6,5,38.9955)->(7,5,40.4097)->(8,5,41.8239)->(9,5,5020.62)->
Agent 4:(20,15,1.8)->(21,15,3.01421)->(22,15,4.42843)->(23,15,5.84264)->(24,15,13.9953)->(23,15,22.148)->(22,15,23.4658)->(21,15,24.1576)->(20,15,24.7933)->(19,15,25.485)->(18,15,26.8029)->(17,15,5013.11)->
Agent 5:(7,0,1.8)->(6,0,3.01421)->(5,0,4.33205)->(4,0,5.0641)->(3,0,5.79615)->(2,0,7.11399)->(1,0,16.9337)->(1,1,26.7534)->(1,2,28.0712)->(1,3,28.7534)->(1,4,29.3212)->(1,5,29.8391)->(1,6,30.3391)->(1,7,30.8391)->(1,8,31.3391)->(1,9,31.8391)->(1,10,32.3391)->(1,11,32.8391)->(1,12,33.3391)->(1,13,33.8391)->(1,14,34.3391)->(1,15,34.8391)->(1,16,35.3391)->(1,17,35.8391)->(1,18,36.3391)->(1,19,36.8391)->(1,20,37.3391)->(1,21,37.8391)->(1,22,38.3571)->(1,23,38.9249)->(1,24,39.6071)->(1,25,40.9249)->(1,26,43.5534)->(0,26,5021.97)->
Agent 6:(3,11,2.21421)->(2,11,5.01421)->(2,12,8.42843)->(2,13,11.6426)->(1,13,19.3054)->(2,13,26.5823)->(3,13,5013.29)->
Agent 7:(5,15,1.3)->(5,16,2.01421)->(5,17,3.33205)->(5,18,4.01421)->(5,19,4.58205)->(5,20,5.11795)->(5,21,5.68579)->(5,22,6.36795)->(5,23,7.68579)->(5,24,10.7)->(6,24,13.7142)->(7,24,15.0321)->(8,24,15.7142)->(9,24,16.2821)->(10,24,16.8)->(11,24,17.3)->(12,24,17.8)->(13,24,18.3)->(14,24,18.8)->(15,24,19.3)->(16,24,19.8)->(17,24,20.3)->(18,24,20.8)->(19,24,21.3)->(20,24,21.8)->(21,24,22.3)->(22,24,22.8)->(23,24,23.3179)->(24,24,23.8858)->(25,24,24.5679)->(26,24,25.8858)->(27,24,28.1)->(27,25,30.3495)->(27,26,32.3495)->(27,27,37.8191)->(28,27,5020.51)->
Agent 8:(4,23,2.2)->(4,22,3.81421)->(4,21,5.13205)->(4,20,5.81421)->(4,19,6.38205)->(4,18,6.9)->(4,17,7.41795)->(4,16,7.98579)->(4,15,8.66795)->(4,14,9.98579)->(4,13,14.1821)->(5,13,18.3783)->(6,13,19.6962)->(7,13,20.3783)->(8,13,20.9641)->(9,13,21.5499)->(10,13,22.2321)->(11,13,23.5499)->(12,13,25.7641)->(12,12,28.5641)->(12,11,31.3641)->(13,11,33.5783)->(14,11,34.8962)->(15,11,35.5783)->(16,11,36.1462)->(17,11,36.6641)->(18,11,37.1641)->(19,11,37.6821)->(20,11,38.2499)->(21,11,38.9321)->(22,11,40.2499)->(23,11,5019.83)->
Agent 9:(0,31,2.27832)->(1,31,3.97084)->(2,31,5.28868)->(3,31,5.97084)->(4,31,6.53868)->(5,31,7.05663)->(6,31,7.55663)->(7,31,8.05663)->(8,31,8.55663)->(9,31,9.05663)->(10,31,9.55663)->(11,31,10.0566)->(12,31,10.5566)->(13,31,11.0566)->(14,31,11.5566)->(15,31,12.0566)->(16,31,12.5566)->(17,31,13.0566)->(18,31,13.5566)->(19,31,14.0566)->(20,31,14.5566)->(21,31,15.0566)->(22,31,15.5746)->(23,31,16.1424)->(24,31,16.8246)->(25,31,18.1424)->(26,31,21.8085)->(26,30,25.4747)->(26,29,26.7925)->(26,28,27.4747)->(26,27,28.0425)->(26,26,28.5605)->(26,25,29.0605)->(26,24,29.5605)->(26,23,30.0605)->(26,22,30.5605)->(26,21,31.0605)->(26,20,31.5605)->(26,19,32.0605)->(26,18,32.5605)->(26,17,33.0605)->(26,16,33.5605)->(26,15,34.0605)->(26,14,34.5605)->(26,13,35.0605)->(26,12,35.5784)->(26,11,36.1462)->(26,10,36.8284)->(26,9,38.1462)->(26,8,40.3605)->(27,8,42.5747)->(28,8,43.9889)->(29,8,45.4031)->(30,8,47.6173)->(30,7,49.8315)->(30,6,51.1494)->(30,5,51.8814)->(30,4,52.6135)->(30,3,53.9313)->(30,2,5026.67)->
Agent 10:(17,28,2.73216)->(18,28,4.87854)->(19,28,6.19638)->(20,28,6.87854)->(21,28,7.44638)->(22,28,7.98227)->(23,28,8.55011)->(24,28,9.23227)->(25,28,10.5501)->(26,28,13.2784)->(26,27,16.0067)->(26,26,17.3246)->(26,25,18.0067)->(26,24,18.5746)->(26,23,19.0925)->(26,22,19.5925)->(26,21,20.0925)->(26,20,20.5925)->(26,19,21.0925)->(26,18,21.5925)->(26,17,22.0925)->(26,16,22.5925)->(26,15,23.0925)->(26,14,23.5925)->(26,13,24.0925)->(26,12,24.5925)->(26,11,25.1105)->(26,10,25.6783)->(26,9,26.3605)->(26,8,27.6783)->(26,7,5013.55)->
Agent 11:(7,29,1.8)->(6,29,3.04949)->(5,29,5.04949)->(4,29,10.2906)->(4,28,15.4965)->(4,27,16.8143)->(4,26,17.4965)->(4,25,18.0643)->(4,24,18.5823)->(4,23,19.0823)->(4,22,19.5823)->(4,21,20.0823)->(4,20,20.5823)->(4,19,21.0823)->(4,18,21.5823)->(4,17,22.0823)->(4,16,22.5823)->(4,15,23.0823)->(4,14,23.5823)->(4,13,24.0823)->(4,12,24.5823)->(4,11,25.0823)->(4,10,25.6002)->(4,9,26.1681)->(4,8,26.8502)->(4,7,28.1681)->(4,6,30.7965)->(3,6,5015.59)->
Agent 12:(24,21,2.61421)->(24,20,9.1641)->(25,20,15.3777)->(26,20,17.3777)->(27,20,21.0456)->(27,19,25.2641)->(27,18,30.5765)->(26,18,5016.53)->
Agent 13:(15,29,5.54115)->(14,29,10.4965)->(13,29,11.8143)->(12,29,12.4965)->(11,29,13.0643)->(10,29,13.5823)->(9,29,14.0823)->(8,29,14.5823)->(7,29,15.0823)->(6,29,15.5823)->(5,29,16.0823)->(4,29,16.6002)->(3,29,17.1681)->(2,29,17.8502)->(1,29,19.1681)->(0,29,21.3823)->(0,28,23.5965)->(0,27,24.9143)->(0,26,25.5965)->(0,25,26.1823)->(0,24,26.7681)->(0,23,27.4502)->(0,22,28.7681)->(0,21,5014.09)->
Agent 14:(16,11,2.2)->(15,11,3.81421)->(14,11,5.13205)->(13,11,5.81421)->(12,11,6.38205)->(11,11,6.9)->(10,11,7.4)->(9,11,7.9)->(8,11,8.4)->(7,11,8.91795)->(6,11,9.48579)->(5,11,10.1679)->(4,11,11.4858)->(3,11,14.7353)->(3,12,17.9848)->(3,13,19.3186)->(3,14,20.147)->(3,15,21.4809)->(3,16,5010.45)->
Agent 15:(16,20,4.28772)->(17,20,7.98966)->(18,20,9.32351)->(19,20,10.1519)->(20,20,11.4858)->(21,20,14.0679)->(21,21,16.6501)->(21,22,17.9679)->(21,23,18.6597)->(21,24,19.2954)->(21,25,19.9872)->(21,26,21.305)->(21,27,5010.36)->
Agent 16:(27,29,5.91359)->(27,28,11.2414)->(27,27,12.5592)->(27,26,13.2414)->(27,25,13.8092)->(27,24,14.3272)->(27,23,14.8272)->(27,22,15.3272)->(27,21,15.8272)->(27,20,16.3272)->(27,19,16.8272)->(27,18,17.3272)->(27,17,17.8272)->(27,16,18.3272)->(27,15,18.8272)->(27,14,19.3272)->(27,13,19.8272)->(27,12,20.3451)->(27,11,20.913)->(27,10,21.5951)->(27,9,22.913)->(27,8,27.4823)->(26,8,32.0516)->(25,8,33.3695)->(24,8,34.0612)->(23,8,34.6969)->(22,8,35.3887)->(21,8,36.7065)->(20,8,5018.06)->
Agent 17:(30,10,1.71421)->(30,11,6.25)->(29,11,11.3142)->(28,11,12.6321)->(27,11,13.3142)->(26,11,13.8821)->(25,11,14.4)->(24,11,14.9)->(23,11,15.4)->(22,11,15.9)->(21,11,16.4)->(20,11,16.9)->(19,11,17.4)->(18,11,17.9)->(17,11,18.4)->(16,11,18.9)->(15,11,19.4179)->(14,11,19.9858)->(13,11,20.6679)->(12,11,21.9858)->(11,11,24.9105)->(11,12,27.8352)->(11,13,29.153)->(11,14,29.8352)->(11,15,30.403)->(11,16,30.921)->(11,17,31.421)->(11,18,31.921)->(11,19,32.421)->(11,20,32.921)->(11,21,33.4389)->(11,22,34.0067)->(11,23,34.6889)->(11,24,36.0067)->(11,25,38.221)->(10,25,40.4352)->(9,25,41.8494)->(8,25,43.2636)->(7,25,5021.34)->
Agent 18:(20,7,1.3)->(20,8,2.01421)->(20,9,3.33205)->(20,10,4.01421)->(20,11,4.58205)->(20,12,5.1)->(20,13,5.6)->(20,14,6.1)->(20,15,6.6)->(20,16,7.1)->(20,17,7.6)->(20,18,8.1)->(20,19,8.6)->(20,20,9.11795)->(20,21,9.68579)->(20,22,10.3679)->(20,23,11.6858)->(20,24,13.9)->(21,24,16.7)->(22,24,19.5)->(22,25,22.3)->(22,26,5011.15)->
Agent 19:(4,5,2.21421)->(3,5,8.9137)->(3,6,15.6416)->(3,7,16.9595)->(3,8,17.6416)->(3,9,18.2274)->(3,10,18.8132)->(3,11,19.4954)->(3,12,20.8132)->(3,13,23.4049)->(4,13,26.0318)->(5,13,28.0318)->(6,13,5013.74)->
Agent 20:(27,30,1.8)->(28,30,3.6)->(29,30,9.26048)->(29,29,14.3352)->(29,28,15.653)->(29,27,16.3352)->(29,26,16.903)->(29,25,17.421)->(29,24,17.921)->(29,23,18.421)->(29,22,18.921)->(29,21,19.421)->(29,20,19.921)->(29,19,20.421)->(29,18,20.921)->(29,17,21.4389)->(29,16,22.0067)->(29,15,22.6889)->(29,14,24.0067)->(29,13,26.221)->(30,13,29.021)->(31,13,31.821)->(31,12,34.0352)->(31,11,35.353)->(31,10,36.0352)->(31,9,36.621)->(31,8,37.2067)->(31,7,37.8889)->(31,6,39.2067)->(31,5,5019.31)->
Agent 21:(12,29,3.79039)->(12,28,6.995)->(12,27,8.31284)->(12,26,9.00461)->(12,25,9.64028)->(12,24,10.3321)->(12,23,11.6499)->(12,22,13.8641)->(13,22,16.0783)->(14,22,17.3962)->(15,22,18.0783)->(16,22,18.6462)->(17,22,19.1641)->(18,22,19.6641)->(19,22,20.1641)->(20,22,20.6821)->(21,22,21.2499)->(22,22,21.9321)->(23,22,23.2499)->(24,22,5011.33)->
Agent 22:(25,26,1.8)->(24,26,3.01421)->(23,26,4.33205)->(22,26,5.01421)->(21,26,5.58205)->(20,26,6.1)->(19,26,6.61795)->(18,26,7.18579)->(17,26,7.86795)->(16,26,9.18579)->(15,26,11.8142)->(15,25,15.8284)->(14,25,5008.31)->
Agent 23:(17,8,2.83567)->(16,8,5.08556)->(15,8,6.4034)->(14,8,7.08556)->(13,8,7.6534)->(12,8,8.17135)->(11,8,8.6893)->(10,8,9.25714)->(9,8,9.9393)->(8,8,11.2571)->(7,8,13.4713)->(7,9,15.6856)->(7,10,17.0034)->(7,11,17.6856)->(7,12,18.2534)->(7,13,18.7713)->(7,14,19.2713)->(7,15,19.7713)->(7,16,20.2713)->(7,17,20.7713)->(7,18,21.2713)->(7,19,21.7713)->(7,20,22.2893)->(7,21,22.8571)->(7,22,23.5393)->(7,23,24.8571)->(7,24,5012.14)->
Agent 24:(15,18,6.11795)->(15,17,11.6501)->(15,16,12.9679)->(15,15,13.6501)->(15,14,14.2179)->(15,13,14.7359)->(15,12,15.2359)->(15,11,15.7359)->(15,10,16.2359)->(15,9,16.7538)->(15,8,17.3217)->(15,7,18.0038)->(15,6,19.3217)->(15,5,21.5359)->(16,5,23.7501)->(17,5,25.1643)->(18,5,26.5785)->(19,5,5013)->
Agent 25:(8,19,3.83567)->(8,18,7.08556)->(8,17,8.4034)->(8,16,9.08556)->(8,15,9.6534)->(8,14,10.1713)->(8,13,10.6713)->(8,12,11.1713)->(8,11,11.6713)->(8,10,12.1713)->(8,9,12.6713)->(8,8,13.1713)->(8,7,13.6713)->(8,6,14.1713)->(8,5,14.6893)->(8,4,15.2571)->(8,3,15.9393)->(8,2,17.2571)->(8,1,20.1832)->(9,1,23.1093)->(10,1,24.4271)->(11,1,25.1093)->(12,1,25.6771)->(13,1,26.1951)->(14,1,26.6951)->(15,1,27.1951)->(16,1,27.6951)->(17,1,28.1951)->(18,1,28.6951)->(19,1,29.1951)->(20,1,29.6951)->(21,1,30.1951)->(22,1,30.6951)->(23,1,31.1951)->(24,1,31.6951)->(25,1,32.1951)->(26,1,32.6951)->(27,1,33.213)->(28,1,33.7808)->(29,1,34.463)->(30,1,35.7808)->(31,1,37.9951)->(31,2,40.7951)->(31,3,5020.4)->
Agent 26:(27,19,2.21421)->(26,19,4.81421)->(26,20,7.44264)->(26,21,8.85685)->(26,22,10.2711)->(26,23,13.4702)->(25,23,16.6693)->(24,23,17.9872)->(23,23,18.6693)->(22,23,19.2372)->(21,23,19.7551)->(20,23,20.2551)->(19,23,20.7551)->(18,23,21.2731)->(17,23,21.8409)->(16,23,22.5231)->(15,23,23.8409)->(14,23,26.4693)->(14,24,31.6885)->(13,24,35.9715)->(12,24,37.9715)->(11,24,5018.71)->
Agent 27:(19,0,1.55)->(19,1,2.51421)->(19,2,3.83205)->(19,3,4.51421)->(19,4,5.08205)->(19,5,5.6)->(19,6,6.1)->(19,7,6.6)->(19,8,7.1)->(19,9,7.6)->(19,10,8.1)->(19,11,8.6)->(19,12,9.1)->(19,13,9.6)->(19,14,10.1)->(19,15,10.6)->(19,16,11.1)->(19,17,11.6)->(19,18,12.1)->(19,19,12.6)->(19,20,13.1)->(19,21,13.6)->(19,22,14.1179)->(19,23,14.6858)->(19,24,15.3679)->(19,25,16.6858)->(19,26,18.9)->(18,26,21.1142)->(17,26,22.4321)->(16,26,23.1142)->(15,26,23.6821)->(14,26,24.2)->(13,26,24.7)->(12,26,25.2)->(11,26,25.7)->(10,26,26.2)->(9,26,26.7)->(8,26,27.2)->(7,26,27.7)->(6,26,28.2179)->(5,26,28.7858)->(4,26,29.4679)->(3,26,30.7858)->(2,26,33)->(2,27,35.8)->(2,28,5017.9)->
Agent 28:(13,5,1.71421)->(13,6,3.81421)->(12,6,6.44264)->(11,6,7.76048)->(10,6,8.44264)->(9,6,9.01048)->(8,6,9.52843)->(7,6,10.0284)->(6,6,10.5284)->(5,6,11.0464)->(4,6,11.6142)->(3,6,12.2964)->(2,6,13.6142)->(1,6,18.3054)->(1,7,22.9965)->(1,8,24.3143)->(1,9,24.9965)->(1,10,25.5643)->(1,11,26.0823)->(1,12,26.5823)->(1,13,27.0823)->(1,14,27.5823)->(1,15,28.0823)->(1,16,28.5823)->(1,17,29.0823)->(1,18,29.5823)->(1,19,30.0823)->(1,20,30.5823)->(1,21,31.1002)->(1,22,31.6681)->(1,23,32.3502)->(1,24,33.6681)->(1,25,36.2965)->(2,25,5018.34)->
Agent 29:(14,11,2.2)->(14,10,3.81421)->(14,9,5.13205)->(14,8,5.8641)->(14,7,6.59615)->(14,6,7.91399)->(14,5,10.1282)->(15,5,12.3424)->(16,5,13.6603)->(17,5,14.3424)->(18,5,14.9103)->(19,5,15.4282)->(20,5,15.9282)->(21,5,16.4282)->(22,5,16.9462)->(23,5,17.514)->(24,5,18.1962)->(25,5,19.514)->(26,5,5009.46)->
Agent 30:(10,25,1.3)->(10,26,2.6)->(10,27,5.8)->(10,26,8.41421)->(10,25,9.74806)->(10,24,10.5765)->(10,23,11.9103)->(10,22,14.5388)->(9,22,19.4407)->(10,22,23.3711)->(11,22,24.6889)->(12,22,25.3711)->(13,22,25.9389)->(14,22,26.4748)->(15,22,27.0426)->(16,22,27.7248)->(17,22,29.0426)->(18,22,5014.23)->
Agent 31:(25,31,2.73952)->(25,30,4.89326)->(25,29,6.30747)->(25,28,7.72168)->(25,27,5003.57)->
Agent 32:(9,25,2.4142)->(10,25,4.24261)->(11,25,5.65683)->(12,25,7.07104)->(13,25,9.28525)->(13,24,12.0853)->(13,23,5006.04)->
Agent 33:(0,22,1.8)->(1,22,3.6)->(2,22,7.22843)->(2,21,10.2711)->(2,20,11.5889)->(2,19,12.2711)->(2,18,12.8389)->(2,17,13.3569)->(2,16,13.8569)->(2,15,14.3569)->(2,14,14.8569)->(2,13,15.3569)->(2,12,15.8569)->(2,11,16.3569)->(2,10,16.8569)->(2,9,17.3569)->(2,8,17.8569)->(2,7,18.3569)->(2,6,18.8569)->(2,5,19.3748)->(2,4,19.9426)->(2,3,20.6248)->(2,2,21.9426)->(2,1,24.1569)->(3,1,26.3711)->(4,1,27.6889)->(5,1,28.3711)->(6,1,28.9389)->(7,1,29.4569)->(8,1,29.9569)->(9,1,30.4748)->(10,1,31.0426)->(11,1,31.7248)->(12,1,33.0426)->(13,1,35.6711)->(13,2,5018.03)->
Agent 34:(5,21,2.21421)->(6,21,5.22843)->(6,20,10.8642)->(7,20,15.1142)->(8,20,16.4321)->(9,20,17.1142)->(10,20,17.6821)->(11,20,18.2)->(12,20,18.7)->(13,20,19.2)->(14,20,19.7)->(15,20,20.2)->(16,20,20.7)->(17,20,21.2)->(18,20,21.7179)->(19,20,22.2858)->(20,20,22.9679)->(21,20,24.2858)->(22,20,26.5)->(22,19,29.3)->(22,18,5014.65)->
Agent 35:(24,13,3.05)->(23,13,5.51421)->(22,13,6.83205)->(21,13,7.51421)->(20,13,8.08205)->(19,13,8.6)->(18,13,9.1)->(17,13,9.6)->(16,13,10.1)->(15,13,10.6)->(14,13,11.1179)->(13,13,11.6858)->(12,13,12.3679)->(11,13,13.6858)->(10,13,17.3)->(10,14,20.9495)->(10,15,22.9495)->(10,16,5011.2)->
Agent 36:(28,21,2.28154)->(27,21,3.97729)->(26,21,5.29513)->(25,21,5.97729)->(24,21,6.54513)->(23,21,7.06308)->(22,21,7.56308)->(21,21,8.06308)->(20,21,8.56308)->(19,21,9.06308)->(18,21,9.56308)->(17,21,10.0631)->(16,21,10.5631)->(15,21,11.0631)->(14,21,11.5631)->(13,21,12.0631)->(12,21,12.5631)->(11,21,13.0631)->(10,21,13.581)->(9,21,14.1489)->(8,21,14.831)->(7,21,16.1489)->(6,21,18.3631)->(6,20,20.6126)->(6,19,22.6126)->(6,18,5011.03)->
Agent 37:(11,7,1.3)->(11,8,2.01421)->(11,9,3.33205)->(11,10,4.01421)->(11,11,4.58205)->(11,12,5.1)->(11,13,5.6)->(11,14,6.1)->(11,15,6.61795)->(11,16,7.18579)->(11,17,7.86795)->(11,18,9.18579)->(11,19,11.5963)->(12,19,14.0067)->(13,19,15.3246)->(14,19,16.0067)->(15,19,16.5746)->(16,19,17.0925)->(17,19,17.5925)->(18,19,18.0925)->(19,19,18.5925)->(20,19,19.0925)->(21,19,19.5925)->(22,19,20.0925)->(23,19,20.5925)->(24,19,21.0925)->(25,19,21.5925)->(26,19,22.1105)->(27,19,22.6783)->(28,19,23.3605)->(29,19,24.6783)->(30,19,27.3067)->(30,18,5013.85)->
Agent 38:(20,11,1.8)->(19,11,3.04949)->(18,11,5.04949)->(17,11,8.38615)->(17,10,11.6875)->(17,9,13.0054)->(17,8,13.6971)->(17,7,14.3328)->(17,6,15.0246)->(17,5,16.3424)->(17,4,5007.88)->
Agent 39:(27,24,2.7)->(27,23,4.81421)->(27,22,6.13205)->(27,21,6.81421)->(27,20,7.4)->(27,19,7.98579)->(27,18,8.66795)->(27,17,9.98579)->(27,16,12.2)->(28,16,14.4142)->(29,16,15.8284)->(30,16,17.2426)->(31,16,19.8711)->(31,17,5010.13)->
Agent 40:(17,22,1.8)->(18,22,3.01421)->(19,22,4.33205)->(20,22,5.0641)->(21,22,5.79615)->(22,22,7.11399)->(23,22,11.3872)->(23,21,15.6604)->(23,20,16.9782)->(23,19,17.6604)->(23,18,18.2282)->(23,17,18.7462)->(23,16,19.2462)->(23,15,19.7462)->(23,14,20.2462)->(23,13,20.7462)->(23,12,21.2462)->(23,11,21.7462)->(23,10,22.2462)->(23,9,22.7462)->(23,8,23.2462)->(23,7,23.7641)->(23,6,24.332)->(23,5,25.0141)->(23,4,26.332)->(23,3,28.5462)->(24,3,30.7957)->(25,3,32.7957)->(26,3,35.4594)->(26,2,5017.92)->
Agent 41:(31,25,2.2)->(31,24,3.81421)->(31,23,5.13205)->(31,22,5.81421)->(31,21,6.38205)->(31,20,6.9)->(31,19,7.4)->(31,18,7.9)->(31,17,8.4)->(31,16,8.9)->(31,15,9.4)->(31,14,9.9)->(31,13,10.4)->(31,12,10.9)->(31,11,11.4)->(31,10,11.9)->(31,9,12.4)->(31,8,12.9)->(31,7,13.4)->(31,6,13.9)->(31,5,14.4)->(31,4,14.9179)->(31,3,15.4858)->(31,2,16.1679)->(31,1,17.4858)->(31,0,19.7)->(30,0,21.9142)->(29,0,23.3284)->(28,0,24.7426)->(27,0,5012.08)->
Agent 42:(30,16,3.7)->(29,16,6.81421)->(28,16,8.13205)->(27,16,8.81421)->(26,16,9.38205)->(25,16,9.9)->(24,16,10.4)->(23,16,10.9)->(22,16,11.4)->(21,16,11.9)->(20,16,12.4179)->(19,16,12.9858)->(18,16,13.6679)->(17,16,14.9858)->(16,16,17.2)->(16,17,19.4142)->(16,18,20.7481)->(16,19,21.5765)->(16,20,22.9103)->(16,21,5011.16)->
Agent 43:(17,13,1.81795)->(16,13,3.05011)->(15,13,4.36795)->(14,13,5.05011)->(13,13,5.61795)->(12,13,6.1359)->(11,13,6.6359)->(10,13,7.15385)->(9,13,7.72168)->(8,13,8.40385)->(7,13,9.72168)->(6,13,11.9359)->(6,12,14.1854)->(6,11,16.1854)->(6,10,18.8491)->(7,10,22.8633)->(7,11,5011.83)->
Agent 44:(1,14,1.3)->(1,15,2.01421)->(1,16,3.33205)->(1,17,4.01421)->(1,18,4.58205)->(1,19,5.1)->(1,20,5.61795)->(1,21,6.18579)->(1,22,6.86795)->(1,23,8.18579)->(1,24,12.9269)->(2,24,17.6681)->(3,24,18.9859)->(4,24,19.6681)->(5,24,20.2359)->(6,24,20.7539)->(7,24,21.2539)->(8,24,21.7539)->(9,24,22.2539)->(10,24,22.7539)->(11,24,23.2539)->(12,24,23.7539)->(13,24,24.2539)->(14,24,24.7539)->(15,24,25.2539)->(16,24,25.7539)->(17,24,26.2539)->(18,24,26.7539)->(19,24,27.2539)->(20,24,27.7539)->(21,24,28.2539)->(22,24,28.7539)->(23,24,29.2539)->(24,24,29.7718)->(25,24,30.3397)->(26,24,31.0218)->(27,24,32.3397)->(28,24,34.5539)->(28,25,36.7681)->(28,26,38.1823)->(28,27,39.5965)->(28,28,5019.51)->
Agent 45:(18,27,2.21421)->(17,27,6.81421)->(17,26,11.4426)->(17,25,12.7605)->(17,24,13.4426)->(17,23,14.0105)->(17,22,14.5284)->(17,21,15.0284)->(17,20,15.5284)->(17,19,16.0284)->(17,18,16.5284)->(17,17,17.0284)->(17,16,17.5284)->(17,15,18.0284)->(17,14,18.5464)->(17,13,19.1142)->(17,12,19.7964)->(17,11,21.1142)->(17,10,23.7426)->(18,10,5012.06)->
Agent 46:(11,4,2.2)->(11,5,3.81421)->(11,6,5.13205)->(11,7,5.81421)->(11,8,6.38205)->(11,9,6.9)->(11,10,7.4)->(11,11,7.9)->(11,12,8.41795)->(11,13,8.98579)->(11,14,9.66795)->(11,15,10.9858)->(11,16,15.8348)->(10,16,20.6839)->(9,16,22.0017)->(8,16,22.6935)->(7,16,23.3292)->(6,16,24.0209)->(5,16,25.3388)->(4,16,31.7172)->(4,17,5017.93)->
Agent 47:(3,30,2.95)->(3,29,5.31421)->(3,28,6.63205)->(3,27,7.31421)->(3,26,7.88205)->(3,25,8.4)->(3,24,8.9)->(3,23,9.4)->(3,22,9.9)->(3,21,10.4)->(3,20,10.9)->(3,19,11.4179)->(3,18,11.9858)->(3,17,12.6679)->(3,16,13.9858)->(3,15,16.2)->(4,15,18.4142)->(5,15,19.8284)->(6,15,21.2426)->(7,15,23.8711)->(7,14,27.4711)->(8,14,30.0995)->(9,14,31.4173)->(10,14,32.1091)->(11,14,32.7448)->(12,14,33.4365)->(13,14,34.7544)->(14,14,5017.08)->
Agent 48:(21,5,1.8)->(21,6,3.01421)->(21,7,4.33205)->(21,8,5.0641)->(21,9,5.79615)->(21,10,7.11399)->(21,11,10.1321)->(20,11,13.1501)->(19,11,14.4679)->(18,11,15.1501)->(17,11,15.7179)->(16,11,16.2359)->(15,11,16.7359)->(14,11,17.2359)->(13,11,17.7359)->(12,11,18.2359)->(11,11,18.7359)->(10,11,19.2538)->(9,11,19.8217)->(8,11,20.5038)->(7,11,21.8217)->(6,11,5010.62)->
Agent 49:(9,9,10.4399)->(9,10,20.294)->(9,11,21.6118)->(9,12,22.3036)->(9,13,22.9393)->(9,14,23.631)->(9,15,24.9489)->(9,16,5012.18)->
Agent 50:(1,25,1.3)->(1,26,2.04949)->(1,27,4.04949)->(1,28,6.86733)->(2,28,9.64989)->(3,28,10.9677)->(4,28,11.6499)->(5,28,12.2177)->(6,28,12.7357)->(7,28,13.2357)->(8,28,13.7357)->(9,28,14.2357)->(10,28,14.7357)->(11,28,15.2357)->(12,28,15.7357)->(13,28,16.2357)->(14,28,16.7357)->(15,28,17.2357)->(16,28,17.7536)->(17,28,18.3215)->(18,28,19.0036)->(19,28,20.3215)->(20,28,5009.87)->
Agent 51:(27,16,2.21421)->(26,16,4.81421)->(26,15,7.44264)->(26,14,8.76048)->(26,13,9.45225)->(26,12,10.0879)->(26,11,10.7797)->(26,10,12.0975)->(26,9,15.879)->(25,9,19.6604)->(24,9,20.9782)->(23,9,21.6604)->(22,9,22.2282)->(21,9,22.7462)->(20,9,23.2462)->(19,9,23.7462)->(18,9,24.2462)->(17,9,24.7462)->(16,9,25.2462)->(15,9,25.7462)->(14,9,26.2462)->(13,9,26.7462)->(12,9,27.2462)->(11,9,27.7462)->(10,9,28.2462)->(9,9,28.7462)->(8,9,29.2462)->(7,9,29.7462)->(6,9,30.2462)->(5,9,30.7462)->(4,9,31.2641)->(3,9,31.832)->(2,9,32.5141)->(1,9,33.832)->(0,9,36.4604)->(0,8,5018.42)->
Agent 52:(28,25,2.2)->(28,24,3.81421)->(28,23,5.14806)->(28,22,5.97649)->(28,21,7.31034)->(28,20,18.1087)->(27,20,28.907)->(26,20,30.2248)->(25,20,30.907)->(24,20,31.4748)->(23,20,31.9928)->(22,20,32.4928)->(21,20,32.9928)->(20,20,33.4928)->(19,20,33.9928)->(18,20,34.4928)->(17,20,34.9928)->(16,20,35.4928)->(15,20,35.9928)->(14,20,36.4928)->(13,20,36.9928)->(12,20,37.4928)->(11,20,37.9928)->(10,20,38.4928)->(9,20,38.9928)->(8,20,39.4928)->(7,20,39.9928)->(6,20,40.5107)->(5,20,41.0785)->(4,20,41.7607)->(3,20,43.0785)->(2,20,45.707)->(2,21,5023.05)->
Agent 53:(21,22,2.2)->(21,21,3.81421)->(21,20,5.13205)->(21,19,5.81421)->(21,18,6.4)->(21,17,6.98579)->(21,16,7.66795)->(21,15,8.98579)->(21,14,13.3463)->(21,15,18.6783)->(20,15,21.3067)->(19,15,22.6406)->(18,15,23.469)->(17,15,24.8029)->(16,15,5012.11)->
Agent 54:(10,24,1.8)->(9,24,3.6)->(8,24,7.17157)->(8,23,10.1574)->(8,22,11.4752)->(8,21,12.1574)->(8,20,12.7252)->(8,19,13.2431)->(8,18,13.7431)->(8,17,14.2431)->(8,16,14.7431)->(8,15,15.2431)->(8,14,15.7431)->(8,13,16.2431)->(8,12,16.7431)->(8,11,17.2431)->(8,10,17.7431)->(8,9,18.2431)->(8,8,18.7431)->(8,7,19.2431)->(8,6,19.7611)->(8,5,20.3289)->(8,4,21.0111)->(8,3,22.3289)->(8,2,24.5431)->(9,2,26.7574)->(10,2,28.0752)->(11,2,28.7574)->(12,2,29.3252)->(13,2,29.8431)->(14,2,30.3611)->(15,2,30.9289)->(16,2,31.6111)->(17,2,32.9289)->(18,2,35.1431)->(18,3,37.9431)->(18,4,5018.97)->
Agent 55:(19,26,2.2)->(19,25,3.84949)->(19,24,5.84949)->(19,23,8.09898)->(18,23,10.3132)->(17,23,11.7274)->(16,23,13.1416)->(15,23,17.2274)->(15,22,21.3132)->(15,21,22.631)->(15,20,23.3132)->(15,19,23.881)->(15,18,24.399)->(15,17,24.899)->(15,16,25.399)->(15,15,25.899)->(15,14,26.399)->(15,13,26.899)->(15,12,27.399)->(15,11,27.899)->(15,10,28.399)->(15,9,28.899)->(15,8,29.399)->(15,7,29.899)->(15,6,30.399)->(15,5,30.899)->(15,4,31.4169)->(15,3,31.9848)->(15,2,32.6669)->(15,1,33.9848)->(15,0,5016.7)->
Agent 56:(5,28,1.8)->(6,28,3.04949)->(7,28,5.04949)->(8,28,7.29898)->(8,27,9.51319)->(8,26,10.831)->(8,25,11.5132)->(8,24,12.081)->(8,23,12.599)->(8,22,13.099)->(8,21,13.599)->(8,20,14.099)->(8,19,14.599)->(8,18,15.099)->(8,17,15.599)->(8,16,16.099)->(8,15,16.599)->(8,14,17.099)->(8,13,17.599)->(8,12,18.099)->(8,11,18.6169)->(8,10,19.1848)->(8,9,19.8669)->(8,8,21.1848)->(8,7,5010.3)->
Agent 57:(24,0,1.3)->(24,1,2.01421)->(24,2,3.33205)->(24,3,4.0641)->(24,4,4.79615)->(24,5,6.11399)->(24,6,9.14242)->(23,6,12.1708)->(22,6,13.4887)->(21,6,14.1708)->(20,6,14.7387)->(19,6,15.2566)->(18,6,15.7566)->(17,6,16.2566)->(16,6,16.7566)->(15,6,17.2566)->(14,6,17.7566)->(13,6,18.2566)->(12,6,18.7566)->(11,6,19.2566)->(10,6,19.7746)->(9,6,20.3424)->(8,6,21.0246)->(7,6,22.3424)->(6,6,5010.88)->
Agent 58:(28,5,1.9141)->(28,6,3.24242)->(28,7,4.56025)->(28,8,5.24242)->(28,9,5.81025)->(28,10,6.3282)->(28,11,6.8282)->(28,12,7.3282)->(28,13,7.8282)->(28,14,8.34615)->(28,15,8.91399)->(28,16,9.59615)->(28,17,10.914)->(28,18,13.1282)->(27,18,15.3777)->(26,18,17.3777)->(25,18,23.758)->(25,19,5013.93)->
Agent 59:(27,4,1.3)->(27,5,2.01421)->(27,6,3.33205)->(27,7,4.01421)->(27,8,4.6)->(27,9,5.18579)->(27,10,5.86795)->(27,11,7.18579)->(27,12,11.0642)->(26,12,14.9426)->(25,12,16.2605)->(24,12,16.9426)->(23,12,17.5105)->(22,12,18.0284)->(21,12,18.5464)->(20,12,19.1142)->(19,12,19.7964)->(18,12,21.1142)->(17,12,5010.26)->
Agent 60:(25,25,3.2)->(25,24,5.81421)->(25,23,7.13205)->(25,22,7.81421)->(25,21,8.38205)->(25,20,8.9)->(25,19,9.4)->(25,18,9.9)->(25,17,10.4)->(25,16,10.9)->(25,15,11.4)->(25,14,11.9)->(25,13,12.4)->(25,12,12.9)->(25,11,13.4)->(25,10,13.9179)->(25,9,14.4858)->(25,8,15.1679)->(25,7,16.4858)->(25,6,18.7)->(24,6,20.9142)->(23,6,22.2321)->(22,6,22.9142)->(21,6,23.4821)->(20,6,24)->(19,6,24.5)->(18,6,25)->(17,6,25.5)->(16,6,26)->(15,6,26.5179)->(14,6,27.0858)->(13,6,27.7679)->(12,6,29.0858)->(11,6,5014.25)->
Agent 61:(0,28,2.2)->(0,27,3.81421)->(0,26,5.13205)->(0,25,5.81421)->(0,24,6.38205)->(0,23,6.9)->(0,22,7.4)->(0,21,7.9)->(0,20,8.41795)->(0,19,8.98579)->(0,18,9.66795)->(0,17,10.9858)->(0,16,13.2)->(1,16,15.4142)->(2,16,16.7481)->(3,16,17.5765)->(4,16,18.9103)->(5,16,21.1246)->(5,15,23.3388)->(5,14,24.6566)->(5,13,25.3388)->(5,12,25.9066)->(5,11,26.4246)->(5,10,26.9246)->(5,9,27.4246)->(5,8,27.9246)->(5,7,28.4246)->(5,6,28.9246)->(5,5,29.4425)->(5,4,30.0103)->(5,3,30.6925)->(5,2,32.0103)->(5,1,5015.71)->
Agent 62:(20,2,1.55)->(20,3,2.51421)->(20,4,3.83205)->(20,5,4.51421)->(20,6,5.08205)->(20,7,5.6)->(20,8,6.1)->(20,9,6.61795)->(20,10,7.18579)->(20,11,7.86795)->(20,12,9.18579)->(20,13,12.5546)->(19,13,15.9234)->(18,13,17.2413)->(17,13,17.933)->(16,13,18.5687)->(15,13,19.2605)->(14,13,20.5783)->(13,13,5010)->
Agent 63:(21,31,2.2)->(21,30,3.81421)->(21,29,5.13205)->(21,28,5.81421)->(21,27,6.38205)->(21,26,6.9)->(21,25,7.4)->(21,24,7.9)->(21,23,8.4)->(21,22,8.91795)->(21,21,9.48579)->(21,20,10.1679)->(21,19,11.4858)->(21,18,13.7)->(20,18,15.9142)->(19,18,17.2321)->(18,18,17.9142)->(17,18,18.4821)->(16,18,19)->(15,18,19.5)->(14,18,20)->(13,18,20.5)->(12,18,21)->(11,18,21.5179)->(10,18,22.0858)->(9,18,22.7679)->(8,18,24.0858)->(7,18,26.7142)->(7,17,30.3142)->(6,17,32.9426)->(5,17,34.2765)->(4,17,35.1049)->(3,17,36.4388)->(2,17,39.0672)->(2,18,5019.73)->
Agent 64:(21,9,2.21421)->(22,9,5.62843)->(21,9,14.4633)->(21,10,21.5123)->(21,11,22.8301)->(21,12,23.5219)->(21,13,24.1576)->(21,14,24.8494)->(21,15,26.1672)->(21,16,5012.79)->
Agent 65:(21,7,1.8)->(22,7,3.01421)->(23,7,4.33205)->(24,7,5.01421)->(25,7,5.58205)->(26,7,6.11795)->(27,7,6.68579)->(28,7,7.36795)->(29,7,8.68579)->(30,7,11.3784)->(30,8,14.0711)->(30,9,15.3889)->(30,10,16.0711)->(30,11,16.6389)->(30,12,17.1569)->(30,13,17.6569)->(30,14,18.1569)->(30,15,18.6569)->(30,16,19.1748)->(30,17,19.7426)->(30,18,20.4248)->(30,19,21.7426)->(30,20,5010.58)->
Agent 66:(1,7,1.3)->(1,8,2.01421)->(1,9,3.33205)->(1,10,4.01421)->(1,11,4.58205)->(1,12,5.1)->(1,13,5.6)->(1,14,6.1)->(1,15,6.61795)->(1,16,7.18579)->(1,17,7.86795)->(1,18,9.18579)->(1,19,11.9623)->(2,19,14.7388)->(3,19,16.0566)->(4,19,16.7388)->(5,19,17.3066)->(6,19,17.8246)->(7,19,18.3246)->(8,19,18.8246)->(9,19,19.3246)->(10,19,19.8246)->(11,19,20.3246)->(12,19,20.8246)->(13,19,21.3246)->(14,19,21.8246)->(15,19,22.3246)->(16,19,22.8246)->(17,19,23.3246)->(18,19,23.8246)->(19,19,24.3246)->(20,19,24.8246)->(21,19,25.3246)->(22,19,25.8246)->(23,19,26.3246)->(24,19,26.8246)->(25,19,27.3425)->(26,19,27.9103)->(27,19,28.5925)->(28,19,29.9103)->(29,19,5014.66)->
Agent 67:(12,10,1.3)->(12,11,2.01421)->(12,12,3.33205)->(12,13,4.01421)->(12,14,4.58205)->(12,15,5.1)->(12,16,5.61795)->(12,17,6.18579)->(12,18,6.86795)->(12,19,8.18579)->(12,20,10.8142)->(11,20,14.4142)->(11,21,17.0779)->(11,22,19.0779)->(11,23,21.6673)->(10,23,24.2215)->(9,23,25.5393)->(8,23,26.2215)->(7,23,26.8072)->(6,23,27.393)->(5,23,28.0752)->(4,23,29.393)->(3,23,32.0215)->(3,24,5016.2)->
Agent 68:(7,9,4.85)->(7,8,9.11421)->(7,7,10.4321)->(7,6,11.1238)->(7,5,11.7595)->(7,4,12.4513)->(7,3,13.7691)->(7,2,19.5292)->(6,2,25.2893)->(5,2,26.6071)->(4,2,27.3391)->(3,2,28.0712)->(2,2,29.389)->(1,2,5014.4)->
Agent 69:(6,1,1.3)->(6,2,2.01421)->(6,3,3.33205)->(6,4,4.01421)->(6,5,4.58205)->(6,6,5.1)->(6,7,5.6)->(6,8,6.1)->(6,9,6.6)->(6,10,7.1)->(6,11,7.6)->(6,12,8.1)->(6,13,8.61795)->(6,14,9.18579)->(6,15,9.86795)->(6,16,11.1858)->(6,17,13.4)->(7,17,15.6142)->(8,17,16.9321)->(9,17,17.6142)->(10,17,18.2)->(11,17,18.7858)->(12,17,19.4679)->(13,17,20.7858)->(14,17,23.4142)->(14,16,5011.9)->
Agent 70:(9,31,2.2)->(9,30,3.81421)->(9,29,5.13205)->(9,28,5.81421)->(9,27,6.38205)->(9,26,6.9)->(9,25,7.4)->(9,24,7.9)->(9,23,8.4)->(9,22,8.9)->(9,21,9.4)->(9,20,9.9)->(9,19,10.4)->(9,18,10.9)->(9,17,11.4)->(9,16,11.9179)->(9,15,12.4858)->(9,14,13.1679)->(9,13,14.4858)->(9,12,17.2495)->(8,12,20.0132)->(7,12,21.331)->(6,12,22.0228)->(5,12,22.6585)->(4,12,23.3502)->(3,12,24.6681)->(2,12,26.8823)->(2,11,29.0965)->(2,10,30.4143)->(2,9,31.1464)->(2,8,31.8784)->(2,7,33.1963)->(2,6,5016.31)->
Agent 71:(19,27,1.8)->(20,27,3.01421)->(21,27,4.33205)->(22,27,5.01421)->(23,27,5.58205)->(24,27,6.1)->(25,27,6.61795)->(26,27,7.18579)->(27,27,7.86795)->(28,27,9.18579)->(29,27,12.0105)->(29,26,14.8352)->(29,25,16.153)->(29,24,16.8352)->(29,23,17.403)->(29,22,17.921)->(29,21,18.421)->(29,20,18.921)->(29,19,19.421)->(29,18,19.921)->(29,17,20.421)->(29,16,20.921)->(29,15,21.421)->(29,14,21.921)->(29,13,22.421)->(29,12,22.921)->(29,11,23.421)->(29,10,23.9389)->(29,9,24.5067)->(29,8,25.1889)->(29,7,26.5067)->(29,6,5012.96)->
Agent 72:(19,24,1.8)->(18,24,3.01421)->(17,24,4.33205)->(16,24,5.01421)->(15,24,5.6)->(14,24,6.18579)->(13,24,6.86795)->(12,24,8.18579)->(11,24,10.8394)->(11,25,13.493)->(11,26,14.9072)->(11,27,16.3215)->(11,28,5007.87)->
Agent 73:(4,9,2.2)->(4,8,3.81421)->(4,7,5.13205)->(4,6,5.8641)->(4,5,6.59615)->(4,4,7.91399)->(4,3,17.4314)->(5,3,26.9489)->(6,3,28.2667)->(7,3,28.9489)->(8,3,29.5167)->(9,3,30.0347)->(10,3,30.5347)->(11,3,31.0347)->(12,3,31.5347)->(13,3,32.0526)->(14,3,32.6204)->(15,3,33.3026)->(16,3,34.6204)->(17,3,5017.02)->
Agent 74:(0,1,1.71421)->(0,2,3.81421)->(1,2,6.44264)->(2,2,7.76048)->(3,2,8.44264)->(4,2,9.01048)->(5,2,9.52843)->(6,2,10.0284)->(7,2,10.5284)->(8,2,11.0284)->(9,2,11.5284)->(10,2,12.0284)->(11,2,12.5284)->(12,2,13.0284)->(13,2,13.5284)->(14,2,14.0284)->(15,2,14.5284)->(16,2,15.0284)->(17,2,15.5284)->(18,2,16.0284)->(19,2,16.5284)->(20,2,17.0284)->(21,2,17.5464)->(22,2,18.1142)->(23,2,18.7964)->(24,2,20.1142)->(25,2,5009.76)->
Agent 75:(14,26,5.08205)->(14,25,9.57832)->(14,24,10.8962)->(14,23,11.5783)->(14,22,12.1462)->(14,21,12.6641)->(14,20,13.1641)->(14,19,13.6641)->(14,18,14.1641)->(14,17,14.6641)->(14,16,15.1821)->(14,15,15.7499)->(14,14,16.4321)->(14,13,17.7499)->(14,12,19.9641)->(13,12,22.1783)->(12,12,23.5925)->(11,12,25.0067)->(10,12,5012.21)->
Agent 76:(12,31,3.79039)->(12,30,6.995)->(12,29,8.40921)->(12,28,9.82343)->(12,27,12.1868)->(13,27,14.5501)->(14,27,15.8679)->(15,27,16.5501)->(16,27,17.1179)->(17,27,17.6359)->(18,27,18.1359)->(19,27,18.6538)->(20,27,19.2217)->(21,27,19.9038)->(22,27,21.2217)->(23,27,5010.32)->
Agent 77:(3,28,2.2)->(3,27,3.81421)->(3,26,5.13205)->(3,25,5.81421)->(3,24,6.38205)->(3,23,6.9)->(3,22,7.4)->(3,21,7.9)->(3,20,8.4)->(3,19,8.9)->(3,18,9.41795)->(3,17,9.98579)->(3,16,10.6679)->(3,15,11.9858)->(3,14,15.3995)->(4,14,18.8132)->(5,14,20.131)->(6,14,20.8132)->(7,14,21.381)->(8,14,21.899)->(9,14,22.399)->(10,14,22.899)->(11,14,23.399)->(12,14,23.899)->(13,14,24.399)->(14,14,24.899)->(15,14,25.399)->(16,14,25.899)->(17,14,26.399)->(18,14,26.899)->(19,14,27.399)->(20,14,27.899)->(21,14,28.399)->(22,14,28.899)->(23,14,29.399)->(24,14,29.9169)->(25,14,30.4848)->(26,14,31.1669)->(27,14,32.4848)->(28,14,35.1132)->(28,13,5017.75)->
Agent 78:(12,5,1.3)->(12,6,2.01421)->(12,7,3.42843)->(12,8,4.84264)->(12,9,7.99714)->(13,9,11.1516)->(14,9,12.4695)->(15,9,13.1516)->(16,9,13.7374)->(17,9,14.3232)->(18,9,15.0054)->(19,9,16.3232)->(20,9,18.9516)->(20,8,23.3658)->(20,9,5012.28)->
Agent 79:(4,15,2.2)->(4,14,3.81421)->(4,13,5.14806)->(4,12,5.97649)->(4,11,7.31034)->(4,10,9.52456)->(5,10,11.7388)->(6,10,13.0566)->(7,10,13.7388)->(8,10,14.3066)->(9,10,14.8246)->(10,10,15.3246)->(11,10,15.8246)->(12,10,16.3246)->(13,10,16.8246)->(14,10,17.3246)->(15,10,17.8246)->(16,10,18.3425)->(17,10,18.9103)->(18,10,19.5925)->(19,10,20.9103)->(20,10,23.1246)->(20,11,25.9246)->(20,12,28.7246)->(21,12,30.9388)->(22,12,32.2566)->(23,12,32.9388)->(24,12,33.5066)->(25,12,34.0246)->(26,12,34.5425)->(27,12,35.1103)->(28,12,35.7925)->(29,12,37.1103)->(30,12,5018.26)->
Agent 80:(3,25,2.4142)->(4,25,4.8284)->(5,25,7.6284)->(5,26,10.4284)->(5,27,5005.21)->
Agent 81:(30,24,2.2)->(30,23,3.81421)->(30,22,5.13205)->(30,21,5.82382)->(30,20,6.45949)->(30,19,7.15126)->(30,18,8.4691)->(30,17,13.4879)->(29,17,18.5067)->(28,17,19.8246)->(27,17,20.5067)->(26,17,21.0746)->(25,17,21.5925)->(24,17,22.0925)->(23,17,22.5925)->(22,17,23.0925)->(21,17,23.5925)->(20,17,24.0925)->(19,17,24.5925)->(18,17,25.0925)->(17,17,25.5925)->(16,17,26.1105)->(15,17,26.6783)->(14,17,27.3605)->(13,17,28.6783)->(12,17,5014.05)->
Agent 82:(24,31,8.04626)->(24,30,15.5067)->(24,29,16.8246)->(24,28,17.5067)->(24,27,18.0746)->(24,26,18.5925)->(24,25,19.0925)->(24,24,19.5925)->(24,23,20.0925)->(24,22,20.5925)->(24,21,21.0925)->(24,20,21.5925)->(24,19,22.0925)->(24,18,22.5925)->(24,17,23.0925)->(24,16,23.5925)->(24,15,24.0925)->(24,14,24.5925)->(24,13,25.0925)->(24,12,25.6105)->(24,11,26.1783)->(24,10,26.8605)->(24,9,28.1783)->(24,8,30.3925)->(23,8,32.6067)->(22,8,33.9246)->(21,8,34.6067)->(20,8,35.1746)->(19,8,35.6925)->(18,8,36.1925)->(17,8,36.6925)->(16,8,37.1925)->(15,8,37.6925)->(14,8,38.1925)->(13,8,38.6925)->(12,8,39.1925)->(11,8,39.7105)->(10,8,40.2783)->(9,8,40.9605)->(8,8,42.2783)->(7,8,5020.85)->
Agent 83:(18,1,2.05)->(18,2,3.51421)->(18,3,4.83205)->(18,4,5.51421)->(18,5,6.08205)->(18,6,6.6)->(18,7,7.1)->(18,8,7.6)->(18,9,8.1)->(18,10,8.6)->(18,11,9.1)->(18,12,9.6)->(18,13,10.1)->(18,14,10.6)->(18,15,11.1)->(18,16,11.6)->(18,17,12.1)->(18,18,12.6)->(18,19,13.1)->(18,20,13.6)->(18,21,14.1)->(18,22,14.6)->(18,23,15.1)->(18,24,15.6)->(18,25,16.1)->(18,26,16.6)->(18,27,17.1179)->(18,28,17.6858)->(18,29,18.3679)->(18,30,19.6858)->(18,31,21.9)->(19,31,24.1142)->(20,31,25.4321)->(21,31,26.1142)->(22,31,26.6821)->(23,31,27.2)->(24,31,27.7)->(25,31,28.2)->(26,31,28.7179)->(27,31,29.2858)->(28,31,29.9679)->(29,31,31.2858)->(30,31,5015.35)->
Agent 84:(14,12,1.3)->(14,13,2.01421)->(14,14,3.42843)->(14,15,4.84264)->(14,16,7.05685)->(13,16,9.85685)->(12,16,5004.93)->
Agent 85:(4,25,1.3)->(4,26,2.04949)->(4,27,4.04949)->(4,28,6.29898)->(5,28,8.51319)->(6,28,9.83103)->(7,28,10.5132)->(8,28,11.081)->(9,28,11.599)->(10,28,12.099)->(11,28,12.599)->(12,28,13.099)->(13,28,13.599)->(14,28,14.099)->(15,28,14.599)->(16,28,15.099)->(17,28,15.599)->(18,28,16.099)->(19,28,16.599)->(20,28,17.099)->(21,28,17.599)->(22,28,18.099)->(23,28,18.599)->(24,28,19.099)->(25,28,19.599)->(26,28,20.1169)->(27,28,20.6848)->(28,28,21.3669)->(29,28,22.6848)->(30,28,25.3132)->(30,29,5012.85)->
Agent 86:(23,23,2.2)->(23,22,3.81421)->(23,21,5.13205)->(23,20,5.81421)->(23,19,6.4)->(23,18,6.98579)->(23,17,7.66795)->(23,16,8.98579)->(23,15,11.2)->(22,15,13.4142)->(21,15,14.7321)->(20,15,15.4142)->(19,15,15.9821)->(18,15,16.5)->(17,15,17)->(16,15,17.5)->(15,15,18)->(14,15,18.5)->(13,15,19)->(12,15,19.5179)->(11,15,20.0858)->(10,15,20.7679)->(9,15,22.0858)->(8,15,24.7142)->(8,16,5012.55)->
Agent 87:(15,3,1.3)->(15,4,2.01421)->(15,5,3.33205)->(15,6,4.01421)->(15,7,4.58205)->(15,8,5.1)->(15,9,5.6)->(15,10,6.11795)->(15,11,6.68579)->(15,12,7.36795)->(15,13,8.68579)->(15,14,10.9)->(14,14,13.7)->(13,14,18.0142)->(13,15,5009.75)->
Agent 88:(4,12,2.38579)->(3,12,4.18579)->(2,12,5.6)->(1,12,7.01421)->(0,12,9.22843)->(0,13,11.4779)->(0,14,13.4779)->(0,15,5006.46)->
Agent 89:(28,10,1.3)->(28,11,2.01421)->(28,12,3.33205)->(28,13,4.01421)->(28,14,4.58205)->(28,15,5.11795)->(28,16,5.68579)->(28,17,6.36795)->(28,18,7.68579)->(28,19,9.9)->(27,19,12.1495)->(26,19,14.1495)->(25,19,16.399)->(25,20,19.199)->(25,21,24.9317)->(24,21,30.6643)->(23,21,5015.33)->
