Agent 0:(23,16,1.8)->(22,16,3.04949)->(21,16,5.04949)->(20,16,7.29898)->(20,15,10.099)->(20,14,13.7132)->(20,15,17.7132)->(19,15,20.3416)->(18,15,21.6595)->(17,15,22.3416)->(16,15,22.9095)->(15,15,23.4274)->(14,15,23.9274)->(13,15,24.4274)->(12,15,24.9454)->(11,15,25.5132)->(10,15,26.1954)->(9,15,27.5132)->(8,15,30.1416)->(8,16,5015.26)->
Agent 1:(14,0,1.8)->(15,0,3.01421)->(16,0,4.42843)->(17,0,5.84264)->(18,0,8.05685)->(18,1,10.2711)->(18,2,11.5889)->(18,3,12.321)->(18,4,13.053)->(18,5,14.3708)->(18,6,5006.89)->
Agent 2:(11,10,1.3)->(11,11,2.01421)->(11,12,3.34806)->(11,13,4.17649)->(11,14,5.51034)->(11,15,7.72456)->(10,15,9.93877)->(9,15,11.353)->(8,15,12.7672)->(7,15,19.0437)->(7,16,25.3202)->(7,17,26.638)->(7,18,27.3202)->(7,19,27.888)->(7,20,28.406)->(7,21,28.906)->(7,22,29.406)->(7,23,29.9239)->(7,24,30.4918)->(7,25,31.1739)->(7,26,32.4918)->(7,27,5015.95)->
Agent 3:(3,15,1.34989)->(3,16,2.11399)->(3,17,3.43183)->(3,18,4.11399)->(3,19,4.68183)->(3,20,5.19978)->(3,21,5.69978)->(3,22,6.19978)->(3,23,6.71773)->(3,24,7.28556)->(3,25,7.96773)->(3,26,9.28556)->(3,27,11.914)->(4,27,18.3999)->(4,26,23.9142)->(4,25,25.2321)->(4,24,25.9142)->(4,23,26.4821)->(4,22,27)->(4,21,27.5)->(4,20,28)->(4,19,28.5)->(4,18,29)->(4,17,29.5)->(4,16,30)->(4,15,30.5)->(4,14,31)->(4,13,31.5179)->(4,12,32.0858)->(4,11,32.7679)->(4,10,34.0858)->(4,9,36.7142)->(3,9,39.3779)->(2,9,41.3779)->(1,9,5020.41)->
Agent 4:(11,7,1.71421)->(11,8,4.62843)->(11,7,9.04264)->(12,7,11.6711)->(13,7,12.9889)->(14,7,13.6711)->(15,7,14.2389)->(16,7,14.7748)->(17,7,15.3426)->(18,7,16.0248)->(19,7,17.3426)->(20,7,27.505)->(20,8,37.6674)->(20,9,38.9853)->(20,10,39.6674)->(20,11,40.2353)->(20,12,40.7532)->(20,13,41.2532)->(20,14,41.7532)->(20,15,42.2532)->(20,16,42.7532)->(20,17,43.2532)->(20,18,43.7532)->(20,19,44.2532)->(20,20,44.7532)->(20,21,45.2532)->(20,22,45.7532)->(20,23,46.2532)->(20,24,46.7532)->(20,25,47.2532)->(20,26,47.7532)->(20,27,48.2712)->(20,28,48.839)->(20,29,49.5212)->(20,30,50.839)->(20,31,53.0532)->(21,31,55.8532)->(22,31,5027.93)->
Agent 5:(12,22,2.2)->(12,21,3.81421)->(12,20,5.13205)->(12,19,5.81421)->(12,18,6.38205)->(12,17,6.91795)->(12,16,7.48579)->(12,15,8.16795)->(12,14,9.48579)->(12,13,11.7)->(13,13,14.5)->(14,13,22.3)->(14,12,29.5142)->(14,11,30.8321)->(14,10,31.5142)->(14,9,32.0821)->(14,8,32.6)->(14,7,33.1)->(14,6,33.6179)->(14,5,34.1858)->(14,4,34.8679)->(14,3,36.1858)->(14,2,38.4)->(15,2,41.2)->(16,2,5020.6)->
Agent 6:(14,25,2.2)->(14,24,3.81421)->(14,23,5.22843)->(14,22,6.64264)->(14,21,10.253)->(13,21,13.8633)->(12,21,15.1812)->(11,21,15.8633)->(10,21,16.4312)->(9,21,16.9491)->(8,21,17.4491)->(7,21,17.9491)->(6,21,18.4491)->(5,21,18.9671)->(4,21,19.5349)->(3,21,20.2171)->(2,21,21.5349)->(1,21,23.7491)->(1,22,26.5491)->(1,23,5013.27)->
Agent 7:(15,28,1.71421)->(15,29,5.1)->(15,28,9.01421)->(15,27,10.3481)->(15,26,11.1765)->(15,25,12.5103)->(15,24,14.7246)->(14,24,16.9388)->(13,24,18.2566)->(12,24,18.9388)->(11,24,19.5066)->(10,24,20.0246)->(9,24,20.5425)->(8,24,21.1103)->(7,24,21.7925)->(6,24,23.1103)->(5,24,5011.26)->
Agent 8:(18,24,2.03205)->(17,24,3.47832)->(16,24,4.79615)->(15,24,5.47832)->(14,24,6.04615)->(13,24,6.5641)->(12,24,7.0641)->(11,24,7.5641)->(10,24,8.0641)->(9,24,8.5641)->(8,24,9.0641)->(7,24,9.5641)->(6,24,10.0641)->(5,24,10.5821)->(4,24,11.1499)->(3,24,11.8321)->(2,24,13.1499)->(1,24,15.3641)->(1,25,17.5783)->(1,26,18.9925)->(1,27,20.4067)->(1,28,5009.91)->
Agent 9:(3,10,2.61421)->(4,10,4.64264)->(5,10,5.96048)->(6,10,6.64264)->(7,10,7.21048)->(8,10,7.72843)->(9,10,8.22843)->(10,10,8.72843)->(11,10,9.22843)->(12,10,9.72843)->(13,10,10.2284)->(14,10,10.7284)->(15,10,11.2284)->(16,10,11.7284)->(17,10,12.2284)->(18,10,12.7284)->(19,10,13.2284)->(20,10,13.7284)->(21,10,14.2464)->(22,10,14.8142)->(23,10,15.4964)->(24,10,16.8142)->(25,10,19.0284)->(25,11,21.2779)->(25,12,23.2779)->(25,13,5011.36)->
Agent 10:(17,23,1.8)->(18,23,3.01421)->(19,23,4.42843)->(20,23,5.84264)->(21,23,14.0814)->(20,23,22.3202)->(19,23,23.638)->(18,23,24.3202)->(17,23,24.888)->(16,23,25.406)->(15,23,25.906)->(14,23,26.406)->(13,23,26.9239)->(12,23,27.4918)->(11,23,28.1739)->(10,23,29.4918)->(9,23,5014.45)->
Agent 11:(16,11,1.8)->(17,11,3.01421)->(18,11,4.34806)->(19,11,5.17649)->(20,11,6.51034)->(21,11,16.0868)->(21,12,25.6633)->(21,13,26.9812)->(21,14,27.6633)->(21,15,28.2312)->(21,16,28.7491)->(21,17,29.2671)->(21,18,29.8349)->(21,19,30.5171)->(21,20,31.8349)->(21,21,5015.62)->
Agent 12:(18,27,1.8)->(17,27,3.01421)->(16,27,4.33205)->(15,27,5.02382)->(14,27,5.65949)->(13,27,6.35126)->(12,27,7.6691)->(11,27,14.1662)->(11,26,20.6633)->(11,25,21.9812)->(11,24,22.6633)->(11,23,23.2312)->(11,22,23.7491)->(11,21,24.2491)->(11,20,24.7491)->(11,19,25.2491)->(11,18,25.7491)->(11,17,26.2491)->(11,16,26.7491)->(11,15,27.2491)->(11,14,27.7491)->(11,13,28.2491)->(11,12,28.7491)->(11,11,29.2491)->(11,10,29.7491)->(11,9,30.2671)->(11,8,30.8349)->(11,7,31.5171)->(11,6,32.8349)->(11,5,35.4633)->(12,5,5017.92)->
Agent 13:(8,29,2.82841)->(9,29,6.04261)->(9,28,9.25683)->(9,27,15.253)->(10,27,20.6633)->(11,27,21.9812)->(12,27,22.6633)->(13,27,23.2312)->(14,27,23.7491)->(15,27,24.2491)->(16,27,24.7491)->(17,27,25.2491)->(18,27,25.7491)->(19,27,26.2491)->(20,27,26.7491)->(21,27,27.2491)->(22,27,27.7491)->(23,27,28.2491)->(24,27,28.7491)->(25,27,29.2671)->(26,27,29.8349)->(27,27,30.5171)->(28,27,31.8349)->(29,27,34.0491)->(29,26,36.2633)->(29,25,37.5812)->(29,24,38.2633)->(29,23,38.8491)->(29,22,39.4349)->(29,21,40.1171)->(29,20,41.4349)->(29,19,5020.42)->
Agent 14:(25,22,1.59626)->(25,23,2.60674)->(25,24,3.92458)->(25,25,4.60674)->(25,26,5.19253)->(25,27,5.77832)->(25,28,6.46048)->(25,29,7.77832)->(25,30,9.99253)->(24,30,12.7925)->(23,30,5006.4)->
Agent 15:(10,23,2.4142)->(11,23,4.24261)->(12,23,5.56045)->(13,23,6.24261)->(14,23,6.81045)->(15,23,7.34635)->(16,23,7.91419)->(17,23,8.59635)->(18,23,9.91419)->(19,23,12.1284)->(19,22,14.3426)->(19,21,15.6605)->(19,20,16.3925)->(19,19,17.1246)->(19,18,18.4424)->(19,17,5008.93)->
Agent 16:(24,0,1.48216)->(24,1,2.37854)->(24,2,3.69638)->(24,3,4.37854)->(24,4,4.94638)->(24,5,5.48227)->(24,6,6.05011)->(24,7,6.73227)->(24,8,8.05011)->(24,9,10.2643)->(23,9,12.4785)->(22,9,13.7964)->(21,9,14.4785)->(20,9,15.0464)->(19,9,15.5643)->(18,9,16.0643)->(17,9,16.5643)->(16,9,17.0643)->(15,9,17.5643)->(14,9,18.0643)->(13,9,18.5643)->(12,9,19.0643)->(11,9,19.5643)->(10,9,20.0643)->(9,9,20.5643)->(8,9,21.0643)->(7,9,21.5643)->(6,9,22.0823)->(5,9,22.6501)->(4,9,23.3323)->(3,9,24.6501)->(2,9,27.0858)->(2,10,29.5215)->(2,11,30.8553)->(2,12,31.6837)->(2,13,33.0176)->(2,14,35.646)->(1,14,5018.02)->
Agent 17:(2,2,1.3)->(2,3,2.04949)->(2,4,4.04949)->(2,5,10.0742)->(3,5,16.0636)->(4,5,17.3814)->(5,5,18.0636)->(6,5,18.6314)->(7,5,19.1494)->(8,5,19.6494)->(9,5,20.1494)->(10,5,20.6494)->(11,5,21.1494)->(12,5,21.6494)->(13,5,22.1494)->(14,5,22.6494)->(15,5,23.1494)->(16,5,23.6494)->(17,5,24.1494)->(18,5,24.6494)->(19,5,25.1494)->(20,5,25.6494)->(21,5,26.1494)->(22,5,26.6494)->(23,5,27.1494)->(24,5,27.6494)->(25,5,28.1673)->(26,5,28.7351)->(27,5,29.4173)->(28,5,30.7351)->(29,5,5015.07)->
Agent 18:(8,10,2.61421)->(9,10,4.64264)->(10,10,5.96048)->(11,10,6.64264)->(12,10,7.21048)->(13,10,7.72843)->(14,10,8.22843)->(15,10,8.72843)->(16,10,9.22843)->(17,10,9.72843)->(18,10,10.2284)->(19,10,10.7284)->(20,10,11.2284)->(21,10,11.7284)->(22,10,12.2284)->(23,10,12.7284)->(24,10,13.2284)->(25,10,13.7284)->(26,10,14.2284)->(27,10,14.7464)->(28,10,15.3142)->(29,10,15.9964)->(30,10,17.3142)->(31,10,19.5284)->(31,11,21.7426)->(31,12,23.0765)->(31,13,23.9049)->(31,14,25.2388)->(31,15,5012.33)->
Agent 19:(16,31,6.43205)->(16,30,12.2783)->(16,29,13.5962)->(16,28,14.2783)->(16,27,14.8462)->(16,26,15.3641)->(16,25,15.8641)->(16,24,16.3821)->(16,23,16.9499)->(16,22,17.6321)->(16,21,18.9499)->(16,20,22.2208)->(15,20,32.2147)->(15,21,5019.18)->
Agent 20:(2,11,1.3)->(2,12,2.01421)->(2,13,3.33205)->(2,14,4.01421)->(2,15,4.58205)->(2,16,5.1)->(2,17,5.6)->(2,18,6.1)->(2,19,6.6)->(2,20,7.1)->(2,21,7.61795)->(2,22,8.18579)->(2,23,8.86795)->(2,24,10.1858)->(2,25,13.15)->(3,25,16.1142)->(4,25,17.4481)->(5,25,18.2765)->(6,25,19.6103)->(7,25,21.8246)->(7,26,24.0388)->(7,27,25.453)->(7,28,26.8672)->(7,29,5013.14)->
Agent 21:(18,8,1.8)->(17,8,3.01421)->(16,8,4.33205)->(15,8,5.0641)->(14,8,5.79615)->(13,8,7.11399)->(12,8,10.7349)->(12,9,14.3559)->(12,10,15.6737)->(12,11,16.3559)->(12,12,16.9237)->(12,13,17.4596)->(12,14,18.0274)->(12,15,18.7096)->(12,16,20.0274)->(12,17,5009.72)->
Agent 22:(6,6,1.3)->(6,7,2.01421)->(6,8,3.33205)->(6,9,4.01421)->(6,10,4.58205)->(6,11,5.1)->(6,12,5.6)->(6,13,6.1)->(6,14,6.6)->(6,15,7.1)->(6,16,7.6)->(6,17,8.1)->(6,18,8.61795)->(6,19,9.18579)->(6,20,9.86795)->(6,21,11.1858)->(6,22,18.426)->(7,22,25.6661)->(8,22,26.984)->(9,22,27.6661)->(10,22,28.234)->(11,22,28.7699)->(12,22,29.3377)->(13,22,30.0199)->(14,22,31.3377)->(15,22,33.5519)->(15,23,36.3519)->(15,24,5018.18)->
Agent 23:(9,29,1.3)->(9,30,2.6)->(9,31,5.4)->(10,31,7.61421)->(11,31,8.94806)->(12,31,9.77649)->(13,31,11.1103)->(14,31,15.9048)->(14,30,21.285)->(14,29,5010.64)->
Agent 24:(15,19,1.3)->(15,20,2.6)->(15,21,5.4)->(16,21,8.2)->(17,21,15.4746)->(16,21,22.7491)->(15,21,30.5505)->(15,22,38.3519)->(15,23,5019.18)->
Agent 25:(14,6,2.53205)->(15,6,4.51359)->(16,6,6.51359)->(17,6,8.76308)->(17,7,10.9773)->(17,8,12.2951)->(17,9,12.9869)->(17,10,13.6226)->(17,11,14.3143)->(17,12,15.6322)->(17,13,17.8464)->(18,13,20.0959)->(19,13,22.0959)->(20,13,24.3454)->(20,14,26.5596)->(20,15,27.8774)->(20,16,28.5596)->(20,17,29.1274)->(20,18,29.6454)->(20,19,30.1454)->(20,20,30.6454)->(20,21,31.1454)->(20,22,31.6454)->(20,23,32.1454)->(20,24,32.6454)->(20,25,33.1633)->(20,26,33.7312)->(20,27,34.4133)->(20,28,35.7312)->(20,29,37.9454)->(21,29,40.1596)->(22,29,41.4934)->(23,29,42.3219)->(24,29,43.6557)->(25,29,46.2841)->(25,30,5023.33)->
Agent 26:(7,14,1.8)->(6,14,3.6)->(5,14,7.21784)->(6,14,10.2499)->(7,14,11.5677)->(8,14,12.2499)->(9,14,12.8177)->(10,14,13.3357)->(11,14,13.8357)->(12,14,14.3357)->(13,14,14.8357)->(14,14,15.3357)->(15,14,15.8357)->(16,14,16.3357)->(17,14,16.8357)->(18,14,17.3357)->(19,14,17.8357)->(20,14,18.3357)->(21,14,18.8536)->(22,14,19.4215)->(23,14,20.1036)->(24,14,21.4215)->(25,14,23.6357)->(25,15,26.4357)->(25,16,29.2357)->(26,16,31.4499)->(27,16,32.7837)->(28,16,33.6122)->(29,16,34.946)->(30,16,5017.18)->
Agent 27:(4,10,1.3)->(4,11,2.01421)->(4,12,3.33205)->(4,13,4.01421)->(4,14,4.58205)->(4,15,5.11795)->(4,16,5.68579)->(4,17,6.36795)->(4,18,7.68579)->(4,19,9.9)->(5,19,12.1142)->(6,19,13.5284)->(7,19,14.9426)->(8,19,18.2926)->(8,20,22.9888)->(9,20,25.9918)->(10,20,27.3096)->(11,20,28.0417)->(12,20,28.7737)->(13,20,30.0915)->(14,20,5014.75)->
Agent 28:(7,3,1.3)->(7,4,2.01421)->(7,5,3.33205)->(7,6,4.01421)->(7,7,4.58205)->(7,8,5.1)->(7,9,5.6)->(7,10,6.1)->(7,11,6.6)->(7,12,7.11795)->(7,13,7.68579)->(7,14,8.36795)->(7,15,9.68579)->(7,16,12.1425)->(8,16,14.5992)->(9,16,15.9171)->(10,16,16.5992)->(11,16,17.1671)->(12,16,17.685)->(13,16,18.185)->(14,16,18.685)->(15,16,19.185)->(16,16,19.685)->(17,16,20.203)->(18,16,20.7708)->(19,16,21.453)->(20,16,22.7708)->(21,16,24.985)->(21,17,27.1992)->(21,18,28.5171)->(21,19,29.1992)->(21,20,29.7671)->(21,21,30.303)->(21,22,30.8708)->(21,23,31.553)->(21,24,32.8708)->(21,25,35.085)->(22,25,37.2992)->(23,25,38.6171)->(24,25,39.2992)->(25,25,39.885)->(26,25,40.4708)->(27,25,41.153)->(28,25,42.4708)->(29,25,45.0992)->(29,26,5022.74)->
Agent 29:(11,29,1.71421)->(11,30,3.81421)->(12,30,6.47792)->(13,30,8.47792)->(14,30,13.6062)->(14,29,18.6992)->(14,28,20.0171)->(14,27,20.6992)->(14,26,21.2671)->(14,25,21.785)->(14,24,22.285)->(14,23,22.785)->(14,22,23.285)->(14,21,23.803)->(14,20,24.3708)->(14,19,25.053)->(14,18,26.3708)->(14,17,5012.89)->
Agent 30:(23,4,1.8)->(24,4,3.01421)->(25,4,4.34806)->(26,4,5.17649)->(27,4,6.51034)->(28,4,17.1424)->(28,5,27.7744)->(28,6,29.0923)->(28,7,29.7744)->(28,8,30.3423)->(28,9,30.8602)->(28,10,31.3602)->(28,11,31.8602)->(28,12,32.3782)->(28,13,32.946)->(28,14,33.6282)->(28,15,34.946)->(28,16,5017.18)->
Agent 31:(20,3,2.2)->(20,2,3.84949)->(20,1,5.84949)->(20,0,8.09898)->(19,0,10.3132)->(18,0,11.631)->(17,0,12.3132)->(16,0,12.899)->(15,0,13.4848)->(14,0,14.1669)->(13,0,15.4848)->(12,0,5007.45)->
Agent 32:(10,8,7.47083)->(11,8,14.3559)->(12,8,15.6737)->(13,8,16.3559)->(14,8,16.9237)->(15,8,17.4417)->(16,8,17.9417)->(17,8,18.4417)->(18,8,18.9417)->(19,8,19.4417)->(20,8,19.9417)->(21,8,20.4417)->(22,8,20.9417)->(23,8,21.4417)->(24,8,21.9417)->(25,8,22.4596)->(26,8,23.0274)->(27,8,23.7096)->(28,8,25.0274)->(29,8,27.6559)->(29,9,5014.02)->
Agent 33:(6,2,1.8)->(7,2,3.01421)->(8,2,4.33205)->(9,2,5.02382)->(10,2,5.65949)->(11,2,6.35126)->(12,2,7.6691)->(13,2,14.8125)->(13,3,21.9559)->(13,4,23.2737)->(13,5,23.9559)->(13,6,24.5237)->(13,7,25.0596)->(13,8,25.6274)->(13,9,26.3096)->(13,10,27.6274)->(13,11,5013.52)->
Agent 34:(12,27,1.3)->(12,28,2.6)->(12,29,5.84166)->(12,28,8.49753)->(12,27,9.81537)->(12,26,10.5071)->(12,25,11.1428)->(12,24,11.8346)->(12,23,13.1524)->(12,22,15.3666)->(11,22,17.5808)->(10,22,18.9951)->(9,22,20.4093)->(8,22,23.0377)->(8,23,5011.71)->
Agent 35:(13,10,1.3)->(13,11,2.01421)->(13,12,3.33205)->(13,13,4.02382)->(13,14,4.65949)->(13,15,5.35126)->(13,16,6.6691)->(13,17,8.88331)->(14,17,11.1328)->(15,17,13.1328)->(16,17,18.1328)->(16,18,23.6833)->(16,19,26.4833)->(17,19,28.6975)->(18,19,30.0154)->(19,19,30.6975)->(20,19,31.2654)->(21,19,31.8013)->(22,19,32.3691)->(23,19,33.0513)->(24,19,34.3691)->(25,19,5016.89)->
Agent 36:(6,22,1.8)->(5,22,3.01421)->(4,22,4.33205)->(3,22,5.0641)->(2,22,5.79615)->(1,22,7.11399)->(0,22,9.3282)->(0,21,12.1282)->(0,20,19.8141)->(1,20,27.5)->(2,20,5013.75)->
Agent 37:(24,16,2.61421)->(24,15,6.68878)->(23,15,10.3918)->(22,15,11.7096)->(21,15,12.3918)->(20,15,12.9596)->(19,15,13.4776)->(18,15,13.9776)->(17,15,14.4776)->(16,15,14.9776)->(15,15,15.4776)->(14,15,15.9955)->(13,15,16.5633)->(12,15,17.2455)->(11,15,18.5633)->(10,15,20.7776)->(10,16,22.9918)->(10,17,24.3096)->(10,18,24.9918)->(10,19,25.5596)->(10,20,26.0776)->(10,21,26.5776)->(10,22,27.0776)->(10,23,27.5776)->(10,24,28.0955)->(10,25,28.6633)->(10,26,29.3455)->(10,27,30.6633)->(10,28,5015.04)->
Agent 38:(2,5,1.71421)->(2,6,4.61744)->(3,6,8.04909)->(4,6,9.36693)->(5,6,10.0491)->(6,6,10.6169)->(7,6,11.1349)->(8,6,11.6349)->(9,6,12.1349)->(10,6,12.6528)->(11,6,13.2207)->(12,6,13.9028)->(13,6,15.2207)->(14,6,21.489)->(14,5,27.7574)->(14,4,29.1716)->(14,3,30.5858)->(14,2,32.8)->(15,2,35.0142)->(16,2,36.3321)->(17,2,37.0142)->(18,2,37.5821)->(19,2,38.1)->(20,2,38.6)->(21,2,39.1)->(22,2,39.6179)->(23,2,40.1858)->(24,2,40.8679)->(25,2,42.1858)->(26,2,5020.8)->
Agent 39:(31,27,3.61421)->(30,27,6.64264)->(29,27,7.96048)->(28,27,8.64264)->(27,27,9.21048)->(26,27,9.72843)->(25,27,10.2284)->(24,27,10.7284)->(23,27,11.2284)->(22,27,11.7464)->(21,27,12.3142)->(20,27,12.9964)->(19,27,14.3142)->(18,27,16.5284)->(18,26,18.7426)->(18,25,20.0605)->(18,24,20.7426)->(18,23,21.3105)->(18,22,21.8284)->(18,21,22.3464)->(18,20,22.9142)->(18,19,23.5964)->(18,18,24.9142)->(18,17,5012.16)->
Agent 40:(15,5,3.11784)->(16,5,5.64989)->(17,5,6.98374)->(18,5,7.81217)->(19,5,9.14602)->(20,5,11.7744)->(20,6,15.3744)->(21,6,18.0381)->(22,6,20.0381)->(23,6,22.2876)->(23,7,25.0876)->(23,8,5012.54)->
Agent 41:(8,28,1.8)->(9,28,3.01421)->(10,28,4.33205)->(11,28,5.01421)->(12,28,5.58205)->(13,28,6.1)->(14,28,6.6)->(15,28,7.1)->(16,28,7.6)->(17,28,8.1)->(18,28,8.6)->(19,28,9.1)->(20,28,9.6)->(21,28,10.1)->(22,28,10.6)->(23,28,11.1)->(24,28,11.6)->(25,28,12.1179)->(26,28,12.6858)->(27,28,13.3679)->(28,28,14.6858)->(29,28,16.9)->(29,27,19.1142)->(29,26,20.4321)->(29,25,21.1142)->(29,24,21.6821)->(29,23,22.2)->(29,22,22.7)->(29,21,23.2)->(29,20,23.7)->(29,19,24.2)->(29,18,24.7)->(29,17,25.2179)->(29,16,25.7858)->(29,15,26.4679)->(29,14,27.7858)->(29,13,5013.6)->
Agent 42:(29,8,2.2)->(29,7,3.81421)->(29,6,5.13205)->(29,5,5.82382)->(29,4,6.45949)->(29,3,7.15126)->(29,2,8.4691)->(29,1,18.6559)->(28,1,28.8426)->(27,1,30.1605)->(26,1,30.8426)->(25,1,31.4105)->(24,1,31.9284)->(23,1,32.4284)->(22,1,32.9284)->(21,1,33.4284)->(20,1,33.9284)->(19,1,34.4284)->(18,1,34.9284)->(17,1,35.4284)->(16,1,35.9284)->(15,1,36.4284)->(14,1,36.9284)->(13,1,37.4284)->(12,1,37.9464)->(11,1,38.5142)->(10,1,39.1964)->(9,1,40.5142)->(8,1,5019.96)->
Agent 43:(16,5,2.11784)->(16,6,3.64989)->(16,7,4.96773)->(16,8,5.64989)->(16,9,6.23567)->(16,10,6.82146)->(16,11,7.50362)->(16,12,8.82146)->(16,13,11.0357)->(17,13,13.2499)->(18,13,14.5677)->(19,13,15.2595)->(20,13,15.8952)->(21,13,16.5869)->(22,13,17.9048)->(23,13,5008.66)->
Agent 44:(4,22,1.71421)->(4,23,3.81421)->(5,23,6.44264)->(6,23,7.77649)->(7,23,8.60492)->(8,23,9.93877)->(9,23,12.153)->(9,22,14.3672)->(9,21,15.701)->(9,20,16.5295)->(9,19,17.8633)->(9,18,21.9992)->(9,19,5011.95)->
Agent 45:(0,29,6.81217)->(1,29,13.0385)->(2,29,14.3564)->(3,29,15.0385)->(4,29,15.6064)->(5,29,16.1243)->(6,29,16.6243)->(7,29,17.1243)->(8,29,17.6243)->(9,29,18.1243)->(10,29,18.6243)->(11,29,19.1243)->(12,29,19.6243)->(13,29,20.1243)->(14,29,20.6243)->(15,29,21.1243)->(16,29,21.6243)->(17,29,22.1243)->(18,29,22.6243)->(19,29,23.1243)->(20,29,23.6243)->(21,29,24.1243)->(22,29,24.6423)->(23,29,25.2101)->(24,29,25.8923)->(25,29,27.2101)->(26,29,29.4243)->(26,28,31.6385)->(26,27,32.9564)->(26,26,33.6385)->(26,25,34.2064)->(26,24,34.7243)->(26,23,35.2243)->(26,22,35.7243)->(26,21,36.2243)->(26,20,36.7243)->(26,19,37.2243)->(26,18,37.7243)->(26,17,38.2243)->(26,16,38.7243)->(26,15,39.2243)->(26,14,39.7243)->(26,13,40.2243)->(26,12,40.7243)->(26,11,41.2243)->(26,10,41.7243)->(26,9,42.2423)->(26,8,42.8101)->(26,7,43.4923)->(26,6,44.8101)->(26,5,5022.11)->
Agent 46:(4,7,1.8)->(5,7,3.6)->(6,7,11.3747)->(6,6,19.1494)->(6,5,5009.57)->
Agent 47:(14,5,3.54166)->(14,6,6.49753)->(14,7,7.81537)->(14,8,8.49753)->(14,9,9.06537)->(14,10,9.58331)->(14,11,10.0833)->(14,12,10.5833)->(14,13,11.0833)->(14,14,11.6013)->(14,15,12.1691)->(14,16,12.8513)->(14,17,14.1691)->(14,18,16.3833)->(15,18,18.5975)->(16,18,19.9154)->(17,18,20.5975)->(18,18,21.1654)->(19,18,21.6833)->(20,18,22.1833)->(21,18,22.6833)->(22,18,23.1833)->(23,18,23.6833)->(24,18,24.1833)->(25,18,24.6833)->(26,18,25.2013)->(27,18,25.7691)->(28,18,26.4513)->(29,18,27.7691)->(30,18,5013.59)->
Agent 48:(8,12,1.8)->(9,12,3.01421)->(10,12,4.34806)->(11,12,5.17649)->(12,12,6.51034)->(13,12,9.13877)->(13,11,17.4801)->(13,12,24.8499)->(13,13,26.1837)->(13,14,27.0122)->(13,15,28.346)->(13,16,5013.88)->
Agent 49:(20,4,1.8)->(19,4,3.01421)->(18,4,4.33205)->(17,4,5.01421)->(16,4,5.58205)->(15,4,6.1)->(14,4,6.6)->(13,4,7.1)->(12,4,7.6)->(11,4,8.1)->(10,4,8.61795)->(9,4,9.18579)->(8,4,9.86795)->(7,4,11.1858)->(6,4,13.4)->(6,3,15.6142)->(6,2,17.0284)->(6,1,18.4426)->(6,0,5008.93)->
Agent 50:(29,22,2.2)->(29,21,3.81421)->(29,20,5.13205)->(29,19,5.81421)->(29,18,6.4)->(29,17,6.98579)->(29,16,7.66795)->(29,15,8.98579)->(29,14,17.0067)->(28,14,25.0277)->(27,14,26.3455)->(26,14,27.0277)->(25,14,27.5955)->(24,14,28.1135)->(23,14,28.6135)->(22,14,29.1135)->(21,14,29.6314)->(20,14,30.1992)->(19,14,30.8814)->(18,14,32.1992)->(17,14,5015.81)->
Agent 51:(5,10,1.3)->(5,11,2.04949)->(5,12,4.04949)->(5,13,6.71319)->(6,13,14.9957)->(6,14,22.3067)->(6,15,23.6246)->(6,16,24.3067)->(6,17,24.8746)->(6,18,25.3925)->(6,19,25.8925)->(6,20,26.3925)->(6,21,26.8925)->(6,22,27.3925)->(6,23,27.8925)->(6,24,28.3925)->(6,25,28.8925)->(6,26,29.3925)->(6,27,29.9105)->(6,28,30.4783)->(6,29,31.1605)->(6,30,32.4783)->(6,31,34.6925)->(7,31,36.942)->(8,31,38.942)->(9,31,5019.2)->
Agent 52:(2,29,2.2)->(2,28,3.84949)->(2,27,5.84949)->(2,26,9.77406)->(3,26,13.6633)->(4,26,14.9812)->(5,26,15.6633)->(6,26,16.2312)->(7,26,16.7491)->(8,26,17.2491)->(9,26,17.7491)->(10,26,18.2491)->(11,26,18.7491)->(12,26,19.2491)->(13,26,19.7491)->(14,26,20.2491)->(15,26,20.7491)->(16,26,21.2491)->(17,26,21.7491)->(18,26,22.2671)->(19,26,22.8349)->(20,26,23.5171)->(21,26,24.8349)->(22,26,5012.12)->
Agent 53:(11,23,1.3)->(11,24,2.6)->(11,25,7.12457)->(11,24,11.0633)->(11,23,12.3812)->(11,22,13.0633)->(11,21,13.6312)->(11,20,14.1491)->(11,19,14.6491)->(11,18,15.1491)->(11,17,15.6491)->(11,16,16.1491)->(11,15,16.6491)->(11,14,17.1671)->(11,13,17.7349)->(11,12,18.4171)->(11,11,19.7349)->(11,10,21.9491)->(12,10,24.1633)->(13,10,25.4812)->(14,10,26.1633)->(15,10,26.7312)->(16,10,27.2491)->(17,10,27.7491)->(18,10,28.2491)->(19,10,28.7491)->(20,10,29.2491)->(21,10,29.7491)->(22,10,30.2491)->(23,10,30.7491)->(24,10,31.2491)->(25,10,31.7491)->(26,10,32.2491)->(27,10,32.7671)->(28,10,33.3349)->(29,10,34.0171)->(30,10,35.3349)->(31,10,5017.37)->
Agent 54:(23,7,1.4142)->(23,8,2.24261)->(23,9,3.56045)->(23,10,4.24261)->(23,11,4.81045)->(23,12,5.3284)->(23,13,5.8284)->(23,14,6.3284)->(23,15,6.84635)->(23,16,7.41419)->(23,17,8.09635)->(23,18,9.41419)->(23,19,12.6105)->(22,19,15.8067)->(21,19,17.1246)->(20,19,17.8067)->(19,19,18.3746)->(18,19,18.8925)->(17,19,19.3925)->(16,19,19.8925)->(15,19,20.3925)->(14,19,20.8925)->(13,19,21.3925)->(12,19,21.8925)->(11,19,22.3925)->(10,19,22.8925)->(9,19,23.3925)->(8,19,23.8925)->(7,19,24.3925)->(6,19,24.8925)->(5,19,25.3925)->(4,19,25.9105)->(3,19,26.4783)->(2,19,27.1605)->(1,19,28.4783)->(0,19,5013.95)->
Agent 55:(13,30,3.3)->(13,29,6.01421)->(13,28,7.33205)->(13,27,8.0641)->(13,26,8.79615)->(13,25,10.114)->(13,24,12.3282)->(12,24,14.5424)->(11,24,15.8603)->(10,24,16.5424)->(9,24,17.1103)->(8,24,17.6282)->(7,24,18.1462)->(6,24,18.714)->(5,24,19.3962)->(4,24,20.714)->(3,24,5010.06)->
Agent 56:(9,9,2.2)->(9,8,3.81421)->(9,7,5.13205)->(9,6,5.81421)->(9,5,6.4)->(9,4,6.98579)->(9,3,7.66795)->(9,2,8.98579)->(9,1,11.2)->(10,1,13.4142)->(11,1,14.7321)->(12,1,15.4142)->(13,1,15.9821)->(14,1,16.5)->(15,1,17)->(16,1,17.5)->(17,1,18)->(18,1,18.5)->(19,1,19)->(20,1,19.5)->(21,1,20)->(22,1,20.5)->(23,1,21.0179)->(24,1,21.5858)->(25,1,22.2679)->(26,1,23.5858)->(27,1,26.2142)->(27,2,5013.3)->
Agent 57:(20,5,2.21421)->(21,5,13.6247)->(21,6,25.0636)->(21,7,26.3814)->(21,8,27.0636)->(21,9,27.6314)->(21,10,28.1673)->(21,11,28.7351)->(21,12,29.4173)->(21,13,30.7351)->(21,14,5015.07)->
Agent 58:(27,18,1.8)->(26,18,3.01421)->(25,18,4.33205)->(24,18,5.02382)->(23,18,5.65949)->(22,18,6.35126)->(21,18,7.6691)->(20,18,11.3701)->(20,19,15.0711)->(20,20,16.3889)->(20,21,17.0711)->(20,22,17.6389)->(20,23,18.1569)->(20,24,18.6569)->(20,25,19.1569)->(20,26,19.6569)->(20,27,20.1748)->(20,28,20.7426)->(20,29,21.4248)->(20,30,22.7426)->(20,31,25.3711)->(19,31,5012.88)->
Agent 59:(24,18,1.8)->(23,18,3.01421)->(22,18,4.33205)->(21,18,5.01421)->(20,18,5.58205)->(19,18,6.1)->(18,18,6.6)->(17,18,7.11795)->(16,18,7.68579)->(15,18,8.36795)->(14,18,9.68579)->(13,18,13)->(13,19,16.3142)->(13,20,17.6321)->(13,21,18.3641)->(13,22,19.0962)->(13,23,20.414)->(13,24,23.8066)->(12,24,27.1992)->(11,24,28.5331)->(10,24,29.3615)->(9,24,30.6954)->(8,24,5015.05)->
Agent 60:(18,0,1.8)->(18,1,3.01421)->(18,2,4.33205)->(18,3,5.01421)->(18,4,5.58205)->(18,5,6.1)->(18,6,6.6)->(18,7,7.1)->(18,8,7.6)->(18,9,8.1)->(18,10,8.6)->(18,11,9.1)->(18,12,9.6)->(18,13,10.1179)->(18,14,10.6858)->(18,15,11.3679)->(18,16,12.6858)->(18,17,15.3142)->(17,17,19.9417)->(17,18,23.5975)->(17,19,25.0117)->(17,20,26.426)->(17,21,5012.92)->
Agent 61:(22,8,1.63216)->(22,9,2.67854)->(22,10,3.99638)->(22,11,4.67854)->(22,12,5.24638)->(22,13,5.76433)->(22,14,6.26433)->(22,15,6.76433)->(22,16,7.26433)->(22,17,7.76433)->(22,18,8.26433)->(22,19,8.76433)->(22,20,9.26433)->(22,21,9.76433)->(22,22,10.2643)->(22,23,10.7643)->(22,24,11.2643)->(22,25,11.7643)->(22,26,12.2823)->(22,27,12.8501)->(22,28,13.5323)->(22,29,14.8501)->(22,30,17.0643)->(21,30,19.2785)->(20,30,20.5964)->(19,30,21.2785)->(18,30,21.8464)->(17,30,22.3643)->(16,30,22.8643)->(15,30,23.3643)->(14,30,23.8643)->(13,30,24.3643)->(12,30,24.8643)->(11,30,25.3643)->(10,30,25.8643)->(9,30,26.3643)->(8,30,26.8643)->(7,30,27.3643)->(6,30,27.8643)->(5,30,28.3643)->(4,30,28.8823)->(3,30,29.4501)->(2,30,30.1323)->(1,30,31.4501)->(0,30,5015.43)->
Agent 62:(8,31,1.8)->(7,31,3.01421)->(6,31,4.33205)->(5,31,5.0641)->(4,31,5.79615)->(3,31,7.11399)->(2,31,9.3282)->(2,30,11.5424)->(2,29,12.8763)->(2,28,13.7047)->(2,27,15.0385)->(2,26,18.5511)->(1,26,5009.91)->
Agent 63:(2,15,1.8)->(1,15,3.6)->(0,15,6.81421)->(0,16,13.553)->(1,16,19.3202)->(2,16,20.638)->(3,16,21.3202)->(4,16,21.888)->(5,16,22.406)->(6,16,22.906)->(7,16,23.406)->(8,16,23.906)->(9,16,24.406)->(10,16,24.906)->(11,16,25.4239)->(12,16,25.9918)->(13,16,26.6739)->(14,16,27.9918)->(15,16,30.6202)->(15,17,5015.5)->
Agent 64:(28,26,2.2)->(28,25,3.81421)->(28,24,5.13205)->(28,23,5.81421)->(28,22,6.38205)->(28,21,6.9)->(28,20,7.4)->(28,19,7.9)->(28,18,8.4)->(28,17,8.9)->(28,16,9.4)->(28,15,9.91795)->(28,14,10.4858)->(28,13,11.1679)->(28,12,12.4858)->(28,11,16.8995)->(27,11,21.3132)->(26,11,22.7274)->(25,11,24.1416)->(24,11,32.6401)->(25,11,41.7243)->(26,11,5020.86)->
Agent 65:(17,10,3.21421)->(17,11,6.42843)->(17,12,9.33205)->(16,12,11.6499)->(15,12,12.9677)->(14,12,13.6499)->(13,12,14.2177)->(12,12,14.7357)->(11,12,15.2357)->(10,12,15.7357)->(9,12,16.2357)->(8,12,16.7357)->(7,12,17.2357)->(6,12,17.7536)->(5,12,18.3215)->(4,12,19.0036)->(3,12,20.3215)->(2,12,22.5357)->(2,13,24.7499)->(2,14,26.0837)->(2,15,26.9122)->(2,16,28.246)->(2,17,5013.83)->
Agent 66:(16,7,1.3)->(16,8,2.01421)->(16,9,3.33205)->(16,10,4.02382)->(16,11,4.65949)->(16,12,5.35126)->(16,13,6.6691)->(16,14,10.9595)->(16,13,15.8357)->(16,12,18.6357)->(15,12,20.8499)->(14,12,22.1677)->(13,12,22.8499)->(12,12,23.4177)->(11,12,23.9357)->(10,12,24.4357)->(9,12,24.9357)->(8,12,25.4357)->(7,12,25.9357)->(6,12,26.4357)->(5,12,26.9536)->(4,12,27.5215)->(3,12,28.2036)->(2,12,29.5215)->(1,12,5014.47)->
Agent 67:(20,26,1.85461)->(21,26,3.12343)->(22,26,4.44126)->(23,26,5.13303)->(24,26,5.76871)->(25,26,6.46048)->(26,26,7.77832)->(27,26,10.6463)->(27,27,13.5495)->(27,28,15.5495)->(27,29,5007.5)->
Agent 68:(1,11,2.06795)->(1,12,3.55011)->(1,13,4.86795)->(1,14,5.55011)->(1,15,6.11795)->(1,16,6.6359)->(1,17,7.1359)->(1,18,7.6359)->(1,19,8.15385)->(1,20,8.72168)->(1,21,9.40385)->(1,22,10.7217)->(1,23,12.9359)->(2,23,15.1501)->(3,23,16.4679)->(4,23,17.1501)->(5,23,17.7359)->(6,23,18.3217)->(7,23,19.0038)->(8,23,20.3217)->(9,23,22.5359)->(9,24,25.3359)->(9,25,5012.67)->
Agent 69:(29,29,1.93205)->(28,29,3.27832)->(27,29,4.59615)->(26,29,5.27832)->(25,29,5.84615)->(24,29,6.3641)->(23,29,6.8641)->(22,29,7.3641)->(21,29,7.8641)->(20,29,8.3641)->(19,29,8.88205)->(18,29,9.44989)->(17,29,10.1321)->(16,29,11.4499)->(15,29,14.5566)->(15,28,17.6633)->(15,27,18.9812)->(15,26,19.6633)->(15,25,20.2312)->(15,24,20.7491)->(15,23,21.2491)->(15,22,21.7491)->(15,21,22.2491)->(15,20,22.7491)->(15,19,23.2491)->(15,18,23.7491)->(15,17,24.2491)->(15,16,24.7491)->(15,15,25.2491)->(15,14,25.7491)->(15,13,26.2491)->(15,12,26.7491)->(15,11,27.2671)->(15,10,27.8349)->(15,9,28.5171)->(15,8,29.8349)->(15,7,5014.62)->
Agent 70:(30,28,2.2)->(30,27,3.81421)->(30,26,5.13205)->(30,25,5.81421)->(30,24,6.38205)->(30,23,6.9)->(30,22,7.4)->(30,21,7.9)->(30,20,8.4)->(30,19,8.9)->(30,18,9.4)->(30,17,9.9)->(30,16,10.4)->(30,15,10.9)->(30,14,11.4)->(30,13,11.9179)->(30,12,12.4858)->(30,11,13.1679)->(30,10,14.4858)->(30,9,16.7)->(29,9,18.9142)->(28,9,20.2321)->(27,9,20.9142)->(26,9,21.4821)->(25,9,22)->(24,9,22.5)->(23,9,23)->(22,9,23.5)->(21,9,24)->(20,9,24.5)->(19,9,25)->(18,9,25.5)->(17,9,26)->(16,9,26.5)->(15,9,27)->(14,9,27.5)->(13,9,28)->(12,9,28.5)->(11,9,29)->(10,9,29.5)->(9,9,30)->(8,9,30.5)->(7,9,31)->(6,9,31.5179)->(5,9,32.0858)->(4,9,32.7679)->(3,9,34.0858)->(2,9,36.7142)->(2,10,5018.55)->
Agent 71:(8,14,1.3)->(8,15,2.01421)->(8,16,3.33205)->(8,17,4.01421)->(8,18,4.58205)->(8,19,5.1)->(8,20,5.6)->(8,21,6.1)->(8,22,6.6)->(8,23,7.1)->(8,24,7.6)->(8,25,8.1)->(8,26,8.61795)->(8,27,9.18579)->(8,28,9.86795)->(8,29,11.1858)->(8,30,13.4)->(7,30,15.6142)->(6,30,16.9321)->(5,30,17.6641)->(4,30,18.3962)->(3,30,19.714)->(2,30,22.3424)->(2,29,28.2105)->(2,30,5015.43)->
Agent 72:(30,19,1.71421)->(30,20,4.25)->(29,20,7.31421)->(28,20,8.63205)->(27,20,9.31421)->(26,20,9.88205)->(25,20,10.4)->(24,20,10.9)->(23,20,11.4)->(22,20,11.9)->(21,20,12.4)->(20,20,12.9)->(19,20,13.4)->(18,20,13.9)->(17,20,14.4)->(16,20,14.9)->(15,20,15.4)->(14,20,15.9)->(13,20,16.4)->(12,20,16.9)->(11,20,17.4)->(10,20,17.9)->(9,20,18.4)->(8,20,18.9)->(7,20,19.4)->(6,20,19.9179)->(5,20,20.4858)->(4,20,21.1679)->(3,20,22.4858)->(2,20,24.7)->(2,21,26.9142)->(2,22,28.2481)->(2,23,29.0765)->(2,24,30.4103)->(2,25,5014.91)->
Agent 73:(31,23,2.2)->(31,22,4.4)->(31,21,8.56046)->(30,21,12.1351)->(29,21,13.453)->(28,21,14.1351)->(27,21,14.703)->(26,21,15.2389)->(25,21,15.8067)->(24,21,16.4889)->(23,21,17.8067)->(22,21,5008.61)->
Agent 74:(13,28,1.8)->(14,28,3.01421)->(15,28,4.33205)->(16,28,5.01421)->(17,28,5.58205)->(18,28,6.1)->(19,28,6.6)->(20,28,7.1)->(21,28,7.6)->(22,28,8.1)->(23,28,8.6)->(24,28,9.1)->(25,28,9.6)->(26,28,10.1)->(27,28,10.6179)->(28,28,11.1858)->(29,28,11.8679)->(30,28,13.1858)->(31,28,16.15)->(30,28,19.7)->(29,28,22.5)->(29,29,24.7495)->(29,30,26.7495)->(29,31,5013.1)->
Agent 75:(0,1,1.3)->(0,2,2.01421)->(0,3,3.33205)->(0,4,4.01421)->(0,5,4.58205)->(0,6,5.1)->(0,7,5.6)->(0,8,6.1)->(0,9,6.6)->(0,10,7.11795)->(0,11,7.68579)->(0,12,8.36795)->(0,13,9.68579)->(0,14,11.9)->(1,14,14.1142)->(2,14,15.4321)->(3,14,16.1142)->(4,14,16.6821)->(5,14,17.2)->(6,14,17.7)->(7,14,18.2)->(8,14,18.7)->(9,14,19.2)->(10,14,19.7)->(11,14,20.2)->(12,14,20.7)->(13,14,21.2)->(14,14,21.7179)->(15,14,22.2858)->(16,14,22.9679)->(17,14,24.2858)->(18,14,27.2425)->(18,15,5013.98)->
Agent 76:(7,26,1.8)->(6,26,3.04949)->(5,26,5.04949)->(4,26,7.29898)->(4,27,10.099)->(4,28,13.3132)->(3,28,17.3274)->(3,29,5009.06)->
Agent 77:(20,22,1.8)->(19,22,3.01421)->(18,22,4.34806)->(17,22,5.17649)->(16,22,6.51034)->(15,22,9.45106)->(15,21,12.3918)->(15,20,13.7096)->(15,19,14.3918)->(15,18,14.9596)->(15,17,15.4776)->(15,16,15.9776)->(15,15,16.4776)->(15,14,16.9776)->(15,13,17.4776)->(15,12,17.9776)->(15,11,18.4776)->(15,10,18.9776)->(15,9,19.4776)->(15,8,19.9776)->(15,7,20.4955)->(15,6,21.0633)->(15,5,21.7455)->(15,4,23.0633)->(15,3,25.2776)->(14,3,27.527)->(13,3,29.527)->(12,3,33.7204)->(12,2,38.4643)->(12,1,5019.23)->
Agent 78:(3,12,1.3)->(3,13,2.01421)->(3,14,3.33205)->(3,15,4.01421)->(3,16,4.58205)->(3,17,5.1)->(3,18,5.6)->(3,19,6.1)->(3,20,6.6)->(3,21,7.11795)->(3,22,7.68579)->(3,23,8.36795)->(3,24,9.68579)->(3,25,11.9)->(4,25,14.1142)->(5,25,15.4321)->(6,25,16.1142)->(7,25,16.6821)->(8,25,17.2)->(9,25,17.7179)->(10,25,18.2858)->(11,25,18.9679)->(12,25,20.2858)->(13,25,22.9142)->(13,26,5011.65)->
Agent 79:(11,22,2.2)->(11,21,3.81421)->(11,20,5.13205)->(11,19,5.8641)->(11,18,6.59615)->(11,17,7.91399)->(11,16,11.4887)->(12,16,15.0633)->(13,16,16.3812)->(14,16,17.0633)->(15,16,17.6312)->(16,16,18.1491)->(17,16,18.6491)->(18,16,19.1491)->(19,16,19.6491)->(20,16,20.1671)->(21,16,20.7349)->(22,16,21.4171)->(23,16,22.7349)->(24,16,25.3633)->(24,17,5012.87)->
Agent 80:(8,27,1.8)->(9,27,3.6)->(10,27,6.81421)->(10,28,10.8284)->(11,28,5005.81)->
Agent 81:(24,31,2.2)->(24,30,3.81421)->(24,29,5.13205)->(24,28,5.81421)->(24,27,6.38205)->(24,26,6.9)->(24,25,7.4)->(24,24,7.9)->(24,23,8.4)->(24,22,8.9)->(24,21,9.4)->(24,20,9.9)->(24,19,10.4)->(24,18,10.9)->(24,17,11.4)->(24,16,11.9)->(24,15,12.4)->(24,14,12.9)->(24,13,13.4)->(24,12,13.9)->(24,11,14.4)->(24,10,14.9)->(24,9,15.4)->(24,8,15.9)->(24,7,16.4)->(24,6,16.9179)->(24,5,17.4858)->(24,4,18.1679)->(24,3,19.4858)->(24,2,21.7)->(23,2,23.9142)->(22,2,25.2321)->(21,2,25.9142)->(20,2,26.4821)->(19,2,27)->(18,2,27.5)->(17,2,28)->(16,2,28.5)->(15,2,29)->(14,2,29.5)->(13,2,30)->(12,2,30.5)->(11,2,31.0179)->(10,2,31.5858)->(9,2,32.2679)->(8,2,33.5858)->(7,2,5016.5)->
Agent 82:(5,2,1.8)->(4,2,3.01421)->(3,2,4.34806)->(2,2,5.17649)->(1,2,6.51034)->(0,2,8.72456)->(0,3,10.9388)->(0,4,12.353)->(0,5,13.7672)->(0,6,5006.59)->
Agent 83:(10,12,1.3)->(10,13,2.01421)->(10,14,3.33205)->(10,15,4.0641)->(10,16,4.79615)->(10,17,6.11399)->(10,18,11.8558)->(11,18,17.5975)->(12,18,18.9154)->(13,18,19.5975)->(14,18,20.1654)->(15,18,20.6833)->(16,18,21.1833)->(17,18,21.6833)->(18,18,22.1833)->(19,18,22.6833)->(20,18,23.1833)->(21,18,23.7013)->(22,18,24.2691)->(23,18,24.9513)->(24,18,26.2691)->(25,18,5012.84)->
Agent 84:(29,20,1.8)->(28,20,3.01421)->(27,20,4.33205)->(26,20,5.01421)->(25,20,5.58205)->(24,20,6.1)->(23,20,6.6)->(22,20,7.1)->(21,20,7.6)->(20,20,8.1)->(19,20,8.6)->(18,20,9.1)->(17,20,9.6)->(16,20,10.1)->(15,20,10.6)->(14,20,11.1)->(13,20,11.6)->(12,20,12.1)->(11,20,12.6)->(10,20,13.1)->(9,20,13.6)->(8,20,14.1)->(7,20,14.6)->(6,20,15.1)->(5,20,15.6179)->(4,20,16.1858)->(3,20,16.8679)->(2,20,18.1858)->(1,20,20.4)->(1,19,22.6142)->(1,18,23.9321)->(1,17,24.6142)->(1,16,25.1821)->(1,15,25.7)->(1,14,26.2)->(1,13,26.7)->(1,12,27.2)->(1,11,27.7)->(1,10,28.2)->(1,9,28.7)->(1,8,29.2179)->(1,7,29.7858)->(1,6,30.4679)->(1,5,31.7858)->(1,4,34)->(2,4,36.2142)->(3,4,37.5321)->(4,4,38.2142)->(5,4,38.7821)->(6,4,39.3)->(7,4,39.8)->(8,4,40.3)->(9,4,40.8)->(10,4,41.3)->(11,4,41.8)->(12,4,42.3)->(13,4,42.8)->(14,4,43.3)->(15,4,43.8)->(16,4,44.3)->(17,4,44.8)->(18,4,45.3)->(19,4,45.8)->(20,4,46.3)->(21,4,46.8179)->(22,4,47.3858)->(23,4,48.0679)->(24,4,49.3858)->(25,4,5024.4)->
Agent 85:(23,9,1.3)->(23,10,2.01421)->(23,11,3.33205)->(23,12,4.01421)->(23,13,4.58205)->(23,14,5.1)->(23,15,5.6)->(23,16,6.1)->(23,17,6.61795)->(23,18,7.18579)->(23,19,7.86795)->(23,20,9.18579)->(23,21,12.4963)->(23,20,15.8067)->(23,19,17.1246)->(23,18,17.8566)->(23,17,18.5887)->(23,16,19.9065)->(23,15,22.1207)->(22,15,24.3349)->(21,15,25.6528)->(20,15,26.3349)->(19,15,26.9028)->(18,15,27.4387)->(17,15,28.0065)->(16,15,28.6887)->(15,15,30.0065)->(14,15,5014.71)->
Agent 86:(1,0,1.71421)->(1,1,3.81421)->(2,1,6.44264)->(3,1,7.85685)->(4,1,9.27107)->(5,1,5004.34)->
Agent 87:(21,3,3.2)->(20,3,5.81421)->(19,3,7.13205)->(18,3,7.81421)->(17,3,8.38205)->(16,3,8.9)->(15,3,9.4)->(14,3,9.91795)->(13,3,10.4858)->(12,3,11.1679)->(11,3,12.4858)->(10,3,14.7)->(10,2,16.9495)->(10,1,18.9495)->(10,0,25.2853)->(10,1,32.1716)->(10,2,5016.09)->
Agent 88:(9,7,1.8)->(10,7,3.01421)->(11,7,4.33205)->(12,7,5.02382)->(13,7,5.65949)->(14,7,6.35126)->(15,7,7.6691)->(16,7,10.2975)->(16,6,5005.34)->
Agent 89:(9,16,3.09626)->(9,15,5.60674)->(9,14,6.92458)->(9,13,7.60674)->(9,12,8.19253)->(9,11,8.77832)->(9,10,9.46048)->(9,9,10.7783)->(9,8,17.3745)->(10,8,23.9706)->(11,8,25.3848)->(12,8,26.799)->(13,8,5013.11)->
