Agent 0:(21,4,1.3)->(21,5,2.01421)->(21,6,3.33205)->(21,7,4.01421)->(21,8,4.58205)->(21,9,5.1)->(21,10,5.6)->(21,11,6.1)->(21,12,6.61795)->(21,13,7.18579)->(21,14,7.86795)->(21,15,9.18579)->(21,16,11.4)->(22,16,14.2)->(23,16,17)->(23,17,19.2142)->(23,18,20.5321)->(23,19,21.2238)->(23,20,21.8595)->(23,21,22.5513)->(23,22,23.8691)->(23,23,26.0833)->(24,23,28.8833)->(25,23,35.3521)->(24,23,5019.5)->
Agent 1:(17,29,1.71421)->(17,30,4.42744)->(16,30,7.6691)->(15,30,8.98694)->(14,30,9.6691)->(13,30,10.2369)->(12,30,10.7549)->(11,30,11.2549)->(10,30,11.7549)->(9,30,12.2549)->(8,30,12.7549)->(7,30,13.2728)->(6,30,13.8407)->(5,30,14.5228)->(4,30,15.8407)->(3,30,18.0549)->(3,29,20.2691)->(3,28,21.5869)->(3,27,22.2691)->(3,26,22.8369)->(3,25,23.3549)->(3,24,23.8549)->(3,23,24.3549)->(3,22,24.8549)->(3,21,25.3728)->(3,20,25.9407)->(3,19,26.6228)->(3,18,27.9407)->(3,17,30.9842)->(4,17,34.9993)->(4,16,37.6277)->(4,15,38.9455)->(4,14,39.6277)->(4,13,40.1955)->(4,12,40.7135)->(4,11,41.2314)->(4,10,41.7993)->(4,9,42.4814)->(4,8,43.7993)->(4,7,5021.61)->
Agent 2:(10,12,1.71421)->(10,13,3.81421)->(11,13,7.02843)->(12,13,10.2284)->(11,13,12.8426)->(10,13,14.2569)->(9,13,15.6711)->(8,13,22.6484)->(9,13,29.6257)->(10,13,30.9436)->(11,13,31.6257)->(12,13,32.1936)->(13,13,32.7295)->(14,13,33.2973)->(15,13,33.9795)->(16,13,35.2973)->(17,13,37.9257)->(17,14,5019.16)->
Agent 3:(22,26,2.2)->(22,25,3.84949)->(22,24,5.84949)->(22,23,8.49115)->(21,23,11.0975)->(20,23,12.4154)->(19,23,13.0975)->(18,23,13.6654)->(17,23,14.1833)->(16,23,14.6833)->(15,23,15.2013)->(14,23,15.7691)->(13,23,16.4513)->(12,23,17.7691)->(11,23,21.2333)->(11,22,24.6975)->(11,21,26.0154)->(11,20,26.6975)->(11,19,27.2654)->(11,18,27.7833)->(11,17,28.2833)->(11,16,28.7833)->(11,15,29.2833)->(11,14,29.7833)->(11,13,30.2833)->(11,12,30.7833)->(11,11,31.2833)->(11,10,31.7833)->(11,9,32.2833)->(11,8,32.7833)->(11,7,33.2833)->(11,6,33.7833)->(11,5,34.2833)->(11,4,34.8013)->(11,3,35.3691)->(11,2,36.0513)->(11,1,37.3691)->(11,0,5018.39)->
Agent 4:(10,0,1.8)->(9,0,3.01421)->(8,0,4.33205)->(7,0,5.01421)->(6,0,5.58205)->(5,0,6.11795)->(4,0,6.68579)->(3,0,7.36795)->(2,0,8.68579)->(1,0,12.4096)->(1,1,16.1334)->(1,2,17.4513)->(1,3,18.1334)->(1,4,18.7013)->(1,5,19.2192)->(1,6,19.7192)->(1,7,20.2192)->(1,8,20.7192)->(1,9,21.2192)->(1,10,21.7192)->(1,11,22.2192)->(1,12,22.7192)->(1,13,23.2192)->(1,14,23.7192)->(1,15,24.2192)->(1,16,24.7192)->(1,17,25.2192)->(1,18,25.7192)->(1,19,26.2192)->(1,20,26.7192)->(1,21,27.2192)->(1,22,27.7372)->(1,23,28.305)->(1,24,28.9872)->(1,25,30.305)->(1,26,32.9334)->(2,26,36.9476)->(2,27,5018.87)->
Agent 5:(21,14,2.84443)->(20,14,5.10307)->(19,14,6.4209)->(18,14,7.11267)->(17,14,7.74835)->(16,14,8.44012)->(15,14,9.75795)->(14,14,11.9722)->(14,13,14.1864)->(14,12,15.5042)->(14,11,16.1864)->(14,10,16.7722)->(14,9,17.358)->(14,8,18.0401)->(14,7,19.358)->(14,6,22.3864)->(14,7,26.8006)->(13,7,5013.8)->
Agent 6:(13,20,1.3)->(13,21,2.01421)->(13,22,3.33205)->(13,23,4.01421)->(13,24,4.58205)->(13,25,5.11795)->(13,26,5.68579)->(13,27,6.36795)->(13,28,7.68579)->(13,29,11.6237)->(13,28,16.1474)->(13,27,5008.07)->
Agent 7:(19,30,1.8)->(20,30,3.6)->(21,30,6.8)->(20,30,9.41421)->(19,30,10.7321)->(18,30,11.4142)->(17,30,11.9821)->(16,30,12.5)->(15,30,13)->(14,30,13.5)->(13,30,14)->(12,30,14.5)->(11,30,15)->(10,30,15.5)->(9,30,16)->(8,30,16.5179)->(7,30,17.0858)->(6,30,17.7679)->(5,30,19.0858)->(4,30,21.6425)->(4,29,24.1993)->(4,28,25.5171)->(4,27,26.1993)->(4,26,26.7671)->(4,25,27.2851)->(4,24,27.7851)->(4,23,28.2851)->(4,22,28.7851)->(4,21,29.2851)->(4,20,29.7851)->(4,19,30.2851)->(4,18,30.7851)->(4,17,31.2851)->(4,16,31.7851)->(4,15,32.2851)->(4,14,32.7851)->(4,13,33.2851)->(4,12,33.803)->(4,11,34.3708)->(4,10,35.053)->(4,9,36.3708)->(4,8,38.9993)->(5,8,5019.69)->
Agent 8:(22,1,1.8)->(21,1,3.01421)->(20,1,4.33205)->(19,1,5.01421)->(18,1,5.58205)->(17,1,6.1)->(16,1,6.6)->(15,1,7.1)->(14,1,7.61795)->(13,1,8.18579)->(12,1,8.86795)->(11,1,10.1858)->(10,1,16.4774)->(10,2,22.7691)->(10,3,24.0869)->(10,4,24.7691)->(10,5,25.3369)->(10,6,25.8549)->(10,7,26.3549)->(10,8,26.8549)->(10,9,27.3549)->(10,10,27.8549)->(10,11,28.3549)->(10,12,28.8549)->(10,13,29.3549)->(10,14,29.8549)->(10,15,30.3549)->(10,16,30.8549)->(10,17,31.3549)->(10,18,31.8549)->(10,19,32.3728)->(10,20,32.9407)->(10,21,33.6228)->(10,22,34.9407)->(10,23,37.1549)->(11,23,39.9549)->(12,23,5019.98)->
Agent 9:(7,18,1.8)->(8,18,3.01421)->(9,18,4.33205)->(10,18,5.01421)->(11,18,5.58205)->(12,18,6.1)->(13,18,6.6)->(14,18,7.1)->(15,18,7.6)->(16,18,8.11795)->(17,18,8.68579)->(18,18,9.36795)->(19,18,10.6858)->(20,18,12.9)->(20,19,15.1142)->(20,20,16.4321)->(20,21,17.1142)->(20,22,17.6821)->(20,23,18.2179)->(20,24,18.7858)->(20,25,19.4679)->(20,26,20.7858)->(20,27,23.4142)->(21,27,29.7925)->(21,28,35.2345)->(21,29,37.2345)->(21,30,5018.34)->
Agent 10:(16,23,1.71421)->(16,24,3.81421)->(17,24,6.44264)->(18,24,7.76048)->(19,24,8.44264)->(20,24,9.01048)->(21,24,9.52843)->(22,24,10.0464)->(23,24,10.6142)->(24,24,11.2964)->(25,24,12.6142)->(26,24,14.8284)->(26,25,17.0426)->(26,26,18.3605)->(26,27,19.0925)->(26,28,19.8246)->(26,29,21.1424)->(26,30,5010.28)->
Agent 11:(23,9,4.02843)->(22,9,7.47107)->(21,9,8.78891)->(20,9,9.52096)->(19,9,10.253)->(18,9,11.5708)->(17,9,14.3509)->(17,8,17.1309)->(17,7,18.4487)->(17,6,19.1405)->(17,5,19.7762)->(17,4,20.4679)->(17,3,21.7858)->(17,2,29.4)->(16,2,37.6)->(15,2,5018.8)->
Agent 12:(4,23,1.3)->(4,24,2.01421)->(4,25,3.33205)->(4,26,4.0641)->(4,27,4.79615)->(4,28,6.11399)->(4,29,11.8878)->(5,29,17.6616)->(6,29,18.9795)->(7,29,19.6616)->(8,29,20.2295)->(9,29,20.7474)->(10,29,21.2474)->(11,29,21.7474)->(12,29,22.2474)->(13,29,22.7474)->(14,29,23.2474)->(15,29,23.7474)->(16,29,24.2474)->(17,29,24.7474)->(18,29,25.2474)->(19,29,25.7474)->(20,29,26.2474)->(21,29,26.7474)->(22,29,27.2654)->(23,29,27.8332)->(24,29,28.5154)->(25,29,29.8332)->(26,29,5014.62)->
Agent 13:(6,0,1.3)->(6,1,2.6)->(6,2,5001.3)->
Agent 14:(24,8,2.46421)->(24,9,4.34264)->(24,10,5.66048)->(24,11,6.34264)->(24,12,6.91048)->(24,13,7.42843)->(24,14,7.92843)->(24,15,8.42843)->(24,16,8.92843)->(24,17,9.42843)->(24,18,9.92843)->(24,19,10.4284)->(24,20,10.9284)->(24,21,11.4464)->(24,22,12.0142)->(24,23,12.6964)->(24,24,14.0142)->(24,25,16.2284)->(23,25,18.4779)->(22,25,20.4779)->(21,25,5009.96)->
Agent 15:(7,20,8.04263)->(7,19,15.4995)->(7,18,16.8173)->(7,17,17.4995)->(7,16,18.0673)->(7,15,18.5853)->(7,14,19.0853)->(7,13,19.5853)->(7,12,20.0853)->(7,11,20.5853)->(7,10,21.0853)->(7,9,21.5853)->(7,8,22.0853)->(7,7,22.6032)->(7,6,23.171)->(7,5,23.8532)->(7,4,25.171)->(7,3,27.3853)->(8,3,29.5995)->(9,3,30.9173)->(10,3,31.5995)->(11,3,32.1673)->(12,3,32.6853)->(13,3,33.1853)->(14,3,33.6853)->(15,3,34.1853)->(16,3,34.6853)->(17,3,35.1853)->(18,3,35.6853)->(19,3,36.1853)->(20,3,36.6853)->(21,3,37.2032)->(22,3,37.771)->(23,3,38.4532)->(24,3,39.771)->(25,3,5019.59)->
Agent 16:(1,28,2.2)->(1,27,3.81421)->(1,26,5.13205)->(1,25,5.81421)->(1,24,6.38205)->(1,23,6.9)->(1,22,7.4)->(1,21,7.9)->(1,20,8.4)->(1,19,8.91795)->(1,18,9.48579)->(1,17,10.1679)->(1,16,11.4858)->(1,15,15.6642)->(2,15,19.8426)->(3,15,21.1605)->(4,15,21.8426)->(5,15,22.4105)->(6,15,22.9284)->(7,15,23.4284)->(8,15,23.9284)->(9,15,24.4284)->(10,15,24.9284)->(11,15,25.4284)->(12,15,25.9284)->(13,15,26.4284)->(14,15,26.9284)->(15,15,27.4284)->(16,15,27.9284)->(17,15,28.4284)->(18,15,28.9284)->(19,15,29.4284)->(20,15,29.9284)->(21,15,30.4284)->(22,15,30.9284)->(23,15,31.4284)->(24,15,31.9463)->(25,15,32.5142)->(26,15,33.1963)->(27,15,34.5142)->(28,15,37.1426)->(28,16,5018.76)->
Agent 17:(23,2,2.21421)->(22,2,12.851)->(22,3,23.5162)->(22,4,24.834)->(22,5,25.5258)->(22,6,26.1614)->(22,7,26.8532)->(22,8,28.171)->(22,9,5013.79)->
Agent 18:(10,3,2.8)->(11,3,5.6)->(12,3,10.0567)->(12,4,13.9277)->(12,5,15.2455)->(12,6,15.9277)->(12,7,16.4955)->(12,8,17.0314)->(12,9,17.5993)->(12,10,18.2814)->(12,11,19.5993)->(12,12,25.1072)->(13,12,30.6505)->(14,12,32.6505)->(15,12,34.9)->(15,13,37.1142)->(15,14,38.432)->(15,15,39.1142)->(15,16,39.682)->(15,17,40.2)->(15,18,40.7)->(15,19,41.2)->(15,20,41.7)->(15,21,42.2)->(15,22,42.7)->(15,23,43.2)->(15,24,43.7)->(15,25,44.2)->(15,26,44.7)->(15,27,45.2179)->(15,28,45.7858)->(15,29,46.4679)->(15,30,47.7858)->(15,31,5023.6)->
Agent 19:(10,24,2.2)->(10,23,3.81421)->(10,22,5.13205)->(10,21,5.81421)->(10,20,6.38205)->(10,19,6.9)->(10,18,7.4)->(10,17,7.9)->(10,16,8.41795)->(10,15,8.98579)->(10,14,9.66795)->(10,13,10.9858)->(10,12,13.2)->(11,12,15.4142)->(12,12,16.7321)->(13,12,17.4238)->(14,12,18.0595)->(15,12,18.7513)->(16,12,20.0691)->(17,12,22.2833)->(17,11,24.4975)->(17,10,25.8154)->(17,9,26.4975)->(17,8,27.0833)->(17,7,27.6691)->(17,6,28.3513)->(17,5,29.6691)->(17,4,32.2975)->(18,4,5016.34)->
Agent 20:(25,6,2.2)->(25,5,3.84949)->(25,4,5.84949)->(25,3,8.09898)->(24,3,10.899)->(23,3,19.65)->(23,2,27.8505)->(23,1,29.8505)->(23,0,32.5142)->(24,0,5016.45)->
Agent 21:(26,26,1.8)->(25,26,3.01421)->(24,26,4.33205)->(23,26,5.02382)->(22,26,5.65949)->(21,26,6.35126)->(20,26,7.6691)->(19,26,9.88331)->(19,25,12.6833)->(19,24,18.4842)->(18,24,23.6993)->(17,24,25.0171)->(16,24,25.6993)->(15,24,26.2671)->(14,24,26.7851)->(13,24,27.2851)->(12,24,27.7851)->(11,24,28.2851)->(10,24,28.7851)->(9,24,29.2851)->(8,24,29.7851)->(7,24,30.303)->(6,24,30.8708)->(5,24,31.553)->(4,24,32.8708)->(3,24,5016.14)->
Agent 22:(16,4,1.71421)->(16,5,3.81421)->(15,5,6.44264)->(14,5,7.76048)->(13,5,8.44264)->(12,5,9.01048)->(11,5,9.52843)->(10,5,10.0284)->(9,5,10.5284)->(8,5,11.0284)->(7,5,11.5284)->(6,5,12.0464)->(5,5,12.6142)->(4,5,13.2964)->(3,5,14.6142)->(2,5,16.8284)->(2,6,19.0426)->(2,7,20.4569)->(2,8,21.8711)->(2,9,32.2494)->(3,9,43.2135)->(4,9,5021.61)->
Agent 23:(31,30,2.2)->(31,29,3.81421)->(31,28,5.13205)->(31,27,5.81421)->(31,26,6.38205)->(31,25,6.9)->(31,24,7.4)->(31,23,7.9)->(31,22,8.4)->(31,21,8.9)->(31,20,9.41795)->(31,19,9.98579)->(31,18,10.6679)->(31,17,11.9858)->(31,16,14.5917)->(30,16,17.1975)->(29,16,18.5154)->(28,16,19.1975)->(27,16,19.7654)->(26,16,20.2833)->(25,16,20.7833)->(24,16,21.2833)->(23,16,21.7833)->(22,16,22.2833)->(21,16,22.7833)->(20,16,23.2833)->(19,16,23.7833)->(18,16,24.2833)->(17,16,24.7833)->(16,16,25.2833)->(15,16,25.7833)->(14,16,26.2833)->(13,16,26.7833)->(12,16,27.2833)->(11,16,27.7833)->(10,16,28.2833)->(9,16,28.8013)->(8,16,29.3691)->(7,16,30.0513)->(6,16,31.3691)->(5,16,5015.39)->
Agent 24:(17,0,1.3)->(17,1,2.01421)->(17,2,3.33205)->(17,3,4.01421)->(17,4,4.58205)->(17,5,5.1)->(17,6,5.61795)->(17,7,6.18579)->(17,8,6.86795)->(17,9,8.18579)->(17,10,13.8417)->(16,10,21.8416)->(16,11,25.8426)->(16,12,27.1605)->(16,13,27.8426)->(16,14,28.4105)->(16,15,28.9463)->(16,16,29.5142)->(16,17,30.1963)->(16,18,31.5142)->(16,19,5015.46)->
Agent 25:(2,7,1.3)->(2,8,2.01421)->(2,9,3.33205)->(2,10,4.01421)->(2,11,4.58205)->(2,12,5.1)->(2,13,5.6)->(2,14,6.1)->(2,15,6.61795)->(2,16,7.18579)->(2,17,7.86795)->(2,18,9.18579)->(2,19,12.0379)->(3,19,14.8901)->(4,19,16.2079)->(5,19,16.8901)->(6,19,17.4579)->(7,19,17.9758)->(8,19,18.4758)->(9,19,18.9758)->(10,19,19.4938)->(11,19,20.0616)->(12,19,20.7438)->(13,19,22.0616)->(14,19,24.6901)->(14,18,29.0021)->(15,18,32.3426)->(16,18,33.7568)->(17,18,35.171)->(18,18,37.7995)->(18,19,5019.09)->
Agent 26:(0,16,1.3)->(0,17,2.01421)->(0,18,3.33205)->(0,19,4.01421)->(0,20,4.58205)->(0,21,5.1)->(0,22,5.6)->(0,23,6.1)->(0,24,6.6)->(0,25,7.1)->(0,26,7.6)->(0,27,8.11795)->(0,28,8.68579)->(0,29,9.36795)->(0,30,10.6858)->(0,31,12.9)->(1,31,15.1142)->(2,31,16.4321)->(3,31,17.1142)->(4,31,17.6821)->(5,31,18.2)->(6,31,18.7)->(7,31,19.2)->(8,31,19.7)->(9,31,20.2)->(10,31,20.7)->(11,31,21.2)->(12,31,21.7)->(13,31,22.2)->(14,31,22.7)->(15,31,23.2)->(16,31,23.7)->(17,31,24.2)->(18,31,24.7)->(19,31,25.2)->(20,31,25.7179)->(21,31,26.2858)->(22,31,26.9679)->(23,31,28.2858)->(24,31,31.0963)->(24,30,33.9067)->(24,29,35.2246)->(24,28,35.9067)->(24,27,36.4746)->(24,26,36.9925)->(24,25,37.4925)->(24,24,37.9925)->(24,23,38.4925)->(24,22,38.9925)->(24,21,39.4925)->(24,20,39.9925)->(24,19,40.4925)->(24,18,40.9925)->(24,17,41.4925)->(24,16,41.9925)->(24,15,42.4925)->(24,14,42.9925)->(24,13,43.5105)->(24,12,44.0783)->(24,11,44.7605)->(24,10,46.0783)->(24,9,5022.75)->
Agent 27:(3,0,1.3)->(3,1,2.01421)->(3,2,3.33205)->(3,3,4.01421)->(3,4,4.58205)->(3,5,5.1)->(3,6,5.61795)->(3,7,6.18579)->(3,8,6.86795)->(3,9,8.18579)->(3,10,14.9954)->(4,10,21.805)->(5,10,23.1228)->(6,10,23.805)->(7,10,24.3728)->(8,10,24.8908)->(9,10,25.3908)->(10,10,25.8908)->(11,10,26.3908)->(12,10,26.8908)->(13,10,27.3908)->(14,10,27.8908)->(15,10,28.3908)->(16,10,28.8908)->(17,10,29.3908)->(18,10,29.8908)->(19,10,30.3908)->(20,10,30.8908)->(21,10,31.3908)->(22,10,31.8908)->(23,10,32.4087)->(24,10,32.9766)->(25,10,33.6587)->(26,10,34.9766)->(27,10,37.1908)->(27,11,39.405)->(27,12,40.8192)->(27,13,42.2334)->(27,14,5020.82)->
Agent 28:(23,0,2.21421)->(23,1,3.84264)->(23,2,5.16048)->(23,3,5.84264)->(23,4,6.41048)->(23,5,6.92843)->(23,6,7.42843)->(23,7,7.92843)->(23,8,8.42843)->(23,9,8.92843)->(23,10,9.42843)->(23,11,9.92843)->(23,12,10.4284)->(23,13,10.9284)->(23,14,11.4464)->(23,15,12.0142)->(23,16,12.6964)->(23,17,14.0142)->(23,18,16.2284)->(22,18,18.4426)->(21,18,19.7605)->(20,18,20.4426)->(19,18,21.0105)->(18,18,21.5284)->(17,18,22.0284)->(16,18,22.5464)->(15,18,23.1142)->(14,18,23.7964)->(13,18,25.1142)->(12,18,5012.26)->
Agent 29:(9,21,2.2)->(9,20,4.4)->(9,19,7.99115)->(10,19,10.9965)->(11,19,12.3143)->(12,19,12.9965)->(13,19,13.5823)->(14,19,14.1681)->(15,19,14.8502)->(16,19,16.1681)->(17,19,23.1649)->(17,18,30.1616)->(17,17,31.4795)->(17,16,32.1616)->(17,15,32.7295)->(17,14,33.2474)->(17,13,33.7474)->(17,12,34.2654)->(17,11,34.8332)->(17,10,35.5154)->(17,9,36.8332)->(17,8,39.0474)->(18,8,41.8474)->(19,8,5020.92)->
Agent 30:(20,0,1.3)->(20,1,2.01421)->(20,2,3.34806)->(20,3,4.17649)->(20,4,5.51034)->(20,5,7.72456)->(21,5,9.93877)->(22,5,11.2566)->(23,5,11.9388)->(24,5,12.5066)->(25,5,13.0425)->(26,5,13.6103)->(27,5,14.2925)->(28,5,15.6103)->(29,5,17.8246)->(29,6,20.0388)->(29,7,21.453)->(29,8,22.8672)->(29,9,5011.14)->
Agent 31:(14,6,1.82841)->(13,6,3.07104)->(12,6,4.38888)->(11,6,5.07104)->(10,6,5.65683)->(9,6,6.24261)->(8,6,6.92478)->(7,6,8.24261)->(6,6,10.4568)->(6,7,12.671)->(6,8,13.9889)->(6,9,14.671)->(6,10,15.2389)->(6,11,15.7568)->(6,12,16.2568)->(6,13,16.7568)->(6,14,17.2748)->(6,15,17.8426)->(6,16,18.5248)->(6,17,19.8426)->(6,18,5009.63)->
Agent 32:(24,11,1.3)->(24,12,2.01421)->(24,13,3.33205)->(24,14,4.01421)->(24,15,4.58205)->(24,16,5.1)->(24,17,5.6)->(24,18,6.1)->(24,19,6.6)->(24,20,7.1)->(24,21,7.6)->(24,22,8.11795)->(24,23,8.68579)->(24,24,9.36795)->(24,25,10.6858)->(24,26,15.4425)->(23,26,20.1993)->(22,26,21.5171)->(21,26,22.1993)->(20,26,22.7671)->(19,26,23.2851)->(18,26,23.7851)->(17,26,24.2851)->(16,26,24.7851)->(15,26,25.2851)->(14,26,25.7851)->(13,26,26.2851)->(12,26,26.7851)->(11,26,27.2851)->(10,26,27.7851)->(9,26,28.303)->(8,26,28.8708)->(7,26,29.553)->(6,26,30.8708)->(5,26,33.0851)->(5,27,35.8851)->(5,28,5017.94)->
Agent 33:(17,12,1.3)->(17,13,2.01421)->(17,14,3.33205)->(17,15,4.01421)->(17,16,4.58205)->(17,17,5.11795)->(17,18,5.68579)->(17,19,6.36795)->(17,20,7.68579)->(17,21,10.1774)->(16,21,13.2549)->(15,21,20.1774)->(15,20,26.5142)->(15,19,27.832)->(15,18,28.5142)->(15,17,29.082)->(15,16,29.6)->(15,15,30.1)->(15,14,30.6)->(15,13,31.1)->(15,12,31.6)->(15,11,32.1)->(15,10,32.6)->(15,9,33.1)->(15,8,33.6)->(15,7,34.1)->(15,6,34.6)->(15,5,35.1)->(15,4,35.6179)->(15,3,36.1858)->(15,2,36.8679)->(15,1,38.1858)->(15,0,40.4)->(16,0,42.6142)->(17,0,43.932)->(18,0,44.6641)->(19,0,45.3961)->(20,0,46.714)->(21,0,5023.06)->
Agent 34:(26,5,2.84989)->(26,4,5.11399)->(26,3,6.5282)->(26,2,7.94242)->(26,1,10.1566)->(27,1,12.9566)->(28,1,5006.48)->
Agent 35:(28,0,1.8)->(27,0,3.01421)->(26,0,4.33205)->(25,0,5.02382)->(24,0,5.65949)->(23,0,6.35126)->(22,0,7.6691)->(21,0,14.2559)->(21,1,20.8426)->(21,2,22.1605)->(21,3,22.8426)->(21,4,23.4105)->(21,5,23.9284)->(21,6,24.4284)->(21,7,24.9284)->(21,8,25.4284)->(21,9,25.9463)->(21,10,26.5142)->(21,11,27.1963)->(21,12,28.5142)->(21,13,35.5289)->(22,13,42.5789)->(23,13,44.5789)->(24,13,47.2426)->(24,14,5023.81)->
Agent 36:(4,28,2.23528)->(5,28,3.88477)->(6,28,5.2026)->(7,28,5.89437)->(8,28,6.53005)->(9,28,7.22182)->(10,28,8.53965)->(11,28,10.7911)->(11,27,13.0426)->(11,26,14.3605)->(11,25,15.0426)->(11,24,15.6105)->(11,23,16.1284)->(11,22,16.6284)->(11,21,17.1284)->(11,20,17.6284)->(11,19,18.1284)->(11,18,18.6284)->(11,17,19.1284)->(11,16,19.6284)->(11,15,20.1284)->(11,14,20.6284)->(11,13,21.1284)->(11,12,21.6284)->(11,11,22.1284)->(11,10,22.6284)->(11,9,23.1464)->(11,8,23.7142)->(11,7,24.3964)->(11,6,25.7142)->(11,5,27.9284)->(12,5,30.1426)->(13,5,31.4605)->(14,5,32.1426)->(15,5,32.7105)->(16,5,33.2284)->(17,5,33.7284)->(18,5,34.2284)->(19,5,34.7284)->(20,5,35.2284)->(21,5,35.7284)->(22,5,36.2284)->(23,5,36.7284)->(24,5,37.2284)->(25,5,37.7284)->(26,5,38.2464)->(27,5,38.8142)->(28,5,39.4964)->(29,5,40.8142)->(30,5,5020.11)->
Agent 37:(30,17,1.71421)->(30,18,6.05051)->(29,18,10.9505)->(28,18,12.9505)->(27,18,5006.2)->
Agent 38:(15,6,4.62841)->(14,6,8.67104)->(13,6,9.98888)->(12,6,10.671)->(11,6,11.2389)->(10,6,11.7568)->(9,6,12.2568)->(8,6,12.7568)->(7,6,13.2748)->(6,6,13.8426)->(5,6,14.5248)->(4,6,15.8426)->(3,6,18.0568)->(3,5,20.8568)->(3,4,5010.43)->
Agent 39:(19,23,1.8)->(20,23,3.6)->(21,23,6.4)->(21,22,9.2)->(21,21,12.4)->(21,22,15.6)->(21,23,5007.8)->
Agent 40:(15,15,3.65374)->(15,14,6.72168)->(15,13,8.03952)->(15,12,8.72168)->(15,11,9.28952)->(15,10,9.80747)->(15,9,10.3075)->(15,8,10.8075)->(15,7,11.3075)->(15,6,11.8254)->(15,5,12.3933)->(15,4,13.0754)->(15,3,14.3933)->(15,2,16.6753)->(16,2,18.9574)->(17,2,20.3716)->(18,2,21.7858)->(19,2,5010.6)->
Agent 41:(11,3,1.8)->(12,3,3.6)->(13,3,13.2274)->(13,4,22.2691)->(13,5,23.5869)->(13,6,24.2691)->(13,7,24.8369)->(13,8,25.3549)->(13,9,25.8549)->(13,10,26.3728)->(13,11,26.9407)->(13,12,27.6228)->(13,13,28.9407)->(13,14,5014.18)->
Agent 42:(27,29,2.2)->(27,28,3.81421)->(27,27,5.13205)->(27,26,5.81421)->(27,25,6.38205)->(27,24,6.9)->(27,23,7.4)->(27,22,7.9)->(27,21,8.41795)->(27,20,8.98579)->(27,19,9.66795)->(27,18,10.9858)->(27,17,15.3321)->(26,17,19.6783)->(25,17,20.9962)->(24,17,21.6879)->(23,17,22.3236)->(22,17,23.0154)->(21,17,24.3332)->(20,17,5011.87)->
Agent 43:(6,4,1.3)->(6,5,2.01421)->(6,6,3.33205)->(6,7,4.01421)->(6,8,4.58205)->(6,9,5.1)->(6,10,5.6)->(6,11,6.1)->(6,12,6.6)->(6,13,7.1)->(6,14,7.6)->(6,15,8.1)->(6,16,8.6)->(6,17,9.1)->(6,18,9.61795)->(6,19,10.1858)->(6,20,10.8679)->(6,21,12.1858)->(6,22,14.4)->(7,22,16.6142)->(8,22,17.9321)->(9,22,18.6142)->(10,22,19.1821)->(11,22,19.7)->(12,22,20.2)->(13,22,20.7)->(14,22,21.2)->(15,22,21.7)->(16,22,22.2179)->(17,22,22.7858)->(18,22,23.4679)->(19,22,24.7858)->(20,22,27)->(20,23,29.2142)->(20,24,30.6284)->(20,25,32.0426)->(20,26,5015.73)->
Agent 44:(23,6,2.21421)->(24,6,6.17843)->(23,6,11.1426)->(23,7,14.3569)->(23,8,5007.18)->
Agent 45:(6,29,6.57371)->(7,29,12.5616)->(8,29,13.8795)->(9,29,14.5616)->(10,29,15.1295)->(11,29,15.6474)->(12,29,16.1474)->(13,29,16.6474)->(14,29,17.1654)->(15,29,17.7332)->(16,29,18.4154)->(17,29,19.7332)->(18,29,21.9474)->(18,28,24.1616)->(18,27,25.4795)->(18,26,26.1712)->(18,25,26.8069)->(18,24,27.4987)->(18,23,28.8165)->(18,22,5014.12)->
Agent 46:(17,11,2.4142)->(17,12,4.24261)->(17,13,5.57646)->(17,14,6.40489)->(17,15,7.73874)->(17,16,12.7407)->(16,16,17.7426)->(15,16,19.0605)->(14,16,19.7426)->(13,16,20.3105)->(12,16,20.8463)->(11,16,21.4142)->(10,16,22.0963)->(9,16,23.4142)->(8,16,25.6284)->(8,17,27.8426)->(8,18,29.1605)->(8,19,29.8426)->(8,20,30.4105)->(8,21,30.9463)->(8,22,31.5142)->(8,23,32.1963)->(8,24,33.5142)->(8,25,5016.46)->
Agent 47:(7,12,1.8)->(8,12,3.01421)->(9,12,4.33205)->(10,12,5.01421)->(11,12,5.58205)->(12,12,6.1)->(13,12,6.6)->(14,12,7.1)->(15,12,7.61795)->(16,12,8.18579)->(17,12,8.86795)->(18,12,10.1858)->(19,12,12.4)->(19,11,14.6142)->(19,10,15.9321)->(19,9,16.6142)->(19,8,17.1821)->(19,7,17.7)->(19,6,18.2)->(19,5,18.7)->(19,4,19.2179)->(19,3,19.7858)->(19,2,20.4679)->(19,1,21.7858)->(19,0,24)->(20,0,26.2142)->(21,0,27.5321)->(22,0,28.2142)->(23,0,28.7821)->(24,0,29.3)->(25,0,29.8)->(26,0,30.3)->(27,0,30.8179)->(28,0,31.3858)->(29,0,32.0679)->(30,0,33.3858)->(31,0,5016.4)->
Agent 48:(5,3,2.2)->(5,2,4.4)->(5,1,12.8774)->(6,1,20.7691)->(7,1,22.0869)->(8,1,22.7691)->(9,1,23.3369)->(10,1,23.8549)->(11,1,24.3549)->(12,1,24.8549)->(13,1,25.3549)->(14,1,25.8549)->(15,1,26.3549)->(16,1,26.8549)->(17,1,27.3728)->(18,1,27.9407)->(19,1,28.6228)->(20,1,29.9407)->(21,1,5014.68)->
Agent 49:(16,30,3.12744)->(16,29,5.6691)->(16,28,6.98694)->(16,27,7.6691)->(16,26,8.23694)->(16,25,8.75489)->(16,24,9.25489)->(16,23,9.75489)->(16,22,10.2549)->(16,21,10.7549)->(16,20,11.2549)->(16,19,11.7549)->(16,18,12.2549)->(16,17,12.7549)->(16,16,13.2549)->(16,15,13.7549)->(16,14,14.2549)->(16,13,14.7549)->(16,12,15.2728)->(16,11,15.8407)->(16,10,16.5228)->(16,9,17.8407)->(16,8,20.0549)->(15,8,22.2691)->(14,8,23.5869)->(13,8,24.2691)->(12,8,24.8369)->(11,8,25.3549)->(10,8,25.8549)->(9,8,26.3549)->(8,8,26.8549)->(7,8,27.3549)->(6,8,27.8728)->(5,8,28.4407)->(4,8,29.1228)->(3,8,30.4407)->(2,8,5014.93)->
Agent 50:(7,17,2.2)->(7,16,3.81421)->(7,15,5.13205)->(7,14,5.8641)->(7,13,6.59615)->(7,12,7.91399)->(7,11,10.5595)->(8,11,13.205)->(9,11,14.5228)->(10,11,15.205)->(11,11,15.7728)->(12,11,16.2908)->(13,11,16.7908)->(14,11,17.2908)->(15,11,17.7908)->(16,11,18.2908)->(17,11,18.7908)->(18,11,19.2908)->(19,11,19.7908)->(20,11,20.2908)->(21,11,20.8087)->(22,11,21.3766)->(23,11,22.0587)->(24,11,23.3766)->(25,11,5011.4)->
Agent 51:(16,0,2.4142)->(17,0,4.24261)->(18,0,5.65683)->(19,0,7.07104)->(20,0,10.138)->(20,1,13.205)->(20,2,14.5228)->(20,3,15.205)->(20,4,15.7728)->(20,5,16.2908)->(20,6,16.7908)->(20,7,17.2908)->(20,8,17.7908)->(20,9,18.2908)->(20,10,18.7908)->(20,11,19.2908)->(20,12,19.7908)->(20,13,20.2908)->(20,14,20.7908)->(20,15,21.2908)->(20,16,21.8087)->(20,17,22.3766)->(20,18,23.0587)->(20,19,24.3766)->(20,20,5011.9)->
Agent 52:(30,2,1.8)->(29,2,3.01421)->(28,2,4.33205)->(27,2,5.0641)->(26,2,5.79615)->(25,2,7.11399)->(24,2,9.74242)->(24,1,25.6567)->(24,2,41.1853)->(24,3,5020.59)->
Agent 53:(5,19,1.71421)->(5,20,8.34263)->(6,20,15.4995)->(7,20,16.8173)->(8,20,17.5091)->(9,20,18.1447)->(10,20,18.8365)->(11,20,20.1544)->(12,20,22.7828)->(12,21,5011.58)->
Agent 54:(4,2,3.09253)->(4,3,5.59927)->(4,4,6.91711)->(4,5,7.59927)->(4,6,8.16711)->(4,7,8.68506)->(4,8,9.18506)->(4,9,9.68506)->(4,10,10.1851)->(4,11,10.6851)->(4,12,11.1851)->(4,13,11.6851)->(4,14,12.1851)->(4,15,12.6851)->(4,16,13.1851)->(4,17,13.6851)->(4,18,14.1851)->(4,19,14.6851)->(4,20,15.1851)->(4,21,15.6851)->(4,22,16.1851)->(4,23,16.6851)->(4,24,17.203)->(4,25,17.7708)->(4,26,18.453)->(4,27,19.7708)->(4,28,21.9851)->(5,28,24.1993)->(6,28,25.5171)->(7,28,26.1993)->(8,28,26.7671)->(9,28,27.2851)->(10,28,27.7851)->(11,28,28.2851)->(12,28,28.7851)->(13,28,29.2851)->(14,28,29.7851)->(15,28,30.2851)->(16,28,30.7851)->(17,28,31.2851)->(18,28,31.7851)->(19,28,32.2851)->(20,28,32.7851)->(21,28,33.2851)->(22,28,33.7851)->(23,28,34.2851)->(24,28,34.803)->(25,28,35.3708)->(26,28,36.053)->(27,28,37.3708)->(28,28,5018.39)->
Agent 55:(7,19,2.92244)->(7,18,5.2591)->(7,17,6.57694)->(7,16,7.26871)->(7,15,7.90438)->(7,14,8.59615)->(7,13,9.91399)->(7,12,14.4567)->(6,12,5008.38)->
Agent 56:(22,18,2.21421)->(23,18,5.62843)->(22,18,10.4569)->(22,17,15.253)->(21,17,18.6634)->(20,17,19.9812)->(19,17,20.6634)->(18,17,21.2312)->(17,17,21.7492)->(16,17,22.2492)->(15,17,22.7492)->(14,17,23.2492)->(13,17,23.7671)->(12,17,24.3349)->(11,17,25.0171)->(10,17,26.3349)->(9,17,28.9634)->(9,18,5014.67)->
Agent 57:(7,21,1.3)->(7,22,2.04949)->(7,23,4.04949)->(7,24,9.54949)->(8,24,15.0142)->(9,24,16.4284)->(10,24,17.8426)->(11,24,22.521)->(11,25,27.7851)->(11,26,5013.89)->
Agent 58:(8,7,1.3)->(8,8,2.01421)->(8,9,3.33205)->(8,10,4.01421)->(8,11,4.58205)->(8,12,5.1)->(8,13,5.6)->(8,14,6.1)->(8,15,6.6)->(8,16,7.1)->(8,17,7.6)->(8,18,8.1)->(8,19,8.6)->(8,20,9.1)->(8,21,9.61795)->(8,22,10.1858)->(8,23,10.8679)->(8,24,12.1858)->(8,25,14.4)->(9,25,16.6142)->(10,25,17.9321)->(11,25,18.6142)->(12,25,19.1821)->(13,25,19.7179)->(14,25,20.2858)->(15,25,20.9679)->(16,25,22.2858)->(17,25,24.5)->(17,26,27.3)->(17,27,5013.65)->
Agent 59:(12,25,1.3)->(12,26,2.6)->(12,27,5.4)->(11,27,7.64949)->(10,27,9.64949)->(9,27,12.3132)->(9,26,20.242)->(9,27,27.7851)->(9,28,5013.89)->
Agent 60:(12,31,4.1642)->(12,30,7.74261)->(12,29,9.06045)->(12,28,9.74261)->(12,27,10.3105)->(12,26,10.8284)->(12,25,11.3284)->(12,24,11.8284)->(12,23,12.3284)->(12,22,12.8284)->(12,21,13.3284)->(12,20,13.8284)->(12,19,14.3284)->(12,18,14.8284)->(12,17,15.3463)->(12,16,15.9142)->(12,15,16.5963)->(12,14,17.9142)->(12,13,20.1284)->(13,13,22.3426)->(14,13,23.6605)->(15,13,24.3426)->(16,13,24.9105)->(17,13,25.4284)->(18,13,25.9284)->(19,13,26.4284)->(20,13,26.9284)->(21,13,27.4284)->(22,13,27.9284)->(23,13,28.4284)->(24,13,28.9463)->(25,13,29.5142)->(26,13,30.1963)->(27,13,31.5142)->(28,13,34.1426)->(28,14,5017.26)->
Agent 61:(19,26,1.3)->(19,27,2.01421)->(19,28,3.34806)->(19,29,4.17649)->(19,30,5.51034)->(19,31,7.72456)->(20,31,9.93877)->(21,31,11.2566)->(22,31,11.9388)->(23,31,12.5066)->(24,31,13.0246)->(25,31,13.5425)->(26,31,14.1103)->(27,31,14.7925)->(28,31,16.1103)->(29,31,18.3246)->(29,30,21.1246)->(29,29,33.7548)->(29,30,46.3851)->(29,31,5023.19)->
Agent 62:(13,25,2.21421)->(14,25,4.81421)->(14,24,8.02843)->(14,23,10.8284)->(13,23,13.0426)->(12,23,14.3605)->(11,23,15.0426)->(10,23,15.6284)->(9,23,16.2142)->(8,23,16.8964)->(7,23,18.2142)->(6,23,5008.81)->
Agent 63:(18,8,2.2)->(17,8,3.81421)->(16,8,5.13205)->(15,8,5.81421)->(14,8,6.4)->(13,8,6.98579)->(12,8,7.66795)->(11,8,8.98579)->(10,8,12.6142)->(10,9,16.2426)->(10,10,17.5605)->(10,11,18.2426)->(10,12,18.8105)->(10,13,19.3284)->(10,14,19.8284)->(10,15,20.3284)->(10,16,20.8463)->(10,17,21.4142)->(10,18,22.0963)->(10,19,23.4142)->(10,20,26.0426)->(9,20,5013.21)->
Agent 64:(7,29,2.2)->(7,28,3.84949)->(7,27,5.84949)->(7,26,8.09898)->(6,26,10.3132)->(5,26,11.631)->(4,26,12.3631)->(3,26,13.0951)->(2,26,14.413)->(1,26,20.1778)->(1,27,5011.85)->
Agent 65:(22,21,2.2)->(22,20,3.81421)->(22,19,5.13205)->(22,18,5.81421)->(22,17,6.38205)->(22,16,6.9)->(22,15,7.4)->(22,14,7.9)->(22,13,8.4)->(22,12,8.91795)->(22,11,9.48579)->(22,10,10.1679)->(22,9,11.4858)->(22,8,15.7059)->(21,8,19.926)->(20,8,21.2438)->(19,8,21.926)->(18,8,22.5117)->(17,8,23.0975)->(16,8,23.7797)->(15,8,25.0975)->(14,8,27.726)->(14,9,5014.06)->
Agent 66:(11,24,2.2)->(11,23,3.81421)->(11,22,5.13205)->(11,21,5.81421)->(11,20,6.38205)->(11,19,6.91795)->(11,18,7.48579)->(11,17,8.16795)->(11,16,9.48579)->(11,15,14.1142)->(12,15,18.7426)->(13,15,20.0605)->(14,15,20.7426)->(15,15,21.3105)->(16,15,21.8284)->(17,15,22.3463)->(18,15,22.9142)->(19,15,23.5963)->(20,15,24.9142)->(21,15,27.1284)->(21,16,29.9284)->(21,17,5014.96)->
Agent 67:(11,4,1.8)->(12,4,3.01421)->(13,4,4.33205)->(14,4,5.01421)->(15,4,5.58205)->(16,4,6.1)->(17,4,6.6)->(18,4,7.1)->(19,4,7.6)->(20,4,8.1)->(21,4,8.6)->(22,4,9.1)->(23,4,9.6)->(24,4,10.1)->(25,4,10.6)->(26,4,11.1)->(27,4,11.6179)->(28,4,12.1858)->(29,4,12.8679)->(30,4,14.1858)->(31,4,16.4)->(31,5,18.6142)->(31,6,19.9321)->(31,7,20.6142)->(31,8,21.1821)->(31,9,21.7)->(31,10,22.2)->(31,11,22.7)->(31,12,23.2)->(31,13,23.7)->(31,14,24.2)->(31,15,24.7)->(31,16,25.2)->(31,17,25.7)->(31,18,26.2)->(31,19,26.7)->(31,20,27.2)->(31,21,27.7)->(31,22,28.2)->(31,23,28.7)->(31,24,29.2)->(31,25,29.7)->(31,26,30.2)->(31,27,30.7179)->(31,28,31.2858)->(31,29,31.9679)->(31,30,33.2858)->(31,31,5016.35)->
Agent 68:(4,12,1.3)->(4,13,2.01421)->(4,14,3.33205)->(4,15,4.01421)->(4,16,4.58205)->(4,17,5.1)->(4,18,5.6)->(4,19,6.1)->(4,20,6.6)->(4,21,7.1)->(4,22,7.6)->(4,23,8.1)->(4,24,8.61795)->(4,25,9.18579)->(4,26,9.86795)->(4,27,11.1858)->(4,28,13.4)->(3,28,15.6142)->(2,28,17.0284)->(1,28,18.4426)->(0,28,5008.93)->
Agent 69:(22,11,2.2)->(22,10,3.81421)->(22,9,5.22843)->(22,8,6.64264)->(22,7,15.9926)->(22,8,25.3426)->(22,9,26.6605)->(22,10,27.3426)->(22,11,27.9105)->(22,12,28.4284)->(22,13,28.9284)->(22,14,29.4284)->(22,15,29.9284)->(22,16,30.4284)->(22,17,30.9284)->(22,18,31.4284)->(22,19,31.9284)->(22,20,32.4463)->(22,21,33.0142)->(22,22,33.6963)->(22,23,35.0142)->(22,24,5017.21)->
Agent 70:(1,10,2.2)->(1,9,3.81421)->(1,8,5.13205)->(1,7,5.8641)->(1,6,6.59615)->(1,5,7.91399)->(1,4,12.7558)->(2,4,17.5975)->(3,4,18.9154)->(4,4,19.5975)->(5,4,20.1654)->(6,4,20.6833)->(7,4,21.1833)->(8,4,21.6833)->(9,4,22.1833)->(10,4,22.6833)->(11,4,23.1833)->(12,4,23.6833)->(13,4,24.1833)->(14,4,24.6833)->(15,4,25.1833)->(16,4,25.6833)->(17,4,26.1833)->(18,4,26.6833)->(19,4,27.1833)->(20,4,27.6833)->(21,4,28.1833)->(22,4,28.7013)->(23,4,29.2691)->(24,4,29.9513)->(25,4,31.2691)->(26,4,5015.34)->
Agent 71:(0,0,1.3)->(0,1,2.01421)->(0,2,3.33205)->(0,3,4.01421)->(0,4,4.58205)->(0,5,5.1)->(0,6,5.6)->(0,7,6.1)->(0,8,6.6)->(0,9,7.1)->(0,10,7.6)->(0,11,8.1)->(0,12,8.6)->(0,13,9.1)->(0,14,9.6)->(0,15,10.1)->(0,16,10.6)->(0,17,11.1)->(0,18,11.6)->(0,19,12.1)->(0,20,12.6)->(0,21,13.1)->(0,22,13.6)->(0,23,14.1179)->(0,24,14.6858)->(0,25,15.3679)->(0,26,16.6858)->(0,27,18.9)->(1,27,21.7)->(2,27,24.5)->(2,28,27.3)->(2,29,5013.65)->
Agent 72:(10,17,1.8)->(11,17,3.01421)->(12,17,4.33205)->(13,17,5.02382)->(14,17,5.65949)->(15,17,6.35126)->(16,17,7.6691)->(17,17,9.88331)->(17,18,12.1328)->(17,19,14.1328)->(17,20,5006.79)->
Agent 73:(23,11,3.32843)->(23,12,6.07107)->(23,13,7.38891)->(23,14,8.07107)->(23,15,8.63891)->(23,16,9.15685)->(23,17,9.65685)->(23,18,10.1748)->(23,19,10.7426)->(23,20,11.4248)->(23,21,12.7426)->(23,22,14.9569)->(24,22,17.7569)->(25,22,5008.88)->
Agent 74:(13,18,1.4142)->(13,19,2.24261)->(13,20,3.56045)->(13,21,4.24261)->(13,22,4.81045)->(13,23,5.34635)->(13,24,5.91419)->(13,25,6.59635)->(13,26,7.91419)->(13,27,11.7379)->(13,26,15.5616)->(13,25,16.8795)->(13,24,17.5616)->(13,23,18.1295)->(13,22,18.6474)->(13,21,19.1474)->(13,20,19.6474)->(13,19,20.1474)->(13,18,20.6654)->(13,17,21.2332)->(13,16,21.9154)->(13,15,23.2332)->(13,14,25.4474)->(14,14,27.6616)->(15,14,28.9795)->(16,14,29.6712)->(17,14,30.3069)->(18,14,30.9987)->(19,14,32.3165)->(20,14,5015.87)->
Agent 75:(9,6,1.3)->(9,7,2.01421)->(9,8,3.33205)->(9,9,4.01421)->(9,10,4.58205)->(9,11,5.11795)->(9,12,5.68579)->(9,13,6.36795)->(9,14,7.68579)->(9,15,13.8)->(9,14,19.9142)->(9,13,21.232)->(9,12,21.9142)->(9,11,22.482)->(9,10,23.0179)->(9,9,23.5858)->(9,8,24.2679)->(9,7,25.5858)->(9,6,27.8)->(10,6,30.0142)->(11,6,31.332)->(12,6,32.0142)->(13,6,32.582)->(14,6,33.1)->(15,6,33.6)->(16,6,34.1)->(17,6,34.6)->(18,6,35.1179)->(19,6,35.6858)->(20,6,36.3679)->(21,6,37.6858)->(22,6,5018.55)->
Agent 76:(19,20,2.75011)->(20,20,4.91444)->(21,20,6.23227)->(22,20,6.96433)->(23,20,7.69638)->(24,20,9.01421)->(25,20,5004.21)->
Agent 77:(3,8,1.3)->(3,9,2.04949)->(3,10,4.04949)->(3,11,8.34202)->(4,11,12.5993)->(5,11,13.9171)->(6,11,14.5993)->(7,11,15.1671)->(8,11,15.6851)->(9,11,16.1851)->(10,11,16.6851)->(11,11,17.1851)->(12,11,17.6851)->(13,11,18.1851)->(14,11,18.6851)->(15,11,19.203)->(16,11,19.7708)->(17,11,20.453)->(18,11,21.7708)->(19,11,5010.59)->
Agent 78:(13,10,4.53204)->(13,9,8.47829)->(13,8,9.8925)->(13,7,11.3067)->(13,6,16.5747)->(12,6,21.8426)->(11,6,23.1605)->(10,6,23.8426)->(9,6,24.4105)->(8,6,24.9284)->(7,6,25.4284)->(6,6,25.9463)->(5,6,26.5142)->(4,6,27.1963)->(3,6,28.5142)->(2,6,5013.96)->
Agent 79:(21,26,1.8)->(20,26,3.04949)->(19,26,5.04949)->(18,26,7.29898)->(18,25,9.51319)->(18,24,10.831)->(18,23,11.5132)->(18,22,12.081)->(18,21,12.599)->(18,20,13.099)->(18,19,13.599)->(18,18,14.099)->(18,17,14.599)->(18,16,15.1169)->(18,15,15.6848)->(18,14,16.3669)->(18,13,17.6848)->(18,12,23.1779)->(18,13,5013.21)->
Agent 80:(21,18,1.71421)->(21,19,5000.3)->
Agent 81:(22,12,1.8)->(23,12,3.01421)->(24,12,4.33205)->(25,12,5.02382)->(26,12,5.65949)->(27,12,6.35126)->(28,12,7.6691)->(29,12,9.88331)->(29,13,12.0975)->(29,14,13.4154)->(29,15,14.0975)->(29,16,14.6654)->(29,17,15.1833)->(29,18,15.7013)->(29,19,16.2691)->(29,20,16.9513)->(29,21,18.2691)->(29,22,5008.84)->
Agent 82:(25,10,2.61421)->(25,9,8.57744)->(24,9,14.1691)->(23,9,15.4869)->(22,9,16.1691)->(21,9,16.7369)->(20,9,17.2728)->(19,9,17.8407)->(18,9,18.5228)->(17,9,19.8407)->(16,9,5009.63)->
Agent 83:(18,12,3.88952)->(19,12,7.19326)->(20,12,8.60747)->(21,12,10.0217)->(22,12,14.3596)->(22,13,18.6975)->(22,14,20.0154)->(22,15,20.6975)->(22,16,21.2654)->(22,17,21.7833)->(22,18,22.2833)->(22,19,22.7833)->(22,20,23.2833)->(22,21,23.7833)->(22,22,24.2833)->(22,23,24.7833)->(22,24,25.2833)->(22,25,25.8013)->(22,26,26.3691)->(22,27,27.0513)->(22,28,28.3691)->(22,29,32.4484)->(22,28,5017.14)->
Agent 84:(0,15,2.4142)->(0,16,4.24261)->(0,17,5.56045)->(0,18,6.24261)->(0,19,6.81045)->(0,20,7.3284)->(0,21,7.8284)->(0,22,8.3284)->(0,23,8.8284)->(0,24,9.3284)->(0,25,9.8284)->(0,26,10.3463)->(0,27,10.9142)->(0,28,11.5963)->(0,29,12.9142)->(0,30,17.8247)->(1,30,22.7352)->(2,30,24.053)->(3,30,24.7352)->(4,30,25.303)->(5,30,25.821)->(6,30,26.321)->(7,30,26.821)->(8,30,27.321)->(9,30,27.821)->(10,30,28.321)->(11,30,28.821)->(12,30,29.321)->(13,30,29.821)->(14,30,30.321)->(15,30,30.821)->(16,30,31.321)->(17,30,31.821)->(18,30,32.3389)->(19,30,32.9067)->(20,30,33.5889)->(21,30,34.9067)->(22,30,5017.16)->
Agent 85:(16,8,2.2)->(16,7,4.4)->(16,6,7.87843)->(17,6,10.7711)->(18,6,12.0889)->(19,6,12.7711)->(20,6,13.3389)->(21,6,13.8569)->(22,6,14.3748)->(23,6,14.9426)->(24,6,15.6248)->(25,6,16.9426)->(26,6,5008.18)->
Agent 86:(13,15,1.3)->(13,16,2.01421)->(13,17,3.33205)->(13,18,4.01421)->(13,19,4.58205)->(13,20,5.1)->(13,21,5.61795)->(13,22,6.18579)->(13,23,6.86795)->(13,24,8.18579)->(13,25,11.8737)->(14,25,15.5616)->(15,25,16.8795)->(16,25,17.6115)->(17,25,18.3436)->(18,25,19.6614)->(19,25,5009.54)->
Agent 87:(21,27,1.8)->(20,27,3.01421)->(19,27,4.33205)->(18,27,5.02382)->(17,27,5.65949)->(16,27,6.35126)->(15,27,7.6691)->(14,27,9.88331)->(14,26,12.0975)->(14,25,13.4154)->(14,24,14.0975)->(14,23,14.6654)->(14,22,15.1833)->(14,21,15.6833)->(14,20,16.1833)->(14,19,16.6833)->(14,18,17.1833)->(14,17,17.6833)->(14,16,18.1833)->(14,15,18.7013)->(14,14,19.2691)->(14,13,19.9513)->(14,12,21.2691)->(14,11,5010.34)->
Agent 88:(9,5,2.4142)->(9,6,4.24261)->(9,7,5.56045)->(9,8,6.24261)->(9,9,6.81045)->(9,10,7.34635)->(9,11,7.91419)->(9,12,8.59635)->(9,13,9.91419)->(9,14,13.9142)->(10,14,17.9142)->(11,14,19.232)->(12,14,19.9142)->(13,14,20.482)->(14,14,21)->(15,14,21.5)->(16,14,22)->(17,14,22.5)->(18,14,23)->(19,14,23.5179)->(20,14,24.0858)->(21,14,24.7679)->(22,14,26.0858)->(23,14,5012.75)->
Agent 89:(7,5,1.3)->(7,6,2.01421)->(7,7,3.42843)->(7,8,4.84264)->(7,9,7.05685)->(6,9,9.27107)->(5,9,10.6853)->(4,9,12.0995)->(3,9,17.9522)->(3,10,23.805)->(3,11,25.1228)->(3,12,25.8146)->(3,13,26.4503)->(3,14,27.142)->(3,15,28.4599)->(3,16,5013.94)->
