Agent 0:(15,27,2.61421)->(15,26,5.61421)->(14,26,8.24264)->(13,26,9.56048)->(12,26,10.2426)->(11,26,10.8284)->(10,26,11.4142)->(9,26,12.0964)->(8,26,13.4142)->(7,26,21.9642)->(7,25,30.5142)->(7,24,31.832)->(7,23,32.5142)->(7,22,33.082)->(7,21,33.6)->(7,20,34.1)->(7,19,34.6)->(7,18,35.1)->(7,17,35.6)->(7,16,36.1)->(7,15,36.6)->(7,14,37.1)->(7,13,37.6)->(7,12,38.1179)->(7,11,38.6858)->(7,10,39.3679)->(7,9,40.6858)->(7,8,43.3142)->(6,8,5021.85)->
Agent 1:(31,19,8.1)->(30,19,15.6142)->(29,19,16.9321)->(28,19,17.6142)->(27,19,18.1821)->(26,19,18.7)->(25,19,19.2)->(24,19,19.7)->(23,19,20.2)->(22,19,20.7)->(21,19,21.2)->(20,19,21.7)->(19,19,22.2)->(18,19,22.7)->(17,19,23.2)->(16,19,23.7)->(15,19,24.2)->(14,19,24.7)->(13,19,25.2)->(12,19,25.7)->(11,19,26.2)->(10,19,26.7)->(9,19,27.2)->(8,19,27.7)->(7,19,28.2)->(6,19,28.7)->(5,19,29.2)->(4,19,29.7179)->(3,19,30.2858)->(2,19,30.9679)->(1,19,32.2858)->(0,19,34.5)->(0,20,36.7495)->(0,21,38.7495)->(0,22,5019.1)->
Agent 2:(2,19,2.21421)->(1,19,5.25)->(1,18,8.34949)->(1,17,10.3495)->(1,16,22.7495)->(1,17,35.7)->(1,18,5017.85)->
Agent 3:(29,27,2.61421)->(29,26,5.61421)->(28,26,8.24264)->(27,26,9.56048)->(26,26,10.2522)->(25,26,10.8879)->(24,26,11.5797)->(23,26,12.8975)->(22,26,15.8915)->(22,25,18.8856)->(22,24,20.2998)->(22,23,21.714)->(22,22,24.7424)->(23,22,33.5278)->(23,23,41.5274)->(23,24,5020.76)->
Agent 4:(31,11,1.71421)->(31,12,3.81421)->(30,12,7.02843)->(29,12,9.82843)->(29,11,12.0779)->(29,10,14.0779)->(29,9,18.2458)->(28,9,22.3783)->(27,9,23.6962)->(26,9,24.4282)->(25,9,25.1603)->(24,9,26.4781)->(23,9,5012.95)->
Agent 5:(4,5,4.1642)->(5,5,7.74261)->(6,5,9.06045)->(7,5,9.74261)->(8,5,10.3105)->(9,5,10.8284)->(10,5,11.3463)->(11,5,11.9142)->(12,5,12.5963)->(13,5,13.9142)->(14,5,16.1284)->(14,4,18.3426)->(14,3,19.7568)->(14,2,21.171)->(14,1,26.5068)->(14,2,32.4284)->(14,3,5016.21)->
Agent 6:(21,1,4.02792)->(21,2,7.47005)->(21,3,8.78788)->(21,4,9.47005)->(21,5,10.0379)->(21,6,10.5738)->(21,7,11.1416)->(21,8,11.8238)->(21,9,13.1416)->(21,10,21.6101)->(22,10,30.0785)->(23,10,31.4124)->(24,10,32.2408)->(25,10,33.5747)->(26,10,5016.49)->
Agent 7:(24,11,1.8)->(25,11,3.01421)->(26,11,4.33205)->(27,11,5.0641)->(28,11,5.79615)->(29,11,7.11399)->(30,11,9.3282)->(30,10,12.1282)->(30,9,19.8105)->(31,9,5012.33)->
Agent 8:(19,8,3.76026)->(19,7,6.93474)->(19,6,8.26859)->(19,5,9.09702)->(19,4,10.4309)->(19,3,12.6451)->(20,3,14.8593)->(21,3,16.1771)->(22,3,16.9092)->(23,3,17.6412)->(24,3,18.9591)->(25,3,5009.19)->
Agent 9:(20,5,1.3)->(20,6,2.04949)->(20,7,4.04949)->(20,8,6.50975)->(19,8,9.52053)->(18,8,17.706)->(18,9,25.3057)->(18,10,26.6235)->(18,11,27.3057)->(18,12,27.8735)->(18,13,28.3915)->(18,14,28.8915)->(18,15,29.3915)->(18,16,29.8915)->(18,17,30.4094)->(18,18,30.9773)->(18,19,31.6594)->(18,20,32.9773)->(18,21,5016.2)->
Agent 10:(31,25,8.06421)->(31,24,15.5426)->(31,23,16.8605)->(31,22,17.5426)->(31,21,18.1105)->(31,20,18.6284)->(31,19,19.1284)->(31,18,19.6284)->(31,17,20.1284)->(31,16,20.6284)->(31,15,21.1284)->(31,14,21.6284)->(31,13,22.1284)->(31,12,22.6284)->(31,11,23.1284)->(31,10,23.6284)->(31,9,24.1464)->(31,8,24.7142)->(31,7,25.3964)->(31,6,26.7142)->(31,5,33.9907)->(30,5,41.2672)->(29,5,42.585)->(28,5,43.2672)->(27,5,43.835)->(26,5,44.353)->(25,5,44.853)->(24,5,45.353)->(23,5,45.853)->(22,5,46.353)->(21,5,46.853)->(20,5,47.353)->(19,5,47.853)->(18,5,48.353)->(17,5,48.853)->(16,5,49.353)->(15,5,49.853)->(14,5,50.353)->(13,5,50.853)->(12,5,51.353)->(11,5,51.853)->(10,5,52.353)->(9,5,52.8709)->(8,5,53.4387)->(7,5,54.1209)->(6,5,55.4387)->(5,5,5027.43)->
Agent 11:(21,25,1.8)->(22,25,3.01421)->(23,25,4.33205)->(24,25,5.02382)->(25,25,5.65949)->(26,25,6.35126)->(27,25,7.6691)->(28,25,9.88331)->(28,26,12.0975)->(28,27,13.4154)->(28,28,14.1474)->(28,29,14.8795)->(28,30,16.1973)->(28,31,5007.81)->
Agent 12:(29,29,7.79626)->(29,28,15.0067)->(29,27,16.3246)->(29,26,17.0067)->(29,25,17.5746)->(29,24,18.0925)->(29,23,18.5925)->(29,22,19.0925)->(29,21,19.5925)->(29,20,20.0925)->(29,19,20.5925)->(29,18,21.0925)->(29,17,21.5925)->(29,16,22.0925)->(29,15,22.5925)->(29,14,23.0925)->(29,13,23.5925)->(29,12,24.0925)->(29,11,24.6105)->(29,10,25.1783)->(29,9,25.8605)->(29,8,27.1783)->(29,7,31.9599)->(28,7,36.7414)->(27,7,38.0592)->(26,7,38.7414)->(25,7,39.3092)->(24,7,39.8272)->(23,7,40.3272)->(22,7,40.8272)->(21,7,41.3451)->(20,7,41.913)->(19,7,42.5951)->(18,7,43.913)->(17,7,5021.66)->
Agent 13:(5,18,1.3)->(5,19,2.01421)->(5,20,3.33205)->(5,21,4.01421)->(5,22,4.6)->(5,23,5.18579)->(5,24,5.86795)->(5,25,7.18579)->(5,26,19.0142)->(6,26,30.8426)->(7,26,32.1605)->(8,26,32.8426)->(9,26,33.4105)->(10,26,33.9284)->(11,26,34.4284)->(12,26,34.9284)->(13,26,35.4284)->(14,26,35.9284)->(15,26,36.4284)->(16,26,36.9284)->(17,26,37.4284)->(18,26,37.9284)->(19,26,38.4284)->(20,26,38.9284)->(21,26,39.4284)->(22,26,39.9284)->(23,26,40.4463)->(24,26,41.0142)->(25,26,41.6963)->(26,26,43.0142)->(27,26,5021.21)->
Agent 14:(27,22,2.21421)->(28,22,4.81421)->(28,21,7.44264)->(28,20,8.76048)->(28,19,9.44264)->(28,18,10.0105)->(28,17,10.5284)->(28,16,11.0284)->(28,15,11.5284)->(28,14,12.0284)->(28,13,12.5284)->(28,12,13.0464)->(28,11,13.6142)->(28,10,14.2964)->(28,9,15.6142)->(28,8,19.6784)->(27,8,24.3284)->(26,8,5012.16)->
Agent 15:(6,9,1.3)->(6,10,2.04949)->(6,11,4.04949)->(6,12,6.29898)->(7,12,9.09898)->(8,12,15.5137)->(7,12,21.9284)->(6,12,29.0284)->(6,13,36.1284)->(6,14,5018.06)->
Agent 16:(30,27,4.06048)->(30,26,7.53517)->(30,25,8.85301)->(30,24,9.53517)->(30,23,10.103)->(30,22,10.621)->(30,21,11.121)->(30,20,11.621)->(30,19,12.121)->(30,18,12.621)->(30,17,13.121)->(30,16,13.621)->(30,15,14.121)->(30,14,14.6389)->(30,13,15.2067)->(30,12,15.8889)->(30,11,17.2067)->(30,10,19.6463)->(29,10,22.0858)->(28,10,23.4036)->(27,10,24.1357)->(26,10,24.8677)->(25,10,26.1856)->(24,10,28.5463)->(24,9,30.907)->(24,8,32.2248)->(24,7,32.9166)->(24,6,33.5522)->(24,5,34.244)->(24,4,35.5619)->(24,3,38.1903)->(23,3,41.7903)->(23,2,45.0045)->(23,1,5022.5)->
Agent 17:(18,1,1.8)->(17,1,3.01421)->(16,1,4.33205)->(15,1,5.01421)->(14,1,5.58205)->(13,1,6.1)->(12,1,6.61795)->(11,1,7.18579)->(10,1,7.86795)->(9,1,9.18579)->(8,1,11.4)->(8,2,13.6142)->(8,3,14.9321)->(8,4,15.6641)->(8,5,16.3962)->(8,6,17.714)->(8,7,20.3424)->(9,7,27.4283)->(8,7,34.1284)->(7,7,5017.06)->
Agent 18:(23,2,2.09636)->(22,2,3.60694)->(21,2,4.92478)->(20,2,5.60694)->(19,2,6.17478)->(18,2,6.69273)->(17,2,7.19273)->(16,2,7.69273)->(15,2,8.19273)->(14,2,8.69273)->(13,2,9.19273)->(12,2,9.69273)->(11,2,10.1927)->(10,2,10.6927)->(9,2,11.1927)->(8,2,11.6927)->(7,2,12.1927)->(6,2,12.7107)->(5,2,13.2785)->(4,2,13.9607)->(3,2,15.2785)->(2,2,17.4927)->(2,3,19.7069)->(2,4,21.0248)->(2,5,21.7069)->(2,6,22.2748)->(2,7,22.7927)->(2,8,23.2927)->(2,9,23.7927)->(2,10,24.2927)->(2,11,24.7927)->(2,12,25.2927)->(2,13,25.7927)->(2,14,26.2927)->(2,15,26.7927)->(2,16,27.2927)->(2,17,27.7927)->(2,18,28.2927)->(2,19,28.7927)->(2,20,29.3107)->(2,21,29.8785)->(2,22,30.5607)->(2,23,31.8785)->(2,24,34.0927)->(3,24,36.8927)->(4,24,39.6927)->(4,25,42.4927)->(4,26,5021.25)->
Agent 19:(17,22,2.2)->(17,21,4.4)->(17,20,7.74949)->(18,20,11.099)->(19,20,18.6353)->(19,19,25.5858)->(19,18,26.9036)->(19,17,27.5858)->(19,16,28.1536)->(19,15,28.6716)->(19,14,29.1716)->(19,13,29.6716)->(19,12,30.1716)->(19,11,30.6716)->(19,10,31.1716)->(19,9,31.6716)->(19,8,32.1716)->(19,7,32.6716)->(19,6,33.1716)->(19,5,33.6716)->(19,4,34.1895)->(19,3,34.7574)->(19,2,35.4395)->(19,1,36.7574)->(19,0,38.9716)->(20,0,41.1858)->(21,0,42.5196)->(22,0,43.3481)->(23,0,44.6819)->(24,0,5022.05)->
Agent 20:(2,24,2.21421)->(1,24,5.22843)->(1,25,9.9248)->(1,24,13.2354)->(1,23,14.5532)->(1,22,15.2354)->(1,21,15.8212)->(1,20,16.407)->(1,19,17.0891)->(1,18,18.407)->(1,17,25.7606)->(1,18,33.7)->(1,19,5016.85)->
Agent 21:(10,13,2.2)->(10,12,3.84949)->(10,11,5.84949)->(10,10,8.09898)->(11,10,10.3132)->(12,10,11.631)->(13,10,12.3631)->(14,10,13.0951)->(15,10,14.413)->(16,10,16.6272)->(16,9,18.8414)->(16,8,20.1592)->(16,7,20.8414)->(16,6,21.4092)->(16,5,21.9451)->(16,4,22.513)->(16,3,23.1951)->(16,2,24.513)->(16,1,36.0616)->(16,2,47.6103)->(16,3,49.0245)->(16,4,50.4387)->(16,5,5024.93)->
Agent 22:(15,7,4.95)->(16,7,9.31421)->(17,7,10.6321)->(18,7,11.3142)->(19,7,11.8821)->(20,7,12.4)->(21,7,12.9)->(22,7,13.4)->(23,7,13.9179)->(24,7,14.4858)->(25,7,15.1679)->(26,7,16.4858)->(27,7,18.7)->(27,8,20.9142)->(27,9,22.2321)->(27,10,22.9142)->(27,11,23.5)->(27,12,24.0858)->(27,13,24.7679)->(27,14,26.0858)->(27,15,5012.75)->
Agent 23:(13,21,1.71421)->(13,22,6.32832)->(14,22,11.4708)->(15,22,12.7887)->(16,22,13.4708)->(17,22,14.0387)->(18,22,14.5566)->(19,22,15.0566)->(20,22,15.5566)->(21,22,16.0566)->(22,22,16.5566)->(23,22,17.0566)->(24,22,17.5566)->(25,22,18.0566)->(26,22,18.5566)->(27,22,19.0746)->(28,22,19.6424)->(29,22,20.3246)->(30,22,21.6424)->(31,22,5010.53)->
Agent 24:(25,17,2.2)->(25,16,3.81421)->(25,15,5.13205)->(25,14,5.81421)->(25,13,6.38205)->(25,12,6.9)->(25,11,7.4)->(25,10,7.9)->(25,9,8.4)->(25,8,8.91795)->(25,7,9.48579)->(25,6,10.1679)->(25,5,11.4858)->(25,4,13.7)->(24,4,15.9142)->(23,4,17.2321)->(22,4,17.9142)->(21,4,18.4821)->(20,4,19)->(19,4,19.5)->(18,4,20)->(17,4,20.5)->(16,4,21)->(15,4,21.5)->(14,4,22)->(13,4,22.5)->(12,4,23)->(11,4,23.5179)->(10,4,24.0858)->(9,4,24.7679)->(8,4,26.0858)->(7,4,28.3)->(7,3,31.1)->(7,2,34.9464)->(7,3,5017.98)->
Agent 25:(16,6,3.53579)->(16,7,6.48579)->(16,8,7.80362)->(16,9,8.53567)->(16,10,9.26773)->(16,11,10.5856)->(16,12,13.9641)->(15,12,17.3426)->(14,12,18.6605)->(13,12,19.3426)->(12,12,19.9284)->(11,12,20.5142)->(10,12,21.1963)->(9,12,22.5142)->(8,12,5010.96)->
Agent 26:(6,27,3.45)->(6,26,6.31421)->(6,25,7.63205)->(6,24,8.31421)->(6,23,8.88205)->(6,22,9.4)->(6,21,9.91795)->(6,20,10.4858)->(6,19,11.1679)->(6,18,12.4858)->(6,17,14.7)->(5,17,17.5)->(4,17,5008.75)->
Agent 27:(8,19,1.8)->(9,19,3.04949)->(10,19,5.04949)->(11,19,7.29898)->(11,20,9.51319)->(11,21,10.831)->(11,22,11.5132)->(11,23,12.099)->(11,24,12.6848)->(11,25,13.3669)->(11,26,14.6848)->(11,27,5007.05)->
Agent 28:(15,31,7.23205)->(15,30,13.8783)->(15,29,15.1962)->(15,28,15.8783)->(15,27,16.4462)->(15,26,16.9641)->(15,25,17.4641)->(15,24,17.9641)->(15,23,18.4641)->(15,22,18.9641)->(15,21,19.4641)->(15,20,19.9641)->(15,19,20.4821)->(15,18,21.0499)->(15,17,21.7321)->(15,16,23.0499)->(15,15,25.6783)->(14,15,29.6925)->(14,16,5015.25)->
Agent 29:(24,13,1.8)->(25,13,3.04949)->(26,13,5.04949)->(27,13,7.29898)->(27,14,10.099)->(27,15,16.226)->(26,15,5009.76)->
Agent 30:(9,24,3.2)->(9,23,5.81421)->(9,22,7.13205)->(9,21,7.81421)->(9,20,8.38205)->(9,19,8.91795)->(9,18,9.48579)->(9,17,10.1679)->(9,16,11.4858)->(9,15,13.7)->(10,15,15.9142)->(11,15,17.2321)->(12,15,17.9142)->(13,15,18.4821)->(14,15,19)->(15,15,19.5)->(16,15,20)->(17,15,20.5)->(18,15,21)->(19,15,21.5)->(20,15,22)->(21,15,22.5179)->(22,15,23.0858)->(23,15,23.7679)->(24,15,25.0858)->(25,15,5012.25)->
Agent 31:(12,5,1.3)->(12,6,2.6)->(12,7,6)->(13,7,8.81421)->(14,7,10.1321)->(15,7,10.8142)->(16,7,11.3821)->(17,7,11.9)->(18,7,12.4179)->(19,7,12.9858)->(20,7,13.6679)->(21,7,14.9858)->(22,7,19.4958)->(22,8,24.0057)->(22,9,25.3236)->(22,10,26.0057)->(22,11,26.5736)->(22,12,27.0915)->(22,13,27.5915)->(22,14,28.0915)->(22,15,28.5915)->(22,16,29.0915)->(22,17,29.5915)->(22,18,30.1095)->(22,19,30.6773)->(22,20,31.3595)->(22,21,32.6773)->(22,22,5016.05)->
Agent 32:(9,10,2.18205)->(10,10,3.77832)->(11,10,5.09615)->(12,10,5.77832)->(13,10,6.34615)->(14,10,6.8641)->(15,10,7.38205)->(16,10,7.94989)->(17,10,8.63205)->(18,10,9.94989)->(19,10,12.1641)->(19,11,14.3783)->(19,12,15.6962)->(19,13,16.4282)->(19,14,17.1603)->(19,15,18.4781)->(19,16,21.1065)->(20,16,5010.75)->
Agent 33:(30,5,1.8)->(29,5,3.6)->(28,5,6.81421)->(28,4,15.3623)->(28,5,22.9388)->(28,6,24.2566)->(28,7,24.9388)->(28,8,25.5066)->(28,9,26.0246)->(28,10,26.5246)->(28,11,27.0246)->(28,12,27.5246)->(28,13,28.0246)->(28,14,28.5246)->(28,15,29.0246)->(28,16,29.5246)->(28,17,30.0246)->(28,18,30.5246)->(28,19,31.0246)->(28,20,31.5246)->(28,21,32.0246)->(28,22,32.5246)->(28,23,33.0246)->(28,24,33.5425)->(28,25,34.1103)->(28,26,34.7925)->(28,27,36.1103)->(28,28,38.3246)->(29,28,40.574)->(30,28,42.574)->(31,28,5021.01)->
Agent 34:(14,27,4.74626)->(15,27,8.90674)->(16,27,10.2246)->(17,27,10.9067)->(18,27,11.4746)->(19,27,11.9925)->(20,27,12.4925)->(21,27,12.9925)->(22,27,13.4925)->(23,27,14.0105)->(24,27,14.5783)->(25,27,15.2605)->(26,27,16.5783)->(27,27,21.0821)->(27,26,25.5858)->(27,25,26.9036)->(27,24,27.5858)->(27,23,28.1536)->(27,22,28.6716)->(27,21,29.1895)->(27,20,29.7574)->(27,19,30.4395)->(27,18,31.7574)->(27,17,5015.59)->
Agent 35:(19,21,1.48216)->(19,22,2.37854)->(19,23,3.69638)->(19,24,4.37854)->(19,25,4.94638)->(19,26,5.48227)->(19,27,6.05011)->(19,28,6.73227)->(19,29,8.05011)->(19,30,10.6464)->(18,30,13.2426)->(17,30,14.5605)->(16,30,15.2426)->(15,30,15.8105)->(14,30,16.3284)->(13,30,16.8284)->(12,30,17.3284)->(11,30,17.8284)->(10,30,18.3464)->(9,30,18.9142)->(8,30,19.5964)->(7,30,20.9142)->(6,30,23.5426)->(6,29,27.9569)->(6,30,5014.58)->
Agent 36:(1,17,4.45)->(2,17,8.31421)->(3,17,9.63205)->(4,17,10.3142)->(5,17,10.8821)->(6,17,11.4)->(7,17,11.9179)->(8,17,12.4858)->(9,17,13.1679)->(10,17,14.4858)->(11,17,19.9643)->(11,16,25.4429)->(11,15,26.7607)->(11,14,27.4928)->(11,13,28.2248)->(11,12,29.5426)->(11,11,5014.48)->
Agent 37:(23,30,1.71421)->(23,31,4.21421)->(23,30,7.24264)->(23,29,8.56048)->(23,28,9.24264)->(23,27,9.81048)->(23,26,10.3284)->(23,25,10.8284)->(23,24,11.3284)->(23,23,11.8284)->(23,22,12.3284)->(23,21,12.8284)->(23,20,13.3284)->(23,19,13.8284)->(23,18,14.3284)->(23,17,14.8284)->(23,16,15.3284)->(23,15,15.8284)->(23,14,16.3284)->(23,13,16.8284)->(23,12,17.3284)->(23,11,17.8284)->(23,10,18.3284)->(23,9,18.8284)->(23,8,19.3284)->(23,7,19.8464)->(23,6,20.4142)->(23,5,21.0964)->(23,4,22.4142)->(23,3,24.6284)->(22,3,26.8426)->(21,3,28.1605)->(20,3,28.8426)->(19,3,29.4105)->(18,3,29.9284)->(17,3,30.4284)->(16,3,30.9284)->(15,3,31.4284)->(14,3,31.9284)->(13,3,32.4284)->(12,3,32.9284)->(11,3,33.4284)->(10,3,33.9284)->(9,3,34.4284)->(8,3,34.9284)->(7,3,35.4464)->(6,3,36.0142)->(5,3,36.6964)->(4,3,38.0142)->(3,3,40.6426)->(3,2,5020.51)->
Agent 38:(15,6,2.61421)->(15,5,5.61421)->(16,5,8.24264)->(17,5,9.56048)->(18,5,10.2426)->(19,5,10.8105)->(20,5,11.3464)->(21,5,11.9142)->(22,5,12.5964)->(23,5,13.9142)->(24,5,17.6642)->(24,6,21.4142)->(24,7,22.7321)->(24,8,23.4142)->(24,9,23.9821)->(24,10,24.5)->(24,11,25)->(24,12,25.5)->(24,13,26)->(24,14,26.5)->(24,15,27)->(24,16,27.5)->(24,17,28)->(24,18,28.5)->(24,19,29)->(24,20,29.5)->(24,21,30)->(24,22,30.5)->(24,23,31)->(24,24,31.5)->(24,25,32)->(24,26,32.5)->(24,27,33.0179)->(24,28,33.5858)->(24,29,34.2679)->(24,30,35.5858)->(24,31,37.8)->(25,31,40.6)->(26,31,5020.3)->
Agent 39:(2,9,4.8)->(3,9,9.01421)->(4,9,10.3321)->(5,9,11.0142)->(6,9,11.5821)->(7,9,12.1)->(8,9,12.6)->(9,9,13.1179)->(10,9,13.6858)->(11,9,14.3679)->(12,9,15.6858)->(13,9,19.6495)->(13,10,24.199)->(13,11,5012.1)->
Agent 40:(4,13,1.8)->(5,13,3.01421)->(6,13,4.33205)->(7,13,5.02382)->(8,13,5.65949)->(9,13,6.35126)->(10,13,7.6691)->(11,13,10.3596)->(11,12,13.0501)->(11,11,14.3679)->(11,10,15.1)->(11,9,15.8321)->(11,8,17.1499)->(11,7,19.3641)->(12,7,21.5783)->(13,7,22.8962)->(14,7,23.5783)->(15,7,24.1462)->(16,7,24.6641)->(17,7,25.1641)->(18,7,25.6641)->(19,7,26.1641)->(20,7,26.6641)->(21,7,27.1641)->(22,7,27.6641)->(23,7,28.1821)->(24,7,28.7499)->(25,7,29.4321)->(26,7,30.7499)->(27,7,32.9641)->(27,6,35.2136)->(27,5,37.2136)->(27,4,39.8773)->(26,4,5020.13)->
Agent 41:(14,6,1.3)->(14,7,2.01421)->(14,8,3.33205)->(14,9,4.01421)->(14,10,4.58205)->(14,11,5.1)->(14,12,5.6)->(14,13,6.11795)->(14,14,6.68579)->(14,15,7.36795)->(14,16,8.68579)->(14,17,10.9)->(15,17,13.1142)->(16,17,14.4321)->(17,17,15.1142)->(18,17,15.7)->(19,17,16.2858)->(20,17,16.9679)->(21,17,18.2858)->(22,17,20.5)->(22,18,22.7495)->(22,19,24.7495)->(22,20,27.4132)->(23,20,5013.9)->
Agent 42:(24,28,1.71421)->(24,29,6.35)->(24,28,11.5142)->(24,27,12.9284)->(24,26,14.3426)->(24,25,21.1073)->(23,25,5012.81)->
Agent 43:(8,23,2.2)->(8,22,3.81421)->(8,21,5.13205)->(8,20,5.81421)->(8,19,6.4)->(8,18,6.98579)->(8,17,7.66795)->(8,16,8.98579)->(8,15,11.4)->(7,15,13.8142)->(6,15,15.2284)->(5,15,16.6426)->(4,15,5008.03)->
Agent 44:(8,24,1.3)->(8,25,2.01421)->(8,26,3.34806)->(8,27,4.17649)->(8,28,5.51034)->(8,29,7.72456)->(7,29,9.93877)->(6,29,11.2566)->(5,29,11.9388)->(4,29,12.5246)->(3,29,13.1103)->(2,29,13.7925)->(1,29,15.1103)->(0,29,5007.26)->
Agent 45:(20,25,1.8)->(19,25,3.01421)->(18,25,4.33205)->(17,25,5.01421)->(16,25,5.58205)->(15,25,6.1)->(14,25,6.6)->(13,25,7.1)->(12,25,7.6)->(11,25,8.1)->(10,25,8.6)->(9,25,9.1)->(8,25,9.6)->(7,25,10.1179)->(6,25,10.6858)->(5,25,11.3679)->(4,25,12.6858)->(3,25,14.9)->(3,24,17.1142)->(3,23,18.4321)->(3,22,19.1142)->(3,21,19.6821)->(3,20,20.2)->(3,19,20.7)->(3,18,21.2)->(3,17,21.7)->(3,16,22.2)->(3,15,22.7)->(3,14,23.2)->(3,13,23.7179)->(3,12,24.2858)->(3,11,24.9679)->(3,10,26.2858)->(3,9,5012.85)->
Agent 46:(22,6,2.4142)->(21,6,4.24261)->(20,6,5.56045)->(19,6,6.24261)->(18,6,6.81045)->(17,6,7.3284)->(16,6,7.8284)->(15,6,8.3284)->(14,6,8.8284)->(13,6,9.3284)->(12,6,9.8284)->(11,6,10.3284)->(10,6,10.8463)->(9,6,11.4142)->(8,6,12.0963)->(7,6,13.4142)->(6,6,15.6284)->(6,7,17.8426)->(6,8,19.1605)->(6,9,19.8426)->(6,10,20.4105)->(6,11,20.9284)->(6,12,21.4284)->(6,13,21.9284)->(6,14,22.4284)->(6,15,22.9284)->(6,16,23.4284)->(6,17,23.9284)->(6,18,24.4284)->(6,19,24.9284)->(6,20,25.4284)->(6,21,25.9284)->(6,22,26.4284)->(6,23,26.9284)->(6,24,27.4463)->(6,25,28.0142)->(6,26,28.6963)->(6,27,30.0142)->(6,28,5014.71)->
Agent 47:(9,23,2.2)->(9,22,3.81421)->(9,21,5.13205)->(9,20,5.81421)->(9,19,6.38205)->(9,18,6.9)->(9,17,7.4)->(9,16,7.9)->(9,15,8.4)->(9,14,8.9)->(9,13,9.4)->(9,12,9.9)->(9,11,10.4)->(9,10,10.9179)->(9,9,11.4858)->(9,8,12.1679)->(9,7,13.4858)->(9,6,17.9284)->(10,6,22.3711)->(11,6,23.6889)->(12,6,24.3711)->(13,6,24.9389)->(14,6,25.4569)->(15,6,25.9569)->(16,6,26.4569)->(17,6,26.9569)->(18,6,27.4569)->(19,6,27.9569)->(20,6,28.4569)->(21,6,28.9748)->(22,6,29.5426)->(23,6,30.2248)->(24,6,31.5426)->(25,6,34.1711)->(25,5,39.4549)->(25,6,5020.76)->
Agent 48:(12,13,3.6642)->(12,12,6.74261)->(12,11,8.06045)->(12,10,8.74261)->(12,9,9.31045)->(12,8,9.8284)->(12,7,10.3284)->(12,6,10.8284)->(12,5,11.3463)->(12,4,11.9142)->(12,3,12.5963)->(12,2,13.9142)->(12,1,16.1284)->(13,1,18.3426)->(14,1,19.6605)->(15,1,20.3426)->(16,1,20.9105)->(17,1,21.4284)->(18,1,21.9284)->(19,1,22.4284)->(20,1,22.9463)->(21,1,23.5142)->(22,1,24.1963)->(23,1,25.5142)->(24,1,28.1426)->(24,2,5014.26)->
Agent 49:(31,18,5.64626)->(30,18,10.7067)->(29,18,12.0246)->(28,18,12.7067)->(27,18,13.2746)->(26,18,13.7925)->(25,18,14.3105)->(24,18,14.8783)->(23,18,15.5605)->(22,18,16.8783)->(21,18,22.1957)->(21,19,27.5132)->(21,20,28.831)->(21,21,29.5132)->(21,22,30.081)->(21,23,30.6169)->(21,24,31.1847)->(21,25,31.8669)->(21,26,33.1847)->(21,27,5016.3)->
Agent 50:(17,10,1.71421)->(17,11,4)->(16,11,6.81421)->(15,11,8.13205)->(14,11,8.81421)->(13,11,9.38205)->(12,11,9.9)->(11,11,10.4)->(10,11,10.9)->(9,11,11.4)->(8,11,11.9)->(7,11,12.4)->(6,11,12.9)->(5,11,13.4179)->(4,11,13.9858)->(3,11,14.6679)->(2,11,15.9858)->(1,11,5007.7)->
Agent 51:(21,2,2.09636)->(21,3,3.60694)->(21,4,4.92478)->(21,5,5.60694)->(21,6,6.17478)->(21,7,6.69273)->(21,8,7.19273)->(21,9,7.69273)->(21,10,8.19273)->(21,11,8.69273)->(21,12,9.19273)->(21,13,9.69273)->(21,14,10.1927)->(21,15,10.6927)->(21,16,11.1927)->(21,17,11.6927)->(21,18,12.1927)->(21,19,12.6927)->(21,20,13.1927)->(21,21,13.7107)->(21,22,14.2785)->(21,23,14.9607)->(21,24,16.2785)->(21,25,18.6463)->(20,25,21.0142)->(19,25,22.332)->(18,25,23.0142)->(17,25,23.582)->(16,25,24.1)->(15,25,24.6)->(14,25,25.1)->(13,25,25.6)->(12,25,26.1)->(11,25,26.6)->(10,25,27.1)->(9,25,27.6)->(8,25,28.1)->(7,25,28.6)->(6,25,29.1179)->(5,25,29.6858)->(4,25,30.3679)->(3,25,31.6858)->(2,25,5015.55)->
Agent 52:(14,31,6.51421)->(14,30,12.4426)->(14,29,13.7605)->(14,28,14.4426)->(14,27,15.0105)->(14,26,15.5284)->(14,25,16.0464)->(14,24,16.6142)->(14,23,17.2964)->(14,22,18.6142)->(14,21,20.8284)->(15,21,23.0779)->(16,21,25.0779)->(17,21,5012.26)->
Agent 53:(21,6,1.3)->(21,7,2.01421)->(21,8,3.33205)->(21,9,4.01421)->(21,10,4.58205)->(21,11,5.1)->(21,12,5.6)->(21,13,6.1)->(21,14,6.6)->(21,15,7.1)->(21,16,7.6)->(21,17,8.1)->(21,18,8.6)->(21,19,9.1)->(21,20,9.6)->(21,21,10.1)->(21,22,10.6179)->(21,23,11.1858)->(21,24,11.8679)->(21,25,13.1858)->(21,26,18.1)->(21,25,23.0495)->(21,24,25.0495)->(21,23,27.299)->(20,23,29.5132)->(19,23,30.831)->(18,23,31.5132)->(17,23,32.081)->(16,23,32.599)->(15,23,33.1169)->(14,23,33.6847)->(13,23,34.3669)->(12,23,35.6847)->(11,23,5017.55)->
Agent 54:(22,29,2.2)->(22,28,3.81421)->(22,27,5.13205)->(22,26,5.81421)->(22,25,6.38205)->(22,24,6.9)->(22,23,7.4)->(22,22,7.9)->(22,21,8.4)->(22,20,8.9)->(22,19,9.4)->(22,18,9.9)->(22,17,10.4)->(22,16,10.9)->(22,15,11.4179)->(22,14,11.9858)->(22,13,12.6679)->(22,12,13.9858)->(22,11,16.2995)->(21,11,18.6132)->(20,11,19.931)->(19,11,20.6132)->(18,11,21.181)->(17,11,21.699)->(16,11,22.199)->(15,11,22.699)->(14,11,23.199)->(13,11,23.699)->(12,11,24.199)->(11,11,24.699)->(10,11,25.2169)->(9,11,25.7848)->(8,11,26.4669)->(7,11,27.7848)->(6,11,5013.6)->
Agent 55:(25,24,5.91421)->(24,24,11.8284)->(23,24,17.2288)->(23,23,22.0787)->(23,22,24.0787)->(23,21,5011.76)->
Agent 56:(14,5,6.25)->(14,6,11.9142)->(14,7,13.2321)->(14,8,13.9142)->(14,9,14.4821)->(14,10,15)->(14,11,15.5)->(14,12,16)->(14,13,16.5)->(14,14,17)->(14,15,17.5)->(14,16,18.0179)->(14,17,18.5858)->(14,18,19.2679)->(14,19,20.5858)->(14,20,23.2142)->(15,20,5011.8)->
Agent 57:(0,11,1.8)->(1,11,3.6)->(2,11,7.64213)->(2,12,11.0985)->(2,13,12.4163)->(2,14,13.0985)->(2,15,13.6663)->(2,16,14.1843)->(2,17,14.6843)->(2,18,15.1843)->(2,19,15.6843)->(2,20,16.1843)->(2,21,16.6843)->(2,22,17.1843)->(2,23,17.6843)->(2,24,18.1843)->(2,25,18.7022)->(2,26,19.27)->(2,27,19.9522)->(2,28,21.27)->(2,29,5010.34)->
Agent 58:(5,22,1.8)->(4,22,3.01421)->(3,22,4.42843)->(2,22,5.84264)->(1,22,8.47107)->(1,21,12.0711)->(2,21,14.7348)->(3,21,16.7348)->(4,21,23.3243)->(3,21,30.4643)->(2,21,5015.23)->
Agent 59:(20,15,4.38216)->(20,14,8.76433)->(20,13,11.9785)->(21,13,16.3928)->(20,13,5008.8)->
Agent 60:(15,22,2.2)->(15,21,3.81421)->(15,20,5.13205)->(15,19,5.81421)->(15,18,6.38205)->(15,17,6.9)->(15,16,7.4)->(15,15,7.9)->(15,14,8.4)->(15,13,8.9)->(15,12,9.4)->(15,11,9.9)->(15,10,10.4179)->(15,9,10.9858)->(15,8,11.6679)->(15,7,12.9858)->(15,6,15.7322)->(16,6,18.4785)->(17,6,19.7964)->(18,6,20.4785)->(19,6,21.0643)->(20,6,21.6501)->(21,6,22.3323)->(22,6,23.6501)->(23,6,26.2785)->(23,5,34.0944)->(23,6,5019.35)->
Agent 61:(26,22,2.21421)->(25,22,4.81421)->(25,21,7.44264)->(25,20,8.76048)->(25,19,9.44264)->(25,18,10.0105)->(25,17,10.5284)->(25,16,11.0284)->(25,15,11.5284)->(25,14,12.0284)->(25,13,12.5284)->(25,12,13.0464)->(25,11,13.6142)->(25,10,14.2964)->(25,9,15.6142)->(25,8,17.8284)->(24,8,20.6284)->(23,8,5010.31)->
Agent 62:(25,20,3.05)->(25,19,5.51421)->(25,18,6.83205)->(25,17,7.51421)->(25,16,8.08205)->(25,15,8.6)->(25,14,9.1)->(25,13,9.6)->(25,12,10.1)->(25,11,10.6)->(25,10,11.1)->(25,9,11.6179)->(25,8,12.1858)->(25,7,12.8679)->(25,6,14.1858)->(25,5,16.4)->(26,5,18.6142)->(27,5,19.9481)->(28,5,20.7765)->(29,5,22.1103)->(30,5,24.7388)->(30,6,28.753)->(31,6,5014.78)->
Agent 63:(27,21,2.21421)->(26,21,4.81421)->(26,20,7.44264)->(26,19,8.76048)->(26,18,9.44264)->(26,17,10.0105)->(26,16,10.5464)->(26,15,11.1142)->(26,14,11.7964)->(26,13,13.1142)->(26,12,15.3284)->(25,12,17.5426)->(24,12,18.8605)->(23,12,19.5426)->(22,12,20.1105)->(21,12,20.6284)->(20,12,21.1284)->(19,12,21.6284)->(18,12,22.1284)->(17,12,22.6284)->(16,12,23.1284)->(15,12,23.6284)->(14,12,24.1464)->(13,12,24.7142)->(12,12,25.3964)->(11,12,26.7142)->(10,12,5013.06)->
Agent 64:(22,12,2.2)->(22,11,3.84949)->(22,10,5.84949)->(22,9,8.09898)->(21,9,10.3132)->(20,9,11.647)->(19,9,12.4755)->(18,9,13.8093)->(17,9,16.4701)->(17,10,19.1309)->(17,11,20.4487)->(17,12,21.1405)->(17,13,21.7762)->(17,14,22.4679)->(17,15,23.7858)->(17,16,26.4142)->(16,16,5013.4)->
Agent 65:(31,2,1.3)->(31,3,2.01421)->(31,4,3.33205)->(31,5,4.01421)->(31,6,4.58205)->(31,7,5.1)->(31,8,5.6)->(31,9,6.1)->(31,10,6.61795)->(31,11,7.18579)->(31,12,7.86795)->(31,13,9.18579)->(31,14,14.8642)->(30,14,20.5426)->(29,14,21.8605)->(28,14,22.5426)->(27,14,23.1105)->(26,14,23.6284)->(25,14,24.1284)->(24,14,24.6284)->(23,14,25.1284)->(22,14,25.6284)->(21,14,26.1284)->(20,14,26.6284)->(19,14,27.1284)->(18,14,27.6284)->(17,14,28.1284)->(16,14,28.6284)->(15,14,29.1284)->(14,14,29.6284)->(13,14,30.1284)->(12,14,30.6284)->(11,14,31.1284)->(10,14,31.6284)->(9,14,32.1464)->(8,14,32.7142)->(7,14,33.3964)->(6,14,34.7142)->(5,14,5017.06)->
Agent 66:(21,31,2.21421)->(20,31,4.81421)->(20,30,7.44264)->(20,29,8.76048)->(20,28,9.44264)->(20,27,10.0105)->(20,26,10.5284)->(20,25,11.0284)->(20,24,11.5284)->(20,23,12.0284)->(20,22,12.5284)->(20,21,13.0284)->(20,20,13.5284)->(20,19,14.0284)->(20,18,14.5284)->(20,17,15.0284)->(20,16,15.5284)->(20,15,16.0284)->(20,14,16.5284)->(20,13,17.0284)->(20,12,17.5284)->(20,11,18.0284)->(20,10,18.5284)->(20,9,19.0284)->(20,8,19.5284)->(20,7,20.0284)->(20,6,20.5464)->(20,5,21.1142)->(20,4,21.7964)->(20,3,23.1142)->(20,2,5011.26)->
Agent 67:(24,4,1.3)->(24,5,2.01421)->(24,6,3.33205)->(24,7,4.01421)->(24,8,4.58205)->(24,9,5.1)->(24,10,5.6)->(24,11,6.1)->(24,12,6.6)->(24,13,7.1)->(24,14,7.6)->(24,15,8.1)->(24,16,8.6)->(24,17,9.1)->(24,18,9.6)->(24,19,10.1179)->(24,20,10.6858)->(24,21,11.3679)->(24,22,12.6858)->(24,23,15.4)->(25,23,18.1142)->(26,23,19.4321)->(27,23,20.1238)->(28,23,20.7595)->(29,23,21.4513)->(30,23,22.7691)->(31,23,5011.09)->
Agent 68:(3,5,1.3)->(3,6,2.01421)->(3,7,3.33205)->(3,8,4.01421)->(3,9,4.58205)->(3,10,5.1)->(3,11,5.6)->(3,12,6.11795)->(3,13,6.68579)->(3,14,7.36795)->(3,15,8.68579)->(3,16,10.9)->(4,16,13.1142)->(5,16,14.4321)->(6,16,15.1142)->(7,16,15.6821)->(8,16,16.2)->(9,16,16.7)->(10,16,17.2)->(11,16,17.7)->(12,16,18.2)->(13,16,18.7)->(14,16,19.2179)->(15,16,19.7858)->(16,16,20.4679)->(17,16,21.7858)->(18,16,25.0637)->(18,17,28.3416)->(18,18,29.6594)->(18,19,30.3416)->(18,20,30.9274)->(18,21,31.5132)->(18,22,32.1953)->(18,23,33.5132)->(18,24,35.7274)->(19,24,37.9416)->(20,24,39.2594)->(21,24,39.9416)->(22,24,40.5094)->(23,24,41.0274)->(24,24,41.5274)->(25,24,42.0274)->(26,24,42.5453)->(27,24,43.1132)->(28,24,43.7953)->(29,24,45.1132)->(30,24,5022.26)->
Agent 69:(21,23,3.96795)->(20,23,7.35011)->(19,23,8.66795)->(18,23,9.35011)->(17,23,9.9359)->(16,23,10.5217)->(15,23,11.2038)->(14,23,12.5217)->(13,23,15.7685)->(13,22,19.0505)->(13,21,21.0505)->(13,20,5010.25)->
Agent 70:(29,13,1.71421)->(29,14,6.61421)->(29,13,12.6284)->(29,12,16.0389)->(30,12,22.021)->(29,12,5012.3)->
Agent 71:(27,31,2.61421)->(27,30,10.1642)->(26,30,17.3426)->(25,30,18.6605)->(24,30,19.3426)->(23,30,19.9105)->(22,30,20.4284)->(21,30,20.9284)->(20,30,21.4284)->(19,30,21.9284)->(18,30,22.4284)->(17,30,22.9284)->(16,30,23.4284)->(15,30,23.9284)->(14,30,24.4284)->(13,30,24.9284)->(12,30,25.4284)->(11,30,25.9284)->(10,30,26.4284)->(9,30,26.9284)->(8,30,27.4284)->(7,30,27.9284)->(6,30,28.4284)->(5,30,28.9463)->(4,30,29.5142)->(3,30,30.1963)->(2,30,31.5142)->(1,30,5015.46)->
Agent 72:(3,14,1.8)->(2,14,3.04949)->(1,14,5.04949)->(0,14,7.29898)->(0,15,9.51319)->(0,16,10.831)->(0,17,11.5132)->(0,18,12.081)->(0,19,12.6169)->(0,20,13.1848)->(0,21,13.8669)->(0,22,15.1848)->(0,23,5007.3)->
Agent 73:(17,5,2.45)->(17,6,4.31421)->(17,7,5.63205)->(17,8,6.31421)->(17,9,6.88205)->(17,10,7.4)->(17,11,7.9)->(17,12,8.4)->(17,13,8.9)->(17,14,9.4)->(17,15,9.9)->(17,16,10.4179)->(17,17,10.9858)->(17,18,11.6679)->(17,19,12.9858)->(17,20,15.2)->(16,20,17.4142)->(15,20,18.7321)->(14,20,19.4142)->(13,20,19.9821)->(12,20,20.5)->(11,20,21)->(10,20,21.5)->(9,20,22)->(8,20,22.5)->(7,20,23.0179)->(6,20,23.5858)->(5,20,24.2679)->(4,20,25.5858)->(3,20,5012.5)->
Agent 74:(18,15,1.3)->(18,16,2.04949)->(18,17,4.04949)->(18,18,6.29898)->(17,18,8.51319)->(16,18,9.83103)->(15,18,10.5132)->(14,18,11.099)->(13,18,11.6848)->(12,18,12.3669)->(11,18,13.6848)->(10,18,16.3132)->(10,17,21.3778)->(10,18,5011.61)->
Agent 75:(3,0,1.3)->(3,1,2.01421)->(3,2,3.33205)->(3,3,4.01421)->(3,4,4.58205)->(3,5,5.1)->(3,6,5.6)->(3,7,6.1)->(3,8,6.6)->(3,9,7.1)->(3,10,7.61795)->(3,11,8.18579)->(3,12,8.86795)->(3,13,10.1858)->(3,14,12.4)->(4,14,14.6142)->(5,14,15.9321)->(6,14,16.6142)->(7,14,17.1821)->(8,14,17.7)->(9,14,18.2)->(10,14,18.7)->(11,14,19.2)->(12,14,19.7179)->(13,14,20.2858)->(14,14,20.9679)->(15,14,22.2858)->(16,14,24.9142)->(16,15,5012.65)->
Agent 76:(16,28,1.8)->(17,28,3.01421)->(18,28,4.33205)->(19,28,5.01421)->(20,28,5.58205)->(21,28,6.11795)->(22,28,6.68579)->(23,28,7.36795)->(24,28,8.68579)->(25,28,10.9)->(25,27,13.1142)->(25,26,14.4321)->(25,25,15.1142)->(25,24,15.6821)->(25,23,16.2)->(25,22,16.7)->(25,21,17.2)->(25,20,17.7)->(25,19,18.2)->(25,18,18.7)->(25,17,19.2)->(25,16,19.7)->(25,15,20.2)->(25,14,20.7)->(25,13,21.2)->(25,12,21.7)->(25,11,22.2)->(25,10,22.7)->(25,9,23.2)->(25,8,23.7179)->(25,7,24.2858)->(25,6,24.9679)->(25,5,26.2858)->(25,4,5012.85)->
Agent 77:(28,25,2.61421)->(28,24,12.9495)->(27,24,22.9132)->(26,24,24.231)->(25,24,24.9132)->(24,24,25.481)->(23,24,25.999)->(22,24,26.499)->(21,24,26.999)->(20,24,27.499)->(19,24,27.999)->(18,24,28.499)->(17,24,28.999)->(16,24,29.499)->(15,24,29.999)->(14,24,30.5169)->(13,24,31.0847)->(12,24,31.7669)->(11,24,33.0847)->(10,24,5016.25)->
Agent 78:(4,9,3.43215)->(4,8,6.27851)->(4,7,7.59635)->(4,6,8.27851)->(4,5,8.8643)->(4,4,9.45008)->(4,3,10.1322)->(4,2,11.4501)->(4,1,13.6643)->(3,1,15.8785)->(2,1,17.2927)->(1,1,18.7069)->(0,1,5009.06)->
Agent 79:(13,0,1.3)->(13,1,2.01421)->(13,2,3.33205)->(13,3,4.01421)->(13,4,4.58205)->(13,5,5.1)->(13,6,5.6)->(13,7,6.1)->(13,8,6.6)->(13,9,7.1)->(13,10,7.6)->(13,11,8.1)->(13,12,8.6)->(13,13,9.11795)->(13,14,9.68579)->(13,15,10.3679)->(13,16,11.6858)->(13,17,17.3)->(14,17,22.9142)->(15,17,24.2321)->(16,17,24.9142)->(17,17,25.4821)->(18,17,26)->(19,17,26.5)->(20,17,27)->(21,17,27.5)->(22,17,28)->(23,17,28.5)->(24,17,29)->(25,17,29.5)->(26,17,30.0179)->(27,17,30.5858)->(28,17,31.2679)->(29,17,32.5858)->(30,17,34.8)->(30,18,37.6)->(30,19,5018.8)->
Agent 80:(5,23,1.3)->(5,24,2.01421)->(5,25,3.33205)->(5,26,4.01421)->(5,27,4.6)->(5,28,5.18579)->(5,29,5.86795)->(5,30,7.18579)->(5,31,9.4)->(6,31,11.6142)->(7,31,12.9481)->(8,31,13.7765)->(9,31,15.1103)->(10,31,5007.26)->
Agent 81:(19,3,4.92254)->(18,3,9.2593)->(17,3,10.5771)->(16,3,11.2689)->(15,3,11.9046)->(14,3,12.5963)->(13,3,13.9142)->(12,3,16.1284)->(12,2,18.9284)->(12,1,5009.46)->
Agent 82:(15,12,1.8)->(16,12,3.01421)->(17,12,4.33205)->(18,12,5.01421)->(19,12,5.58205)->(20,12,6.1)->(21,12,6.6)->(22,12,7.1)->(23,12,7.61795)->(24,12,8.18579)->(25,12,8.86795)->(26,12,10.1858)->(27,12,12.8142)->(27,13,18.2765)->(26,13,5010.26)->
Agent 83:(3,16,1.3)->(3,17,2.01421)->(3,18,3.33205)->(3,19,4.0641)->(3,20,4.79615)->(3,21,6.11399)->(3,22,8.3282)->(4,22,10.5424)->(5,22,11.8603)->(6,22,12.5424)->(7,22,13.1103)->(8,22,13.6282)->(9,22,14.1282)->(10,22,14.6282)->(11,22,15.1282)->(12,22,15.6282)->(13,22,16.1282)->(14,22,16.6282)->(15,22,17.1282)->(16,22,17.6282)->(17,22,18.1282)->(18,22,18.6282)->(19,22,19.1282)->(20,22,19.6282)->(21,22,20.1282)->(22,22,20.6282)->(23,22,21.1282)->(24,22,21.6282)->(25,22,22.1282)->(26,22,22.6462)->(27,22,23.214)->(28,22,23.8962)->(29,22,25.214)->(30,22,5012.31)->
Agent 84:(7,30,2.2)->(7,29,3.81421)->(7,28,5.13205)->(7,27,5.81421)->(7,26,6.38205)->(7,25,6.9)->(7,24,7.4)->(7,23,7.9)->(7,22,8.4)->(7,21,8.9)->(7,20,9.4)->(7,19,9.9)->(7,18,10.4)->(7,17,10.9)->(7,16,11.4)->(7,15,11.9)->(7,14,12.4)->(7,13,12.9)->(7,12,13.4)->(7,11,13.9)->(7,10,14.4)->(7,9,14.9)->(7,8,15.4)->(7,7,15.9)->(7,6,16.4179)->(7,5,16.9858)->(7,4,17.6679)->(7,3,18.9858)->(7,2,21.2)->(8,2,23.4142)->(9,2,24.7321)->(10,2,25.4142)->(11,2,25.9821)->(12,2,26.5)->(13,2,27)->(14,2,27.5179)->(15,2,28.0858)->(16,2,28.7679)->(17,2,30.0858)->(18,2,32.7142)->(18,3,5016.55)->
Agent 85:(30,16,1.3)->(30,17,2.01421)->(30,18,3.34806)->(30,19,4.17649)->(30,20,5.51034)->(30,21,7.72456)->(29,21,10.5246)->(28,21,18.5764)->(28,22,26.0424)->(28,23,27.3603)->(28,24,28.0424)->(28,25,28.6282)->(28,26,29.214)->(28,27,29.8962)->(28,28,31.214)->(28,29,5015.31)->
Agent 86:(17,31,2.2)->(17,30,3.81421)->(17,29,5.13205)->(17,28,5.81421)->(17,27,6.38205)->(17,26,6.9)->(17,25,7.41795)->(17,24,7.98579)->(17,23,8.66795)->(17,22,9.98579)->(17,21,12.2)->(18,21,14.4142)->(19,21,15.7321)->(20,21,16.4641)->(21,21,17.1962)->(22,21,18.514)->(23,21,20.7282)->(23,20,23.5282)->(23,19,5011.76)->
Agent 87:(18,23,3.54949)->(18,22,6.51319)->(18,21,7.83103)->(18,20,8.51319)->(18,19,9.08103)->(18,18,9.59898)->(18,17,10.099)->(18,16,10.599)->(18,15,11.1169)->(18,14,11.6848)->(18,13,12.3669)->(18,12,13.6848)->(18,11,15.899)->(17,11,18.1132)->(16,11,19.431)->(15,11,20.1132)->(14,11,20.681)->(13,11,21.199)->(12,11,21.699)->(11,11,22.199)->(10,11,22.699)->(9,11,23.2169)->(8,11,23.7848)->(7,11,24.4669)->(6,11,25.7848)->(5,11,5012.6)->
Agent 88:(21,30,1.8)->(22,30,3.01421)->(23,30,4.34806)->(24,30,5.17649)->(25,30,6.51034)->(26,30,8.72456)->(26,29,10.9388)->(26,28,12.2566)->(26,27,12.9388)->(26,26,13.5066)->(26,25,14.0246)->(26,24,14.5246)->(26,23,15.0246)->(26,22,15.5246)->(26,21,16.0246)->(26,20,16.5246)->(26,19,17.0246)->(26,18,17.5246)->(26,17,18.0246)->(26,16,18.5246)->(26,15,19.0246)->(26,14,19.5246)->(26,13,20.0246)->(26,12,20.5246)->(26,11,21.0246)->(26,10,21.5425)->(26,9,22.1103)->(26,8,22.7925)->(26,7,24.1103)->(26,6,5011.76)->
Agent 89:(3,29,4.0641)->(3,28,7.54242)->(3,27,8.86025)->(3,26,9.54242)->(3,25,10.1103)->(3,24,10.6282)->(3,23,11.1282)->(3,22,11.6462)->(3,21,12.214)->(3,20,12.8962)->(3,19,14.214)->(3,18,16.4282)->(4,18,18.6424)->(5,18,19.9603)->(6,18,20.6424)->(7,18,21.2103)->(8,18,21.7282)->(9,18,22.2282)->(10,18,22.7282)->(11,18,23.2462)->(12,18,23.814)->(13,18,24.4962)->(14,18,25.814)->(15,18,5012.61)->
