Agent 0:(20,31,3.16421)->(20,30,5.74264)->(20,29,7.06048)->(20,28,7.74264)->(20,27,8.31048)->(20,26,8.82843)->(20,25,9.32843)->(20,24,9.82843)->(20,23,10.3284)->(20,22,10.8284)->(20,21,11.3284)->(20,20,11.8284)->(20,19,12.3464)->(20,18,12.9142)->(20,17,13.5964)->(20,16,14.9142)->(20,15,20.0784)->(19,15,25.2426)->(18,15,26.5605)->(17,15,27.2426)->(16,15,27.8105)->(15,15,28.3284)->(14,15,28.8284)->(13,15,29.3284)->(12,15,29.8284)->(11,15,30.3284)->(10,15,30.8284)->(9,15,31.3284)->(8,15,31.8284)->(7,15,32.3464)->(6,15,32.9142)->(5,15,33.5964)->(4,15,34.9142)->(3,15,5017.16)->
Agent 1:(17,5,1.71421)->(17,6,3.99638)->(18,6,6.80697)->(19,6,8.1248)->(20,6,8.80697)->(21,6,9.39275)->(22,6,9.97854)->(23,6,10.6607)->(24,6,11.9785)->(25,6,17.1983)->(24,6,23.0039)->(23,6,27.7483)->(23,7,32.4928)->(23,8,5016.25)->
Agent 2:(22,5,2.21421)->(21,5,4.81421)->(21,6,7.44264)->(21,7,8.76048)->(21,8,9.49253)->(21,9,10.2246)->(21,10,11.5424)->(21,11,13.7566)->(22,11,16.5566)->(23,11,20.4558)->(23,12,23.7691)->(23,13,25.0869)->(23,14,25.7691)->(23,15,26.3369)->(23,16,26.8549)->(23,17,27.3549)->(23,18,27.8549)->(23,19,28.3549)->(23,20,28.8549)->(23,21,29.3549)->(23,22,29.8549)->(23,23,30.3549)->(23,24,30.8549)->(23,25,31.3549)->(23,26,31.8549)->(23,27,32.3728)->(23,28,32.9407)->(23,29,33.6228)->(23,30,34.9407)->(23,31,5017.18)->
Agent 3:(22,0,1.3)->(22,1,2.01421)->(22,2,3.33205)->(22,3,4.01421)->(22,4,4.58205)->(22,5,5.1)->(22,6,5.6)->(22,7,6.1)->(22,8,6.6)->(22,9,7.1)->(22,10,7.6)->(22,11,8.1)->(22,12,8.6)->(22,13,9.1)->(22,14,9.6)->(22,15,10.1179)->(22,16,10.6858)->(22,17,11.3679)->(22,18,12.6858)->(22,19,17.1963)->(23,19,21.7067)->(24,19,23.0246)->(25,19,23.7067)->(26,19,24.2925)->(27,19,24.8783)->(28,19,25.5605)->(29,19,26.8783)->(30,19,5013.15)->
Agent 4:(10,30,5.43205)->(9,30,10.2783)->(8,30,11.5962)->(7,30,12.2783)->(6,30,12.8641)->(5,30,13.4499)->(4,30,14.1321)->(3,30,15.4499)->(2,30,17.6641)->(2,29,19.8783)->(2,28,21.1962)->(2,27,21.8783)->(2,26,22.4462)->(2,25,22.9641)->(2,24,23.4641)->(2,23,23.9641)->(2,22,24.4641)->(2,21,24.9641)->(2,20,25.4641)->(2,19,25.9641)->(2,18,26.4641)->(2,17,26.9641)->(2,16,27.4821)->(2,15,28.0499)->(2,14,28.7321)->(2,13,30.0499)->(2,12,5014.73)->
Agent 5:(10,22,2.21421)->(11,22,5.8)->(11,23,9.44949)->(11,24,11.4495)->(11,25,17.81)->(10,25,24.1352)->(9,25,25.453)->(8,25,26.1352)->(7,25,26.703)->(6,25,27.2389)->(5,25,27.8067)->(4,25,28.4889)->(3,25,29.8067)->(2,25,5014.61)->
Agent 6:(27,23,1.8)->(26,23,3.04949)->(25,23,5.04949)->(24,23,7.29898)->(24,22,9.51319)->(24,21,10.831)->(24,20,11.5132)->(24,19,12.081)->(24,18,12.599)->(24,17,13.099)->(24,16,13.599)->(24,15,14.099)->(24,14,14.599)->(24,13,15.099)->(24,12,15.6169)->(24,11,16.1848)->(24,10,16.8669)->(24,9,18.1848)->(24,8,24.6317)->(23,8,31.0785)->(22,8,32.3964)->(21,8,33.0785)->(20,8,33.6464)->(19,8,34.1643)->(18,8,34.6643)->(17,8,35.1643)->(16,8,35.6643)->(15,8,36.1643)->(14,8,36.6643)->(13,8,37.1643)->(12,8,37.6643)->(11,8,38.1823)->(10,8,38.7501)->(9,8,39.4323)->(8,8,40.7501)->(7,8,5020.08)->
Agent 7:(15,8,2.21421)->(15,9,3.84264)->(15,10,5.16048)->(15,11,5.89253)->(15,12,6.62458)->(15,13,7.94242)->(15,14,10.1566)->(16,14,12.3708)->(17,14,13.6887)->(18,14,14.3805)->(19,14,15.0161)->(20,14,15.7079)->(21,14,17.0257)->(22,14,20.1295)->(22,15,23.2332)->(22,16,24.551)->(22,17,25.2332)->(22,18,25.801)->(22,19,26.319)->(22,20,26.819)->(22,21,27.3369)->(22,22,27.9048)->(22,23,28.5869)->(22,24,29.9048)->(22,25,32.119)->(23,25,34.919)->(24,25,5017.46)->
Agent 8:(26,16,1.8)->(25,16,3.6)->(24,16,6.4)->(24,15,8.61421)->(24,14,9.93205)->(24,13,10.6142)->(24,12,11.1821)->(24,11,11.7179)->(24,10,12.2858)->(24,9,12.9679)->(24,8,14.2858)->(24,7,18.9377)->(23,7,23.5897)->(22,7,24.9075)->(21,7,25.6395)->(20,7,26.3716)->(19,7,27.6894)->(18,7,5013.55)->
Agent 9:(14,31,2.2)->(14,30,3.81421)->(14,29,5.13205)->(14,28,5.81421)->(14,27,6.38205)->(14,26,6.9)->(14,25,7.4)->(14,24,7.9)->(14,23,8.41795)->(14,22,8.98579)->(14,21,9.66795)->(14,20,10.9858)->(14,19,13.2)->(13,19,15.4142)->(12,19,16.7321)->(11,19,17.4142)->(10,19,17.9821)->(9,19,18.5)->(8,19,19)->(7,19,19.5)->(6,19,20)->(5,19,20.5179)->(4,19,21.0858)->(3,19,21.7679)->(2,19,23.0858)->(1,19,25.3)->(1,18,27.5495)->(1,17,29.5495)->(1,16,32.2132)->(0,16,5016.3)->
Agent 10:(3,31,2.93205)->(3,30,5.27832)->(3,29,6.59615)->(3,28,7.27832)->(3,27,7.84615)->(3,26,8.3641)->(3,25,8.8641)->(3,24,9.3641)->(3,23,9.8641)->(3,22,10.3641)->(3,21,10.8641)->(3,20,11.3641)->(3,19,11.8641)->(3,18,12.3641)->(3,17,12.8641)->(3,16,13.3641)->(3,15,13.8641)->(3,14,14.3821)->(3,13,14.9499)->(3,12,15.6321)->(3,11,16.9499)->(3,10,20.0963)->(4,10,23.2426)->(5,10,24.5605)->(6,10,25.2426)->(7,10,25.8105)->(8,10,26.3284)->(9,10,26.8284)->(10,10,27.3284)->(11,10,27.8284)->(12,10,28.3284)->(13,10,28.8284)->(14,10,29.3284)->(15,10,29.8284)->(16,10,30.3284)->(17,10,30.8284)->(18,10,31.3284)->(19,10,31.8284)->(20,10,32.3464)->(21,10,32.9142)->(22,10,33.5964)->(23,10,34.9142)->(24,10,37.5426)->(24,11,41.1426)->(25,11,43.7711)->(26,11,45.0889)->(27,11,45.7807)->(28,11,46.4163)->(29,11,47.1081)->(30,11,48.426)->(31,11,5023.92)->
Agent 11:(1,9,1.3)->(1,10,2.01421)->(1,11,3.33205)->(1,12,4.01421)->(1,13,4.58205)->(1,14,5.1)->(1,15,5.6)->(1,16,6.1)->(1,17,6.6)->(1,18,7.1)->(1,19,7.61795)->(1,20,8.18579)->(1,21,8.86795)->(1,22,10.1858)->(1,23,12.9774)->(2,23,15.7691)->(3,23,17.0869)->(4,23,17.7691)->(5,23,18.3369)->(6,23,18.8549)->(7,23,19.3549)->(8,23,19.8549)->(9,23,20.3549)->(10,23,20.8549)->(11,23,21.3549)->(12,23,21.8549)->(13,23,22.3549)->(14,23,22.8549)->(15,23,23.3549)->(16,23,23.8549)->(17,23,24.3549)->(18,23,24.8549)->(19,23,25.3549)->(20,23,25.8728)->(21,23,26.4407)->(22,23,27.1228)->(23,23,28.4407)->(24,23,31.0691)->(24,24,5015.73)->
Agent 12:(9,23,1.8)->(10,23,3.01421)->(11,23,4.33205)->(12,23,5.01421)->(13,23,5.58205)->(14,23,6.1)->(15,23,6.6)->(16,23,7.1)->(17,23,7.6)->(18,23,8.1)->(19,23,8.6)->(20,23,9.1)->(21,23,9.6)->(22,23,10.1)->(23,23,10.6)->(24,23,11.1179)->(25,23,11.6858)->(26,23,12.3679)->(27,23,13.6858)->(28,23,15.9)->(28,22,18.1142)->(28,21,19.4321)->(28,20,20.1142)->(28,19,20.7)->(28,18,21.2858)->(28,17,21.9679)->(28,16,23.2858)->(28,15,25.9142)->(27,15,30.3284)->(28,15,5015.76)->
Agent 13:(7,7,2.53205)->(8,7,4.47832)->(9,7,5.79615)->(10,7,6.47832)->(11,7,7.04615)->(12,7,7.5641)->(13,7,8.0641)->(14,7,8.5641)->(15,7,9.0641)->(16,7,9.5641)->(17,7,10.0641)->(18,7,10.5641)->(19,7,11.0821)->(20,7,11.6499)->(21,7,12.3321)->(22,7,13.6499)->(23,7,17.6198)->(23,6,21.5897)->(23,5,22.9235)->(23,4,23.7519)->(23,3,25.0858)->(23,2,33.3784)->(23,3,5019.71)->
Agent 14:(31,7,2.2)->(31,6,4.4)->(31,5,8.16795)->(30,5,11.3501)->(29,5,12.6679)->(28,5,13.3501)->(27,5,13.9179)->(26,5,14.4359)->(25,5,14.9359)->(24,5,15.4538)->(23,5,16.0217)->(22,5,16.7038)->(21,5,18.0217)->(20,5,20.6501)->(20,6,28.8179)->(20,5,36.0142)->(20,4,37.3321)->(20,3,38.0641)->(20,2,38.7962)->(20,1,40.114)->(20,0,5019.76)->
Agent 15:(24,26,2.21421)->(25,26,6.4863)->(25,25,10.8221)->(25,24,12.8221)->(25,23,16.5)->(26,23,5008.95)->
Agent 16:(5,31,2.75)->(6,31,4.91421)->(7,31,6.23205)->(8,31,6.91421)->(9,31,7.48205)->(10,31,8)->(11,31,8.5)->(12,31,9)->(13,31,9.5)->(14,31,10)->(15,31,10.5)->(16,31,11)->(17,31,11.5)->(18,31,12)->(19,31,12.5)->(20,31,13.0179)->(21,31,13.5858)->(22,31,14.2679)->(23,31,15.5858)->(24,31,17.8322)->(24,30,20.0785)->(24,29,21.3964)->(24,28,22.0785)->(24,27,22.6464)->(24,26,23.1643)->(24,25,23.6643)->(24,24,24.1643)->(24,23,24.6643)->(24,22,25.1643)->(24,21,25.6643)->(24,20,26.1643)->(24,19,26.6643)->(24,18,27.1643)->(24,17,27.6643)->(24,16,28.1643)->(24,15,28.6643)->(24,14,29.1643)->(24,13,29.6643)->(24,12,30.1643)->(24,11,30.6643)->(24,10,31.1643)->(24,9,31.6823)->(24,8,32.2501)->(24,7,32.9323)->(24,6,34.2501)->(24,5,5016.83)->
Agent 17:(30,15,2.2)->(30,14,3.81421)->(30,13,5.13205)->(30,12,5.81421)->(30,11,6.38205)->(30,10,6.9)->(30,9,7.4)->(30,8,7.9)->(30,7,8.4)->(30,6,8.9)->(30,5,9.41795)->(30,4,9.98579)->(30,3,10.6679)->(30,2,11.9858)->(30,1,17.7784)->(29,1,23.5711)->(28,1,24.8889)->(27,1,25.5711)->(26,1,26.1389)->(25,1,26.6569)->(24,1,27.1569)->(23,1,27.6569)->(22,1,28.1748)->(21,1,28.7426)->(20,1,29.4248)->(19,1,30.7426)->(18,1,33.3711)->(18,2,5016.88)->
Agent 18:(21,22,7.9641)->(20,22,15.3424)->(19,22,16.6603)->(18,22,17.3424)->(17,22,17.9103)->(16,22,18.4282)->(15,22,18.9282)->(14,22,19.4282)->(13,22,19.9282)->(12,22,20.4282)->(11,22,20.9282)->(10,22,21.4282)->(9,22,21.9282)->(8,22,22.4282)->(7,22,22.9282)->(6,22,23.4282)->(5,22,23.9282)->(4,22,24.4462)->(3,22,25.014)->(2,22,25.6962)->(1,22,27.014)->(0,22,29.2282)->(0,21,31.4424)->(0,20,32.7763)->(0,19,33.6047)->(0,18,34.9385)->(0,17,5017.18)->
Agent 19:(21,19,1.8)->(22,19,3.6)->(23,19,7.12843)->(23,18,10.0711)->(23,17,11.3889)->(23,16,12.0711)->(23,15,12.6389)->(23,14,13.1569)->(23,13,13.6748)->(23,12,14.2426)->(23,11,14.9248)->(23,10,16.2426)->(23,9,20.0059)->(23,10,23.7691)->(23,11,25.0869)->(23,12,25.819)->(23,13,26.551)->(23,14,27.8689)->(23,15,5013.64)->
Agent 20:(30,27,2.2)->(30,26,3.81421)->(30,25,5.13205)->(30,24,5.81421)->(30,23,6.4)->(30,22,6.98579)->(30,21,7.66795)->(30,20,8.98579)->(30,19,11.384)->(29,19,13.7822)->(28,19,15.116)->(27,19,15.9445)->(26,19,17.2783)->(25,19,19.9067)->(25,20,5010.15)->
Agent 21:(18,21,2.21421)->(19,21,5.46421)->(19,20,8.74264)->(19,19,10.0605)->(19,18,10.7426)->(19,17,11.3105)->(19,16,11.8284)->(19,15,12.3284)->(19,14,12.8284)->(19,13,13.3284)->(19,12,13.8284)->(19,11,14.3284)->(19,10,14.8284)->(19,9,15.3284)->(19,8,15.8284)->(19,7,16.3464)->(19,6,16.9142)->(19,5,17.5964)->(19,4,18.9142)->(19,3,21.5426)->(20,3,26.8432)->(20,2,31.2074)->(20,1,33.2074)->(20,0,35.8711)->(19,0,5018.13)->
Agent 22:(24,19,1.8)->(25,19,3.01421)->(26,19,4.42843)->(27,19,5.84264)->(28,19,8.05685)->(28,18,10.2711)->(28,17,11.5889)->(28,16,12.2807)->(28,15,12.9163)->(28,14,13.6081)->(28,13,14.926)->(28,12,19.3974)->(27,12,23.8689)->(26,12,25.1867)->(25,12,25.8689)->(24,12,26.4367)->(23,12,26.9547)->(22,12,27.4547)->(21,12,27.9547)->(20,12,28.4547)->(19,12,28.9547)->(18,12,29.4547)->(17,12,29.9547)->(16,12,30.4547)->(15,12,30.9547)->(14,12,31.4547)->(13,12,31.9547)->(12,12,32.4547)->(11,12,32.9547)->(10,12,33.4547)->(9,12,33.9547)->(8,12,34.4547)->(7,12,34.9726)->(6,12,35.5405)->(5,12,36.2226)->(4,12,37.5405)->(3,12,39.7547)->(3,11,42.5547)->(3,10,45.7689)->(2,10,5023.08)->
Agent 23:(29,1,1.8)->(28,1,3.01421)->(27,1,4.33205)->(26,1,5.01421)->(25,1,5.58205)->(24,1,6.1)->(23,1,6.6)->(22,1,7.1)->(21,1,7.6)->(20,1,8.1)->(19,1,8.61795)->(18,1,9.18579)->(17,1,9.86795)->(16,1,11.1858)->(15,1,13.9142)->(15,2,16.6426)->(15,3,17.9605)->(15,4,18.6426)->(15,5,19.2105)->(15,6,19.7284)->(15,7,20.2284)->(15,8,20.7284)->(15,9,21.2284)->(15,10,21.7284)->(15,11,22.2284)->(15,12,22.7284)->(15,13,23.2284)->(15,14,23.7284)->(15,15,24.2284)->(15,16,24.7284)->(15,17,25.2284)->(15,18,25.7284)->(15,19,26.2464)->(15,20,26.8142)->(15,21,27.4964)->(15,22,28.8142)->(15,23,31.0284)->(14,23,33.2426)->(13,23,34.5605)->(12,23,35.2426)->(11,23,35.8284)->(10,23,36.4142)->(9,23,37.0964)->(8,23,38.4142)->(7,23,5018.91)->
Agent 24:(6,20,2.2)->(6,19,3.81421)->(6,18,5.13205)->(6,17,5.81421)->(6,16,6.38205)->(6,15,6.9)->(6,14,7.4)->(6,13,7.9)->(6,12,8.4)->(6,11,8.9)->(6,10,9.4)->(6,9,9.9)->(6,8,10.4)->(6,7,10.9)->(6,6,11.4)->(6,5,11.9179)->(6,4,12.4858)->(6,3,13.1679)->(6,2,14.4858)->(6,1,17.1142)->(7,1,23.9642)->(7,2,29.8779)->(7,3,31.8779)->(7,4,5015.66)->
Agent 25:(7,15,1.8)->(6,15,3.01421)->(5,15,4.33205)->(4,15,5.02382)->(3,15,5.65949)->(2,15,6.35126)->(1,15,7.6691)->(0,15,9.88331)->(0,16,12.0975)->(0,17,13.4154)->(0,18,14.0975)->(0,19,14.6833)->(0,20,15.2691)->(0,21,15.9513)->(0,22,17.2691)->(0,23,19.8975)->(1,23,5010.14)->
Agent 26:(24,13,3.27843)->(23,13,5.97107)->(22,13,7.28891)->(21,13,7.97107)->(20,13,8.53891)->(19,13,9.05685)->(18,13,9.55685)->(17,13,10.0569)->(16,13,10.5569)->(15,13,11.0748)->(14,13,11.6426)->(13,13,12.3248)->(12,13,13.6426)->(11,13,16.4606)->(11,14,19.2785)->(11,15,20.5964)->(11,16,21.3284)->(11,17,22.0605)->(11,18,23.3783)->(11,19,26.0067)->(10,19,5013.2)->
Agent 27:(12,20,1.8)->(11,20,3.6)->(10,20,7.06795)->(10,19,9.95011)->(10,18,11.2679)->(10,17,11.9597)->(10,16,12.5954)->(10,15,13.2872)->(10,14,14.605)->(10,13,5007.01)->
Agent 28:(3,1,1.3)->(3,2,2.04949)->(3,3,4.04949)->(3,4,8.6137)->(4,4,13.1426)->(5,4,14.4605)->(6,4,15.1426)->(7,4,15.7105)->(8,4,16.2284)->(9,4,16.7284)->(10,4,17.2284)->(11,4,17.7284)->(12,4,18.2284)->(13,4,18.7284)->(14,4,19.2284)->(15,4,19.7284)->(16,4,20.2284)->(17,4,20.7284)->(18,4,21.2464)->(19,4,21.8142)->(20,4,22.4964)->(21,4,23.8142)->(22,4,26.0284)->(22,5,28.2779)->(22,6,30.2779)->(22,7,5014.86)->
Agent 29:(12,3,1.3)->(12,4,2.01421)->(12,5,3.34806)->(12,6,4.17649)->(12,7,5.51034)->(12,8,8.00865)->(13,8,10.507)->(14,8,11.8248)->(15,8,12.507)->(16,8,13.0748)->(17,8,13.5928)->(18,8,14.0928)->(19,8,14.5928)->(20,8,15.0928)->(21,8,15.5928)->(22,8,16.0928)->(23,8,16.5928)->(24,8,17.0928)->(25,8,17.5928)->(26,8,18.1107)->(27,8,18.6785)->(28,8,19.3607)->(29,8,20.6785)->(30,8,22.8928)->(30,9,25.6928)->(30,10,5012.85)->
Agent 30:(17,20,4.09626)->(17,19,7.60674)->(17,18,8.92458)->(17,17,9.60674)->(17,16,10.1746)->(17,15,10.6925)->(17,14,11.1925)->(17,13,11.6925)->(17,12,12.2105)->(17,11,12.7783)->(17,10,13.4605)->(17,9,14.7783)->(17,8,17.7105)->(16,8,20.6426)->(15,8,21.9605)->(14,8,22.6426)->(13,8,23.2105)->(12,8,23.7284)->(11,8,24.2284)->(10,8,24.7284)->(9,8,25.2464)->(8,8,25.8142)->(7,8,26.4964)->(6,8,27.8142)->(5,8,5013.61)->
Agent 31:(22,13,1.3)->(22,14,2.04949)->(22,15,4.04949)->(22,16,6.29898)->(21,16,8.51319)->(20,16,9.83103)->(19,16,10.5132)->(18,16,11.081)->(17,16,11.599)->(16,16,12.1169)->(15,16,12.6848)->(14,16,13.3669)->(13,16,14.6848)->(12,16,20.5315)->(12,17,26.3783)->(12,18,27.6962)->(12,19,28.3783)->(12,20,28.9462)->(12,21,29.4641)->(12,22,29.9641)->(12,23,30.4821)->(12,24,31.0499)->(12,25,31.7321)->(12,26,33.0499)->(12,27,35.6783)->(11,27,5018.03)->
Agent 32:(11,12,2.61421)->(11,11,6.55461)->(12,11,10.1234)->(13,11,11.4413)->(14,11,12.133)->(15,11,12.7687)->(16,11,13.4605)->(17,11,14.7783)->(18,11,5007.1)->
Agent 33:(18,0,1.71421)->(18,1,3.81421)->(17,1,6.44264)->(16,1,7.76048)->(15,1,8.45225)->(14,1,9.08792)->(13,1,9.77969)->(12,1,11.0975)->(11,1,16.4201)->(11,2,21.7426)->(11,3,23.0605)->(11,4,23.7426)->(11,5,24.3105)->(11,6,24.8284)->(11,7,25.3284)->(11,8,25.8284)->(11,9,26.3284)->(11,10,26.8284)->(11,11,27.3284)->(11,12,27.8284)->(11,13,28.3284)->(11,14,28.8284)->(11,15,29.3284)->(11,16,29.8284)->(11,17,30.3284)->(11,18,30.8284)->(11,19,31.3284)->(11,20,31.8284)->(11,21,32.3284)->(11,22,32.8284)->(11,23,33.3284)->(11,24,33.8284)->(11,25,34.3284)->(11,26,34.8284)->(11,27,35.3464)->(11,28,35.9142)->(11,29,36.5964)->(11,30,37.9142)->(11,31,5018.66)->
Agent 34:(15,24,1.8)->(16,24,3.01421)->(17,24,4.33205)->(18,24,5.01421)->(19,24,5.58205)->(20,24,6.11795)->(21,24,6.68579)->(22,24,7.36795)->(23,24,8.68579)->(24,24,10.9)->(24,23,13.1142)->(24,22,14.4321)->(24,21,15.1142)->(24,20,15.6821)->(24,19,16.2179)->(24,18,16.7858)->(24,17,17.4679)->(24,16,18.7858)->(24,15,21.4142)->(25,15,5010.9)->
Agent 35:(4,5,1.3)->(4,6,2.01421)->(4,7,3.33205)->(4,8,4.01421)->(4,9,4.58205)->(4,10,5.11795)->(4,11,5.68579)->(4,12,6.36795)->(4,13,7.68579)->(4,14,10.4822)->(5,14,13.2785)->(6,14,14.5964)->(7,14,15.2785)->(8,14,15.8464)->(9,14,16.3643)->(10,14,16.8643)->(11,14,17.3643)->(12,14,17.8643)->(13,14,18.3823)->(14,14,18.9501)->(15,14,19.6323)->(16,14,20.9501)->(17,14,5010.18)->
Agent 36:(23,26,3.16421)->(22,26,5.74264)->(21,26,7.06048)->(20,26,7.74264)->(19,26,8.31048)->(18,26,8.82843)->(17,26,9.32843)->(16,26,9.82843)->(15,26,10.3284)->(14,26,10.8284)->(13,26,11.3284)->(12,26,11.8284)->(11,26,12.3284)->(10,26,12.8284)->(9,26,13.3284)->(8,26,13.8464)->(7,26,14.4142)->(6,26,15.0964)->(5,26,16.4142)->(4,26,25.4031)->(4,25,34.392)->(4,24,35.7099)->(4,23,36.392)->(4,22,36.9599)->(4,21,37.4778)->(4,20,37.9778)->(4,19,38.4778)->(4,18,38.9778)->(4,17,39.4778)->(4,16,39.9778)->(4,15,40.4778)->(4,14,40.9778)->(4,13,41.4778)->(4,12,41.9778)->(4,11,42.4778)->(4,10,42.9778)->(4,9,43.4778)->(4,8,43.9958)->(4,7,44.5636)->(4,6,45.2458)->(4,5,46.5636)->(4,4,5022.99)->
Agent 37:(23,4,2.61421)->(23,3,5.61421)->(22,3,8.24264)->(21,3,9.56048)->(20,3,10.2426)->(19,3,10.8105)->(18,3,11.3284)->(17,3,11.8284)->(16,3,12.3284)->(15,3,12.8284)->(14,3,13.3284)->(13,3,13.8464)->(12,3,14.4142)->(11,3,15.0964)->(10,3,16.4142)->(9,3,18.6284)->(9,4,20.8426)->(9,5,22.1605)->(9,6,22.8426)->(9,7,23.4105)->(9,8,23.9284)->(9,9,24.4284)->(9,10,24.9284)->(9,11,25.4284)->(9,12,25.9284)->(9,13,26.4284)->(9,14,26.9284)->(9,15,27.4464)->(9,16,28.0142)->(9,17,28.6964)->(9,18,30.0142)->(9,19,32.6426)->(8,19,36.2426)->(8,20,39.4569)->(8,21,5019.73)->
Agent 38:(27,17,1.71421)->(27,18,6.86795)->(26,18,12.5501)->(25,18,13.8679)->(24,18,14.5501)->(23,18,15.1179)->(22,18,15.6359)->(21,18,16.1359)->(20,18,16.6359)->(19,18,17.1359)->(18,18,17.6359)->(17,18,18.1359)->(16,18,18.6359)->(15,18,19.1359)->(14,18,19.6359)->(13,18,20.1359)->(12,18,20.6359)->(11,18,21.1538)->(10,18,21.7217)->(9,18,22.4038)->(8,18,23.7217)->(7,18,25.9359)->(7,17,28.1501)->(7,16,29.4679)->(7,15,30.1501)->(7,14,30.7179)->(7,13,31.2359)->(7,12,31.7538)->(7,11,32.3217)->(7,10,33.0038)->(7,9,34.3217)->(7,8,36.9501)->(6,8,5018.67)->
Agent 39:(1,27,2.93205)->(2,27,5.27832)->(3,27,6.59615)->(4,27,7.27832)->(5,27,7.84615)->(6,27,8.3641)->(7,27,8.8641)->(8,27,9.3641)->(9,27,9.8641)->(10,27,10.3641)->(11,27,10.8641)->(12,27,11.3641)->(13,27,11.8641)->(14,27,12.3641)->(15,27,12.8641)->(16,27,13.3641)->(17,27,13.8641)->(18,27,14.3641)->(19,27,14.8641)->(20,27,15.3641)->(21,27,15.8641)->(22,27,16.3641)->(23,27,16.8641)->(24,27,17.3821)->(25,27,17.9499)->(26,27,18.6321)->(27,27,19.9499)->(28,27,22.1641)->(28,26,24.3783)->(28,25,25.6962)->(28,24,26.3783)->(28,23,26.9462)->(28,22,27.4641)->(28,21,27.9641)->(28,20,28.4641)->(28,19,28.9641)->(28,18,29.4641)->(28,17,29.9641)->(28,16,30.4641)->(28,15,30.9641)->(28,14,31.4641)->(28,13,31.9641)->(28,12,32.4641)->(28,11,32.9641)->(28,10,33.4641)->(28,9,33.9641)->(28,8,34.4641)->(28,7,34.9641)->(28,6,35.4641)->(28,5,35.9821)->(28,4,36.5499)->(28,3,37.2321)->(28,2,38.5499)->(28,1,5018.98)->
Agent 40:(2,29,3.34626)->(2,28,6.10674)->(2,27,7.42458)->(2,26,8.10674)->(2,25,8.67458)->(2,24,9.19253)->(2,23,9.69253)->(2,22,10.1925)->(2,21,10.6925)->(2,20,11.1925)->(2,19,11.6925)->(2,18,12.1925)->(2,17,12.6925)->(2,16,13.1925)->(2,15,13.6925)->(2,14,14.1925)->(2,13,14.6925)->(2,12,15.1925)->(2,11,15.6925)->(2,10,16.2105)->(2,9,16.7783)->(2,8,17.4605)->(2,7,18.7783)->(2,6,21.0963)->(3,6,23.4142)->(4,6,24.7321)->(5,6,25.4641)->(6,6,26.1962)->(7,6,27.514)->(8,6,5013.46)->
Agent 41:(13,0,1.8)->(14,0,3.01421)->(15,0,4.33205)->(16,0,5.01421)->(17,0,5.6)->(18,0,6.18579)->(19,0,6.86795)->(20,0,8.18579)->(21,0,19.8784)->(21,1,5014.66)->
Agent 42:(26,27,2.2)->(26,26,3.84949)->(26,25,5.84949)->(26,24,16.1315)->(27,24,26.9641)->(28,24,5013.48)->
Agent 43:(11,1,1.8)->(10,1,3.6)->(9,1,7.23216)->(9,2,10.2785)->(9,3,11.5964)->(9,4,12.2785)->(9,5,12.8464)->(9,6,13.3643)->(9,7,13.8643)->(9,8,14.3643)->(9,9,14.8643)->(9,10,15.3643)->(9,11,15.8643)->(9,12,16.3643)->(9,13,16.8643)->(9,14,17.3643)->(9,15,17.8643)->(9,16,18.3643)->(9,17,18.8823)->(9,18,19.4501)->(9,19,20.1323)->(9,20,21.4501)->(9,21,24.0785)->(8,21,30.0464)->(8,22,5016.4)->
Agent 44:(7,30,1.8)->(6,30,3.04949)->(5,30,5.04949)->(4,30,8.30997)->(4,29,11.5352)->(4,28,12.853)->(4,27,13.5352)->(4,26,14.103)->(4,25,14.621)->(4,24,15.121)->(4,23,15.621)->(4,22,16.121)->(4,21,16.621)->(4,20,17.121)->(4,19,17.621)->(4,18,18.121)->(4,17,18.621)->(4,16,19.121)->(4,15,19.6389)->(4,14,20.2067)->(4,13,20.8889)->(4,12,22.2067)->(4,11,24.8352)->(3,11,28.4352)->(3,10,31.0636)->(3,9,32.3974)->(3,8,33.2259)->(3,7,34.5597)->(3,6,5016.99)->
Agent 45:(28,2,1.3)->(28,3,2.01421)->(28,4,3.33205)->(28,5,4.02382)->(28,6,4.65949)->(28,7,5.35126)->(28,8,6.6691)->(28,9,8.88331)->(27,9,11.6833)->(26,9,14.4833)->(26,10,16.6975)->(26,11,18.0154)->(26,12,18.6975)->(26,13,19.2654)->(26,14,19.7833)->(26,15,20.2833)->(26,16,20.7833)->(26,17,21.2833)->(26,18,21.8013)->(26,19,22.3691)->(26,20,23.0513)->(26,21,24.3691)->(26,22,26.9975)->(25,22,5013.69)->
Agent 46:(31,4,1.8)->(30,4,3.01421)->(29,4,4.33205)->(28,4,5.01421)->(27,4,5.58205)->(26,4,6.1)->(25,4,6.6)->(24,4,7.1)->(23,4,7.6)->(22,4,8.1)->(21,4,8.6)->(20,4,9.1)->(19,4,9.6)->(18,4,10.1)->(17,4,10.6179)->(16,4,11.1858)->(15,4,11.8679)->(14,4,13.1858)->(13,4,15.4)->(13,5,17.6142)->(13,6,18.9481)->(13,7,19.7765)->(13,8,21.1103)->(13,9,5010.26)->
Agent 47:(26,13,2.21421)->(27,13,6.1)->(26,13,10.0142)->(25,13,11.3321)->(24,13,12.0142)->(23,13,12.5821)->(22,13,13.1)->(21,13,13.6)->(20,13,14.1179)->(19,13,14.6858)->(18,13,15.3679)->(17,13,16.6858)->(16,13,18.9)->(16,12,21.7)->(16,11,24.5)->(15,11,26.7142)->(14,11,28.1284)->(13,11,29.5426)->(12,11,5014.48)->
Agent 48:(13,12,1.3)->(13,13,2.01421)->(13,14,3.33205)->(13,15,4.01421)->(13,16,4.58205)->(13,17,5.1)->(13,18,5.6)->(13,19,6.1)->(13,20,6.6)->(13,21,7.1)->(13,22,7.6)->(13,23,8.1)->(13,24,8.6)->(13,25,9.11795)->(13,26,9.68579)->(13,27,10.3679)->(13,28,11.6858)->(13,29,13.9)->(12,29,16.1142)->(11,29,17.4321)->(10,29,18.1142)->(9,29,18.6821)->(8,29,19.2)->(7,29,19.7)->(6,29,20.2179)->(5,29,20.7858)->(4,29,21.4679)->(3,29,22.7858)->(2,29,25.9059)->(2,30,5013.39)->
Agent 49:(14,12,2.53205)->(14,11,4.47832)->(14,10,5.79615)->(14,9,6.47832)->(14,8,7.04615)->(14,7,7.5641)->(14,6,8.0641)->(14,5,8.5641)->(14,4,9.08205)->(14,3,9.64989)->(14,2,10.3321)->(14,1,11.6499)->(14,0,13.8641)->(15,0,16.1136)->(16,0,18.1136)->(17,0,22.5315)->(17,1,27.5)->(17,2,33.8784)->(16,2,5018.71)->
Agent 50:(12,8,1.3)->(12,9,2.01421)->(12,10,3.33205)->(12,11,4.01421)->(12,12,4.58205)->(12,13,5.1)->(12,14,5.6)->(12,15,6.1)->(12,16,6.6)->(12,17,7.11795)->(12,18,7.68579)->(12,19,8.36795)->(12,20,9.68579)->(12,21,11.9)->(13,21,14.1142)->(14,21,15.4481)->(15,21,16.2765)->(16,21,17.6103)->(17,21,21.1123)->(17,22,24.6495)->(17,23,26.6495)->(17,24,5013.05)->
Agent 51:(26,18,1.8)->(25,18,3.01421)->(24,18,4.34806)->(23,18,5.17649)->(22,18,6.51034)->(21,18,8.72456)->(21,17,10.974)->(21,16,12.974)->(21,15,20.126)->(20,15,27.2779)->(19,15,29.2779)->(18,15,5014.36)->
Agent 52:(18,13,2.21421)->(17,13,5.31048)->(17,12,8.43517)->(17,11,9.75301)->(17,10,10.4352)->(17,9,11.003)->(17,8,11.521)->(17,7,12.021)->(17,6,12.521)->(17,5,13.0389)->(17,4,13.6067)->(17,3,14.2889)->(17,2,15.6067)->(17,1,19.5031)->(16,1,28.2926)->(16,2,35.4284)->(16,3,5017.71)->
Agent 53:(23,28,3.71472)->(22,28,6.87894)->(21,28,8.87894)->(20,28,13.5501)->(20,27,18.186)->(20,26,19.5038)->(20,25,20.2359)->(20,24,20.9679)->(20,23,22.2858)->(20,22,5010.85)->
Agent 54:(7,28,2.2)->(7,27,3.81421)->(7,26,5.13205)->(7,25,5.81421)->(7,24,6.38205)->(7,23,6.9)->(7,22,7.4)->(7,21,7.9)->(7,20,8.4)->(7,19,8.9)->(7,18,9.4)->(7,17,9.9)->(7,16,10.4)->(7,15,10.9)->(7,14,11.4179)->(7,13,11.9858)->(7,12,12.6679)->(7,11,13.9858)->(7,10,16.3642)->(8,10,18.7426)->(9,10,20.0605)->(10,10,20.7426)->(11,10,21.3105)->(12,10,21.8284)->(13,10,22.3464)->(14,10,22.9142)->(15,10,23.5964)->(16,10,24.9142)->(17,10,27.1284)->(17,9,29.3779)->(17,8,31.3779)->(17,7,34.2459)->(17,8,37.6643)->(17,9,5018.83)->
Agent 55:(16,7,1.3)->(16,8,2.6)->(16,9,5.4)->(15,9,7.61421)->(14,9,8.93205)->(13,9,9.61421)->(12,9,10.1821)->(11,9,10.7)->(10,9,11.2179)->(9,9,11.7858)->(8,9,12.4679)->(7,9,13.7858)->(6,9,16)->(6,8,18.2142)->(6,7,19.5481)->(6,6,20.3765)->(6,5,21.7103)->(6,4,5010.56)->
Agent 56:(24,9,2.79039)->(24,8,4.995)->(24,7,6.31284)->(24,6,7.00461)->(24,5,7.64028)->(24,4,8.33205)->(24,3,9.64989)->(24,2,11.8641)->(23,2,14.0783)->(22,2,15.4122)->(21,2,16.2406)->(20,2,17.5744)->(19,2,20.2029)->(19,1,24.9585)->(19,2,5013.25)->
Agent 57:(9,30,2.2)->(9,29,4.4)->(9,28,7.77843)->(8,28,11.9569)->(8,27,20.9064)->(8,28,28.5054)->(8,29,30.5054)->(8,30,5014.98)->
Agent 58:(6,23,1.71421)->(6,24,10.1922)->(7,24,19.2338)->(8,24,21.2338)->(9,24,5010.34)->
Agent 59:(29,17,1.8)->(28,17,3.6)->(27,17,6.4)->(27,16,8.61421)->(27,15,9.93205)->(27,14,10.6238)->(27,13,11.2595)->(27,12,11.9513)->(27,11,13.2691)->(27,10,5006.34)->
Agent 60:(5,22,1.8)->(6,22,3.01421)->(7,22,4.34806)->(8,22,5.17649)->(9,22,6.51034)->(10,22,9.53877)->(9,22,13.5388)->(9,23,16.1672)->(9,24,17.485)->(9,25,18.2171)->(9,26,18.9491)->(9,27,20.267)->(9,28,5009.84)->
Agent 61:(1,18,1.3)->(1,19,2.01421)->(1,20,3.33205)->(1,21,4.01421)->(1,22,4.58205)->(1,23,5.1)->(1,24,5.61795)->(1,25,6.18579)->(1,26,6.86795)->(1,27,8.18579)->(1,28,10.4)->(2,28,12.6142)->(3,28,13.9321)->(4,28,14.6142)->(5,28,15.1821)->(6,28,15.7)->(7,28,16.2)->(8,28,16.7)->(9,28,17.2)->(10,28,17.7)->(11,28,18.2)->(12,28,18.7)->(13,28,19.2)->(14,28,19.7)->(15,28,20.2)->(16,28,20.7)->(17,28,21.2)->(18,28,21.7)->(19,28,22.2)->(20,28,22.7)->(21,28,23.2)->(22,28,23.7)->(23,28,24.2179)->(24,28,24.7858)->(25,28,25.4679)->(26,28,26.7858)->(27,28,29)->(27,29,31.8)->(27,30,5015.9)->
Agent 62:(26,2,1.3)->(26,3,2.01421)->(26,4,3.33205)->(26,5,4.01421)->(26,6,4.58205)->(26,7,5.1)->(26,8,5.6)->(26,9,6.1)->(26,10,6.6)->(26,11,7.1)->(26,12,7.6)->(26,13,8.1)->(26,14,8.6)->(26,15,9.1)->(26,16,9.6)->(26,17,10.1)->(26,18,10.6179)->(26,19,11.1858)->(26,20,11.8679)->(26,21,13.1858)->(26,22,15.4)->(25,22,17.6142)->(24,22,18.9321)->(23,22,19.6142)->(22,22,20.1821)->(21,22,20.7)->(20,22,21.2)->(19,22,21.7)->(18,22,22.2)->(17,22,22.7)->(16,22,23.2)->(15,22,23.7)->(14,22,24.2)->(13,22,24.7)->(12,22,25.2179)->(11,22,25.7858)->(10,22,26.4679)->(9,22,27.7858)->(8,22,30)->(8,23,32.2142)->(8,24,33.5481)->(8,25,34.3765)->(8,26,35.7103)->(8,27,38.3388)->(7,27,5019.36)->
Agent 63:(0,4,5.57371)->(0,5,10.5616)->(0,6,11.8795)->(0,7,12.5616)->(0,8,13.1295)->(0,9,13.6474)->(0,10,14.1474)->(0,11,14.6474)->(0,12,15.1474)->(0,13,15.6654)->(0,14,16.2332)->(0,15,16.9154)->(0,16,18.2332)->(0,17,20.97)->(1,17,23.7067)->(2,17,25.121)->(3,17,26.5352)->(4,17,28.7494)->(4,18,31.5494)->(4,19,34.7636)->(5,19,5017.57)->
Agent 64:(25,2,2.2)->(25,3,3.81421)->(25,4,5.13205)->(25,5,5.81421)->(25,6,6.38205)->(25,7,6.9)->(25,8,7.4)->(25,9,7.9)->(25,10,8.4)->(25,11,8.9)->(25,12,9.4)->(25,13,9.9)->(25,14,10.4)->(25,15,10.9)->(25,16,11.4)->(25,17,11.9179)->(25,18,12.4858)->(25,19,13.1679)->(25,20,14.4858)->(25,21,16.7)->(26,21,19.5)->(27,21,5009.75)->
Agent 65:(22,18,2.51048)->(21,18,4.43517)->(20,18,5.75301)->(19,18,6.43517)->(18,18,7.02096)->(17,18,7.60674)->(16,18,8.28891)->(15,18,9.60674)->(14,18,12.3389)->(14,17,15.0711)->(14,16,16.3889)->(14,15,17.0711)->(14,14,17.6389)->(14,13,18.1569)->(14,12,18.6569)->(14,11,19.1569)->(14,10,19.6569)->(14,9,20.1748)->(14,8,20.7426)->(14,7,21.4248)->(14,6,22.7426)->(14,5,25.3711)->(13,5,5012.88)->
Agent 66:(31,23,2.2)->(31,22,3.84949)->(31,21,5.84949)->(31,20,9.83154)->(30,20,13.7783)->(29,20,15.0962)->(28,20,15.7783)->(27,20,16.3462)->(26,20,16.8641)->(25,20,17.3641)->(24,20,17.8641)->(23,20,18.3641)->(22,20,18.8641)->(21,20,19.3641)->(20,20,19.8641)->(19,20,20.3641)->(18,20,20.8641)->(17,20,21.3641)->(16,20,21.8641)->(15,20,22.3641)->(14,20,22.8641)->(13,20,23.3821)->(12,20,23.9499)->(11,20,24.6321)->(10,20,25.9499)->(9,20,5012.68)->
Agent 67:(24,17,2.56433)->(23,17,4.54286)->(22,17,5.8607)->(21,17,6.59275)->(20,17,7.3248)->(19,17,8.64264)->(18,17,14.2963)->(18,18,19.9499)->(18,19,21.2837)->(18,20,22.1122)->(18,21,23.446)->(18,22,5011.43)->
Agent 68:(3,29,2.2)->(3,28,3.81421)->(3,27,5.13205)->(3,26,5.81421)->(3,25,6.38205)->(3,24,6.9)->(3,23,7.4)->(3,22,7.9)->(3,21,8.4)->(3,20,8.9)->(3,19,9.4)->(3,18,9.9)->(3,17,10.4)->(3,16,10.9)->(3,15,11.4)->(3,14,11.9)->(3,13,12.4)->(3,12,12.9)->(3,11,13.4)->(3,10,13.9)->(3,9,14.4)->(3,8,14.9)->(3,7,15.4)->(3,6,15.9)->(3,5,16.4179)->(3,4,16.9858)->(3,3,17.6679)->(3,2,18.9858)->(3,1,23.5105)->(4,1,28.0704)->(5,1,30.0704)->(6,1,5014.76)->
Agent 69:(4,29,5.06048)->(4,28,9.53517)->(4,27,10.853)->(4,26,11.5352)->(4,25,12.103)->(4,24,12.621)->(4,23,13.121)->(4,22,13.621)->(4,21,14.121)->(4,20,14.621)->(4,19,15.121)->(4,18,15.621)->(4,17,16.121)->(4,16,16.621)->(4,15,17.121)->(4,14,17.621)->(4,13,18.121)->(4,12,18.621)->(4,11,19.121)->(4,10,19.621)->(4,9,20.121)->(4,8,20.621)->(4,7,21.121)->(4,6,21.621)->(4,5,22.121)->(4,4,22.6389)->(4,3,23.2067)->(4,2,23.8889)->(4,1,25.2067)->(4,0,27.421)->(5,0,29.6352)->(6,0,30.953)->(7,0,31.6352)->(8,0,32.203)->(9,0,32.721)->(10,0,33.2389)->(11,0,33.8067)->(12,0,34.4889)->(13,0,35.8067)->(14,0,5017.61)->
Agent 70:(27,6,1.3)->(27,7,2.01421)->(27,8,3.33205)->(27,9,4.0641)->(27,10,4.79615)->(27,11,6.11399)->(27,12,8.34253)->(26,12,10.5711)->(25,12,11.8889)->(24,12,12.5711)->(23,12,13.1389)->(22,12,13.6569)->(21,12,14.1569)->(20,12,14.6569)->(19,12,15.1569)->(18,12,15.6569)->(17,12,16.1569)->(16,12,16.6569)->(15,12,17.1569)->(14,12,17.6569)->(13,12,18.1569)->(12,12,18.6569)->(11,12,19.1569)->(10,12,19.6748)->(9,12,20.2426)->(8,12,20.9248)->(7,12,22.2426)->(6,12,24.8711)->(6,13,28.4711)->(5,13,31.0995)->(4,13,32.5137)->(3,13,33.9279)->(2,13,5016.67)->
Agent 71:(16,31,2.2)->(16,30,3.81421)->(16,29,5.13205)->(16,28,5.81421)->(16,27,6.38205)->(16,26,6.9)->(16,25,7.4)->(16,24,7.9)->(16,23,8.4)->(16,22,8.91795)->(16,21,9.48579)->(16,20,10.1679)->(16,19,11.4858)->(16,18,13.9679)->(15,18,16.4501)->(14,18,17.7679)->(13,18,18.4501)->(12,18,19.0179)->(11,18,19.5359)->(10,18,20.0359)->(9,18,20.5538)->(8,18,21.1217)->(7,18,21.8038)->(6,18,23.1217)->(5,18,25.7501)->(5,17,5013.07)->
Agent 72:(7,29,5.91421)->(7,28,11.2426)->(7,27,12.5605)->(7,26,13.2426)->(7,25,13.8105)->(7,24,14.3284)->(7,23,14.8284)->(7,22,15.3284)->(7,21,15.8284)->(7,20,16.3284)->(7,19,16.8284)->(7,18,17.3284)->(7,17,17.8284)->(7,16,18.3284)->(7,15,18.8284)->(7,14,19.3284)->(7,13,19.8284)->(7,12,20.3284)->(7,11,20.8284)->(7,10,21.3284)->(7,9,21.8284)->(7,8,22.3284)->(7,7,22.8464)->(7,6,23.4142)->(7,5,24.0964)->(7,4,25.4142)->(7,3,27.6284)->(8,3,29.8426)->(9,3,31.1605)->(10,3,31.8426)->(11,3,32.4105)->(12,3,32.9284)->(13,3,33.4284)->(14,3,33.9284)->(15,3,34.4284)->(16,3,34.9284)->(17,3,35.4284)->(18,3,35.9284)->(19,3,36.4284)->(20,3,36.9284)->(21,3,37.4464)->(22,3,38.0142)->(23,3,38.6964)->(24,3,40.0142)->(25,3,5019.71)->
Agent 73:(19,6,2.2)->(19,5,3.81421)->(19,4,5.22843)->(19,3,6.64264)->(19,2,9.39264)->(18,2,12.1426)->(17,2,13.4605)->(16,2,14.1426)->(15,2,14.7105)->(14,2,15.2284)->(13,2,15.7284)->(12,2,16.2284)->(11,2,16.7284)->(10,2,17.2284)->(9,2,17.7284)->(8,2,18.2284)->(7,2,18.7284)->(6,2,19.2464)->(5,2,19.8142)->(4,2,20.4964)->(3,2,21.8142)->(2,2,5010.61)->
Agent 74:(5,16,1.68205)->(5,17,2.77832)->(5,18,4.09615)->(5,19,4.77832)->(5,20,5.34615)->(5,21,5.8641)->(5,22,6.3641)->(5,23,6.8641)->(5,24,7.3641)->(5,25,7.8641)->(5,26,8.3641)->(5,27,8.88205)->(5,28,9.44989)->(5,29,10.1321)->(5,30,11.4499)->(5,31,13.6641)->(6,31,15.8783)->(7,31,17.1962)->(8,31,17.8783)->(9,31,18.4462)->(10,31,18.9641)->(11,31,19.4641)->(12,31,19.9641)->(13,31,20.4641)->(14,31,20.9641)->(15,31,21.4641)->(16,31,21.9641)->(17,31,22.4641)->(18,31,22.9641)->(19,31,23.4641)->(20,31,23.9641)->(21,31,24.4641)->(22,31,24.9641)->(23,31,25.4641)->(24,31,25.9641)->(25,31,26.4641)->(26,31,26.9641)->(27,31,27.4821)->(28,31,28.0499)->(29,31,28.7321)->(30,31,30.0499)->(31,31,5014.73)->
Agent 75:(9,8,1.3)->(9,9,2.01421)->(9,10,3.33205)->(9,11,4.01421)->(9,12,4.58205)->(9,13,5.1)->(9,14,5.6)->(9,15,6.1)->(9,16,6.6)->(9,17,7.1)->(9,18,7.6)->(9,19,8.1)->(9,20,8.6)->(9,21,9.1)->(9,22,9.6)->(9,23,10.1)->(9,24,10.6)->(9,25,11.1)->(9,26,11.6179)->(9,27,12.1858)->(9,28,12.8679)->(9,29,14.1858)->(9,30,16.4)->(10,30,18.6142)->(11,30,19.9321)->(12,30,20.6142)->(13,30,21.1821)->(14,30,21.7)->(15,30,22.2)->(16,30,22.7)->(17,30,23.2179)->(18,30,23.7858)->(19,30,24.4679)->(20,30,25.7858)->(21,30,28.4142)->(21,29,34.2917)->(21,30,5018.48)->
Agent 76:(16,10,1.8)->(15,10,3.01421)->(14,10,4.33205)->(13,10,5.02382)->(12,10,5.65949)->(11,10,6.35126)->(10,10,7.6691)->(9,10,9.88331)->(9,11,12.0975)->(9,12,13.4154)->(9,13,14.0975)->(9,14,14.6654)->(9,15,15.1833)->(9,16,15.6833)->(9,17,16.1833)->(9,18,16.6833)->(9,19,17.1833)->(9,20,17.6833)->(9,21,18.1833)->(9,22,18.7013)->(9,23,19.2691)->(9,24,19.9513)->(9,25,21.2691)->(9,26,23.4833)->(8,26,26.2833)->(7,26,5013.14)->
Agent 77:(23,13,2.2)->(23,12,3.81421)->(23,11,5.13205)->(23,10,5.81421)->(23,9,6.38205)->(23,8,6.9)->(23,7,7.41795)->(23,6,7.98579)->(23,5,8.66795)->(23,4,9.98579)->(23,3,12.6142)->(22,3,15.2426)->(21,3,16.5605)->(20,3,17.2426)->(19,3,17.8105)->(18,3,18.3284)->(17,3,18.8284)->(16,3,19.3284)->(15,3,19.8284)->(14,3,20.3284)->(13,3,20.8284)->(12,3,21.3284)->(11,3,21.8284)->(10,3,22.3284)->(9,3,22.8464)->(8,3,23.4142)->(7,3,24.0964)->(6,3,25.4142)->(5,3,5012.41)->
Agent 78:(18,4,1.71421)->(18,5,5.25)->(17,5,9.31421)->(16,5,10.6321)->(15,5,11.3142)->(14,5,11.8821)->(13,5,12.4)->(12,5,12.9)->(11,5,13.4)->(10,5,13.9)->(9,5,14.4)->(8,5,14.9)->(7,5,15.4)->(6,5,15.9)->(5,5,16.4179)->(4,5,16.9858)->(3,5,17.6679)->(2,5,18.9858)->(1,5,5009.2)->
Agent 79:(16,22,2.52843)->(16,21,4.47107)->(16,20,5.78891)->(16,19,6.47107)->(16,18,7.03891)->(16,17,7.55685)->(16,16,8.05685)->(16,15,8.55685)->(16,14,9.05685)->(16,13,9.55685)->(16,12,10.0569)->(16,11,10.5569)->(16,10,11.0569)->(16,9,11.5569)->(16,8,12.0569)->(16,7,12.5569)->(16,6,13.0569)->(16,5,13.5748)->(16,4,14.1426)->(16,3,14.8248)->(16,2,16.1426)->(16,1,18.3569)->(15,1,20.6063)->(14,1,22.6063)->(13,1,5011.03)->
Agent 80:(14,18,2.61421)->(14,17,5.61421)->(13,17,8.24264)->(12,17,9.56048)->(11,17,10.2426)->(10,17,10.8284)->(9,17,11.4142)->(8,17,12.0964)->(7,17,13.4142)->(6,17,5006.41)->
Agent 81:(11,26,2.2)->(11,25,4.4)->(11,24,7.2)->(12,24,10)->(13,24,22.1642)->(12,24,34.3284)->(11,24,5017.16)->
Agent 82:(13,10,1.4142)->(13,11,2.24261)->(13,12,3.56045)->(13,13,4.2925)->(13,14,5.02455)->(13,15,6.34239)->(13,16,9.0242)->(12,16,11.7413)->(11,16,13.7413)->(10,16,20.0774)->(11,16,26.9641)->(12,16,5013.48)->
Agent 83:(29,24,2.2)->(29,23,3.81421)->(29,22,5.13205)->(29,21,5.81421)->(29,20,6.38205)->(29,19,6.9)->(29,18,7.4)->(29,17,7.9)->(29,16,8.4)->(29,15,8.9)->(29,14,9.4)->(29,13,9.9)->(29,12,10.4)->(29,11,10.9)->(29,10,11.4)->(29,9,11.9)->(29,8,12.4)->(29,7,12.9)->(29,6,13.4179)->(29,5,13.9858)->(29,4,14.6679)->(29,3,15.9858)->(29,2,18.2)->(28,2,20.4142)->(27,2,21.7321)->(26,2,22.4142)->(25,2,22.9821)->(24,2,23.5)->(23,2,24)->(22,2,24.5)->(21,2,25)->(20,2,25.5)->(19,2,26)->(18,2,26.5)->(17,2,27)->(16,2,27.5)->(15,2,28)->(14,2,28.5)->(13,2,29.0179)->(12,2,29.5858)->(11,2,30.2679)->(10,2,31.5858)->(9,2,34.2142)->(9,3,5017.3)->
Agent 84:(8,31,3.16421)->(8,30,5.74264)->(8,29,7.06048)->(8,28,7.74264)->(8,27,8.31048)->(8,26,8.82843)->(8,25,9.32843)->(8,24,9.82843)->(8,23,10.3284)->(8,22,10.8284)->(8,21,11.3284)->(8,20,11.8284)->(8,19,12.3284)->(8,18,12.8284)->(8,17,13.3284)->(8,16,13.8284)->(8,15,14.3284)->(8,14,14.8284)->(8,13,15.3284)->(8,12,15.8284)->(8,11,16.3284)->(8,10,16.8284)->(8,9,17.3284)->(8,8,17.8284)->(8,7,18.3284)->(8,6,18.8464)->(8,5,19.4142)->(8,4,20.0964)->(8,3,21.4142)->(8,2,23.6284)->(7,2,25.8426)->(6,2,27.2569)->(5,2,28.6711)->(4,2,5014.04)->
Agent 85:(1,1,2.92744)->(1,2,5.2691)->(1,3,6.58694)->(1,4,7.2691)->(1,5,7.83694)->(1,6,8.35489)->(1,7,8.85489)->(1,8,9.35489)->(1,9,9.85489)->(1,10,10.3549)->(1,11,10.8549)->(1,12,11.3549)->(1,13,11.8549)->(1,14,12.3549)->(1,15,12.8549)->(1,16,13.3549)->(1,17,13.8549)->(1,18,14.3549)->(1,19,14.8549)->(1,20,15.3549)->(1,21,15.8549)->(1,22,16.3549)->(1,23,16.8549)->(1,24,17.3549)->(1,25,17.8549)->(1,26,18.3728)->(1,27,18.9407)->(1,28,19.6228)->(1,29,20.9407)->(1,30,23.1549)->(2,30,25.3691)->(3,30,26.6869)->(4,30,27.3691)->(5,30,27.9369)->(6,30,28.4549)->(7,30,28.9549)->(8,30,29.4549)->(9,30,29.9549)->(10,30,30.4549)->(11,30,30.9549)->(12,30,31.4549)->(13,30,31.9549)->(14,30,32.4549)->(15,30,32.9549)->(16,30,33.4549)->(17,30,33.9549)->(18,30,34.4549)->(19,30,34.9728)->(20,30,35.5407)->(21,30,36.2228)->(22,30,37.5407)->(23,30,5018.48)->
Agent 86:(18,9,1.77843)->(18,10,2.97107)->(18,11,4.28891)->(18,12,4.97107)->(18,13,5.53891)->(18,14,6.05685)->(18,15,6.55685)->(18,16,7.05685)->(18,17,7.55685)->(18,18,8.05685)->(18,19,8.55685)->(18,20,9.0748)->(18,21,9.64264)->(18,22,10.3248)->(18,23,11.6426)->(18,24,5005.53)->
Agent 87:(24,20,4.41421)->(23,20,8.24264)->(22,20,9.56048)->(21,20,10.2426)->(20,20,10.8105)->(19,20,11.3284)->(18,20,11.8284)->(17,20,12.3284)->(16,20,12.8284)->(15,20,13.3284)->(14,20,13.8284)->(13,20,14.3284)->(12,20,14.8284)->(11,20,15.3284)->(10,20,15.8284)->(9,20,16.3284)->(8,20,16.8284)->(7,20,17.3284)->(6,20,17.8284)->(5,20,18.3284)->(4,20,18.8464)->(3,20,19.4142)->(2,20,20.0964)->(1,20,21.4142)->(0,20,23.6284)->(0,19,25.8426)->(0,18,27.1605)->(0,17,27.8925)->(0,16,28.6246)->(0,15,29.9424)->(0,14,5014.68)->
Agent 88:(31,21,2.2)->(31,20,3.81421)->(31,19,5.13205)->(31,18,5.81421)->(31,17,6.38205)->(31,16,6.9)->(31,15,7.4)->(31,14,7.9)->(31,13,8.41795)->(31,12,8.98579)->(31,11,9.66795)->(31,10,10.9858)->(31,9,13.2)->(30,9,15.4142)->(29,9,16.7321)->(28,9,17.4641)->(27,9,18.1962)->(26,9,19.514)->(25,9,22.1424)->(25,10,5011.26)->
Agent 89:(2,11,2.2)->(2,10,3.81421)->(2,9,5.13205)->(2,8,5.81421)->(2,7,6.38205)->(2,6,6.9)->(2,5,7.4)->(2,4,7.91795)->(2,3,8.48579)->(2,2,9.16795)->(2,1,10.4858)->(2,0,16.5284)->(3,0,22.5711)->(4,0,23.8889)->(5,0,24.5711)->(6,0,25.1389)->(7,0,25.6569)->(8,0,26.1569)->(9,0,26.6569)->(10,0,27.1569)->(11,0,27.6569)->(12,0,28.1569)->(13,0,28.6569)->(14,0,29.1569)->(15,0,29.6569)->(16,0,30.1569)->(17,0,30.6569)->(18,0,31.1569)->(19,0,31.6569)->(20,0,32.1569)->(21,0,32.6748)->(22,0,33.2426)->(23,0,33.9248)->(24,0,35.2426)->(25,0,5017.33)->
