Agent 0:(24,12,2.21421)->(23,12,5.22843)->(23,11,23.0407)->(23,12,39.4672)->(23,13,40.785)->(23,14,41.4672)->(23,15,42.035)->(23,16,42.553)->(23,17,43.0709)->(23,18,43.6388)->(23,19,44.3209)->(23,20,45.6388)->(23,21,5022.53)->
Agent 1:(26,23,2.21421)->(26,24,3.84264)->(26,25,5.16048)->(26,26,5.85225)->(26,27,6.48792)->(26,28,7.17969)->(26,29,8.49753)->(26,30,14.9738)->(25,30,21.4501)->(24,30,22.7679)->(23,30,23.5)->(22,30,24.2321)->(21,30,25.5499)->(20,30,5012.48)->
Agent 2:(8,15,2.7)->(9,15,4.81421)->(10,15,6.13205)->(11,15,6.81421)->(12,15,7.38205)->(13,15,7.9)->(14,15,8.4)->(15,15,8.9)->(16,15,9.4)->(17,15,9.91795)->(18,15,10.4858)->(19,15,11.1679)->(20,15,12.4858)->(21,15,14.7)->(21,16,16.9142)->(21,17,18.2321)->(21,18,18.9142)->(21,19,19.4821)->(21,20,20)->(21,21,20.5)->(21,22,21)->(21,23,21.5)->(21,24,22.0179)->(21,25,22.5858)->(21,26,23.2679)->(21,27,24.5858)->(21,28,27.2142)->(22,28,30.8142)->(22,29,34.0284)->(22,30,5017.01)->
Agent 3:(10,25,1.3)->(10,26,2.01421)->(10,27,3.33205)->(10,28,4.0641)->(10,29,4.79615)->(10,30,6.11399)->(10,31,8.74242)->(9,31,5004.56)->
Agent 4:(1,20,1.3)->(1,21,2.01421)->(1,22,3.33205)->(1,23,4.01421)->(1,24,4.58205)->(1,25,5.11795)->(1,26,5.68579)->(1,27,6.36795)->(1,28,7.68579)->(1,29,10.1321)->(2,29,12.5783)->(3,29,13.8962)->(4,29,14.5783)->(5,29,15.1462)->(6,29,15.6641)->(7,29,16.1641)->(8,29,16.6641)->(9,29,17.1641)->(10,29,17.6641)->(11,29,18.1641)->(12,29,18.6641)->(13,29,19.1641)->(14,29,19.6641)->(15,29,20.1641)->(16,29,20.6641)->(17,29,21.1821)->(18,29,21.7499)->(19,29,22.4321)->(20,29,23.7499)->(21,29,26.0641)->(21,30,28.9641)->(21,31,32.5783)->(21,30,5016.68)->
Agent 5:(27,11,1.3)->(27,12,2.6)->(27,13,5.51421)->(26,13,7.84264)->(25,13,9.16048)->(24,13,9.84264)->(23,13,10.4105)->(22,13,10.9284)->(21,13,11.4284)->(20,13,11.9284)->(19,13,12.4284)->(18,13,12.9284)->(17,13,13.4464)->(16,13,14.0142)->(15,13,14.6964)->(14,13,16.0142)->(13,13,18.2284)->(13,14,20.4426)->(13,15,21.7605)->(13,16,22.4426)->(13,17,23.0284)->(13,18,23.6142)->(13,19,24.2964)->(13,20,25.6142)->(13,21,27.8284)->(12,21,30.0426)->(11,21,31.3605)->(10,21,32.0426)->(9,21,32.6105)->(8,21,33.1284)->(7,21,33.6284)->(6,21,34.1284)->(5,21,34.6464)->(4,21,35.2142)->(3,21,35.8964)->(2,21,37.2142)->(1,21,5018.31)->
Agent 6:(3,1,1.3)->(3,2,2.6)->(3,3,5.4)->(4,3,7.61421)->(5,3,8.93205)->(6,3,9.61421)->(7,3,10.2)->(8,3,10.7858)->(9,3,11.4679)->(10,3,12.7858)->(11,3,15)->(11,4,17.2142)->(11,5,18.5321)->(11,6,19.2142)->(11,7,19.7821)->(11,8,20.3179)->(11,9,20.8858)->(11,10,21.5679)->(11,11,22.8858)->(11,12,25.1)->(12,12,27.3142)->(13,12,28.6321)->(14,12,29.3142)->(15,12,29.8821)->(16,12,30.4)->(17,12,30.9)->(18,12,31.4)->(19,12,31.9)->(20,12,32.4)->(21,12,32.9179)->(22,12,33.4858)->(23,12,34.1679)->(24,12,35.4858)->(25,12,37.7)->(25,13,39.9142)->(25,14,41.2321)->(25,15,41.9142)->(25,16,42.4821)->(25,17,43.0179)->(25,18,43.5858)->(25,19,44.2679)->(25,20,45.5858)->(25,21,48.2142)->(26,21,5024.3)->
Agent 7:(21,7,5.30834)->(21,6,10.0309)->(21,5,11.3487)->(21,4,12.0405)->(21,3,12.6762)->(21,2,13.3679)->(21,1,14.6858)->(21,0,16.9)->(20,0,19.7)->(19,0,5009.85)->
Agent 8:(28,31,5.2)->(28,30,9.81421)->(28,29,11.1321)->(28,28,11.8142)->(28,27,12.3821)->(28,26,12.9)->(28,25,13.4)->(28,24,13.9)->(28,23,14.4)->(28,22,14.9)->(28,21,15.4)->(28,20,15.9)->(28,19,16.4)->(28,18,16.9)->(28,17,17.4)->(28,16,17.9)->(28,15,18.4)->(28,14,18.9)->(28,13,19.4)->(28,12,19.9)->(28,11,20.4)->(28,10,20.9)->(28,9,21.4)->(28,8,21.9)->(28,7,22.4)->(28,6,22.9)->(28,5,23.4)->(28,4,23.9179)->(28,3,24.4858)->(28,2,25.1679)->(28,1,26.4858)->(28,0,28.7)->(27,0,30.9142)->(26,0,32.2321)->(25,0,32.9238)->(24,0,33.5595)->(23,0,34.2513)->(22,0,35.5691)->(21,0,5017.49)->
Agent 9:(12,4,1.38579)->(12,5,2.18579)->(12,6,3.51964)->(12,7,4.34806)->(12,8,5.68191)->(12,9,8.14806)->(13,9,11.2)->(14,9,14.2858)->(14,10,16.7858)->(14,11,18.1036)->(14,12,18.7858)->(14,13,19.3536)->(14,14,19.8716)->(14,15,20.3716)->(14,16,20.8716)->(14,17,21.3716)->(14,18,21.8716)->(14,19,22.3895)->(14,20,22.9574)->(14,21,23.6395)->(14,22,24.9574)->(14,23,27.5858)->(15,23,31.6)->(15,24,5016.2)->
Agent 10:(17,23,4.75)->(17,22,8.91421)->(17,21,10.2321)->(17,20,10.9142)->(17,19,11.4821)->(17,18,12)->(17,17,12.5)->(17,16,13)->(17,15,13.5)->(17,14,14)->(17,13,14.5)->(17,12,15)->(17,11,15.5)->(17,10,16)->(17,9,16.5179)->(17,8,17.0858)->(17,7,17.7679)->(17,6,19.0858)->(17,5,21.3)->(18,5,23.5142)->(19,5,24.8321)->(20,5,25.5142)->(21,5,26.0821)->(22,5,26.6)->(23,5,27.1)->(24,5,27.6)->(25,5,28.1179)->(26,5,28.6858)->(27,5,29.3679)->(28,5,30.6858)->(29,5,5015.05)->
Agent 11:(8,22,2.53205)->(8,21,4.47832)->(8,20,5.79615)->(8,19,6.47832)->(8,18,7.04615)->(8,17,7.5641)->(8,16,8.0641)->(8,15,8.5641)->(8,14,9.0641)->(8,13,9.5641)->(8,12,10.0641)->(8,11,10.5641)->(8,10,11.0641)->(8,9,11.5641)->(8,8,12.0641)->(8,7,12.5821)->(8,6,13.1499)->(8,5,13.8321)->(8,4,15.1499)->(8,3,17.3641)->(9,3,19.5783)->(10,3,20.9122)->(11,3,21.7406)->(12,3,23.0744)->(13,3,25.9925)->(13,2,29.4964)->(13,1,32.2964)->(14,1,34.5106)->(15,1,35.8284)->(16,1,36.5106)->(17,1,37.0784)->(18,1,37.5964)->(19,1,38.0964)->(20,1,38.5964)->(21,1,39.1143)->(22,1,39.6821)->(23,1,40.3643)->(24,1,41.6821)->(25,1,44.3106)->(25,2,5022.35)->
Agent 12:(25,16,1.8)->(26,16,3.01421)->(27,16,4.42843)->(28,16,5.84264)->(29,16,9.85)->(29,17,13.8574)->(29,18,15.2716)->(29,19,16.6858)->(29,20,5008.05)->
Agent 13:(15,16,1.3)->(15,17,2.01421)->(15,18,3.34806)->(15,19,4.17649)->(15,20,5.51034)->(15,21,7.76228)->(14,21,10.0142)->(13,21,11.3321)->(12,21,12.0641)->(11,21,12.7962)->(10,21,14.114)->(9,21,16.3282)->(9,20,18.5424)->(9,19,19.9566)->(9,18,21.3708)->(9,17,5010.39)->
Agent 14:(29,30,1.8)->(28,30,3.01421)->(27,30,4.42843)->(26,30,5.84264)->(25,30,12.6464)->(25,29,19.4501)->(25,28,20.7679)->(25,27,21.4501)->(25,26,22.0179)->(25,25,22.5359)->(25,24,23.0359)->(25,23,23.5359)->(25,22,24.0359)->(25,21,24.5359)->(25,20,25.0359)->(25,19,25.5359)->(25,18,26.0359)->(25,17,26.5359)->(25,16,27.0359)->(25,15,27.5359)->(25,14,28.0359)->(25,13,28.5359)->(25,12,29.0359)->(25,11,29.5359)->(25,10,30.0359)->(25,9,30.5359)->(25,8,31.0359)->(25,7,31.5359)->(25,6,32.0359)->(25,5,32.5359)->(25,4,33.0538)->(25,3,33.6217)->(25,2,34.3038)->(25,1,35.6217)->(25,0,5017.52)->
Agent 15:(30,13,2.2)->(30,12,3.81421)->(30,11,5.13205)->(30,10,5.81421)->(30,9,6.38205)->(30,8,6.9)->(30,7,7.4)->(30,6,7.91795)->(30,5,8.48579)->(30,4,9.16795)->(30,3,10.4858)->(30,2,13.1142)->(29,2,5006.75)->
Agent 16:(30,14,1.8)->(29,14,3.01421)->(28,14,4.33205)->(27,14,5.02382)->(26,14,5.65949)->(25,14,6.35126)->(24,14,7.6691)->(23,14,9.88331)->(23,15,12.0975)->(23,16,13.4154)->(23,17,14.0975)->(23,18,14.6833)->(23,19,15.2691)->(23,20,15.9513)->(23,21,17.2691)->(23,22,21.5738)->(22,22,25.8785)->(21,22,27.1964)->(20,22,27.8785)->(19,22,28.4464)->(18,22,28.9643)->(17,22,29.4823)->(16,22,30.0501)->(15,22,30.7323)->(14,22,32.0501)->(13,22,34.2643)->(13,23,37.0643)->(13,24,5018.53)->
Agent 17:(20,14,2.2)->(20,13,3.81421)->(20,12,5.13205)->(20,11,5.81421)->(20,10,6.38205)->(20,9,6.9)->(20,8,7.4)->(20,7,7.91795)->(20,6,8.48579)->(20,5,9.16795)->(20,4,10.4858)->(20,3,12.7)->(21,3,15.5)->(22,3,28.3)->(22,4,40.5142)->(22,5,41.8321)->(22,6,42.5142)->(22,7,43.0821)->(22,8,43.6179)->(22,9,44.1858)->(22,10,44.8679)->(22,11,46.1858)->(22,12,5022.8)->
Agent 18:(21,29,1.8)->(20,29,3.6)->(19,29,10.55)->(19,28,16.9142)->(19,27,18.2321)->(19,26,18.9142)->(19,25,19.4821)->(19,24,20)->(19,23,20.5)->(19,22,21)->(19,21,21.5)->(19,20,22)->(19,19,22.5)->(19,18,23)->(19,17,23.5)->(19,16,24)->(19,15,24.5)->(19,14,25)->(19,13,25.5)->(19,12,26)->(19,11,26.5)->(19,10,27)->(19,9,27.5)->(19,8,28)->(19,7,28.5179)->(19,6,29.0858)->(19,5,29.7679)->(19,4,31.0858)->(19,3,33.7142)->(20,3,37.7284)->(20,4,5019.26)->
Agent 19:(2,21,2.2)->(3,21,4.4)->(4,21,9.19575)->(4,20,13.4057)->(4,19,14.7236)->(4,18,15.4057)->(4,17,15.9736)->(4,16,16.4915)->(4,15,16.9915)->(4,14,17.4915)->(4,13,17.9915)->(4,12,18.4915)->(4,11,18.9915)->(4,10,19.4915)->(4,9,19.9915)->(4,8,20.4915)->(4,7,20.9915)->(4,6,21.5095)->(4,5,22.0773)->(4,4,22.7595)->(4,3,24.0773)->(4,2,30.0458)->(5,2,36.0142)->(6,2,37.3321)->(7,2,38.0142)->(8,2,38.5821)->(9,2,39.1)->(10,2,39.6)->(11,2,40.1)->(12,2,40.6179)->(13,2,41.1858)->(14,2,41.8679)->(15,2,43.1858)->(16,2,45.8142)->(16,3,5023.1)->
Agent 20:(6,9,1.71421)->(6,10,3.9)->(7,10,6.61421)->(8,10,7.93205)->(9,10,8.61421)->(10,10,9.18205)->(11,10,9.7)->(12,10,10.2)->(13,10,10.7)->(14,10,11.2179)->(15,10,11.7858)->(16,10,12.4679)->(17,10,13.7858)->(18,10,16.8142)->(17,10,21.15)->(17,9,24.1142)->(17,8,25.5284)->(17,7,26.9426)->(17,6,5013.18)->
Agent 21:(23,4,1.3)->(23,5,2.01421)->(23,6,3.33205)->(23,7,4.0641)->(23,8,4.79615)->(23,9,6.11399)->(23,10,8.3282)->(24,10,10.5424)->(25,10,11.9566)->(26,10,13.3708)->(27,10,15.5851)->(27,11,17.7993)->(27,12,19.1171)->(27,13,19.7993)->(27,14,20.3671)->(27,15,20.8851)->(27,16,21.403)->(27,17,21.9708)->(27,18,22.653)->(27,19,23.9708)->(27,20,5011.69)->
Agent 22:(7,29,2.93205)->(6,29,5.31359)->(5,29,7.31359)->(4,29,10.3778)->(4,28,13.4067)->(4,27,14.7246)->(4,26,15.4067)->(4,25,15.9746)->(4,24,16.4925)->(4,23,16.9925)->(4,22,17.4925)->(4,21,17.9925)->(4,20,18.5105)->(4,19,19.0783)->(4,18,19.7605)->(4,17,21.0783)->(4,16,5010.25)->
Agent 23:(8,0,1.3)->(8,1,2.01421)->(8,2,3.33205)->(8,3,4.0641)->(8,4,4.79615)->(8,5,6.11399)->(8,6,8.3282)->(9,6,10.5424)->(10,6,11.8603)->(11,6,12.5923)->(12,6,13.3244)->(13,6,14.6422)->(14,6,16.8564)->(14,7,19.0706)->(14,8,20.3885)->(14,9,21.1205)->(14,10,21.8526)->(14,11,23.1704)->(14,12,25.3846)->(15,12,27.5988)->(16,12,28.9167)->(17,12,29.5988)->(18,12,30.1667)->(19,12,30.6846)->(20,12,31.1846)->(21,12,31.6846)->(22,12,32.1846)->(23,12,32.6846)->(24,12,33.1846)->(25,12,33.6846)->(26,12,34.1846)->(27,12,34.7026)->(28,12,35.2704)->(29,12,35.9526)->(30,12,37.2704)->(31,12,39.8988)->(31,13,5020.14)->
Agent 24:(13,3,1.71421)->(13,4,4.5)->(14,4,7.84949)->(15,4,9.84949)->(16,4,16.8995)->(16,5,23.9142)->(16,6,25.3284)->(16,7,26.7426)->(16,8,5013.08)->
Agent 25:(10,16,2.21421)->(11,16,5.85)->(11,17,10.1)->(11,18,17.15)->(12,18,24.2)->(13,18,5012.1)->
Agent 26:(16,16,2.82841)->(15,16,8.1642)->(16,16,13.5)->(17,16,16.3)->(17,17,18.5142)->(17,18,19.9284)->(17,19,21.3426)->(17,20,5010.38)->
Agent 27:(6,14,2.45)->(7,14,4.31421)->(8,14,5.63205)->(9,14,6.31421)->(10,14,6.88205)->(11,14,7.4)->(12,14,7.9)->(13,14,8.4)->(14,14,8.9)->(15,14,9.4)->(16,14,9.9)->(17,14,10.4)->(18,14,10.9)->(19,14,11.4)->(20,14,11.9)->(21,14,12.4)->(22,14,12.9)->(23,14,13.4)->(24,14,13.9)->(25,14,14.4179)->(26,14,14.9858)->(27,14,15.6679)->(28,14,16.9858)->(29,14,19.6142)->(29,15,5010)->
Agent 28:(28,1,1.8)->(27,1,3.01421)->(26,1,4.33205)->(25,1,5.01421)->(24,1,5.58205)->(23,1,6.1)->(22,1,6.6)->(21,1,7.1)->(20,1,7.6)->(19,1,8.1)->(18,1,8.6)->(17,1,9.1)->(16,1,9.6)->(15,1,10.1179)->(14,1,10.6858)->(13,1,11.3679)->(12,1,12.6858)->(11,1,15.3142)->(11,0,5007.85)->
Agent 29:(4,12,2.21421)->(3,12,4.81421)->(3,13,7.44264)->(3,14,8.76048)->(3,15,9.44264)->(3,16,10.0105)->(3,17,10.5284)->(3,18,11.0284)->(3,19,11.5284)->(3,20,12.0284)->(3,21,12.5464)->(3,22,13.1142)->(3,23,13.7964)->(3,24,15.1142)->(3,25,17.3284)->(4,25,20.1284)->(5,25,28.2926)->(5,24,5016.81)->
Agent 30:(28,28,1.8)->(27,28,3.01421)->(26,28,4.33205)->(25,28,5.01421)->(24,28,5.58205)->(23,28,6.1)->(22,28,6.6)->(21,28,7.1)->(20,28,7.6)->(19,28,8.1)->(18,28,8.61795)->(17,28,9.18579)->(16,28,9.86795)->(15,28,11.1858)->(14,28,13.8142)->(14,27,20.35)->(14,28,26.5)->(14,29,5013.25)->
Agent 31:(27,24,2.2)->(27,23,3.81421)->(27,22,5.13205)->(27,21,5.81421)->(27,20,6.38205)->(27,19,6.9)->(27,18,7.4)->(27,17,7.9)->(27,16,8.4)->(27,15,8.9)->(27,14,9.4)->(27,13,9.9)->(27,12,10.4)->(27,11,10.9)->(27,10,11.4)->(27,9,11.9)->(27,8,12.4)->(27,7,12.9179)->(27,6,13.4858)->(27,5,14.1679)->(27,4,15.4858)->(27,3,18.1142)->(26,3,23.8858)->(26,4,29.2716)->(26,5,32.8784)->(25,5,5016.83)->
Agent 32:(26,25,2.21421)->(25,25,8.06421)->(25,24,13.9426)->(25,23,15.2605)->(25,22,15.9426)->(25,21,16.5105)->(25,20,17.0284)->(25,19,17.5284)->(25,18,18.0284)->(25,17,18.5284)->(25,16,19.0284)->(25,15,19.5284)->(25,14,20.0284)->(25,13,20.5284)->(25,12,21.0284)->(25,11,21.5284)->(25,10,22.0284)->(25,9,22.5284)->(25,8,23.0284)->(25,7,23.5284)->(25,6,24.0284)->(25,5,24.5464)->(25,4,25.1142)->(25,3,25.7964)->(25,2,27.1142)->(25,1,29.3284)->(24,1,32.1284)->(23,1,35.3426)->(23,0,39.3569)->(22,0,43.7853)->(22,1,5022.29)->
Agent 33:(5,10,3.12843)->(4,10,5.67107)->(3,10,7.08528)->(2,10,8.49949)->(1,10,10.7137)->(1,11,12.9279)->(1,12,14.2458)->(1,13,14.9279)->(1,14,15.4958)->(1,15,16.0137)->(1,16,16.5137)->(1,17,17.0137)->(1,18,17.5317)->(1,19,18.0995)->(1,20,18.7817)->(1,21,20.0995)->(1,22,5009.76)->
Agent 34:(14,27,2.55)->(14,26,4.51421)->(14,25,5.83205)->(14,24,6.51421)->(14,23,7.08205)->(14,22,7.6)->(14,21,8.1)->(14,20,8.6)->(14,19,9.1)->(14,18,9.6)->(14,17,10.1)->(14,16,10.6179)->(14,15,11.1858)->(14,14,11.8679)->(14,13,13.1858)->(14,12,15.4)->(13,12,17.6142)->(12,12,18.9321)->(11,12,19.6142)->(10,12,20.1821)->(9,12,20.7179)->(8,12,21.2858)->(7,12,21.9679)->(6,12,23.2858)->(5,12,25.9142)->(5,11,33.1142)->(5,12,5018.55)->
Agent 35:(12,11,1.8)->(11,11,3.01421)->(10,11,4.34806)->(9,11,5.17649)->(8,11,6.51034)->(7,11,8.72456)->(7,12,11.5246)->(7,13,17.145)->(8,13,22.2148)->(9,13,24.2148)->(10,13,5011.83)->
Agent 36:(8,9,2.21421)->(9,9,5.21421)->(8,9,8.82843)->(7,9,12.0284)->(8,9,14.6426)->(9,9,15.9605)->(10,9,16.6925)->(11,9,17.4246)->(12,9,18.7424)->(13,9,21.7708)->(12,9,5011.28)->
Agent 37:(21,10,8.72843)->(21,11,16.8711)->(21,12,18.1889)->(21,13,18.8711)->(21,14,19.4389)->(21,15,19.9569)->(21,16,20.4569)->(21,17,20.9569)->(21,18,21.4569)->(21,19,21.9569)->(21,20,22.4569)->(21,21,22.9748)->(21,22,23.5426)->(21,23,24.2248)->(21,24,25.5426)->(21,25,27.7569)->(20,25,29.9711)->(19,25,31.3853)->(18,25,32.7995)->(17,25,5016.11)->
Agent 38:(8,25,3.68205)->(8,24,6.77832)->(8,23,8.09615)->(8,22,8.77832)->(8,21,9.34615)->(8,20,9.8641)->(8,19,10.3641)->(8,18,10.8641)->(8,17,11.3821)->(8,16,11.9499)->(8,15,12.6321)->(8,14,13.9499)->(8,13,16.1641)->(9,13,18.3783)->(10,13,19.6962)->(11,13,20.4282)->(12,13,21.1603)->(13,13,22.4781)->(14,13,5010.95)->
Agent 39:(9,24,2.2)->(9,23,3.84949)->(9,22,5.84949)->(9,21,9.32106)->(8,21,12.7574)->(7,21,14.1716)->(6,21,15.5858)->(5,21,18.2142)->(5,22,5009.3)->
Agent 40:(31,14,3.76421)->(31,15,6.94264)->(31,16,8.26048)->(31,17,8.94264)->(31,18,9.51048)->(31,19,10.0284)->(31,20,10.5464)->(31,21,11.1142)->(31,22,11.7964)->(31,23,13.1142)->(31,24,15.3284)->(30,24,17.5426)->(29,24,18.8605)->(28,24,19.5426)->(27,24,20.1105)->(26,24,20.6284)->(25,24,21.1284)->(24,24,21.6284)->(23,24,22.1284)->(22,24,22.6284)->(21,24,23.1284)->(20,24,23.6284)->(19,24,24.1284)->(18,24,24.6284)->(17,24,25.1284)->(16,24,25.6284)->(15,24,26.1284)->(14,24,26.6284)->(13,24,27.1284)->(12,24,27.6284)->(11,24,28.1284)->(10,24,28.6284)->(9,24,29.1284)->(8,24,29.6464)->(7,24,30.2142)->(6,24,30.8964)->(5,24,32.2142)->(4,24,5015.81)->
Agent 41:(15,9,1.8)->(14,9,3.6)->(13,9,6.4)->(13,8,8.61421)->(13,7,9.93205)->(13,6,10.6238)->(13,5,11.2595)->(13,4,11.9513)->(13,3,13.2691)->(13,2,20.0898)->(12,2,26.9106)->(11,2,28.2284)->(10,2,28.9605)->(9,2,29.6925)->(8,2,31.0103)->(7,2,33.9265)->(7,3,5017.3)->
Agent 42:(15,7,1.8)->(16,7,3.01421)->(17,7,4.42843)->(18,7,5.84264)->(19,7,8.05685)->(19,8,10.2711)->(19,9,11.5889)->(19,10,12.321)->(19,11,13.053)->(19,12,14.3708)->(19,13,18.7303)->(20,13,23.0897)->(21,13,24.4235)->(22,13,25.2519)->(23,13,26.5858)->(24,13,29.2142)->(24,14,5014.8)->
Agent 43:(15,8,2.21421)->(16,8,4.81421)->(16,7,8.02843)->(16,6,13.8424)->(15,6,19.0706)->(14,6,20.3885)->(13,6,21.0706)->(12,6,21.6385)->(11,6,22.1564)->(10,6,22.6564)->(9,6,23.1564)->(8,6,23.6564)->(7,6,24.1564)->(6,6,24.6564)->(5,6,25.1744)->(4,6,25.7422)->(3,6,26.4244)->(2,6,27.7422)->(1,6,29.9564)->(1,7,32.7564)->(1,8,5016.38)->
Agent 44:(9,7,1.71421)->(9,8,4.62843)->(9,7,21.3019)->(9,8,36.1897)->(9,9,37.5235)->(9,10,38.3519)->(9,11,39.6858)->(9,12,5019.55)->
Agent 45:(3,7,1.3)->(3,8,2.01421)->(3,9,3.42843)->(3,10,4.84264)->(3,11,7.32843)->(4,11,9.81421)->(5,11,11.1321)->(6,11,11.8142)->(7,11,12.3821)->(8,11,12.9)->(9,11,13.4)->(10,11,13.9)->(11,11,14.4)->(12,11,14.9)->(13,11,15.4)->(14,11,15.9)->(15,11,16.4)->(16,11,16.9)->(17,11,17.4179)->(18,11,17.9858)->(19,11,18.6679)->(20,11,19.9858)->(21,11,22.2)->(21,10,25)->(21,9,34.6005)->(21,10,43.6505)->(21,11,45.6505)->(21,12,5022.55)->
Agent 46:(15,21,1.3)->(15,22,2.01421)->(15,23,3.33205)->(15,24,4.0641)->(15,25,4.79615)->(15,26,6.11399)->(15,27,8.3282)->(16,27,10.5777)->(17,27,12.5777)->(18,27,5006.01)->
Agent 47:(0,14,1.3)->(0,15,2.01421)->(0,16,3.33205)->(0,17,4.01421)->(0,18,4.58205)->(0,19,5.1)->(0,20,5.6)->(0,21,6.1)->(0,22,6.6)->(0,23,7.1)->(0,24,7.6)->(0,25,8.1)->(0,26,8.6)->(0,27,9.11795)->(0,28,9.68579)->(0,29,10.3679)->(0,30,11.6858)->(0,31,15.05)->(0,30,18.4142)->(0,29,19.7321)->(0,28,20.4142)->(0,27,20.9821)->(0,26,21.5)->(0,25,22)->(0,24,22.5)->(0,23,23)->(0,22,23.5)->(0,21,24)->(0,20,24.5)->(0,19,25)->(0,18,25.5)->(0,17,26)->(0,16,26.5179)->(0,15,27.0858)->(0,14,27.7679)->(0,13,29.0858)->(0,12,31.3)->(1,12,33.5142)->(2,12,34.8321)->(3,12,35.5142)->(4,12,36.0821)->(5,12,36.6)->(6,12,37.1)->(7,12,37.6)->(8,12,38.1)->(9,12,38.6)->(10,12,39.1)->(11,12,39.6)->(12,12,40.1)->(13,12,40.6)->(14,12,41.1)->(15,12,41.6)->(16,12,42.1)->(17,12,42.6)->(18,12,43.1)->(19,12,43.6)->(20,12,44.1)->(21,12,44.6)->(22,12,45.1)->(23,12,45.6)->(24,12,46.1)->(25,12,46.6)->(26,12,47.1179)->(27,12,47.6858)->(28,12,48.3679)->(29,12,49.6858)->(30,12,5024.55)->
Agent 48:(18,21,2.2)->(18,20,3.81421)->(18,19,5.13205)->(18,18,5.81421)->(18,17,6.38205)->(18,16,6.9)->(18,15,7.4)->(18,14,7.9)->(18,13,8.4)->(18,12,8.91795)->(18,11,9.48579)->(18,10,10.1679)->(18,9,11.4858)->(18,8,15.2858)->(17,8,19.0858)->(16,8,20.4036)->(15,8,21.0858)->(14,8,21.6536)->(13,8,22.1716)->(12,8,22.6716)->(11,8,23.1716)->(10,8,23.6716)->(9,8,24.1716)->(8,8,24.6716)->(7,8,25.1716)->(6,8,25.6895)->(5,8,26.2574)->(4,8,26.9395)->(3,8,28.2574)->(2,8,30.4716)->(2,7,32.6858)->(2,6,34.1)->(2,5,35.5142)->(2,4,5017.46)->
Agent 49:(5,18,1.8)->(4,18,3.04949)->(3,18,5.04949)->(2,18,7.29898)->(2,19,9.51319)->(2,20,10.831)->(2,21,11.5631)->(2,22,12.2951)->(2,23,13.613)->(2,24,5006.51)->
Agent 50:(19,25,2.21421)->(18,25,7)->(18,24,11.8142)->(18,23,13.1321)->(18,22,13.8142)->(18,21,14.3821)->(18,20,14.9)->(18,19,15.4)->(18,18,15.9)->(18,17,16.4)->(18,16,16.9)->(18,15,17.4179)->(18,14,17.9858)->(18,13,18.6679)->(18,12,19.9858)->(18,11,5009.7)->
Agent 51:(6,23,2.95)->(7,23,5.31421)->(8,23,6.63205)->(9,23,7.31421)->(10,23,7.88205)->(11,23,8.4)->(12,23,8.9)->(13,23,9.4)->(14,23,9.9)->(15,23,10.4)->(16,23,10.9)->(17,23,11.4)->(18,23,11.9)->(19,23,12.4)->(20,23,12.9179)->(21,23,13.4858)->(22,23,14.1679)->(23,23,15.4858)->(24,23,17.7)->(24,22,19.9142)->(24,21,21.2321)->(24,20,21.9142)->(24,19,22.4821)->(24,18,23)->(24,17,23.5)->(24,16,24)->(24,15,24.5)->(24,14,25)->(24,13,25.5)->(24,12,26)->(24,11,26.5)->(24,10,27)->(24,9,27.5)->(24,8,28)->(24,7,28.5)->(24,6,29.0179)->(24,5,29.5858)->(24,4,30.2679)->(24,3,31.5858)->(24,2,5015.5)->
Agent 52:(19,18,1.8)->(18,18,3.01421)->(17,18,4.33205)->(16,18,5.01421)->(15,18,5.58205)->(14,18,6.11795)->(13,18,6.68579)->(12,18,7.36795)->(11,18,8.68579)->(10,18,14.3642)->(10,17,20.0426)->(10,16,21.3605)->(10,15,22.0426)->(10,14,22.6105)->(10,13,23.1464)->(10,12,23.7142)->(10,11,24.3964)->(10,10,25.7142)->(10,9,5012.56)->
Agent 53:(7,15,1.8)->(6,15,3.04949)->(5,15,5.04949)->(4,15,7.29898)->(4,14,9.51319)->(4,13,10.831)->(4,12,11.5132)->(4,11,12.081)->(4,10,12.599)->(4,9,13.099)->(4,8,13.6169)->(4,7,14.1848)->(4,6,14.8669)->(4,5,16.1848)->(4,4,18.8132)->(5,4,5009.6)->
Agent 54:(30,8,2.2)->(30,7,3.81421)->(30,6,5.13205)->(30,5,5.82382)->(30,4,6.45949)->(30,3,7.15126)->(30,2,8.4691)->(30,1,10.6833)->(29,1,12.8975)->(28,1,14.2154)->(27,1,14.8975)->(26,1,15.4654)->(25,1,15.9833)->(24,1,16.4833)->(23,1,16.9833)->(22,1,17.4833)->(21,1,17.9833)->(20,1,18.4833)->(19,1,18.9833)->(18,1,19.4833)->(17,1,19.9833)->(16,1,20.4833)->(15,1,20.9833)->(14,1,21.4833)->(13,1,21.9833)->(12,1,22.4833)->(11,1,22.9833)->(10,1,23.4833)->(9,1,24.0013)->(8,1,24.5691)->(7,1,25.2513)->(6,1,26.5691)->(5,1,29.1975)->(5,0,5014.79)->
Agent 55:(22,11,1.3)->(22,12,2.01421)->(22,13,3.33205)->(22,14,4.01421)->(22,15,4.6)->(22,16,5.18579)->(22,17,5.86795)->(22,18,7.18579)->(22,19,10.6925)->(21,19,14.1993)->(20,19,15.5171)->(19,19,16.1993)->(18,19,16.7671)->(17,19,17.2851)->(16,19,17.7851)->(15,19,18.2851)->(14,19,18.7851)->(13,19,19.2851)->(12,19,19.7851)->(11,19,20.2851)->(10,19,20.7851)->(9,19,21.2851)->(8,19,21.7851)->(7,19,22.303)->(6,19,22.8708)->(5,19,23.553)->(4,19,24.8708)->(3,19,5012.14)->
Agent 56:(23,2,1.8)->(22,2,3.01421)->(21,2,4.33205)->(20,2,5.01421)->(19,2,5.6)->(18,2,6.18579)->(17,2,6.86795)->(16,2,8.18579)->(15,2,10.55)->(15,3,12.9142)->(15,4,14.2321)->(15,5,14.9142)->(15,6,15.4821)->(15,7,16)->(15,8,16.5)->(15,9,17)->(15,10,17.5)->(15,11,18)->(15,12,18.5)->(15,13,19.0179)->(15,14,19.5858)->(15,15,20.2679)->(15,16,21.5858)->(15,17,24.2142)->(14,17,5012.3)->
Agent 57:(5,31,2.2)->(5,30,3.81421)->(5,29,5.13205)->(5,28,5.81421)->(5,27,6.38205)->(5,26,6.91795)->(5,25,7.48579)->(5,24,8.16795)->(5,23,9.48579)->(5,22,11.7)->(6,22,13.9142)->(7,22,15.2321)->(8,22,15.9142)->(9,22,16.4821)->(10,22,17)->(11,22,17.5)->(12,22,18)->(13,22,18.5)->(14,22,19)->(15,22,19.5179)->(16,22,20.0858)->(17,22,20.7679)->(18,22,22.0858)->(19,22,24.7142)->(19,23,5012.55)->
Agent 58:(7,7,2.2)->(7,6,4.4)->(7,5,7.2)->(8,5,9.41421)->(9,5,10.8284)->(10,5,12.2426)->(11,5,14.6104)->(11,6,16.9781)->(11,7,18.2959)->(11,8,18.9781)->(11,9,19.5459)->(11,10,20.0639)->(11,11,20.5639)->(11,12,21.0818)->(11,13,21.6497)->(11,14,22.3318)->(11,15,23.6497)->(11,16,27.1018)->(12,16,30.554)->(13,16,31.8878)->(14,16,32.7163)->(15,16,34.0501)->(16,16,36.2643)->(16,17,39.0643)->(16,18,5019.53)->
Agent 59:(13,7,1.8)->(14,7,3.6)->(15,7,6.4)->(15,8,8.61421)->(15,9,9.93205)->(15,10,10.6142)->(15,11,11.1821)->(15,12,11.7179)->(15,13,12.2858)->(15,14,12.9679)->(15,15,14.2858)->(15,16,16.5)->(16,16,19.3)->(17,16,22.5142)->(17,17,5011.45)->
Agent 60:(1,14,2.2)->(1,13,3.81421)->(1,12,5.13205)->(1,11,5.81421)->(1,10,6.38205)->(1,9,6.9)->(1,8,7.4)->(1,7,7.91795)->(1,6,8.48579)->(1,5,9.16795)->(1,4,10.4858)->(1,3,20.5)->(2,3,30.5142)->(3,3,31.8321)->(4,3,32.5142)->(5,3,33.0821)->(6,3,33.6)->(7,3,34.1)->(8,3,34.6)->(9,3,35.1)->(10,3,35.6)->(11,3,36.1)->(12,3,36.6)->(13,3,37.1)->(14,3,37.6)->(15,3,38.1179)->(16,3,38.6858)->(17,3,39.3679)->(18,3,40.6858)->(19,3,5020.05)->
Agent 61:(28,26,1.8)->(27,26,3.01421)->(26,26,4.33205)->(25,26,5.01421)->(24,26,5.58205)->(23,26,6.1)->(22,26,6.6)->(21,26,7.11795)->(20,26,7.68579)->(19,26,8.36795)->(18,26,9.68579)->(17,26,5004.55)->
Agent 62:(24,25,2.95)->(24,24,5.31421)->(24,23,6.63205)->(24,22,7.31421)->(24,21,7.88205)->(24,20,8.4)->(24,19,8.9)->(24,18,9.4)->(24,17,9.9)->(24,16,10.4)->(24,15,10.9)->(24,14,11.4)->(24,13,11.9)->(24,12,12.4179)->(24,11,12.9858)->(24,10,13.6679)->(24,9,14.9858)->(24,8,17.3)->(23,8,19.6142)->(22,8,20.9321)->(21,8,21.6142)->(20,8,22.1821)->(19,8,22.7)->(18,8,23.2)->(17,8,23.7)->(16,8,24.2)->(15,8,24.7)->(14,8,25.2)->(13,8,25.7)->(12,8,26.2)->(11,8,26.7)->(10,8,27.2)->(9,8,27.7179)->(8,8,28.2858)->(7,8,28.9679)->(6,8,30.2858)->(5,8,32.5)->(5,7,34.7495)->(5,6,36.7495)->(5,5,39.4132)->(4,5,5019.9)->
Agent 63:(31,5,1.67843)->(31,6,2.77107)->(31,7,4.08891)->(31,8,4.77107)->(31,9,5.33891)->(31,10,5.85685)->(31,11,6.3748)->(31,12,6.94264)->(31,13,7.6248)->(31,14,8.94264)->(31,15,11.1569)->(30,15,13.3711)->(29,15,14.6889)->(28,15,15.3711)->(27,15,15.9389)->(26,15,16.4569)->(25,15,16.9569)->(24,15,17.4569)->(23,15,17.9569)->(22,15,18.4569)->(21,15,18.9569)->(20,15,19.4569)->(19,15,19.9569)->(18,15,20.4569)->(17,15,20.9569)->(16,15,21.4748)->(15,15,22.0426)->(14,15,22.7248)->(13,15,24.0426)->(12,15,5011.73)->
Agent 64:(16,23,2.2)->(16,22,3.81421)->(16,21,5.13205)->(16,20,5.81421)->(16,19,6.38205)->(16,18,6.9)->(16,17,7.4)->(16,16,7.9)->(16,15,8.4)->(16,14,8.9)->(16,13,9.4)->(16,12,9.9)->(16,11,10.4179)->(16,10,10.9858)->(16,9,11.6679)->(16,8,12.9858)->(16,7,17.1358)->(17,7,21.2858)->(18,7,22.7)->(19,7,24.1142)->(20,7,5011.76)->
Agent 65:(12,27,2.2)->(12,26,3.81421)->(12,25,5.13205)->(12,24,5.81421)->(12,23,6.38205)->(12,22,6.9)->(12,21,7.4)->(12,20,7.9)->(12,19,8.4)->(12,18,8.9)->(12,17,9.4)->(12,16,9.9)->(12,15,10.4)->(12,14,10.9)->(12,13,11.4)->(12,12,11.9)->(12,11,12.4)->(12,10,12.9)->(12,9,13.4)->(12,8,13.9)->(12,7,14.4)->(12,6,14.9179)->(12,5,15.4858)->(12,4,16.1679)->(12,3,17.4858)->(12,2,19.7)->(11,2,21.9142)->(10,2,23.2481)->(9,2,24.0765)->(8,2,25.4103)->(7,2,27.6246)->(7,3,30.4246)->(7,4,5015.21)->
Agent 66:(0,9,2.2)->(0,8,3.81421)->(0,7,5.13205)->(0,6,5.81421)->(0,5,6.38205)->(0,4,6.91795)->(0,3,7.48579)->(0,2,8.16795)->(0,1,9.48579)->(0,0,11.7)->(1,0,13.9142)->(2,0,15.2321)->(3,0,15.9142)->(4,0,16.4821)->(5,0,17)->(6,0,17.5179)->(7,0,18.0858)->(8,0,18.7679)->(9,0,20.0858)->(10,0,23.1559)->(10,1,5011.99)->
Agent 67:(14,5,2.2)->(14,4,4.4)->(14,3,20.75)->(14,4,36.5142)->(14,5,37.8321)->(14,6,38.5142)->(14,7,39.0821)->(14,8,39.6179)->(14,9,40.1858)->(14,10,40.8679)->(14,11,42.1858)->(14,12,5020.8)->
Agent 68:(25,9,2.21421)->(26,9,5.35)->(26,10,8.51421)->(26,11,9.83205)->(26,12,10.5142)->(26,13,11.0821)->(26,14,11.6)->(26,15,12.1)->(26,16,12.6)->(26,17,13.1)->(26,18,13.6)->(26,19,14.1)->(26,20,14.6)->(26,21,15.1)->(26,22,15.6179)->(26,23,16.1858)->(26,24,16.8679)->(26,25,18.1858)->(26,26,5008.8)->
Agent 69:(6,20,1.8)->(7,20,3.01421)->(8,20,4.33205)->(9,20,5.01421)->(10,20,5.58205)->(11,20,6.1)->(12,20,6.6)->(13,20,7.1)->(14,20,7.6)->(15,20,8.1)->(16,20,8.6)->(17,20,9.1)->(18,20,9.6)->(19,20,10.1)->(20,20,10.6)->(21,20,11.1)->(22,20,11.6)->(23,20,12.1)->(24,20,12.6)->(25,20,13.1)->(26,20,13.6)->(27,20,14.1179)->(28,20,14.6858)->(29,20,15.3679)->(30,20,16.6858)->(31,20,18.9)->(31,19,21.1142)->(31,18,22.4321)->(31,17,23.1142)->(31,16,23.6821)->(31,15,24.2179)->(31,14,24.7858)->(31,13,25.4679)->(31,12,26.7858)->(31,11,5013.1)->
Agent 70:(4,21,2.2)->(4,20,3.81421)->(4,19,5.22843)->(4,18,6.64264)->(4,17,10.5284)->(5,17,14.4142)->(6,17,15.7321)->(7,17,16.4142)->(8,17,16.9821)->(9,17,17.5)->(10,17,18)->(11,17,18.5)->(12,17,19)->(13,17,19.5)->(14,17,20)->(15,17,20.5)->(16,17,21)->(17,17,21.5)->(18,17,22)->(19,17,22.5)->(20,17,23)->(21,17,23.5)->(22,17,24)->(23,17,24.5)->(24,17,25)->(25,17,25.5179)->(26,17,26.0858)->(27,17,26.7679)->(28,17,28.0858)->(29,17,5013.75)->
Agent 71:(24,31,2.95)->(24,30,5.31421)->(24,29,6.63205)->(24,28,7.31421)->(24,27,7.88205)->(24,26,8.4)->(24,25,8.9)->(24,24,9.4)->(24,23,9.9)->(24,22,10.4)->(24,21,10.9)->(24,20,11.4)->(24,19,11.9)->(24,18,12.4179)->(24,17,12.9858)->(24,16,13.6679)->(24,15,14.9858)->(24,14,17.2)->(23,14,19.4142)->(22,14,20.7321)->(21,14,21.4142)->(20,14,21.9821)->(19,14,22.5)->(18,14,23)->(17,14,23.5)->(16,14,24)->(15,14,24.5)->(14,14,25)->(13,14,25.5)->(12,14,26)->(11,14,26.5)->(10,14,27)->(9,14,27.5179)->(8,14,28.0858)->(7,14,28.7679)->(6,14,30.0858)->(5,14,32.7142)->(5,13,5016.55)->
Agent 72:(30,17,2.21421)->(31,17,4.81421)->(31,18,7.44264)->(31,19,8.76048)->(31,20,9.44264)->(31,21,10.0105)->(31,22,10.5464)->(31,23,11.1142)->(31,24,11.7964)->(31,25,13.1142)->(31,26,5006.26)->
Agent 73:(29,16,2.21421)->(29,15,3.84264)->(29,14,5.16048)->(29,13,5.85225)->(29,12,6.48792)->(29,11,7.17969)->(29,10,8.49753)->(29,9,13.7201)->(28,9,18.9426)->(27,9,20.2605)->(26,9,20.9426)->(25,9,21.5105)->(24,9,22.0284)->(23,9,22.5284)->(22,9,23.0284)->(21,9,23.5464)->(20,9,24.1142)->(19,9,24.7964)->(18,9,26.1142)->(17,9,28.7426)->(17,10,5014.56)->
Agent 74:(4,14,2.45)->(5,14,4.34949)->(6,14,6.34949)->(7,14,9.13154)->(7,15,11.8783)->(7,16,13.1962)->(7,17,13.8783)->(7,18,14.4462)->(7,19,14.9641)->(7,20,15.4641)->(7,21,15.9821)->(7,22,16.5499)->(7,23,17.2321)->(7,24,18.5499)->(7,25,5008.98)->
Agent 75:(28,23,2.2)->(28,22,4.4)->(28,21,7.31421)->(27,21,9.64264)->(26,21,10.9605)->(25,21,11.6426)->(24,21,12.2105)->(23,21,12.7284)->(22,21,13.2284)->(21,21,13.7464)->(20,21,14.3142)->(19,21,14.9964)->(18,21,16.3142)->(17,21,5007.86)->
Agent 76:(18,30,2.2)->(18,29,3.84949)->(18,28,5.84949)->(18,27,8.09898)->(19,27,10.899)->(20,27,5005.45)->
Agent 77:(1,0,1.8)->(2,0,3.01421)->(3,0,4.33205)->(4,0,5.01421)->(5,0,5.58205)->(6,0,6.1)->(7,0,6.6)->(8,0,7.1)->(9,0,7.6)->(10,0,8.1)->(11,0,8.6)->(12,0,9.1)->(13,0,9.6)->(14,0,10.1)->(15,0,10.6)->(16,0,11.1)->(17,0,11.6)->(18,0,12.1)->(19,0,12.6)->(20,0,13.1)->(21,0,13.6)->(22,0,14.1)->(23,0,14.6)->(24,0,15.1)->(25,0,15.6)->(26,0,16.1)->(27,0,16.6179)->(28,0,17.1858)->(29,0,17.8679)->(30,0,19.1858)->(31,0,21.4)->(31,1,23.6142)->(31,2,24.9321)->(31,3,25.6238)->(31,4,26.2595)->(31,5,26.9513)->(31,6,28.2691)->(31,7,5013.84)->
Agent 78:(30,20,2.2)->(30,19,3.81421)->(30,18,5.13205)->(30,17,5.81421)->(30,16,6.38205)->(30,15,6.9)->(30,14,7.4)->(30,13,7.9)->(30,12,8.4)->(30,11,8.9)->(30,10,9.41795)->(30,9,9.98579)->(30,8,10.6679)->(30,7,11.9858)->(30,6,14.2)->(29,6,16.4142)->(28,6,17.7321)->(27,6,18.4142)->(26,6,18.9821)->(25,6,19.5)->(24,6,20)->(23,6,20.5)->(22,6,21)->(21,6,21.5)->(20,6,22)->(19,6,22.5)->(18,6,23)->(17,6,23.5)->(16,6,24)->(15,6,24.5)->(14,6,25)->(13,6,25.5)->(12,6,26)->(11,6,26.5)->(10,6,27)->(9,6,27.5)->(8,6,28.0179)->(7,6,28.5858)->(6,6,29.2679)->(5,6,30.5858)->(4,6,33.2142)->(4,7,5016.8)->
Agent 79:(7,9,4.2641)->(7,8,7.94242)->(7,7,9.27627)->(7,6,10.1047)->(7,5,11.4385)->(7,4,19.7264)->(8,4,28.0142)->(9,4,29.3321)->(10,4,30.0142)->(11,4,30.5821)->(12,4,31.1)->(13,4,31.6)->(14,4,32.1)->(15,4,32.6)->(16,4,33.1)->(17,4,33.6)->(18,4,34.1)->(19,4,34.6)->(20,4,35.1)->(21,4,35.6)->(22,4,36.1)->(23,4,36.6)->(24,4,37.1)->(25,4,37.6)->(26,4,38.1179)->(27,4,38.6858)->(28,4,39.3679)->(29,4,40.6858)->(30,4,5020.05)->
Agent 80:(3,18,1.71421)->(3,19,4.32843)->(4,19,7.50634)->(5,19,9.50634)->(6,19,12.9779)->(6,20,16.4142)->(6,21,17.7321)->(6,22,18.4142)->(6,23,18.9821)->(6,24,19.5179)->(6,25,20.0858)->(6,26,20.7679)->(6,27,22.0858)->(6,28,24.3)->(5,28,26.5142)->(4,28,27.9284)->(3,28,29.3426)->(2,28,5014.38)->
Agent 81:(0,12,1.4142)->(0,13,2.24261)->(0,14,3.56045)->(0,15,4.24261)->(0,16,4.81045)->(0,17,5.3284)->(0,18,5.8284)->(0,19,6.3284)->(0,20,6.8284)->(0,21,7.3284)->(0,22,7.8284)->(0,23,8.3284)->(0,24,8.8284)->(0,25,9.34635)->(0,26,9.91419)->(0,27,10.5963)->(0,28,11.9142)->(0,29,15.1642)->(1,29,18.4142)->(2,29,19.7321)->(3,29,20.4142)->(4,29,20.9821)->(5,29,21.5)->(6,29,22)->(7,29,22.5)->(8,29,23)->(9,29,23.5)->(10,29,24)->(11,29,24.5)->(12,29,25)->(13,29,25.5)->(14,29,26)->(15,29,26.5)->(16,29,27)->(17,29,27.5)->(18,29,28)->(19,29,28.5)->(20,29,29)->(21,29,29.5)->(22,29,30)->(23,29,30.5)->(24,29,31)->(25,29,31.5)->(26,29,32.0179)->(27,29,32.5858)->(28,29,33.2679)->(29,29,34.5858)->(30,29,37.2142)->(30,30,5018.8)->
Agent 82:(12,7,1.8)->(11,7,3.01421)->(10,7,4.33205)->(9,7,5.0641)->(8,7,5.79615)->(7,7,7.11399)->(6,7,9.3282)->(6,8,11.5424)->(6,9,12.8603)->(6,10,13.5424)->(6,11,14.1103)->(6,12,14.6282)->(6,13,15.1282)->(6,14,15.6282)->(6,15,16.1282)->(6,16,16.6282)->(6,17,17.1282)->(6,18,17.6462)->(6,19,18.214)->(6,20,18.8962)->(6,21,20.214)->(6,22,5009.81)->
Agent 83:(19,6,2.2)->(19,7,3.81421)->(19,8,5.13205)->(19,9,5.81421)->(19,10,6.38205)->(19,11,6.9)->(19,12,7.4)->(19,13,7.9)->(19,14,8.4)->(19,15,8.9)->(19,16,9.4)->(19,17,9.9)->(19,18,10.4)->(19,19,10.9179)->(19,20,11.4858)->(19,21,12.1679)->(19,22,13.4858)->(19,23,15.7)->(18,23,17.9142)->(17,23,19.2321)->(16,23,19.9238)->(15,23,20.5595)->(14,23,21.2513)->(13,23,22.5691)->(12,23,5010.99)->
Agent 84:(17,22,2.2)->(17,21,3.81421)->(17,20,5.13205)->(17,19,5.81421)->(17,18,6.38205)->(17,17,6.9)->(17,16,7.4)->(17,15,7.9)->(17,14,8.4)->(17,13,8.9)->(17,12,9.4)->(17,11,9.9)->(17,10,10.4)->(17,9,10.9179)->(17,8,11.4858)->(17,7,12.1679)->(17,6,13.4858)->(17,5,15.7)->(16,5,17.9142)->(15,5,19.2321)->(14,5,19.9641)->(13,5,20.6962)->(12,5,22.014)->(11,5,5010.71)->
Agent 85:(3,27,1.8)->(4,27,3.01421)->(5,27,4.34806)->(6,27,5.17649)->(7,27,6.51034)->(8,27,11.2944)->(8,26,16.0785)->(8,25,17.3964)->(8,24,18.0785)->(8,23,18.6464)->(8,22,19.1643)->(8,21,19.6643)->(8,20,20.1643)->(8,19,20.6643)->(8,18,21.1643)->(8,17,21.6823)->(8,16,22.2501)->(8,15,22.9323)->(8,14,24.2501)->(8,13,26.8785)->(7,13,5013.63)->
Agent 86:(12,12,2.45)->(13,12,4.31421)->(14,12,5.63205)->(15,12,6.31421)->(16,12,6.88205)->(17,12,7.4)->(18,12,7.9)->(19,12,8.4)->(20,12,8.9)->(21,12,9.4)->(22,12,9.91795)->(23,12,10.4858)->(24,12,11.1679)->(25,12,12.4858)->(26,12,14.7)->(26,13,17.5)->(26,14,5008.75)->
Agent 87:(5,2,2.5)->(5,3,4.41421)->(5,4,5.73205)->(5,5,6.41421)->(5,6,6.98205)->(5,7,7.5)->(5,8,8)->(5,9,8.5)->(5,10,9)->(5,11,9.5)->(5,12,10)->(5,13,10.5)->(5,14,11)->(5,15,11.5)->(5,16,12)->(5,17,12.5)->(5,18,13)->(5,19,13.5)->(5,20,14)->(5,21,14.5)->(5,22,15)->(5,23,15.5)->(5,24,16)->(5,25,16.5)->(5,26,17.0179)->(5,27,17.5858)->(5,28,18.2679)->(5,29,19.5858)->(5,30,22.2142)->(6,30,5011.3)->
Agent 88:(0,1,1.8)->(1,1,3.01421)->(2,1,4.33205)->(3,1,5.01421)->(4,1,5.58205)->(5,1,6.1)->(6,1,6.61795)->(7,1,7.18579)->(8,1,7.86795)->(9,1,9.18579)->(10,1,11.4)->(10,2,13.6142)->(10,3,14.9321)->(10,4,15.6142)->(10,5,16.1821)->(10,6,16.7179)->(10,7,17.2858)->(10,8,17.9679)->(10,9,19.2858)->(10,10,21.5)->(11,10,23.7142)->(12,10,25.0321)->(13,10,25.7142)->(14,10,26.2821)->(15,10,26.8)->(16,10,27.3)->(17,10,27.8)->(18,10,28.3)->(19,10,28.8179)->(20,10,29.3858)->(21,10,30.0679)->(22,10,31.3858)->(23,10,5015.4)->
Agent 89:(12,30,2.2)->(12,29,3.81421)->(12,28,5.13205)->(12,27,5.81421)->(12,26,6.38205)->(12,25,6.9)->(12,24,7.4)->(12,23,7.9)->(12,22,8.4)->(12,21,8.9)->(12,20,9.4)->(12,19,9.9)->(12,18,10.4)->(12,17,10.9)->(12,16,11.4)->(12,15,11.9)->(12,14,12.4)->(12,13,12.9)->(12,12,13.4)->(12,11,13.9)->(12,10,14.4)->(12,9,14.9)->(12,8,15.4179)->(12,7,15.9858)->(12,6,16.6679)->(12,5,17.9858)->(12,4,20.2)->(11,4,23)->(10,4,26.2142)->(10,5,5013.3)->
