Agent 0:(29,14,1.8)->(28,14,3.01421)->(27,14,4.34806)->(26,14,5.17649)->(25,14,6.51034)->(24,14,8.72456)->(24,13,10.974)->(24,12,12.974)->(24,11,16.2118)->(23,11,19.4142)->(22,11,20.7321)->(21,11,21.4142)->(20,11,21.9821)->(19,11,22.5)->(18,11,23.0179)->(17,11,23.5858)->(16,11,24.2679)->(15,11,25.5858)->(14,11,27.8)->(14,12,30.6)->(14,13,33.4)->(13,13,35.6142)->(12,13,36.9321)->(11,13,37.6142)->(10,13,38.2)->(9,13,38.7858)->(8,13,39.4679)->(7,13,40.7858)->(6,13,5020.1)->
Agent 1:(8,17,4.58011)->(8,18,8.57444)->(8,19,9.89228)->(8,20,10.6243)->(8,21,11.3564)->(8,22,12.6742)->(8,23,18.8177)->(7,23,24.9612)->(6,23,26.2951)->(5,23,27.1235)->(4,23,28.4574)->(3,23,30.6716)->(3,24,33.4716)->(3,25,5016.74)->
Agent 2:(28,1,1.3)->(28,2,2.01421)->(28,3,3.33205)->(28,4,4.01421)->(28,5,4.6)->(28,6,5.18579)->(28,7,5.86795)->(28,8,7.18579)->(28,9,12.1142)->(27,9,17.0426)->(26,9,18.3605)->(25,9,19.0426)->(24,9,19.6105)->(23,9,20.1284)->(22,9,20.6284)->(21,9,21.1284)->(20,9,21.6284)->(19,9,22.1284)->(18,9,22.6284)->(17,9,23.1284)->(16,9,23.6284)->(15,9,24.1284)->(14,9,24.6464)->(13,9,25.2142)->(12,9,25.8964)->(11,9,27.2142)->(10,9,29.4284)->(10,10,31.6426)->(10,11,32.9605)->(10,12,33.6426)->(10,13,34.2105)->(10,14,34.7284)->(10,15,35.2284)->(10,16,35.7464)->(10,17,36.3142)->(10,18,36.9964)->(10,19,38.3142)->(10,20,40.5284)->(9,20,42.7779)->(8,20,44.7779)->(7,20,47.0274)->(7,21,49.2769)->(7,22,51.2769)->(7,23,53.9406)->(6,23,5027.16)->
Agent 3:(19,0,1.38579)->(19,1,2.18579)->(19,2,3.6)->(19,3,5.01421)->(19,4,8.57843)->(18,4,18.0091)->(18,5,25.5324)->(18,6,26.8502)->(18,7,27.5324)->(18,8,28.1182)->(18,9,28.704)->(18,10,29.3861)->(18,11,30.704)->(18,12,5015.06)->
Agent 4:(3,20,1.8)->(2,20,3.6)->(1,20,11.65)->(1,19,19.1142)->(1,18,20.4321)->(1,17,21.1641)->(1,16,21.8962)->(1,15,23.214)->(1,14,25.8424)->(0,14,5013.11)->
Agent 5:(5,18,2.45)->(6,18,4.31421)->(7,18,5.63205)->(8,18,6.31421)->(9,18,6.88205)->(10,18,7.4)->(11,18,7.9)->(12,18,8.4)->(13,18,8.9)->(14,18,9.41795)->(15,18,9.98579)->(16,18,10.6679)->(17,18,11.9858)->(18,18,14.2)->(18,19,16.4495)->(18,20,18.4495)->(18,21,5008.95)->
Agent 6:(22,28,1.71421)->(22,29,3.81421)->(21,29,6.44264)->(20,29,7.76048)->(19,29,8.44264)->(18,29,9.01048)->(17,29,9.52843)->(16,29,10.0284)->(15,29,10.5284)->(14,29,11.0464)->(13,29,11.6142)->(12,29,12.2964)->(11,29,13.6142)->(10,29,19.1898)->(10,28,24.7655)->(10,27,26.0833)->(10,26,26.8153)->(10,25,27.5474)->(10,24,28.8652)->(10,23,5014.14)->
Agent 7:(30,4,1.3)->(30,5,2.6)->(30,6,5.81421)->(31,6,12.3642)->(30,6,17.9426)->(29,6,19.2605)->(28,6,19.9426)->(27,6,20.5105)->(26,6,21.0284)->(25,6,21.5284)->(24,6,22.0284)->(23,6,22.5284)->(22,6,23.0284)->(21,6,23.5284)->(20,6,24.0284)->(19,6,24.5284)->(18,6,25.0464)->(17,6,25.6142)->(16,6,26.2964)->(15,6,27.6142)->(14,6,5013.51)->
Agent 8:(31,1,1.3)->(31,2,2.01421)->(31,3,3.33205)->(31,4,4.01421)->(31,5,4.58205)->(31,6,5.1)->(31,7,5.6)->(31,8,6.1)->(31,9,6.6)->(31,10,7.1)->(31,11,7.6)->(31,12,8.1)->(31,13,8.6)->(31,14,9.1)->(31,15,9.6)->(31,16,10.1)->(31,17,10.6)->(31,18,11.1179)->(31,19,11.6858)->(31,20,12.3679)->(31,21,13.6858)->(31,22,17.8443)->(30,22,22.0029)->(29,22,23.3207)->(28,22,24.0029)->(27,22,24.5707)->(26,22,25.0887)->(25,22,25.5887)->(24,22,26.0887)->(23,22,26.5887)->(22,22,27.0887)->(21,22,27.5887)->(20,22,28.0887)->(19,22,28.5887)->(18,22,29.0887)->(17,22,29.5887)->(16,22,30.0887)->(15,22,30.6066)->(14,22,31.1744)->(13,22,31.8566)->(12,22,33.1744)->(11,22,35.3887)->(11,23,38.1887)->(11,24,5019.09)->
Agent 9:(6,5,1.8)->(7,5,3.01421)->(8,5,4.33205)->(9,5,5.02382)->(10,5,5.65949)->(11,5,6.35126)->(12,5,7.6691)->(13,5,10.8774)->(13,6,14.0858)->(13,7,15.4036)->(13,8,16.0858)->(13,9,16.6536)->(13,10,17.1716)->(13,11,17.6716)->(13,12,18.1716)->(13,13,18.6716)->(13,14,19.1716)->(13,15,19.6716)->(13,16,20.1716)->(13,17,20.6716)->(13,18,21.1716)->(13,19,21.6716)->(13,20,22.1716)->(13,21,22.6716)->(13,22,23.1716)->(13,23,23.6716)->(13,24,24.1716)->(13,25,24.6895)->(13,26,25.2574)->(13,27,25.9395)->(13,28,27.2574)->(13,29,5013.34)->
Agent 10:(19,19,1.3)->(19,20,2.01421)->(19,21,3.34806)->(19,22,4.17649)->(19,23,5.51034)->(19,24,7.72456)->(20,24,9.93877)->(21,24,11.2566)->(22,24,11.9388)->(23,24,12.5066)->(24,24,13.0246)->(25,24,13.5425)->(26,24,14.1103)->(27,24,14.7925)->(28,24,16.1103)->(29,24,18.3246)->(29,23,20.5388)->(29,22,21.8566)->(29,21,22.5388)->(29,20,23.1066)->(29,19,23.6246)->(29,18,24.1246)->(29,17,24.6246)->(29,16,25.1425)->(29,15,25.7103)->(29,14,26.3925)->(29,13,27.7103)->(29,12,5013.56)->
Agent 11:(11,30,12.4917)->(11,29,24.3975)->(11,28,25.7154)->(11,27,26.3975)->(11,26,26.9654)->(11,25,27.4833)->(11,24,27.9833)->(11,23,28.4833)->(11,22,29.0013)->(11,21,29.5691)->(11,20,30.2513)->(11,19,31.5691)->(11,18,5015.49)->
Agent 12:(8,19,1.3)->(8,20,2.6)->(8,21,5.4)->(7,21,8.2)->(6,21,11.3481)->(6,20,13.9103)->(6,19,15.2282)->(6,18,15.9103)->(6,17,16.4782)->(6,16,16.9961)->(6,15,17.4961)->(6,14,17.9961)->(6,13,18.4961)->(6,12,18.9961)->(6,11,19.4961)->(6,10,19.9961)->(6,9,20.5141)->(6,8,21.0819)->(6,7,21.7641)->(6,6,23.0819)->(6,5,25.2961)->(7,5,27.5103)->(8,5,28.8282)->(9,5,29.5103)->(10,5,30.0782)->(11,5,30.5961)->(12,5,31.0961)->(13,5,31.5961)->(14,5,32.0961)->(15,5,32.5961)->(16,5,33.0961)->(17,5,33.5961)->(18,5,34.0961)->(19,5,34.5961)->(20,5,35.1141)->(21,5,35.6819)->(22,5,36.3641)->(23,5,37.6819)->(24,5,5018.55)->
Agent 13:(14,3,1.8)->(13,3,3.6)->(12,3,10.8774)->(12,4,17.5691)->(12,5,18.8869)->(12,6,19.5691)->(12,7,20.1369)->(12,8,20.6549)->(12,9,21.1549)->(12,10,21.6549)->(12,11,22.1549)->(12,12,22.6549)->(12,13,23.1549)->(12,14,23.6549)->(12,15,24.1728)->(12,16,24.7407)->(12,17,25.4228)->(12,18,26.7407)->(12,19,29.3691)->(13,19,5014.88)->
Agent 14:(4,24,1.8)->(3,24,3.6)->(2,24,6.4)->(2,23,8.61421)->(2,22,9.93205)->(2,21,10.6142)->(2,20,11.1821)->(2,19,11.7)->(2,18,12.2)->(2,17,12.7)->(2,16,13.2)->(2,15,13.7)->(2,14,14.2)->(2,13,14.7)->(2,12,15.2)->(2,11,15.7)->(2,10,16.2)->(2,9,16.7179)->(2,8,17.2858)->(2,7,17.9679)->(2,6,19.2858)->(2,5,21.5)->(1,5,24.3)->(0,5,5012.15)->
Agent 15:(23,29,3.21421)->(23,28,5.84264)->(23,27,7.16048)->(23,26,7.84264)->(23,25,8.41048)->(23,24,8.92843)->(23,23,9.42843)->(23,22,9.92843)->(23,21,10.4284)->(23,20,10.9284)->(23,19,11.4284)->(23,18,11.9284)->(23,17,12.4284)->(23,16,12.9284)->(23,15,13.4284)->(23,14,13.9284)->(23,13,14.4284)->(23,12,14.9284)->(23,11,15.4284)->(23,10,15.9284)->(23,9,16.4284)->(23,8,16.9284)->(23,7,17.4284)->(23,6,17.9464)->(23,5,18.5142)->(23,4,19.1964)->(23,3,20.5142)->(23,2,22.7284)->(22,2,24.9426)->(21,2,26.2605)->(20,2,26.9426)->(19,2,27.5105)->(18,2,28.0284)->(17,2,28.5284)->(16,2,29.0284)->(15,2,29.5464)->(14,2,30.1142)->(13,2,30.7964)->(12,2,32.1142)->(11,2,34.7426)->(11,3,5017.56)->
Agent 16:(17,5,1.8)->(18,5,3.01421)->(19,5,4.33205)->(20,5,5.01421)->(21,5,5.58205)->(22,5,6.1)->(23,5,6.6)->(24,5,7.1)->(25,5,7.6)->(26,5,8.11795)->(27,5,8.68579)->(28,5,9.36795)->(29,5,10.6858)->(30,5,12.9)->(30,6,15.1142)->(30,7,16.4321)->(30,8,17.1142)->(30,9,17.6821)->(30,10,18.2)->(30,11,18.7)->(30,12,19.2)->(30,13,19.7)->(30,14,20.2)->(30,15,20.7)->(30,16,21.2)->(30,17,21.7)->(30,18,22.2)->(30,19,22.7)->(30,20,23.2)->(30,21,23.7)->(30,22,24.2)->(30,23,24.7)->(30,24,25.2179)->(30,25,25.7858)->(30,26,26.4679)->(30,27,27.7858)->(30,28,5013.6)->
Agent 17:(28,26,3.21421)->(27,26,5.84264)->(26,26,7.16048)->(25,26,7.84264)->(24,26,8.41048)->(23,26,8.92843)->(22,26,9.42843)->(21,26,9.92843)->(20,26,10.4284)->(19,26,10.9284)->(18,26,11.4284)->(17,26,11.9284)->(16,26,12.4284)->(15,26,12.9284)->(14,26,13.4284)->(13,26,13.9284)->(12,26,14.4284)->(11,26,14.9284)->(10,26,15.4284)->(9,26,15.9284)->(8,26,16.4284)->(7,26,16.9464)->(6,26,17.5142)->(5,26,18.1964)->(4,26,19.5142)->(3,26,22.4)->(3,25,25.2858)->(3,24,26.6036)->(3,23,27.2858)->(3,22,27.8536)->(3,21,28.3716)->(3,20,28.8716)->(3,19,29.3716)->(3,18,29.8716)->(3,17,30.3716)->(3,16,30.8716)->(3,15,31.3716)->(3,14,31.8716)->(3,13,32.3716)->(3,12,32.8716)->(3,11,33.3895)->(3,10,33.9574)->(3,9,34.6395)->(3,8,35.9574)->(3,7,5017.69)->
Agent 18:(9,17,2.63772)->(9,18,4.68966)->(9,19,6.02351)->(9,20,6.85194)->(9,21,8.18579)->(9,22,11.4858)->(10,22,14.7858)->(11,22,16.1196)->(12,22,16.9481)->(13,22,18.2819)->(14,22,20.4961)->(14,23,22.7456)->(14,24,24.7456)->(14,25,27.4093)->(15,25,5013.9)->
Agent 19:(21,30,10.2417)->(20,30,19.8975)->(19,30,21.2154)->(18,30,21.8975)->(17,30,22.4654)->(16,30,22.9833)->(15,30,23.4833)->(14,30,23.9833)->(13,30,24.4833)->(12,30,24.9833)->(11,30,25.4833)->(10,30,25.9833)->(9,30,26.4833)->(8,30,26.9833)->(7,30,27.4833)->(6,30,27.9833)->(5,30,28.5013)->(4,30,29.0691)->(3,30,29.7513)->(2,30,31.0691)->(1,30,5015.24)->
Agent 20:(31,30,1.8)->(30,30,3.01421)->(29,30,4.33205)->(28,30,5.01421)->(27,30,5.58205)->(26,30,6.11795)->(25,30,6.68579)->(24,30,7.36795)->(23,30,8.68579)->(22,30,11.2068)->(22,29,13.7279)->(22,28,15.0457)->(22,27,15.7279)->(22,26,16.2957)->(22,25,16.8137)->(22,24,17.3137)->(22,23,17.8137)->(22,22,18.3137)->(22,21,18.8137)->(22,20,19.3137)->(22,19,19.8137)->(22,18,20.3316)->(22,17,20.8995)->(22,16,21.5816)->(22,15,22.8995)->(22,14,26.0211)->(21,14,29.1426)->(20,14,30.4605)->(19,14,31.1426)->(18,14,31.7105)->(17,14,32.2284)->(16,14,32.7284)->(15,14,33.2284)->(14,14,33.7284)->(13,14,34.2284)->(12,14,34.7284)->(11,14,35.2284)->(10,14,35.7464)->(9,14,36.3142)->(8,14,36.9964)->(7,14,38.3142)->(6,14,40.9426)->(6,15,5020.66)->
Agent 21:(29,5,1.71421)->(29,6,4.75)->(28,6,8.31421)->(27,6,9.63205)->(26,6,10.3142)->(25,6,10.8821)->(24,6,11.4)->(23,6,11.9)->(22,6,12.4)->(21,6,12.9)->(20,6,13.4)->(19,6,13.9)->(18,6,14.4179)->(17,6,14.9858)->(16,6,15.6679)->(15,6,16.9858)->(14,6,19.2)->(14,7,21.4142)->(14,8,22.7321)->(14,9,23.4142)->(14,10,23.9821)->(14,11,24.5)->(14,12,25)->(14,13,25.5)->(14,14,26)->(14,15,26.5)->(14,16,27.0179)->(14,17,27.5858)->(14,18,28.2679)->(14,19,29.5858)->(14,20,32.2142)->(13,20,35.8142)->(13,21,38.4426)->(13,22,39.7605)->(13,23,40.4426)->(13,24,41.0284)->(13,25,41.6142)->(13,26,42.2964)->(13,27,43.6142)->(13,28,5021.51)->
Agent 22:(4,11,2.2)->(5,11,3.81421)->(6,11,5.13205)->(7,11,5.81421)->(8,11,6.38205)->(9,11,6.9)->(10,11,7.4)->(11,11,7.9)->(12,11,8.4)->(13,11,8.91795)->(14,11,9.48579)->(15,11,10.1679)->(16,11,11.4858)->(17,11,15.2)->(17,12,18.9142)->(17,13,20.2481)->(17,14,21.0765)->(17,15,22.4103)->(17,16,25.0388)->(16,16,29.053)->(16,17,5014.93)->
Agent 23:(26,1,1.60684)->(26,2,2.62789)->(26,3,3.94573)->(26,4,4.62789)->(26,5,5.19573)->(26,6,5.71368)->(26,7,6.21368)->(26,8,6.71368)->(26,9,7.21368)->(26,10,7.71368)->(26,11,8.21368)->(26,12,8.71368)->(26,13,9.21368)->(26,14,9.73163)->(26,15,10.2995)->(26,16,10.9816)->(26,17,12.2995)->(26,18,14.5137)->(25,18,16.7279)->(24,18,18.0457)->(23,18,18.7279)->(22,18,19.2957)->(21,18,19.8137)->(20,18,20.3137)->(19,18,20.8316)->(18,18,21.3995)->(17,18,22.0816)->(16,18,23.3995)->(15,18,26.1407)->(15,19,28.8819)->(15,20,30.2961)->(15,21,31.7103)->(15,22,35.8085)->(14,22,40.4925)->(13,22,5020.25)->
Agent 24:(28,16,1.8)->(27,16,3.01421)->(26,16,4.33205)->(25,16,5.01421)->(24,16,5.58205)->(23,16,6.1)->(22,16,6.61795)->(21,16,7.18579)->(20,16,7.86795)->(19,16,9.18579)->(18,16,12.7036)->(18,15,16.2215)->(18,14,17.5393)->(18,13,18.2713)->(18,12,19.0034)->(18,11,20.3212)->(18,10,22.5355)->(17,10,24.7497)->(16,10,26.1639)->(15,10,27.5781)->(14,10,30.2104)->(14,11,5015.3)->
Agent 25:(28,17,2.21421)->(29,17,4.81421)->(29,16,7.44264)->(29,15,8.77649)->(29,14,9.60492)->(29,13,10.9388)->(29,12,15.0265)->(28,12,19.1142)->(27,12,20.4321)->(26,12,21.1142)->(25,12,21.6821)->(24,12,22.2)->(23,12,22.7)->(22,12,23.2)->(21,12,23.7)->(20,12,24.2)->(19,12,24.7)->(18,12,25.2)->(17,12,25.7)->(16,12,26.2179)->(15,12,26.7858)->(14,12,27.4679)->(13,12,28.7858)->(12,12,31.4142)->(12,11,35.0142)->(11,11,37.6426)->(10,11,38.9765)->(9,11,39.8049)->(8,11,41.1388)->(7,11,43.7672)->(7,12,5022.08)->
Agent 26:(4,31,2.2)->(4,30,3.81421)->(4,29,5.13205)->(4,28,5.81421)->(4,27,6.38205)->(4,26,6.9)->(4,25,7.4)->(4,24,7.9)->(4,23,8.4)->(4,22,8.9)->(4,21,9.41795)->(4,20,9.98579)->(4,19,10.6679)->(4,18,11.9858)->(4,17,14.6765)->(5,17,17.3672)->(6,17,18.685)->(7,17,19.3672)->(8,17,19.935)->(9,17,20.453)->(10,17,20.953)->(11,17,21.453)->(12,17,21.953)->(13,17,22.453)->(14,17,22.953)->(15,17,23.453)->(16,17,23.953)->(17,17,24.453)->(18,17,24.953)->(19,17,25.453)->(20,17,25.953)->(21,17,26.453)->(22,17,26.953)->(23,17,27.4709)->(24,17,28.0388)->(25,17,28.7209)->(26,17,30.0388)->(27,17,32.253)->(27,16,34.4672)->(27,15,35.785)->(27,14,36.4672)->(27,13,37.035)->(27,12,37.553)->(27,11,38.053)->(27,10,38.553)->(27,9,39.053)->(27,8,39.553)->(27,7,40.053)->(27,6,40.553)->(27,5,41.0709)->(27,4,41.6388)->(27,3,42.3209)->(27,2,43.6388)->(27,1,5021.53)->
Agent 27:(20,0,1.8)->(20,1,3.01421)->(20,2,4.33205)->(20,3,5.01421)->(20,4,5.58205)->(20,5,6.1)->(20,6,6.6)->(20,7,7.1)->(20,8,7.6)->(20,9,8.11795)->(20,10,8.68579)->(20,11,9.36795)->(20,12,10.6858)->(20,13,13.1358)->(19,13,15.5858)->(18,13,16.9036)->(17,13,17.5858)->(16,13,18.1536)->(15,13,18.6716)->(14,13,19.1716)->(13,13,19.6895)->(12,13,20.2574)->(11,13,20.9395)->(10,13,22.2574)->(9,13,24.4716)->(9,14,26.6858)->(9,15,28.0036)->(9,16,28.6858)->(9,17,29.2536)->(9,18,29.7716)->(9,19,30.2716)->(9,20,30.7716)->(9,21,31.2716)->(9,22,31.7716)->(9,23,32.2716)->(9,24,32.7716)->(9,25,33.2716)->(9,26,33.7716)->(9,27,34.2895)->(9,28,34.8574)->(9,29,35.5395)->(9,30,36.8574)->(9,31,5018.14)->
Agent 28:(29,21,2.2)->(29,20,3.84949)->(29,19,5.84949)->(29,18,11.6132)->(28,18,17.9274)->(27,18,5008.96)->
Agent 29:(13,14,1.8)->(14,14,3.04949)->(15,14,5.04949)->(16,14,9.01744)->(16,15,12.9501)->(16,16,14.2679)->(16,17,14.9501)->(16,18,15.5179)->(16,19,16.0359)->(16,20,16.5538)->(16,21,17.1217)->(16,22,17.8038)->(16,23,19.1217)->(16,24,21.3359)->(17,24,24.1359)->(18,24,27.3501)->(18,25,5013.87)->
Agent 30:(16,4,1.8)->(15,4,3.01421)->(14,4,4.33205)->(13,4,5.02382)->(12,4,5.65949)->(11,4,6.35126)->(10,4,7.6691)->(9,4,16.3917)->(9,5,25.1142)->(9,6,26.4321)->(9,7,27.1142)->(9,8,27.6821)->(9,9,28.2)->(9,10,28.7)->(9,11,29.2)->(9,12,29.7)->(9,13,30.2)->(9,14,30.7)->(9,15,31.2)->(9,16,31.7)->(9,17,32.2)->(9,18,32.7)->(9,19,33.2)->(9,20,33.7179)->(9,21,34.2858)->(9,22,34.9679)->(9,23,36.2858)->(9,24,38.9142)->(8,24,5019.65)->
Agent 31:(2,22,1.8)->(3,22,3.01421)->(4,22,4.33205)->(5,22,5.01421)->(6,22,5.58205)->(7,22,6.1)->(8,22,6.6)->(9,22,7.1)->(10,22,7.6)->(11,22,8.1)->(12,22,8.6)->(13,22,9.1)->(14,22,9.6)->(15,22,10.1)->(16,22,10.6)->(17,22,11.1179)->(18,22,11.6858)->(19,22,12.3679)->(20,22,13.6858)->(21,22,15.9)->(21,23,18.7)->(21,24,21.5)->(22,24,23.7142)->(23,24,25.0321)->(24,24,25.7641)->(25,24,26.4962)->(26,24,27.814)->(27,24,5013.61)->
Agent 32:(24,28,1.8)->(23,28,3.01421)->(22,28,4.33205)->(21,28,5.01421)->(20,28,5.58205)->(19,28,6.1)->(18,28,6.6)->(17,28,7.1)->(16,28,7.6)->(15,28,8.1)->(14,28,8.61795)->(13,28,9.18579)->(12,28,9.86795)->(11,28,11.1858)->(10,28,13.4)->(10,27,15.6142)->(10,26,16.9321)->(10,25,17.6238)->(10,24,18.2595)->(10,23,18.9513)->(10,22,20.2691)->(10,21,5009.84)->
Agent 33:(0,3,2.2)->(0,2,3.84949)->(0,1,5.84949)->(0,0,8.09898)->(1,0,10.3132)->(2,0,11.631)->(3,0,12.3228)->(4,0,12.9585)->(5,0,13.6502)->(6,0,14.9681)->(7,0,5007.19)->
Agent 34:(15,23,1.8)->(14,23,3.01421)->(13,23,4.33205)->(12,23,5.01421)->(11,23,5.58205)->(10,23,6.1)->(9,23,6.61795)->(8,23,7.18579)->(7,23,7.86795)->(6,23,9.18579)->(5,23,12.4407)->(5,22,15.6956)->(5,21,17.0135)->(5,20,17.6956)->(5,19,18.2635)->(5,18,18.7814)->(5,17,19.2814)->(5,16,19.7814)->(5,15,20.2814)->(5,14,20.7814)->(5,13,21.2994)->(5,12,21.8672)->(5,11,22.5494)->(5,10,23.8672)->(5,9,5011.64)->
Agent 35:(7,6,1.71421)->(7,7,3.81421)->(8,7,6.44264)->(9,7,7.76048)->(10,7,8.44264)->(11,7,9.01048)->(12,7,9.52843)->(13,7,10.0464)->(14,7,10.6142)->(15,7,11.2964)->(16,7,12.6142)->(17,7,18.6819)->(17,8,24.7497)->(17,9,26.1639)->(17,10,27.5781)->(17,11,30.9695)->(18,11,5016.06)->
Agent 36:(18,23,1.8)->(17,23,3.01421)->(16,23,4.33205)->(15,23,5.02382)->(14,23,5.65949)->(13,23,6.35126)->(12,23,7.6691)->(11,23,14.3936)->(11,22,21.1181)->(11,21,22.4519)->(11,20,23.2804)->(11,19,24.6142)->(11,18,27.5059)->(12,18,5014.08)->
Agent 37:(18,18,3.0859)->(18,17,5.58601)->(18,16,6.90385)->(18,15,7.6359)->(18,14,8.36795)->(18,13,9.68579)->(18,12,12.8858)->(17,12,16.0858)->(16,12,17.4036)->(15,12,18.0954)->(14,12,18.7311)->(13,12,19.4228)->(12,12,20.7407)->(11,12,23.3691)->(11,11,27.7833)->(11,12,5014.49)->
Agent 38:(27,23,2.2)->(27,22,3.81421)->(27,21,5.13205)->(27,20,5.81421)->(27,19,6.38205)->(27,18,6.9)->(27,17,7.4)->(27,16,7.91795)->(27,15,8.48579)->(27,14,9.16795)->(27,13,10.4858)->(27,12,14.8)->(26,12,19.1142)->(25,12,20.4321)->(24,12,21.1142)->(23,12,21.6821)->(22,12,22.2)->(21,12,22.7)->(20,12,23.2)->(19,12,23.7)->(18,12,24.2)->(17,12,24.7)->(16,12,25.2)->(15,12,25.7)->(14,12,26.2)->(13,12,26.7)->(12,12,27.2)->(11,12,27.7)->(10,12,28.2)->(9,12,28.7)->(8,12,29.2)->(7,12,29.7)->(6,12,30.2)->(5,12,30.7)->(4,12,31.2179)->(3,12,31.7858)->(2,12,32.4679)->(1,12,33.7858)->(0,12,36.4142)->(0,11,5018.4)->
Agent 39:(23,5,1.3)->(23,6,2.04949)->(23,7,4.04949)->(23,8,6.71744)->(24,8,9.35011)->(25,8,10.6679)->(26,8,11.3501)->(27,8,11.9359)->(28,8,12.5217)->(29,8,13.2038)->(30,8,14.5217)->(31,8,16.7359)->(31,9,18.9501)->(31,10,20.2679)->(31,11,20.9501)->(31,12,21.5179)->(31,13,22.0359)->(31,14,22.5359)->(31,15,23.0359)->(31,16,23.5359)->(31,17,24.0359)->(31,18,24.5359)->(31,19,25.0538)->(31,20,25.6217)->(31,21,26.3038)->(31,22,27.6217)->(31,23,5013.52)->
Agent 40:(4,20,3.74433)->(5,20,6.90287)->(6,20,8.22071)->(7,20,8.90287)->(8,20,9.47071)->(9,20,9.98866)->(10,20,10.4887)->(11,20,10.9887)->(12,20,11.4887)->(13,20,11.9887)->(14,20,12.4887)->(15,20,13.0066)->(16,20,13.5744)->(17,20,14.2566)->(18,20,15.5744)->(19,20,17.7887)->(19,21,20.0029)->(19,22,21.3207)->(19,23,22.0125)->(19,24,22.6482)->(19,25,23.3399)->(19,26,24.6578)->(19,27,26.872)->(20,27,29.672)->(21,27,5014.84)->
Agent 41:(27,12,1.8)->(26,12,3.01421)->(25,12,4.33205)->(24,12,5.01421)->(23,12,5.58205)->(22,12,6.1)->(21,12,6.6)->(20,12,7.11795)->(19,12,7.68579)->(18,12,8.36795)->(17,12,9.68579)->(16,12,12.8858)->(16,13,16.0858)->(16,14,17.4036)->(16,15,18.0858)->(16,16,18.6536)->(16,17,19.1895)->(16,18,19.7574)->(16,19,20.4395)->(16,20,21.7574)->(16,21,23.9716)->(15,21,26.7716)->(14,21,5013.39)->
Agent 42:(0,10,2.2)->(0,9,3.81421)->(0,8,5.13205)->(0,7,5.81421)->(0,6,6.38205)->(0,5,6.91795)->(0,4,7.48579)->(0,3,8.16795)->(0,2,9.48579)->(0,1,15.9963)->(1,1,22.5067)->(2,1,23.8246)->(3,1,24.5067)->(4,1,25.0746)->(5,1,25.5925)->(6,1,26.0925)->(7,1,26.5925)->(8,1,27.0925)->(9,1,27.5925)->(10,1,28.0925)->(11,1,28.5925)->(12,1,29.0925)->(13,1,29.5925)->(14,1,30.0925)->(15,1,30.5925)->(16,1,31.0925)->(17,1,31.5925)->(18,1,32.0925)->(19,1,32.5925)->(20,1,33.0925)->(21,1,33.5925)->(22,1,34.0925)->(23,1,34.5925)->(24,1,35.0925)->(25,1,35.5925)->(26,1,36.0925)->(27,1,36.6105)->(28,1,37.1783)->(29,1,37.8605)->(30,1,39.1783)->(31,1,41.8067)->(31,2,5021.1)->
Agent 43:(17,12,1.3)->(17,13,2.01421)->(17,14,3.33205)->(17,15,4.01421)->(17,16,4.58205)->(17,17,5.11795)->(17,18,5.68579)->(17,19,6.36795)->(17,20,7.68579)->(17,21,9.9)->(18,21,12.1495)->(19,21,14.1495)->(20,21,24.526)->(20,22,35.453)->(20,23,5017.73)->
Agent 44:(23,21,2.21421)->(22,21,4.81421)->(22,20,7.44264)->(22,19,8.76048)->(22,18,9.44264)->(22,17,10.0105)->(22,16,10.5284)->(22,15,11.0284)->(22,14,11.5284)->(22,13,12.0284)->(22,12,12.5284)->(22,11,13.0284)->(22,10,13.5284)->(22,9,14.0284)->(22,8,14.5464)->(22,7,15.1142)->(22,6,15.7964)->(22,5,17.1142)->(22,4,19.3284)->(21,4,21.5779)->(20,4,23.5779)->(19,4,5011.51)->
Agent 45:(22,3,1.8)->(23,3,3.04949)->(24,3,5.04949)->(25,3,8.04949)->(25,4,11.0142)->(25,5,12.3321)->(25,6,13.0142)->(25,7,13.5821)->(25,8,14.1)->(25,9,14.6)->(25,10,15.1179)->(25,11,15.6858)->(25,12,16.3679)->(25,13,17.6858)->(25,14,20.3142)->(24,14,26.0585)->(24,15,5014.29)->
Agent 46:(15,1,2.21421)->(16,1,8)->(16,2,13.8142)->(16,3,15.1321)->(16,4,15.8142)->(16,5,16.3821)->(16,6,16.9)->(16,7,17.4)->(16,8,17.9)->(16,9,18.4179)->(16,10,18.9858)->(16,11,19.6679)->(16,12,20.9858)->(16,13,5010.2)->
Agent 47:(3,23,1.8)->(2,23,3.04949)->(1,23,5.04949)->(0,23,7.29898)->(0,22,9.51319)->(0,21,10.831)->(0,20,11.5132)->(0,19,12.081)->(0,18,12.599)->(0,17,13.099)->(0,16,13.599)->(0,15,14.099)->(0,14,14.599)->(0,13,15.099)->(0,12,15.6169)->(0,11,16.1848)->(0,10,16.8669)->(0,9,18.1848)->(0,8,5008.8)->
Agent 48:(14,2,3.41421)->(14,3,6.24264)->(14,4,7.56048)->(14,5,8.24264)->(14,6,8.81048)->(14,7,9.32843)->(14,8,9.82843)->(14,9,10.3284)->(14,10,10.8284)->(14,11,11.3284)->(14,12,11.8284)->(14,13,12.3284)->(14,14,12.8284)->(14,15,13.3284)->(14,16,13.8284)->(14,17,14.3284)->(14,18,14.8284)->(14,19,15.3284)->(14,20,15.8284)->(14,21,16.3464)->(14,22,16.9142)->(14,23,17.5964)->(14,24,18.9142)->(14,25,21.1284)->(15,25,23.3426)->(16,25,24.6605)->(17,25,25.3426)->(18,25,25.9105)->(19,25,26.4284)->(20,25,26.9284)->(21,25,27.4284)->(22,25,27.9284)->(23,25,28.4284)->(24,25,28.9284)->(25,25,29.4284)->(26,25,29.9464)->(27,25,30.5142)->(28,25,31.1964)->(29,25,32.5142)->(30,25,35.1426)->(30,26,5017.76)->
Agent 49:(9,19,2.4142)->(8,19,4.27789)->(7,19,6.27789)->(6,19,9.12597)->(6,18,11.9388)->(6,17,13.2566)->(6,16,13.9388)->(6,15,14.5066)->(6,14,15.0246)->(6,13,15.5246)->(6,12,16.0246)->(6,11,16.5246)->(6,10,17.0246)->(6,9,17.5246)->(6,8,18.0425)->(6,7,18.6103)->(6,6,19.2925)->(6,5,20.6103)->(6,4,23.2388)->(5,4,5011.81)->
Agent 50:(13,2,1.8)->(12,2,3.01421)->(11,2,4.34806)->(10,2,5.17649)->(9,2,6.51034)->(8,2,9.13877)->(8,3,5004.76)->
Agent 51:(20,25,1.93205)->(19,25,3.27832)->(18,25,4.59615)->(17,25,5.27832)->(16,25,5.84615)->(15,25,6.3641)->(14,25,6.8641)->(13,25,7.3641)->(12,25,7.8641)->(11,25,8.38205)->(10,25,8.94989)->(9,25,9.63205)->(8,25,10.9499)->(7,25,13.4085)->(7,24,15.8672)->(7,23,17.185)->(7,22,17.8672)->(7,21,18.435)->(7,20,18.953)->(7,19,19.453)->(7,18,19.953)->(7,17,20.453)->(7,16,20.953)->(7,15,21.453)->(7,14,21.953)->(7,13,22.453)->(7,12,22.9709)->(7,11,23.5388)->(7,10,24.2209)->(7,9,25.5388)->(7,8,27.753)->(8,8,30.553)->(9,8,5015.28)->
Agent 52:(20,14,1.3)->(20,15,2.01421)->(20,16,3.34806)->(20,17,4.17649)->(20,18,5.51034)->(20,19,7.72456)->(19,19,9.93877)->(18,19,11.2566)->(17,19,11.9388)->(16,19,12.5246)->(15,19,13.1103)->(14,19,13.7925)->(13,19,15.1103)->(12,19,17.7388)->(12,20,5009.06)->
Agent 53:(11,17,3.21421)->(11,16,5.84264)->(11,15,7.16048)->(11,14,7.84264)->(11,13,8.41048)->(11,12,8.92843)->(11,11,9.42843)->(11,10,9.92843)->(11,9,10.4284)->(11,8,10.9284)->(11,7,11.4284)->(11,6,11.9284)->(11,5,12.4284)->(11,4,12.9464)->(11,3,13.5142)->(11,2,14.1964)->(11,1,15.5142)->(11,0,17.7284)->(12,0,19.9426)->(13,0,21.2605)->(14,0,21.9426)->(15,0,22.5105)->(16,0,23.0284)->(17,0,23.5284)->(18,0,24.0284)->(19,0,24.5284)->(20,0,25.0284)->(21,0,25.5284)->(22,0,26.0284)->(23,0,26.5284)->(24,0,27.0284)->(25,0,27.5464)->(26,0,28.1142)->(27,0,28.7964)->(28,0,30.1142)->(29,0,32.3284)->(29,1,35.1284)->(29,2,5017.56)->
Agent 54:(22,12,2.2)->(22,11,3.84949)->(22,10,5.84949)->(22,9,8.09898)->(23,9,10.899)->(24,9,14.1132)->(24,10,5007.25)->
Agent 55:(18,8,1.8)->(19,8,3.04949)->(20,8,5.04949)->(21,8,7.99949)->(21,9,10.9142)->(21,10,12.2321)->(21,11,12.9142)->(21,12,13.4821)->(21,13,14)->(21,14,14.5)->(21,15,15.0179)->(21,16,15.5858)->(21,17,16.2679)->(21,18,17.5858)->(21,19,5008.5)->
Agent 56:(8,16,2.45)->(8,15,4.31421)->(8,14,5.63205)->(8,13,6.31421)->(8,12,6.88205)->(8,11,7.4)->(8,10,7.91795)->(8,9,8.48579)->(8,8,9.16795)->(8,7,10.4858)->(8,6,12.7)->(7,6,14.9495)->(6,6,16.9495)->(5,6,19.6132)->(5,7,5010)->
Agent 57:(27,17,2.82841)->(26,17,6.85683)->(27,17,12.5779)->(27,18,16.5132)->(27,19,17.831)->(27,20,18.5132)->(27,21,19.081)->(27,22,19.599)->(27,23,20.1169)->(27,24,20.6848)->(27,25,21.3669)->(27,26,22.6848)->(27,27,5011.05)->
Agent 58:(10,16,1.8)->(11,16,3.01421)->(12,16,4.33205)->(13,16,5.02382)->(14,16,5.65949)->(15,16,6.35126)->(16,16,7.6691)->(17,16,11.3774)->(17,17,15.0858)->(17,18,16.4036)->(17,19,17.0858)->(17,20,17.6536)->(17,21,18.1716)->(17,22,18.6716)->(17,23,19.1895)->(17,24,19.7574)->(17,25,20.4395)->(17,26,21.7574)->(17,27,24.3858)->(18,27,5012.39)->
Agent 59:(26,11,1.8)->(27,11,3.04949)->(28,11,5.04949)->(29,11,7.29898)->(29,10,9.51319)->(29,9,10.831)->(29,8,11.5228)->(29,7,12.1585)->(29,6,12.8502)->(29,5,14.1681)->(29,4,5006.79)->
Agent 60:(23,10,4.7)->(22,10,8.81421)->(21,10,10.1321)->(20,10,10.8142)->(19,10,11.4)->(18,10,11.9858)->(17,10,12.6679)->(16,10,13.9858)->(15,10,16.2)->(15,11,18.4495)->(15,12,20.4495)->(15,13,5009.95)->
Agent 61:(6,11,2.2)->(6,10,3.81421)->(6,9,5.13205)->(6,8,5.81421)->(6,7,6.38205)->(6,6,6.9)->(6,5,7.41795)->(6,4,7.98579)->(6,3,8.66795)->(6,2,9.98579)->(6,1,12.2)->(7,1,14.4142)->(8,1,15.7321)->(9,1,16.4142)->(10,1,16.9821)->(11,1,17.5)->(12,1,18)->(13,1,18.5)->(14,1,19)->(15,1,19.5)->(16,1,20)->(17,1,20.5)->(18,1,21)->(19,1,21.5)->(20,1,22)->(21,1,22.5)->(22,1,23.0179)->(23,1,23.5858)->(24,1,24.2679)->(25,1,25.5858)->(26,1,28.2142)->(26,2,5014.3)->
Agent 62:(28,23,1.3)->(28,24,2.6)->(28,25,7.4)->(27,25,11.6495)->(26,25,13.6495)->(25,25,16.6034)->(25,24,20.1079)->(25,23,25.0181)->(25,24,29.9284)->(25,25,5014.96)->
Agent 63:(28,8,2.83528)->(28,9,5.08477)->(28,10,6.4026)->(28,11,7.08477)->(28,12,7.6526)->(28,13,8.17055)->(28,14,8.67055)->(28,15,9.17055)->(28,16,9.67055)->(28,17,10.1706)->(28,18,10.6885)->(28,19,11.2563)->(28,20,11.9385)->(28,21,13.2563)->(28,22,15.4706)->(27,22,17.6848)->(26,22,19.0026)->(25,22,19.6848)->(24,22,20.2526)->(23,22,20.7706)->(22,22,21.2706)->(21,22,21.7706)->(20,22,22.2706)->(19,22,22.7706)->(18,22,23.2706)->(17,22,23.7706)->(16,22,24.2706)->(15,22,24.7706)->(14,22,25.2706)->(13,22,25.7706)->(12,22,26.2706)->(11,22,26.7706)->(10,22,27.2885)->(9,22,27.8563)->(8,22,28.5385)->(7,22,29.8563)->(6,22,5014.64)->
Agent 64:(25,1,1.3)->(25,2,2.01421)->(25,3,3.33205)->(25,4,4.01421)->(25,5,4.58205)->(25,6,5.1)->(25,7,5.6)->(25,8,6.1)->(25,9,6.6)->(25,10,7.1)->(25,11,7.6)->(25,12,8.1)->(25,13,8.6)->(25,14,9.1)->(25,15,9.6)->(25,16,10.1)->(25,17,10.6)->(25,18,11.1)->(25,19,11.6179)->(25,20,12.1858)->(25,21,12.8679)->(25,22,14.1858)->(25,23,16.8539)->(24,23,19.5221)->(23,23,20.8399)->(22,23,21.5221)->(21,23,22.0899)->(20,23,22.6079)->(19,23,23.1079)->(18,23,23.6079)->(17,23,24.1079)->(16,23,24.6079)->(15,23,25.1079)->(14,23,25.6079)->(13,23,26.1079)->(12,23,26.6079)->(11,23,27.1258)->(10,23,27.6937)->(9,23,28.3758)->(8,23,29.6937)->(7,23,31.9079)->(7,24,34.7079)->(7,25,5017.35)->
Agent 65:(18,0,2.82841)->(19,0,7.92648)->(19,1,12.4388)->(19,2,13.7566)->(19,3,14.4388)->(19,4,15.0066)->(19,5,15.5246)->(19,6,16.0246)->(19,7,16.5246)->(19,8,17.0246)->(19,9,17.5246)->(19,10,18.0246)->(19,11,18.5246)->(19,12,19.0246)->(19,13,19.5246)->(19,14,20.0246)->(19,15,20.5246)->(19,16,21.0246)->(19,17,21.5246)->(19,18,22.0246)->(19,19,22.5246)->(19,20,23.0425)->(19,21,23.6103)->(19,22,24.2925)->(19,23,25.6103)->(19,24,27.8246)->(20,24,30.6246)->(21,24,5015.31)->
Agent 66:(5,12,3.61421)->(5,11,6.64264)->(5,10,7.96048)->(5,9,8.65225)->(5,8,9.28792)->(5,7,9.97969)->(5,6,11.2975)->(5,5,13.6474)->(6,5,15.9973)->(7,5,17.3151)->(8,5,17.9973)->(9,5,18.5651)->(10,5,19.101)->(11,5,19.6689)->(12,5,20.351)->(13,5,21.6689)->(14,5,24.2973)->(14,4,30.0538)->(14,5,5016.3)->
Agent 67:(4,6,1.3)->(4,7,2.01421)->(4,8,3.33205)->(4,9,4.01421)->(4,10,4.58205)->(4,11,5.1)->(4,12,5.61795)->(4,13,6.18579)->(4,14,6.86795)->(4,15,8.18579)->(4,16,11.0623)->(5,16,13.9388)->(6,16,15.2566)->(7,16,15.9388)->(8,16,16.5066)->(9,16,17.0246)->(10,16,17.5246)->(11,16,18.0246)->(12,16,18.5246)->(13,16,19.0246)->(14,16,19.5246)->(15,16,20.0246)->(16,16,20.5246)->(17,16,21.0246)->(18,16,21.5246)->(19,16,22.0246)->(20,16,22.5246)->(21,16,23.0246)->(22,16,23.5246)->(23,16,24.0246)->(24,16,24.5425)->(25,16,25.1103)->(26,16,25.7925)->(27,16,27.1103)->(28,16,29.3246)->(28,17,32.1246)->(28,18,5016.06)->
Agent 68:(3,16,1.8)->(4,16,3.01421)->(5,16,4.42843)->(6,16,5.84264)->(7,16,8.05685)->(7,17,10.2711)->(7,18,11.6853)->(7,19,13.0995)->(7,20,15.3137)->(8,20,18.1137)->(9,20,20.9137)->(9,21,23.1279)->(9,22,24.4458)->(9,23,25.1279)->(9,24,25.7137)->(9,25,26.2995)->(9,26,26.9817)->(9,27,28.2995)->(9,28,30.5137)->(10,28,33.3137)->(11,28,5016.66)->
Agent 69:(18,4,1.8)->(19,4,3.01421)->(20,4,4.33205)->(21,4,5.01421)->(22,4,5.6)->(23,4,6.18579)->(24,4,6.86795)->(25,4,8.18579)->(26,4,10.4)->(26,5,12.6142)->(26,6,13.9321)->(26,7,14.6142)->(26,8,15.1821)->(26,9,15.7)->(26,10,16.2)->(26,11,16.7)->(26,12,17.2)->(26,13,17.7)->(26,14,18.2)->(26,15,18.7)->(26,16,19.2)->(26,17,19.7)->(26,18,20.2)->(26,19,20.7)->(26,20,21.2)->(26,21,21.7)->(26,22,22.2179)->(26,23,22.7858)->(26,24,23.4679)->(26,25,24.7858)->(26,26,5012.1)->
Agent 70:(19,16,1.3)->(19,17,2.01421)->(19,18,3.42843)->(19,19,4.84264)->(19,20,9.62276)->(20,20,14.9887)->(21,20,5007.49)->
Agent 71:(21,12,1.3)->(21,13,2.01421)->(21,14,3.33205)->(21,15,4.0641)->(21,16,4.79615)->(21,17,6.11399)->(21,18,10.8499)->(20,18,15.5858)->(19,18,16.9036)->(18,18,17.5858)->(17,18,18.1536)->(16,18,18.6716)->(15,18,19.1716)->(14,18,19.6716)->(13,18,20.1716)->(12,18,20.6716)->(11,18,21.1895)->(10,18,21.7574)->(9,18,22.4395)->(8,18,23.7574)->(7,18,5011.59)->
Agent 72:(2,3,12.4321)->(2,4,24.2783)->(2,5,25.5962)->(2,6,26.2783)->(2,7,26.8462)->(2,8,27.3641)->(2,9,27.8641)->(2,10,28.3641)->(2,11,28.8641)->(2,12,29.3641)->(2,13,29.8641)->(2,14,30.3641)->(2,15,30.8641)->(2,16,31.3641)->(2,17,31.8641)->(2,18,32.3641)->(2,19,32.8641)->(2,20,33.3641)->(2,21,33.8641)->(2,22,34.3641)->(2,23,34.8641)->(2,24,35.3641)->(2,25,35.8821)->(2,26,36.4499)->(2,27,37.1321)->(2,28,38.4499)->(2,29,41.0783)->(3,29,5020.73)->
Agent 73:(9,11,1.95834)->(9,12,3.3309)->(9,13,4.64874)->(9,14,5.34051)->(9,15,5.97618)->(9,16,6.66795)->(9,17,7.98579)->(9,18,10.2)->(8,18,12.4142)->(7,18,13.7481)->(6,18,14.5765)->(5,18,15.9103)->(4,18,5007.66)->
Agent 74:(1,0,1.3)->(1,1,2.01421)->(1,2,3.33205)->(1,3,4.01421)->(1,4,4.58205)->(1,5,5.1)->(1,6,5.6)->(1,7,6.1)->(1,8,6.6)->(1,9,7.1)->(1,10,7.6)->(1,11,8.1)->(1,12,8.6)->(1,13,9.1)->(1,14,9.6)->(1,15,10.1179)->(1,16,10.6858)->(1,17,11.3679)->(1,18,12.6858)->(1,19,14.9)->(2,19,17.1142)->(3,19,18.4321)->(4,19,19.1142)->(5,19,19.6821)->(6,19,20.2)->(7,19,20.7)->(8,19,21.2)->(9,19,21.7)->(10,19,22.2)->(11,19,22.7)->(12,19,23.2)->(13,19,23.7179)->(14,19,24.2858)->(15,19,24.9679)->(16,19,26.2858)->(17,19,28.5)->(17,20,30.7495)->(17,21,32.7495)->(17,22,5016.1)->
Agent 75:(15,22,1.8)->(16,22,3.01421)->(17,22,4.34806)->(18,22,5.17649)->(19,22,6.51034)->(20,22,8.72456)->(20,21,10.9388)->(20,20,12.2566)->(20,19,12.9388)->(20,18,13.5246)->(20,17,14.1103)->(20,16,14.7925)->(20,15,16.1103)->(20,14,22.4708)->(20,15,5013.29)->
Agent 76:(3,26,3.24433)->(3,25,5.90287)->(3,24,7.22071)->(3,23,7.90287)->(3,22,8.47071)->(3,21,8.98866)->(3,20,9.48866)->(3,19,10.0066)->(3,18,10.5744)->(3,17,11.2566)->(3,16,12.5744)->(3,15,14.7887)->(4,15,17.0029)->(5,15,18.3207)->(6,15,19.0029)->(7,15,19.5707)->(8,15,20.0887)->(9,15,20.5887)->(10,15,21.0887)->(11,15,21.5887)->(12,15,22.0887)->(13,15,22.5887)->(14,15,23.0887)->(15,15,23.5887)->(16,15,24.0887)->(17,15,24.5887)->(18,15,25.0887)->(19,15,25.5887)->(20,15,26.0887)->(21,15,26.5887)->(22,15,27.0887)->(23,15,27.5887)->(24,15,28.0887)->(25,15,28.5887)->(26,15,29.1066)->(27,15,29.6744)->(28,15,30.3566)->(29,15,31.6744)->(30,15,5015.54)->
Agent 77:(3,9,1.3)->(3,10,2.6)->(3,11,7.88579)->(4,11,12.5858)->(5,11,13.9036)->(6,11,14.5858)->(7,11,15.1536)->(8,11,15.6716)->(9,11,16.1895)->(10,11,16.7574)->(11,11,17.4395)->(12,11,18.7574)->(13,11,5009.09)->
Agent 78:(30,13,1.3)->(30,14,2.01421)->(30,15,3.33205)->(30,16,4.01421)->(30,17,4.58205)->(30,18,5.1)->(30,19,5.6)->(30,20,6.1)->(30,21,6.6)->(30,22,7.1)->(30,23,7.6)->(30,24,8.1)->(30,25,8.6)->(30,26,9.11795)->(30,27,9.68579)->(30,28,10.3679)->(30,29,11.6858)->(30,30,14.0417)->(29,30,16.3975)->(28,30,17.7154)->(27,30,18.3975)->(26,30,18.9654)->(25,30,19.4833)->(24,30,19.9833)->(23,30,20.4833)->(22,30,20.9833)->(21,30,21.4833)->(20,30,21.9833)->(19,30,22.4833)->(18,30,22.9833)->(17,30,23.4833)->(16,30,23.9833)->(15,30,24.4833)->(14,30,24.9833)->(13,30,25.4833)->(12,30,26.0013)->(11,30,26.5691)->(10,30,27.2513)->(9,30,28.5691)->(8,30,5013.99)->
Agent 79:(7,10,3.06472)->(7,9,5.57894)->(7,8,7.57894)->(7,7,15.0733)->(8,7,22.5324)->(9,7,23.8502)->(10,7,24.5324)->(11,7,25.1002)->(12,7,25.6182)->(13,7,26.1182)->(14,7,26.6182)->(15,7,27.1182)->(16,7,27.6182)->(17,7,28.1361)->(18,7,28.704)->(19,7,29.3861)->(20,7,30.704)->(21,7,5015.06)->
Agent 80:(26,17,1.3)->(26,18,2.01421)->(26,19,3.33205)->(26,20,4.01421)->(26,21,4.6)->(26,22,5.18579)->(26,23,5.86795)->(26,24,7.18579)->(26,25,9.4)->(25,25,11.6142)->(24,25,12.9321)->(23,25,13.6142)->(22,25,14.1821)->(21,25,14.7)->(20,25,15.2179)->(19,25,15.7858)->(18,25,16.4679)->(17,25,17.7858)->(16,25,20)->(16,26,22.8)->(16,27,25.6)->(15,27,27.8142)->(14,27,29.1321)->(13,27,29.8142)->(12,27,30.3821)->(11,27,30.9)->(10,27,31.4)->(9,27,31.9)->(8,27,32.4)->(7,27,32.9)->(6,27,33.4)->(5,27,33.9)->(4,27,34.4179)->(3,27,34.9858)->(2,27,35.6679)->(1,27,36.9858)->(0,27,5018.2)->
Agent 81:(5,30,2.2)->(5,29,3.81421)->(5,28,5.14806)->(5,27,5.97649)->(5,26,7.31034)->(5,25,20.5623)->(5,26,34.4)->(5,27,5017.2)->
Agent 82:(12,9,1.3)->(12,10,2.01421)->(12,11,3.33205)->(12,12,4.01421)->(12,13,4.58205)->(12,14,5.1)->(12,15,5.6)->(12,16,6.1)->(12,17,6.61795)->(12,18,7.18579)->(12,19,7.86795)->(12,20,9.18579)->(12,21,11.4)->(11,21,13.6142)->(10,21,15.0284)->(9,21,16.4426)->(8,21,23.9779)->(8,22,5014.64)->
Agent 83:(3,12,1.3)->(3,13,2.01421)->(3,14,3.34806)->(3,15,4.17649)->(3,16,5.51034)->(3,17,7.72456)->(4,17,9.93877)->(5,17,11.2566)->(6,17,11.9388)->(7,17,12.5066)->(8,17,13.0246)->(9,17,13.5246)->(10,17,14.0246)->(11,17,14.5246)->(12,17,15.0246)->(13,17,15.5246)->(14,17,16.0246)->(15,17,16.5246)->(16,17,17.0425)->(17,17,17.6103)->(18,17,18.2925)->(19,17,19.6103)->(20,17,22.2388)->(20,18,5011.31)->
Agent 84:(12,27,5.6359)->(12,26,10.686)->(12,25,12.0038)->(12,24,12.7359)->(12,23,13.4679)->(12,22,14.7858)->(12,21,21.4853)->(12,22,28.7706)->(12,23,5014.39)->
Agent 85:(15,27,2.2)->(15,26,3.81421)->(15,25,5.13205)->(15,24,5.81421)->(15,23,6.38205)->(15,22,6.9)->(15,21,7.4)->(15,20,7.9)->(15,19,8.4)->(15,18,8.9)->(15,17,9.4)->(15,16,9.9)->(15,15,10.4)->(15,14,10.9)->(15,13,11.4)->(15,12,11.9)->(15,11,12.4)->(15,10,12.9)->(15,9,13.4)->(15,8,13.9)->(15,7,14.4179)->(15,6,14.9858)->(15,5,15.6679)->(15,4,16.9858)->(15,3,19.2)->(16,3,21.4142)->(17,3,22.7321)->(18,3,23.4142)->(19,3,23.9821)->(20,3,24.5)->(21,3,25)->(22,3,25.5179)->(23,3,26.0858)->(24,3,26.7679)->(25,3,28.0858)->(26,3,5013.75)->
Agent 86:(18,13,2.2)->(18,12,3.81421)->(18,11,5.13205)->(18,10,5.81421)->(18,9,6.38205)->(18,8,6.9)->(18,7,7.4)->(18,6,7.91795)->(18,5,8.48579)->(18,4,9.16795)->(18,3,10.4858)->(18,2,12.7)->(17,2,14.9495)->(16,2,16.9495)->(15,2,20.6137)->(15,3,5011)->
Agent 87:(21,9,1.8)->(20,9,3.6)->(19,9,8.61472)->(20,9,13.0789)->(21,9,15.0789)->(22,9,17.3284)->(22,8,19.5426)->(22,7,20.8765)->(22,6,21.7049)->(22,5,23.0388)->(22,4,5011.23)->
Agent 88:(0,26,2.2)->(0,25,4.4)->(0,24,7.2)->(1,24,9.41421)->(2,24,10.7321)->(3,24,11.4142)->(4,24,11.9821)->(5,24,12.5)->(6,24,13)->(7,24,13.5)->(8,24,14)->(9,24,14.5)->(10,24,15)->(11,24,15.5)->(12,24,16)->(13,24,16.5)->(14,24,17)->(15,24,17.5)->(16,24,18.0179)->(17,24,18.5858)->(18,24,19.2679)->(19,24,20.5858)->(20,24,23.2142)->(20,23,29.5265)->(20,24,5016.31)->
Agent 89:(27,21,2.2)->(27,20,3.81421)->(27,19,5.13205)->(27,18,5.81421)->(27,17,6.38205)->(27,16,6.9)->(27,15,7.4)->(27,14,7.9)->(27,13,8.4)->(27,12,8.9)->(27,11,9.4)->(27,10,9.9)->(27,9,10.4)->(27,8,10.9)->(27,7,11.4)->(27,6,11.9179)->(27,5,12.4858)->(27,4,13.1679)->(27,3,14.4858)->(27,2,18.8858)->(26,2,23.2858)->(25,2,24.7)->(24,2,26.1142)->(23,2,28.3284)->(23,1,31.1284)->(23,0,5015.56)->
