Agent 0:(1,12,1.3)->(1,13,2.01421)->(1,14,3.33205)->(1,15,4.01421)->(1,16,4.58205)->(1,17,5.1)->(1,18,5.6)->(1,19,6.1)->(1,20,6.6)->(1,21,7.1)->(1,22,7.6)->(1,23,8.1)->(1,24,8.6)->(1,25,9.11795)->(1,26,9.68579)->(1,27,10.3679)->(1,28,11.6858)->(1,29,14.6179)->(1,28,17.5501)->(1,27,18.8679)->(1,26,19.5501)->(1,25,20.1179)->(1,24,20.6359)->(1,23,21.1538)->(1,22,21.7217)->(1,21,22.4038)->(1,20,23.7217)->(1,19,25.9359)->(2,19,28.1501)->(3,19,29.4679)->(4,19,30.1501)->(5,19,30.7179)->(6,19,31.2359)->(7,19,31.7538)->(8,19,32.3217)->(9,19,33.0038)->(10,19,34.3217)->(11,19,36.5359)->(11,18,38.7501)->(11,17,40.0679)->(11,16,40.7501)->(11,15,41.3179)->(11,14,41.8538)->(11,13,42.4217)->(11,12,43.1038)->(11,11,44.4217)->(11,10,46.6359)->(12,10,48.8501)->(13,10,50.1679)->(14,10,50.8501)->(15,10,51.4179)->(16,10,51.9359)->(17,10,52.4359)->(18,10,52.9359)->(19,10,53.4538)->(20,10,54.0217)->(21,10,54.7038)->(22,10,56.0217)->(23,10,58.2359)->(23,9,61.0359)->(23,8,5030.52)->
Agent 1:(15,5,2.21421)->(14,5,4.81421)->(14,6,8.02843)->(14,7,10.8284)->(15,7,13.0426)->(16,7,14.4569)->(17,7,15.8711)->(18,7,23.3926)->(18,6,31.5)->(18,5,34.7142)->(17,5,5017.55)->
Agent 2:(23,25,3.05)->(22,25,5.51421)->(21,25,6.83205)->(20,25,7.51421)->(19,25,8.08205)->(18,25,8.6)->(17,25,9.1)->(16,25,9.6)->(15,25,10.1)->(14,25,10.6)->(13,25,11.1)->(12,25,11.6)->(11,25,12.1)->(10,25,12.6)->(9,25,13.1)->(8,25,13.6)->(7,25,14.1)->(6,25,14.6)->(5,25,15.1)->(4,25,15.6179)->(3,25,16.1858)->(2,25,16.8679)->(1,25,18.1858)->(0,25,20.4)->(0,26,22.6142)->(0,27,23.9481)->(0,28,24.7765)->(0,29,26.1103)->(0,30,30.9302)->(0,29,36.3359)->(0,28,5018.17)->
Agent 3:(5,14,2.81795)->(6,14,5.05011)->(7,14,6.36795)->(8,14,7.05011)->(9,14,7.61795)->(10,14,8.1359)->(11,14,8.6359)->(12,14,9.1359)->(13,14,9.6359)->(14,14,10.1359)->(15,14,10.6359)->(16,14,11.1359)->(17,14,11.6359)->(18,14,12.1359)->(19,14,12.6359)->(20,14,13.1359)->(21,14,13.6359)->(22,14,14.1359)->(23,14,14.6538)->(24,14,15.2217)->(25,14,15.9038)->(26,14,17.2217)->(27,14,19.4359)->(27,15,21.6501)->(27,16,22.9679)->(27,17,23.6501)->(27,18,24.2179)->(27,19,24.7359)->(27,20,25.2359)->(27,21,25.7359)->(27,22,26.2359)->(27,23,26.7359)->(27,24,27.2359)->(27,25,27.7359)->(27,26,28.2359)->(27,27,28.7538)->(27,28,29.3217)->(27,29,30.0038)->(27,30,31.3217)->(27,31,5015.37)->
Agent 4:(3,0,1.3)->(3,1,2.6)->(3,2,5.51421)->(4,2,7.84264)->(5,2,9.16048)->(6,2,9.84264)->(7,2,10.4105)->(8,2,10.9284)->(9,2,11.4284)->(10,2,11.9284)->(11,2,12.4284)->(12,2,12.9284)->(13,2,13.4284)->(14,2,13.9284)->(15,2,14.4284)->(16,2,14.9284)->(17,2,15.4284)->(18,2,15.9284)->(19,2,16.4284)->(20,2,16.9284)->(21,2,17.4284)->(22,2,17.9284)->(23,2,18.4284)->(24,2,18.9464)->(25,2,19.5142)->(26,2,20.1964)->(27,2,21.5142)->(28,2,23.7284)->(28,1,26.5284)->(28,0,5013.26)->
Agent 5:(11,29,2.2)->(12,29,3.81421)->(13,29,5.14806)->(14,29,5.97649)->(15,29,7.31034)->(16,29,9.52456)->(16,28,11.7388)->(16,27,13.0566)->(16,26,13.7388)->(16,25,14.3066)->(16,24,14.8246)->(16,23,15.3246)->(16,22,15.8425)->(16,21,16.4103)->(16,20,17.0925)->(16,19,18.4103)->(16,18,21.2)->(17,18,23.9897)->(18,18,25.3235)->(19,18,26.1519)->(20,18,27.4858)->(21,18,29.7)->(21,17,31.9142)->(21,16,33.2321)->(21,15,33.9142)->(21,14,34.4821)->(21,13,35)->(21,12,35.5179)->(21,11,36.0858)->(21,10,36.7679)->(21,9,38.0858)->(21,8,40.7142)->(22,8,5020.55)->
Agent 6:(9,8,1.8)->(10,8,3.04949)->(11,8,5.04949)->(12,8,7.79949)->(12,9,10.5142)->(12,10,11.8321)->(12,11,12.5142)->(12,12,13.0821)->(12,13,13.6)->(12,14,14.1)->(12,15,14.6)->(12,16,15.1)->(12,17,15.6)->(12,18,16.1)->(12,19,16.6)->(12,20,17.1179)->(12,21,17.6858)->(12,22,18.3679)->(12,23,19.6858)->(12,24,21.9)->(11,24,24.1495)->(10,24,26.1495)->(9,24,5012.8)->
Agent 7:(13,5,2.21421)->(12,5,4.81421)->(12,6,8.02843)->(12,7,10.8284)->(13,7,13.0779)->(14,7,15.0779)->(15,7,17.8317)->(15,8,20.5501)->(15,9,21.8679)->(15,10,22.6)->(15,11,23.3321)->(15,12,24.6499)->(15,13,26.9)->(16,13,29.7359)->(17,13,33.5822)->(17,14,5017.3)->
Agent 8:(26,26,2.2)->(26,25,3.81421)->(26,24,5.13205)->(26,23,5.81421)->(26,22,6.38205)->(26,21,6.9)->(26,20,7.4)->(26,19,7.9)->(26,18,8.4)->(26,17,8.9)->(26,16,9.4)->(26,15,9.9)->(26,14,10.4)->(26,13,10.9)->(26,12,11.4)->(26,11,11.9)->(26,10,12.4)->(26,9,12.9)->(26,8,13.4179)->(26,7,13.9858)->(26,6,14.6679)->(26,5,15.9858)->(26,4,18.2)->(27,4,20.4142)->(28,4,21.7481)->(29,4,22.5765)->(30,4,23.9103)->(31,4,26.5388)->(31,5,5013.46)->
Agent 9:(29,28,8.11795)->(28,28,15.6501)->(27,28,16.9679)->(26,28,17.6501)->(25,28,18.2179)->(24,28,18.7359)->(23,28,19.2359)->(22,28,19.7359)->(21,28,20.2359)->(20,28,20.7359)->(19,28,21.2359)->(18,28,21.7359)->(17,28,22.2359)->(16,28,22.7359)->(15,28,23.2359)->(14,28,23.7359)->(13,28,24.2359)->(12,28,24.7359)->(11,28,25.2359)->(10,28,25.7359)->(9,28,26.2359)->(8,28,26.7359)->(7,28,27.2359)->(6,28,27.7359)->(5,28,28.2359)->(4,28,28.7538)->(3,28,29.3217)->(2,28,30.0038)->(1,28,31.3217)->(0,28,33.5359)->(0,27,35.7501)->(0,26,37.0679)->(0,25,37.7501)->(0,24,38.3179)->(0,23,38.8359)->(0,22,39.3359)->(0,21,39.8359)->(0,20,40.3359)->(0,19,40.8359)->(0,18,41.3359)->(0,17,41.8359)->(0,16,42.3359)->(0,15,42.8359)->(0,14,43.3359)->(0,13,43.8359)->(0,12,44.3359)->(0,11,44.8538)->(0,10,45.4217)->(0,9,46.1038)->(0,8,47.4217)->(0,7,5023.42)->
Agent 10:(9,21,1.88216)->(10,21,3.17854)->(11,21,4.49638)->(12,21,5.17854)->(13,21,5.74638)->(14,21,6.26433)->(15,21,6.76433)->(16,21,7.28227)->(17,21,7.85011)->(18,21,8.53227)->(19,21,9.85011)->(20,21,12.7001)->(20,20,15.5501)->(20,19,16.8679)->(20,18,17.5501)->(20,17,18.1179)->(20,16,18.6359)->(20,15,19.1359)->(20,14,19.6538)->(20,13,20.2217)->(20,12,20.9038)->(20,11,22.2217)->(20,10,24.8501)->(19,10,28.4501)->(19,9,31.1138)->(19,8,33.1138)->(19,7,35.7775)->(18,7,5018.08)->
Agent 11:(26,31,2.2)->(26,30,3.81421)->(26,29,5.13205)->(26,28,5.81421)->(26,27,6.38205)->(26,26,6.91795)->(26,25,7.48579)->(26,24,8.16795)->(26,23,9.48579)->(26,22,12.7981)->(25,22,16.1103)->(24,22,17.4282)->(23,22,18.1103)->(22,22,18.6782)->(21,22,19.1961)->(20,22,19.6961)->(19,22,20.1961)->(18,22,20.6961)->(17,22,21.1961)->(16,22,21.6961)->(15,22,22.1961)->(14,22,22.7141)->(13,22,23.2819)->(12,22,23.9641)->(11,22,25.2819)->(10,22,5012.35)->
Agent 12:(3,31,1.8)->(4,31,3.01421)->(5,31,4.33205)->(6,31,5.01421)->(7,31,5.58205)->(8,31,6.1)->(9,31,6.6)->(10,31,7.1)->(11,31,7.6)->(12,31,8.1)->(13,31,8.6)->(14,31,9.1)->(15,31,9.61795)->(16,31,10.1858)->(17,31,10.8679)->(18,31,12.1858)->(19,31,14.4)->(19,30,16.6142)->(19,29,17.9321)->(19,28,18.6142)->(19,27,19.1821)->(19,26,19.7)->(19,25,20.2)->(19,24,20.7)->(19,23,21.2)->(19,22,21.7)->(19,21,22.2)->(19,20,22.7179)->(19,19,23.2858)->(19,18,23.9679)->(19,17,25.2858)->(19,16,5012.35)->
Agent 13:(31,6,1.3)->(31,7,2.01421)->(31,8,3.33205)->(31,9,4.01421)->(31,10,4.58205)->(31,11,5.1)->(31,12,5.61795)->(31,13,6.18579)->(31,14,6.86795)->(31,15,8.18579)->(31,16,11.7926)->(30,16,16.3711)->(30,15,18.9995)->(30,14,20.3173)->(30,13,21.0494)->(30,12,21.7814)->(30,11,23.0993)->(30,10,26.3067)->(29,10,29.5142)->(28,10,30.8321)->(27,10,31.5142)->(26,10,32.0821)->(25,10,32.6)->(24,10,33.1)->(23,10,33.6)->(22,10,34.1)->(21,10,34.6)->(20,10,35.1)->(19,10,35.6)->(18,10,36.1)->(17,10,36.6)->(16,10,37.1)->(15,10,37.6)->(14,10,38.1)->(13,10,38.6)->(12,10,39.1)->(11,10,39.6)->(10,10,40.1)->(9,10,40.6)->(8,10,41.1)->(7,10,41.6179)->(6,10,42.1858)->(5,10,42.8679)->(4,10,44.1858)->(3,10,46.4)->(3,9,49.2)->(3,8,5024.6)->
Agent 14:(15,16,1.3)->(15,17,2.6)->(15,18,5.60374)->(16,18,8.02168)->(17,18,9.33952)->(18,18,10.0217)->(19,18,10.6075)->(20,18,11.1933)->(21,18,11.8754)->(22,18,13.1933)->(23,18,16.5537)->(22,18,20.5)->(21,18,23.7)->(22,18,26.3142)->(23,18,27.6321)->(24,18,28.3142)->(25,18,28.8821)->(26,18,29.4)->(27,18,29.9179)->(28,18,30.4858)->(29,18,31.1679)->(30,18,32.4858)->(31,18,5015.95)->
Agent 15:(25,21,1.8)->(24,21,3.01421)->(23,21,4.42843)->(22,21,5.84264)->(21,21,9.39638)->(21,20,12.9501)->(21,19,14.2679)->(21,18,14.9501)->(21,17,15.5179)->(21,16,16.0359)->(21,15,16.5359)->(21,14,17.0359)->(21,13,17.5359)->(21,12,18.0359)->(21,11,18.5359)->(21,10,19.0359)->(21,9,19.5359)->(21,8,20.0359)->(21,7,20.5359)->(21,6,21.0359)->(21,5,21.5538)->(21,4,22.1217)->(21,3,22.8038)->(21,2,24.1217)->(21,1,26.3359)->(20,1,28.5501)->(19,1,29.8679)->(18,1,30.5501)->(17,1,31.1179)->(16,1,31.6359)->(15,1,32.1359)->(14,1,32.6359)->(13,1,33.1359)->(12,1,33.6359)->(11,1,34.1359)->(10,1,34.6538)->(9,1,35.2217)->(8,1,35.9038)->(7,1,37.2217)->(6,1,5018.32)->
Agent 16:(15,30,2.2)->(15,29,3.81421)->(15,28,5.13205)->(15,27,5.81421)->(15,26,6.38205)->(15,25,6.9)->(15,24,7.41795)->(15,23,7.98579)->(15,22,8.66795)->(15,21,9.98579)->(15,20,12.2679)->(16,20,14.5501)->(17,20,15.8679)->(18,20,16.6)->(19,20,17.3321)->(20,20,18.6499)->(21,20,25.2821)->(21,19,31.9142)->(21,18,33.2321)->(21,17,33.9641)->(21,16,34.6962)->(21,15,36.014)->(21,14,38.6424)->(22,14,5019.51)->
Agent 17:(1,21,1.71421)->(1,22,3.81421)->(2,22,6.47792)->(3,22,8.47792)->(4,22,10.9959)->(4,21,13.4785)->(4,20,14.7964)->(4,19,15.4785)->(4,18,16.0464)->(4,17,16.5643)->(4,16,17.0643)->(4,15,17.5643)->(4,14,18.0643)->(4,13,18.5643)->(4,12,19.0643)->(4,11,19.5643)->(4,10,20.0643)->(4,9,20.5643)->(4,8,21.0643)->(4,7,21.5823)->(4,6,22.1501)->(4,5,22.8323)->(4,4,24.1501)->(4,3,26.7785)->(3,3,5013.58)->
Agent 18:(2,7,2.61421)->(2,6,5.74949)->(3,6,8.51319)->(4,6,9.83103)->(5,6,10.5132)->(6,6,11.081)->(7,6,11.599)->(8,6,12.099)->(9,6,12.599)->(10,6,13.099)->(11,6,13.6169)->(12,6,14.1848)->(13,6,14.8669)->(14,6,16.1848)->(15,6,19.3674)->(15,7,22.5501)->(15,8,23.8679)->(15,9,24.6)->(15,10,25.3321)->(15,11,26.6499)->(15,12,28.8641)->(16,12,31.0783)->(17,12,32.4925)->(18,12,33.9067)->(19,12,36.121)->(19,13,38.921)->(19,14,5019.46)->
Agent 19:(20,27,2.61421)->(20,26,5.70011)->(19,26,8.41444)->(18,26,9.73227)->(17,26,10.4643)->(16,26,11.1964)->(15,26,12.5142)->(14,26,14.7284)->(14,25,16.9426)->(14,24,18.2605)->(14,23,18.9426)->(14,22,19.5105)->(14,21,20.0284)->(14,20,20.5284)->(14,19,21.0284)->(14,18,21.5284)->(14,17,22.0284)->(14,16,22.5464)->(14,15,23.1142)->(14,14,23.7964)->(14,13,25.1142)->(14,12,28.2642)->(13,12,31.4142)->(12,12,32.7321)->(11,12,33.4142)->(10,12,33.9821)->(9,12,34.5)->(8,12,35)->(7,12,35.5)->(6,12,36)->(5,12,36.5179)->(4,12,37.0858)->(3,12,37.7679)->(2,12,39.0858)->(1,12,43.8322)->(1,13,5023.17)->
Agent 20:(13,24,2.18205)->(14,24,3.77832)->(15,24,5.09615)->(16,24,5.77832)->(17,24,6.3641)->(18,24,6.94989)->(19,24,7.63205)->(20,24,8.94989)->(21,24,11.7321)->(21,23,14.5142)->(21,22,15.8321)->(21,21,16.5142)->(21,20,17.0821)->(21,19,17.6)->(21,18,18.1)->(21,17,18.6)->(21,16,19.1)->(21,15,19.6)->(21,14,20.1)->(21,13,20.6)->(21,12,21.1)->(21,11,21.6)->(21,10,22.1)->(21,9,22.6)->(21,8,23.1179)->(21,7,23.6858)->(21,6,24.3679)->(21,5,25.6858)->(21,4,5012.55)->
Agent 21:(2,15,1.8)->(3,15,3.01421)->(4,15,4.33205)->(5,15,5.02382)->(6,15,5.65949)->(7,15,6.35126)->(8,15,7.6691)->(9,15,9.88331)->(9,14,12.6833)->(9,13,18.1737)->(10,13,23.0783)->(11,13,24.4925)->(12,13,25.9067)->(13,13,28.121)->(13,14,30.921)->(13,15,5015.46)->
Agent 22:(16,29,2.2)->(16,28,4.4)->(16,27,7.2)->(15,27,9.41421)->(14,27,10.7321)->(13,27,11.4142)->(12,27,12)->(11,27,12.5858)->(10,27,13.2679)->(9,27,14.5858)->(8,27,17.2142)->(8,26,20.8142)->(7,26,23.4426)->(6,26,24.7605)->(5,26,25.4426)->(4,26,26.0284)->(3,26,26.6142)->(2,26,27.2964)->(1,26,28.6142)->(0,26,31.6426)->(1,26,5016.21)->
Agent 23:(25,28,5.48216)->(25,27,10.3785)->(25,26,11.6964)->(25,25,12.3785)->(25,24,12.9464)->(25,23,13.4643)->(25,22,13.9643)->(25,21,14.4643)->(25,20,14.9643)->(25,19,15.4823)->(25,18,16.0501)->(25,17,16.7323)->(25,16,18.0501)->(25,15,20.2643)->(26,15,23.0643)->(27,15,27.7464)->(27,14,5014.8)->
Agent 24:(0,12,2.2)->(0,11,3.81421)->(0,10,5.13205)->(0,9,5.81421)->(0,8,6.38205)->(0,7,6.9)->(0,6,7.41795)->(0,5,7.98579)->(0,4,8.66795)->(0,3,9.98579)->(0,2,14.0179)->(1,2,18.0501)->(2,2,19.3679)->(3,2,20.0501)->(4,2,20.6179)->(5,2,21.1359)->(6,2,21.6359)->(7,2,22.1359)->(8,2,22.6359)->(9,2,23.1359)->(10,2,23.6359)->(11,2,24.1359)->(12,2,24.6359)->(13,2,25.1359)->(14,2,25.6359)->(15,2,26.1359)->(16,2,26.6359)->(17,2,27.1359)->(18,2,27.6359)->(19,2,28.1359)->(20,2,28.6359)->(21,2,29.1359)->(22,2,29.6359)->(23,2,30.1359)->(24,2,30.6359)->(25,2,31.1538)->(26,2,31.7217)->(27,2,32.4038)->(28,2,33.7217)->(29,2,35.9359)->(29,1,38.7359)->(29,0,5019.37)->
Agent 25:(25,4,1.3)->(25,5,2.01421)->(25,6,3.33205)->(25,7,4.02382)->(25,8,4.65949)->(25,9,5.35126)->(25,10,6.6691)->(25,11,10.6237)->(24,11,14.5783)->(23,11,15.8962)->(22,11,16.5783)->(21,11,17.1462)->(20,11,17.6641)->(19,11,18.1641)->(18,11,18.6641)->(17,11,19.1641)->(16,11,19.6641)->(15,11,20.1641)->(14,11,20.6641)->(13,11,21.1641)->(12,11,21.6641)->(11,11,22.1641)->(10,11,22.6641)->(9,11,23.1641)->(8,11,23.6641)->(7,11,24.1641)->(6,11,24.6821)->(5,11,25.2499)->(4,11,25.9321)->(3,11,27.2499)->(2,11,29.4641)->(2,12,31.6783)->(2,13,32.9962)->(2,14,33.6783)->(2,15,34.2462)->(2,16,34.7641)->(2,17,35.2641)->(2,18,35.7641)->(2,19,36.2641)->(2,20,36.7821)->(2,21,37.3499)->(2,22,38.0321)->(2,23,39.3499)->(2,24,41.9783)->(1,24,5021.18)->
Agent 26:(13,1,1.8)->(12,1,3.01421)->(11,1,4.33205)->(10,1,5.01421)->(9,1,5.58205)->(8,1,6.1)->(7,1,6.6)->(6,1,7.11795)->(5,1,7.68579)->(4,1,8.36795)->(3,1,9.68579)->(2,1,12.6999)->(2,2,15.714)->(2,3,17.0318)->(2,4,17.714)->(2,5,18.2818)->(2,6,18.7998)->(2,7,19.2998)->(2,8,19.7998)->(2,9,20.2998)->(2,10,20.7998)->(2,11,21.2998)->(2,12,21.8177)->(2,13,22.3856)->(2,14,23.0677)->(2,15,24.3856)->(2,16,27.014)->(3,16,30.614)->(3,17,33.2424)->(3,18,34.5603)->(3,19,35.2424)->(3,20,35.8103)->(3,21,36.3462)->(3,22,36.914)->(3,23,37.5962)->(3,24,38.914)->(3,25,41.5424)->(4,25,45.1424)->(4,26,47.8061)->(4,27,49.8061)->(4,28,5024.63)->
Agent 27:(22,7,2.05)->(22,8,3.51421)->(22,9,4.83205)->(22,10,5.51421)->(22,11,6.08205)->(22,12,6.6)->(22,13,7.1)->(22,14,7.6)->(22,15,8.1)->(22,16,8.6)->(22,17,9.1)->(22,18,9.6)->(22,19,10.1)->(22,20,10.6)->(22,21,11.1179)->(22,22,11.6858)->(22,23,12.3679)->(22,24,13.6858)->(22,25,15.9)->(23,25,18.1142)->(24,25,19.4321)->(25,25,20.1641)->(26,25,20.8962)->(27,25,22.214)->(28,25,24.8424)->(28,26,5012.61)->
Agent 28:(21,20,1.3)->(21,21,2.01421)->(21,22,3.33205)->(21,23,4.01421)->(21,24,4.58205)->(21,25,5.11795)->(21,26,5.68579)->(21,27,6.36795)->(21,28,7.68579)->(21,29,10.4642)->(20,29,13.2426)->(19,29,14.5605)->(18,29,15.2426)->(17,29,15.8105)->(16,29,16.3284)->(15,29,16.8284)->(14,29,17.3284)->(13,29,17.8284)->(12,29,18.3284)->(11,29,18.8284)->(10,29,19.3284)->(9,29,19.8464)->(8,29,20.4142)->(7,29,21.0964)->(6,29,22.4142)->(5,29,5010.91)->
Agent 29:(17,11,1.8)->(16,11,3.01421)->(15,11,4.33205)->(14,11,5.01421)->(13,11,5.6)->(12,11,6.18579)->(11,11,6.86795)->(10,11,8.18579)->(9,11,10.8142)->(9,12,14.636)->(8,12,17.4862)->(7,12,18.8041)->(6,12,19.5361)->(5,12,20.2682)->(4,12,21.586)->(3,12,24.2144)->(3,13,34.0186)->(2,13,42.8864)->(1,13,44.8864)->(0,13,47.5501)->(0,14,5023.97)->
Agent 30:(19,24,2.55)->(20,24,4.51421)->(21,24,5.92843)->(22,24,7.34264)->(23,24,9.97107)->(23,23,13.9853)->(22,23,21.1069)->(22,22,27.4284)->(22,21,32.1964)->(21,21,36.9643)->(20,21,5018.48)->
Agent 31:(23,6,2.11784)->(22,6,3.64989)->(21,6,4.98374)->(20,6,5.81217)->(19,6,7.14602)->(18,6,9.36023)->(18,7,11.5744)->(18,8,12.9887)->(18,9,14.4029)->(18,10,21.0623)->(18,9,28.3075)->(18,8,5014.15)->
Agent 32:(19,12,1.71421)->(19,13,7.33205)->(18,13,13.4783)->(17,13,14.7962)->(16,13,15.4783)->(15,13,16.0641)->(14,13,16.6499)->(13,13,17.3321)->(12,13,18.6499)->(11,13,20.8641)->(11,14,23.0783)->(11,15,24.3962)->(11,16,25.0783)->(11,17,25.6462)->(11,18,26.1641)->(11,19,26.6641)->(11,20,27.1641)->(11,21,27.6641)->(11,22,28.1641)->(11,23,28.6641)->(11,24,29.1641)->(11,25,29.6641)->(11,26,30.1641)->(11,27,30.6821)->(11,28,31.2499)->(11,29,31.9321)->(11,30,33.2499)->(11,31,5016.33)->
Agent 33:(30,4,1.3)->(30,5,2.01421)->(30,6,3.33205)->(30,7,4.01421)->(30,8,4.6)->(30,9,5.18579)->(30,10,5.86795)->(30,11,7.18579)->(30,12,9.56795)->(29,12,11.9501)->(28,12,13.2679)->(27,12,13.9501)->(26,12,14.5179)->(25,12,15.0359)->(24,12,15.5359)->(23,12,16.0359)->(22,12,16.5359)->(21,12,17.0359)->(20,12,17.5359)->(19,12,18.0359)->(18,12,18.5359)->(17,12,19.0359)->(16,12,19.5359)->(15,12,20.0359)->(14,12,20.5359)->(13,12,21.0359)->(12,12,21.5359)->(11,12,22.0359)->(10,12,22.5538)->(9,12,23.1217)->(8,12,23.8038)->(7,12,25.1217)->(6,12,28.7679)->(6,13,32.4142)->(6,14,33.7321)->(6,15,34.4142)->(6,16,34.9821)->(6,17,35.5179)->(6,18,36.0858)->(6,19,36.7679)->(6,20,38.0858)->(6,21,40.7142)->(5,21,44.7284)->(5,22,5022.76)->
Agent 34:(31,11,1.3)->(31,12,2.01421)->(31,13,3.33205)->(31,14,4.01421)->(31,15,4.58205)->(31,16,5.1)->(31,17,5.6)->(31,18,6.1)->(31,19,6.6)->(31,20,7.1)->(31,21,7.6)->(31,22,8.1)->(31,23,8.61795)->(31,24,9.18579)->(31,25,9.86795)->(31,26,11.1858)->(31,27,18.0822)->(30,27,24.9785)->(29,27,26.2964)->(28,27,26.9785)->(27,27,27.5464)->(26,27,28.0643)->(25,27,28.5643)->(24,27,29.0643)->(23,27,29.5643)->(22,27,30.0643)->(21,27,30.5643)->(20,27,31.0643)->(19,27,31.5643)->(18,27,32.0643)->(17,27,32.5643)->(16,27,33.0643)->(15,27,33.5643)->(14,27,34.0643)->(13,27,34.5643)->(12,27,35.0643)->(11,27,35.5643)->(10,27,36.0643)->(9,27,36.5643)->(8,27,37.0643)->(7,27,37.5823)->(6,27,38.1501)->(5,27,38.8323)->(4,27,40.1501)->(3,27,5019.78)->
Agent 35:(27,23,2.75)->(27,22,4.91421)->(27,21,6.23205)->(27,20,6.91421)->(27,19,7.48205)->(27,18,8)->(27,17,8.5)->(27,16,9)->(27,15,9.5)->(27,14,10)->(27,13,10.5)->(27,12,11.0179)->(27,11,11.5858)->(27,10,12.2679)->(27,9,13.5858)->(27,8,18.0679)->(26,8,22.5501)->(25,8,23.8679)->(24,8,24.5501)->(23,8,25.1179)->(22,8,25.6359)->(21,8,26.1359)->(20,8,26.6359)->(19,8,27.1538)->(18,8,27.7217)->(17,8,28.4038)->(16,8,29.7217)->(15,8,32.3501)->(15,9,5016.37)->
Agent 36:(22,24,1.8)->(23,24,3.6)->(24,24,6.4)->(24,23,8.61421)->(24,22,9.93205)->(24,21,10.6142)->(24,20,11.2)->(24,19,11.7858)->(24,18,12.4679)->(24,17,13.7858)->(24,16,5006.6)->
Agent 37:(21,13,1.3)->(21,14,2.04949)->(21,15,4.04949)->(21,16,7.29949)->(22,16,11.1)->(23,16,5005.55)->
Agent 38:(14,19,1.8)->(15,19,3.01421)->(16,19,4.33205)->(17,19,5.01421)->(18,19,5.58205)->(19,19,6.1)->(20,19,6.6)->(21,19,7.1)->(22,19,7.61795)->(23,19,8.18579)->(24,19,8.86795)->(25,19,10.1858)->(26,19,13.0681)->(26,18,15.9503)->(26,17,17.2682)->(26,16,18.0002)->(26,15,18.7323)->(26,14,20.0501)->(26,13,22.2643)->(27,13,24.4785)->(28,13,25.8928)->(29,13,27.307)->(30,13,5013.36)->
Agent 39:(23,19,1.8)->(24,19,3.01421)->(25,19,4.33205)->(26,19,5.01421)->(27,19,5.6)->(28,19,6.18579)->(29,19,6.86795)->(30,19,8.18579)->(31,19,11.2142)->(30,19,15.2142)->(30,20,17.8426)->(30,21,19.1605)->(30,22,19.8426)->(30,23,20.4105)->(30,24,20.9284)->(30,25,21.4464)->(30,26,22.0142)->(30,27,22.6964)->(30,28,24.0142)->(30,29,5011.71)->
Agent 40:(5,11,2.86048)->(5,10,5.13517)->(5,9,6.45301)->(5,8,7.13517)->(5,7,7.70301)->(5,6,8.22096)->(5,5,8.73891)->(5,4,9.30674)->(5,3,9.98891)->(5,2,11.3067)->(5,1,13.521)->(4,1,15.7352)->(3,1,17.069)->(2,1,17.8974)->(1,1,19.2313)->(0,1,5009.32)->
Agent 41:(0,23,2.2)->(0,22,3.81421)->(0,21,5.13205)->(0,20,5.82382)->(0,19,6.45949)->(0,18,7.15126)->(0,17,8.4691)->(0,16,10.6833)->(1,16,12.8975)->(2,16,14.2154)->(3,16,14.8975)->(4,16,15.4654)->(5,16,15.9833)->(6,16,16.4833)->(7,16,16.9833)->(8,16,17.4833)->(9,16,17.9833)->(10,16,18.4833)->(11,16,18.9833)->(12,16,19.4833)->(13,16,19.9833)->(14,16,20.4833)->(15,16,20.9833)->(16,16,21.4833)->(17,16,21.9833)->(18,16,22.5013)->(19,16,23.0691)->(20,16,23.7513)->(21,16,25.0691)->(22,16,27.6975)->(22,15,34.638)->(22,16,41.1928)->(22,17,5020.6)->
Agent 42:(23,0,1.3)->(23,1,2.01421)->(23,2,3.33205)->(23,3,4.01421)->(23,4,4.58205)->(23,5,5.1)->(23,6,5.6)->(23,7,6.1)->(23,8,6.6)->(23,9,7.1)->(23,10,7.6)->(23,11,8.1)->(23,12,8.6)->(23,13,9.1)->(23,14,9.6)->(23,15,10.1)->(23,16,10.6)->(23,17,11.1179)->(23,18,11.6858)->(23,19,12.3679)->(23,20,13.6858)->(23,21,18.5822)->(22,21,23.4785)->(21,21,24.7964)->(20,21,25.4785)->(19,21,26.0464)->(18,21,26.5643)->(17,21,27.0643)->(16,21,27.5643)->(15,21,28.0643)->(14,21,28.5643)->(13,21,29.0643)->(12,21,29.5643)->(11,21,30.0643)->(10,21,30.5643)->(9,21,31.0643)->(8,21,31.5823)->(7,21,32.1501)->(6,21,32.8323)->(5,21,34.1501)->(4,21,36.7785)->(4,22,5018.58)->
Agent 43:(6,28,3.93205)->(7,28,7.27832)->(8,28,8.59615)->(9,28,9.3282)->(10,28,10.0603)->(11,28,11.3781)->(12,28,13.5923)->(12,27,15.8418)->(12,26,17.8418)->(12,25,26.4278)->(12,26,35.5643)->(12,27,5017.78)->
Agent 44:(4,2,1.3)->(4,3,2.01421)->(4,4,3.33205)->(4,5,4.0641)->(4,6,4.79615)->(4,7,6.11399)->(4,8,8.3282)->(3,8,10.5777)->(2,8,12.5777)->(1,8,14.8636)->(1,9,17.7)->(1,10,33.45)->(2,10,49.2)->(3,10,5024.6)->
Agent 45:(5,0,1.8)->(6,0,3.01421)->(7,0,4.34806)->(8,0,5.17649)->(9,0,6.51034)->(10,0,13.2265)->(10,1,19.9426)->(10,2,21.2605)->(10,3,21.9426)->(10,4,22.5105)->(10,5,23.0284)->(10,6,23.5284)->(10,7,24.0284)->(10,8,24.5284)->(10,9,25.0284)->(10,10,25.5284)->(10,11,26.0284)->(10,12,26.5284)->(10,13,27.0284)->(10,14,27.5284)->(10,15,28.0284)->(10,16,28.5464)->(10,17,29.1142)->(10,18,29.7964)->(10,19,31.1142)->(10,20,34.5464)->(10,19,5017.87)->
Agent 46:(11,3,1.8)->(10,3,3.01421)->(9,3,4.33205)->(8,3,5.01421)->(7,3,5.6)->(6,3,6.18579)->(5,3,6.86795)->(4,3,8.18579)->(3,3,11.8001)->(3,4,15.4144)->(3,5,16.7323)->(3,6,17.4144)->(3,7,17.9823)->(3,8,18.5002)->(3,9,19.0002)->(3,10,19.5002)->(3,11,20.0002)->(3,12,20.5002)->(3,13,21.0002)->(3,14,21.5002)->(3,15,22.0002)->(3,16,22.5002)->(3,17,23.0002)->(3,18,23.5002)->(3,19,24.0002)->(3,20,24.5002)->(3,21,25.0002)->(3,22,25.5182)->(3,23,26.086)->(3,24,26.7682)->(3,25,28.086)->(3,26,5013.75)->
Agent 47:(13,14,1.71421)->(13,15,6.47843)->(13,14,11.7711)->(13,13,13.0889)->(13,12,13.7711)->(13,11,14.3389)->(13,10,14.8569)->(13,9,15.3569)->(13,8,15.8569)->(13,7,16.3569)->(13,6,16.8569)->(13,5,17.3569)->(13,4,17.8748)->(13,3,18.4426)->(13,2,19.1248)->(13,1,20.4426)->(13,0,22.6569)->(14,0,24.8711)->(15,0,26.1889)->(16,0,26.8711)->(17,0,27.4389)->(18,0,27.9569)->(19,0,28.4748)->(20,0,29.0426)->(21,0,29.7248)->(22,0,31.0426)->(23,0,33.6711)->(23,1,5017.03)->
Agent 48:(12,26,2.2)->(12,25,4.4)->(12,24,9.26795)->(13,24,13.5501)->(14,24,14.8679)->(15,24,15.5501)->(16,24,16.1179)->(17,24,16.6359)->(18,24,17.1359)->(19,24,17.6359)->(20,24,18.1538)->(21,24,18.7217)->(22,24,19.4038)->(23,24,20.7217)->(24,24,25.3928)->(24,25,30.0991)->(24,26,32.0991)->(24,27,5015.77)->
Agent 49:(29,6,1.3)->(29,7,2.01421)->(29,8,3.33205)->(29,9,4.01421)->(29,10,4.58205)->(29,11,5.1)->(29,12,5.6)->(29,13,6.1)->(29,14,6.6)->(29,15,7.11795)->(29,16,7.68579)->(29,17,8.36795)->(29,18,9.68579)->(29,19,13.05)->(28,19,16.4142)->(27,19,17.7321)->(26,19,18.4142)->(25,19,18.9821)->(24,19,19.5)->(23,19,20)->(22,19,20.5)->(21,19,21)->(20,19,21.5)->(19,19,22)->(18,19,22.5)->(17,19,23)->(16,19,23.5179)->(15,19,24.0858)->(14,19,24.7679)->(13,19,26.0858)->(12,19,5012.75)->
Agent 50:(17,13,2.31059)->(17,12,4.03539)->(17,11,5.35323)->(17,10,6.03539)->(17,9,6.60323)->(17,8,7.13913)->(17,7,7.70697)->(17,6,8.38913)->(17,5,9.70697)->(17,4,11.989)->(16,4,14.2711)->(15,4,15.5889)->(14,4,16.2711)->(13,4,16.8389)->(12,4,17.3569)->(11,4,17.8569)->(10,4,18.3748)->(9,4,18.9426)->(8,4,19.6248)->(7,4,20.9426)->(6,4,23.5711)->(6,5,5011.98)->
Agent 51:(29,3,4.75)->(29,4,8.91421)->(29,5,10.2321)->(29,6,10.9142)->(29,7,11.4821)->(29,8,12)->(29,9,12.5)->(29,10,13)->(29,11,13.5)->(29,12,14)->(29,13,14.5)->(29,14,15)->(29,15,15.5)->(29,16,16)->(29,17,16.5)->(29,18,17)->(29,19,17.5179)->(29,20,18.0858)->(29,21,18.7679)->(29,22,20.0858)->(29,23,23.3679)->(28,23,26.6501)->(27,23,27.9679)->(26,23,28.6501)->(25,23,29.2179)->(24,23,29.7359)->(23,23,30.2359)->(22,23,30.7359)->(21,23,31.2359)->(20,23,31.7538)->(19,23,32.3217)->(18,23,33.0038)->(17,23,34.3217)->(16,23,5016.87)->
Agent 52:(20,5,3.14638)->(19,5,5.70697)->(18,5,7.0248)->(17,5,7.70697)->(16,5,8.29275)->(15,5,8.87854)->(14,5,9.5607)->(13,5,10.8785)->(12,5,16.4643)->(12,6,22.6359)->(12,7,5011.32)->
Agent 53:(10,2,3.21421)->(10,3,5.84264)->(10,4,7.16048)->(10,5,7.84264)->(10,6,8.41048)->(10,7,8.92843)->(10,8,9.42843)->(10,9,9.92843)->(10,10,10.4284)->(10,11,10.9284)->(10,12,11.4284)->(10,13,11.9464)->(10,14,12.5142)->(10,15,13.1964)->(10,16,14.5142)->(10,17,16.7284)->(11,17,19.5284)->(12,17,27.3426)->(12,18,5016.16)->
Agent 54:(24,28,1.8)->(23,28,3.01421)->(22,28,4.33205)->(21,28,5.02382)->(20,28,5.65949)->(19,28,6.35126)->(18,28,7.6691)->(17,28,14.4096)->(17,27,21.1501)->(17,26,22.4679)->(17,25,23.1501)->(17,24,23.7179)->(17,23,24.2359)->(17,22,24.7359)->(17,21,25.2359)->(17,20,25.7359)->(17,19,26.2359)->(17,18,26.7359)->(17,17,27.2359)->(17,16,27.7359)->(17,15,28.2359)->(17,14,28.7359)->(17,13,29.2359)->(17,12,29.7359)->(17,11,30.2359)->(17,10,30.7359)->(17,9,31.2359)->(17,8,31.7359)->(17,7,32.2538)->(17,6,32.8217)->(17,5,33.5038)->(17,4,34.8217)->(17,3,37.4501)->(18,3,5018.92)->
Agent 55:(8,24,1.8)->(7,24,3.04949)->(6,24,5.04949)->(5,24,9.08154)->(5,23,13.0783)->(5,22,14.3962)->(5,21,15.0783)->(5,20,15.6462)->(5,19,16.1821)->(5,18,16.7499)->(5,17,17.4321)->(5,16,18.7499)->(5,15,5009.08)->
Agent 56:(11,27,5.06795)->(11,26,9.55011)->(11,25,10.8679)->(11,24,11.5501)->(11,23,12.1179)->(11,22,12.6359)->(11,21,13.1359)->(11,20,13.6359)->(11,19,14.1359)->(11,18,14.6359)->(11,17,15.1359)->(11,16,15.6359)->(11,15,16.1359)->(11,14,16.6359)->(11,13,17.1359)->(11,12,17.6359)->(11,11,18.1359)->(11,10,18.6359)->(11,9,19.1359)->(11,8,19.6359)->(11,7,20.1359)->(11,6,20.6359)->(11,5,21.1359)->(11,4,21.6538)->(11,3,22.2217)->(11,2,22.9038)->(11,1,24.2217)->(11,0,26.4359)->(12,0,28.6501)->(13,0,29.9679)->(14,0,30.6501)->(15,0,31.2179)->(16,0,31.7359)->(17,0,32.2359)->(18,0,32.7538)->(19,0,33.3217)->(20,0,34.0038)->(21,0,35.3217)->(22,0,5017.37)->
Agent 57:(11,26,2.2)->(11,25,3.81421)->(11,24,5.13205)->(11,23,5.81421)->(11,22,6.38205)->(11,21,6.9)->(11,20,7.4)->(11,19,7.9)->(11,18,8.4)->(11,17,8.9)->(11,16,9.4)->(11,15,9.9)->(11,14,10.4)->(11,13,10.9179)->(11,12,11.4858)->(11,11,12.1679)->(11,10,13.4858)->(11,9,15.7679)->(12,9,18.0501)->(13,9,19.3679)->(14,9,20.0501)->(15,9,20.6179)->(16,9,21.1359)->(17,9,21.6359)->(18,9,22.1359)->(19,9,22.6359)->(20,9,23.1359)->(21,9,23.6359)->(22,9,24.1538)->(23,9,24.7217)->(24,9,25.4038)->(25,9,26.7217)->(26,9,5013.07)->
Agent 58:(30,28,3.32843)->(30,27,6.07107)->(30,26,7.38891)->(30,25,8.07107)->(30,24,8.63891)->(30,23,9.15685)->(30,22,9.65685)->(30,21,10.1569)->(30,20,10.6569)->(30,19,11.1569)->(30,18,11.6569)->(30,17,12.1569)->(30,16,12.6569)->(30,15,13.1569)->(30,14,13.6569)->(30,13,14.1569)->(30,12,14.6569)->(30,11,15.1569)->(30,10,15.6569)->(30,9,16.1748)->(30,8,16.7426)->(30,7,17.4248)->(30,6,18.7426)->(30,5,21.5784)->(29,5,24.4142)->(28,5,25.7321)->(27,5,26.4142)->(26,5,26.9821)->(25,5,27.5)->(24,5,28)->(23,5,28.5)->(22,5,29)->(21,5,29.5)->(20,5,30)->(19,5,30.5)->(18,5,31)->(17,5,31.5)->(16,5,32.0179)->(15,5,32.5858)->(14,5,33.2679)->(13,5,34.5858)->(12,5,37.2142)->(12,6,40.8142)->(11,6,44.0284)->(10,6,5022.01)->
Agent 59:(19,23,1.8)->(18,23,3.01421)->(17,23,4.33205)->(16,23,5.01421)->(15,23,5.58205)->(14,23,6.1)->(13,23,6.6)->(12,23,7.11795)->(11,23,7.68579)->(10,23,8.36795)->(9,23,9.68579)->(8,23,12.4)->(8,22,15.1142)->(8,21,16.4321)->(8,20,17.1142)->(8,19,17.6821)->(8,18,18.2)->(8,17,18.7)->(8,16,19.2)->(8,15,19.7)->(8,14,20.2)->(8,13,20.7)->(8,12,21.2)->(8,11,21.7)->(8,10,22.2)->(8,9,22.7)->(8,8,23.2)->(8,7,23.7179)->(8,6,24.2858)->(8,5,24.9679)->(8,4,26.2858)->(8,3,28.5)->(9,3,31.3)->(10,3,5015.65)->
Agent 60:(31,16,1.8)->(30,16,3.01421)->(29,16,4.33205)->(28,16,5.0641)->(27,16,5.79615)->(26,16,7.11399)->(25,16,11.5821)->(25,15,16.0501)->(25,14,17.3679)->(25,13,18.0501)->(25,12,18.6179)->(25,11,19.1538)->(25,10,19.7217)->(25,9,20.4038)->(25,8,21.7217)->(25,7,23.9359)->(24,7,26.7359)->(23,7,5013.37)->
Agent 61:(16,25,1.71421)->(16,26,4.81472)->(15,26,8.47894)->(14,26,10.4789)->(13,26,17.3322)->(13,27,24.1854)->(13,28,26.1854)->(13,29,5012.82)->
Agent 62:(15,7,1.8)->(16,7,3.01421)->(17,7,4.34806)->(18,7,5.17649)->(19,7,6.51034)->(20,7,9.13877)->(20,6,23.5623)->(21,6,37.6)->(22,6,5018.8)->
Agent 63:(10,12,1.3)->(10,13,2.01421)->(10,14,3.33205)->(10,15,4.01421)->(10,16,4.58205)->(10,17,5.11795)->(10,18,5.68579)->(10,19,6.36795)->(10,20,7.68579)->(10,21,11.3679)->(11,21,15.0501)->(12,21,16.3679)->(13,21,17.0501)->(14,21,17.6359)->(15,21,18.2217)->(16,21,18.9038)->(17,21,20.2217)->(18,21,22.8501)->(18,22,5011.62)->
Agent 64:(31,0,1.3)->(31,1,2.01421)->(31,2,3.34806)->(31,3,4.17649)->(31,4,5.51034)->(31,5,7.94433)->(30,5,10.3783)->(29,5,11.6962)->(28,5,12.3783)->(27,5,12.9462)->(26,5,13.4641)->(25,5,13.9641)->(24,5,14.4821)->(23,5,15.0499)->(22,5,15.7321)->(21,5,17.0499)->(20,5,19.6783)->(20,4,28.8321)->(20,5,37.6)->(20,6,5018.8)->
Agent 65:(13,10,3.21421)->(13,9,5.84264)->(13,8,7.16048)->(13,7,7.84264)->(13,6,8.41048)->(13,5,8.94638)->(13,4,9.51421)->(13,3,10.1964)->(13,2,11.5142)->(13,1,13.7284)->(12,1,15.9426)->(11,1,17.2605)->(10,1,17.9426)->(9,1,18.5105)->(8,1,19.0284)->(7,1,19.5284)->(6,1,20.0284)->(5,1,20.5464)->(4,1,21.1142)->(3,1,21.7964)->(2,1,23.1142)->(1,1,5011.26)->
Agent 66:(2,11,2.2)->(2,10,3.81421)->(2,9,5.22843)->(2,8,6.64264)->(2,7,11.3464)->(3,7,16.0501)->(4,7,17.3679)->(5,7,18.0501)->(6,7,18.6179)->(7,7,19.1359)->(8,7,19.6359)->(9,7,20.1359)->(10,7,20.6538)->(11,7,21.2217)->(12,7,21.9038)->(13,7,23.2217)->(14,7,5011.32)->
Agent 67:(28,2,2.91421)->(28,3,5.24264)->(28,4,6.56048)->(28,5,7.24264)->(28,6,7.81048)->(28,7,8.32843)->(28,8,8.82843)->(28,9,9.32843)->(28,10,9.82843)->(28,11,10.3284)->(28,12,10.8284)->(28,13,11.3284)->(28,14,11.8284)->(28,15,12.3284)->(28,16,12.8284)->(28,17,13.3284)->(28,18,13.8464)->(28,19,14.4142)->(28,20,15.0964)->(28,21,16.4142)->(28,22,18.6284)->(27,22,20.8426)->(26,22,22.1605)->(25,22,22.8426)->(24,22,23.4284)->(23,22,24.0142)->(22,22,24.6964)->(21,22,26.0142)->(20,22,5012.71)->
Agent 68:(14,9,1.8)->(13,9,3.01421)->(12,9,4.33205)->(11,9,5.01421)->(10,9,5.58205)->(9,9,6.1)->(8,9,6.6)->(7,9,7.1)->(6,9,7.6)->(5,9,8.11795)->(4,9,8.68579)->(3,9,9.36795)->(2,9,10.6858)->(1,9,12.9)->(1,10,15.1142)->(1,11,16.4321)->(1,12,17.1142)->(1,13,17.7)->(1,14,18.2858)->(1,15,18.9679)->(1,16,20.2858)->(1,17,5009.85)->
Agent 69:(13,27,4.55)->(13,26,8.51421)->(13,25,9.83205)->(13,24,10.5142)->(13,23,11.0821)->(13,22,11.6)->(13,21,12.1)->(13,20,12.6)->(13,19,13.1)->(13,18,13.6)->(13,17,14.1)->(13,16,14.6)->(13,15,15.1)->(13,14,15.6)->(13,13,16.1)->(13,12,16.6)->(13,11,17.1)->(13,10,17.6)->(13,9,18.1179)->(13,8,18.6858)->(13,7,19.3679)->(13,6,20.6858)->(13,5,22.9)->(12,5,25.1495)->(11,5,27.1495)->(10,5,5013.3)->
Agent 70:(26,13,2.2)->(26,12,3.81421)->(26,11,5.13205)->(26,10,5.81421)->(26,9,6.38205)->(26,8,6.91795)->(26,7,7.48579)->(26,6,8.16795)->(26,5,9.48579)->(26,4,11.7)->(25,4,13.9142)->(24,4,15.2321)->(23,4,15.9142)->(22,4,16.4821)->(21,4,17)->(20,4,17.5)->(19,4,18)->(18,4,18.5179)->(17,4,19.0858)->(16,4,19.7679)->(15,4,21.0858)->(14,4,23.3)->(14,5,26.1)->(14,6,5013.05)->
Agent 71:(7,3,1.3)->(7,4,2.04949)->(7,5,4.04949)->(7,6,6.29898)->(8,6,8.51319)->(9,6,9.83103)->(10,6,10.5132)->(11,6,11.081)->(12,6,11.6169)->(13,6,12.1848)->(14,6,12.8669)->(15,6,14.1848)->(16,6,17.3317)->(16,7,20.4785)->(16,8,21.7964)->(16,9,22.4785)->(16,10,23.0464)->(16,11,23.5643)->(16,12,24.0643)->(16,13,24.5643)->(16,14,25.0643)->(16,15,25.5643)->(16,16,26.0643)->(16,17,26.5643)->(16,18,27.0643)->(16,19,27.5643)->(16,20,28.0643)->(16,21,28.5643)->(16,22,29.0643)->(16,23,29.5643)->(16,24,30.0643)->(16,25,30.5823)->(16,26,31.1501)->(16,27,31.8323)->(16,28,33.1501)->(16,29,35.3643)->(17,29,37.5785)->(18,29,38.8964)->(19,29,39.5785)->(20,29,40.1464)->(21,29,40.6643)->(22,29,41.1643)->(23,29,41.6823)->(24,29,42.2501)->(25,29,42.9323)->(26,29,44.2501)->(27,29,5021.83)->
Agent 72:(12,10,1.8)->(11,10,3.01421)->(10,10,4.33205)->(9,10,5.0641)->(8,10,5.79615)->(7,10,7.11399)->(6,10,19.7641)->(6,11,32.4142)->(6,12,33.7321)->(6,13,34.4142)->(6,14,34.9821)->(6,15,35.5179)->(6,16,36.0858)->(6,17,36.7679)->(6,18,38.0858)->(6,19,5018.75)->
Agent 73:(8,13,2.21421)->(7,13,4.81421)->(7,12,7.44264)->(7,11,8.77649)->(7,10,9.60492)->(7,9,10.9388)->(7,8,13.5672)->(6,8,23.4765)->(6,9,32.4142)->(6,10,33.7321)->(6,11,34.4142)->(6,12,34.9821)->(6,13,35.5179)->(6,14,36.0858)->(6,15,36.7679)->(6,16,38.0858)->(6,17,5018.75)->
Agent 74:(18,4,2.54806)->(18,5,4.51034)->(18,6,5.82818)->(18,7,6.51034)->(18,8,7.07818)->(18,9,7.59613)->(18,10,8.09613)->(18,11,8.59613)->(18,12,9.09613)->(18,13,9.59613)->(18,14,10.0961)->(18,15,10.5961)->(18,16,11.0961)->(18,17,11.5961)->(18,18,12.1141)->(18,19,12.6819)->(18,20,13.3641)->(18,21,14.6819)->(18,22,16.8961)->(17,22,19.1103)->(16,22,20.4282)->(15,22,21.1103)->(14,22,21.6782)->(13,22,22.1961)->(12,22,22.6961)->(11,22,23.1961)->(10,22,23.7141)->(9,22,24.2819)->(8,22,24.9641)->(7,22,26.2819)->(6,22,5012.85)->
Agent 75:(12,14,1.3)->(12,15,2.01421)->(12,16,3.33205)->(12,17,4.0641)->(12,18,4.79615)->(12,19,6.11399)->(12,20,8.42458)->(11,20,10.7704)->(10,20,12.7704)->(9,20,15.0199)->(9,21,17.2341)->(9,22,18.552)->(9,23,19.2341)->(9,24,19.802)->(9,25,20.3199)->(9,26,20.8379)->(9,27,21.4057)->(9,28,22.0879)->(9,29,23.4057)->(9,30,5011.41)->
Agent 76:(19,28,2.2)->(19,27,3.81421)->(19,26,5.13205)->(19,25,5.81421)->(19,24,6.38205)->(19,23,6.9)->(19,22,7.4)->(19,21,7.9)->(19,20,8.4)->(19,19,8.91795)->(19,18,9.48579)->(19,17,10.1679)->(19,16,11.4858)->(19,15,13.7)->(18,15,15.9142)->(17,15,17.2321)->(16,15,17.9142)->(15,15,18.4821)->(14,15,19)->(13,15,19.5179)->(12,15,20.0858)->(11,15,20.7679)->(10,15,22.0858)->(9,15,24.7142)->(9,16,5012.55)->
Agent 77:(2,22,2.2)->(2,21,3.81421)->(2,20,5.14806)->(2,19,5.97649)->(2,18,7.31034)->(2,17,18.6907)->(3,17,30.0711)->(4,17,31.3889)->(5,17,32.0711)->(6,17,32.6389)->(7,17,33.1569)->(8,17,33.6569)->(9,17,34.1569)->(10,17,34.6569)->(11,17,35.1569)->(12,17,35.6569)->(13,17,36.1569)->(14,17,36.6569)->(15,17,37.1569)->(16,17,37.6569)->(17,17,38.1569)->(18,17,38.6569)->(19,17,39.1569)->(20,17,39.6569)->(21,17,40.1569)->(22,17,40.6748)->(23,17,41.2426)->(24,17,41.9248)->(25,17,43.2426)->(26,17,5021.33)->
Agent 78:(28,17,1.3)->(28,18,2.01421)->(28,19,3.33205)->(28,20,4.01421)->(28,21,4.58205)->(28,22,5.1)->(28,23,5.61795)->(28,24,6.18579)->(28,25,6.86795)->(28,26,8.18579)->(28,27,11.5642)->(27,27,14.9426)->(26,27,16.2605)->(25,27,16.9426)->(24,27,17.5105)->(23,27,18.0284)->(22,27,18.5464)->(21,27,19.1142)->(20,27,19.7964)->(19,27,21.1142)->(18,27,23.7426)->(18,28,5012.06)->
Agent 79:(15,0,1.3)->(15,1,2.01421)->(15,2,3.33205)->(15,3,4.01421)->(15,4,4.58205)->(15,5,5.1)->(15,6,5.6)->(15,7,6.1)->(15,8,6.6)->(15,9,7.1)->(15,10,7.6)->(15,11,8.1)->(15,12,8.6)->(15,13,9.1)->(15,14,9.61795)->(15,15,10.1858)->(15,16,10.8679)->(15,17,12.1858)->(15,18,20.9642)->(14,18,29.7426)->(13,18,31.0605)->(12,18,31.7426)->(11,18,32.3105)->(10,18,32.8284)->(9,18,33.3284)->(8,18,33.8284)->(7,18,34.3464)->(6,18,34.9142)->(5,18,35.5964)->(4,18,36.9142)->(3,18,5018.16)->
Agent 80:(27,15,2.2)->(27,14,4.4)->(27,13,7.2)->(28,13,9.41421)->(29,13,10.8284)->(30,13,12.2426)->(31,13,14.8711)->(31,12,21.1784)->(31,13,27.1)->(31,14,5013.55)->
Agent 81:(14,30,2.2)->(14,29,3.81421)->(14,28,5.13205)->(14,27,5.81421)->(14,26,6.38205)->(14,25,6.9)->(14,24,7.4)->(14,23,7.9)->(14,22,8.4)->(14,21,8.9)->(14,20,9.4)->(14,19,9.9)->(14,18,10.4)->(14,17,10.9)->(14,16,11.4)->(14,15,11.9)->(14,14,12.4)->(14,13,12.9)->(14,12,13.4179)->(14,11,13.9858)->(14,10,14.6679)->(14,9,15.9858)->(14,8,18.3358)->(13,8,20.6858)->(12,8,22.0036)->(11,8,22.6954)->(10,8,23.3311)->(9,8,24.0228)->(8,8,25.3407)->(7,8,5012.38)->
Agent 82:(8,27,2.75)->(8,26,4.91421)->(8,25,6.23205)->(8,24,6.91421)->(8,23,7.48205)->(8,22,8)->(8,21,8.5)->(8,20,9)->(8,19,9.5)->(8,18,10)->(8,17,10.5)->(8,16,11)->(8,15,11.5)->(8,14,12)->(8,13,12.5179)->(8,12,13.0858)->(8,11,13.7679)->(8,10,15.0858)->(8,9,17.3)->(9,9,19.5142)->(10,9,20.8481)->(11,9,21.6765)->(12,9,23.0103)->(13,9,5011.21)->
Agent 83:(3,5,1.3)->(3,6,2.01421)->(3,7,3.33205)->(3,8,4.01421)->(3,9,4.58205)->(3,10,5.1)->(3,11,5.6)->(3,12,6.1)->(3,13,6.6)->(3,14,7.11795)->(3,15,7.68579)->(3,16,8.36795)->(3,17,9.68579)->(3,18,11.9)->(4,18,14.1142)->(5,18,15.4321)->(6,18,16.1142)->(7,18,16.6821)->(8,18,17.2)->(9,18,17.7179)->(10,18,18.2858)->(11,18,18.9679)->(12,18,20.2858)->(13,18,25.0142)->(13,19,5013.75)->
Agent 84:(31,3,1.3)->(31,4,2.01421)->(31,5,3.33205)->(31,6,4.01421)->(31,7,4.58205)->(31,8,5.1)->(31,9,5.6)->(31,10,6.11795)->(31,11,6.68579)->(31,12,7.36795)->(31,13,8.68579)->(31,14,17.6)->(30,14,26.5142)->(29,14,27.8321)->(28,14,28.5142)->(27,14,29.0821)->(26,14,29.6)->(25,14,30.1)->(24,14,30.6)->(23,14,31.1)->(22,14,31.6)->(21,14,32.1)->(20,14,32.6)->(19,14,33.1)->(18,14,33.6)->(17,14,34.1)->(16,14,34.6)->(15,14,35.1)->(14,14,35.6)->(13,14,36.1)->(12,14,36.6179)->(11,14,37.1858)->(10,14,37.8679)->(9,14,39.1858)->(8,14,5019.3)->
Agent 85:(19,30,5.55)->(19,29,10.5142)->(19,28,11.8321)->(19,27,12.5142)->(19,26,13.0821)->(19,25,13.6)->(19,24,14.1)->(19,23,14.6)->(19,22,15.1)->(19,21,15.6)->(19,20,16.1)->(19,19,16.6)->(19,18,17.1)->(19,17,17.6)->(19,16,18.1)->(19,15,18.6)->(19,14,19.1)->(19,13,19.6)->(19,12,20.1)->(19,11,20.6)->(19,10,21.1)->(19,9,21.6)->(19,8,22.1179)->(19,7,22.6858)->(19,6,23.3679)->(19,5,24.6858)->(19,4,26.9)->(18,4,29.1142)->(17,4,30.4321)->(16,4,31.1142)->(15,4,31.6821)->(14,4,32.2)->(13,4,32.7)->(12,4,33.2179)->(11,4,33.7858)->(10,4,34.4679)->(9,4,35.7858)->(8,4,5017.6)->
Agent 86:(1,9,1.3)->(1,10,2.01421)->(1,11,3.33205)->(1,12,4.01421)->(1,13,4.58205)->(1,14,5.1)->(1,15,5.6)->(1,16,6.1)->(1,17,6.6)->(1,18,7.1)->(1,19,7.6)->(1,20,8.1)->(1,21,8.6)->(1,22,9.1)->(1,23,9.61795)->(1,24,10.1858)->(1,25,10.8679)->(1,26,12.1858)->(1,27,14.4)->(2,27,16.6142)->(3,27,17.9321)->(4,27,18.6238)->(5,27,19.2595)->(6,27,19.9513)->(7,27,21.2691)->(8,27,25.3738)->(8,28,5013.62)->
Agent 87:(13,22,2.2)->(13,21,3.81421)->(13,20,5.14806)->(13,19,5.97649)->(13,18,7.31034)->(13,17,10.1623)->(14,17,13.0142)->(15,17,14.3321)->(16,17,15.0142)->(17,17,15.5821)->(18,17,16.1)->(19,17,16.6)->(20,17,17.1)->(21,17,17.6)->(22,17,18.1)->(23,17,18.6)->(24,17,19.1)->(25,17,19.6)->(26,17,20.1)->(27,17,20.6179)->(28,17,21.1858)->(29,17,21.8679)->(30,17,23.1858)->(31,17,5011.3)->
Agent 88:(9,15,2.2)->(9,14,4.4)->(9,13,7.2)->(8,13,10)->(7,13,5005)->
Agent 89:(7,30,2.2)->(7,29,3.81421)->(7,28,5.13205)->(7,27,5.81421)->(7,26,6.38205)->(7,25,6.9)->(7,24,7.4)->(7,23,7.9)->(7,22,8.4)->(7,21,8.9)->(7,20,9.4)->(7,19,9.9)->(7,18,10.4179)->(7,17,10.9858)->(7,16,11.6679)->(7,15,12.9858)->(7,14,15.2)->(8,14,17.4142)->(9,14,18.7321)->(10,14,19.4142)->(11,14,19.9821)->(12,14,20.5)->(13,14,21)->(14,14,21.5)->(15,14,22)->(16,14,22.5)->(17,14,23)->(18,14,23.5179)->(19,14,24.0858)->(20,14,24.7679)->(21,14,26.0858)->(22,14,28.3)->(22,13,30.5142)->(22,12,31.8321)->(22,11,32.5142)->(22,10,33.0821)->(22,9,33.6179)->(22,8,34.1858)->(22,7,34.8679)->(22,6,36.1858)->(22,5,5017.8)->
