Agent 0:(28,20,1.3)->(28,21,2.6)->(28,22,8.14264)->(27,22,13.0995)->(26,22,14.4173)->(25,22,15.0995)->(24,22,15.6673)->(23,22,16.1853)->(22,22,16.6853)->(21,22,17.1853)->(20,22,17.6853)->(19,22,18.1853)->(18,22,18.6853)->(17,22,19.1853)->(16,22,19.6853)->(15,22,20.1853)->(14,22,20.6853)->(13,22,21.1853)->(12,22,21.6853)->(11,22,22.2032)->(10,22,22.7711)->(9,22,23.4532)->(8,22,24.7711)->(7,22,5012.09)->
Agent 1:(9,13,1.71421)->(9,14,3.81421)->(8,14,6.44264)->(7,14,7.76048)->(6,14,8.44264)->(5,14,9.01048)->(4,14,9.54638)->(3,14,10.1142)->(2,14,10.7964)->(1,14,12.1142)->(0,14,21.8143)->(1,14,31.5144)->(2,14,32.8323)->(3,14,33.5643)->(4,14,34.2964)->(5,14,35.6142)->(6,14,5017.51)->
Agent 2:(26,13,1.71421)->(26,14,3.81421)->(27,14,6.44264)->(28,14,7.77649)->(29,14,8.60492)->(30,14,9.93877)->(31,14,12.153)->(31,15,14.953)->(31,16,18.1672)->(30,16,5009.28)->
Agent 3:(11,26,3.34264)->(11,25,6.09949)->(11,24,7.41733)->(11,23,8.09949)->(11,22,8.66733)->(11,21,9.18528)->(11,20,9.70323)->(11,19,10.2711)->(11,18,10.9532)->(11,17,12.2711)->(11,16,14.8995)->(12,16,18.9137)->(12,15,22.9279)->(13,15,25.5563)->(14,15,26.8742)->(15,15,27.6062)->(16,15,28.3383)->(17,15,29.6561)->(18,15,5014.54)->
Agent 4:(0,1,2.02843)->(1,1,3.47107)->(2,1,4.78891)->(3,1,5.47107)->(4,1,6.03891)->(5,1,6.55685)->(6,1,7.05685)->(7,1,7.55685)->(8,1,8.05685)->(9,1,8.55685)->(10,1,9.05685)->(11,1,9.55685)->(12,1,10.0569)->(13,1,10.5569)->(14,1,11.0569)->(15,1,11.5569)->(16,1,12.0569)->(17,1,12.5569)->(18,1,13.0569)->(19,1,13.5569)->(20,1,14.0569)->(21,1,14.5569)->(22,1,15.0569)->(23,1,15.5569)->(24,1,16.0569)->(25,1,16.5748)->(26,1,17.1426)->(27,1,17.8248)->(28,1,19.1426)->(29,1,21.3569)->(29,2,23.5711)->(29,3,24.8889)->(29,4,25.5711)->(29,5,26.1389)->(29,6,26.6569)->(29,7,27.1569)->(29,8,27.6569)->(29,9,28.1748)->(29,10,28.7426)->(29,11,29.4248)->(29,12,30.7426)->(29,13,32.9569)->(30,13,35.7569)->(31,13,38.5569)->(31,14,41.3569)->(31,15,5020.68)->
Agent 5:(31,29,2.2)->(31,28,3.81421)->(31,27,5.13205)->(31,26,5.81421)->(31,25,6.38205)->(31,24,6.9)->(31,23,7.4)->(31,22,7.91795)->(31,21,8.48579)->(31,20,9.16795)->(31,19,10.4858)->(31,18,15.3321)->(30,18,20.1783)->(29,18,21.4962)->(28,18,22.1783)->(27,18,22.7462)->(26,18,23.2641)->(25,18,23.7641)->(24,18,24.2641)->(23,18,24.7641)->(22,18,25.2641)->(21,18,25.7641)->(20,18,26.2641)->(19,18,26.7641)->(18,18,27.2641)->(17,18,27.7821)->(16,18,28.3499)->(15,18,29.0321)->(14,18,30.3499)->(13,18,32.5641)->(13,17,34.7783)->(13,16,36.0962)->(13,15,36.8282)->(13,14,37.5603)->(13,13,38.8781)->(13,12,5019.15)->
Agent 6:(15,4,1.8)->(14,4,3.01421)->(13,4,4.33205)->(12,4,5.01421)->(11,4,5.58205)->(10,4,6.1)->(9,4,6.6)->(8,4,7.11795)->(7,4,7.68579)->(6,4,8.36795)->(5,4,9.68579)->(4,4,13.3105)->(4,5,16.9352)->(4,6,18.253)->(4,7,18.9352)->(4,8,19.503)->(4,9,20.021)->(4,10,20.521)->(4,11,21.021)->(4,12,21.521)->(4,13,22.021)->(4,14,22.521)->(4,15,23.021)->(4,16,23.521)->(4,17,24.021)->(4,18,24.521)->(4,19,25.021)->(4,20,25.521)->(4,21,26.021)->(4,22,26.521)->(4,23,27.021)->(4,24,27.521)->(4,25,28.021)->(4,26,28.521)->(4,27,29.0389)->(4,28,29.6067)->(4,29,30.2889)->(4,30,31.6067)->(4,31,5015.51)->
Agent 7:(15,0,1.8)->(16,0,3.01421)->(17,0,4.33205)->(18,0,5.01421)->(19,0,5.58205)->(20,0,6.1)->(21,0,6.6)->(22,0,7.1)->(23,0,7.6)->(24,0,8.1)->(25,0,8.6)->(26,0,9.11795)->(27,0,9.68579)->(28,0,10.3679)->(29,0,11.6858)->(30,0,13.9)->(30,1,16.1142)->(30,2,17.4321)->(30,3,18.1142)->(30,4,18.6821)->(30,5,19.2179)->(30,6,19.7858)->(30,7,20.4679)->(30,8,21.7858)->(30,9,5010.6)->
Agent 8:(29,19,4.29949)->(28,19,8.01319)->(27,19,9.33103)->(26,19,10.0132)->(25,19,10.581)->(24,19,11.099)->(23,19,11.599)->(22,19,12.099)->(21,19,12.599)->(20,19,13.099)->(19,19,13.599)->(18,19,14.099)->(17,19,14.599)->(16,19,15.099)->(15,19,15.599)->(14,19,16.099)->(13,19,16.599)->(12,19,17.099)->(11,19,17.599)->(10,19,18.099)->(9,19,18.599)->(8,19,19.099)->(7,19,19.6169)->(6,19,20.1848)->(5,19,20.8669)->(4,19,22.1848)->(3,19,25.7638)->(3,18,29.3429)->(3,17,30.6607)->(3,16,31.3429)->(3,15,31.9107)->(3,14,32.4287)->(3,13,32.9287)->(3,12,33.4287)->(3,11,33.9287)->(3,10,34.4287)->(3,9,34.9287)->(3,8,35.4287)->(3,7,35.9287)->(3,6,36.4287)->(3,5,36.9466)->(3,4,37.5144)->(3,3,38.1966)->(3,2,39.5144)->(3,1,5019.46)->
Agent 9:(29,24,1.8)->(28,24,3.01421)->(27,24,4.33205)->(26,24,5.01421)->(25,24,5.6)->(24,24,6.18579)->(23,24,6.86795)->(22,24,8.18579)->(21,24,10.4)->(21,23,12.6142)->(21,22,13.9481)->(21,21,14.7765)->(21,20,16.1103)->(21,19,24.3339)->(21,20,32.5574)->(21,21,33.9716)->(21,22,35.3858)->(21,23,5017.4)->
Agent 10:(29,23,3.04949)->(28,23,5.51319)->(27,23,6.83103)->(26,23,7.51319)->(25,23,8.08103)->(24,23,8.59898)->(23,23,9.09898)->(22,23,9.59898)->(21,23,10.099)->(20,23,10.599)->(19,23,11.099)->(18,23,11.599)->(17,23,12.099)->(16,23,12.6169)->(15,23,13.1848)->(14,23,13.8669)->(13,23,15.1848)->(12,23,17.399)->(12,22,19.6132)->(12,21,20.931)->(12,20,21.6631)->(12,19,22.3951)->(12,18,23.713)->(12,17,26.3414)->(11,17,30.3556)->(11,16,34.784)->(12,16,5017.79)->
Agent 11:(8,3,2.21421)->(7,3,5.93579)->(7,4,9.68579)->(7,5,11.0036)->(7,6,11.6858)->(7,7,12.2536)->(7,8,12.7716)->(7,9,13.2716)->(7,10,13.7716)->(7,11,14.2716)->(7,12,14.7716)->(7,13,15.2716)->(7,14,15.7716)->(7,15,16.2716)->(7,16,16.7716)->(7,17,17.2716)->(7,18,17.7716)->(7,19,18.2716)->(7,20,18.7716)->(7,21,19.2895)->(7,22,19.8574)->(7,23,20.5395)->(7,24,21.8574)->(7,25,24.9858)->(8,25,28.1142)->(9,25,29.4321)->(10,25,30.1142)->(11,25,30.6821)->(12,25,31.2)->(13,25,31.7)->(14,25,32.2)->(15,25,32.7)->(16,25,33.2)->(17,25,33.7)->(18,25,34.2179)->(19,25,34.7858)->(20,25,35.4679)->(21,25,36.7858)->(22,25,39.4142)->(22,26,5019.9)->
Agent 12:(1,8,1.3)->(1,9,2.01421)->(1,10,3.33205)->(1,11,4.01421)->(1,12,4.58205)->(1,13,5.1)->(1,14,5.6)->(1,15,6.1)->(1,16,6.6)->(1,17,7.1)->(1,18,7.6)->(1,19,8.11795)->(1,20,8.68579)->(1,21,9.36795)->(1,22,10.6858)->(1,23,12.9)->(2,23,15.7)->(3,23,18.5)->(3,24,20.7142)->(3,25,22.0321)->(3,26,22.7641)->(3,27,23.4962)->(3,28,24.814)->(3,29,29.0388)->(4,29,5015.51)->
Agent 13:(23,26,1.3)->(23,27,2.6)->(23,28,7.51048)->(22,28,11.8352)->(21,28,13.153)->(20,28,13.8352)->(19,28,14.403)->(18,28,14.921)->(17,28,15.421)->(16,28,15.921)->(15,28,16.421)->(14,28,16.921)->(13,28,17.4389)->(12,28,18.0067)->(11,28,18.6889)->(10,28,20.0067)->(9,28,23.0605)->(9,27,26.1142)->(9,26,27.4321)->(9,25,28.1142)->(9,24,28.6821)->(9,23,29.2)->(9,22,29.7179)->(9,21,30.2858)->(9,20,30.9679)->(9,19,32.2858)->(9,18,5015.85)->
Agent 14:(29,30,2.2)->(29,29,3.81421)->(29,28,5.13205)->(29,27,5.81421)->(29,26,6.4)->(29,25,6.98579)->(29,24,7.66795)->(29,23,8.98579)->(29,22,12.0426)->(28,22,15.0995)->(27,22,16.4173)->(26,22,17.0995)->(25,22,17.6673)->(24,22,18.1853)->(23,22,18.6853)->(22,22,19.1853)->(21,22,19.6853)->(20,22,20.2032)->(19,22,20.7711)->(18,22,21.4532)->(17,22,22.7711)->(16,22,5011.09)->
Agent 15:(30,31,4.45)->(30,30,8.31421)->(30,29,9.63205)->(30,28,10.3142)->(30,27,10.8821)->(30,26,11.4)->(30,25,11.9)->(30,24,12.4)->(30,23,12.9)->(30,22,13.4)->(30,21,13.9)->(30,20,14.4)->(30,19,14.9)->(30,18,15.4)->(30,17,15.9179)->(30,16,16.4858)->(30,15,17.1679)->(30,14,18.4858)->(30,13,20.7)->(29,13,22.9142)->(28,13,24.2321)->(27,13,24.9641)->(26,13,25.6962)->(25,13,27.014)->(24,13,5013.21)->
Agent 16:(19,7,5.2)->(18,7,9.81421)->(17,7,11.1321)->(16,7,11.8142)->(15,7,12.4)->(14,7,12.9858)->(13,7,13.6679)->(12,7,14.9858)->(11,7,17.2)->(11,8,19.4142)->(11,9,20.7321)->(11,10,21.4238)->(11,11,22.0595)->(11,12,22.7513)->(11,13,24.0691)->(11,14,5011.74)->
Agent 17:(0,13,3.94166)->(1,13,7.88331)->(2,13,10.7059)->(2,14,12.9426)->(2,15,14.3569)->(2,16,15.7711)->(2,17,5007.59)->
Agent 18:(17,23,1.8)->(18,23,3.04949)->(19,23,5.04949)->(20,23,7.29898)->(20,22,9.51319)->(20,21,10.831)->(20,20,11.5132)->(20,19,12.081)->(20,18,12.599)->(20,17,13.099)->(20,16,13.599)->(20,15,14.099)->(20,14,14.599)->(20,13,15.1169)->(20,12,15.6848)->(20,11,16.3669)->(20,10,17.6848)->(20,9,20.3132)->(19,9,23.9132)->(19,8,26.5416)->(19,7,27.8595)->(19,6,28.5416)->(19,5,29.1274)->(19,4,29.7132)->(19,3,30.3954)->(19,2,31.7132)->(19,1,5015.56)->
Agent 19:(2,28,1.71421)->(2,29,3.81421)->(3,29,6.44264)->(4,29,7.76048)->(5,29,8.44264)->(6,29,9.01048)->(7,29,9.54638)->(8,29,10.1142)->(9,29,10.7964)->(10,29,12.1142)->(11,29,14.3284)->(11,28,16.5426)->(11,27,17.8765)->(11,26,18.7049)->(11,25,20.0388)->(11,24,25.9623)->(12,24,31.8858)->(13,24,33.2036)->(14,24,33.8858)->(15,24,34.4536)->(16,24,34.9716)->(17,24,35.4716)->(18,24,35.9716)->(19,24,36.4895)->(20,24,37.0574)->(21,24,37.7395)->(22,24,39.0574)->(23,24,5019.24)->
Agent 20:(12,19,2.21421)->(11,19,4.81421)->(11,18,7.44264)->(11,17,8.85685)->(11,16,10.2711)->(11,15,12.4853)->(10,15,15.2853)->(9,15,23.7426)->(10,15,31.6495)->(11,15,33.6495)->(12,15,5016.55)->
Agent 21:(29,11,2.21421)->(30,11,7.1)->(29,11,12.0142)->(28,11,13.3321)->(27,11,14.0142)->(26,11,14.5821)->(25,11,15.1)->(24,11,15.6)->(23,11,16.1179)->(22,11,16.6858)->(21,11,17.3679)->(20,11,18.6858)->(19,11,20.9)->(19,12,23.7)->(19,13,27.4678)->(18,13,30.6499)->(17,13,31.9677)->(16,13,32.6499)->(15,13,33.2177)->(14,13,33.7357)->(13,13,34.2357)->(12,13,34.7357)->(11,13,35.2357)->(10,13,35.7357)->(9,13,36.2357)->(8,13,36.7357)->(7,13,37.2536)->(6,13,37.8215)->(5,13,38.5036)->(4,13,39.8215)->(3,13,42.4499)->(3,14,5021.42)->
Agent 22:(10,13,2.3)->(10,12,4.01421)->(10,11,5.33205)->(10,10,6.01421)->(10,9,6.58205)->(10,8,7.1)->(10,7,7.6)->(10,6,8.1)->(10,5,8.61795)->(10,4,9.18579)->(10,3,9.86795)->(10,2,11.1858)->(10,1,13.4)->(11,1,15.6142)->(12,1,16.9481)->(13,1,17.7765)->(14,1,19.1103)->(15,1,21.7388)->(15,0,27.5102)->(15,1,5015.03)->
Agent 23:(18,27,1.8)->(19,27,3.04949)->(20,27,5.04949)->(21,27,7.49212)->(21,26,10.4853)->(21,25,13.6995)->(20,25,18.5223)->(20,26,5010.07)->
Agent 24:(30,30,3.2)->(29,30,5.81421)->(28,30,7.13205)->(27,30,7.82382)->(26,30,8.45949)->(25,30,9.15126)->(24,30,10.4691)->(23,30,13.0975)->(23,29,5006.74)->
Agent 25:(1,18,1.71421)->(1,19,3.81421)->(2,19,7.02843)->(3,19,10.2284)->(2,19,12.8779)->(1,19,14.8779)->(0,19,17.1274)->(0,20,19.3416)->(0,21,20.6595)->(0,22,21.3512)->(0,23,21.9869)->(0,24,22.6787)->(0,25,23.9965)->(0,26,5011.71)->
Agent 26:(21,20,1.8)->(20,20,3.6)->(19,20,6.4)->(19,19,8.61421)->(19,18,9.93205)->(19,17,10.6142)->(19,16,11.1821)->(19,15,11.7)->(19,14,12.2)->(19,13,12.7)->(19,12,13.2)->(19,11,13.7)->(19,10,14.2)->(19,9,14.7)->(19,8,15.2179)->(19,7,15.7858)->(19,6,16.4679)->(19,5,17.7858)->(19,4,20)->(18,4,22.8)->(17,4,5011.4)->
Agent 27:(29,13,1.98216)->(28,13,3.37854)->(27,13,4.69638)->(26,13,5.37854)->(25,13,5.94638)->(24,13,6.46433)->(23,13,6.96433)->(22,13,7.46433)->(21,13,7.96433)->(20,13,8.46433)->(19,13,8.96433)->(18,13,9.46433)->(17,13,9.96433)->(16,13,10.4643)->(15,13,10.9643)->(14,13,11.4823)->(13,13,12.0501)->(12,13,12.7323)->(11,13,14.0501)->(10,13,16.2643)->(10,14,18.4785)->(10,15,19.8928)->(10,16,21.307)->(10,17,23.5212)->(9,17,25.7354)->(8,17,27.1496)->(7,17,28.5638)->(6,17,5013.99)->
Agent 28:(1,26,5.0655)->(2,26,9.54522)->(3,26,10.8631)->(4,26,11.5452)->(5,26,12.1131)->(6,26,12.631)->(7,26,13.131)->(8,26,13.631)->(9,26,14.131)->(10,26,14.631)->(11,26,15.131)->(12,26,15.631)->(13,26,16.131)->(14,26,16.631)->(15,26,17.131)->(16,26,17.631)->(17,26,18.131)->(18,26,18.631)->(19,26,19.131)->(20,26,19.631)->(21,26,20.131)->(22,26,20.631)->(23,26,21.131)->(24,26,21.631)->(25,26,22.149)->(26,26,22.7168)->(27,26,23.399)->(28,26,24.7168)->(29,26,26.931)->(29,25,29.1452)->(29,24,30.4631)->(29,23,31.1452)->(29,22,31.7131)->(29,21,32.231)->(29,20,32.731)->(29,19,33.231)->(29,18,33.731)->(29,17,34.249)->(29,16,34.8168)->(29,15,35.499)->(29,14,36.8168)->(29,13,39.4452)->(28,13,43.0452)->(28,12,45.6736)->(28,11,46.9915)->(28,10,47.6736)->(28,9,48.2415)->(28,8,48.7594)->(28,7,49.2594)->(28,6,49.7774)->(28,5,50.3452)->(28,4,51.0274)->(28,3,52.3452)->(28,2,5025.88)->
Agent 29:(0,20,2.51784)->(1,20,4.44989)->(2,20,5.76773)->(3,20,6.44989)->(4,20,7.03567)->(5,20,7.62146)->(6,20,8.30362)->(7,20,9.62146)->(8,20,11.8357)->(8,21,14.0499)->(8,22,15.3677)->(8,23,16.0499)->(8,24,16.6357)->(8,25,17.2215)->(8,26,17.9036)->(8,27,19.2215)->(8,28,24.5536)->(9,28,29.8858)->(10,28,31.2036)->(11,28,31.8858)->(12,28,32.4536)->(13,28,32.9716)->(14,28,33.4716)->(15,28,33.9716)->(16,28,34.4716)->(17,28,34.9716)->(18,28,35.4716)->(19,28,35.9716)->(20,28,36.4716)->(21,28,36.9716)->(22,28,37.4716)->(23,28,37.9716)->(24,28,38.4716)->(25,28,38.9895)->(26,28,39.5574)->(27,28,40.2395)->(28,28,41.5574)->(29,28,5020.49)->
Agent 30:(24,4,1.8)->(23,4,3.01421)->(22,4,4.33205)->(21,4,5.01421)->(20,4,5.58205)->(19,4,6.1)->(18,4,6.6)->(17,4,7.1)->(16,4,7.6)->(15,4,8.11795)->(14,4,8.68579)->(13,4,9.36795)->(12,4,10.6858)->(11,4,12.9)->(11,5,15.7)->(11,6,18.9142)->(12,6,22.5965)->(12,7,25.3072)->(12,8,26.625)->(12,9,27.3072)->(12,10,27.875)->(12,11,28.393)->(12,12,28.893)->(12,13,29.393)->(12,14,29.893)->(12,15,30.393)->(12,16,30.893)->(12,17,31.393)->(12,18,31.893)->(12,19,32.393)->(12,20,32.893)->(12,21,33.393)->(12,22,33.893)->(12,23,34.393)->(12,24,34.893)->(12,25,35.393)->(12,26,35.893)->(12,27,36.4109)->(12,28,36.9788)->(12,29,37.6609)->(12,30,38.9788)->(12,31,5019.2)->
Agent 31:(27,8,2.2)->(27,7,3.81421)->(27,6,5.14806)->(27,5,5.97649)->(27,4,7.31034)->(27,3,9.56228)->(26,3,11.8142)->(25,3,13.1321)->(24,3,13.8142)->(23,3,14.3821)->(22,3,14.9)->(21,3,15.4)->(20,3,15.9)->(19,3,16.4)->(18,3,16.9)->(17,3,17.4)->(16,3,17.9)->(15,3,18.4)->(14,3,18.9)->(13,3,19.4)->(12,3,19.9)->(11,3,20.4)->(10,3,20.9)->(9,3,21.4)->(8,3,21.9)->(7,3,22.4)->(6,3,22.9179)->(5,3,23.4858)->(4,3,24.1679)->(3,3,25.4858)->(2,3,28.1142)->(2,4,5014.25)->
Agent 32:(4,5,1.71421)->(4,6,6.02157)->(5,6,10.8574)->(6,6,12.1912)->(7,6,13.0196)->(8,6,14.3535)->(9,6,19.2819)->(9,5,24.2103)->(9,4,25.5282)->(9,3,26.2602)->(9,2,26.9923)->(9,1,28.3101)->(9,0,5013.86)->
Agent 33:(2,5,1.8)->(3,5,3.01421)->(4,5,4.33205)->(5,5,5.01421)->(6,5,5.58205)->(7,5,6.1)->(8,5,6.6)->(9,5,7.1)->(10,5,7.6)->(11,5,8.11795)->(12,5,8.68579)->(13,5,9.36795)->(14,5,10.6858)->(15,5,15.7)->(15,6,20.7142)->(15,7,22.0321)->(15,8,22.7142)->(15,9,23.2821)->(15,10,23.8)->(15,11,24.3)->(15,12,24.8)->(15,13,25.3)->(15,14,25.8)->(15,15,26.3)->(15,16,26.8)->(15,17,27.3)->(15,18,27.8)->(15,19,28.3)->(15,20,28.8)->(15,21,29.3)->(15,22,29.8)->(15,23,30.3)->(15,24,30.8)->(15,25,31.3)->(15,26,31.8)->(15,27,32.3179)->(15,28,32.8858)->(15,29,33.5679)->(15,30,34.8858)->(15,31,5017.15)->
Agent 34:(19,2,1.8)->(18,2,3.04949)->(17,2,5.04949)->(16,2,8.9137)->(16,3,12.7426)->(16,4,14.0605)->(16,5,14.7426)->(16,6,15.3105)->(16,7,15.8284)->(16,8,16.3284)->(16,9,16.8284)->(16,10,17.3284)->(16,11,17.8284)->(16,12,18.3284)->(16,13,18.8284)->(16,14,19.3284)->(16,15,19.8464)->(16,16,20.4142)->(16,17,21.0964)->(16,18,22.4142)->(16,19,25.0426)->(17,19,5012.71)->
Agent 35:(25,2,1.3)->(25,3,2.6)->(25,4,5.4)->(24,4,7.61421)->(23,4,8.93205)->(22,4,9.61421)->(21,4,10.1821)->(20,4,10.7)->(19,4,11.2)->(18,4,11.7)->(17,4,12.2)->(16,4,12.7179)->(15,4,13.2858)->(14,4,13.9679)->(13,4,15.2858)->(12,4,17.9142)->(12,5,24.6417)->(13,5,5014.08)->
Agent 36:(4,24,1.71421)->(4,25,3.86795)->(5,25,6.55011)->(6,25,7.86795)->(7,25,8.55011)->(8,25,9.11795)->(9,25,9.6359)->(10,25,10.1538)->(11,25,10.7217)->(12,25,11.4038)->(13,25,12.7217)->(14,25,14.9359)->(14,24,17.1501)->(14,23,18.4679)->(14,22,19.2)->(14,21,19.9321)->(14,20,21.2499)->(14,19,26.1463)->(15,19,34.9143)->(15,20,5019.1)->
Agent 37:(12,29,1.8)->(13,29,3.01421)->(14,29,4.33205)->(15,29,5.01421)->(16,29,5.58205)->(17,29,6.1)->(18,29,6.6)->(19,29,7.1)->(20,29,7.6)->(21,29,8.1)->(22,29,8.6)->(23,29,9.1)->(24,29,9.6)->(25,29,10.1)->(26,29,10.6)->(27,29,11.1179)->(28,29,11.6858)->(29,29,12.3679)->(30,29,13.6858)->(31,29,15.9)->(31,28,18.1142)->(31,27,19.4321)->(31,26,20.1142)->(31,25,20.6821)->(31,24,21.2)->(31,23,21.7179)->(31,22,22.2858)->(31,21,22.9679)->(31,20,24.2858)->(31,19,26.9142)->(30,19,31.7926)->(31,19,5016.73)->
Agent 38:(21,15,3.00011)->(21,14,5.41444)->(21,13,6.73227)->(21,12,7.46433)->(21,11,8.19638)->(21,10,9.51421)->(21,9,13.7105)->(22,9,19.2925)->(22,10,5010.05)->
Agent 39:(8,19,2.21421)->(7,19,5.22843)->(7,18,9.33216)->(8,18,12.0501)->(9,18,13.3679)->(10,18,14.0501)->(11,18,14.6179)->(12,18,15.1359)->(13,18,15.6538)->(14,18,16.2217)->(15,18,16.9038)->(16,18,18.2217)->(17,18,20.4359)->(17,19,23.2359)->(17,20,26.0359)->(18,20,28.8359)->(19,20,5014.42)->
Agent 40:(9,4,2.2)->(9,3,3.81421)->(9,2,5.22843)->(9,1,6.64264)->(9,0,9.27107)->(10,0,19.6284)->(10,1,29.6)->(10,2,5014.8)->
Agent 41:(31,5,1.3)->(31,6,2.01421)->(31,7,3.33205)->(31,8,4.02382)->(31,9,4.65949)->(31,10,5.35126)->(31,11,6.6691)->(31,12,10.0333)->(30,12,13.3975)->(29,12,14.7154)->(28,12,15.3975)->(27,12,15.9654)->(26,12,16.4833)->(25,12,16.9833)->(24,12,17.4833)->(23,12,17.9833)->(22,12,18.4833)->(21,12,18.9833)->(20,12,19.4833)->(19,12,19.9833)->(18,12,20.4833)->(17,12,20.9833)->(16,12,21.4833)->(15,12,21.9833)->(14,12,22.4833)->(13,12,22.9833)->(12,12,23.5013)->(11,12,24.0691)->(10,12,24.7513)->(9,12,26.0691)->(8,12,28.2833)->(8,13,30.4975)->(8,14,31.9117)->(8,15,33.326)->(8,16,5016.37)->
Agent 42:(4,22,2.2)->(4,21,3.81421)->(4,20,5.13205)->(4,19,5.8641)->(4,18,6.59615)->(4,17,7.91399)->(4,16,10.5424)->(5,16,14.1424)->(5,15,16.7708)->(5,14,18.1047)->(5,13,18.9331)->(5,12,20.267)->(5,11,22.7871)->(6,11,25.3072)->(7,11,26.625)->(8,11,27.3072)->(9,11,27.875)->(10,11,28.393)->(11,11,28.893)->(12,11,29.393)->(13,11,29.893)->(14,11,30.393)->(15,11,30.893)->(16,11,31.393)->(17,11,31.893)->(18,11,32.393)->(19,11,32.893)->(20,11,33.393)->(21,11,33.893)->(22,11,34.393)->(23,11,34.893)->(24,11,35.393)->(25,11,35.893)->(26,11,36.393)->(27,11,36.9109)->(28,11,37.4788)->(29,11,38.1609)->(30,11,39.4788)->(31,11,42.1072)->(31,12,5021.25)->
Agent 43:(28,12,2.55)->(27,12,4.51421)->(26,12,5.83205)->(25,12,6.51421)->(24,12,7.08205)->(23,12,7.6)->(22,12,8.1)->(21,12,8.6)->(20,12,9.1)->(19,12,9.6)->(18,12,10.1179)->(17,12,10.6858)->(16,12,11.3679)->(15,12,12.6858)->(14,12,14.9)->(14,13,17.7)->(14,14,5008.85)->
Agent 44:(14,24,2.2)->(14,23,3.81421)->(14,22,5.13205)->(14,21,5.81421)->(14,20,6.38205)->(14,19,6.9)->(14,18,7.41795)->(14,17,7.98579)->(14,16,8.66795)->(14,15,9.98579)->(14,14,12.2)->(13,14,15)->(12,14,18.2142)->(12,13,23.4559)->(11,13,30.1095)->(11,12,34.1499)->(11,11,35.5641)->(11,10,36.9783)->(11,9,5018.2)->
Agent 45:(28,7,2.82854)->(28,8,5.07129)->(28,9,6.38913)->(28,10,7.07129)->(28,11,7.63913)->(28,12,8.17503)->(28,13,8.74286)->(28,14,9.42503)->(28,15,10.7429)->(28,16,12.9571)->(27,16,15.1713)->(26,16,16.4891)->(25,16,17.1713)->(24,16,17.7391)->(23,16,18.2571)->(22,16,18.7571)->(21,16,19.2571)->(20,16,19.7571)->(19,16,20.2571)->(18,16,20.7571)->(17,16,21.2571)->(16,16,21.7571)->(15,16,22.2571)->(14,16,22.7571)->(13,16,23.2571)->(12,16,23.7571)->(11,16,24.2571)->(10,16,24.7571)->(9,16,25.2571)->(8,16,25.7571)->(7,16,26.2571)->(6,16,26.775)->(5,16,27.3429)->(4,16,28.025)->(3,16,29.3429)->(2,16,5014.38)->
Agent 46:(2,3,1.8)->(2,4,3.01421)->(2,5,4.34806)->(2,6,5.17649)->(2,7,6.51034)->(2,8,8.72456)->(3,8,10.9388)->(4,8,12.2566)->(5,8,12.9388)->(6,8,13.5066)->(7,8,14.0246)->(8,8,14.5246)->(9,8,15.0246)->(10,8,15.5246)->(11,8,16.0246)->(12,8,16.5246)->(13,8,17.0425)->(14,8,17.6103)->(15,8,18.2925)->(16,8,19.6103)->(17,8,22.2388)->(17,9,5011.31)->
Agent 47:(3,22,2.2)->(3,21,3.81421)->(3,20,5.13205)->(3,19,5.81421)->(3,18,6.38205)->(3,17,6.9)->(3,16,7.4)->(3,15,7.9)->(3,14,8.4)->(3,13,8.91795)->(3,12,9.48579)->(3,11,10.1679)->(3,10,11.4858)->(3,9,21.3783)->(4,9,31.2708)->(5,9,32.5887)->(6,9,33.2708)->(7,9,33.8387)->(8,9,34.3566)->(9,9,34.8566)->(10,9,35.3566)->(11,9,35.8746)->(12,9,36.4424)->(13,9,37.1246)->(14,9,38.4424)->(15,9,5018.93)->
Agent 48:(19,19,2.21421)->(18,19,4.81421)->(18,20,7.44264)->(18,21,8.76048)->(18,22,9.49253)->(18,23,10.2246)->(18,24,11.5424)->(18,25,14.1708)->(17,25,18.1851)->(17,26,27.8606)->(17,25,36.1503)->(17,24,37.4682)->(17,23,38.2002)->(17,22,38.9323)->(17,21,40.2501)->(17,20,5019.83)->
Agent 49:(0,24,2.2)->(0,23,3.81421)->(0,22,5.13205)->(0,21,5.81421)->(0,20,6.38205)->(0,19,6.9)->(0,18,7.4)->(0,17,7.9)->(0,16,8.4)->(0,15,8.9)->(0,14,9.4)->(0,13,9.9)->(0,12,10.4)->(0,11,10.9)->(0,10,11.4)->(0,9,11.9)->(0,8,12.4)->(0,7,12.9)->(0,6,13.4)->(0,5,13.9179)->(0,4,14.4858)->(0,3,15.1679)->(0,2,16.4858)->(0,1,18.898)->(1,1,21.3101)->(2,1,22.628)->(3,1,23.3101)->(4,1,23.878)->(5,1,24.3959)->(6,1,24.8959)->(7,1,25.3959)->(8,1,25.8959)->(9,1,26.3959)->(10,1,26.8959)->(11,1,27.3959)->(12,1,27.8959)->(13,1,28.3959)->(14,1,28.9139)->(15,1,29.4817)->(16,1,30.1639)->(17,1,31.4817)->(18,1,34.1101)->(18,2,37.7101)->(19,2,40.3385)->(20,2,41.6564)->(21,2,42.3385)->(22,2,42.9243)->(23,2,43.5101)->(24,2,44.1923)->(25,2,45.5101)->(26,2,5022.46)->
Agent 50:(24,26,2.4142)->(23,26,4.24261)->(22,26,5.65683)->(21,26,7.07104)->(20,26,9.28525)->(20,25,11.4995)->(20,24,12.8173)->(20,23,13.4995)->(20,22,14.0673)->(20,21,14.5853)->(20,20,15.0853)->(20,19,15.5853)->(20,18,16.1032)->(20,17,16.671)->(20,16,17.3532)->(20,15,18.671)->(20,14,21.2995)->(19,14,24.8995)->(19,15,28.1137)->(19,16,5014.06)->
Agent 51:(30,14,1.3)->(30,15,2.6)->(30,16,9.17854)->(29,16,15.1713)->(28,16,16.4891)->(27,16,17.1713)->(26,16,17.7391)->(25,16,18.2571)->(24,16,18.7571)->(23,16,19.2571)->(22,16,19.7571)->(21,16,20.2571)->(20,16,20.7571)->(19,16,21.2571)->(18,16,21.7571)->(17,16,22.2571)->(16,16,22.7571)->(15,16,23.2571)->(14,16,23.7571)->(13,16,24.2571)->(12,16,24.7571)->(11,16,25.2571)->(10,16,25.775)->(9,16,26.3429)->(8,16,27.025)->(7,16,28.3429)->(6,16,30.5571)->(6,15,32.7713)->(6,14,34.0891)->(6,13,34.7713)->(6,12,35.3391)->(6,11,35.8571)->(6,10,36.3571)->(6,9,36.8571)->(6,8,37.3571)->(6,7,37.875)->(6,6,38.4429)->(6,5,39.125)->(6,4,40.4429)->(6,3,42.6571)->(5,3,44.8713)->(4,3,46.1891)->(3,3,46.9212)->(2,3,47.6532)->(1,3,48.9711)->(0,3,5024.19)->
Agent 52:(8,2,4.76177)->(8,3,8.93775)->(8,4,10.2556)->(8,5,10.9377)->(8,6,11.5056)->(8,7,12.0235)->(8,8,12.5235)->(8,9,13.0235)->(8,10,13.5235)->(8,11,14.0235)->(8,12,14.5235)->(8,13,15.0235)->(8,14,15.5235)->(8,15,16.0235)->(8,16,16.5235)->(8,17,17.0235)->(8,18,17.5235)->(8,19,18.0415)->(8,20,18.6093)->(8,21,19.2915)->(8,22,20.6093)->(8,23,23.9118)->(9,23,27.2142)->(10,23,28.5321)->(11,23,29.2142)->(12,23,29.7821)->(13,23,30.3)->(14,23,30.8)->(15,23,31.3)->(16,23,31.8)->(17,23,32.3)->(18,23,32.8)->(19,23,33.3)->(20,23,33.8)->(21,23,34.3)->(22,23,34.8)->(23,23,35.3179)->(24,23,35.8858)->(25,23,36.5679)->(26,23,37.8858)->(27,23,5018.65)->
Agent 53:(9,30,3.06795)->(9,29,5.55011)->(9,28,6.86795)->(9,27,7.55011)->(9,26,8.11795)->(9,25,8.6359)->(9,24,9.1359)->(9,23,9.6359)->(9,22,10.1359)->(9,21,10.6359)->(9,20,11.1359)->(9,19,11.6359)->(9,18,12.1359)->(9,17,12.6359)->(9,16,13.1538)->(9,15,13.7217)->(9,14,14.4038)->(9,13,15.7217)->(9,12,17.9359)->(8,12,20.1501)->(7,12,21.5643)->(6,12,22.9785)->(5,12,5011.2)->
Agent 54:(17,28,1.3)->(17,29,2.04949)->(17,30,4.04949)->(17,31,6.29898)->(16,31,8.51319)->(15,31,9.83103)->(14,31,10.5132)->(13,31,11.099)->(12,31,11.6848)->(11,31,12.3669)->(10,31,13.6848)->(9,31,16.3132)->(9,30,23.7742)->(9,31,5014.01)->
Agent 55:(2,26,1.8)->(3,26,3.01421)->(4,26,4.33205)->(5,26,5.01421)->(6,26,5.58205)->(7,26,6.1)->(8,26,6.6)->(9,26,7.1)->(10,26,7.6)->(11,26,8.1)->(12,26,8.6)->(13,26,9.1)->(14,26,9.6)->(15,26,10.1)->(16,26,10.6)->(17,26,11.1)->(18,26,11.6179)->(19,26,12.1858)->(20,26,12.8679)->(21,26,14.1858)->(22,26,16.4)->(22,27,18.6495)->(22,28,20.6495)->(22,29,5010.05)->
Agent 56:(0,22,2.2)->(1,22,3.81421)->(2,22,5.13205)->(3,22,5.81421)->(4,22,6.38205)->(5,22,6.9)->(6,22,7.4)->(7,22,7.9)->(8,22,8.4)->(9,22,8.91795)->(10,22,9.48579)->(11,22,10.1679)->(12,22,11.4858)->(13,22,14.9417)->(13,21,18.3975)->(13,20,19.7154)->(13,19,20.3975)->(13,18,20.9654)->(13,17,21.4833)->(13,16,21.9833)->(13,15,22.4833)->(13,14,22.9833)->(13,13,23.4833)->(13,12,23.9833)->(13,11,24.4833)->(13,10,24.9833)->(13,9,25.4833)->(13,8,25.9833)->(13,7,26.4833)->(13,6,27.0013)->(13,5,27.5691)->(13,4,28.2513)->(13,3,29.5691)->(13,2,31.7833)->(14,2,33.9975)->(15,2,35.4117)->(16,2,36.826)->(17,2,5018.12)->
Agent 57:(14,18,2.2)->(14,17,3.81421)->(14,16,5.13205)->(14,15,5.81421)->(14,14,6.38205)->(14,13,6.9)->(14,12,7.4)->(14,11,7.9)->(14,10,8.41795)->(14,9,8.98579)->(14,8,9.66795)->(14,7,10.9858)->(14,6,14.0537)->(15,6,17.1217)->(16,6,18.4395)->(17,6,19.1716)->(18,6,19.9036)->(19,6,21.2215)->(20,6,5010.32)->
Agent 58:(13,22,2.22256)->(13,23,3.85933)->(13,24,5.17716)->(13,25,5.86893)->(13,26,6.50461)->(13,27,7.19638)->(13,28,8.51421)->(13,29,11.1426)->(14,29,5005.76)->
Agent 59:(12,12,1.3)->(12,13,2.01421)->(12,14,3.33205)->(12,15,4.01421)->(12,16,4.58205)->(12,17,5.1)->(12,18,5.6)->(12,19,6.1)->(12,20,6.61795)->(12,21,7.18579)->(12,22,7.86795)->(12,23,9.18579)->(12,24,19.5358)->(13,24,29.8858)->(14,24,31.2036)->(15,24,31.8858)->(16,24,32.4536)->(17,24,32.9716)->(18,24,33.4716)->(19,24,33.9716)->(20,24,34.4716)->(21,24,34.9716)->(22,24,35.4716)->(23,24,35.9716)->(24,24,36.4716)->(25,24,36.9716)->(26,24,37.4716)->(27,24,37.9895)->(28,24,38.5574)->(29,24,39.2395)->(30,24,40.5574)->(31,24,5019.99)->
Agent 60:(14,8,2.22157)->(15,8,3.85736)->(16,8,5.27157)->(17,8,6.68579)->(18,8,9.66421)->(18,7,12.6426)->(18,6,13.9605)->(18,5,14.6426)->(18,4,15.2284)->(18,3,15.8142)->(18,2,16.4964)->(18,1,17.8142)->(18,0,5008.61)->
Agent 61:(19,28,1.8)->(18,28,3.01421)->(17,28,4.33205)->(16,28,5.01421)->(15,28,5.58205)->(14,28,6.1)->(13,28,6.6)->(12,28,7.1)->(11,28,7.6)->(10,28,8.1)->(9,28,8.6)->(8,28,9.1)->(7,28,9.6)->(6,28,10.1179)->(5,28,10.6858)->(4,28,11.3679)->(3,28,12.6858)->(2,28,14.9)->(2,27,17.1142)->(2,26,18.4321)->(2,25,19.1142)->(2,24,19.7)->(2,23,20.2858)->(2,22,20.9679)->(2,21,22.2858)->(2,20,5010.85)->
Agent 62:(2,27,2.83205)->(3,27,5.07832)->(4,27,6.39615)->(5,27,7.07832)->(6,27,7.64615)->(7,27,8.1641)->(8,27,8.6641)->(9,27,9.1641)->(10,27,9.6641)->(11,27,10.1641)->(12,27,10.6641)->(13,27,11.1641)->(14,27,11.6641)->(15,27,12.1641)->(16,27,12.6641)->(17,27,13.1641)->(18,27,13.6641)->(19,27,14.1641)->(20,27,14.6641)->(21,27,15.1641)->(22,27,15.6641)->(23,27,16.1641)->(24,27,16.6641)->(25,27,17.1641)->(26,27,17.6821)->(27,27,18.2499)->(28,27,18.9321)->(29,27,20.2499)->(30,27,5009.83)->
Agent 63:(15,28,2.2)->(15,27,3.81421)->(15,26,5.13205)->(15,25,5.81421)->(15,24,6.38205)->(15,23,6.9)->(15,22,7.4)->(15,21,7.9)->(15,20,8.4)->(15,19,8.9)->(15,18,9.4)->(15,17,9.91795)->(15,16,10.4858)->(15,15,11.1679)->(15,14,12.4858)->(15,13,14.7)->(16,13,16.9142)->(17,13,18.2321)->(18,13,18.9641)->(19,13,19.6962)->(20,13,21.014)->(21,13,23.2282)->(21,12,25.4424)->(21,11,26.7603)->(21,10,27.4424)->(21,9,28.0103)->(21,8,28.5462)->(21,7,29.114)->(21,6,29.7962)->(21,5,31.114)->(21,4,33.3282)->(22,4,36.1282)->(23,4,39.3424)->(23,5,5019.86)->
Agent 64:(29,3,1.8)->(28,3,3.01421)->(27,3,4.33205)->(26,3,5.01421)->(25,3,5.58205)->(24,3,6.1)->(23,3,6.6)->(22,3,7.1)->(21,3,7.6)->(20,3,8.1)->(19,3,8.6)->(18,3,9.1)->(17,3,9.6)->(16,3,10.1)->(15,3,10.6)->(14,3,11.1)->(13,3,11.6)->(12,3,12.1)->(11,3,12.6)->(10,3,13.1)->(9,3,13.6)->(8,3,14.1)->(7,3,14.6)->(6,3,15.1)->(5,3,15.6179)->(4,3,16.1858)->(3,3,16.8679)->(2,3,18.1858)->(1,3,20.4)->(1,4,23.2)->(1,5,5011.6)->
Agent 65:(24,0,1.3)->(24,1,2.01421)->(24,2,3.33205)->(24,3,4.01421)->(24,4,4.58205)->(24,5,5.1)->(24,6,5.6)->(24,7,6.1)->(24,8,6.6)->(24,9,7.1)->(24,10,7.6)->(24,11,8.1)->(24,12,8.6)->(24,13,9.1)->(24,14,9.6)->(24,15,10.1)->(24,16,10.6179)->(24,17,11.1858)->(24,18,11.8679)->(24,19,13.1858)->(24,20,15.4)->(23,20,17.6142)->(22,20,18.9321)->(21,20,19.6142)->(20,20,20.1821)->(19,20,20.7)->(18,20,21.2)->(17,20,21.7)->(16,20,22.2)->(15,20,22.7)->(14,20,23.2)->(13,20,23.7)->(12,20,24.2)->(11,20,24.7179)->(10,20,25.2858)->(9,20,25.9679)->(8,20,27.2858)->(7,20,29.9142)->(7,21,5015.15)->
Agent 66:(14,10,1.8)->(15,10,3.01421)->(16,10,4.33205)->(17,10,5.01421)->(18,10,5.58205)->(19,10,6.11795)->(20,10,6.68579)->(21,10,7.36795)->(22,10,8.68579)->(23,10,11.3142)->(23,9,5005.85)->
Agent 67:(16,12,4.46048)->(16,13,8.33517)->(16,14,9.65301)->(16,15,10.3352)->(16,16,10.903)->(16,17,11.421)->(16,18,11.921)->(16,19,12.421)->(16,20,12.921)->(16,21,13.421)->(16,22,13.921)->(16,23,14.421)->(16,24,14.921)->(16,25,15.421)->(16,26,15.921)->(16,27,16.4389)->(16,28,17.0067)->(16,29,17.6889)->(16,30,19.0067)->(16,31,21.221)->(15,31,23.4352)->(14,31,24.753)->(13,31,25.4352)->(12,31,26.003)->(11,31,26.521)->(10,31,27.021)->(9,31,27.521)->(8,31,28.021)->(7,31,28.521)->(6,31,29.0389)->(5,31,29.6067)->(4,31,30.2889)->(3,31,31.6067)->(2,31,5015.51)->
Agent 68:(5,9,1.3)->(5,10,2.01421)->(5,11,3.33205)->(5,12,4.01421)->(5,13,4.6)->(5,14,5.18579)->(5,15,5.86795)->(5,16,7.18579)->(5,17,9.4)->(6,17,11.6142)->(7,17,12.9321)->(8,17,13.6142)->(9,17,14.1821)->(10,17,14.7)->(11,17,15.2)->(12,17,15.7)->(13,17,16.2)->(14,17,16.7)->(15,17,17.2)->(16,17,17.7)->(17,17,18.2)->(18,17,18.7)->(19,17,19.2)->(20,17,19.7)->(21,17,20.2)->(22,17,20.7)->(23,17,21.2)->(24,17,21.7179)->(25,17,22.2858)->(26,17,22.9679)->(27,17,24.2858)->(28,17,26.9142)->(28,18,5013.65)->
Agent 69:(10,28,1.8)->(9,28,3.01421)->(8,28,4.33205)->(7,28,5.01421)->(6,28,5.58205)->(5,28,6.11795)->(4,28,6.68579)->(3,28,7.36795)->(2,28,8.68579)->(1,28,10.9)->(1,27,13.1142)->(1,26,14.4321)->(1,25,15.1142)->(1,24,15.6821)->(1,23,16.2)->(1,22,16.7)->(1,21,17.2)->(1,20,17.7)->(1,19,18.2)->(1,18,18.7)->(1,17,19.2)->(1,16,19.7)->(1,15,20.2179)->(1,14,20.7858)->(1,13,21.4679)->(1,12,22.7858)->(1,11,25)->(2,11,27.2142)->(3,11,28.5321)->(4,11,29.2142)->(5,11,29.7821)->(6,11,30.3)->(7,11,30.8)->(8,11,31.3)->(9,11,31.8)->(10,11,32.3)->(11,11,32.8)->(12,11,33.3)->(13,11,33.8)->(14,11,34.3)->(15,11,34.8)->(16,11,35.3)->(17,11,35.8)->(18,11,36.3)->(19,11,36.8)->(20,11,37.3)->(21,11,37.8)->(22,11,38.3)->(23,11,38.8)->(24,11,39.3)->(25,11,39.8179)->(26,11,40.3858)->(27,11,41.0679)->(28,11,42.3858)->(29,11,45.0142)->(29,12,5022.7)->
Agent 70:(30,6,3.21421)->(30,5,5.87792)->(30,4,7.87792)->(30,3,11.6458)->(29,3,15.3783)->(28,3,16.6962)->(27,3,17.3783)->(26,3,17.9462)->(25,3,18.4641)->(24,3,18.9641)->(23,3,19.4641)->(22,3,19.9641)->(21,3,20.4641)->(20,3,20.9641)->(19,3,21.4821)->(18,3,22.0499)->(17,3,22.7321)->(16,3,24.0499)->(15,3,5011.73)->
Agent 71:(2,15,1.8)->(3,15,3.6)->(4,15,7)->(3,15,9.81421)->(2,15,11.2284)->(1,15,12.6426)->(0,15,5006.03)->
Agent 72:(29,2,2.8)->(29,3,5.01421)->(29,4,6.33205)->(29,5,7.01421)->(29,6,7.58205)->(29,7,8.1)->(29,8,8.6)->(29,9,9.1)->(29,10,9.6)->(29,11,10.1)->(29,12,10.6)->(29,13,11.1)->(29,14,11.6179)->(29,15,12.1858)->(29,16,12.8679)->(29,17,14.1858)->(29,18,16.4)->(28,18,18.6142)->(27,18,19.9321)->(26,18,20.6142)->(25,18,21.1821)->(24,18,21.7)->(23,18,22.2)->(22,18,22.7)->(21,18,23.2)->(20,18,23.7)->(19,18,24.2)->(18,18,24.7)->(17,18,25.2)->(16,18,25.7)->(15,18,26.2)->(14,18,26.7)->(13,18,27.2)->(12,18,27.7179)->(11,18,28.2858)->(10,18,28.9679)->(9,18,30.2858)->(8,18,5014.85)->
Agent 73:(10,30,2.2)->(10,29,3.81421)->(10,28,5.13205)->(10,27,5.81421)->(10,26,6.38205)->(10,25,6.9)->(10,24,7.4)->(10,23,7.9)->(10,22,8.4)->(10,21,8.9)->(10,20,9.4)->(10,19,9.9)->(10,18,10.4)->(10,17,10.9)->(10,16,11.4)->(10,15,11.9)->(10,14,12.4)->(10,13,12.9179)->(10,12,13.4858)->(10,11,14.1679)->(10,10,15.4858)->(10,9,17.7)->(9,9,19.9142)->(8,9,21.2321)->(7,9,21.9641)->(6,9,22.6962)->(5,9,24.014)->(4,9,26.6424)->(4,10,5013.51)->
Agent 74:(22,18,1.8)->(23,18,3.04949)->(24,18,5.04949)->(25,18,7.51421)->(25,17,9.97894)->(25,16,11.9789)->(25,15,14.6426)->(24,15,18.6569)->(24,16,5009.73)->
Agent 75:(18,5,2.05)->(18,6,3.51421)->(18,7,4.83205)->(18,8,5.51421)->(18,9,6.08205)->(18,10,6.6)->(18,11,7.1)->(18,12,7.6)->(18,13,8.1)->(18,14,8.6)->(18,15,9.1)->(18,16,9.6)->(18,17,10.1179)->(18,18,10.6858)->(18,19,11.3679)->(18,20,12.6858)->(18,21,14.9)->(19,21,17.1142)->(20,21,18.4321)->(21,21,19.1142)->(22,21,19.7)->(23,21,20.2858)->(24,21,20.9679)->(25,21,22.2858)->(26,21,5010.85)->
Agent 76:(19,30,2.6)->(19,29,4.61421)->(19,28,5.93205)->(19,27,6.61421)->(19,26,7.18205)->(19,25,7.7)->(19,24,8.2)->(19,23,8.7)->(19,22,9.2)->(19,21,9.7)->(19,20,10.2)->(19,19,10.7)->(19,18,11.2)->(19,17,11.7)->(19,16,12.2)->(19,15,12.7)->(19,14,13.2179)->(19,13,13.7858)->(19,12,14.4679)->(19,11,15.7858)->(19,10,18)->(18,10,20.2142)->(17,10,21.5321)->(16,10,22.2142)->(15,10,22.7821)->(14,10,23.3)->(13,10,23.8179)->(12,10,24.3858)->(11,10,25.0679)->(10,10,26.3858)->(9,10,5012.9)->
Agent 77:(2,18,2.2)->(2,17,3.81421)->(2,16,5.13205)->(2,15,5.82382)->(2,14,6.45949)->(2,13,7.15126)->(2,12,8.4691)->(2,11,10.6833)->(3,11,12.8975)->(4,11,14.2154)->(5,11,14.8975)->(6,11,15.4654)->(7,11,15.9833)->(8,11,16.4833)->(9,11,16.9833)->(10,11,17.4833)->(11,11,17.9833)->(12,11,18.4833)->(13,11,18.9833)->(14,11,19.5013)->(15,11,20.0691)->(16,11,20.7513)->(17,11,22.0691)->(18,11,24.6975)->(18,12,5012.54)->
Agent 78:(28,15,1.8)->(27,15,3.01421)->(26,15,4.33205)->(25,15,5.0641)->(24,15,5.79615)->(23,15,7.11399)->(22,15,9.3282)->(22,14,11.5424)->(22,13,12.8603)->(22,12,13.5424)->(22,11,14.1103)->(22,10,14.6282)->(22,9,15.1462)->(22,8,15.714)->(22,7,16.3962)->(22,6,17.714)->(22,5,5008.56)->
Agent 79:(21,24,2.2)->(21,23,3.81421)->(21,22,5.13205)->(21,21,5.81421)->(21,20,6.38205)->(21,19,6.9)->(21,18,7.4)->(21,17,7.9)->(21,16,8.4)->(21,15,8.9)->(21,14,9.41795)->(21,13,9.98579)->(21,12,10.6679)->(21,11,11.9858)->(21,10,14.2641)->(22,10,16.5424)->(23,10,17.8603)->(24,10,18.5923)->(25,10,19.3244)->(26,10,20.6422)->(27,10,5010.03)->
Agent 80:(23,21,1.8)->(24,21,3.01421)->(25,21,4.42843)->(26,21,5.84264)->(27,21,8.05685)->(27,22,10.2711)->(27,23,11.6853)->(27,24,13.0995)->(27,25,5006.26)->
Agent 81:(2,11,1.8)->(3,11,3.01421)->(4,11,4.33205)->(5,11,5.01421)->(6,11,5.58205)->(7,11,6.1)->(8,11,6.6)->(9,11,7.1)->(10,11,7.61795)->(11,11,8.18579)->(12,11,8.86795)->(13,11,10.1858)->(14,11,13.4839)->(14,10,16.7819)->(14,9,18.0998)->(14,8,18.7819)->(14,7,19.3498)->(14,6,19.8677)->(14,5,20.3857)->(14,4,20.9535)->(14,3,21.6357)->(14,2,22.9535)->(14,1,25.1677)->(15,1,27.3819)->(16,1,28.6998)->(17,1,29.3819)->(18,1,29.9498)->(19,1,30.4677)->(20,1,30.9677)->(21,1,31.4857)->(22,1,32.0535)->(23,1,32.7357)->(24,1,34.0535)->(25,1,5016.73)->
Agent 82:(13,4,1.3)->(13,5,2.01421)->(13,6,3.33205)->(13,7,4.01421)->(13,8,4.58205)->(13,9,5.1)->(13,10,5.6)->(13,11,6.1)->(13,12,6.6)->(13,13,7.1)->(13,14,7.6)->(13,15,8.1)->(13,16,8.61795)->(13,17,9.18579)->(13,18,9.86795)->(13,19,11.1858)->(13,20,13.8976)->(12,20,16.6093)->(11,20,17.9272)->(10,20,18.6093)->(9,20,19.1951)->(8,20,19.7809)->(7,20,20.4631)->(6,20,21.7809)->(5,20,23.9951)->(5,21,26.2093)->(5,22,27.5272)->(5,23,28.2189)->(5,24,28.8546)->(5,25,29.5464)->(5,26,30.8642)->(5,27,5015.14)->
Agent 83:(7,2,5.88579)->(8,2,11.1858)->(9,2,12.5036)->(10,2,13.2357)->(11,2,13.9677)->(12,2,15.2856)->(13,2,17.6122)->(13,1,20.5246)->(13,0,5010.26)->
Agent 84:(30,24,2.61421)->(30,23,7.4)->(29,23,12.4)->(28,23,5006.2)->
Agent 85:(22,4,1.3)->(22,5,2.04949)->(22,6,4.04949)->(22,7,6.71319)->(23,7,18.496)->(22,7,29.3072)->(21,7,30.625)->(20,7,31.3072)->(19,7,31.875)->(18,7,32.393)->(17,7,32.893)->(16,7,33.393)->(15,7,33.893)->(14,7,34.393)->(13,7,34.893)->(12,7,35.393)->(11,7,35.893)->(10,7,36.4109)->(9,7,36.9788)->(8,7,37.6609)->(7,7,38.9788)->(6,7,5019.2)->
Agent 86:(10,1,3.92843)->(11,1,7.27107)->(12,1,8.58891)->(13,1,9.27107)->(14,1,9.83891)->(15,1,10.3569)->(16,1,10.8569)->(17,1,11.3569)->(18,1,11.8569)->(19,1,12.3569)->(20,1,12.8569)->(21,1,13.3569)->(22,1,13.8569)->(23,1,14.3569)->(24,1,14.8569)->(25,1,15.3569)->(26,1,15.8569)->(27,1,16.3748)->(28,1,16.9426)->(29,1,17.6248)->(30,1,18.9426)->(31,1,21.1569)->(31,2,23.3711)->(31,3,24.6889)->(31,4,25.3711)->(31,5,25.9389)->(31,6,26.4569)->(31,7,26.9569)->(31,8,27.4569)->(31,9,27.9569)->(31,10,28.4569)->(31,11,28.9569)->(31,12,29.4569)->(31,13,29.9569)->(31,14,30.4569)->(31,15,30.9569)->(31,16,31.4569)->(31,17,31.9569)->(31,18,32.4569)->(31,19,32.9569)->(31,20,33.4569)->(31,21,33.9748)->(31,22,34.5426)->(31,23,35.2248)->(31,24,36.5426)->(31,25,5017.98)->
Agent 87:(29,14,1.71421)->(29,15,4.55011)->(28,15,7.91444)->(27,15,9.23227)->(26,15,9.96433)->(25,15,10.6964)->(24,15,12.0142)->(23,15,5005.71)->
Agent 88:(17,21,2.2)->(17,20,3.81421)->(17,19,5.13205)->(17,18,5.81421)->(17,17,6.38205)->(17,16,6.9)->(17,15,7.4)->(17,14,7.9)->(17,13,8.4)->(17,12,8.91795)->(17,11,9.48579)->(17,10,10.1679)->(17,9,11.4858)->(17,8,13.7)->(18,8,15.9495)->(19,8,17.9495)->(20,8,5008.7)->
Agent 89:(17,26,4)->(17,25,7.41421)->(17,24,8.73205)->(17,23,9.41421)->(17,22,9.98205)->(17,21,10.5)->(17,20,11)->(17,19,11.5)->(17,18,12)->(17,17,12.5)->(17,16,13)->(17,15,13.5)->(17,14,14)->(17,13,14.5)->(17,12,15)->(17,11,15.5)->(17,10,16)->(17,9,16.5)->(17,8,17)->(17,7,17.5)->(17,6,18.0179)->(17,5,18.5858)->(17,4,19.2679)->(17,3,20.5858)->(17,2,22.8)->(16,2,25.0142)->(15,2,26.3321)->(14,2,27.0142)->(13,2,27.5821)->(12,2,28.1)->(11,2,28.6)->(10,2,29.1)->(9,2,29.6)->(8,2,30.1)->(7,2,30.6)->(6,2,31.1)->(5,2,31.6179)->(4,2,32.1858)->(3,2,32.8679)->(2,2,34.1858)->(1,2,5016.8)->
