Agent 0:(15,25,1.8)->(14,25,3.01421)->(13,25,4.33205)->(12,25,5.01421)->(11,25,5.58205)->(10,25,6.1)->(9,25,6.61795)->(8,25,7.18579)->(7,25,7.86795)->(6,25,9.18579)->(5,25,13.4037)->(5,24,17.6217)->(5,23,18.9395)->(5,22,19.6217)->(5,21,20.1895)->(5,20,20.7254)->(5,19,21.2933)->(5,18,21.9754)->(5,17,23.2933)->(5,16,25.5075)->(4,16,27.757)->(3,16,29.757)->(2,16,32.0065)->(2,15,34.2207)->(2,14,35.5385)->(2,13,36.2706)->(2,12,37.0026)->(2,11,38.3204)->(2,10,40.9489)->(1,10,5020.67)->
Agent 1:(26,26,2.91421)->(25,26,5.24264)->(24,26,6.56048)->(23,26,7.24264)->(22,26,7.82843)->(21,26,8.41421)->(20,26,9.09638)->(19,26,10.4142)->(18,26,12.6284)->(18,25,14.8779)->(18,24,16.8779)->(18,23,20.1267)->(17,23,23.3403)->(16,23,24.6581)->(15,23,25.3403)->(14,23,25.9081)->(13,23,26.4261)->(12,23,26.9261)->(11,23,27.444)->(10,23,28.0119)->(9,23,28.694)->(8,23,30.0119)->(7,23,32.5772)->(7,22,35.7284)->(7,21,38.9426)->(6,21,5019.66)->
Agent 2:(1,23,1.8)->(2,23,3.01421)->(3,23,4.34806)->(4,23,5.17649)->(5,23,6.51034)->(6,23,8.76228)->(6,22,11.0142)->(6,21,12.3321)->(6,20,13.0142)->(6,19,13.5821)->(6,18,14.1)->(6,17,14.6)->(6,16,15.1)->(6,15,15.6)->(6,14,16.1)->(6,13,16.6)->(6,12,17.1)->(6,11,17.6)->(6,10,18.1)->(6,9,18.6)->(6,8,19.1)->(6,7,19.6)->(6,6,20.1)->(6,5,20.6179)->(6,4,21.1858)->(6,3,21.8679)->(6,2,23.1858)->(6,1,25.4)->(7,1,27.6142)->(8,1,29.0284)->(9,1,30.4426)->(10,1,5014.93)->
Agent 3:(0,2,1.3)->(0,3,2.04949)->(0,4,4.04949)->(0,5,6.68348)->(1,5,9.28219)->(2,5,10.616)->(3,5,11.4445)->(4,5,12.7783)->(5,5,26.0141)->(5,6,39.2852)->(5,7,41.2852)->(5,8,5020.37)->
Agent 4:(23,25,1.8)->(22,25,3.01421)->(21,25,4.33205)->(20,25,5.01421)->(19,25,5.58205)->(18,25,6.1)->(17,25,6.6)->(16,25,7.1)->(15,25,7.6)->(14,25,8.1)->(13,25,8.6)->(12,25,9.11795)->(11,25,9.68579)->(10,25,10.3679)->(9,25,11.6858)->(8,25,14.55)->(8,24,17.4142)->(8,23,18.7321)->(8,22,19.4142)->(8,21,19.9821)->(8,20,20.5)->(8,19,21)->(8,18,21.5)->(8,17,22)->(8,16,22.5)->(8,15,23)->(8,14,23.5179)->(8,13,24.0858)->(8,12,24.7679)->(8,11,26.0858)->(8,10,5012.75)->
Agent 5:(3,12,6.41421)->(4,12,12.2426)->(5,12,13.5605)->(6,12,14.2426)->(7,12,14.8105)->(8,12,15.3284)->(9,12,15.8284)->(10,12,16.3284)->(11,12,16.8284)->(12,12,17.3284)->(13,12,17.8464)->(14,12,18.4142)->(15,12,19.0964)->(16,12,20.4142)->(17,12,23.0426)->(17,11,30.7642)->(17,12,5017.64)->
Agent 6:(2,4,2.21421)->(3,4,5.0641)->(3,3,7.97769)->(3,2,9.97769)->(3,1,18.3994)->(4,1,26.7858)->(5,1,28.2)->(6,1,29.6142)->(7,1,5014.51)->
Agent 7:(24,10,1.71421)->(24,11,4.22843)->(23,11,8.24264)->(23,12,10.8711)->(23,13,12.2853)->(23,14,13.6995)->(23,15,5006.56)->
Agent 8:(29,17,1.71421)->(29,18,5.71421)->(28,18,10.2426)->(27,18,11.5605)->(26,18,12.2426)->(25,18,12.8105)->(24,18,13.3284)->(23,18,13.8284)->(22,18,14.3284)->(21,18,14.8284)->(20,18,15.3284)->(19,18,15.8284)->(18,18,16.3284)->(17,18,16.8284)->(16,18,17.3284)->(15,18,17.8284)->(14,18,18.3284)->(13,18,18.8464)->(12,18,19.4142)->(11,18,20.0964)->(10,18,21.4142)->(9,18,23.6284)->(9,17,25.8779)->(9,16,27.8779)->(9,15,30.1274)->(8,15,32.3416)->(7,15,33.6755)->(6,15,34.5039)->(5,15,35.8377)->(4,15,5017.63)->
Agent 9:(2,14,1.8)->(1,14,3.6)->(0,14,6.4)->(0,13,8.61421)->(0,12,9.93205)->(0,11,10.6142)->(0,10,11.1821)->(0,9,11.7)->(0,8,12.2)->(0,7,12.7179)->(0,6,13.2858)->(0,5,13.9679)->(0,4,15.2858)->(0,3,17.5)->(1,3,19.7142)->(2,3,21.0321)->(3,3,21.7142)->(4,3,22.2821)->(5,3,22.8)->(6,3,23.3)->(7,3,23.8)->(8,3,24.3)->(9,3,24.8)->(10,3,25.3)->(11,3,25.8)->(12,3,26.3)->(13,3,26.8)->(14,3,27.3)->(15,3,27.8)->(16,3,28.3)->(17,3,28.8)->(18,3,29.3)->(19,3,29.8)->(20,3,30.3)->(21,3,30.8)->(22,3,31.3)->(23,3,31.8)->(24,3,32.3)->(25,3,32.8)->(26,3,33.3)->(27,3,33.8179)->(28,3,34.3858)->(29,3,35.0679)->(30,3,36.3858)->(31,3,39.0142)->(31,2,5019.7)->
Agent 10:(31,12,1.8)->(30,12,3.6)->(29,12,7.20854)->(29,13,10.2313)->(29,14,11.5491)->(29,15,12.2313)->(29,16,12.7991)->(29,17,13.3171)->(29,18,13.8171)->(29,19,14.335)->(29,20,14.9029)->(29,21,15.585)->(29,22,16.9029)->(29,23,22.5587)->(28,23,28.2146)->(27,23,29.5324)->(26,23,30.2146)->(25,23,30.7824)->(24,23,31.3004)->(23,23,31.8004)->(22,23,32.3004)->(21,23,32.8004)->(20,23,33.3004)->(19,23,33.8004)->(18,23,34.3004)->(17,23,34.8004)->(16,23,35.3004)->(15,23,35.8004)->(14,23,36.3004)->(13,23,36.8004)->(12,23,37.3004)->(11,23,37.8004)->(10,23,38.3004)->(9,23,38.8004)->(8,23,39.3004)->(7,23,39.8004)->(6,23,40.3004)->(5,23,40.8183)->(4,23,41.3862)->(3,23,42.0683)->(2,23,43.3862)->(1,23,45.6004)->(1,24,47.8146)->(1,25,49.1485)->(1,26,49.9769)->(1,27,51.3107)->(1,28,5025.36)->
Agent 11:(2,9,1.3)->(2,10,2.01421)->(2,11,3.33205)->(2,12,4.01421)->(2,13,4.58205)->(2,14,5.1)->(2,15,5.6)->(2,16,6.1)->(2,17,6.6)->(2,18,7.1)->(2,19,7.6)->(2,20,8.1)->(2,21,8.6)->(2,22,9.1)->(2,23,9.6)->(2,24,10.1179)->(2,25,10.6858)->(2,26,11.3679)->(2,27,12.6858)->(2,28,16.7784)->(3,28,20.8711)->(4,28,22.1889)->(5,28,22.8711)->(6,28,23.4389)->(7,28,23.9569)->(8,28,24.4569)->(9,28,24.9569)->(10,28,25.4569)->(11,28,25.9569)->(12,28,26.4748)->(13,28,27.0426)->(14,28,27.7248)->(15,28,29.0426)->(16,28,5014.23)->
Agent 12:(2,24,1.3)->(2,25,2.6)->(2,26,6.16421)->(3,26,5003.45)->
Agent 13:(17,11,1.8)->(16,11,3.6)->(15,11,8.00011)->(15,12,11.8144)->(15,13,13.1323)->(15,14,13.8643)->(15,15,14.5964)->(15,16,15.9142)->(15,17,5007.66)->
Agent 14:(15,24,2.2)->(15,23,3.81421)->(15,22,5.14806)->(15,21,5.97649)->(15,20,7.31034)->(15,19,10.0824)->(16,19,12.8544)->(17,19,14.1722)->(18,19,14.8544)->(19,19,15.4222)->(20,19,15.9402)->(21,19,16.4402)->(22,19,16.9581)->(23,19,17.526)->(24,19,18.2081)->(25,19,19.526)->(26,19,21.7402)->(26,18,23.9544)->(26,17,25.2722)->(26,16,26.0043)->(26,15,26.7363)->(26,14,28.0542)->(26,13,30.2684)->(27,13,33.0684)->(28,13,37.3126)->(28,14,5019.36)->
Agent 15:(23,11,1.8)->(22,11,3.01421)->(21,11,4.42843)->(20,11,5.84264)->(19,11,8.05685)->(19,12,10.2711)->(19,13,11.5889)->(19,14,12.321)->(19,15,13.053)->(19,16,14.3708)->(19,17,16.9993)->(20,17,21.6785)->(19,17,25.972)->(18,17,5012.99)->
Agent 16:(7,24,4.30834)->(6,24,8.0309)->(5,24,9.34874)->(4,24,10.0405)->(3,24,10.6762)->(2,24,11.3679)->(1,24,12.6858)->(0,24,14.9)->(0,23,17.1142)->(0,22,18.4321)->(0,21,19.1142)->(0,20,19.6821)->(0,19,20.2)->(0,18,20.7)->(0,17,21.2)->(0,16,21.7)->(0,15,22.2)->(0,14,22.7)->(0,13,23.2)->(0,12,23.7)->(0,11,24.2179)->(0,10,24.7858)->(0,9,25.4679)->(0,8,26.7858)->(0,7,5013.1)->
Agent 17:(22,3,2.4142)->(21,3,4.24261)->(20,3,5.65683)->(19,3,7.07104)->(18,3,11.4786)->(18,4,15.8862)->(18,5,17.204)->(18,6,17.8862)->(18,7,18.454)->(18,8,18.972)->(18,9,19.472)->(18,10,19.972)->(18,11,20.472)->(18,12,20.972)->(18,13,21.472)->(18,14,21.9899)->(18,15,22.5578)->(18,16,23.2399)->(18,17,24.5578)->(18,18,26.772)->(17,18,29.572)->(16,18,33.4502)->(16,19,5017.25)->
Agent 18:(29,21,1.3)->(29,22,2.01421)->(29,23,3.33205)->(29,24,4.02382)->(29,25,4.65949)->(29,26,5.35126)->(29,27,6.6691)->(29,28,8.88331)->(28,28,11.0975)->(27,28,12.4154)->(26,28,13.0975)->(25,28,13.6654)->(24,28,14.2013)->(23,28,14.7691)->(22,28,15.4513)->(21,28,16.7691)->(20,28,19.3975)->(20,29,22.9975)->(19,29,25.626)->(18,29,26.9438)->(17,29,27.626)->(16,29,28.2117)->(15,29,28.7975)->(14,29,29.4797)->(13,29,30.7975)->(12,29,5015.11)->
Agent 19:(20,4,1.3)->(20,5,2.01421)->(20,6,3.33205)->(20,7,4.0641)->(20,8,4.79615)->(20,9,6.11399)->(20,10,8.37843)->(19,10,10.6429)->(18,10,11.9607)->(17,10,12.6928)->(16,10,13.4248)->(15,10,14.7426)->(14,10,23.8784)->(14,11,33.6)->(14,12,5016.8)->
Agent 20:(16,31,1.8)->(15,31,3.01421)->(14,31,4.33205)->(13,31,5.01421)->(12,31,5.58205)->(11,31,6.1)->(10,31,6.6)->(9,31,7.11795)->(8,31,7.68579)->(7,31,8.36795)->(6,31,9.68579)->(5,31,14.3247)->(5,30,18.9636)->(5,29,20.2814)->(5,28,20.9636)->(5,27,21.5314)->(5,26,22.0494)->(5,25,22.5494)->(5,24,23.0673)->(5,23,23.6351)->(5,22,24.3173)->(5,21,25.6351)->(5,20,30.1209)->(6,20,35.1925)->(7,20,40.0889)->(7,21,5021.08)->
Agent 21:(12,3,1.3)->(12,4,2.01421)->(12,5,3.34806)->(12,6,4.17649)->(12,7,5.51034)->(12,8,8.21228)->(13,8,10.9142)->(14,8,12.2321)->(15,8,12.9142)->(16,8,13.4821)->(17,8,14)->(18,8,14.5)->(19,8,15)->(20,8,15.5)->(21,8,16.0179)->(22,8,16.5858)->(23,8,17.2679)->(24,8,18.5858)->(25,8,21.2142)->(25,9,5010.8)->
Agent 22:(3,30,2.2)->(3,29,3.81421)->(3,28,5.13205)->(3,27,5.81421)->(3,26,6.38205)->(3,25,6.91795)->(3,24,7.48579)->(3,23,8.16795)->(3,22,9.48579)->(3,21,13.5377)->(4,21,17.5897)->(5,21,18.9235)->(6,21,19.7519)->(7,21,21.0858)->(8,21,5010.25)->
Agent 23:(18,31,1.8)->(19,31,3.01421)->(20,31,4.42843)->(21,31,5.84264)->(22,31,12.8926)->(22,30,19.9426)->(22,29,21.2605)->(22,28,21.9426)->(22,27,22.5105)->(22,26,23.0284)->(22,25,23.5284)->(22,24,24.0284)->(22,23,24.5284)->(22,22,25.0284)->(22,21,25.5284)->(22,20,26.0284)->(22,19,26.5284)->(22,18,27.0284)->(22,17,27.5284)->(22,16,28.0284)->(22,15,28.5284)->(22,14,29.0284)->(22,13,29.5464)->(22,12,30.1142)->(22,11,30.7964)->(22,10,32.1142)->(22,9,34.7426)->(23,9,5017.56)->
Agent 24:(2,3,1.8)->(3,3,3.6)->(4,3,6.75)->(4,4,9.31421)->(4,5,10.6321)->(4,6,11.3142)->(4,7,11.8821)->(4,8,12.4)->(4,9,12.9179)->(4,10,13.4858)->(4,11,14.1679)->(4,12,15.4858)->(4,13,18.966)->(5,13,23.032)->(6,13,25.832)->(6,14,28.0462)->(6,15,29.3641)->(6,16,30.0462)->(6,17,30.6141)->(6,18,31.15)->(6,19,31.7178)->(6,20,32.4)->(6,21,33.7178)->(6,22,5016.57)->
Agent 25:(28,17,2.2)->(28,16,3.81421)->(28,15,5.13205)->(28,14,5.81421)->(28,13,6.38205)->(28,12,6.9)->(28,11,7.4)->(28,10,7.9)->(28,9,8.4)->(28,8,8.91795)->(28,7,9.48579)->(28,6,10.1679)->(28,5,11.4858)->(28,4,5005.45)->
Agent 26:(19,20,1.71421)->(19,21,4.1)->(18,21,7.01421)->(17,21,8.33205)->(16,21,9.01421)->(15,21,9.58205)->(14,21,10.1)->(13,21,10.6179)->(12,21,11.1858)->(11,21,11.8679)->(10,21,13.1858)->(9,21,15.8)->(10,21,19)->(11,21,21.8)->(11,22,24.0142)->(11,23,25.3481)->(11,24,26.1765)->(11,25,27.5103)->(11,26,5013.46)->
Agent 27:(26,2,2.44433)->(25,2,4.30287)->(24,2,5.62071)->(23,2,6.31248)->(22,2,6.94815)->(21,2,7.63992)->(20,2,8.95776)->(19,2,11.9561)->(19,3,14.9544)->(19,4,16.2722)->(19,5,16.9544)->(19,6,17.5222)->(19,7,18.0402)->(19,8,18.5402)->(19,9,19.0402)->(19,10,19.5402)->(19,11,20.0402)->(19,12,20.5402)->(19,13,21.0402)->(19,14,21.5402)->(19,15,22.0402)->(19,16,22.5402)->(19,17,23.0402)->(19,18,23.5581)->(19,19,24.126)->(19,20,24.8081)->(19,21,26.126)->(19,22,5012.77)->
Agent 28:(1,9,2.21421)->(0,9,5.21421)->(1,9,8.82843)->(2,9,11.6284)->(2,10,13.8426)->(2,11,15.1605)->(2,12,15.8426)->(2,13,16.4105)->(2,14,16.9284)->(2,15,17.4284)->(2,16,17.9284)->(2,17,18.4464)->(2,18,19.0142)->(2,19,19.6964)->(2,20,21.0142)->(2,21,23.6426)->(3,21,27.2426)->(3,22,29.8711)->(3,23,31.2853)->(3,24,32.6995)->(3,25,5016.06)->
Agent 29:(8,28,1.71421)->(8,29,3.96421)->(9,29,6.74264)->(10,29,8.06048)->(11,29,8.74264)->(12,29,9.31048)->(13,29,9.82843)->(14,29,10.3284)->(15,29,10.8284)->(16,29,11.3284)->(17,29,11.8284)->(18,29,12.3284)->(19,29,12.8284)->(20,29,13.3464)->(21,29,13.9142)->(22,29,14.5964)->(23,29,15.9142)->(24,29,5007.66)->
Agent 30:(24,24,1.71421)->(24,25,4.22843)->(23,25,8.24264)->(23,24,10.8711)->(23,23,12.1889)->(23,22,12.8807)->(23,21,13.5163)->(23,20,14.2081)->(23,19,15.526)->(23,18,17.7402)->(22,18,19.9544)->(21,18,21.2722)->(20,18,21.9544)->(19,18,22.5222)->(18,18,23.0402)->(17,18,23.5402)->(16,18,24.0402)->(15,18,24.5402)->(14,18,25.0402)->(13,18,25.5402)->(12,18,26.0402)->(11,18,26.5402)->(10,18,27.0402)->(9,18,27.5402)->(8,18,28.0402)->(7,18,28.5402)->(6,18,29.0581)->(5,18,29.626)->(4,18,30.3081)->(3,18,31.626)->(2,18,33.8402)->(2,19,36.6402)->(2,20,5018.32)->
Agent 31:(6,27,5.88579)->(6,26,11.1858)->(6,25,12.5036)->(6,24,13.1858)->(6,23,13.7536)->(6,22,14.2716)->(6,21,14.7716)->(6,20,15.2716)->(6,19,15.7716)->(6,18,16.2895)->(6,17,16.8574)->(6,16,17.5395)->(6,15,18.8574)->(6,14,21.2216)->(7,14,23.5858)->(8,14,24.9036)->(9,14,25.5858)->(10,14,26.1536)->(11,14,26.6716)->(12,14,27.1895)->(13,14,27.7574)->(14,14,28.4395)->(15,14,29.7574)->(16,14,32.3858)->(16,15,5016.39)->
Agent 32:(15,4,4.91421)->(15,5,9.24264)->(15,6,10.5605)->(15,7,11.2426)->(15,8,11.8105)->(15,9,12.3284)->(15,10,12.8284)->(15,11,13.3464)->(15,12,13.9142)->(15,13,14.5964)->(15,14,15.9142)->(15,15,18.1284)->(14,15,20.3426)->(13,15,21.6605)->(12,15,22.3426)->(11,15,22.9105)->(10,15,23.4284)->(9,15,23.9284)->(8,15,24.4284)->(7,15,24.9284)->(6,15,25.4284)->(5,15,25.9284)->(4,15,26.4464)->(3,15,27.0142)->(2,15,27.6964)->(1,15,29.0142)->(0,15,5014.21)->
Agent 33:(0,23,2.61421)->(0,22,6.23579)->(1,22,9.48579)->(2,22,10.8036)->(3,22,11.4858)->(4,22,12.0536)->(5,22,12.5716)->(6,22,13.0716)->(7,22,13.5716)->(8,22,14.0716)->(9,22,14.5895)->(10,22,15.1574)->(11,22,15.8395)->(12,22,17.1574)->(13,22,19.3716)->(13,21,21.5858)->(13,20,22.9036)->(13,19,23.5858)->(13,18,24.1536)->(13,17,24.6716)->(13,16,25.1895)->(13,15,25.7574)->(13,14,26.4395)->(13,13,27.7574)->(13,12,29.9716)->(14,12,32.1858)->(15,12,33.5036)->(16,12,34.1858)->(17,12,34.7536)->(18,12,35.2716)->(19,12,35.7716)->(20,12,36.2716)->(21,12,36.7716)->(22,12,37.2716)->(23,12,37.7895)->(24,12,38.3574)->(25,12,39.0395)->(26,12,40.3574)->(27,12,5019.89)->
Agent 34:(2,19,3.3)->(1,19,6.6)->(0,19,9.4)->(0,18,11.6142)->(0,17,12.9321)->(0,16,13.6238)->(0,15,14.2595)->(0,14,14.9513)->(0,13,16.2691)->(0,12,18.8417)->(1,12,21.4142)->(2,12,22.7321)->(3,12,23.4142)->(4,12,23.9821)->(5,12,24.5)->(6,12,25)->(7,12,25.5)->(8,12,26.0179)->(9,12,26.5858)->(10,12,27.2679)->(11,12,28.5858)->(12,12,5014)->
Agent 35:(26,31,13.9783)->(26,30,27.3708)->(26,29,28.6887)->(26,28,29.3708)->(26,27,29.9387)->(26,26,30.4566)->(26,25,30.9566)->(26,24,31.4566)->(26,23,31.9566)->(26,22,32.4566)->(26,21,32.9566)->(26,20,33.4566)->(26,19,33.9566)->(26,18,34.4566)->(26,17,34.9566)->(26,16,35.4566)->(26,15,35.9566)->(26,14,36.4566)->(26,13,36.9566)->(26,12,37.4566)->(26,11,37.9566)->(26,10,38.4566)->(26,9,38.9566)->(26,8,39.4566)->(26,7,39.9566)->(26,6,40.4566)->(26,5,40.9746)->(26,4,41.5424)->(26,3,42.2246)->(26,2,43.5424)->(26,1,46.1708)->(25,1,5023.28)->
Agent 36:(10,11,1.8)->(9,11,3.6)->(8,11,6.82744)->(8,10,9.4691)->(8,9,10.7869)->(8,8,11.4691)->(8,7,12.0369)->(8,6,12.5549)->(8,5,13.0549)->(8,4,13.5728)->(8,3,14.1407)->(8,2,14.8228)->(8,1,16.1407)->(8,0,18.3549)->(7,0,21.1549)->(6,0,29.8417)->(7,0,37.9426)->(8,0,39.3569)->(9,0,40.7711)->(10,0,5020.09)->
Agent 37:(23,24,1.8)->(22,24,3.01421)->(21,24,4.33205)->(20,24,5.01421)->(19,24,5.58205)->(18,24,6.1)->(17,24,6.6)->(16,24,7.1)->(15,24,7.6)->(14,24,8.1)->(13,24,8.6)->(12,24,9.1)->(11,24,9.6)->(10,24,10.1)->(9,24,10.6)->(8,24,11.1)->(7,24,11.6)->(6,24,12.1)->(5,24,12.6179)->(4,24,13.1858)->(3,24,13.8679)->(2,24,15.1858)->(1,24,17.4)->(1,23,19.6142)->(1,22,20.9321)->(1,21,21.6142)->(1,20,22.1821)->(1,19,22.7)->(1,18,23.2179)->(1,17,23.7858)->(1,16,24.4679)->(1,15,25.7858)->(1,14,5012.6)->
Agent 38:(13,7,1.3)->(13,8,2.01421)->(13,9,3.33205)->(13,10,4.01421)->(13,11,4.58205)->(13,12,5.1)->(13,13,5.6)->(13,14,6.1)->(13,15,6.6)->(13,16,7.1)->(13,17,7.6)->(13,18,8.1)->(13,19,8.6)->(13,20,9.1)->(13,21,9.6)->(13,22,10.1179)->(13,23,10.6858)->(13,24,11.3679)->(13,25,12.6858)->(13,26,14.9)->(12,26,17.1142)->(11,26,18.4321)->(10,26,19.1641)->(9,26,19.8962)->(8,26,21.214)->(7,26,25.4766)->(7,27,5013.75)->
Agent 39:(18,14,1.8)->(19,14,3.04949)->(20,14,5.04949)->(21,14,7.71319)->(21,13,15.526)->(21,14,22.3672)->(21,15,23.685)->(21,16,24.3672)->(21,17,24.935)->(21,18,25.453)->(21,19,25.953)->(21,20,26.453)->(21,21,26.953)->(21,22,27.453)->(21,23,27.9709)->(21,24,28.5388)->(21,25,29.2209)->(21,26,30.5388)->(21,27,5014.98)->
Agent 40:(15,7,1.8)->(16,7,3.01421)->(17,7,4.34806)->(18,7,5.17649)->(19,7,6.51034)->(20,7,8.72456)->(20,6,10.9388)->(20,5,12.2726)->(20,4,13.101)->(20,3,14.4349)->(20,2,5006.92)->
Agent 41:(27,19,4.41421)->(27,18,8.24264)->(27,17,9.56048)->(27,16,10.2426)->(27,15,10.8105)->(27,14,11.3284)->(27,13,11.8284)->(27,12,12.3284)->(27,11,12.8284)->(27,10,13.3284)->(27,9,13.8284)->(27,8,14.3284)->(27,7,14.8284)->(27,6,15.3284)->(27,5,15.8284)->(27,4,16.3464)->(27,3,16.9142)->(27,2,17.5964)->(27,1,18.9142)->(27,0,21.1284)->(26,0,23.3426)->(25,0,24.6605)->(24,0,25.3426)->(23,0,25.9105)->(22,0,26.4284)->(21,0,26.9284)->(20,0,27.4284)->(19,0,27.9284)->(18,0,28.4284)->(17,0,28.9284)->(16,0,29.4284)->(15,0,29.9284)->(14,0,30.4284)->(13,0,30.9464)->(12,0,31.5142)->(11,0,32.1964)->(10,0,33.5142)->(9,0,36.1426)->(9,1,5018.26)->
Agent 42:(30,9,1.8)->(29,9,3.01421)->(28,9,4.33205)->(27,9,5.01421)->(26,9,5.58205)->(25,9,6.1)->(24,9,6.6)->(23,9,7.1)->(22,9,7.6)->(21,9,8.1)->(20,9,8.6)->(19,9,9.1)->(18,9,9.6)->(17,9,10.1)->(16,9,10.6)->(15,9,11.1)->(14,9,11.6)->(13,9,12.1)->(12,9,12.6)->(11,9,13.1)->(10,9,13.6)->(9,9,14.1)->(8,9,14.6)->(7,9,15.1179)->(6,9,15.6858)->(5,9,16.3679)->(4,9,17.6858)->(3,9,19.9)->(3,8,22.1142)->(3,7,23.5284)->(3,6,24.9426)->(3,5,5012.18)->
Agent 43:(6,14,2.2)->(6,13,3.81421)->(6,12,5.13205)->(6,11,5.81421)->(6,10,6.38205)->(6,9,6.9)->(6,8,7.4)->(6,7,7.91795)->(6,6,8.48579)->(6,5,9.16795)->(6,4,10.4858)->(6,3,12.7)->(7,3,14.9142)->(8,3,16.2321)->(9,3,16.9142)->(10,3,17.4821)->(11,3,18)->(12,3,18.5)->(13,3,19)->(14,3,19.5)->(15,3,20)->(16,3,20.5)->(17,3,21)->(18,3,21.5)->(19,3,22)->(20,3,22.5)->(21,3,23)->(22,3,23.5)->(23,3,24)->(24,3,24.5)->(25,3,25.0179)->(26,3,25.5858)->(27,3,26.2679)->(28,3,27.5858)->(29,3,30.2142)->(29,4,5015.3)->
Agent 44:(21,14,1.3)->(21,15,2.01421)->(21,16,3.42843)->(21,17,4.84264)->(21,18,7.47107)->(20,18,11.0711)->(20,19,13.6995)->(20,20,15.0173)->(20,21,15.7494)->(20,22,16.4814)->(20,23,17.7993)->(20,24,20.871)->(21,24,24.5284)->(22,24,5012.26)->
Agent 45:(19,12,3.63579)->(19,13,6.68579)->(19,14,8.00362)->(19,15,8.68579)->(19,16,9.25362)->(19,17,9.77157)->(19,18,10.2716)->(19,19,10.7716)->(19,20,11.2716)->(19,21,11.7716)->(19,22,12.2716)->(19,23,12.7716)->(19,24,13.2895)->(19,25,13.8574)->(19,26,14.5395)->(19,27,15.8574)->(19,28,5007.64)->
Agent 46:(8,2,1.8)->(7,2,3.01421)->(6,2,4.33205)->(5,2,5.0641)->(4,2,5.79615)->(3,2,7.11399)->(2,2,9.3282)->(2,3,11.5424)->(2,4,12.8603)->(2,5,13.5424)->(2,6,14.1103)->(2,7,14.6282)->(2,8,15.1282)->(2,9,15.6282)->(2,10,16.1282)->(2,11,16.6282)->(2,12,17.1282)->(2,13,17.6462)->(2,14,18.214)->(2,15,18.8962)->(2,16,20.214)->(2,17,5009.81)->
Agent 47:(22,0,2.05)->(22,1,3.51421)->(22,2,4.83205)->(22,3,5.51421)->(22,4,6.08205)->(22,5,6.6)->(22,6,7.1)->(22,7,7.6)->(22,8,8.1)->(22,9,8.6)->(22,10,9.1)->(22,11,9.6)->(22,12,10.1)->(22,13,10.6)->(22,14,11.1)->(22,15,11.6)->(22,16,12.1)->(22,17,12.6)->(22,18,13.1)->(22,19,13.6)->(22,20,14.1)->(22,21,14.6179)->(22,22,15.1858)->(22,23,15.8679)->(22,24,17.1858)->(22,25,19.8142)->(23,25,23.8284)->(23,26,5012.31)->
Agent 48:(21,3,1.3)->(21,4,2.04949)->(21,5,4.04949)->(21,6,6.54949)->(22,6,9.6)->(23,6,13.088)->(22,6,15.9903)->(21,6,17.3081)->(20,6,17.9903)->(19,6,18.5581)->(18,6,19.0761)->(17,6,19.5761)->(16,6,20.0761)->(15,6,20.5761)->(14,6,21.0761)->(13,6,21.5761)->(12,6,22.0761)->(11,6,22.5761)->(10,6,23.0761)->(9,6,23.594)->(8,6,24.1619)->(7,6,24.844)->(6,6,26.1619)->(5,6,29.3282)->(5,7,32.4946)->(5,8,33.8124)->(5,9,34.4946)->(5,10,35.0624)->(5,11,35.5804)->(5,12,36.0983)->(5,13,36.6662)->(5,14,37.3483)->(5,15,38.6662)->(5,16,41.2946)->(4,16,5020.84)->
Agent 49:(22,30,2.2)->(22,29,4.4)->(22,28,8.16421)->(21,28,11.3426)->(20,28,12.6605)->(19,28,13.3426)->(18,28,13.9105)->(17,28,14.4464)->(16,28,15.0142)->(15,28,15.6964)->(14,28,17.0142)->(13,28,20.8321)->(13,27,24.6499)->(13,26,25.9677)->(13,25,26.6499)->(13,24,27.2177)->(13,23,27.7357)->(13,22,28.2357)->(13,21,28.7357)->(13,20,29.2357)->(13,19,29.7357)->(13,18,30.2357)->(13,17,30.7357)->(13,16,31.2357)->(13,15,31.7357)->(13,14,32.2536)->(13,13,32.8215)->(13,12,33.5036)->(13,11,34.8215)->(13,10,37.4499)->(12,10,5018.92)->
Agent 50:(5,4,1.3)->(5,5,2.01421)->(5,6,3.33205)->(5,7,4.0641)->(5,8,4.79615)->(5,9,6.11399)->(5,10,8.3282)->(6,10,11.1282)->(7,10,17.6425)->(7,11,5010.66)->
Agent 51:(21,12,3.88579)->(21,11,7.18579)->(21,10,8.50362)->(21,9,9.18579)->(21,8,9.77157)->(21,7,10.3574)->(21,6,11.0395)->(21,5,12.3574)->(21,4,14.5716)->(20,4,16.7858)->(19,4,18.1036)->(18,4,18.7858)->(17,4,19.3536)->(16,4,19.8716)->(15,4,20.3716)->(14,4,20.8716)->(13,4,21.3716)->(12,4,21.8716)->(11,4,22.3716)->(10,4,22.8716)->(9,4,23.3716)->(8,4,23.8895)->(7,4,24.4574)->(6,4,25.1395)->(5,4,26.4574)->(4,4,28.6716)->(4,3,30.8858)->(4,2,32.3)->(4,1,33.7142)->(4,0,35.9284)->(5,0,38.1779)->(6,0,40.1779)->(7,0,5019.81)->
Agent 52:(1,4,1.3)->(1,5,2.01421)->(1,6,3.33205)->(1,7,4.01421)->(1,8,4.58205)->(1,9,5.11795)->(1,10,5.68579)->(1,11,6.36795)->(1,12,7.68579)->(1,13,9.9)->(2,13,12.1142)->(3,13,13.4321)->(4,13,14.1142)->(5,13,14.6821)->(6,13,15.2)->(7,13,15.7)->(8,13,16.2)->(9,13,16.7)->(10,13,17.2)->(11,13,17.7)->(12,13,18.2)->(13,13,18.7179)->(14,13,19.2858)->(15,13,19.9679)->(16,13,21.2858)->(17,13,23.9142)->(17,14,27.5142)->(18,14,30.1426)->(19,14,31.4605)->(20,14,32.1426)->(21,14,32.7105)->(22,14,33.2284)->(23,14,33.7284)->(24,14,34.2284)->(25,14,34.7464)->(26,14,35.3142)->(27,14,35.9964)->(28,14,37.3142)->(29,14,5018.36)->
Agent 53:(24,0,1.71228)->(24,1,2.83877)->(24,2,4.15661)->(24,3,4.83877)->(24,4,5.40661)->(24,5,5.92456)->(24,6,6.42456)->(24,7,6.92456)->(24,8,7.42456)->(24,9,7.92456)->(24,10,8.42456)->(24,11,8.92456)->(24,12,9.4425)->(24,13,10.0103)->(24,14,10.6925)->(24,15,12.0103)->(24,16,14.2246)->(23,16,16.4388)->(22,16,17.7566)->(21,16,18.4484)->(20,16,19.084)->(19,16,19.7758)->(18,16,21.0937)->(17,16,23.7221)->(17,17,5012.05)->
Agent 54:(10,13,1.3)->(10,14,2.01421)->(10,15,3.33205)->(10,16,4.01421)->(10,17,4.58205)->(10,18,5.1)->(10,19,5.6)->(10,20,6.1)->(10,21,6.6)->(10,22,7.1)->(10,23,7.61795)->(10,24,8.18579)->(10,25,8.86795)->(10,26,10.1858)->(10,27,12.4)->(11,27,15.2)->(12,27,22.5106)->(12,28,5013.5)->
Agent 55:(7,4,1.3)->(7,5,2.01421)->(7,6,3.33205)->(7,7,4.01421)->(7,8,4.58205)->(7,9,5.1)->(7,10,5.6)->(7,11,6.1)->(7,12,6.6)->(7,13,7.1)->(7,14,7.6)->(7,15,8.1)->(7,16,8.6)->(7,17,9.1)->(7,18,9.6)->(7,19,10.1)->(7,20,10.6)->(7,21,11.1)->(7,22,11.6)->(7,23,12.1179)->(7,24,12.6858)->(7,25,13.3679)->(7,26,14.6858)->(7,27,20.7983)->(8,27,26.9108)->(9,27,28.2447)->(10,27,29.0731)->(11,27,30.407)->(12,27,5014.91)->
Agent 56:(24,23,2.61421)->(24,22,11.0142)->(23,22,19.0426)->(22,22,20.3605)->(21,22,21.0426)->(20,22,21.6105)->(19,22,22.1284)->(18,22,22.6284)->(17,22,23.1284)->(16,22,23.6284)->(15,22,24.1284)->(14,22,24.6284)->(13,22,25.1284)->(12,22,25.6284)->(11,22,26.1464)->(10,22,26.7142)->(9,22,27.3964)->(8,22,28.7142)->(7,22,30.9284)->(7,21,33.1426)->(7,20,34.4605)->(7,19,35.1925)->(7,18,35.9246)->(7,17,37.2424)->(7,16,5018.33)->
Agent 57:(11,27,3.41421)->(11,26,6.24264)->(11,25,7.56048)->(11,24,8.24264)->(11,23,8.81048)->(11,22,9.32843)->(11,21,9.82843)->(11,20,10.3284)->(11,19,10.8284)->(11,18,11.3284)->(11,17,11.8284)->(11,16,12.3284)->(11,15,12.8284)->(11,14,13.3284)->(11,13,13.8284)->(11,12,14.3284)->(11,11,14.8284)->(11,10,15.3284)->(11,9,15.8284)->(11,8,16.3284)->(11,7,16.8284)->(11,6,17.3464)->(11,5,17.9142)->(11,4,18.5964)->(11,3,19.9142)->(11,2,22.1284)->(10,2,24.3426)->(9,2,25.6605)->(8,2,26.3925)->(7,2,27.1246)->(6,2,28.4424)->(5,2,5013.93)->
Agent 58:(1,16,1.3)->(1,17,2.01421)->(1,18,3.33205)->(1,19,4.01421)->(1,20,4.58205)->(1,21,5.11795)->(1,22,5.68579)->(1,23,6.36795)->(1,24,7.68579)->(1,25,12.0284)->(2,25,16.3711)->(3,25,17.6889)->(4,25,18.3711)->(5,25,18.9389)->(6,25,19.4569)->(7,25,19.9569)->(8,25,20.4569)->(9,25,20.9569)->(10,25,21.4569)->(11,25,21.9569)->(12,25,22.4569)->(13,25,22.9569)->(14,25,23.4569)->(15,25,23.9569)->(16,25,24.4569)->(17,25,24.9569)->(18,25,25.4569)->(19,25,25.9569)->(20,25,26.4569)->(21,25,26.9569)->(22,25,27.4569)->(23,25,27.9569)->(24,25,28.4569)->(25,25,28.9748)->(26,25,29.5426)->(27,25,30.2248)->(28,25,31.5426)->(29,25,5015.48)->
Agent 59:(28,31,3.57843)->(28,30,6.57107)->(28,29,7.88891)->(28,28,8.57107)->(28,27,9.13891)->(28,26,9.65685)->(28,25,10.1569)->(28,24,10.6569)->(28,23,11.1569)->(28,22,11.6569)->(28,21,12.1569)->(28,20,12.6569)->(28,19,13.1569)->(28,18,13.6569)->(28,17,14.1569)->(28,16,14.6569)->(28,15,15.1569)->(28,14,15.6569)->(28,13,16.1569)->(28,12,16.6569)->(28,11,17.1569)->(28,10,17.6748)->(28,9,18.2426)->(28,8,18.9248)->(28,7,20.2426)->(28,6,22.8711)->(29,6,5011.63)->
Agent 60:(18,6,1.8)->(17,6,3.01421)->(16,6,4.33205)->(15,6,5.01421)->(14,6,5.58205)->(13,6,6.11795)->(12,6,6.68579)->(11,6,7.36795)->(10,6,8.68579)->(9,6,10.9358)->(9,7,13.1858)->(9,8,14.5036)->(9,9,15.1954)->(9,10,15.8311)->(9,11,16.5228)->(9,12,17.8407)->(9,13,5008.63)->
Agent 61:(14,4,1.3)->(14,5,2.01421)->(14,6,3.33205)->(14,7,4.01421)->(14,8,4.58205)->(14,9,5.1)->(14,10,5.6)->(14,11,6.1)->(14,12,6.6)->(14,13,7.1)->(14,14,7.6)->(14,15,8.1)->(14,16,8.6)->(14,17,9.1)->(14,18,9.6)->(14,19,10.1)->(14,20,10.6)->(14,21,11.1)->(14,22,11.6)->(14,23,12.1)->(14,24,12.6)->(14,25,13.1)->(14,26,13.6179)->(14,27,14.1858)->(14,28,14.8679)->(14,29,16.1858)->(14,30,18.8142)->(15,30,5009.6)->
Agent 62:(31,10,1.8)->(30,10,3.01421)->(29,10,4.34806)->(28,10,5.17649)->(27,10,6.51034)->(26,10,8.72456)->(26,9,10.9388)->(26,8,12.2566)->(26,7,12.9887)->(26,6,13.7207)->(26,5,15.0385)->(26,4,17.2528)->(25,4,19.467)->(24,4,20.7848)->(23,4,21.467)->(22,4,22.0348)->(21,4,22.5528)->(20,4,23.0528)->(19,4,23.5528)->(18,4,24.0528)->(17,4,24.5528)->(16,4,25.0528)->(15,4,25.5528)->(14,4,26.0528)->(13,4,26.5528)->(12,4,27.0528)->(11,4,27.5528)->(10,4,28.0707)->(9,4,28.6385)->(8,4,29.3207)->(7,4,30.6385)->(6,4,5015.03)->
Agent 63:(13,30,1.8)->(12,30,3.01421)->(11,30,4.33205)->(10,30,5.01421)->(9,30,5.58205)->(8,30,6.11795)->(7,30,6.68579)->(6,30,7.36795)->(5,30,8.68579)->(4,30,11.3142)->(4,31,16.6247)->(5,31,20.9636)->(6,31,22.2814)->(7,31,22.9636)->(8,31,23.5314)->(9,31,24.0494)->(10,31,24.5494)->(11,31,25.0494)->(12,31,25.5494)->(13,31,26.0494)->(14,31,26.5494)->(15,31,27.0494)->(16,31,27.5494)->(17,31,28.0494)->(18,31,28.5494)->(19,31,29.0494)->(20,31,29.5673)->(21,31,30.1351)->(22,31,30.8173)->(23,31,32.1351)->(24,31,5015.77)->
Agent 64:(13,11,1.8)->(12,11,3.6)->(11,11,7.21421)->(12,11,11.2142)->(12,10,13.8426)->(12,9,15.1605)->(12,8,15.8925)->(12,7,16.6246)->(12,6,17.9424)->(12,5,20.5708)->(13,5,27.821)->(12,5,34.6853)->(11,5,5017.34)->
Agent 65:(31,4,2.67649)->(31,5,4.7672)->(31,6,6.08503)->(31,7,6.7672)->(31,8,7.33503)->(31,9,7.85298)->(31,10,8.35298)->(31,11,8.85298)->(31,12,9.35298)->(31,13,9.85298)->(31,14,10.353)->(31,15,10.853)->(31,16,11.353)->(31,17,11.853)->(31,18,12.353)->(31,19,12.853)->(31,20,13.353)->(31,21,13.853)->(31,22,14.353)->(31,23,14.8709)->(31,24,15.4388)->(31,25,16.1209)->(31,26,17.4388)->(31,27,19.653)->(30,27,21.8672)->(29,27,23.185)->(28,27,23.8672)->(27,27,24.435)->(26,27,24.953)->(25,27,25.453)->(24,27,25.9709)->(23,27,26.5388)->(22,27,27.2209)->(21,27,28.5388)->(20,27,5013.98)->
Agent 66:(3,13,1.3)->(3,14,2.01421)->(3,15,3.33205)->(3,16,4.0641)->(3,17,4.79615)->(3,18,6.11399)->(3,19,16.4283)->(4,19,26.7426)->(5,19,28.0605)->(6,19,28.7426)->(7,19,29.3105)->(8,19,29.8284)->(9,19,30.3284)->(10,19,30.8284)->(11,19,31.3284)->(12,19,31.8284)->(13,19,32.3284)->(14,19,32.8284)->(15,19,33.3464)->(16,19,33.9142)->(17,19,34.5964)->(18,19,35.9142)->(19,19,5017.66)->
Agent 67:(24,21,7.51228)->(24,20,14.4388)->(24,19,15.7566)->(24,18,16.4388)->(24,17,17.0066)->(24,16,17.5246)->(24,15,18.0246)->(24,14,18.5246)->(24,13,19.0246)->(24,12,19.5246)->(24,11,20.0425)->(24,10,20.6103)->(24,9,21.2925)->(24,8,22.6103)->(24,7,24.8246)->(25,7,27.0388)->(26,7,28.3566)->(27,7,29.0887)->(28,7,29.8207)->(29,7,31.1385)->(30,7,5015.28)->
Agent 68:(31,16,1.92106)->(31,17,3.25634)->(31,18,4.67055)->(31,19,6.08477)->(31,20,9.17598)->(30,20,12.2672)->(29,20,13.585)->(28,20,14.2672)->(27,20,14.835)->(26,20,15.353)->(25,20,15.853)->(24,20,16.353)->(23,20,16.853)->(22,20,17.353)->(21,20,17.853)->(20,20,18.3709)->(19,20,18.9388)->(18,20,19.6209)->(17,20,20.9388)->(16,20,5010.18)->
Agent 69:(26,21,1.3)->(26,22,2.6)->(26,23,5.4)->(25,23,7.61421)->(24,23,8.93205)->(23,23,9.61421)->(22,23,10.1821)->(21,23,10.7)->(20,23,11.2)->(19,23,11.7179)->(18,23,12.2858)->(17,23,12.9679)->(16,23,14.2858)->(15,23,16.9142)->(15,24,22.6284)->(14,24,27.3711)->(13,24,28.6889)->(12,24,29.3807)->(11,24,30.0163)->(10,24,30.7081)->(9,24,32.026)->(8,24,5015.72)->
Agent 70:(13,29,1.8)->(14,29,3.04949)->(15,29,5.04949)->(16,29,7.6637)->(16,28,10.2426)->(16,27,11.5765)->(16,26,12.4049)->(16,25,13.7388)->(16,24,16.3672)->(17,24,22.5191)->(17,25,5012.73)->
Agent 71:(11,7,1.3)->(11,8,2.04949)->(11,9,4.04949)->(11,10,6.71319)->(10,10,12.8779)->(11,10,5007.91)->
Agent 72:(5,14,1.3)->(5,15,2.01421)->(5,16,3.33205)->(5,17,4.0641)->(5,18,4.79615)->(5,19,6.11399)->(5,20,12.8146)->(6,20,19.5505)->(7,20,21.5505)->(8,20,5010.5)->
Agent 73:(8,13,1.3)->(8,14,2.01421)->(8,15,3.33205)->(8,16,4.01421)->(8,17,4.58205)->(8,18,5.1)->(8,19,5.61795)->(8,20,6.18579)->(8,21,6.86795)->(8,22,8.18579)->(8,23,11.5322)->(7,23,21.031)->(7,24,28.8756)->(7,25,30.8756)->(7,26,5015.16)->
Agent 74:(17,1,1.6)->(17,2,2.61421)->(17,3,3.93205)->(17,4,4.61421)->(17,5,5.18205)->(17,6,5.7)->(17,7,6.2)->(17,8,6.7)->(17,9,7.2)->(17,10,7.7)->(17,11,8.2)->(17,12,8.7)->(17,13,9.2)->(17,14,9.7)->(17,15,10.2)->(17,16,10.7)->(17,17,11.2)->(17,18,11.7)->(17,19,12.2)->(17,20,12.7)->(17,21,13.2)->(17,22,13.7)->(17,23,14.2179)->(17,24,14.7858)->(17,25,15.4679)->(17,26,16.7858)->(17,27,19.4142)->(18,27,5009.9)->
Agent 75:(14,28,2.2)->(14,27,4.4)->(14,26,7.26795)->(13,26,9.55011)->(12,26,10.8679)->(11,26,11.6)->(10,26,12.3321)->(9,26,13.6499)->(8,26,15.8641)->(8,27,18.1136)->(8,28,20.1136)->(8,29,22.3631)->(7,29,24.6126)->(6,29,26.6126)->(5,29,5013.03)->
Agent 76:(9,27,3.41421)->(10,27,6.24264)->(11,27,7.56048)->(12,27,8.24264)->(13,27,8.81048)->(14,27,9.32843)->(15,27,9.82843)->(16,27,10.3284)->(17,27,10.8284)->(18,27,11.3284)->(19,27,11.8284)->(20,27,12.3284)->(21,27,12.8284)->(22,27,13.3464)->(23,27,13.9142)->(24,27,14.5964)->(25,27,15.9142)->(26,27,18.1284)->(26,26,20.3426)->(26,25,21.6765)->(26,24,22.5049)->(26,23,23.8388)->(26,22,26.053)->(27,22,28.3025)->(28,22,30.3025)->(29,22,5014.88)->
Agent 77:(23,13,1.8)->(22,13,3.04949)->(21,13,5.04949)->(20,13,7.29898)->(20,14,10.099)->(20,15,5005.05)->
Agent 78:(20,10,1.8)->(21,10,3.01421)->(22,10,4.34806)->(23,10,5.17649)->(24,10,6.51034)->(25,10,8.72456)->(25,11,10.9388)->(25,12,12.2566)->(25,13,12.9388)->(25,14,13.5246)->(25,15,14.1103)->(25,16,14.7925)->(25,17,16.1103)->(25,18,5007.76)->
Agent 79:(9,15,1.3)->(9,16,2.01421)->(9,17,3.33205)->(9,18,4.01421)->(9,19,4.6)->(9,20,5.18579)->(9,21,5.86795)->(9,22,7.18579)->(9,23,9.4)->(10,23,11.6142)->(11,23,12.9481)->(12,23,13.7765)->(13,23,15.1103)->(14,23,19.2407)->(14,24,23.9569)->(14,25,5011.98)->
Agent 80:(25,31,2.76421)->(25,30,4.94264)->(25,29,6.26048)->(25,28,6.94264)->(25,27,7.51048)->(25,26,8.02843)->(25,25,8.52843)->(25,24,9.02843)->(25,23,9.54638)->(25,22,10.1142)->(25,21,10.7964)->(25,20,12.1142)->(25,19,14.3284)->(26,19,16.5779)->(27,19,18.5779)->(28,19,22.7497)->(28,18,26.8862)->(28,17,28.204)->(28,16,28.8862)->(28,15,29.454)->(28,14,29.972)->(28,13,30.472)->(28,12,30.972)->(28,11,31.4899)->(28,10,32.0578)->(28,9,32.7399)->(28,8,34.0578)->(28,7,36.6862)->(29,7,5018.54)->
Agent 81:(27,15,1.8)->(26,15,3.01421)->(25,15,4.33205)->(24,15,5.01421)->(23,15,5.58205)->(22,15,6.1)->(21,15,6.6)->(20,15,7.1)->(19,15,7.6)->(18,15,8.1)->(17,15,8.6)->(16,15,9.1)->(15,15,9.6)->(14,15,10.1)->(13,15,10.6)->(12,15,11.1)->(11,15,11.6)->(10,15,12.1)->(9,15,12.6)->(8,15,13.1179)->(7,15,13.6858)->(6,15,14.3679)->(5,15,15.6858)->(4,15,18.9642)->(4,16,22.2426)->(4,17,23.5605)->(4,18,24.2426)->(4,19,24.8105)->(4,20,25.3284)->(4,21,25.8284)->(4,22,26.3284)->(4,23,26.8284)->(4,24,27.3284)->(4,25,27.8284)->(4,26,28.3284)->(4,27,28.8464)->(4,28,29.4142)->(4,29,30.0964)->(4,30,31.4142)->(4,31,34.0426)->(3,31,5017.21)->
Agent 82:(23,4,1.8)->(22,4,3.01421)->(21,4,4.33205)->(20,4,5.02382)->(19,4,5.65949)->(18,4,6.35126)->(17,4,7.6691)->(16,4,10.7737)->(16,5,13.8783)->(16,6,15.1962)->(16,7,15.8783)->(16,8,16.4462)->(16,9,16.9641)->(16,10,17.4641)->(16,11,17.9641)->(16,12,18.4821)->(16,13,19.0499)->(16,14,19.7321)->(16,15,21.0499)->(16,16,5010.23)->
Agent 83:(21,26,3.91421)->(21,25,7.24264)->(21,24,8.56048)->(21,23,9.24264)->(21,22,9.81048)->(21,21,10.3464)->(21,20,10.9142)->(21,19,11.5964)->(21,18,12.9142)->(21,17,15.1284)->(22,17,17.3426)->(23,17,18.6605)->(24,17,19.3925)->(25,17,20.1246)->(26,17,21.4424)->(27,17,5010.43)->
Agent 84:(31,18,1.3)->(31,19,2.04949)->(31,20,4.04949)->(31,21,7.76177)->(30,21,11.4388)->(29,21,12.7566)->(28,21,13.4388)->(27,21,14.0066)->(26,21,14.5246)->(25,21,15.0246)->(24,21,15.5246)->(23,21,16.0246)->(22,21,16.5246)->(21,21,17.0246)->(20,21,17.5246)->(19,21,18.0425)->(18,21,18.6103)->(17,21,19.2925)->(16,21,20.6103)->(15,21,5010.01)->
Agent 85:(3,6,2.61421)->(3,5,5.73579)->(4,5,8.48579)->(5,5,9.80362)->(6,5,10.4954)->(7,5,11.1311)->(8,5,11.8228)->(9,5,13.1407)->(10,5,5006.28)->
Agent 86:(18,28,2.88579)->(18,27,5.18579)->(18,26,6.50362)->(18,25,7.18579)->(18,24,7.75362)->(18,23,8.27157)->(18,22,8.77157)->(18,21,9.27157)->(18,20,9.77157)->(18,19,10.2716)->(18,18,10.7716)->(18,17,11.2716)->(18,16,11.7716)->(18,15,12.2895)->(18,14,12.8574)->(18,13,13.5395)->(18,12,14.8574)->(18,11,17.0716)->(17,11,19.2858)->(16,11,20.6036)->(15,11,21.2858)->(14,11,21.8716)->(13,11,22.4574)->(12,11,23.1395)->(11,11,24.4574)->(10,11,26.6716)->(10,10,28.9211)->(10,9,30.9211)->(10,8,5015.19)->
Agent 87:(26,10,1.3)->(26,11,2.01421)->(26,12,3.33205)->(26,13,4.01421)->(26,14,4.58205)->(26,15,5.1)->(26,16,5.6)->(26,17,6.1)->(26,18,6.6)->(26,19,7.1)->(26,20,7.6)->(26,21,8.1)->(26,22,8.61795)->(26,23,9.18579)->(26,24,9.86795)->(26,25,11.1858)->(26,26,13.4)->(25,26,15.6142)->(24,26,16.9321)->(23,26,17.6142)->(22,26,18.1821)->(21,26,18.7)->(20,26,19.2)->(19,26,19.7)->(18,26,20.2)->(17,26,20.7)->(16,26,21.2179)->(15,26,21.7858)->(14,26,22.4679)->(13,26,23.7858)->(12,26,5011.6)->
Agent 88:(16,30,1.8)->(17,30,3.01421)->(18,30,4.33205)->(19,30,5.01421)->(20,30,5.58205)->(21,30,6.1)->(22,30,6.6)->(23,30,7.11795)->(24,30,7.68579)->(25,30,8.36795)->(26,30,9.68579)->(27,30,11.9)->(27,29,14.1142)->(27,28,15.5284)->(27,27,16.9426)->(27,26,5008.18)->
Agent 89:(27,18,2.61421)->(27,17,5.61421)->(26,17,8.24264)->(25,17,9.56048)->(24,17,10.2426)->(23,17,10.8105)->(22,17,11.3284)->(21,17,11.8284)->(20,17,12.3284)->(19,17,12.8284)->(18,17,13.3284)->(17,17,13.8284)->(16,17,14.3284)->(15,17,14.8284)->(14,17,15.3284)->(13,17,15.8284)->(12,17,16.3284)->(11,17,16.8284)->(10,17,17.3284)->(9,17,17.8284)->(8,17,18.3284)->(7,17,18.8464)->(6,17,19.4142)->(5,17,20.0964)->(4,17,21.4142)->(3,17,5010.41)->
