Agent 0:(24,25,1.8)->(25,25,3.6)->(26,25,6.4)->(26,24,8.61421)->(26,23,9.93205)->(26,22,10.6142)->(26,21,11.1821)->(26,20,11.7)->(26,19,12.2)->(26,18,12.7)->(26,17,13.2)->(26,16,13.7179)->(26,15,14.2858)->(26,14,14.9679)->(26,13,16.2858)->(26,12,18.9142)->(25,12,22.7321)->(25,11,25.5783)->(25,10,26.8962)->(25,9,27.5783)->(25,8,28.1462)->(25,7,28.6641)->(25,6,29.1821)->(25,5,29.7499)->(25,4,30.4321)->(25,3,31.7499)->(25,2,34.3783)->(26,2,5017.38)->
Agent 1:(14,24,1.8)->(15,24,3.6)->(16,24,6.8)->(15,24,10)->(14,24,12.8)->(14,25,15.0142)->(14,26,16.3481)->(14,27,17.1765)->(14,28,18.5103)->(14,29,5008.96)->
Agent 2:(14,15,2.18761)->(15,15,3.78943)->(16,15,5.12328)->(17,15,5.95171)->(18,15,7.28556)->(19,15,9.91399)->(19,16,16.9999)->(20,16,23.1142)->(21,16,24.4321)->(22,16,25.1641)->(23,16,25.8962)->(24,16,27.214)->(25,16,5013.31)->
Agent 3:(19,23,1.8)->(20,23,3.01421)->(21,23,4.33205)->(22,23,5.01421)->(23,23,5.58205)->(24,23,6.1)->(25,23,6.61795)->(26,23,7.18579)->(27,23,7.86795)->(28,23,9.18579)->(29,23,11.4)->(29,24,13.6495)->(29,25,15.6495)->(29,26,5007.55)->
Agent 4:(2,12,3.64949)->(3,12,7.29898)->(4,12,14.7674)->(4,11,21.6501)->(4,10,22.9679)->(4,9,23.6501)->(4,8,24.2179)->(4,7,24.7359)->(4,6,25.2538)->(4,5,25.8217)->(4,4,26.5038)->(4,3,27.8217)->(4,2,30.4501)->(5,2,5015.42)->
Agent 5:(24,10,1.8)->(23,10,3.6)->(22,10,7.21421)->(23,10,11.4217)->(23,9,14.2576)->(23,8,15.5754)->(23,7,16.3075)->(23,6,17.0395)->(23,5,18.3574)->(23,4,20.9858)->(22,4,24.5858)->(22,5,27.8)->(22,6,5013.9)->
Agent 6:(21,31,7.35)->(21,30,14.1142)->(21,29,15.4321)->(21,28,16.1142)->(21,27,16.6821)->(21,26,17.2)->(21,25,17.7)->(21,24,18.2)->(21,23,18.7)->(21,22,19.2)->(21,21,19.7)->(21,20,20.2)->(21,19,20.7)->(21,18,21.2)->(21,17,21.7)->(21,16,22.2)->(21,15,22.7)->(21,14,23.2)->(21,13,23.7)->(21,12,24.2)->(21,11,24.7)->(21,10,25.2179)->(21,9,25.7858)->(21,8,26.4679)->(21,7,27.7858)->(21,6,30)->(20,6,32.2142)->(19,6,33.5321)->(18,6,34.2142)->(17,6,34.7821)->(16,6,35.3)->(15,6,35.8)->(14,6,36.3)->(13,6,36.8)->(12,6,37.3179)->(11,6,37.8858)->(10,6,38.5679)->(9,6,39.8858)->(8,6,5019.65)->
Agent 7:(24,21,1.8)->(23,21,3.01421)->(22,21,4.33205)->(21,21,5.01421)->(20,21,5.58205)->(19,21,6.1)->(18,21,6.6)->(17,21,7.1)->(16,21,7.6)->(15,21,8.1)->(14,21,8.6)->(13,21,9.1)->(12,21,9.6)->(11,21,10.1)->(10,21,10.6)->(9,21,11.1)->(8,21,11.6)->(7,21,12.1179)->(6,21,12.6858)->(5,21,13.3679)->(4,21,14.6858)->(3,21,16.9)->(3,20,19.1142)->(3,19,20.4321)->(3,18,21.1142)->(3,17,21.6821)->(3,16,22.2)->(3,15,22.7)->(3,14,23.2)->(3,13,23.7)->(3,12,24.2)->(3,11,24.7)->(3,10,25.2)->(3,9,25.7)->(3,8,26.2)->(3,7,26.7)->(3,6,27.2)->(3,5,27.7)->(3,4,28.2179)->(3,3,28.7858)->(3,2,29.4679)->(3,1,30.7858)->(3,0,39.4821)->(4,0,48.1783)->(5,0,49.5925)->(6,0,51.0067)->(7,0,5025.21)->
Agent 8:(26,29,2.2)->(26,28,3.84949)->(26,27,5.84949)->(26,26,9.23154)->(25,26,12.5783)->(24,26,13.8962)->(23,26,14.5783)->(22,26,15.1462)->(21,26,15.6641)->(20,26,16.1641)->(19,26,16.6641)->(18,26,17.1641)->(17,26,17.6641)->(16,26,18.1641)->(15,26,18.6821)->(14,26,19.2499)->(13,26,19.9321)->(12,26,21.2499)->(11,26,23.4641)->(11,25,25.6783)->(11,24,27.0122)->(11,23,27.8406)->(11,22,29.1744)->(11,21,31.3887)->(10,21,33.6029)->(9,21,34.9207)->(8,21,35.6029)->(7,21,36.1707)->(6,21,36.6887)->(5,21,37.2066)->(4,21,37.7744)->(3,21,38.4566)->(2,21,39.7744)->(1,21,5019.59)->
Agent 9:(5,6,1.3)->(5,7,2.6)->(5,8,5.4)->(6,8,7.64949)->(7,8,9.64949)->(8,8,13.7637)->(8,9,17.8426)->(8,10,19.1605)->(8,11,19.8426)->(8,12,20.4105)->(8,13,20.9284)->(8,14,21.4284)->(8,15,21.9284)->(8,16,22.4284)->(8,17,22.9284)->(8,18,23.4284)->(8,19,23.9284)->(8,20,24.4284)->(8,21,24.9284)->(8,22,25.4464)->(8,23,26.0142)->(8,24,26.6964)->(8,25,28.0142)->(8,26,30.6426)->(9,26,5015.51)->
Agent 10:(27,23,2.61421)->(27,22,6.02843)->(28,22,10.0426)->(28,21,12.6711)->(28,20,13.9889)->(28,19,14.6711)->(28,18,15.2389)->(28,17,15.7569)->(28,16,16.2569)->(28,15,16.7569)->(28,14,17.2569)->(28,13,17.7748)->(28,12,18.3426)->(28,11,19.0248)->(28,10,20.3426)->(28,9,23.5463)->(27,9,26.7499)->(26,9,28.0677)->(25,9,28.7499)->(24,9,29.3177)->(23,9,29.8357)->(22,9,30.3357)->(21,9,30.8357)->(20,9,31.3357)->(19,9,31.8357)->(18,9,32.3536)->(17,9,32.9215)->(16,9,33.6036)->(15,9,34.9215)->(14,9,37.5499)->(14,8,41.1499)->(13,8,43.8136)->(12,8,45.8136)->(11,8,48.4773)->(11,9,5024.43)->
Agent 11:(12,15,1.8)->(11,15,3.01421)->(10,15,4.33205)->(9,15,5.01421)->(8,15,5.58205)->(7,15,6.1)->(6,15,6.61795)->(5,15,7.18579)->(4,15,7.86795)->(3,15,9.18579)->(2,15,11.4)->(2,16,13.6142)->(2,17,15.0284)->(2,18,16.4426)->(2,19,5007.93)->
Agent 12:(12,8,1.8)->(13,8,3.01421)->(14,8,4.33205)->(15,8,5.01421)->(16,8,5.58205)->(17,8,6.1)->(18,8,6.6)->(19,8,7.1)->(20,8,7.6)->(21,8,8.1)->(22,8,8.6)->(23,8,9.1)->(24,8,9.6)->(25,8,10.1)->(26,8,10.6179)->(27,8,11.1858)->(28,8,11.8679)->(29,8,13.1858)->(30,8,15.4)->(30,9,17.6142)->(30,10,18.9321)->(30,11,19.6142)->(30,12,20.1821)->(30,13,20.7)->(30,14,21.2)->(30,15,21.7)->(30,16,22.2)->(30,17,22.7179)->(30,18,23.2858)->(30,19,23.9679)->(30,20,25.2858)->(30,21,5012.35)->
Agent 13:(29,29,2.8407)->(28,29,5.09562)->(27,29,6.41346)->(26,29,7.09562)->(25,29,7.66346)->(24,29,8.18141)->(23,29,8.68141)->(22,29,9.18141)->(21,29,9.68141)->(20,29,10.1814)->(19,29,10.6814)->(18,29,11.1814)->(17,29,11.6814)->(16,29,12.1814)->(15,29,12.6814)->(14,29,13.1814)->(13,29,13.6814)->(12,29,14.1814)->(11,29,14.6814)->(10,29,15.1814)->(9,29,15.6814)->(8,29,16.1814)->(7,29,16.6994)->(6,29,17.2672)->(5,29,17.9494)->(4,29,19.2672)->(3,29,21.4814)->(3,28,23.6956)->(3,27,25.0135)->(3,26,25.7455)->(3,25,26.4776)->(3,24,27.7954)->(3,23,32.5332)->(4,23,38.6569)->(4,22,5019.73)->
Agent 14:(26,8,1.3)->(26,9,2.6)->(26,10,5.6)->(25,10,8.6)->(24,10,13.0623)->(24,11,16.9388)->(24,12,18.2566)->(24,13,18.9388)->(24,14,19.5066)->(24,15,20.0246)->(24,16,20.5246)->(24,17,21.0246)->(24,18,21.5246)->(24,19,22.0246)->(24,20,22.5246)->(24,21,23.0425)->(24,22,23.6103)->(24,23,24.2925)->(24,24,25.6103)->(24,25,28.2388)->(23,25,5014.31)->
Agent 15:(23,28,6.10834)->(23,27,11.6309)->(23,26,12.9487)->(23,25,13.6309)->(23,24,14.1987)->(23,23,14.7167)->(23,22,15.2167)->(23,21,15.7167)->(23,20,16.2167)->(23,19,16.7167)->(23,18,17.2167)->(23,17,17.7167)->(23,16,18.2167)->(23,15,18.7167)->(23,14,19.2167)->(23,13,19.7167)->(23,12,20.2167)->(23,11,20.7167)->(23,10,21.2167)->(23,9,21.7167)->(23,8,22.2346)->(23,7,22.8025)->(23,6,23.4846)->(23,5,24.8025)->(23,4,27.0167)->(22,4,29.2309)->(21,4,30.5487)->(20,4,31.2309)->(19,4,31.7987)->(18,4,32.3167)->(17,4,32.8167)->(16,4,33.3167)->(15,4,33.8167)->(14,4,34.3167)->(13,4,34.8167)->(12,4,35.3167)->(11,4,35.8167)->(10,4,36.3167)->(9,4,36.8167)->(8,4,37.3167)->(7,4,37.8167)->(6,4,38.3346)->(5,4,38.9025)->(4,4,39.5846)->(3,4,40.9025)->(2,4,5020.16)->
Agent 16:(24,0,1.3)->(24,1,2.01421)->(24,2,3.33205)->(24,3,4.01421)->(24,4,4.58205)->(24,5,5.1)->(24,6,5.6)->(24,7,6.1)->(24,8,6.6)->(24,9,7.1)->(24,10,7.6)->(24,11,8.1)->(24,12,8.6)->(24,13,9.1)->(24,14,9.61795)->(24,15,10.1858)->(24,16,10.8679)->(24,17,12.1858)->(24,18,16.2717)->(25,18,20.3576)->(26,18,21.6754)->(27,18,22.4075)->(28,18,23.1395)->(29,18,24.4574)->(30,18,26.6716)->(30,19,29.4716)->(30,20,32.6858)->(31,20,36.7)->(31,21,5018.75)->
Agent 17:(12,11,2.21421)->(13,11,4.81421)->(13,12,7.44264)->(13,13,8.76048)->(13,14,9.44264)->(13,15,10.0105)->(13,16,10.5284)->(13,17,11.0464)->(13,18,11.6142)->(13,19,12.2964)->(13,20,13.6142)->(13,21,5006.51)->
Agent 18:(28,5,1.3)->(28,6,2.01421)->(28,7,3.34806)->(28,8,4.17649)->(28,9,5.51034)->(28,10,10.7961)->(27,10,16.0819)->(26,10,17.3998)->(25,10,18.0819)->(24,10,18.6498)->(23,10,19.1677)->(22,10,19.6677)->(21,10,20.1677)->(20,10,20.6677)->(19,10,21.1677)->(18,10,21.6857)->(17,10,22.2535)->(16,10,22.9357)->(15,10,24.2535)->(14,10,5011.83)->
Agent 19:(7,12,1.71421)->(7,13,3.81421)->(6,13,6.44264)->(5,13,7.77649)->(4,13,8.60492)->(3,13,9.93877)->(2,13,12.153)->(2,14,14.3672)->(2,15,15.7814)->(2,16,17.1956)->(2,17,25.3012)->(3,17,5015.58)->
Agent 20:(18,19,2.82841)->(19,19,9.48215)->(18,19,15.5501)->(17,19,16.8679)->(16,19,17.5597)->(15,19,18.1954)->(14,19,18.8872)->(13,19,20.205)->(12,19,23.188)->(12,20,5011.96)->
Agent 21:(19,19,1.3)->(19,20,2.01421)->(19,21,3.34806)->(19,22,4.17649)->(19,23,5.51034)->(19,24,9.28023)->(18,24,13.0501)->(17,24,14.3679)->(16,24,15.0501)->(15,24,15.6179)->(14,24,16.1538)->(13,24,16.7217)->(12,24,17.4038)->(11,24,18.7217)->(10,24,22.1679)->(10,23,26.2)->(10,22,5013.1)->
Agent 22:(17,24,2.2)->(17,23,3.81421)->(17,22,5.13205)->(17,21,5.81421)->(17,20,6.38205)->(17,19,6.91795)->(17,18,7.48579)->(17,17,8.16795)->(17,16,9.48579)->(17,15,13.8858)->(16,15,18.2858)->(15,15,19.6036)->(14,15,20.2858)->(13,15,20.8536)->(12,15,21.3716)->(11,15,21.8716)->(10,15,22.3895)->(9,15,22.9574)->(8,15,23.6395)->(7,15,24.9574)->(6,15,27.5858)->(6,14,5013.99)->
Agent 23:(26,19,1.8)->(25,19,3.01421)->(24,19,4.34806)->(23,19,5.17649)->(22,19,6.51034)->(21,19,12.0527)->(21,18,17.595)->(21,17,18.9128)->(21,16,19.595)->(21,15,20.1628)->(21,14,20.6808)->(21,13,21.1808)->(21,12,21.6808)->(21,11,22.1808)->(21,10,22.6808)->(21,9,23.1987)->(21,8,23.7666)->(21,7,24.4487)->(21,6,25.7666)->(21,5,30.9046)->(20,5,36.0426)->(19,5,37.3605)->(18,5,38.0426)->(17,5,38.6105)->(16,5,39.1284)->(15,5,39.6284)->(14,5,40.1464)->(13,5,40.7142)->(12,5,41.3964)->(11,5,42.7142)->(10,5,5021.06)->
Agent 24:(4,9,1.8)->(5,9,3.6)->(6,9,6.4)->(6,10,8.61421)->(6,11,9.93205)->(6,12,10.6142)->(6,13,11.1821)->(6,14,11.7)->(6,15,12.2)->(6,16,12.7)->(6,17,13.2)->(6,18,13.7)->(6,19,14.2)->(6,20,14.7)->(6,21,15.2)->(6,22,15.7)->(6,23,16.2)->(6,24,16.7)->(6,25,17.2179)->(6,26,17.7858)->(6,27,18.4679)->(6,28,19.7858)->(6,29,26.0784)->(6,28,32.9569)->(6,27,5016.48)->
Agent 25:(7,28,2.05)->(8,28,3.51421)->(9,28,4.83205)->(10,28,5.51421)->(11,28,6.08205)->(12,28,6.6)->(13,28,7.1)->(14,28,7.61795)->(15,28,8.18579)->(16,28,8.86795)->(17,28,10.1858)->(18,28,12.4)->(18,27,14.6142)->(18,26,15.9321)->(18,25,16.6142)->(18,24,17.1821)->(18,23,17.7)->(18,22,18.2)->(18,21,18.7)->(18,20,19.2)->(18,19,19.7179)->(18,18,20.2858)->(18,17,20.9679)->(18,16,22.2858)->(18,15,24.5)->(19,15,27.3)->(20,15,30.1963)->(20,14,32.5067)->(20,13,33.8246)->(20,12,34.5067)->(20,11,35.0746)->(20,10,35.5925)->(20,9,36.0925)->(20,8,36.5925)->(20,7,37.0925)->(20,6,37.5925)->(20,5,38.0925)->(20,4,38.6105)->(20,3,39.1783)->(20,2,39.8605)->(20,1,41.1783)->(20,0,5020.3)->
Agent 26:(7,11,2.2)->(7,10,3.81421)->(7,9,5.22843)->(7,8,6.64264)->(7,7,9.27107)->(8,7,15.6784)->(7,7,21.1142)->(6,7,22.4321)->(5,7,23.1142)->(4,7,23.7)->(3,7,24.2858)->(2,7,24.9679)->(1,7,26.2858)->(0,7,5012.85)->
Agent 27:(9,8,1.3)->(9,9,2.01421)->(9,10,3.33205)->(9,11,4.01421)->(9,12,4.58205)->(9,13,5.1)->(9,14,5.6)->(9,15,6.11795)->(9,16,6.68579)->(9,17,7.36795)->(9,18,8.68579)->(9,19,10.9)->(10,19,13.7)->(11,19,16.9)->(10,19,19.5142)->(9,19,20.8321)->(8,19,21.5142)->(7,19,22.1)->(6,19,22.6858)->(5,19,23.3679)->(4,19,24.6858)->(3,19,26.9)->(3,18,29.1142)->(3,17,30.4321)->(3,16,31.1142)->(3,15,31.6821)->(3,14,32.2)->(3,13,32.7)->(3,12,33.2179)->(3,11,33.7858)->(3,10,34.4679)->(3,9,35.7858)->(3,8,38)->(2,8,40.8)->(1,8,5020.4)->
Agent 28:(2,10,2.2)->(2,9,3.81421)->(2,8,5.22843)->(2,7,6.64264)->(2,6,9.44626)->(3,6,12.2499)->(4,6,13.5677)->(5,6,14.2499)->(6,6,14.8177)->(7,6,15.3357)->(8,6,15.8357)->(9,6,16.3357)->(10,6,16.8357)->(11,6,17.3536)->(12,6,17.9215)->(13,6,18.6036)->(14,6,19.9215)->(15,6,22.5499)->(15,5,31.0321)->(15,6,5018.15)->
Agent 29:(18,3,1.8)->(19,3,3.01421)->(20,3,4.42843)->(21,3,5.84264)->(22,3,10.9706)->(22,4,16.0986)->(22,5,17.4164)->(22,6,18.1082)->(22,7,18.7439)->(22,8,19.4357)->(22,9,20.7535)->(22,10,24.366)->(21,10,5012.87)->
Agent 30:(3,8,2.2)->(3,7,3.81421)->(3,6,5.14806)->(3,5,5.97649)->(3,4,7.31034)->(3,3,9.71228)->(4,3,12.1142)->(5,3,13.4321)->(6,3,14.1142)->(7,3,14.6821)->(8,3,15.2)->(9,3,15.7)->(10,3,16.2)->(11,3,16.7)->(12,3,17.2)->(13,3,17.7)->(14,3,18.2)->(15,3,18.7)->(16,3,19.2)->(17,3,19.7)->(18,3,20.2)->(19,3,20.7179)->(20,3,21.2858)->(21,3,21.9679)->(22,3,23.2858)->(23,3,5011.35)->
Agent 31:(12,29,1.8)->(13,29,3.04949)->(14,29,5.04949)->(15,29,7.63528)->(15,28,10.1858)->(15,27,11.5036)->(15,26,12.1858)->(15,25,12.7716)->(15,24,13.3574)->(15,23,14.0395)->(15,22,15.3574)->(15,21,19.0302)->(16,21,23.2889)->(17,21,26.0889)->(17,20,28.3383)->(17,19,30.3383)->(17,18,5014.89)->
Agent 32:(25,3,1.3)->(25,4,2.01421)->(25,5,3.33205)->(25,6,4.01421)->(25,7,4.58205)->(25,8,5.1)->(25,9,5.6)->(25,10,6.1)->(25,11,6.6)->(25,12,7.1)->(25,13,7.6)->(25,14,8.1)->(25,15,8.6)->(25,16,9.11795)->(25,17,9.68579)->(25,18,10.3679)->(25,19,11.6858)->(25,20,14.0142)->(24,20,16.3426)->(23,20,17.6605)->(22,20,18.3426)->(21,20,18.9105)->(20,20,19.4284)->(19,20,19.9284)->(18,20,20.4284)->(17,20,20.9284)->(16,20,21.4284)->(15,20,21.9284)->(14,20,22.4284)->(13,20,22.9284)->(12,20,23.4284)->(11,20,23.9284)->(10,20,24.4284)->(9,20,24.9284)->(8,20,25.4464)->(7,20,26.0142)->(6,20,26.6964)->(5,20,28.0142)->(4,20,30.2284)->(4,21,32.4426)->(4,22,33.7605)->(4,23,34.4426)->(4,24,35.0105)->(4,25,35.5464)->(4,26,36.1142)->(4,27,36.7964)->(4,28,38.1142)->(4,29,5018.76)->
Agent 33:(1,5,1.8)->(2,5,3.01421)->(3,5,4.33205)->(4,5,5.01421)->(5,5,5.58205)->(6,5,6.1)->(7,5,6.6)->(8,5,7.1)->(9,5,7.6)->(10,5,8.1)->(11,5,8.6)->(12,5,9.1)->(13,5,9.6)->(14,5,10.1)->(15,5,10.6)->(16,5,11.1)->(17,5,11.6)->(18,5,12.1)->(19,5,12.6)->(20,5,13.1)->(21,5,13.6)->(22,5,14.1)->(23,5,14.6)->(24,5,15.1)->(25,5,15.6)->(26,5,16.1179)->(27,5,16.6858)->(28,5,17.3679)->(29,5,18.6858)->(30,5,24.15)->(30,6,29.6142)->(30,7,30.9321)->(30,8,31.6641)->(30,9,32.3962)->(30,10,33.714)->(30,11,5016.56)->
Agent 34:(20,4,2.21421)->(19,4,4.81421)->(19,3,8.02843)->(19,2,20.1726)->(19,3,32.3167)->(19,4,5016.16)->
Agent 35:(5,19,1.8)->(4,19,3.6)->(3,19,6.4)->(3,18,8.61421)->(3,17,9.93205)->(3,16,10.6142)->(3,15,11.1821)->(3,14,11.7)->(3,13,12.2)->(3,12,12.7)->(3,11,13.2)->(3,10,13.7)->(3,9,14.2)->(3,8,14.7)->(3,7,15.2)->(3,6,15.7)->(3,5,16.2)->(3,4,16.7179)->(3,3,17.2858)->(3,2,17.9679)->(3,1,19.2858)->(3,0,21.5)->(4,0,23.7495)->(5,0,25.7495)->(6,0,37.3958)->(6,1,5023.38)->
Agent 36:(31,9,2.21421)->(30,9,4.81421)->(30,10,7.44264)->(30,11,8.76048)->(30,12,9.44264)->(30,13,10.0105)->(30,14,10.5284)->(30,15,11.0284)->(30,16,11.5284)->(30,17,12.0284)->(30,18,12.5284)->(30,19,13.0464)->(30,20,13.6142)->(30,21,14.2964)->(30,22,15.6142)->(30,23,18.7765)->(29,23,21.9388)->(28,23,23.2566)->(27,23,23.9388)->(26,23,24.5066)->(25,23,25.0246)->(24,23,25.5246)->(23,23,26.0246)->(22,23,26.5246)->(21,23,27.0425)->(20,23,27.6103)->(19,23,28.2925)->(18,23,29.6103)->(17,23,5014.51)->
Agent 37:(29,7,2.2)->(29,6,3.81421)->(29,5,5.14806)->(29,4,5.97649)->(29,3,7.31034)->(29,2,12.2821)->(28,2,17.2538)->(27,2,18.5876)->(26,2,19.416)->(25,2,20.7499)->(24,2,5010.08)->
Agent 38:(24,22,1.8)->(23,22,3.01421)->(22,22,4.33205)->(21,22,5.01421)->(20,22,5.58205)->(19,22,6.1)->(18,22,6.61795)->(17,22,7.18579)->(16,22,7.86795)->(15,22,9.18579)->(14,22,12.15)->(14,21,15.1142)->(14,20,16.4321)->(14,19,17.1142)->(14,18,17.6821)->(14,17,18.2)->(14,16,18.7)->(14,15,19.2)->(14,14,19.7)->(14,13,20.2)->(14,12,20.7)->(14,11,21.2)->(14,10,21.7)->(14,9,22.2)->(14,8,22.7)->(14,7,23.2179)->(14,6,23.7858)->(14,5,24.4679)->(14,4,25.7858)->(14,3,31.4226)->(14,4,5017.41)->
Agent 39:(16,19,2.8)->(16,18,5.01421)->(16,17,6.33205)->(16,16,7.01421)->(16,15,7.58205)->(16,14,8.1)->(16,13,8.6)->(16,12,9.11795)->(16,11,9.68579)->(16,10,10.3679)->(16,9,11.6858)->(16,8,15.4263)->(17,8,19.1668)->(18,8,20.4846)->(19,8,21.1668)->(20,8,21.7346)->(21,8,22.2526)->(22,8,22.7526)->(23,8,23.2705)->(24,8,23.8384)->(25,8,24.5205)->(26,8,25.8384)->(27,8,28.0526)->(27,9,30.8526)->(27,10,5015.43)->
Agent 40:(31,28,6.1)->(30,28,11.6142)->(29,28,12.9321)->(28,28,13.6142)->(27,28,14.1821)->(26,28,14.7)->(25,28,15.2)->(24,28,15.7)->(23,28,16.2)->(22,28,16.7)->(21,28,17.2)->(20,28,17.7)->(19,28,18.2)->(18,28,18.7)->(17,28,19.2)->(16,28,19.7)->(15,28,20.2)->(14,28,20.7)->(13,28,21.2)->(12,28,21.7179)->(11,28,22.2858)->(10,28,22.9679)->(9,28,24.2858)->(8,28,28.8284)->(8,27,33.3711)->(8,26,34.6889)->(8,25,35.3711)->(8,24,35.9389)->(8,23,36.4569)->(8,22,36.9569)->(8,21,37.4569)->(8,20,37.9569)->(8,19,38.4569)->(8,18,38.9569)->(8,17,39.4569)->(8,16,39.9569)->(8,15,40.4569)->(8,14,40.9569)->(8,13,41.4569)->(8,12,41.9569)->(8,11,42.4748)->(8,10,43.0426)->(8,9,43.7248)->(8,8,45.0426)->(8,7,47.6711)->(9,7,51.2711)->(9,6,53.8995)->(9,5,55.2333)->(9,4,56.0618)->(9,3,57.3956)->(9,2,5028.4)->
Agent 41:(4,6,2.4142)->(5,6,4.24261)->(6,6,5.56045)->(7,6,6.24261)->(8,6,6.81045)->(9,6,7.3284)->(10,6,7.8284)->(11,6,8.3284)->(12,6,8.8284)->(13,6,9.3284)->(14,6,9.8284)->(15,6,10.3284)->(16,6,10.8284)->(17,6,11.3284)->(18,6,11.8284)->(19,6,12.3284)->(20,6,12.8284)->(21,6,13.3284)->(22,6,13.8284)->(23,6,14.3463)->(24,6,14.9142)->(25,6,15.5963)->(26,6,16.9142)->(27,6,19.1284)->(27,7,21.3426)->(27,8,22.6605)->(27,9,23.3426)->(27,10,23.9105)->(27,11,24.4284)->(27,12,24.9284)->(27,13,25.4463)->(27,14,26.0142)->(27,15,26.6963)->(27,16,28.0142)->(27,17,5013.71)->
Agent 42:(19,18,2.34989)->(19,17,4.11399)->(19,16,5.43183)->(19,15,6.11399)->(19,14,6.69978)->(19,13,7.28556)->(19,12,7.96773)->(19,11,9.28556)->(19,10,11.4998)->(18,10,13.714)->(17,10,15.0318)->(16,10,15.714)->(15,10,16.2818)->(14,10,16.8177)->(13,10,17.3856)->(12,10,18.0677)->(11,10,19.3856)->(10,10,22.1641)->(10,11,5011.35)->
Agent 43:(11,26,1.8)->(12,26,3.01421)->(13,26,4.33205)->(14,26,5.01421)->(15,26,5.6)->(16,26,6.18579)->(17,26,6.86795)->(18,26,8.18579)->(19,26,11.65)->(19,25,15.1142)->(19,24,16.4321)->(19,23,17.1142)->(19,22,17.6821)->(19,21,18.2179)->(19,20,18.7858)->(19,19,19.4679)->(19,18,20.7858)->(19,17,5010.1)->
Agent 44:(22,1,2.4142)->(21,1,4.24261)->(20,1,5.57646)->(19,1,6.40489)->(18,1,7.73874)->(17,1,9.95296)->(17,2,12.1672)->(17,3,13.485)->(17,4,14.1672)->(17,5,14.735)->(17,6,15.253)->(17,7,15.753)->(17,8,16.253)->(17,9,16.753)->(17,10,17.253)->(17,11,17.753)->(17,12,18.253)->(17,13,18.753)->(17,14,19.253)->(17,15,19.753)->(17,16,20.253)->(17,17,20.753)->(17,18,21.253)->(17,19,21.753)->(17,20,22.253)->(17,21,22.7709)->(17,22,23.3387)->(17,23,24.0209)->(17,24,25.3387)->(17,25,5012.38)->
Agent 45:(1,4,2.21421)->(2,4,7.21784)->(2,5,12.2499)->(2,6,13.5677)->(2,7,14.2499)->(2,8,14.8177)->(2,9,15.3536)->(2,10,15.9215)->(2,11,16.6036)->(2,12,17.9215)->(2,13,20.5499)->(1,13,5010.47)->
Agent 46:(0,20,1.88216)->(1,20,3.17854)->(2,20,4.49638)->(3,20,5.17854)->(4,20,5.76433)->(5,20,6.35011)->(6,20,7.03227)->(7,20,8.35011)->(8,20,10.5643)->(8,19,12.7785)->(8,18,14.1928)->(8,17,15.607)->(8,16,18.4748)->(7,16,5009.55)->
Agent 47:(24,24,2.2)->(24,23,3.81421)->(24,22,5.14806)->(24,21,5.97649)->(24,20,7.31034)->(24,19,13.9049)->(23,19,20.4995)->(22,19,21.8173)->(21,19,22.4995)->(20,19,23.0673)->(19,19,23.5853)->(18,19,24.0853)->(17,19,24.5853)->(16,19,25.0853)->(15,19,25.6032)->(14,19,26.1711)->(13,19,26.8532)->(12,19,28.1711)->(11,19,30.7995)->(11,20,5015.59)->
Agent 48:(22,8,2.61421)->(22,7,5.61421)->(21,7,8.82843)->(20,7,11.6284)->(20,8,13.8426)->(20,9,15.1605)->(20,10,15.8925)->(20,11,16.6246)->(20,12,17.9424)->(20,13,20.5283)->(19,13,23.7)->(18,13,28)->(18,14,31.7142)->(18,15,33.0321)->(18,16,33.7142)->(18,17,34.2821)->(18,18,34.8)->(18,19,35.3)->(18,20,35.8)->(18,21,36.3)->(18,22,36.8)->(18,23,37.3)->(18,24,37.8)->(18,25,38.3179)->(18,26,38.8858)->(18,27,39.5679)->(18,28,40.8858)->(18,29,43.1)->(17,29,45.9)->(16,29,5022.95)->
Agent 49:(15,12,2.29039)->(16,12,3.995)->(17,12,5.31284)->(18,12,6.00461)->(19,12,6.64028)->(20,12,7.33205)->(21,12,8.64989)->(22,12,10.8641)->(22,13,13.0783)->(22,14,14.3962)->(22,15,15.1282)->(22,16,15.8603)->(22,17,17.1781)->(22,18,20.5604)->(22,17,5010.85)->
Agent 50:(21,1,1.3)->(21,2,2.01421)->(21,3,3.33205)->(21,4,4.01421)->(21,5,4.58205)->(21,6,5.1)->(21,7,5.61795)->(21,8,6.18579)->(21,9,6.86795)->(21,10,8.18579)->(21,11,10.4)->(22,11,12.6142)->(23,11,13.9481)->(24,11,14.7765)->(25,11,16.1103)->(26,11,18.7388)->(26,10,5009.56)->
Agent 51:(28,17,1.3)->(28,18,2.01421)->(28,19,3.33205)->(28,20,4.01421)->(28,21,4.58205)->(28,22,5.1)->(28,23,5.6)->(28,24,6.1)->(28,25,6.6)->(28,26,7.11795)->(28,27,7.68579)->(28,28,8.36795)->(28,29,9.68579)->(28,30,11.9)->(27,30,14.1142)->(26,30,15.4321)->(25,30,16.1142)->(24,30,16.6821)->(23,30,17.2)->(22,30,17.7)->(21,30,18.2)->(20,30,18.7)->(19,30,19.2)->(18,30,19.7)->(17,30,20.2)->(16,30,20.7179)->(15,30,21.2858)->(14,30,21.9679)->(13,30,23.2858)->(12,30,5011.35)->
Agent 52:(31,31,6.58205)->(31,30,12.5783)->(31,29,13.8962)->(31,28,14.5783)->(31,27,15.1462)->(31,26,15.6641)->(31,25,16.1641)->(31,24,16.6641)->(31,23,17.1641)->(31,22,17.6641)->(31,21,18.1641)->(31,20,18.6641)->(31,19,19.1641)->(31,18,19.6641)->(31,17,20.1641)->(31,16,20.6641)->(31,15,21.1641)->(31,14,21.6641)->(31,13,22.1641)->(31,12,22.6641)->(31,11,23.1641)->(31,10,23.6641)->(31,9,24.1641)->(31,8,24.6641)->(31,7,25.1641)->(31,6,25.6641)->(31,5,26.1821)->(31,4,26.7499)->(31,3,27.4321)->(31,2,28.7499)->(31,1,30.9641)->(30,1,33.1783)->(29,1,34.4962)->(28,1,35.1783)->(27,1,35.7462)->(26,1,36.2641)->(25,1,36.7641)->(24,1,37.2641)->(23,1,37.7641)->(22,1,38.2641)->(21,1,38.7641)->(20,1,39.2641)->(19,1,39.7641)->(18,1,40.2641)->(17,1,40.7641)->(16,1,41.2641)->(15,1,41.7641)->(14,1,42.2641)->(13,1,42.7641)->(12,1,43.2641)->(11,1,43.7641)->(10,1,44.2641)->(9,1,44.7641)->(8,1,45.2641)->(7,1,45.7641)->(6,1,46.2641)->(5,1,46.7821)->(4,1,47.3499)->(3,1,48.0321)->(2,1,49.3499)->(1,1,5024.38)->
Agent 53:(9,29,4.6)->(9,28,8.61421)->(9,27,9.93205)->(9,26,10.6142)->(9,25,11.1821)->(9,24,11.7)->(9,23,12.2)->(9,22,12.7)->(9,21,13.2)->(9,20,13.7)->(9,19,14.2)->(9,18,14.7179)->(9,17,15.2858)->(9,16,15.9679)->(9,15,17.2858)->(9,14,19.5)->(10,14,21.7142)->(11,14,23.0321)->(12,14,23.7142)->(13,14,24.2821)->(14,14,24.8)->(15,14,25.3)->(16,14,25.8)->(17,14,26.3)->(18,14,26.8)->(19,14,27.3179)->(20,14,27.8858)->(21,14,28.5679)->(22,14,29.8858)->(23,14,5014.65)->
Agent 54:(12,24,2.2)->(12,23,3.81421)->(12,22,5.13205)->(12,21,5.81421)->(12,20,6.38205)->(12,19,6.9)->(12,18,7.4)->(12,17,7.91795)->(12,16,8.48579)->(12,15,9.16795)->(12,14,10.4858)->(12,13,12.7)->(11,13,14.9142)->(10,13,16.2481)->(9,13,17.0765)->(8,13,18.4103)->(7,13,21.7265)->(7,14,5011.4)->
Agent 55:(9,5,1.3)->(9,6,2.01421)->(9,7,3.33205)->(9,8,4.01421)->(9,9,4.58205)->(9,10,5.1)->(9,11,5.6)->(9,12,6.1)->(9,13,6.61795)->(9,14,7.18579)->(9,15,7.86795)->(9,16,9.18579)->(9,17,11.65)->(10,17,14.1142)->(11,17,15.4321)->(12,17,16.1142)->(13,17,16.6821)->(14,17,17.2)->(15,17,17.7)->(16,17,18.2)->(17,17,18.7)->(18,17,19.2)->(19,17,19.7)->(20,17,20.2)->(21,17,20.7)->(22,17,21.2)->(23,17,21.7)->(24,17,22.2)->(25,17,22.7179)->(26,17,23.2858)->(27,17,23.9679)->(28,17,25.2858)->(29,17,5012.35)->
Agent 56:(27,7,3.17843)->(27,8,5.77107)->(27,9,7.08891)->(27,10,7.77107)->(27,11,8.33891)->(27,12,8.85685)->(27,13,9.35685)->(27,14,9.85685)->(27,15,10.3569)->(27,16,10.8569)->(27,17,11.3569)->(27,18,11.8569)->(27,19,12.3569)->(27,20,12.8569)->(27,21,13.3569)->(27,22,13.8569)->(27,23,14.3748)->(27,24,14.9426)->(27,25,15.6248)->(27,26,16.9426)->(27,27,19.1569)->(26,27,21.3711)->(25,27,22.6889)->(24,27,23.3711)->(23,27,23.9389)->(22,27,24.4569)->(21,27,24.9569)->(20,27,25.4569)->(19,27,25.9569)->(18,27,26.4569)->(17,27,26.9569)->(16,27,27.4569)->(15,27,27.9569)->(14,27,28.4569)->(13,27,28.9569)->(12,27,29.4569)->(11,27,29.9569)->(10,27,30.4569)->(9,27,30.9569)->(8,27,31.4569)->(7,27,31.9569)->(6,27,32.4569)->(5,27,32.9569)->(4,27,33.4748)->(3,27,34.0426)->(2,27,34.7248)->(1,27,36.0426)->(0,27,5017.73)->
Agent 57:(7,24,2.2)->(7,23,3.81421)->(7,22,5.13205)->(7,21,5.81421)->(7,20,6.4)->(7,19,6.98579)->(7,18,7.66795)->(7,17,8.98579)->(7,16,11.8)->(6,16,14.6495)->(5,16,16.6495)->(4,16,5008.05)->
Agent 58:(17,12,1.3)->(17,13,2.6)->(17,14,7.8641)->(18,14,12.5424)->(19,14,13.8603)->(20,14,14.5424)->(21,14,15.1103)->(22,14,15.6462)->(23,14,16.214)->(24,14,16.8962)->(25,14,18.214)->(26,14,21.2424)->(25,14,5011.01)->
Agent 59:(18,2,9.36795)->(18,3,18.1501)->(18,4,19.4679)->(18,5,20.2)->(18,6,20.9321)->(18,7,22.2499)->(18,8,5010.83)->
Agent 60:(20,27,6.85)->(20,26,13.1142)->(20,25,14.4321)->(20,24,15.1142)->(20,23,15.6821)->(20,22,16.2)->(20,21,16.7)->(20,20,17.2)->(20,19,17.7179)->(20,18,18.2858)->(20,17,18.9679)->(20,16,20.2858)->(20,15,22.5)->(21,15,24.7142)->(22,15,26.0321)->(23,15,26.7238)->(24,15,27.3595)->(25,15,28.0513)->(26,15,29.3691)->(27,15,5014.39)->
Agent 61:(18,30,4.06795)->(18,29,7.55011)->(18,28,8.86795)->(18,27,9.55011)->(18,26,10.1179)->(18,25,10.6359)->(18,24,11.1359)->(18,23,11.6359)->(18,22,12.1359)->(18,21,12.6359)->(18,20,13.1359)->(18,19,13.6359)->(18,18,14.1359)->(18,17,14.6538)->(18,16,15.2217)->(18,15,15.9038)->(18,14,17.2217)->(18,13,20.1679)->(17,13,23.1142)->(16,13,24.4481)->(15,13,25.2765)->(14,13,26.6103)->(13,13,5013.01)->
Agent 62:(14,17,1.8)->(13,17,3.04949)->(12,17,5.04949)->(11,17,7.29898)->(11,18,9.54847)->(11,19,11.5485)->(11,20,13.798)->(10,20,16.0122)->(9,20,17.33)->(8,20,18.0122)->(7,20,18.598)->(6,20,19.1837)->(5,20,19.8659)->(4,20,21.1837)->(3,20,5010.3)->
Agent 63:(28,0,1.3)->(28,1,2.01421)->(28,2,3.33205)->(28,3,4.02382)->(28,4,4.65949)->(28,5,5.35126)->(28,6,6.6691)->(28,7,9.37756)->(27,7,12.086)->(26,7,13.4038)->(25,7,14.086)->(24,7,14.6538)->(23,7,15.1718)->(22,7,15.6718)->(21,7,16.1718)->(20,7,16.6718)->(19,7,17.1718)->(18,7,17.6718)->(17,7,18.1718)->(16,7,18.6718)->(15,7,19.1718)->(14,7,19.6718)->(13,7,20.1718)->(12,7,20.6718)->(11,7,21.1718)->(10,7,21.6897)->(9,7,22.2576)->(8,7,22.9397)->(7,7,24.2576)->(6,7,26.886)->(6,8,5013.64)->
Agent 64:(13,9,1.8)->(14,9,3.01421)->(15,9,4.42843)->(16,9,5.84264)->(17,9,8.05685)->(17,10,10.3063)->(17,11,12.3063)->(17,12,14.5558)->(16,12,17.3558)->(15,12,23.1995)->(15,11,28.4574)->(15,10,29.8716)->(15,9,31.2858)->(15,8,38.5321)->(14,8,46.3641)->(13,8,5023.18)->
Agent 65:(21,12,1.71421)->(21,13,6.9)->(21,12,12.6142)->(21,11,14.0284)->(21,10,15.4426)->(21,9,17.9943)->(20,9,20.546)->(19,9,21.8639)->(18,9,22.546)->(17,9,23.1139)->(16,9,23.6498)->(15,9,24.2176)->(14,9,24.8998)->(13,9,26.2176)->(12,9,5012.82)->
Agent 66:(26,0,2.21421)->(25,0,4.81421)->(25,1,7.44264)->(25,2,8.76048)->(25,3,9.44264)->(25,4,10.0105)->(25,5,10.5284)->(25,6,11.0284)->(25,7,11.5284)->(25,8,12.0284)->(25,9,12.5284)->(25,10,13.0284)->(25,11,13.5284)->(25,12,14.0284)->(25,13,14.5284)->(25,14,15.0284)->(25,15,15.5284)->(25,16,16.0464)->(25,17,16.6142)->(25,18,17.2964)->(25,19,18.6142)->(25,20,21.2426)->(26,20,5010.81)->
Agent 67:(10,27,2.3)->(10,26,4.01421)->(10,25,5.33205)->(10,24,6.01421)->(10,23,6.58205)->(10,22,7.1)->(10,21,7.6)->(10,20,8.1)->(10,19,8.6)->(10,18,9.1)->(10,17,9.6)->(10,16,10.1)->(10,15,10.6)->(10,14,11.1)->(10,13,11.6179)->(10,12,12.1858)->(10,11,12.8679)->(10,10,14.1858)->(10,9,16.8142)->(11,9,20.8284)->(11,10,5010.81)->
Agent 68:(18,27,1.8)->(17,27,3.01421)->(16,27,4.34806)->(15,27,5.17649)->(14,27,6.51034)->(13,27,8.72456)->(13,28,10.9388)->(13,29,12.353)->(13,30,13.7672)->(13,31,5006.59)->
Agent 69:(5,29,2.2)->(5,28,3.81421)->(5,27,5.13205)->(5,26,5.81421)->(5,25,6.38205)->(5,24,6.9)->(5,23,7.4)->(5,22,7.9)->(5,21,8.4)->(5,20,8.9)->(5,19,9.4)->(5,18,9.9)->(5,17,10.4)->(5,16,10.9)->(5,15,11.4)->(5,14,11.9)->(5,13,12.4)->(5,12,12.9179)->(5,11,13.4858)->(5,10,14.1679)->(5,9,15.4858)->(5,8,19.05)->(6,8,22.6142)->(7,8,23.9321)->(8,8,24.6142)->(9,8,25.1821)->(10,8,25.7)->(11,8,26.2)->(12,8,26.7179)->(13,8,27.2858)->(14,8,27.9679)->(15,8,29.2858)->(16,8,5014.35)->
Agent 70:(26,22,2.31795)->(26,21,4.05011)->(26,20,5.36795)->(26,19,6.05011)->(26,18,6.61795)->(26,17,7.1359)->(26,16,7.6359)->(26,15,8.1359)->(26,14,8.6359)->(26,13,9.1359)->(26,12,9.6359)->(26,11,10.1359)->(26,10,10.6359)->(26,9,11.1359)->(26,8,11.6359)->(26,7,12.1538)->(26,6,12.7217)->(26,5,13.4038)->(26,4,14.7217)->(26,3,16.9359)->(27,3,19.7359)->(28,3,5009.87)->
Agent 71:(10,24,2.2)->(11,24,4.4)->(12,24,9.05)->(12,23,13.1142)->(12,22,14.4321)->(12,21,15.1142)->(12,20,15.6821)->(12,19,16.2)->(12,18,16.7)->(12,17,17.2)->(12,16,17.7)->(12,15,18.2)->(12,14,18.7)->(12,13,19.2)->(12,12,19.7)->(12,11,20.2179)->(12,10,20.7858)->(12,9,21.4679)->(12,8,22.7858)->(12,7,25.4142)->(13,7,5012.9)->
Agent 72:(4,14,2.2)->(4,13,3.84949)->(4,12,5.84949)->(4,11,12.2495)->(5,11,18.6142)->(6,11,19.9321)->(7,11,20.6142)->(8,11,21.1821)->(9,11,21.7)->(10,11,22.2)->(11,11,22.7)->(12,11,23.2)->(13,11,23.7)->(14,11,24.2)->(15,11,24.7)->(16,11,25.2)->(17,11,25.7)->(18,11,26.2)->(19,11,26.7)->(20,11,27.2)->(21,11,27.7)->(22,11,28.2)->(23,11,28.7)->(24,11,29.2179)->(25,11,29.7858)->(26,11,30.4679)->(27,11,31.7858)->(28,11,5015.6)->
Agent 73:(0,2,1.3)->(0,3,2.01421)->(0,4,3.33205)->(0,5,4.01421)->(0,6,4.58205)->(0,7,5.1)->(0,8,5.6)->(0,9,6.1)->(0,10,6.61795)->(0,11,7.18579)->(0,12,7.86795)->(0,13,9.18579)->(0,14,13.7)->(1,14,18.2142)->(2,14,19.5321)->(3,14,20.2142)->(4,14,20.7821)->(5,14,21.3)->(6,14,21.8)->(7,14,22.3)->(8,14,22.8)->(9,14,23.3)->(10,14,23.8)->(11,14,24.3)->(12,14,24.8)->(13,14,25.3)->(14,14,25.8)->(15,14,26.3179)->(16,14,26.8858)->(17,14,27.5679)->(18,14,28.8858)->(19,14,5014.15)->
Agent 74:(2,23,1.8)->(1,23,3.6)->(0,23,9.2)->(0,22,14.2142)->(0,21,15.5321)->(0,20,16.2142)->(0,19,16.7821)->(0,18,17.3)->(0,17,17.8)->(0,16,18.3)->(0,15,18.8)->(0,14,19.3)->(0,13,19.8)->(0,12,20.3)->(0,11,20.8)->(0,10,21.3)->(0,9,21.8)->(0,8,22.3)->(0,7,22.8)->(0,6,23.3)->(0,5,23.8179)->(0,4,24.3858)->(0,3,25.0679)->(0,2,26.3858)->(0,1,5012.9)->
Agent 75:(26,11,1.8)->(25,11,3.01421)->(24,11,4.33205)->(23,11,5.01421)->(22,11,5.58205)->(21,11,6.1)->(20,11,6.6)->(19,11,7.1)->(18,11,7.6)->(17,11,8.1)->(16,11,8.6)->(15,11,9.1)->(14,11,9.6)->(13,11,10.1)->(12,11,10.6)->(11,11,11.1)->(10,11,11.6179)->(9,11,12.1858)->(8,11,12.8679)->(7,11,14.1858)->(6,11,16.4)->(6,10,18.6142)->(6,9,19.9321)->(6,8,20.6142)->(6,7,21.1821)->(6,6,21.7179)->(6,5,22.2858)->(6,4,22.9679)->(6,3,24.2858)->(6,2,31.2763)->(6,3,38.8526)->(6,4,5019.43)->
Agent 76:(25,30,2.2)->(25,29,3.81421)->(25,28,5.13205)->(25,27,5.81421)->(25,26,6.4)->(25,25,6.98579)->(25,24,7.66795)->(25,23,8.98579)->(25,22,12.0583)->(24,22,15.1309)->(23,22,16.4487)->(22,22,17.1309)->(21,22,17.6987)->(20,22,18.2167)->(19,22,18.7167)->(18,22,19.2167)->(17,22,19.7167)->(16,22,20.2167)->(15,22,20.7167)->(14,22,21.2167)->(13,22,21.7167)->(12,22,22.2167)->(11,22,22.7167)->(10,22,23.2167)->(9,22,23.7167)->(8,22,24.2167)->(7,22,24.7346)->(6,22,25.3025)->(5,22,25.9846)->(4,22,27.3025)->(3,22,5013.36)->
Agent 77:(23,2,1.3)->(23,3,2.01421)->(23,4,3.33205)->(23,5,4.01421)->(23,6,4.58205)->(23,7,5.1)->(23,8,5.61795)->(23,9,6.18579)->(23,10,6.86795)->(23,11,8.18579)->(23,12,13.6583)->(22,12,19.1309)->(21,12,20.4487)->(20,12,21.1405)->(19,12,21.7762)->(18,12,22.4679)->(17,12,23.7858)->(16,12,5011.6)->
Agent 78:(15,21,2.55)->(15,20,4.51421)->(15,19,5.83205)->(15,18,6.51421)->(15,17,7.08205)->(15,16,7.6)->(15,15,8.1)->(15,14,8.6)->(15,13,9.1)->(15,12,9.6)->(15,11,10.1)->(15,10,10.6179)->(15,9,11.1858)->(15,8,11.8679)->(15,7,13.1858)->(15,6,15.4)->(16,6,17.6142)->(17,6,18.9321)->(18,6,19.6142)->(19,6,20.1821)->(20,6,20.7)->(21,6,21.2)->(22,6,21.7)->(23,6,22.2)->(24,6,22.7)->(25,6,23.2)->(26,6,23.7)->(27,6,24.2179)->(28,6,24.7858)->(29,6,25.4679)->(30,6,26.7858)->(31,6,5013.1)->
Agent 79:(21,30,2.2)->(21,29,3.81421)->(21,28,5.13205)->(21,27,5.8641)->(21,26,6.59615)->(21,25,7.91399)->(21,24,10.5424)->(22,24,5005.46)->
Agent 80:(11,3,1.3)->(11,4,2.01421)->(11,5,3.33205)->(11,6,4.01421)->(11,7,4.58205)->(11,8,5.1)->(11,9,5.6)->(11,10,6.1)->(11,11,6.6)->(11,12,7.11795)->(11,13,7.68579)->(11,14,8.36795)->(11,15,9.68579)->(11,16,12.9)->(10,16,16.7)->(9,16,5008.35)->
Agent 81:(14,26,2.2)->(14,25,3.81421)->(14,24,5.13205)->(14,23,5.81421)->(14,22,6.38205)->(14,21,6.9)->(14,20,7.4)->(14,19,7.9)->(14,18,8.4)->(14,17,8.9)->(14,16,9.4)->(14,15,9.9)->(14,14,10.4)->(14,13,10.9)->(14,12,11.4)->(14,11,11.9)->(14,10,12.4)->(14,9,12.9)->(14,8,13.4)->(14,7,13.9)->(14,6,14.4)->(14,5,14.9179)->(14,4,15.4858)->(14,3,16.1679)->(14,2,17.4858)->(14,1,19.7)->(15,1,21.9142)->(16,1,23.2321)->(17,1,23.9142)->(18,1,24.4821)->(19,1,25)->(20,1,25.5)->(21,1,26.0179)->(22,1,26.5858)->(23,1,27.2679)->(24,1,28.5858)->(25,1,31.2142)->(25,0,35.8463)->(25,1,5018.63)->
Agent 82:(7,31,2.38216)->(7,30,4.17854)->(7,29,5.49638)->(7,28,6.17854)->(7,27,6.74638)->(7,26,7.26433)->(7,25,7.76433)->(7,24,8.26433)->(7,23,8.76433)->(7,22,9.26433)->(7,21,9.78227)->(7,20,10.3501)->(7,19,11.0323)->(7,18,12.3501)->(7,17,14.5643)->(6,17,17.3643)->(5,17,20.5785)->(5,16,5010.48)->
Agent 83:(7,2,5.8)->(7,3,11.0142)->(7,4,12.3321)->(7,5,13.0142)->(7,6,13.5821)->(7,7,14.1)->(7,8,14.6)->(7,9,15.1)->(7,10,15.6)->(7,11,16.1)->(7,12,16.6)->(7,13,17.1)->(7,14,17.6)->(7,15,18.1)->(7,16,18.6)->(7,17,19.1)->(7,18,19.6)->(7,19,20.1)->(7,20,20.6)->(7,21,21.1)->(7,22,21.6)->(7,23,22.1)->(7,24,22.6)->(7,25,23.1179)->(7,26,23.6858)->(7,27,24.3679)->(7,28,25.6858)->(7,29,28.3142)->(8,29,5014.35)->
Agent 84:(31,27,2.2)->(31,26,3.81421)->(31,25,5.13205)->(31,24,5.81421)->(31,23,6.38205)->(31,22,6.9)->(31,21,7.4)->(31,20,7.9)->(31,19,8.4)->(31,18,8.9)->(31,17,9.4)->(31,16,9.9)->(31,15,10.4)->(31,14,10.9)->(31,13,11.4)->(31,12,11.9)->(31,11,12.4179)->(31,10,12.9858)->(31,9,13.6679)->(31,8,14.9858)->(31,7,19.5321)->(30,7,24.0783)->(29,7,25.3962)->(28,7,26.0783)->(27,7,26.6462)->(26,7,27.1641)->(25,7,27.6641)->(24,7,28.1641)->(23,7,28.6821)->(22,7,29.2499)->(21,7,29.9321)->(20,7,31.2499)->(19,7,5015.33)->
Agent 85:(1,7,2.2)->(1,6,3.81421)->(1,5,5.13205)->(1,4,5.82382)->(1,3,6.45949)->(1,2,7.15126)->(1,1,8.4691)->(1,0,10.6833)->(2,0,12.8975)->(3,0,14.2154)->(4,0,14.8975)->(5,0,15.4654)->(6,0,15.9833)->(7,0,16.4833)->(8,0,16.9833)->(9,0,17.4833)->(10,0,17.9833)->(11,0,18.4833)->(12,0,18.9833)->(13,0,19.4833)->(14,0,19.9833)->(15,0,20.4833)->(16,0,20.9833)->(17,0,21.4833)->(18,0,21.9833)->(19,0,22.4833)->(20,0,22.9833)->(21,0,23.4833)->(22,0,23.9833)->(23,0,24.4833)->(24,0,24.9833)->(25,0,25.5013)->(26,0,26.0691)->(27,0,26.7513)->(28,0,28.0691)->(29,0,5013.74)->
Agent 86:(1,0,1.8)->(2,0,3.01421)->(3,0,4.33205)->(4,0,5.01421)->(5,0,5.58205)->(6,0,6.1)->(7,0,6.6)->(8,0,7.1)->(9,0,7.6)->(10,0,8.1)->(11,0,8.6)->(12,0,9.11795)->(13,0,9.68579)->(14,0,10.3679)->(15,0,11.6858)->(16,0,13.9)->(16,1,16.1142)->(16,2,17.4321)->(16,3,18.1142)->(16,4,18.6821)->(16,5,19.2)->(16,6,19.7)->(16,7,20.2)->(16,8,20.7)->(16,9,21.2)->(16,10,21.7)->(16,11,22.2)->(16,12,22.7)->(16,13,23.2)->(16,14,23.7)->(16,15,24.2)->(16,16,24.7)->(16,17,25.2179)->(16,18,25.7858)->(16,19,26.4679)->(16,20,27.7858)->(16,21,5013.6)->
Agent 87:(20,5,1.3)->(20,6,2.01421)->(20,7,3.33205)->(20,8,4.01421)->(20,9,4.58205)->(20,10,5.1)->(20,11,5.6)->(20,12,6.1)->(20,13,6.6)->(20,14,7.1)->(20,15,7.6)->(20,16,8.1)->(20,17,8.61795)->(20,18,9.18579)->(20,19,9.86795)->(20,20,11.1858)->(20,21,13.4)->(21,21,15.6142)->(22,21,16.9481)->(23,21,17.7765)->(24,21,19.1103)->(25,21,21.7388)->(25,22,5011.06)->
Agent 88:(10,18,2.2)->(10,17,3.81421)->(10,16,5.13205)->(10,15,5.81421)->(10,14,6.38205)->(10,13,6.9)->(10,12,7.41795)->(10,11,7.98579)->(10,10,8.66795)->(10,9,9.98579)->(10,8,12.6142)->(9,8,16.2142)->(9,9,19.4284)->(9,10,5009.71)->
Agent 89:(30,19,1.3)->(30,20,2.01421)->(30,21,3.33205)->(30,22,4.02382)->(30,23,4.65949)->(30,24,5.35126)->(30,25,6.6691)->(30,26,9.80587)->(29,26,12.9426)->(28,26,14.2605)->(27,26,14.9426)->(26,26,15.5105)->(25,26,16.0284)->(24,26,16.5464)->(23,26,17.1142)->(22,26,17.7964)->(21,26,19.1142)->(20,26,5009.26)->
