Agent 0:(24,4,2.21421)->(23,4,4.81421)->(23,5,7.47792)->(23,6,9.47792)->(23,7,5004.46)->
Agent 1:(16,26,1.8)->(15,26,3.01421)->(14,26,4.33205)->(13,26,5.01421)->(12,26,5.58205)->(11,26,6.1)->(10,26,6.61795)->(9,26,7.18579)->(8,26,7.86795)->(7,26,9.18579)->(6,26,11.6784)->(6,25,14.171)->(6,24,15.4889)->(6,23,16.171)->(6,22,16.7389)->(6,21,17.2748)->(6,20,17.8426)->(6,19,18.5248)->(6,18,19.8426)->(6,17,22.0568)->(5,17,24.271)->(4,17,25.6049)->(3,17,26.4333)->(2,17,27.7672)->(1,17,30.3956)->(1,18,5015.39)->
Agent 2:(21,30,2.21421)->(22,30,5.38579)->(22,29,8.58579)->(22,28,10)->(22,27,11.4142)->(22,26,18.7618)->(21,26,26.1093)->(20,26,27.4272)->(19,26,28.1093)->(18,26,28.6772)->(17,26,29.2131)->(16,26,29.7809)->(15,26,30.4631)->(14,26,31.7809)->(13,26,34.4093)->(13,27,5017.4)->
Agent 3:(3,18,1.8)->(4,18,3.04949)->(5,18,5.04949)->(6,18,7.4637)->(6,17,9.84264)->(6,16,11.1605)->(6,15,11.8426)->(6,14,12.4105)->(6,13,12.9464)->(6,12,13.5142)->(6,11,14.1964)->(6,10,15.5142)->(6,9,17.7284)->(7,9,19.9426)->(8,9,21.2605)->(9,9,21.9426)->(10,9,22.5105)->(11,9,23.0284)->(12,9,23.5464)->(13,9,24.1142)->(14,9,24.7964)->(15,9,26.1142)->(16,9,28.7426)->(16,8,5014.56)->
Agent 4:(11,24,1.8)->(12,24,3.6)->(13,24,7.87843)->(13,23,11.5711)->(13,22,12.8889)->(13,21,13.5711)->(13,20,14.1389)->(13,19,14.6569)->(13,18,15.1748)->(13,17,15.7426)->(13,16,16.4248)->(13,15,17.7426)->(13,14,21.5983)->(14,14,25.454)->(15,14,26.7718)->(16,14,27.454)->(17,14,28.0218)->(18,14,28.5398)->(19,14,29.0398)->(20,14,29.5398)->(21,14,30.0398)->(22,14,30.5398)->(23,14,31.0398)->(24,14,31.5398)->(25,14,32.0398)->(26,14,32.5398)->(27,14,33.0577)->(28,14,33.6256)->(29,14,34.3077)->(30,14,35.6256)->(31,14,38.254)->(31,13,5019.32)->
Agent 5:(16,20,3.28348)->(16,21,5.98117)->(16,22,7.31502)->(16,23,8.14344)->(16,24,9.47729)->(16,25,16.3796)->(15,25,23.8677)->(14,25,26.6677)->(14,26,28.9172)->(14,27,30.9172)->(14,28,5015.18)->
Agent 6:(21,12,2.38528)->(22,12,4.18477)->(23,12,5.5026)->(24,12,6.23465)->(25,12,6.9667)->(26,12,8.28454)->(27,12,10.4988)->(27,11,12.713)->(27,10,14.0308)->(27,9,14.713)->(27,8,15.2808)->(27,7,15.7988)->(27,6,16.2988)->(27,5,16.8167)->(27,4,17.3845)->(27,3,18.0667)->(27,2,19.3845)->(27,1,22.013)->(26,1,28.8667)->(26,0,5016.25)->
Agent 7:(18,16,1.4142)->(18,17,2.24261)->(18,18,3.57646)->(18,19,4.40489)->(18,20,5.73874)->(18,21,11.1154)->(18,20,16.492)->(18,19,17.8099)->(18,18,18.492)->(18,17,19.0599)->(18,16,19.5778)->(18,15,20.0778)->(18,14,20.5778)->(18,13,21.0778)->(18,12,21.5778)->(18,11,22.0778)->(18,10,22.5778)->(18,9,23.0778)->(18,8,23.5778)->(18,7,24.0778)->(18,6,24.5778)->(18,5,25.0957)->(18,4,25.6636)->(18,3,26.3457)->(18,2,27.6636)->(18,1,29.8778)->(17,1,32.092)->(16,1,33.4099)->(15,1,34.1016)->(14,1,34.7373)->(13,1,35.4291)->(12,1,36.7469)->(11,1,39.3753)->(11,2,5019.88)->
Agent 8:(19,3,5.61733)->(19,4,10.6489)->(19,5,11.9667)->(19,6,12.6489)->(19,7,13.2167)->(19,8,13.7347)->(19,9,14.2347)->(19,10,14.7347)->(19,11,15.2347)->(19,12,15.7347)->(19,13,16.2526)->(19,14,16.8204)->(19,15,17.5026)->(19,16,18.8204)->(19,17,21.4347)->(19,16,24.6347)->(19,15,27.8347)->(19,16,30.4489)->(19,17,31.7667)->(19,18,32.4489)->(19,19,33.0167)->(19,20,33.5347)->(19,21,34.0347)->(19,22,34.5347)->(19,23,35.0526)->(19,24,35.6204)->(19,25,36.3026)->(19,26,37.6204)->(19,27,5018.52)->
Agent 9:(20,31,2.2)->(20,30,3.81421)->(20,29,5.13205)->(20,28,5.81421)->(20,27,6.4)->(20,26,6.98579)->(20,25,7.66795)->(20,24,8.98579)->(20,23,11.2)->(19,23,13.4142)->(18,23,14.8284)->(17,23,16.2426)->(16,23,19.5784)->(16,22,22.9142)->(16,21,24.2321)->(16,20,24.9641)->(16,19,25.6962)->(16,18,27.014)->(16,17,29.6424)->(17,17,5015.01)->
Agent 10:(30,30,2.21421)->(31,30,5.61794)->(31,29,9.05008)->(31,28,10.3679)->(31,27,11.0501)->(31,26,11.6179)->(31,25,12.1359)->(31,24,12.6359)->(31,23,13.1359)->(31,22,13.6359)->(31,21,14.1359)->(31,20,14.6359)->(31,19,15.1359)->(31,18,15.6359)->(31,17,16.1359)->(31,16,16.6359)->(31,15,17.1359)->(31,14,17.6359)->(31,13,18.1359)->(31,12,18.6359)->(31,11,19.1359)->(31,10,19.6359)->(31,9,20.1359)->(31,8,20.6538)->(31,7,21.2217)->(31,6,21.9038)->(31,5,23.2217)->(31,4,25.4359)->(30,4,27.6854)->(29,4,29.6854)->(28,4,5014.57)->
Agent 11:(0,21,2.2)->(0,20,3.81421)->(0,19,5.13205)->(0,18,5.81421)->(0,17,6.38205)->(0,16,6.9)->(0,15,7.4)->(0,14,7.9)->(0,13,8.4)->(0,12,8.9)->(0,11,9.4)->(0,10,9.9)->(0,9,10.4)->(0,8,10.9)->(0,7,11.4179)->(0,6,11.9858)->(0,5,12.6679)->(0,4,13.9858)->(0,3,16.2)->(1,3,18.4142)->(2,3,19.7321)->(3,3,20.4142)->(4,3,20.9821)->(5,3,21.5)->(6,3,22)->(7,3,22.5)->(8,3,23)->(9,3,23.5)->(10,3,24)->(11,3,24.5)->(12,3,25)->(13,3,25.5)->(14,3,26)->(15,3,26.5)->(16,3,27)->(17,3,27.5179)->(18,3,28.0858)->(19,3,28.7679)->(20,3,30.0858)->(21,3,32.7142)->(21,2,36.3142)->(22,2,39.5284)->(23,2,42.7426)->(23,3,5021.56)->
Agent 12:(22,0,1.3)->(22,1,2.01421)->(22,2,3.33205)->(22,3,4.0641)->(22,4,4.79615)->(22,5,6.11399)->(22,6,8.96722)->(21,6,11.8204)->(20,6,13.1383)->(19,6,13.8204)->(18,6,14.3883)->(17,6,14.9062)->(16,6,15.4062)->(15,6,15.9242)->(14,6,16.492)->(13,6,17.1742)->(12,6,18.492)->(11,6,21.1204)->(11,5,28.0062)->(11,6,5015.84)->
Agent 13:(14,11,2.48567)->(14,10,4.42084)->(14,9,6.42084)->(14,8,8.67033)->(13,8,10.8845)->(12,8,12.2024)->(11,8,12.8845)->(10,8,13.4524)->(9,8,13.9883)->(8,8,14.5561)->(7,8,15.2383)->(6,8,16.5561)->(5,8,19.1845)->(5,7,28.1031)->(5,8,5016.9)->
Agent 14:(20,8,1.3)->(20,9,2.01421)->(20,10,3.33205)->(20,11,4.0641)->(20,12,4.79615)->(20,13,6.11399)->(20,14,8.3282)->(19,14,10.5424)->(18,14,11.8603)->(17,14,12.5424)->(16,14,13.1282)->(15,14,13.714)->(14,14,14.3962)->(13,14,15.714)->(12,14,21.5783)->(12,13,5012.6)->
Agent 15:(3,29,2.8)->(3,28,5.01421)->(3,27,6.33205)->(3,26,7.01421)->(3,25,7.58205)->(3,24,8.1)->(3,23,8.6)->(3,22,9.1)->(3,21,9.6)->(3,20,10.1)->(3,19,10.6)->(3,18,11.1)->(3,17,11.6)->(3,16,12.1)->(3,15,12.6)->(3,14,13.1)->(3,13,13.6)->(3,12,14.1)->(3,11,14.6)->(3,10,15.1)->(3,9,15.6)->(3,8,16.1)->(3,7,16.6)->(3,6,17.1)->(3,5,17.6)->(3,4,18.1179)->(3,3,18.6858)->(3,2,19.3679)->(3,1,20.6858)->(3,0,23.3142)->(2,0,5011.85)->
Agent 16:(6,14,1.3)->(6,15,2.6)->(6,16,5.4)->(7,16,7.61421)->(8,16,9.02843)->(9,16,10.4426)->(10,16,17.1964)->(10,17,23.9501)->(10,18,25.2679)->(10,19,25.9501)->(10,20,26.5179)->(10,21,27.0359)->(10,22,27.5359)->(10,23,28.0359)->(10,24,28.5359)->(10,25,29.0538)->(10,26,29.6217)->(10,27,30.3038)->(10,28,31.6217)->(10,29,33.8359)->(11,29,36.0501)->(12,29,37.384)->(13,29,38.2124)->(14,29,39.5462)->(15,29,5019.48)->
Agent 17:(14,19,3.28588)->(13,19,5.98598)->(12,19,7.30382)->(11,19,8.03587)->(10,19,8.76792)->(9,19,10.0858)->(8,19,12.3)->(8,18,14.5142)->(8,17,15.832)->(8,16,16.5142)->(8,15,17.082)->(8,14,17.6179)->(8,13,18.1858)->(8,12,18.8679)->(8,11,20.1858)->(8,10,5009.8)->
Agent 18:(17,0,1.95311)->(17,1,3.32044)->(17,2,4.63828)->(17,3,5.32044)->(17,4,5.88828)->(17,5,6.40623)->(17,6,6.90623)->(17,7,7.40623)->(17,8,7.92418)->(17,9,8.49201)->(17,10,9.17418)->(17,11,10.492)->(17,12,12.9728)->(16,12,15.4535)->(15,12,16.7713)->(14,12,17.4535)->(13,12,18.0213)->(12,12,18.5393)->(11,12,19.0393)->(10,12,19.5393)->(9,12,20.0572)->(8,12,20.6251)->(7,12,21.3072)->(6,12,22.6251)->(5,12,26.6839)->(5,13,30.7426)->(5,14,32.0605)->(5,15,32.7426)->(5,16,33.3105)->(5,17,33.8284)->(5,18,34.3284)->(5,19,34.8284)->(5,20,35.3464)->(5,21,35.9142)->(5,22,36.5964)->(5,23,37.9142)->(5,24,40.5426)->(6,24,5020.46)->
Agent 19:(26,13,2.2)->(26,12,3.81421)->(26,11,5.13205)->(26,10,5.81421)->(26,9,6.38205)->(26,8,6.9)->(26,7,7.4)->(26,6,7.9)->(26,5,8.41795)->(26,4,8.98579)->(26,3,9.66795)->(26,2,10.9858)->(26,1,13.2)->(27,1,15.4142)->(28,1,16.8284)->(29,1,18.2426)->(30,1,25.41)->(30,0,5015.17)->
Agent 20:(25,10,1.8)->(24,10,3.01421)->(23,10,4.33205)->(22,10,5.01421)->(21,10,5.58205)->(20,10,6.1)->(19,10,6.6)->(18,10,7.1)->(17,10,7.6)->(16,10,8.1)->(15,10,8.6)->(14,10,9.1)->(13,10,9.6)->(12,10,10.1)->(11,10,10.6)->(10,10,11.1)->(9,10,11.6)->(8,10,12.1179)->(7,10,12.6858)->(6,10,13.3679)->(5,10,14.6858)->(4,10,17.15)->(4,11,19.6142)->(4,12,21.0284)->(4,13,22.4426)->(4,14,24.6569)->(3,14,26.9063)->(2,14,28.9063)->(1,14,5014.18)->
Agent 21:(2,6,1.3)->(2,7,2.01421)->(2,8,3.34806)->(2,9,4.17649)->(2,10,5.51034)->(2,11,12.9765)->(3,11,20.4426)->(4,11,21.7605)->(5,11,22.4426)->(6,11,23.0105)->(7,11,23.5284)->(8,11,24.0284)->(9,11,24.5284)->(10,11,25.0284)->(11,11,25.5284)->(12,11,26.0284)->(13,11,26.5284)->(14,11,27.0284)->(15,11,27.5284)->(16,11,28.0284)->(17,11,28.5284)->(18,11,29.0284)->(19,11,29.5284)->(20,11,30.0284)->(21,11,30.5284)->(22,11,31.0284)->(23,11,31.5284)->(24,11,32.0284)->(25,11,32.5464)->(26,11,33.1142)->(27,11,33.7964)->(28,11,35.1142)->(29,11,5017.26)->
Agent 22:(30,20,1.3)->(30,21,2.01421)->(30,22,3.33205)->(30,23,4.01421)->(30,24,4.58205)->(30,25,5.11795)->(30,26,5.68579)->(30,27,6.36795)->(30,28,7.68579)->(30,29,9.9)->(29,29,12.1142)->(28,29,13.4321)->(27,29,14.1142)->(26,29,14.6821)->(25,29,15.2)->(24,29,15.7)->(23,29,16.2)->(22,29,16.7)->(21,29,17.2)->(20,29,17.7179)->(19,29,18.2858)->(18,29,18.9679)->(17,29,20.2858)->(16,29,24.6889)->(16,30,29.6778)->(16,31,5014.84)->
Agent 23:(19,8,1.71421)->(19,9,7.16733)->(20,9,20.7173)->(20,10,30.5284)->(20,11,35.2673)->(21,11,5018.59)->
Agent 24:(29,8,2.2)->(29,7,3.81421)->(29,6,5.22843)->(29,5,6.64264)->(29,4,14.4531)->(28,4,22.2636)->(27,4,23.5814)->(26,4,24.2636)->(25,4,24.8314)->(24,4,25.3494)->(23,4,25.8494)->(22,4,26.3494)->(21,4,26.8494)->(20,4,27.3494)->(19,4,27.8494)->(18,4,28.3494)->(17,4,28.8494)->(16,4,29.3494)->(15,4,29.8494)->(14,4,30.3494)->(13,4,30.8494)->(12,4,31.3494)->(11,4,31.8673)->(10,4,32.4352)->(9,4,33.1173)->(8,4,34.4352)->(7,4,5016.92)->
Agent 25:(13,26,1.96421)->(12,26,3.34264)->(11,26,4.66048)->(10,26,5.34264)->(9,26,5.91048)->(8,26,6.42843)->(7,26,6.92843)->(6,26,7.44638)->(5,26,8.01421)->(4,26,8.69638)->(3,26,10.0142)->(2,26,12.2284)->(2,25,14.4426)->(2,24,15.7605)->(2,23,16.4426)->(2,22,17.0105)->(2,21,17.5284)->(2,20,18.0284)->(2,19,18.5284)->(2,18,19.0284)->(2,17,19.5284)->(2,16,20.0284)->(2,15,20.5284)->(2,14,21.0464)->(2,13,21.6142)->(2,12,22.2964)->(2,11,23.6142)->(2,10,5011.51)->
Agent 26:(8,4,1.3)->(8,5,2.01421)->(8,6,3.34806)->(8,7,4.17649)->(8,8,5.51034)->(8,9,7.72456)->(9,9,9.93877)->(10,9,11.2566)->(11,9,11.9388)->(12,9,12.5066)->(13,9,13.0425)->(14,9,13.6103)->(15,9,14.2925)->(16,9,15.6103)->(17,9,18.2388)->(17,10,5009.31)->
Agent 27:(23,15,2.21421)->(24,15,6.08154)->(24,16,10.9489)->(23,16,13.5773)->(22,16,14.9915)->(21,16,16.4057)->(20,16,22.9299)->(20,15,30.0398)->(20,14,34.273)->(21,14,5017.84)->
Agent 28:(12,18,2.2)->(12,17,3.81421)->(12,16,5.13205)->(12,15,5.82382)->(12,14,6.45949)->(12,13,7.15126)->(12,12,8.4691)->(12,11,10.6833)->(13,11,12.8975)->(14,11,14.2154)->(15,11,14.9071)->(16,11,15.5428)->(17,11,16.2346)->(18,11,17.5524)->(19,11,20.1808)->(19,12,5010.28)->
Agent 29:(20,13,1.8)->(19,13,3.6)->(18,13,6.4)->(18,12,8.64949)->(18,11,10.6495)->(18,10,12.899)->(17,10,15.699)->(16,10,5007.85)->
Agent 30:(0,31,2.73205)->(0,30,4.87832)->(0,29,6.19615)->(0,28,6.87832)->(0,27,7.44615)->(0,26,7.9641)->(0,25,8.4641)->(0,24,8.9641)->(0,23,9.4641)->(0,22,9.9641)->(0,21,10.4641)->(0,20,10.9641)->(0,19,11.4641)->(0,18,11.9641)->(0,17,12.4641)->(0,16,12.9641)->(0,15,13.4641)->(0,14,13.9641)->(0,13,14.4641)->(0,12,14.9641)->(0,11,15.4641)->(0,10,15.9641)->(0,9,16.4641)->(0,8,16.9641)->(0,7,17.4641)->(0,6,17.9641)->(0,5,18.4821)->(0,4,19.0499)->(0,3,19.7321)->(0,2,21.0499)->(0,1,23.2641)->(1,1,25.5136)->(2,1,27.5136)->(3,1,30.1773)->(3,0,5015.28)->
Agent 31:(0,27,1.8)->(1,27,3.01421)->(2,27,4.33205)->(3,27,5.01421)->(4,27,5.58205)->(5,27,6.1)->(6,27,6.6)->(7,27,7.1)->(8,27,7.6)->(9,27,8.1)->(10,27,8.6)->(11,27,9.1)->(12,27,9.6)->(13,27,10.1)->(14,27,10.6)->(15,27,11.1)->(16,27,11.6)->(17,27,12.1)->(18,27,12.6)->(19,27,13.1)->(20,27,13.6179)->(21,27,14.1858)->(22,27,14.8679)->(23,27,16.1858)->(24,27,18.4)->(24,26,20.6495)->(24,25,22.6495)->(24,24,5011.05)->
Agent 32:(26,29,3.2889)->(26,28,5.99201)->(26,27,7.30985)->(26,26,7.99201)->(26,25,8.55985)->(26,24,9.0778)->(26,23,9.5778)->(26,22,10.0778)->(26,21,10.5778)->(26,20,11.0778)->(26,19,11.5778)->(26,18,12.0778)->(26,17,12.5778)->(26,16,13.0778)->(26,15,13.5778)->(26,14,14.0778)->(26,13,14.5778)->(26,12,15.0778)->(26,11,15.5778)->(26,10,16.0957)->(26,9,16.6636)->(26,8,17.3457)->(26,7,18.6636)->(26,6,20.8778)->(25,6,23.092)->(24,6,24.4099)->(23,6,25.092)->(22,6,25.6599)->(21,6,26.1778)->(20,6,26.6778)->(19,6,27.1778)->(18,6,27.6778)->(17,6,28.1778)->(16,6,28.6778)->(15,6,29.1778)->(14,6,29.6778)->(13,6,30.1778)->(12,6,30.6778)->(11,6,31.1778)->(10,6,31.6778)->(9,6,32.1778)->(8,6,32.6957)->(7,6,33.2636)->(6,6,33.9457)->(5,6,35.2636)->(4,6,5017.34)->
Agent 33:(2,20,1.3)->(2,21,2.6)->(2,22,9.31421)->(2,21,15.4426)->(2,20,16.7605)->(2,19,17.4426)->(2,18,18.0105)->(2,17,18.5284)->(2,16,19.0284)->(2,15,19.5284)->(2,14,20.0284)->(2,13,20.5284)->(2,12,21.0284)->(2,11,21.5284)->(2,10,22.0284)->(2,9,22.5284)->(2,8,23.0284)->(2,7,23.5284)->(2,6,24.0464)->(2,5,24.6142)->(2,4,25.2964)->(2,3,26.6142)->(2,2,28.8284)->(3,2,31.0426)->(4,2,32.3605)->(5,2,33.0426)->(6,2,33.6284)->(7,2,34.2142)->(8,2,34.8964)->(9,2,36.2142)->(10,2,38.8426)->(10,3,42.4426)->(11,3,45.1063)->(12,3,47.1063)->(13,3,5023.28)->
Agent 34:(7,5,1.3)->(7,6,2.01421)->(7,7,3.33205)->(7,8,4.0641)->(7,9,4.79615)->(7,10,6.11399)->(7,11,10.9906)->(7,10,15.8672)->(7,9,17.2814)->(7,8,18.6956)->(7,7,20.9098)->(8,7,23.1241)->(9,7,24.4419)->(10,7,25.1241)->(11,7,25.6919)->(12,7,26.2098)->(13,7,26.7278)->(14,7,27.2956)->(15,7,27.9778)->(16,7,29.2956)->(17,7,5014.35)->
Agent 35:(22,26,2.2)->(22,25,3.81421)->(22,24,5.13205)->(22,23,5.81421)->(22,22,6.38205)->(22,21,6.9)->(22,20,7.4)->(22,19,7.9)->(22,18,8.4)->(22,17,8.9)->(22,16,9.41795)->(22,15,9.98579)->(22,14,10.6679)->(22,13,11.9858)->(22,12,14.2)->(21,12,16.4142)->(20,12,17.7321)->(19,12,18.4142)->(18,12,19)->(17,12,19.5858)->(16,12,20.2679)->(15,12,21.5858)->(14,12,25.0142)->(14,13,5013.1)->
Agent 36:(10,14,2.21421)->(11,14,5.7142)->(11,15,9.24261)->(11,16,10.5605)->(11,17,11.2426)->(11,18,11.8105)->(11,19,12.3463)->(11,20,12.9142)->(11,21,13.5963)->(11,22,14.9142)->(11,23,17.1284)->(12,23,19.9284)->(13,23,22.7284)->(13,24,25.5284)->(13,25,5012.76)->
Agent 37:(28,16,2.61733)->(27,16,4.64887)->(26,16,5.9667)->(25,16,6.64887)->(24,16,7.2167)->(23,16,7.73465)->(22,16,8.23465)->(21,16,8.73465)->(20,16,9.23465)->(19,16,9.73465)->(18,16,10.2347)->(17,16,10.7347)->(16,16,11.2347)->(15,16,11.7526)->(14,16,12.3204)->(13,16,13.0026)->(12,16,14.3204)->(11,16,16.5347)->(11,17,18.7489)->(11,18,20.0667)->(11,19,20.7489)->(11,20,21.3167)->(11,21,21.8347)->(11,22,22.3347)->(11,23,22.8526)->(11,24,23.4204)->(11,25,24.1026)->(11,26,25.4204)->(11,27,5012.42)->
Agent 38:(18,18,1.3)->(18,19,2.01421)->(18,20,3.33205)->(18,21,4.0641)->(18,22,4.79615)->(18,23,6.11399)->(18,24,8.3282)->(17,24,10.5424)->(16,24,11.8603)->(15,24,12.5424)->(14,24,13.1103)->(13,24,13.6282)->(12,24,14.1282)->(11,24,14.6282)->(10,24,15.1282)->(9,24,15.6282)->(8,24,16.1282)->(7,24,16.6282)->(6,24,17.1462)->(5,24,17.714)->(4,24,18.3962)->(3,24,19.714)->(2,24,21.9282)->(2,23,24.7282)->(2,22,27.5282)->(3,22,30.3282)->(4,22,5015.16)->
Agent 39:(16,7,1.8)->(17,7,3.01421)->(18,7,4.33205)->(19,7,5.01421)->(20,7,5.58205)->(21,7,6.11795)->(22,7,6.68579)->(23,7,7.36795)->(24,7,8.68579)->(25,7,18.4359)->(25,8,28.186)->(25,9,29.5038)->(25,10,30.2359)->(25,11,30.9679)->(25,12,32.2858)->(25,13,5015.85)->
Agent 40:(10,15,14.0019)->(10,16,27.4181)->(10,17,28.7519)->(10,18,29.5804)->(10,19,30.9142)->(10,20,5015.16)->
Agent 41:(12,8,2.20311)->(13,8,3.82044)->(14,8,5.13828)->(15,8,5.82044)->(16,8,6.38828)->(17,8,6.90623)->(18,8,7.42418)->(19,8,7.99201)->(20,8,8.67418)->(21,8,9.99201)->(22,8,14.6013)->(22,9,19.2106)->(22,10,20.5285)->(22,11,21.2106)->(22,12,21.7964)->(22,13,22.3822)->(22,14,23.0643)->(22,15,24.3822)->(22,16,5011.9)->
Agent 42:(4,25,2.4142)->(4,24,4.24261)->(4,23,5.56045)->(4,22,6.24261)->(4,21,6.81045)->(4,20,7.3284)->(4,19,7.8284)->(4,18,8.3284)->(4,17,8.8284)->(4,16,9.3284)->(4,15,9.8284)->(4,14,10.3284)->(4,13,10.8284)->(4,12,11.3284)->(4,11,11.8284)->(4,10,12.3284)->(4,9,12.8284)->(4,8,13.3284)->(4,7,13.8284)->(4,6,14.3463)->(4,5,14.9142)->(4,4,15.5963)->(4,3,16.9142)->(4,2,20.5964)->(5,2,24.2785)->(6,2,25.5964)->(7,2,26.2785)->(8,2,26.8464)->(9,2,27.3643)->(10,2,27.8643)->(11,2,28.3643)->(12,2,28.8643)->(13,2,29.3643)->(14,2,29.8643)->(15,2,30.3643)->(16,2,30.8823)->(17,2,31.4501)->(18,2,32.1323)->(19,2,33.4501)->(20,2,36.0785)->(20,1,39.6785)->(21,1,42.307)->(22,1,43.6248)->(23,1,44.3166)->(24,1,44.9522)->(25,1,45.644)->(26,1,46.9619)->(27,1,5023.19)->
Agent 43:(5,9,2.2)->(5,8,3.81421)->(5,7,5.14806)->(5,6,5.97649)->(5,5,7.31034)->(5,4,9.52456)->(6,4,12.3246)->(7,4,23.087)->(7,5,33.8494)->(7,6,5016.92)->
Agent 44:(24,28,4.27095)->(24,27,7.95611)->(24,26,9.27395)->(24,25,9.95611)->(24,24,10.524)->(24,23,11.0419)->(24,22,11.5419)->(24,21,12.0419)->(24,20,12.5419)->(24,19,13.0599)->(24,18,13.6277)->(24,17,14.3099)->(24,16,15.6277)->(24,15,18.2729)->(23,15,20.9181)->(22,15,22.2359)->(21,15,22.9181)->(20,15,23.4859)->(19,15,24.0039)->(18,15,24.5039)->(17,15,25.0039)->(16,15,25.5039)->(15,15,26.0039)->(14,15,26.5039)->(13,15,27.0039)->(12,15,27.5039)->(11,15,28.0218)->(10,15,28.5897)->(9,15,29.2718)->(8,15,30.5897)->(7,15,5015)->
Agent 45:(17,16,2.2)->(17,15,3.84949)->(17,14,5.84949)->(17,13,15.4014)->(17,14,25.5039)->(17,15,5012.75)->
Agent 46:(31,22,2.2)->(31,21,3.81421)->(31,20,5.13205)->(31,19,5.81421)->(31,18,6.38205)->(31,17,6.9)->(31,16,7.4)->(31,15,7.9)->(31,14,8.4)->(31,13,8.9)->(31,12,9.4)->(31,11,9.9)->(31,10,10.4)->(31,9,10.9)->(31,8,11.4)->(31,7,11.9)->(31,6,12.4)->(31,5,12.9)->(31,4,13.4179)->(31,3,13.9858)->(31,2,14.6679)->(31,1,15.9858)->(31,0,22.4531)->(30,0,28.9204)->(29,0,30.2383)->(28,0,30.9204)->(27,0,31.4883)->(26,0,32.0062)->(25,0,32.5062)->(24,0,33.0062)->(23,0,33.5062)->(22,0,34.0062)->(21,0,34.5062)->(20,0,35.0062)->(19,0,35.5062)->(18,0,36.0242)->(17,0,36.592)->(16,0,37.2742)->(15,0,38.592)->(14,0,5019)->
Agent 47:(24,27,1.8)->(23,27,3.6)->(22,27,6.8)->(23,27,9.44949)->(24,27,11.4495)->(25,27,14.9452)->(25,26,18.4057)->(25,25,19.8199)->(25,24,21.2341)->(25,23,23.8626)->(26,23,5012.12)->
Agent 48:(1,20,2.4142)->(2,20,4.24261)->(3,20,5.56045)->(4,20,6.24261)->(5,20,6.81045)->(6,20,7.3284)->(7,20,7.8284)->(8,20,8.34635)->(9,20,8.91419)->(10,20,9.59635)->(11,20,10.9142)->(12,20,13.1284)->(12,21,15.3426)->(12,22,16.6605)->(12,23,17.3426)->(12,24,17.9284)->(12,25,18.5142)->(12,26,19.1963)->(12,27,20.5142)->(12,28,23.6389)->(13,28,26.7636)->(14,28,28.0814)->(15,28,28.7636)->(16,28,29.3314)->(17,28,29.8494)->(18,28,30.3494)->(19,28,30.8494)->(20,28,31.3494)->(21,28,31.8494)->(22,28,32.3494)->(23,28,32.8673)->(24,28,33.4352)->(25,28,34.1173)->(26,28,35.4352)->(27,28,37.6494)->(27,29,39.8989)->(27,30,41.8989)->(27,31,5020.67)->
Agent 49:(11,16,1.3)->(11,17,2.01421)->(11,18,3.34806)->(11,19,4.17649)->(11,20,5.51034)->(11,21,7.72456)->(12,21,9.93877)->(13,21,11.2566)->(14,21,11.9887)->(15,21,12.7207)->(16,21,14.0385)->(17,21,16.667)->(17,20,21.4406)->(17,21,5011.5)->
Agent 50:(14,8,2.2)->(14,7,4.4)->(14,6,8.88385)->(14,7,12.7819)->(14,8,14.0998)->(14,9,14.7819)->(14,10,15.3498)->(14,11,15.8677)->(14,12,16.3677)->(14,13,16.8677)->(14,14,17.3677)->(14,15,17.8677)->(14,16,18.3677)->(14,17,18.8677)->(14,18,19.3677)->(14,19,19.8677)->(14,20,20.3677)->(14,21,20.8677)->(14,22,21.3677)->(14,23,21.8857)->(14,24,22.4535)->(14,25,23.1357)->(14,26,24.4535)->(14,27,26.6677)->(15,27,28.8819)->(16,27,30.1998)->(17,27,30.8819)->(18,27,31.4498)->(19,27,31.9677)->(20,27,32.4677)->(21,27,32.9677)->(22,27,33.4677)->(23,27,33.9677)->(24,27,34.4677)->(25,27,34.9677)->(26,27,35.4857)->(27,27,36.0535)->(28,27,36.7357)->(29,27,38.0535)->(30,27,40.2677)->(30,28,42.4819)->(30,29,43.8961)->(30,30,45.3103)->(30,31,5022.36)->
Agent 51:(26,4,2.21421)->(27,4,5.22843)->(27,5,9.24264)->(26,5,11.8711)->(25,5,13.1889)->(24,5,13.8711)->(23,5,14.4389)->(22,5,14.9569)->(21,5,15.4569)->(20,5,15.9569)->(19,5,16.4748)->(18,5,17.0426)->(17,5,17.7248)->(16,5,19.0426)->(15,5,25.0673)->(15,6,31.092)->(15,7,32.4099)->(15,8,33.092)->(15,9,33.6599)->(15,10,34.1957)->(15,11,34.7636)->(15,12,35.4457)->(15,13,36.7636)->(15,14,39.392)->(16,14,5019.89)->
Agent 52:(3,31,2.8)->(3,30,5.01421)->(3,29,6.33205)->(3,28,7.01421)->(3,27,7.58205)->(3,26,8.1)->(3,25,8.6)->(3,24,9.1)->(3,23,9.6)->(3,22,10.1)->(3,21,10.6)->(3,20,11.1)->(3,19,11.6)->(3,18,12.1)->(3,17,12.6179)->(3,16,13.1858)->(3,15,13.8679)->(3,14,15.1858)->(3,13,17.4)->(4,13,19.6142)->(5,13,20.9321)->(6,13,21.6142)->(7,13,22.1821)->(8,13,22.7)->(9,13,23.2)->(10,13,23.7)->(11,13,24.2)->(12,13,24.7)->(13,13,25.2)->(14,13,25.7)->(15,13,26.2)->(16,13,26.7)->(17,13,27.2)->(18,13,27.7)->(19,13,28.2)->(20,13,28.7)->(21,13,29.2)->(22,13,29.7)->(23,13,30.2)->(24,13,30.7)->(25,13,31.2)->(26,13,31.7179)->(27,13,32.2858)->(28,13,32.9679)->(29,13,34.2858)->(30,13,5016.85)->
Agent 53:(12,4,1.8)->(13,4,3.6)->(14,4,6.4)->(14,3,8.61421)->(14,2,10.0284)->(14,1,11.4426)->(14,0,24.3059)->(14,1,37.7549)->(14,2,5018.88)->
Agent 54:(8,9,1.9142)->(8,10,3.24261)->(8,11,4.56045)->(8,12,5.24261)->(8,13,5.81045)->(8,14,6.3284)->(8,15,6.8284)->(8,16,7.3284)->(8,17,7.8284)->(8,18,8.34635)->(8,19,8.91419)->(8,20,9.59635)->(8,21,10.9142)->(8,22,13.1284)->(9,22,15.3426)->(10,22,16.6765)->(11,22,17.5049)->(12,22,18.8387)->(13,22,5009.13)->
Agent 55:(26,19,1.8)->(27,19,3.6)->(28,19,6.4)->(28,18,8.61421)->(28,17,9.93205)->(28,16,10.6142)->(28,15,11.1821)->(28,14,11.7)->(28,13,12.2)->(28,12,12.7)->(28,11,13.2)->(28,10,13.7)->(28,9,14.2)->(28,8,14.7)->(28,7,15.2)->(28,6,15.7)->(28,5,16.2179)->(28,4,16.7858)->(28,3,17.4679)->(28,2,18.7858)->(28,1,5009.1)->
Agent 56:(24,30,1.8)->(25,30,3.01421)->(26,30,4.42843)->(27,30,5.84264)->(28,30,8.05685)->(28,29,10.2711)->(28,28,11.6049)->(28,27,12.4333)->(28,26,13.7672)->(28,25,5006.59)->
Agent 57:(20,3,3.70311)->(20,4,6.82044)->(20,5,8.13828)->(20,6,8.82044)->(20,7,9.38828)->(20,8,9.90623)->(20,9,10.4062)->(20,10,10.9062)->(20,11,11.4062)->(20,12,11.9062)->(20,13,12.4062)->(20,14,12.9062)->(20,15,13.4062)->(20,16,13.9062)->(20,17,14.4062)->(20,18,14.9062)->(20,19,15.4242)->(20,20,15.992)->(20,21,16.6742)->(20,22,17.992)->(20,23,20.2062)->(19,23,22.4204)->(18,23,23.7383)->(17,23,24.43)->(16,23,25.0657)->(15,23,25.7575)->(14,23,27.0753)->(13,23,5013.24)->
Agent 58:(7,28,1.8)->(6,28,3.04949)->(5,28,5.04949)->(4,28,7.54949)->(4,27,10.0142)->(4,26,11.3481)->(4,25,12.1765)->(4,24,13.5103)->(4,23,5006.46)->
Agent 59:(1,11,1.3)->(1,12,2.01421)->(1,13,3.33205)->(1,14,4.01421)->(1,15,4.58205)->(1,16,5.1)->(1,17,5.6)->(1,18,6.1)->(1,19,6.6)->(1,20,7.1)->(1,21,7.6)->(1,22,8.1)->(1,23,8.6)->(1,24,9.1)->(1,25,9.6)->(1,26,10.1)->(1,27,10.6179)->(1,28,11.1858)->(1,29,11.8679)->(1,30,13.1858)->(1,31,15.4)->(2,31,17.6142)->(3,31,18.9321)->(4,31,19.6142)->(5,31,20.1821)->(6,31,20.7)->(7,31,21.2)->(8,31,21.7)->(9,31,22.2)->(10,31,22.7)->(11,31,23.2)->(12,31,23.7)->(13,31,24.2)->(14,31,24.7)->(15,31,25.2)->(16,31,25.7)->(17,31,26.2)->(18,31,26.7179)->(19,31,27.2858)->(20,31,27.9679)->(21,31,29.2858)->(22,31,31.9142)->(22,30,5016.15)->
Agent 60:(31,26,2.2)->(31,25,3.81421)->(31,24,5.13205)->(31,23,5.81421)->(31,22,6.38205)->(31,21,6.9)->(31,20,7.4)->(31,19,7.9)->(31,18,8.4)->(31,17,8.9)->(31,16,9.4)->(31,15,9.9)->(31,14,10.4)->(31,13,10.9)->(31,12,11.4179)->(31,11,11.9858)->(31,10,12.6679)->(31,9,13.9858)->(31,8,16.2)->(30,8,18.4142)->(29,8,19.7321)->(28,8,20.4142)->(27,8,20.9821)->(26,8,21.5)->(25,8,22)->(24,8,22.5)->(23,8,23)->(22,8,23.5)->(21,8,24)->(20,8,24.5)->(19,8,25)->(18,8,25.5)->(17,8,26)->(16,8,26.5)->(15,8,27)->(14,8,27.5)->(13,8,28)->(12,8,28.5)->(11,8,29)->(10,8,29.5)->(9,8,30)->(8,8,30.5)->(7,8,31)->(6,8,31.5179)->(5,8,32.0858)->(4,8,32.7679)->(3,8,34.0858)->(2,8,36.7142)->(2,9,5018.55)->
Agent 61:(26,21,2.61421)->(26,20,6.4889)->(25,20,9.99201)->(24,20,11.3099)->(23,20,11.992)->(22,20,12.5599)->(21,20,13.0778)->(20,20,13.5778)->(19,20,14.0778)->(18,20,14.5778)->(17,20,15.0778)->(16,20,15.5778)->(15,20,16.0778)->(14,20,16.5778)->(13,20,17.0778)->(12,20,17.5778)->(11,20,18.0778)->(10,20,18.5778)->(9,20,19.0778)->(8,20,19.5778)->(7,20,20.0778)->(6,20,20.5778)->(5,20,21.0778)->(4,20,21.5957)->(3,20,22.1636)->(2,20,22.8457)->(1,20,24.1636)->(0,20,5011.79)->
Agent 62:(25,1,1.8)->(24,1,3.01421)->(23,1,4.33205)->(22,1,5.0641)->(21,1,5.79615)->(20,1,7.11399)->(19,1,9.57095)->(19,2,12.0279)->(19,3,13.3457)->(19,4,14.0778)->(19,5,14.8099)->(19,6,16.1277)->(19,7,5007.77)->
Agent 63:(1,0,1.8)->(1,1,3.01421)->(1,2,4.33205)->(1,3,5.01421)->(1,4,5.58205)->(1,5,6.1)->(1,6,6.6)->(1,7,7.1)->(1,8,7.6)->(1,9,8.1)->(1,10,8.6)->(1,11,9.1)->(1,12,9.6)->(1,13,10.1)->(1,14,10.6)->(1,15,11.1)->(1,16,11.6)->(1,17,12.1)->(1,18,12.6)->(1,19,13.1)->(1,20,13.6)->(1,21,14.1)->(1,22,14.6)->(1,23,15.1)->(1,24,15.6179)->(1,25,16.1858)->(1,26,16.8679)->(1,27,18.1858)->(1,28,20.4)->(2,28,22.6142)->(3,28,23.9321)->(4,28,24.6142)->(5,28,25.1821)->(6,28,25.7)->(7,28,26.2)->(8,28,26.7)->(9,28,27.2)->(10,28,27.7)->(11,28,28.2)->(12,28,28.7)->(13,28,29.2)->(14,28,29.7)->(15,28,30.2)->(16,28,30.7179)->(17,28,31.2858)->(18,28,31.9679)->(19,28,33.2858)->(20,28,35.9142)->(20,29,5018.15)->
Agent 64:(28,24,1.3)->(28,25,2.01421)->(28,26,3.42843)->(28,27,4.84264)->(28,28,7.47107)->(29,28,11.4711)->(28,28,14.5348)->(27,28,16.5348)->(26,28,18.7843)->(26,29,21.0338)->(26,30,23.0338)->(26,31,29.2521)->(26,30,35.4352)->(26,29,36.8494)->(26,28,38.2636)->(26,27,5018.84)->
Agent 65:(1,31,2.8)->(2,31,5.01421)->(3,31,6.33205)->(4,31,7.01421)->(5,31,7.58205)->(6,31,8.1)->(7,31,8.6)->(8,31,9.1)->(9,31,9.6)->(10,31,10.1)->(11,31,10.6)->(12,31,11.1)->(13,31,11.6)->(14,31,12.1)->(15,31,12.6)->(16,31,13.1)->(17,31,13.6179)->(18,31,14.1858)->(19,31,14.8679)->(20,31,16.1858)->(21,31,21.1389)->(21,30,26.092)->(21,29,27.4099)->(21,28,28.092)->(21,27,28.6599)->(21,26,29.1778)->(21,25,29.6778)->(21,24,30.1778)->(21,23,30.6778)->(21,22,31.1778)->(21,21,31.6778)->(21,20,32.1778)->(21,19,32.6778)->(21,18,33.1778)->(21,17,33.6778)->(21,16,34.1778)->(21,15,34.6778)->(21,14,35.1778)->(21,13,35.6778)->(21,12,36.1778)->(21,11,36.6778)->(21,10,37.1778)->(21,9,37.6778)->(21,8,38.1778)->(21,7,38.6778)->(21,6,39.1957)->(21,5,39.7636)->(21,4,40.4457)->(21,3,41.7636)->(21,2,5020.59)->
Agent 66:(29,30,2.2)->(29,29,3.81421)->(29,28,5.13205)->(29,27,5.81421)->(29,26,6.38205)->(29,25,6.91795)->(29,24,7.48579)->(29,23,8.16795)->(29,22,9.48579)->(29,21,12.7)->(28,21,15.9142)->(27,21,17.2321)->(26,21,17.9142)->(25,21,18.4821)->(24,21,19)->(23,21,19.5)->(22,21,20)->(21,21,20.5)->(20,21,21)->(19,21,21.5)->(18,21,22)->(17,21,22.5)->(16,21,23)->(15,21,23.5)->(14,21,24)->(13,21,24.5)->(12,21,25)->(11,21,25.5)->(10,21,26.0179)->(9,21,26.5858)->(8,21,27.2679)->(7,21,28.5858)->(6,21,5014)->
Agent 67:(6,23,1.71421)->(6,24,4.80011)->(5,24,8.41444)->(4,24,9.73227)->(3,24,10.4643)->(2,24,11.1964)->(1,24,12.5142)->(0,24,5005.96)->
Agent 68:(25,7,1.61733)->(25,8,2.64887)->(25,9,3.9667)->(25,10,4.64887)->(25,11,5.2167)->(25,12,5.73465)->(25,13,6.23465)->(25,14,6.73465)->(25,15,7.2526)->(25,16,7.82044)->(25,17,8.5026)->(25,18,9.82044)->(25,19,12.4062)->(24,19,14.992)->(23,19,16.3099)->(22,19,16.992)->(21,19,17.5599)->(20,19,18.0778)->(19,19,18.5778)->(18,19,19.0778)->(17,19,19.5778)->(16,19,20.0778)->(15,19,20.5778)->(14,19,21.0778)->(13,19,21.5778)->(12,19,22.0778)->(11,19,22.5778)->(10,19,23.0778)->(9,19,23.5778)->(8,19,24.0778)->(7,19,24.5778)->(6,19,25.0778)->(5,19,25.5957)->(4,19,26.1636)->(3,19,26.8457)->(2,19,28.1636)->(1,19,30.3778)->(1,20,32.6273)->(1,21,34.6273)->(1,22,5017.04)->
Agent 69:(11,30,1.8)->(12,30,3.01421)->(13,30,4.42843)->(14,30,5.84264)->(15,30,8.05685)->(15,29,10.8569)->(15,28,19.5173)->(15,29,28.1778)->(15,30,5014.09)->
Agent 70:(16,11,3.0389)->(16,10,5.49201)->(16,9,6.80985)->(16,8,7.49201)->(16,7,8.0778)->(16,6,8.66359)->(16,5,9.34575)->(16,4,10.6636)->(16,3,12.8778)->(17,3,15.092)->(18,3,16.4099)->(19,3,17.1419)->(20,3,17.874)->(21,3,19.1918)->(22,3,5009.3)->
Agent 71:(30,14,1.3)->(30,15,2.01421)->(30,16,3.33205)->(30,17,4.0641)->(30,18,4.79615)->(30,19,6.11399)->(30,20,12.6783)->(29,20,19.2426)->(28,20,20.5605)->(27,20,21.2426)->(26,20,21.8105)->(25,20,22.3284)->(24,20,22.8284)->(23,20,23.3284)->(22,20,23.8284)->(21,20,24.3284)->(20,20,24.8284)->(19,20,25.3284)->(18,20,25.8284)->(17,20,26.3284)->(16,20,26.8284)->(15,20,27.3284)->(14,20,27.8284)->(13,20,28.3284)->(12,20,28.8284)->(11,20,29.3284)->(10,20,29.8284)->(9,20,30.3284)->(8,20,30.8464)->(7,20,31.4142)->(6,20,32.0964)->(5,20,33.4142)->(4,20,5016.41)->
Agent 72:(30,7,4.02843)->(29,7,5002.61)->
Agent 73:(30,5,4.02843)->(30,6,7.47107)->(30,7,8.78891)->(30,8,9.47107)->(30,9,10.0389)->(30,10,10.5569)->(30,11,11.0569)->(30,12,11.5569)->(30,13,12.0569)->(30,14,12.5569)->(30,15,13.0748)->(30,16,13.6426)->(30,17,14.3248)->(30,18,15.6426)->(30,19,24.05)->(29,19,32.4574)->(28,19,33.7752)->(27,19,34.4574)->(26,19,35.0252)->(25,19,35.5431)->(24,19,36.0611)->(23,19,36.6289)->(22,19,37.3111)->(21,19,38.6289)->(20,19,5019.02)->
Agent 74:(25,29,2.2)->(25,28,4.4)->(25,27,7.22095)->(26,27,10.0419)->(27,27,12.8419)->(27,26,15.0561)->(27,25,16.374)->(27,24,17.0561)->(27,23,17.624)->(27,22,18.1419)->(27,21,18.6419)->(27,20,19.1419)->(27,19,19.6419)->(27,18,20.1419)->(27,17,20.6419)->(27,16,21.1419)->(27,15,21.6419)->(27,14,22.1419)->(27,13,22.6419)->(27,12,23.1419)->(27,11,23.6419)->(27,10,24.1419)->(27,9,24.6599)->(27,8,25.2277)->(27,7,25.9099)->(27,6,27.2277)->(27,5,29.8561)->(28,5,5015.12)->
Agent 75:(16,30,1.8)->(17,30,3.6)->(18,30,12.7142)->(18,29,21.2426)->(18,28,22.5605)->(18,27,23.2426)->(18,26,23.8105)->(18,25,24.3284)->(18,24,24.8284)->(18,23,25.3284)->(18,22,25.8284)->(18,21,26.3284)->(18,20,26.8284)->(18,19,27.3284)->(18,18,27.8284)->(18,17,28.3284)->(18,16,28.8284)->(18,15,29.3284)->(18,14,29.8284)->(18,13,30.3284)->(18,12,30.8284)->(18,11,31.3284)->(18,10,31.8284)->(18,9,32.3464)->(18,8,32.9142)->(18,7,33.5964)->(18,6,34.9142)->(18,5,37.1284)->(19,5,39.3779)->(20,5,41.3779)->(21,5,5020.41)->
Agent 76:(0,3,1.8)->(1,3,3.01421)->(2,3,4.33205)->(3,3,5.01421)->(4,3,5.6)->(5,3,6.18579)->(6,3,6.86795)->(7,3,8.18579)->(8,3,10.8142)->(8,2,18.7642)->(8,3,5011.75)->
Agent 77:(18,12,1.3)->(18,13,2.01421)->(18,14,3.33205)->(18,15,4.0641)->(18,16,4.79615)->(18,17,6.11399)->(18,18,8.4783)->(17,18,10.8426)->(16,18,12.1605)->(15,18,12.8426)->(14,18,13.4105)->(13,18,13.9284)->(12,18,14.4284)->(11,18,14.9284)->(10,18,15.4284)->(9,18,15.9284)->(8,18,16.4463)->(7,18,17.0142)->(6,18,17.6963)->(5,18,19.0142)->(4,18,5009.21)->
Agent 78:(18,6,2.2)->(18,5,3.81421)->(18,4,5.13205)->(18,3,5.8641)->(18,2,6.59615)->(18,1,7.91399)->(18,0,21.4172)->(18,1,5016.34)->
Agent 79:(12,27,2.21421)->(13,27,5.22843)->(13,26,14.2019)->(13,27,21.7897)->(13,28,23.1235)->(13,29,23.9519)->(13,30,25.2858)->(13,31,5012.35)->
Agent 80:(1,8,1.3)->(1,9,2.01421)->(1,10,3.33205)->(1,11,4.01421)->(1,12,4.58205)->(1,13,5.1)->(1,14,5.6)->(1,15,6.1)->(1,16,6.6)->(1,17,7.1)->(1,18,7.6)->(1,19,8.1)->(1,20,8.6)->(1,21,9.1)->(1,22,9.6)->(1,23,10.1)->(1,24,10.6)->(1,25,11.1179)->(1,26,11.6858)->(1,27,12.3679)->(1,28,13.6858)->(1,29,18.3889)->(2,29,23.092)->(3,29,24.4099)->(4,29,25.092)->(5,29,25.6599)->(6,29,26.1778)->(7,29,26.6778)->(8,29,27.1778)->(9,29,27.6778)->(10,29,28.1778)->(11,29,28.6778)->(12,29,29.1778)->(13,29,29.6778)->(14,29,30.1778)->(15,29,30.6778)->(16,29,31.1778)->(17,29,31.6957)->(18,29,32.2636)->(19,29,32.9457)->(20,29,34.2636)->(21,29,5016.84)->
Agent 81:(23,5,1.61733)->(23,6,2.64887)->(23,7,3.9667)->(23,8,4.64887)->(23,9,5.2167)->(23,10,5.73465)->(23,11,6.23465)->(23,12,6.73465)->(23,13,7.23465)->(23,14,7.73465)->(23,15,8.23465)->(23,16,8.73465)->(23,17,9.23465)->(23,18,9.73465)->(23,19,10.2526)->(23,20,10.8204)->(23,21,11.5026)->(23,22,12.8204)->(23,23,5006.12)->
Agent 82:(28,11,2.93205)->(27,11,5.31359)->(26,11,7.31359)->(25,11,17.1154)->(25,12,26.8819)->(25,13,28.1998)->(25,14,28.8819)->(25,15,29.4498)->(25,16,29.9677)->(25,17,30.4677)->(25,18,30.9677)->(25,19,31.4677)->(25,20,31.9677)->(25,21,32.4677)->(25,22,32.9677)->(25,23,33.4857)->(25,24,34.0535)->(25,25,34.7357)->(25,26,36.0535)->(25,27,5017.73)->
Agent 83:(7,2,1.3)->(7,3,2.01421)->(7,4,3.33205)->(7,5,4.02382)->(7,6,4.65949)->(7,7,5.35126)->(7,8,6.6691)->(7,9,11.2681)->(8,9,15.8672)->(9,9,17.185)->(10,9,17.8672)->(11,9,18.435)->(12,9,18.953)->(13,9,19.4709)->(14,9,20.0388)->(15,9,20.7209)->(16,9,22.0388)->(17,9,5010.73)->
Agent 84:(21,1,2.2889)->(21,2,3.99201)->(21,3,5.30985)->(21,4,5.99201)->(21,5,6.55985)->(21,6,7.0778)->(21,7,7.5778)->(21,8,8.0778)->(21,9,8.5778)->(21,10,9.0778)->(21,11,9.5778)->(21,12,10.0778)->(21,13,10.5778)->(21,14,11.0778)->(21,15,11.5778)->(21,16,12.0778)->(21,17,12.5778)->(21,18,13.0778)->(21,19,13.5778)->(21,20,14.0778)->(21,21,14.5778)->(21,22,15.0778)->(21,23,15.5778)->(21,24,16.0778)->(21,25,16.5778)->(21,26,17.0957)->(21,27,17.6636)->(21,28,18.3457)->(21,29,19.6636)->(21,30,21.8778)->(20,30,24.092)->(19,30,25.4099)->(18,30,26.092)->(17,30,26.6599)->(16,30,27.1778)->(15,30,27.6778)->(14,30,28.1778)->(13,30,28.6778)->(12,30,29.1778)->(11,30,29.6778)->(10,30,30.1778)->(9,30,30.6778)->(8,30,31.1778)->(7,30,31.6957)->(6,30,32.2636)->(5,30,32.9457)->(4,30,34.2636)->(3,30,5016.84)->
Agent 85:(11,10,2.2)->(11,9,3.81421)->(11,8,5.22843)->(11,7,6.64264)->(11,6,8.85685)->(10,6,11.0711)->(9,6,12.4049)->(8,6,13.2333)->(7,6,14.5672)->(6,6,16.7814)->(6,5,19.5814)->(6,4,27.1296)->(6,5,34.6778)->(6,6,5017.34)->
Agent 86:(7,25,1.94575)->(8,25,3.30572)->(9,25,4.62356)->(10,25,5.30572)->(11,25,5.87356)->(12,25,6.39151)->(13,25,6.89151)->(14,25,7.39151)->(15,25,7.89151)->(16,25,8.39151)->(17,25,8.89151)->(18,25,9.39151)->(19,25,9.89151)->(20,25,10.3915)->(21,25,10.8915)->(22,25,11.4095)->(23,25,11.9773)->(24,25,12.6595)->(25,25,13.9773)->(26,25,5006.7)->
Agent 87:(25,21,1.3)->(25,22,2.04949)->(25,23,4.04949)->(25,24,6.29898)->(24,24,8.51319)->(23,24,9.83103)->(22,24,10.5132)->(21,24,11.081)->(20,24,11.599)->(19,24,12.099)->(18,24,12.599)->(17,24,13.099)->(16,24,13.599)->(15,24,14.099)->(14,24,14.599)->(13,24,15.099)->(12,24,15.599)->(11,24,16.099)->(10,24,16.599)->(9,24,17.099)->(8,24,17.6169)->(7,24,18.1848)->(6,24,18.8669)->(5,24,20.1848)->(4,24,5009.8)->
Agent 88:(7,21,2.2)->(7,20,3.81421)->(7,19,5.22843)->(7,18,6.64264)->(7,17,8.85685)->(8,17,11.0711)->(9,17,12.3889)->(10,17,13.0711)->(11,17,13.6389)->(12,17,14.1569)->(13,17,14.6569)->(14,17,15.1569)->(15,17,15.6569)->(16,17,16.1569)->(17,17,16.6569)->(18,17,17.1569)->(19,17,17.6569)->(20,17,18.1569)->(21,17,18.6569)->(22,17,19.1569)->(23,17,19.6569)->(24,17,20.1748)->(25,17,20.7426)->(26,17,21.4248)->(27,17,22.7426)->(28,17,25.3711)->(28,18,5012.88)->
Agent 89:(25,11,1.53154)->(25,12,2.47729)->(25,13,3.79513)->(25,14,4.47729)->(25,15,5.04513)->(25,16,5.56308)->(25,17,6.06308)->(25,18,6.56308)->(25,19,7.06308)->(25,20,7.56308)->(25,21,8.06308)->(25,22,8.58103)->(25,23,9.14887)->(25,24,9.83103)->(25,25,11.1489)->(25,26,13.7773)->(26,26,5007.08)->
