Agent 0:(15,2,1.8)->(16,2,3.01421)->(17,2,4.33205)->(18,2,5.01421)->(19,2,5.58205)->(20,2,6.1)->(21,2,6.61795)->(22,2,7.18579)->(23,2,7.86795)->(24,2,9.18579)->(25,2,11.4)->(25,3,14.2)->(25,4,5007.1)->
Agent 1:(10,12,2.6)->(11,12,4.61421)->(12,12,5.93205)->(13,12,6.61421)->(14,12,7.18205)->(15,12,7.7)->(16,12,8.2)->(17,12,8.7)->(18,12,9.2)->(19,12,9.7)->(20,12,10.2)->(21,12,10.7)->(22,12,11.2)->(23,12,11.7)->(24,12,12.2)->(25,12,12.7)->(26,12,13.2)->(27,12,13.7179)->(28,12,14.2858)->(29,12,14.9679)->(30,12,16.2858)->(31,12,18.5)->(31,13,20.7495)->(31,14,22.7495)->(31,15,5011.1)->
Agent 2:(30,17,2.2)->(30,16,4.4)->(30,15,7.61421)->(31,15,11.6284)->(31,14,15.6426)->(30,14,18.2711)->(29,14,19.5889)->(28,14,20.2711)->(27,14,20.8389)->(26,14,21.3569)->(25,14,21.8569)->(24,14,22.3569)->(23,14,22.8748)->(22,14,23.4426)->(21,14,24.1248)->(20,14,25.4426)->(19,14,5012.43)->
Agent 3:(14,28,1.3)->(14,29,2.6)->(14,30,5.4)->(13,30,8.2)->(12,30,5004.1)->
Agent 4:(13,0,1.71421)->(13,1,3.81421)->(14,1,6.44264)->(15,1,7.76048)->(16,1,8.44264)->(17,1,9.01048)->(18,1,9.52843)->(19,1,10.0284)->(20,1,10.5284)->(21,1,11.0284)->(22,1,11.5284)->(23,1,12.0284)->(24,1,12.5464)->(25,1,13.1142)->(26,1,13.7964)->(27,1,15.1142)->(28,1,17.3284)->(28,2,19.5426)->(28,3,20.8605)->(28,4,21.5426)->(28,5,22.1105)->(28,6,22.6284)->(28,7,23.1284)->(28,8,23.6284)->(28,9,24.1284)->(28,10,24.6284)->(28,11,25.1284)->(28,12,25.6284)->(28,13,26.1284)->(28,14,26.6284)->(28,15,27.1284)->(28,16,27.6284)->(28,17,28.1284)->(28,18,28.6284)->(28,19,29.1464)->(28,20,29.7142)->(28,21,30.3964)->(28,22,31.7142)->(28,23,33.9284)->(27,23,36.7284)->(26,23,39.5284)->(26,24,41.7426)->(26,25,43.0605)->(26,26,43.7925)->(26,27,44.5246)->(26,28,45.8424)->(26,29,5022.63)->
Agent 5:(10,23,3.01421)->(10,22,5.44264)->(10,21,6.76048)->(10,20,7.44264)->(10,19,8.01048)->(10,18,8.52843)->(10,17,9.02843)->(10,16,9.52843)->(10,15,10.0284)->(10,14,10.5284)->(10,13,11.0284)->(10,12,11.5284)->(10,11,12.0284)->(10,10,12.5284)->(10,9,13.0284)->(10,8,13.5464)->(10,7,14.1142)->(10,6,14.7964)->(10,5,16.1142)->(10,4,18.3284)->(9,4,20.5426)->(8,4,21.8605)->(7,4,22.5426)->(6,4,23.1284)->(5,4,23.7142)->(4,4,24.3964)->(3,4,25.7142)->(2,4,5012.56)->
Agent 6:(15,4,1.3)->(15,5,2.04949)->(15,6,4.04949)->(15,7,6.29949)->(14,7,8.54949)->(13,7,10.5495)->(12,7,12.799)->(12,8,15.0132)->(12,9,16.331)->(12,10,17.0631)->(12,11,17.7951)->(12,12,19.113)->(12,13,22.6958)->(11,13,27.2501)->(11,14,29.9138)->(11,15,31.9138)->(11,16,5015.68)->
Agent 7:(11,23,1.8)->(12,23,3.6)->(13,23,6.4)->(13,22,8.61421)->(13,21,9.93205)->(13,20,10.6142)->(13,19,11.2)->(13,18,11.7858)->(13,17,12.4679)->(13,16,13.7858)->(13,15,16)->(12,15,18.2142)->(11,15,19.5321)->(10,15,20.2142)->(9,15,20.7821)->(8,15,21.3179)->(7,15,21.8858)->(6,15,22.5679)->(5,15,23.8858)->(4,15,5011.65)->
Agent 8:(3,13,5.80567)->(4,13,11.0256)->(5,13,12.3594)->(6,13,13.1878)->(7,13,14.5217)->(8,13,17.9859)->(8,12,21.4854)->(8,11,23.4854)->(8,10,5011.47)->
Agent 9:(0,27,2.2)->(0,26,3.81421)->(0,25,5.13205)->(0,24,5.81421)->(0,23,6.38205)->(0,22,6.9)->(0,21,7.4)->(0,20,7.9)->(0,19,8.41795)->(0,18,8.98579)->(0,17,9.66795)->(0,16,10.9858)->(0,15,26.0463)->(0,16,41.1067)->(0,17,42.4246)->(0,18,43.1067)->(0,19,43.6925)->(0,20,44.2783)->(0,21,44.9605)->(0,22,46.2783)->(0,23,5022.85)->
Agent 10:(29,22,1.8)->(28,22,3.01421)->(27,22,4.33205)->(26,22,5.01421)->(25,22,5.58205)->(24,22,6.1)->(23,22,6.6)->(22,22,7.1)->(21,22,7.6)->(20,22,8.1)->(19,22,8.6)->(18,22,9.1)->(17,22,9.6)->(16,22,10.1)->(15,22,10.6)->(14,22,11.1)->(13,22,11.6)->(12,22,12.1)->(11,22,12.6)->(10,22,13.1)->(9,22,13.6)->(8,22,14.1)->(7,22,14.6179)->(6,22,15.1858)->(5,22,15.8679)->(4,22,17.1858)->(3,22,19.4784)->(3,21,21.771)->(3,20,23.0889)->(3,19,23.771)->(3,18,24.3389)->(3,17,24.8568)->(3,16,25.3568)->(3,15,25.8568)->(3,14,26.3568)->(3,13,26.8568)->(3,12,27.3568)->(3,11,27.8568)->(3,10,28.3568)->(3,9,28.8568)->(3,8,29.3568)->(3,7,29.8568)->(3,6,30.3748)->(3,5,30.9426)->(3,4,31.6248)->(3,3,32.9426)->(3,2,37.0711)->(3,3,5019.48)->
Agent 11:(5,31,2.2)->(5,30,3.81421)->(5,29,5.14806)->(5,28,5.97649)->(5,27,7.31034)->(5,26,9.93877)->(4,26,5005.16)->
Agent 12:(23,22,1.3)->(23,23,2.6)->(23,24,5.4)->(22,24,7.61421)->(21,24,8.93205)->(20,24,9.61421)->(19,24,10.1821)->(18,24,10.7)->(17,24,11.2)->(16,24,11.7)->(15,24,12.2)->(14,24,12.7)->(13,24,13.2)->(12,24,13.7)->(11,24,14.2)->(10,24,14.7)->(9,24,15.2)->(8,24,15.7)->(7,24,16.2)->(6,24,16.7179)->(5,24,17.2858)->(4,24,17.9679)->(3,24,19.2858)->(2,24,21.9142)->(2,23,5011.15)->
Agent 13:(31,9,2.2)->(31,8,3.81421)->(31,7,5.13205)->(31,6,5.8641)->(31,5,6.59615)->(31,4,7.91399)->(31,3,10.5141)->(30,3,13.1142)->(29,3,14.4321)->(28,3,15.1142)->(27,3,15.6821)->(26,3,16.2)->(25,3,16.7)->(24,3,17.2)->(23,3,17.7)->(22,3,18.2)->(21,3,18.7)->(20,3,19.2)->(19,3,19.7)->(18,3,20.2)->(17,3,20.7)->(16,3,21.2)->(15,3,21.7)->(14,3,22.2)->(13,3,22.7)->(12,3,23.2)->(11,3,23.7)->(10,3,24.2179)->(9,3,24.7858)->(8,3,25.4679)->(7,3,26.7858)->(6,3,30.3284)->(6,4,5015.81)->
Agent 14:(20,6,2.71421)->(19,6,4.84264)->(18,6,6.16048)->(17,6,6.84264)->(16,6,7.41048)->(15,6,7.92843)->(14,6,8.42843)->(13,6,8.92843)->(12,6,9.42843)->(11,6,9.92843)->(10,6,10.4284)->(9,6,10.9284)->(8,6,11.4464)->(7,6,12.0142)->(6,6,12.6964)->(5,6,14.0142)->(4,6,18.5963)->(5,6,23.7641)->(6,6,26.6463)->(6,7,28.9426)->(6,8,30.2605)->(6,9,30.9426)->(6,10,31.5105)->(6,11,32.0284)->(6,12,32.5464)->(6,13,33.1142)->(6,14,33.7964)->(6,15,35.1142)->(6,16,5017.26)->
Agent 15:(25,14,1.3)->(25,15,2.6)->(25,16,6.96369)->(24,16,10.7416)->(23,16,12.0594)->(22,16,12.7416)->(21,16,13.3094)->(20,16,13.8274)->(19,16,14.3274)->(18,16,14.8274)->(17,16,15.3453)->(16,16,15.9132)->(15,16,16.5953)->(14,16,17.9132)->(13,16,20.1637)->(13,15,22.4142)->(13,14,23.7321)->(13,13,24.4142)->(13,12,24.9821)->(13,11,25.5)->(13,10,26)->(13,9,26.5179)->(13,8,27.0858)->(13,7,27.7679)->(13,6,29.0858)->(13,5,31.3)->(12,5,33.5142)->(11,5,34.8321)->(10,5,35.5142)->(9,5,36.1)->(8,5,36.6858)->(7,5,37.3679)->(6,5,38.6858)->(5,5,5019.05)->
Agent 16:(9,17,1.3)->(9,18,2.6)->(9,19,6.21421)->(9,18,10.2142)->(10,18,13.4284)->(11,18,17.2142)->(11,17,20.4142)->(11,16,21.7321)->(11,15,22.4142)->(11,14,22.9821)->(11,13,23.5179)->(11,12,24.0858)->(11,11,24.7679)->(11,10,26.0858)->(11,9,29.3179)->(12,9,32.5501)->(13,9,33.8679)->(14,9,34.5501)->(15,9,35.1179)->(16,9,35.6538)->(17,9,36.2217)->(18,9,36.9038)->(19,9,38.2217)->(20,9,40.8501)->(20,10,5020.62)->
Agent 17:(21,20,1.3)->(21,21,2.01421)->(21,22,3.33205)->(21,23,4.02382)->(21,24,4.65949)->(21,25,5.35126)->(21,26,6.6691)->(21,27,9.29753)->(20,27,12.8975)->(20,28,16.1117)->(20,29,5008.06)->
Agent 18:(4,17,1.9142)->(5,17,3.24261)->(6,17,4.56045)->(7,17,5.24261)->(8,17,5.81045)->(9,17,6.3284)->(10,17,6.84635)->(11,17,7.41419)->(12,17,8.09635)->(13,17,9.41419)->(14,17,11.6284)->(14,18,13.8426)->(14,19,15.1605)->(14,20,15.8426)->(14,21,16.4105)->(14,22,16.9284)->(14,23,17.4463)->(14,24,18.0142)->(14,25,18.6963)->(14,26,20.0142)->(14,27,22.2284)->(15,27,24.4426)->(16,27,25.7765)->(17,27,26.6049)->(18,27,27.9387)->(19,27,5013.68)->
Agent 19:(20,22,2.21421)->(19,22,4.81421)->(19,23,7.44264)->(19,24,8.76048)->(19,25,9.49253)->(19,26,10.2246)->(19,27,11.5424)->(19,28,13.7566)->(18,28,15.9708)->(17,28,17.2887)->(16,28,17.9708)->(15,28,18.5387)->(14,28,19.0566)->(13,28,19.5566)->(12,28,20.0566)->(11,28,20.5566)->(10,28,21.0746)->(9,28,21.6424)->(8,28,22.3246)->(7,28,23.6424)->(6,28,29.7641)->(7,28,35.8858)->(8,28,37.3)->(9,28,38.7142)->(10,28,5019.06)->
Agent 20:(0,20,2.2)->(0,19,3.81421)->(0,18,5.13205)->(0,17,5.81421)->(0,16,6.38205)->(0,15,6.91795)->(0,14,7.48579)->(0,13,8.16795)->(0,12,9.48579)->(0,11,15.6)->(1,11,21.7142)->(2,11,23.0321)->(3,11,23.7142)->(4,11,24.2821)->(5,11,24.8)->(6,11,25.3)->(7,11,25.8)->(8,11,26.3)->(9,11,26.8)->(10,11,27.3)->(11,11,27.8)->(12,11,28.3)->(13,11,28.8)->(14,11,29.3)->(15,11,29.8179)->(16,11,30.3858)->(17,11,31.0679)->(18,11,32.3858)->(19,11,5015.9)->
Agent 21:(15,28,2.0641)->(16,28,3.54242)->(17,28,4.86025)->(18,28,5.54242)->(19,28,6.11025)->(20,28,6.6282)->(21,28,7.1282)->(22,28,7.6282)->(23,28,8.1282)->(24,28,8.6282)->(25,28,9.14615)->(26,28,9.71399)->(27,28,10.3962)->(28,28,11.714)->(29,28,16.4141)->(28,28,21.1142)->(27,28,22.4321)->(26,28,23.1142)->(25,28,23.6821)->(24,28,24.2)->(23,28,24.7)->(22,28,25.2)->(21,28,25.7)->(20,28,26.2)->(19,28,26.7)->(18,28,27.2)->(17,28,27.7)->(16,28,28.2)->(15,28,28.7)->(14,28,29.2)->(13,28,29.7179)->(12,28,30.2858)->(11,28,30.9679)->(10,28,32.2858)->(9,28,34.5)->(9,27,36.7142)->(9,26,38.0321)->(9,25,38.7142)->(9,24,39.2821)->(9,23,39.8179)->(9,22,40.3858)->(9,21,41.0679)->(9,20,42.3858)->(9,19,5020.9)->
Agent 22:(30,12,1.71421)->(30,13,4.25)->(29,13,7.34949)->(28,13,9.34949)->(27,13,12.5779)->(27,12,15.7711)->(27,11,17.0889)->(27,10,17.7711)->(27,9,18.3389)->(27,8,18.8569)->(27,7,19.3748)->(27,6,19.9426)->(27,5,20.6248)->(27,4,21.9426)->(27,3,25.5711)->(26,3,29.1995)->(25,3,30.5173)->(24,3,31.1995)->(23,3,31.7673)->(22,3,32.3032)->(21,3,32.8711)->(20,3,33.5532)->(19,3,34.8711)->(18,3,5017.14)->
Agent 23:(14,31,3.65374)->(15,31,6.72168)->(16,31,8.03952)->(17,31,8.72168)->(18,31,9.28952)->(19,31,9.80747)->(20,31,10.3254)->(21,31,10.8933)->(22,31,11.5754)->(23,31,12.8933)->(24,31,15.9179)->(24,30,18.9426)->(24,29,20.2605)->(24,28,20.9426)->(24,27,21.5105)->(24,26,22.0284)->(24,25,22.5284)->(24,24,23.0284)->(24,23,23.5284)->(24,22,24.0284)->(24,21,24.5284)->(24,20,25.0464)->(24,19,25.6142)->(24,18,26.2964)->(24,17,27.6142)->(24,16,29.8284)->(25,16,32.6284)->(26,16,5016.31)->
Agent 24:(12,15,3.86421)->(11,15,7.14264)->(10,15,8.46048)->(9,15,9.14264)->(8,15,9.71048)->(7,15,10.2284)->(6,15,10.7464)->(5,15,11.3142)->(4,15,11.9964)->(3,15,13.3142)->(2,15,15.5284)->(2,16,18.3284)->(2,17,5009.16)->
Agent 25:(31,14,1.8)->(30,14,3.6)->(29,14,6.4)->(29,15,9.2)->(29,16,12)->(28,16,14.2142)->(27,16,15.5321)->(26,16,16.2641)->(25,16,16.9962)->(24,16,18.314)->(23,16,20.5282)->(23,17,22.7777)->(23,18,24.7777)->(23,19,27.4414)->(22,19,5013.91)->
Agent 26:(26,14,2.82841)->(25,14,6.45683)->(25,13,12.1426)->(26,13,17.0284)->(27,13,5008.51)->
Agent 27:(3,29,2.2)->(3,28,3.81421)->(3,27,5.13205)->(3,26,5.81421)->(3,25,6.38205)->(3,24,6.9)->(3,23,7.4)->(3,22,7.9)->(3,21,8.4)->(3,20,8.9)->(3,19,9.4)->(3,18,9.9)->(3,17,10.4)->(3,16,10.9)->(3,15,11.4)->(3,14,11.9179)->(3,13,12.4858)->(3,12,13.1679)->(3,11,14.4858)->(3,10,16.7)->(4,10,18.9142)->(5,10,20.2321)->(6,10,20.9142)->(7,10,21.4821)->(8,10,22)->(9,10,22.5)->(10,10,23)->(11,10,23.5179)->(12,10,24.0858)->(13,10,24.7679)->(14,10,26.0858)->(15,10,28.3)->(15,9,30.5142)->(15,8,31.8481)->(15,7,32.6765)->(15,6,34.0103)->(15,5,36.2246)->(16,5,38.4388)->(17,5,39.7566)->(18,5,40.4388)->(19,5,41.0066)->(20,5,41.5246)->(21,5,42.0425)->(22,5,42.6103)->(23,5,43.2925)->(24,5,44.6103)->(25,5,5022.01)->
Agent 28:(8,31,2.2)->(8,30,3.81421)->(8,29,5.13205)->(8,28,5.81421)->(8,27,6.38205)->(8,26,6.9)->(8,25,7.4)->(8,24,7.9)->(8,23,8.4)->(8,22,8.9)->(8,21,9.4)->(8,20,9.9)->(8,19,10.4)->(8,18,10.9)->(8,17,11.4)->(8,16,11.9)->(8,15,12.4)->(8,14,12.9)->(8,13,13.4179)->(8,12,13.9858)->(8,11,14.6679)->(8,10,15.9858)->(8,9,18.2)->(9,9,20.4142)->(10,9,21.7321)->(11,9,22.4142)->(12,9,22.9821)->(13,9,23.5)->(14,9,24)->(15,9,24.5)->(16,9,25)->(17,9,25.5)->(18,9,26)->(19,9,26.5)->(20,9,27)->(21,9,27.5)->(22,9,28)->(23,9,28.5)->(24,9,29.0179)->(25,9,29.5858)->(26,9,30.2679)->(27,9,31.5858)->(28,9,34.2142)->(28,10,5017.3)->
Agent 29:(26,13,2.03579)->(25,13,3.48579)->(24,13,4.80362)->(23,13,5.48579)->(22,13,6.05362)->(21,13,6.57157)->(20,13,7.07157)->(19,13,7.57157)->(18,13,8.07157)->(17,13,8.57157)->(16,13,9.07157)->(15,13,9.57157)->(14,13,10.0895)->(13,13,10.6574)->(12,13,11.3395)->(11,13,12.6574)->(10,13,19.3)->(10,14,25.9426)->(10,15,27.2605)->(10,16,27.9426)->(10,17,28.5105)->(10,18,29.0284)->(10,19,29.5284)->(10,20,30.0284)->(10,21,30.5284)->(10,22,31.0284)->(10,23,31.5284)->(10,24,32.0284)->(10,25,32.5464)->(10,26,33.1142)->(10,27,33.7964)->(10,28,35.1142)->(10,29,37.3284)->(9,29,39.5779)->(8,29,41.5779)->(7,29,5020.51)->
Agent 30:(24,27,1.8)->(23,27,3.6)->(22,27,9.05)->(22,26,13.9142)->(22,25,15.2321)->(22,24,15.9142)->(22,23,16.4821)->(22,22,17)->(22,21,17.5)->(22,20,18)->(22,19,18.5)->(22,18,19)->(22,17,19.5)->(22,16,20)->(22,15,20.5)->(22,14,21)->(22,13,21.5)->(22,12,22.0179)->(22,11,22.5858)->(22,10,23.2679)->(22,9,24.5858)->(22,8,27.2142)->(21,8,30.8142)->(21,9,34.0284)->(21,10,5017.01)->
Agent 31:(9,0,2.8)->(9,1,5.01421)->(9,2,6.33205)->(9,3,7.01421)->(9,4,7.58205)->(9,5,8.1)->(9,6,8.6)->(9,7,9.1)->(9,8,9.6)->(9,9,10.1)->(9,10,10.6)->(9,11,11.1)->(9,12,11.6)->(9,13,12.1)->(9,14,12.6)->(9,15,13.1)->(9,16,13.6179)->(9,17,14.1858)->(9,18,14.8679)->(9,19,16.1858)->(9,20,18.4425)->(8,20,20.6992)->(7,20,22.0171)->(6,20,22.6992)->(5,20,23.285)->(4,20,23.8708)->(3,20,24.553)->(2,20,25.8708)->(1,20,28.4992)->(1,21,5014.44)->
Agent 32:(11,20,1.66626)->(11,21,2.74674)->(11,22,4.06457)->(11,23,4.79662)->(11,24,5.52868)->(11,25,6.84651)->(11,26,9.06073)->(12,26,11.2749)->(13,26,12.6892)->(14,26,14.1034)->(15,26,5006.76)->
Agent 33:(30,19,2.2)->(30,18,4.4)->(30,17,7.78205)->(29,17,10.5783)->(28,17,11.8962)->(27,17,12.5783)->(26,17,13.1462)->(25,17,13.6641)->(24,17,14.1641)->(23,17,14.6821)->(22,17,15.2499)->(21,17,15.9321)->(20,17,17.2499)->(19,17,19.8783)->(19,16,5010.13)->
Agent 34:(5,8,2.4142)->(5,9,4.27789)->(5,10,6.27789)->(5,11,8.94159)->(6,11,12.5416)->(6,12,15.17)->(6,13,16.4879)->(6,14,17.17)->(6,15,17.7558)->(6,16,18.3416)->(6,17,19.0238)->(6,18,20.3416)->(6,19,22.5558)->(7,19,25.3558)->(8,19,28.1558)->(8,20,30.9558)->(8,21,5015.48)->
Agent 35:(17,3,1.3)->(17,4,2.01421)->(17,5,3.42843)->(17,6,4.84264)->(17,7,7.74638)->(18,7,10.6501)->(19,7,11.9679)->(20,7,12.6501)->(21,7,13.2179)->(22,7,13.7359)->(23,7,14.2359)->(24,7,14.7359)->(25,7,15.2538)->(26,7,15.8217)->(27,7,16.5038)->(28,7,17.8217)->(29,7,20.0359)->(29,8,22.2501)->(29,9,23.5679)->(29,10,24.2501)->(29,11,24.8179)->(29,12,25.3359)->(29,13,25.8359)->(29,14,26.3359)->(29,15,26.8538)->(29,16,27.4217)->(29,17,28.1038)->(29,18,29.4217)->(29,19,32.0501)->(30,19,35.6501)->(30,20,38.3138)->(30,21,40.3138)->(30,22,5019.88)->
Agent 36:(4,20,2.2)->(4,19,3.81421)->(4,18,5.13205)->(4,17,5.81421)->(4,16,6.38205)->(4,15,6.91795)->(4,14,7.48579)->(4,13,8.16795)->(4,12,9.48579)->(4,11,12.9578)->(5,11,16.4298)->(6,11,17.7637)->(7,11,18.5921)->(8,11,19.926)->(9,11,22.5843)->(9,10,5011.5)->
Agent 37:(29,8,2.21421)->(28,8,4.81421)->(28,7,7.44264)->(28,6,8.76048)->(28,5,9.44264)->(28,4,10.0284)->(28,3,10.6142)->(28,2,11.2964)->(28,1,12.6142)->(28,0,17.4926)->(28,1,5010.06)->
Agent 38:(16,19,3.93205)->(15,19,7.27832)->(14,19,8.59615)->(13,19,9.27832)->(12,19,9.84615)->(11,19,10.3821)->(10,19,10.9499)->(9,19,11.6321)->(8,19,12.9499)->(7,19,15.2321)->(7,20,17.5495)->(7,21,19.5495)->(7,22,5009.5)->
Agent 39:(31,30,1.8)->(30,30,3.01421)->(29,30,4.33205)->(28,30,5.0641)->(27,30,5.79615)->(26,30,7.11399)->(25,30,5003.26)->
Agent 40:(27,17,2.2)->(27,16,3.81421)->(27,15,5.13205)->(27,14,5.82382)->(27,13,6.45949)->(27,12,7.15126)->(27,11,8.4691)->(27,10,12.2059)->(26,10,15.9426)->(25,10,17.2605)->(24,10,17.9426)->(23,10,18.5105)->(22,10,19.0464)->(21,10,19.6142)->(20,10,20.2964)->(19,10,21.6142)->(18,10,24.7642)->(18,9,27.9142)->(18,8,29.3284)->(18,7,30.7426)->(18,6,33.3711)->(17,6,5016.88)->
Agent 41:(15,0,2.4142)->(14,0,4.24261)->(13,0,5.56045)->(12,0,6.24261)->(11,0,6.81045)->(10,0,7.3284)->(9,0,7.8284)->(8,0,8.3284)->(7,0,8.84635)->(6,0,9.41419)->(5,0,10.0963)->(4,0,11.4142)->(3,0,13.6284)->(3,1,15.8426)->(3,2,17.1605)->(3,3,17.8426)->(3,4,18.4105)->(3,5,18.9284)->(3,6,19.4463)->(3,7,20.0142)->(3,8,20.6963)->(3,9,22.0142)->(3,10,24.6426)->(2,10,5012.51)->
Agent 42:(28,19,2.2)->(28,18,3.81421)->(28,17,5.13205)->(28,16,5.81421)->(28,15,6.38205)->(28,14,6.9)->(28,13,7.4)->(28,12,7.91795)->(28,11,8.48579)->(28,10,9.16795)->(28,9,10.4858)->(28,8,13.7142)->(27,8,16.9426)->(26,8,18.2605)->(25,8,18.9426)->(24,8,19.5105)->(23,8,20.0284)->(22,8,20.5284)->(21,8,21.0284)->(20,8,21.5284)->(19,8,22.0284)->(18,8,22.5284)->(17,8,23.0284)->(16,8,23.5284)->(15,8,24.0284)->(14,8,24.5284)->(13,8,25.0284)->(12,8,25.5284)->(11,8,26.0284)->(10,8,26.5284)->(9,8,27.0284)->(8,8,27.5464)->(7,8,28.1142)->(6,8,28.7964)->(5,8,30.1142)->(4,8,32.7426)->(4,9,5016.56)->
Agent 43:(1,19,2.2)->(1,18,3.81421)->(1,17,5.13205)->(1,16,5.81421)->(1,15,6.38205)->(1,14,6.9)->(1,13,7.41795)->(1,12,7.98579)->(1,11,8.66795)->(1,10,9.98579)->(1,9,13.6142)->(2,9,17.2426)->(3,9,18.5605)->(4,9,19.2426)->(5,9,19.8284)->(6,9,20.4142)->(7,9,21.0964)->(8,9,22.4142)->(9,9,5010.91)->
Agent 44:(7,24,2.2)->(7,23,3.81421)->(7,22,5.13205)->(7,21,5.81421)->(7,20,6.38205)->(7,19,6.9)->(7,18,7.4)->(7,17,7.9)->(7,16,8.4)->(7,15,8.91795)->(7,14,9.48579)->(7,13,10.1679)->(7,12,11.4858)->(7,11,14.2917)->(8,11,17.0975)->(9,11,18.4154)->(10,11,19.0975)->(11,11,19.6654)->(12,11,20.1833)->(13,11,20.6833)->(14,11,21.1833)->(15,11,21.6833)->(16,11,22.1833)->(17,11,22.6833)->(18,11,23.1833)->(19,11,23.7013)->(20,11,24.2691)->(21,11,24.9513)->(22,11,26.2691)->(23,11,5012.84)->
Agent 45:(19,21,2.2)->(19,20,3.81421)->(19,19,5.22843)->(19,18,6.64264)->(19,17,9.82841)->(18,17,13.0142)->(17,17,14.332)->(16,17,15.0142)->(15,17,15.582)->(14,17,16.1)->(13,17,16.6)->(12,17,17.1)->(11,17,17.6179)->(10,17,18.1858)->(9,17,18.8679)->(8,17,20.1858)->(7,17,26.7964)->(7,16,33.407)->(7,15,34.7248)->(7,14,35.407)->(7,13,35.9748)->(7,12,36.4928)->(7,11,36.9928)->(7,10,37.4928)->(7,9,37.9928)->(7,8,38.4928)->(7,7,38.9928)->(7,6,39.4928)->(7,5,39.9928)->(7,4,40.5107)->(7,3,41.0785)->(7,2,41.7607)->(7,1,43.0785)->(7,0,45.707)->(6,0,5023.05)->
Agent 46:(5,9,1.3)->(5,10,2.01421)->(5,11,3.33205)->(5,12,4.01421)->(5,13,4.58205)->(5,14,5.1)->(5,15,5.6)->(5,16,6.1)->(5,17,6.61795)->(5,18,7.18579)->(5,19,7.86795)->(5,20,9.18579)->(5,21,11.8142)->(4,21,5006.1)->
Agent 47:(25,6,2.73216)->(24,6,4.87854)->(23,6,6.19638)->(22,6,6.87854)->(21,6,7.44638)->(20,6,7.96433)->(19,6,8.46433)->(18,6,8.96433)->(17,6,9.46433)->(16,6,9.96433)->(15,6,10.4643)->(14,6,10.9643)->(13,6,11.4643)->(12,6,11.9643)->(11,6,12.4643)->(10,6,12.9823)->(9,6,13.5501)->(8,6,14.2323)->(7,6,15.5501)->(6,6,17.7643)->(6,7,19.9785)->(6,8,21.2964)->(6,9,21.9785)->(6,10,22.5464)->(6,11,23.0643)->(6,12,23.5823)->(6,13,24.1501)->(6,14,24.8323)->(6,15,26.1501)->(6,16,28.3643)->(5,16,30.5785)->(4,16,31.8964)->(3,16,32.6284)->(2,16,33.3605)->(1,16,34.6783)->(0,16,36.8925)->(0,17,39.1067)->(0,18,40.4246)->(0,19,41.1067)->(0,20,41.6925)->(0,21,42.2783)->(0,22,42.9605)->(0,23,44.2783)->(0,24,5021.85)->
Agent 48:(15,31,2.2)->(15,30,3.81421)->(15,29,5.13205)->(15,28,5.81421)->(15,27,6.38205)->(15,26,6.9)->(15,25,7.4)->(15,24,7.9)->(15,23,8.4)->(15,22,8.91795)->(15,21,9.48579)->(15,20,10.1679)->(15,19,11.4858)->(15,18,14.3103)->(16,18,17.1348)->(17,18,18.4526)->(18,18,19.1444)->(19,18,19.7801)->(20,18,20.4718)->(21,18,21.7897)->(22,18,5010.6)->
Agent 49:(3,6,1.8)->(2,6,3.6)->(1,6,12.2019)->(1,7,20.2181)->(1,8,21.5519)->(1,9,22.3804)->(1,10,23.7142)->(1,11,5011.56)->
Agent 50:(31,20,1.8)->(30,20,3.01421)->(29,20,4.33205)->(28,20,5.01421)->(27,20,5.58205)->(26,20,6.1)->(25,20,6.6)->(24,20,7.1)->(23,20,7.6)->(22,20,8.1)->(21,20,8.6)->(20,20,9.1)->(19,20,9.6)->(18,20,10.1)->(17,20,10.6)->(16,20,11.1)->(15,20,11.6)->(14,20,12.1)->(13,20,12.6)->(12,20,13.1)->(11,20,13.6)->(10,20,14.1)->(9,20,14.6)->(8,20,15.1)->(7,20,15.6)->(6,20,16.1179)->(5,20,16.6858)->(4,20,17.3679)->(3,20,18.6858)->(2,20,20.9)->(2,19,23.7)->(2,18,5011.85)->
Agent 51:(17,14,1.71421)->(17,15,3.81421)->(18,15,6.44264)->(19,15,7.76048)->(20,15,8.44264)->(21,15,9.01048)->(22,15,9.52843)->(23,15,10.0464)->(24,15,10.6142)->(25,15,11.2964)->(26,15,12.6142)->(27,15,15.1463)->(27,16,17.6783)->(27,17,18.9962)->(27,18,19.7282)->(27,19,20.4603)->(27,20,21.7781)->(27,21,24.4065)->(26,21,5012.4)->
Agent 52:(24,30,3.33205)->(24,29,6.07832)->(24,28,7.39615)->(24,27,8.07832)->(24,26,8.64615)->(24,25,9.1641)->(24,24,9.6641)->(24,23,10.1641)->(24,22,10.6641)->(24,21,11.1641)->(24,20,11.6641)->(24,19,12.1641)->(24,18,12.6641)->(24,17,13.1641)->(24,16,13.6641)->(24,15,14.1641)->(24,14,14.6641)->(24,13,15.1641)->(24,12,15.6641)->(24,11,16.1641)->(24,10,16.6641)->(24,9,17.1641)->(24,8,17.6641)->(24,7,18.1641)->(24,6,18.6641)->(24,5,19.1641)->(24,4,19.6821)->(24,3,20.2499)->(24,2,20.9321)->(24,1,22.2499)->(24,0,24.4641)->(23,0,26.6783)->(22,0,27.9962)->(21,0,28.6783)->(20,0,29.2641)->(19,0,29.8499)->(18,0,30.5321)->(17,0,31.8499)->(16,0,34.4783)->(16,1,5017.43)->
Agent 53:(28,12,1.8)->(29,12,3.6)->(30,12,6.81421)->(30,13,9.44264)->(30,14,10.7605)->(30,15,11.4426)->(30,16,12.0105)->(30,17,12.5284)->(30,18,13.0284)->(30,19,13.5284)->(30,20,14.0464)->(30,21,14.6142)->(30,22,15.2964)->(30,23,16.6142)->(30,24,19.2426)->(31,24,5009.81)->
Agent 54:(28,20,1.71421)->(28,21,5.81421)->(27,21,10.4426)->(26,21,11.7605)->(25,21,12.4426)->(24,21,13.0105)->(23,21,13.5284)->(22,21,14.0284)->(21,21,14.5284)->(20,21,15.0284)->(19,21,15.5284)->(18,21,16.0284)->(17,21,16.5284)->(16,21,17.0284)->(15,21,17.5284)->(14,21,18.0284)->(13,21,18.5284)->(12,21,19.0284)->(11,21,19.5284)->(10,21,20.0464)->(9,21,20.6142)->(8,21,21.2964)->(7,21,22.6142)->(6,21,24.8284)->(6,20,27.6284)->(6,19,5013.81)->
Agent 55:(7,25,4.95)->(8,25,9.31421)->(9,25,10.7284)->(10,25,12.1426)->(11,25,21.1789)->(11,26,30.2505)->(11,27,32.2505)->(11,28,5015.85)->
Agent 56:(25,31,2.2)->(25,30,3.81421)->(25,29,5.13205)->(25,28,5.81421)->(25,27,6.38205)->(25,26,6.9)->(25,25,7.4)->(25,24,7.9)->(25,23,8.4)->(25,22,8.9)->(25,21,9.4)->(25,20,9.9)->(25,19,10.4179)->(25,18,10.9858)->(25,17,11.6679)->(25,16,12.9858)->(25,15,15.2)->(24,15,17.4142)->(23,15,18.7321)->(22,15,19.4142)->(21,15,19.9821)->(20,15,20.5)->(19,15,21)->(18,15,21.5)->(17,15,22.0179)->(16,15,22.5858)->(15,15,23.2679)->(14,15,24.5858)->(13,15,26.8)->(13,14,29.0142)->(13,13,30.3321)->(13,12,31.0142)->(13,11,31.5821)->(13,10,32.1)->(13,9,32.6179)->(13,8,33.1858)->(13,7,33.8679)->(13,6,35.1858)->(13,5,37.8142)->(12,5,5019.1)->
Agent 57:(23,17,3.31795)->(23,16,6.05011)->(23,15,7.36795)->(23,14,8.05011)->(23,13,8.61795)->(23,12,9.1359)->(23,11,9.6359)->(23,10,10.1359)->(23,9,10.6359)->(23,8,11.1359)->(23,7,11.6359)->(23,6,12.1359)->(23,5,12.6538)->(23,4,13.2217)->(23,3,13.9038)->(23,2,15.2217)->(23,1,5007.32)->
Agent 58:(14,0,1.3)->(14,1,2.01421)->(14,2,3.33205)->(14,3,4.01421)->(14,4,4.58205)->(14,5,5.11795)->(14,6,5.68579)->(14,7,6.36795)->(14,8,7.68579)->(14,9,10.8083)->(15,9,13.9309)->(16,9,15.2487)->(17,9,15.9405)->(18,9,16.5762)->(19,9,17.2679)->(20,9,18.5858)->(21,9,21.8417)->(21,10,25.0975)->(21,11,26.4154)->(21,12,27.1071)->(21,13,27.7428)->(21,14,28.4346)->(21,15,29.7524)->(21,16,32.3808)->(20,16,5016.38)->
Agent 59:(18,15,1.3)->(18,16,2.01421)->(18,17,3.33205)->(18,18,4.01421)->(18,19,4.6)->(18,20,5.18579)->(18,21,5.86795)->(18,22,7.18579)->(18,23,9.4)->(19,23,11.6142)->(20,23,12.9321)->(21,23,13.6142)->(22,23,14.1821)->(23,23,14.7179)->(24,23,15.2858)->(25,23,15.9679)->(26,23,17.2858)->(27,23,19.5)->(27,24,21.7495)->(27,25,23.7495)->(27,26,26.4132)->(28,26,5013.4)->
Agent 60:(2,21,3.2)->(2,20,5.81421)->(2,19,7.13205)->(2,18,7.81421)->(2,17,8.38205)->(2,16,8.91795)->(2,15,9.48579)->(2,14,10.1679)->(2,13,11.4858)->(2,12,13.7)->(3,12,15.9142)->(4,12,17.2321)->(5,12,17.9142)->(6,12,18.4821)->(7,12,19)->(8,12,19.5179)->(9,12,20.0858)->(10,12,20.7679)->(11,12,22.0858)->(12,12,5010.75)->
Agent 61:(1,8,1.8)->(2,8,3.01421)->(3,8,4.33205)->(4,8,5.01421)->(5,8,5.58205)->(6,8,6.1)->(7,8,6.6)->(8,8,7.1)->(9,8,7.6)->(10,8,8.1)->(11,8,8.6)->(12,8,9.1)->(13,8,9.6)->(14,8,10.1)->(15,8,10.6179)->(16,8,11.1858)->(17,8,11.8679)->(18,8,13.1858)->(19,8,15.4)->(19,7,17.6495)->(19,6,19.6495)->(19,5,21.899)->(20,5,24.1132)->(21,5,25.431)->(22,5,26.1132)->(23,5,26.681)->(24,5,27.199)->(25,5,27.699)->(26,5,28.2169)->(27,5,28.7848)->(28,5,29.4669)->(29,5,30.7848)->(30,5,32.999)->(30,4,35.2485)->(30,3,37.2485)->(30,2,5018.35)->
Agent 62:(12,9,1.8)->(13,9,3.01421)->(14,9,4.33205)->(15,9,5.01421)->(16,9,5.58205)->(17,9,6.1)->(18,9,6.6)->(19,9,7.1)->(20,9,7.6)->(21,9,8.11795)->(22,9,8.68579)->(23,9,9.36795)->(24,9,10.6858)->(25,9,12.9)->(25,10,15.1142)->(25,11,16.4321)->(25,12,17.1142)->(25,13,17.6821)->(25,14,18.2)->(25,15,18.7)->(25,16,19.2)->(25,17,19.7179)->(25,18,20.2858)->(25,19,20.9679)->(25,20,22.2858)->(25,21,5010.85)->
Agent 63:(25,26,2.21421)->(26,26,7.69264)->(26,25,13.1995)->(26,24,14.5173)->(26,23,15.1995)->(26,22,15.7673)->(26,21,16.2853)->(26,20,16.7853)->(26,19,17.2853)->(26,18,17.7853)->(26,17,18.2853)->(26,16,18.7853)->(26,15,19.2853)->(26,14,19.7853)->(26,13,20.2853)->(26,12,20.7853)->(26,11,21.2853)->(26,10,21.7853)->(26,9,22.2853)->(26,8,22.7853)->(26,7,23.2853)->(26,6,23.8032)->(26,5,24.3711)->(26,4,25.0532)->(26,3,26.3711)->(26,2,28.9995)->(25,2,5014.69)->
Agent 64:(13,14,1.8)->(14,14,3.01421)->(15,14,4.33205)->(16,14,5.01421)->(17,14,5.6)->(18,14,6.18579)->(19,14,6.86795)->(20,14,8.18579)->(21,14,11.8254)->(21,15,15.4651)->(21,16,16.799)->(21,17,17.6274)->(21,18,18.9612)->(21,19,5009.19)->
Agent 65:(2,12,3.1)->(3,12,5.61421)->(4,12,6.93205)->(5,12,7.61421)->(6,12,8.18205)->(7,12,8.7)->(8,12,9.2)->(9,12,9.7)->(10,12,10.2)->(11,12,10.7)->(12,12,11.2)->(13,12,11.7)->(14,12,12.2)->(15,12,12.7)->(16,12,13.2)->(17,12,13.7)->(18,12,14.2)->(19,12,14.7)->(20,12,15.2)->(21,12,15.7179)->(22,12,16.2858)->(23,12,16.9679)->(24,12,18.2858)->(25,12,20.5)->(25,13,22.7142)->(25,14,24.0321)->(25,15,24.7142)->(25,16,25.3)->(25,17,25.8858)->(25,18,26.5679)->(25,19,27.8858)->(25,20,30.5142)->(26,20,5015.45)->
Agent 66:(22,10,1.8)->(21,10,3.01421)->(20,10,4.33205)->(19,10,5.01421)->(18,10,5.58205)->(17,10,6.1)->(16,10,6.6)->(15,10,7.11795)->(14,10,7.68579)->(13,10,8.36795)->(12,10,9.68579)->(11,10,11.9)->(11,9,14.1142)->(11,8,15.4481)->(11,7,16.2765)->(11,6,17.6103)->(11,5,21.6907)->(11,6,5011.76)->
Agent 67:(11,24,2.30194)->(11,25,4.01809)->(11,26,5.35194)->(11,27,6.18036)->(11,28,7.51421)->(11,29,5003.46)->
Agent 68:(2,31,1.90374)->(3,31,3.22168)->(4,31,4.53952)->(5,31,5.22168)->(6,31,5.78952)->(7,31,6.30747)->(8,31,6.80747)->(9,31,7.30747)->(10,31,7.80747)->(11,31,8.30747)->(12,31,8.80747)->(13,31,9.30747)->(14,31,9.80747)->(15,31,10.3075)->(16,31,10.8075)->(17,31,11.3075)->(18,31,11.8075)->(19,31,12.3254)->(20,31,12.8933)->(21,31,13.5754)->(22,31,14.8933)->(23,31,5007.15)->
Agent 69:(31,4,1.8)->(30,4,3.01421)->(29,4,4.33205)->(28,4,5.01421)->(27,4,5.58205)->(26,4,6.1)->(25,4,6.6)->(24,4,7.1)->(23,4,7.6)->(22,4,8.1)->(21,4,8.6)->(20,4,9.11795)->(19,4,9.68579)->(18,4,10.3679)->(17,4,11.6858)->(16,4,13.9)->(16,5,16.1142)->(16,6,17.4321)->(16,7,18.1142)->(16,8,18.6821)->(16,9,19.2179)->(16,10,19.7858)->(16,11,20.4679)->(16,12,21.7858)->(16,13,24.4142)->(17,13,28.0142)->(17,14,30.6426)->(17,15,31.9605)->(17,16,32.6522)->(17,17,33.2879)->(17,18,33.9797)->(17,19,35.2975)->(17,20,5017.36)->
Agent 70:(27,19,1.8)->(26,19,3.01421)->(25,19,4.33205)->(24,19,5.0641)->(23,19,5.79615)->(22,19,7.11399)->(21,19,12.4518)->(21,20,17.7897)->(21,21,19.1235)->(21,22,19.9519)->(21,23,21.2858)->(21,24,5010.35)->
Agent 71:(4,30,2.2)->(4,29,3.81421)->(4,28,5.13205)->(4,27,5.81421)->(4,26,6.38205)->(4,25,6.9)->(4,24,7.4)->(4,23,7.91795)->(4,22,8.48579)->(4,21,9.16795)->(4,20,10.4858)->(4,19,13.5858)->(5,19,16.6858)->(6,19,18.0036)->(7,19,18.6858)->(8,19,19.2536)->(9,19,19.7716)->(10,19,20.2716)->(11,19,20.7716)->(12,19,21.2716)->(13,19,21.7716)->(14,19,22.2716)->(15,19,22.7895)->(16,19,23.3574)->(17,19,24.0395)->(18,19,25.3574)->(19,19,5012.39)->
Agent 72:(11,17,2.61421)->(11,16,8.16421)->(12,16,19.9606)->(11,16,28.2354)->(10,16,29.5532)->(9,16,30.2354)->(8,16,30.8212)->(7,16,31.407)->(6,16,32.0891)->(5,16,33.407)->(4,16,5016.41)->
Agent 73:(26,18,4.6)->(26,17,8.61421)->(26,16,9.93205)->(26,15,10.6142)->(26,14,11.1821)->(26,13,11.7)->(26,12,12.2)->(26,11,12.7)->(26,10,13.2)->(26,9,13.7)->(26,8,14.2)->(26,7,14.7179)->(26,6,15.2858)->(26,5,15.9679)->(26,4,17.2858)->(26,3,20.8284)->(25,3,24.3711)->(24,3,25.6889)->(23,3,26.3711)->(22,3,26.9389)->(21,3,27.4569)->(20,3,27.9569)->(19,3,28.4569)->(18,3,28.9569)->(17,3,29.4569)->(16,3,29.9569)->(15,3,30.4569)->(14,3,30.9569)->(13,3,31.4569)->(12,3,31.9569)->(11,3,32.4569)->(10,3,32.9569)->(9,3,33.4569)->(8,3,33.9569)->(7,3,34.4569)->(6,3,34.9748)->(5,3,35.5426)->(4,3,36.2248)->(3,3,37.5426)->(2,3,5018.48)->
Agent 74:(23,21,4.55)->(23,22,8.51421)->(23,23,9.83205)->(23,24,10.5142)->(23,25,11.1)->(23,26,11.6858)->(23,27,12.3679)->(23,28,13.6858)->(23,29,15.9)->(24,29,18.1142)->(25,29,19.5284)->(26,29,20.9426)->(27,29,5010.18)->
Agent 75:(2,5,1.8)->(3,5,3.01421)->(4,5,4.33205)->(5,5,5.01421)->(6,5,5.58205)->(7,5,6.1)->(8,5,6.6)->(9,5,7.1)->(10,5,7.61795)->(11,5,8.18579)->(12,5,8.86795)->(13,5,10.1858)->(14,5,12.4)->(14,6,14.6142)->(14,7,15.9321)->(14,8,16.6238)->(14,9,17.2595)->(14,10,17.9513)->(14,11,19.2691)->(14,12,5009.34)->
Agent 76:(18,31,4.38579)->(18,30,8.18579)->(18,29,9.50362)->(18,28,10.1858)->(18,27,10.7536)->(18,26,11.2716)->(18,25,11.7716)->(18,24,12.2716)->(18,23,12.7716)->(18,22,13.2716)->(18,21,13.7716)->(18,20,14.2716)->(18,19,14.7716)->(18,18,15.2716)->(18,17,15.7716)->(18,16,16.2716)->(18,15,16.7716)->(18,14,17.2716)->(18,13,17.7716)->(18,12,18.2716)->(18,11,18.7716)->(18,10,19.2895)->(18,9,19.8574)->(18,8,20.5395)->(18,7,21.8574)->(18,6,24.0716)->(19,6,26.2858)->(20,6,27.6196)->(21,6,28.4481)->(22,6,29.7819)->(23,6,5014.6)->
Agent 77:(2,20,2.2)->(2,19,3.81421)->(2,18,5.13205)->(2,17,5.81421)->(2,16,6.38205)->(2,15,6.9)->(2,14,7.4)->(2,13,7.9)->(2,12,8.4)->(2,11,8.9)->(2,10,9.4)->(2,9,9.9)->(2,8,10.4)->(2,7,10.9)->(2,6,11.4)->(2,5,11.9)->(2,4,12.4179)->(2,3,12.9858)->(2,2,13.6679)->(2,1,14.9858)->(2,0,22.7963)->(3,0,30.6067)->(4,0,31.9246)->(5,0,32.6067)->(6,0,33.1746)->(7,0,33.6925)->(8,0,34.1925)->(9,0,34.6925)->(10,0,35.1925)->(11,0,35.6925)->(12,0,36.1925)->(13,0,36.6925)->(14,0,37.1925)->(15,0,37.6925)->(16,0,38.1925)->(17,0,38.6925)->(18,0,39.1925)->(19,0,39.6925)->(20,0,40.1925)->(21,0,40.6925)->(22,0,41.1925)->(23,0,41.7105)->(24,0,42.2783)->(25,0,42.9605)->(26,0,44.2783)->(27,0,5021.85)->
Agent 78:(12,25,2.8)->(12,24,5.01421)->(12,23,6.33205)->(12,22,7.01421)->(12,21,7.58205)->(12,20,8.1)->(12,19,8.6)->(12,18,9.11795)->(12,17,9.68579)->(12,16,10.3679)->(12,15,11.6858)->(12,14,5005.55)->
Agent 79:(11,0,1.71421)->(11,1,3.81421)->(12,1,6.44264)->(13,1,7.76048)->(14,1,8.44264)->(15,1,9.01048)->(16,1,9.52843)->(17,1,10.0464)->(18,1,10.6142)->(19,1,11.2964)->(20,1,12.6142)->(21,1,5006.01)->
Agent 80:(31,3,1.8)->(30,3,3.6)->(29,3,6.4)->(29,4,8.61421)->(29,5,9.93205)->(29,6,10.6142)->(29,7,11.1821)->(29,8,11.7)->(29,9,12.2)->(29,10,12.7)->(29,11,13.2)->(29,12,13.7)->(29,13,14.2)->(29,14,14.7)->(29,15,15.2)->(29,16,15.7179)->(29,17,16.2858)->(29,18,16.9679)->(29,19,18.2858)->(29,20,5008.85)->
Agent 81:(27,12,2.2)->(27,11,3.84949)->(27,10,5.84949)->(27,9,9.59949)->(28,9,13.3495)->(29,9,15.3495)->(30,9,5007.4)->
Agent 82:(20,18,5.51421)->(20,17,10.4426)->(20,16,11.7605)->(20,15,12.4426)->(20,14,13.0105)->(20,13,13.5284)->(20,12,14.0284)->(20,11,14.5284)->(20,10,15.0284)->(20,9,15.5284)->(20,8,16.0464)->(20,7,16.6142)->(20,6,17.2964)->(20,5,18.6142)->(20,4,20.8284)->(19,4,23.0426)->(18,4,24.3605)->(17,4,25.0426)->(16,4,25.6105)->(15,4,26.1284)->(14,4,26.6284)->(13,4,27.1284)->(12,4,27.6284)->(11,4,28.1284)->(10,4,28.6284)->(9,4,29.1284)->(8,4,29.6464)->(7,4,30.2142)->(6,4,30.8964)->(5,4,32.2142)->(4,4,5015.81)->
Agent 83:(31,6,1.8)->(30,6,3.01421)->(29,6,4.33205)->(28,6,5.01421)->(27,6,5.58205)->(26,6,6.1)->(25,6,6.61795)->(24,6,7.18579)->(23,6,7.86795)->(22,6,9.18579)->(21,6,12.3)->(21,7,15.4142)->(21,8,16.7321)->(21,9,17.4142)->(21,10,17.9821)->(21,11,18.5179)->(21,12,19.0858)->(21,13,19.7679)->(21,14,21.0858)->(21,15,23.7142)->(20,15,5012.05)->
Agent 84:(20,0,1.96421)->(20,1,3.34264)->(20,2,4.66048)->(20,3,5.34264)->(20,4,5.91048)->(20,5,6.42843)->(20,6,6.94638)->(20,7,7.51421)->(20,8,8.19638)->(20,9,9.51421)->(20,10,11.7284)->(19,10,13.9779)->(18,10,15.9779)->(17,10,5007.71)->
Agent 85:(31,10,1.3)->(31,11,2.01421)->(31,12,3.33205)->(31,13,4.01421)->(31,14,4.58205)->(31,15,5.1)->(31,16,5.6)->(31,17,6.1)->(31,18,6.6)->(31,19,7.1)->(31,20,7.61795)->(31,21,8.18579)->(31,22,8.86795)->(31,23,10.1858)->(31,24,12.4)->(30,24,14.6142)->(29,24,15.9321)->(28,24,16.6142)->(27,24,17.1821)->(26,24,17.7)->(25,24,18.2)->(24,24,18.7)->(23,24,19.2)->(22,24,19.7)->(21,24,20.2)->(20,24,20.7)->(19,24,21.2)->(18,24,21.7)->(17,24,22.2)->(16,24,22.7)->(15,24,23.2)->(14,24,23.7)->(13,24,24.2)->(12,24,24.7)->(11,24,25.2)->(10,24,25.7179)->(9,24,26.2858)->(8,24,26.9679)->(7,24,28.2858)->(6,24,5013.85)->
Agent 86:(20,4,1.8)->(19,4,3.01421)->(18,4,4.33205)->(17,4,5.01421)->(16,4,5.58205)->(15,4,6.1)->(14,4,6.6)->(13,4,7.1)->(12,4,7.6)->(11,4,8.1)->(10,4,8.6)->(9,4,9.11795)->(8,4,9.68579)->(7,4,10.3679)->(6,4,11.6858)->(5,4,15.7)->(5,5,19.7142)->(5,6,21.0321)->(5,7,21.7142)->(5,8,22.2821)->(5,9,22.8)->(5,10,23.3)->(5,11,23.8)->(5,12,24.3)->(5,13,24.8)->(5,14,25.3)->(5,15,25.8)->(5,16,26.3)->(5,17,26.8)->(5,18,27.3)->(5,19,27.8)->(5,20,28.3)->(5,21,28.8)->(5,22,29.3)->(5,23,29.8)->(5,24,30.3)->(5,25,30.8)->(5,26,31.3179)->(5,27,31.8858)->(5,28,32.5679)->(5,29,33.8858)->(5,30,5016.65)->
Agent 87:(8,17,2.4142)->(9,17,4.24261)->(10,17,5.56045)->(11,17,6.24261)->(12,17,6.8284)->(13,17,7.41419)->(14,17,8.09635)->(15,17,9.41419)->(16,17,11.6284)->(16,16,13.8779)->(16,15,15.8779)->(16,14,5007.66)->
Agent 88:(7,28,1.8)->(8,28,3.01421)->(9,28,4.33205)->(10,28,5.01421)->(11,28,5.58205)->(12,28,6.1)->(13,28,6.6)->(14,28,7.1)->(15,28,7.6)->(16,28,8.1)->(17,28,8.6)->(18,28,9.1)->(19,28,9.6)->(20,28,10.1)->(21,28,10.6)->(22,28,11.1)->(23,28,11.6)->(24,28,12.1179)->(25,28,12.6858)->(26,28,13.3679)->(27,28,14.6858)->(28,28,16.9)->(28,27,19.1142)->(28,26,20.5284)->(28,25,21.9426)->(28,24,5010.68)->
Agent 89:(15,21,2.2)->(15,20,3.81421)->(15,19,5.13205)->(15,18,5.81421)->(15,17,6.38205)->(15,16,6.9)->(15,15,7.4)->(15,14,7.91795)->(15,13,8.48579)->(15,12,9.16795)->(15,11,10.4858)->(15,10,16.55)->(16,10,5010.19)->
