Agent 0:(73,9,1.8)->(74,9,3.01421)->(75,9,4.34806)->(76,9,5.17649)->(77,9,6.51034)->(78,9,8.72456)->(78,10,10.9388)->(78,11,12.2566)->(78,12,12.9887)->(78,13,13.7207)->(78,14,15.0385)->(78,15,17.2528)->(77,15,19.467)->(76,15,20.7848)->(75,15,21.467)->(74,15,22.0348)->(73,15,22.5528)->(72,15,23.0528)->(71,15,23.5528)->(70,15,24.0528)->(69,15,24.5528)->(68,15,25.0707)->(67,15,25.6385)->(66,15,26.3207)->(65,15,27.6385)->(64,15,31.6264)->(64,16,35.6142)->(64,17,36.9321)->(64,18,37.6142)->(64,19,38.1821)->(64,20,38.7)->(64,21,39.2179)->(64,22,39.7858)->(64,23,40.4679)->(64,24,41.7858)->(64,25,44)->(63,25,46.2142)->(62,25,47.5321)->(61,25,48.2142)->(60,25,48.7821)->(59,25,49.3179)->(58,25,49.8858)->(57,25,50.5679)->(56,25,51.8858)->(55,25,54.5142)->(55,24,65.7142)->(55,25,76.5284)->(55,26,5038.26)->
Agent 1:(57,12,2.61421)->(57,11,5.61421)->(58,11,8.24264)->(59,11,9.56048)->(60,11,10.2925)->(61,11,11.0246)->(62,11,12.3424)->(63,11,14.5566)->(63,12,16.8061)->(63,13,18.8061)->(63,14,21.0556)->(64,14,23.8556)->(65,14,27.8684)->(65,15,5014.53)->
Agent 2:(76,56,2.18205)->(75,56,3.77832)->(74,56,5.09615)->(73,56,5.77832)->(72,56,6.34615)->(71,56,6.88205)->(70,56,7.44989)->(69,56,8.13205)->(68,56,9.44989)->(67,56,19.1463)->(67,55,28.8426)->(67,54,30.1605)->(67,53,30.8426)->(67,52,31.4105)->(67,51,31.9284)->(67,50,32.4284)->(67,49,32.9284)->(67,48,33.4284)->(67,47,33.9284)->(67,46,34.4284)->(67,45,34.9284)->(67,44,35.4284)->(67,43,35.9284)->(67,42,36.4284)->(67,41,36.9284)->(67,40,37.4284)->(67,39,37.9284)->(67,38,38.4284)->(67,37,38.9284)->(67,36,39.4284)->(67,35,39.9284)->(67,34,40.4284)->(67,33,40.9284)->(67,32,41.4284)->(67,31,41.9284)->(67,30,42.4284)->(67,29,42.9284)->(67,28,43.4284)->(67,27,43.9284)->(67,26,44.4284)->(67,25,44.9284)->(67,24,45.4284)->(67,23,45.9464)->(67,22,46.5142)->(67,21,47.1964)->(67,20,48.5142)->(67,19,50.7284)->(66,19,53.5284)->(65,19,5026.76)->
Agent 3:(68,54,1.8)->(67,54,3.6)->(66,54,6.4)->(66,55,9.2)->(66,56,5004.6)->
Agent 4:(20,25,1.8)->(21,25,3.01421)->(22,25,4.33205)->(23,25,5.01421)->(24,25,5.6)->(25,25,6.18579)->(26,25,6.86795)->(27,25,8.18579)->(28,25,10.4)->(28,26,12.6142)->(28,27,13.9321)->(28,28,14.6142)->(28,29,15.1821)->(28,30,15.7)->(28,31,16.2)->(28,32,16.7)->(28,33,17.2)->(28,34,17.7)->(28,35,18.2)->(28,36,18.7)->(28,37,19.2)->(28,38,19.7)->(28,39,20.2)->(28,40,20.7)->(28,41,21.2)->(28,42,21.7)->(28,43,22.2)->(28,44,22.7)->(28,45,23.2)->(28,46,23.7)->(28,47,24.2)->(28,48,24.7179)->(28,49,25.2858)->(28,50,25.9679)->(28,51,27.2858)->(28,52,29.5)->(27,52,31.7142)->(26,52,33.0321)->(25,52,33.7238)->(24,52,34.3595)->(23,52,35.0513)->(22,52,36.3691)->(21,52,5017.89)->
Agent 5:(35,27,2.2)->(35,26,3.81421)->(35,25,5.13205)->(35,24,5.8641)->(35,23,6.59615)->(35,22,7.91399)->(35,21,10.1282)->(34,21,12.3424)->(33,21,13.6603)->(32,21,14.3424)->(31,21,14.9103)->(30,21,15.4282)->(29,21,15.9282)->(28,21,16.4282)->(27,21,16.9282)->(26,21,17.4282)->(25,21,17.9282)->(24,21,18.4282)->(23,21,18.9462)->(22,21,19.514)->(21,21,20.1962)->(20,21,21.514)->(19,21,24.1424)->(19,20,29.1783)->(19,21,5015.5)->
Agent 6:(35,30,1.8)->(36,30,3.01421)->(37,30,4.34806)->(38,30,5.17649)->(39,30,6.51034)->(40,30,8.72456)->(40,31,10.9388)->(40,32,12.2566)->(40,33,12.9388)->(40,34,13.5066)->(40,35,14.0246)->(40,36,14.5246)->(40,37,15.0246)->(40,38,15.5246)->(40,39,16.0246)->(40,40,16.5246)->(40,41,17.0246)->(40,42,17.5246)->(40,43,18.0246)->(40,44,18.5246)->(40,45,19.0246)->(40,46,19.5246)->(40,47,20.0246)->(40,48,20.5246)->(40,49,21.0425)->(40,50,21.6103)->(40,51,22.2925)->(40,52,23.6103)->(40,53,27.6265)->(41,53,31.6426)->(42,53,32.9605)->(43,53,33.6426)->(44,53,34.2105)->(45,53,34.7284)->(46,53,35.2284)->(47,53,35.7284)->(48,53,36.2284)->(49,53,36.7464)->(50,53,37.3142)->(51,53,37.9964)->(52,53,39.3142)->(53,53,41.9426)->(53,54,5021.16)->
Agent 7:(73,14,1.3)->(73,15,2.01421)->(73,16,3.33205)->(73,17,4.02382)->(73,18,4.65949)->(73,19,5.35126)->(73,20,6.6691)->(73,21,8.88331)->(72,21,11.1328)->(71,21,13.1328)->(70,21,15.3823)->(70,22,17.5965)->(70,23,19.0107)->(70,24,20.4249)->(70,25,26.7838)->(69,25,33.1426)->(68,25,34.4605)->(67,25,35.1426)->(66,25,35.7105)->(65,25,36.2284)->(64,25,36.7284)->(63,25,37.2284)->(62,25,37.7284)->(61,25,38.2284)->(60,25,38.7284)->(59,25,39.2284)->(58,25,39.7284)->(57,25,40.2284)->(56,25,40.7284)->(55,25,41.2464)->(54,25,41.8142)->(53,25,42.4964)->(52,25,43.8142)->(51,25,47.4426)->(51,26,52.4569)->(50,26,5026.63)->
Agent 8:(27,54,5.25)->(27,53,9.91421)->(27,52,11.2321)->(27,51,11.9142)->(27,50,12.4821)->(27,49,13)->(27,48,13.5)->(27,47,14)->(27,46,14.5)->(27,45,15)->(27,44,15.5)->(27,43,16)->(27,42,16.5)->(27,41,17)->(27,40,17.5)->(27,39,18)->(27,38,18.5)->(27,37,19)->(27,36,19.5)->(27,35,20)->(27,34,20.5)->(27,33,21)->(27,32,21.5)->(27,31,22)->(27,30,22.5)->(27,29,23)->(27,28,23.5)->(27,27,24)->(27,26,24.5)->(27,25,25.0179)->(27,24,25.5858)->(27,23,26.2679)->(27,22,27.5858)->(27,21,29.8)->(26,21,32.0495)->(25,21,34.0495)->(24,21,5016.75)->
Agent 9:(50,30,2.61421)->(50,29,5.61421)->(49,29,8.24264)->(48,29,9.56048)->(47,29,10.2426)->(46,29,10.8105)->(45,29,11.3464)->(44,29,11.9142)->(43,29,12.5964)->(42,29,13.9142)->(41,29,16.1284)->(41,28,18.3426)->(41,27,19.6605)->(41,26,20.3925)->(41,25,21.1246)->(41,24,22.4424)->(41,23,32.093)->(41,24,41.7789)->(41,25,43.7789)->(41,26,67.2049)->(40,26,90.5956)->(39,26,91.9135)->(38,26,92.5956)->(37,26,93.1635)->(36,26,93.6814)->(35,26,94.1814)->(34,26,94.6814)->(33,26,95.1814)->(32,26,95.6814)->(31,26,96.1814)->(30,26,96.6814)->(29,26,97.1814)->(28,26,97.6994)->(27,26,98.2672)->(26,26,98.9494)->(25,26,100.267)->(24,26,5049.84)->
Agent 10:(67,42,2.21421)->(68,42,5.49949)->(68,41,8.81319)->(68,40,10.131)->(68,39,10.8132)->(68,38,11.381)->(68,37,11.899)->(68,36,12.399)->(68,35,12.899)->(68,34,13.399)->(68,33,13.899)->(68,32,14.399)->(68,31,14.899)->(68,30,15.4169)->(68,29,15.9848)->(68,28,16.6669)->(68,27,17.9848)->(68,26,20.6132)->(69,26,24.6132)->(68,26,27.6416)->(67,26,28.9595)->(66,26,29.6416)->(65,26,30.2095)->(64,26,30.7274)->(63,26,31.2274)->(62,26,31.7454)->(61,26,32.3132)->(60,26,32.9954)->(59,26,34.3132)->(58,26,36.5274)->(58,27,38.7416)->(58,28,40.1558)->(58,29,41.57)->(58,30,43.7843)->(57,30,45.9985)->(56,30,47.3163)->(55,30,48.0484)->(54,30,48.7804)->(53,30,50.0983)->(52,30,53.8347)->(52,29,58.5426)->(51,29,61.1711)->(50,29,62.4889)->(49,29,63.1711)->(48,29,63.7389)->(47,29,64.2569)->(46,29,64.7569)->(45,29,65.2569)->(44,29,65.7569)->(43,29,66.2569)->(42,29,66.7569)->(41,29,67.2569)->(40,29,67.7569)->(39,29,68.2569)->(38,29,68.7569)->(37,29,69.2569)->(36,29,69.7569)->(35,29,70.2569)->(34,29,70.7569)->(33,29,71.2569)->(32,29,71.7748)->(31,29,72.3426)->(30,29,73.0248)->(29,29,74.3426)->(28,29,76.5569)->(28,30,78.7711)->(28,31,80.0889)->(28,32,80.7711)->(28,33,81.3389)->(28,34,81.8748)->(28,35,82.4426)->(28,36,83.1248)->(28,37,84.4426)->(28,38,5041.93)->
Agent 11:(16,23,1.8)->(17,23,3.01421)->(18,23,4.33205)->(19,23,5.01421)->(20,23,5.58205)->(21,23,6.1)->(22,23,6.6)->(23,23,7.1)->(24,23,7.6)->(25,23,8.1)->(26,23,8.6)->(27,23,9.1)->(28,23,9.6)->(29,23,10.1)->(30,23,10.6)->(31,23,11.1179)->(32,23,11.6858)->(33,23,12.3679)->(34,23,13.6858)->(35,23,15.9)->(35,24,18.1142)->(35,25,19.4321)->(35,26,20.1641)->(35,27,20.8962)->(35,28,22.214)->(35,29,24.4282)->(36,29,26.6424)->(37,29,27.9603)->(38,29,28.6424)->(39,29,29.2103)->(40,29,29.7282)->(41,29,30.2282)->(42,29,30.7282)->(43,29,31.2282)->(44,29,31.7282)->(45,29,32.2282)->(46,29,32.7282)->(47,29,33.2282)->(48,29,33.7282)->(49,29,34.2282)->(50,29,34.7282)->(51,29,35.2282)->(52,29,35.7282)->(53,29,36.2282)->(54,29,36.7282)->(55,29,37.2282)->(56,29,37.7462)->(57,29,38.314)->(58,29,38.9962)->(59,29,40.314)->(60,29,42.9424)->(60,30,46.5424)->(59,30,49.1708)->(58,30,50.4887)->(57,30,51.2207)->(56,30,51.9528)->(55,30,53.2706)->(54,30,55.5066)->(54,29,57.7426)->(54,28,59.0605)->(54,27,59.7426)->(54,26,60.3105)->(54,25,60.8284)->(54,24,61.3284)->(54,23,61.8284)->(54,22,62.3284)->(54,21,62.8284)->(54,20,63.3284)->(54,19,63.8284)->(54,18,64.3284)->(54,17,64.8284)->(54,16,65.3284)->(54,15,65.8284)->(54,14,66.3284)->(54,13,66.8284)->(54,12,67.3284)->(54,11,67.8284)->(54,10,68.3284)->(54,9,68.8284)->(54,8,69.3464)->(54,7,69.9142)->(54,6,70.5964)->(54,5,71.9142)->(54,4,74.5426)->(53,4,5037.46)->
Agent 12:(66,38,2.21421)->(67,38,5.49949)->(67,37,8.81319)->(67,36,10.131)->(67,35,10.8132)->(67,34,11.381)->(67,33,11.899)->(67,32,12.399)->(67,31,12.899)->(67,30,13.4169)->(67,29,13.9848)->(67,28,14.6669)->(67,27,15.9848)->(67,26,18.199)->(66,26,20.4132)->(65,26,21.731)->(64,26,22.4132)->(63,26,22.981)->(62,26,23.499)->(61,26,23.999)->(60,26,24.499)->(59,26,24.999)->(58,26,25.5169)->(57,26,26.0848)->(56,26,26.7669)->(55,26,28.0848)->(54,26,32.7137)->(54,27,45.9784)->(53,27,56.2711)->(52,27,57.5889)->(51,27,58.2711)->(50,27,58.8389)->(49,27,59.3569)->(48,27,59.8569)->(47,27,60.3569)->(46,27,60.8569)->(45,27,61.3569)->(44,27,61.8569)->(43,27,62.3748)->(42,27,62.9426)->(41,27,63.6248)->(40,27,64.9426)->(39,27,67.1569)->(39,28,69.3711)->(39,29,70.6889)->(39,30,71.3711)->(39,31,71.9389)->(39,32,72.4569)->(39,33,72.9569)->(39,34,73.4569)->(39,35,73.9569)->(39,36,74.4569)->(39,37,74.9569)->(39,38,75.4569)->(39,39,75.9569)->(39,40,76.4569)->(39,41,76.9569)->(39,42,77.4569)->(39,43,77.9569)->(39,44,78.4569)->(39,45,78.9569)->(39,46,79.4569)->(39,47,79.9569)->(39,48,80.4569)->(39,49,80.9569)->(39,50,81.4569)->(39,51,81.9569)->(39,52,82.4569)->(39,53,82.9569)->(39,54,83.4569)->(39,55,83.9569)->(39,56,84.4748)->(39,57,85.0426)->(39,58,85.7248)->(39,59,87.0426)->(39,60,89.2569)->(38,60,92.0569)->(37,60,5046.03)->
Agent 13:(61,61,2.21421)->(60,61,4.81421)->(60,60,7.44264)->(60,59,8.76048)->(60,58,9.44264)->(60,57,10.0284)->(60,56,10.6142)->(60,55,11.2964)->(60,54,12.6142)->(60,53,14.8284)->(59,53,17.0426)->(58,53,18.3605)->(57,53,19.0426)->(56,53,19.6105)->(55,53,20.1284)->(54,53,20.6284)->(53,53,21.1284)->(52,53,21.6284)->(51,53,22.1284)->(50,53,22.6284)->(49,53,23.1284)->(48,53,23.6284)->(47,53,24.1284)->(46,53,24.6464)->(45,53,25.2142)->(44,53,25.8964)->(43,53,27.2142)->(42,53,29.4284)->(42,52,31.6426)->(42,51,32.9605)->(42,50,33.6426)->(42,49,34.2105)->(42,48,34.7284)->(42,47,35.2284)->(42,46,35.7284)->(42,45,36.2284)->(42,44,36.7284)->(42,43,37.2284)->(42,42,37.7284)->(42,41,38.2284)->(42,40,38.7284)->(42,39,39.2284)->(42,38,39.7284)->(42,37,40.2284)->(42,36,40.7284)->(42,35,41.2284)->(42,34,41.7284)->(42,33,42.2464)->(42,32,42.8142)->(42,31,43.4964)->(42,30,44.8142)->(42,29,47.0284)->(43,29,49.2426)->(44,29,50.5605)->(45,29,51.2426)->(46,29,51.8105)->(47,29,52.3284)->(48,29,52.8284)->(49,29,53.3284)->(50,29,53.8284)->(51,29,54.3284)->(52,29,54.8284)->(53,29,55.3284)->(54,29,55.8284)->(55,29,56.3284)->(56,29,56.8284)->(57,29,57.3284)->(58,29,57.8464)->(59,29,58.4142)->(60,29,59.0964)->(61,29,60.4142)->(62,29,62.6284)->(62,28,65.4284)->(62,27,68.2284)->(63,27,70.4426)->(64,27,71.7605)->(65,27,72.4925)->(66,27,73.2246)->(67,27,74.5424)->(68,27,76.7566)->(68,28,78.9708)->(68,29,80.2887)->(68,30,80.9708)->(68,31,81.5387)->(68,32,82.0566)->(68,33,82.5566)->(68,34,83.0566)->(68,35,83.5566)->(68,36,84.0566)->(68,37,84.5566)->(68,38,85.0746)->(68,39,85.6424)->(68,40,86.3246)->(68,41,87.6424)->(68,42,5043.53)->
Agent 14:(7,9,1.8)->(8,9,3.01421)->(9,9,4.33205)->(10,9,5.01421)->(11,9,5.58205)->(12,9,6.1)->(13,9,6.6)->(14,9,7.1)->(15,9,7.6)->(16,9,8.1)->(17,9,8.6)->(18,9,9.1)->(19,9,9.61795)->(20,9,10.1858)->(21,9,10.8679)->(22,9,12.1858)->(23,9,14.4)->(23,8,16.6142)->(23,7,17.9321)->(23,6,18.6641)->(23,5,19.3962)->(23,4,20.714)->(23,3,22.9282)->(24,3,25.1424)->(25,3,26.4763)->(26,3,27.3047)->(27,3,28.6385)->(28,3,5014.03)->
Agent 15:(56,20,2.61421)->(56,19,5.61421)->(57,19,8.24264)->(58,19,9.56048)->(59,19,10.2426)->(60,19,10.8105)->(61,19,11.3284)->(62,19,11.8284)->(63,19,12.3284)->(64,19,12.8284)->(65,19,13.3284)->(66,19,13.8284)->(67,19,14.3284)->(68,19,14.8464)->(69,19,15.4142)->(70,19,16.0964)->(71,19,17.4142)->(72,19,29.8142)->(72,20,42.8)->(72,21,5021.4)->
Agent 16:(14,20,1.3)->(14,21,2.01421)->(14,22,3.42843)->(14,23,4.84264)->(14,24,8.47843)->(15,24,12.1142)->(16,24,13.4321)->(17,24,14.1142)->(18,24,14.6821)->(19,24,15.2)->(20,24,15.7)->(21,24,16.2)->(22,24,16.7)->(23,24,17.2)->(24,24,17.7)->(25,24,18.2)->(26,24,18.7)->(27,24,19.2)->(28,24,19.7)->(29,24,20.2)->(30,24,20.7)->(31,24,21.2)->(32,24,21.7)->(33,24,22.2)->(34,24,22.7)->(35,24,23.2)->(36,24,23.7179)->(37,24,24.2858)->(38,24,24.9679)->(39,24,26.2858)->(40,24,28.5)->(40,25,30.7142)->(40,26,32.0481)->(40,27,32.8765)->(40,28,34.2103)->(40,29,37.3246)->(41,29,40.4388)->(42,29,41.7566)->(43,29,42.4388)->(44,29,43.0066)->(45,29,43.5246)->(46,29,44.0246)->(47,29,44.5246)->(48,29,45.0246)->(49,29,45.5246)->(50,29,46.0246)->(51,29,46.5246)->(52,29,47.0425)->(53,29,47.6103)->(54,29,48.2925)->(55,29,49.6103)->(56,29,51.8246)->(56,28,54.0388)->(56,27,55.3566)->(56,26,56.0388)->(56,25,56.6066)->(56,24,57.1246)->(56,23,57.6246)->(56,22,58.1246)->(56,21,58.6425)->(56,20,59.2103)->(56,19,59.8925)->(56,18,61.2103)->(56,17,63.4246)->(57,17,65.6388)->(58,17,66.9566)->(59,17,67.6388)->(60,17,68.2066)->(61,17,68.7246)->(62,17,69.2246)->(63,17,69.7246)->(64,17,70.2246)->(65,17,70.7246)->(66,17,71.2246)->(67,17,71.7246)->(68,17,72.2246)->(69,17,72.7246)->(70,17,73.2246)->(71,17,73.7425)->(72,17,74.3103)->(73,17,74.9925)->(74,17,76.3103)->(75,17,78.5246)->(75,16,81.3246)->(75,15,84.1246)->(76,15,86.374)->(77,15,88.374)->(78,15,5043.91)->
Agent 17:(4,52,1.8)->(5,52,3.01421)->(6,52,4.33205)->(7,52,5.01421)->(8,52,5.58205)->(9,52,6.11795)->(10,52,6.68579)->(11,52,7.36795)->(12,52,8.68579)->(13,52,10.9)->(13,51,13.1142)->(13,50,14.4321)->(13,49,15.1142)->(13,48,15.6821)->(13,47,16.2)->(13,46,16.7)->(13,45,17.2)->(13,44,17.7)->(13,43,18.2)->(13,42,18.7)->(13,41,19.2)->(13,40,19.7)->(13,39,20.2)->(13,38,20.7)->(13,37,21.2)->(13,36,21.7)->(13,35,22.2)->(13,34,22.7)->(13,33,23.2)->(13,32,23.7)->(13,31,24.2179)->(13,30,24.7858)->(13,29,25.4679)->(13,28,26.7858)->(13,27,29)->(14,27,31.2142)->(15,27,32.5321)->(16,27,33.2142)->(17,27,33.7821)->(18,27,34.3)->(19,27,34.8)->(20,27,35.3)->(21,27,35.8)->(22,27,36.3)->(23,27,36.8)->(24,27,37.3)->(25,27,37.8)->(26,27,38.3)->(27,27,38.8)->(28,27,39.3)->(29,27,39.8)->(30,27,40.3)->(31,27,40.8)->(32,27,41.3)->(33,27,41.8)->(34,27,42.3)->(35,27,42.8)->(36,27,43.3)->(37,27,43.8)->(38,27,44.3)->(39,27,44.8)->(40,27,45.3)->(41,27,45.8)->(42,27,46.3)->(43,27,46.8)->(44,27,47.3179)->(45,27,47.8858)->(46,27,48.5679)->(47,27,49.8858)->(48,27,52.5142)->(48,28,56.1142)->(49,28,58.7426)->(50,28,60.0605)->(51,28,60.7426)->(52,28,61.3105)->(53,28,61.8284)->(54,28,62.3464)->(55,28,62.9142)->(56,28,63.5964)->(57,28,64.9142)->(58,28,67.1284)->(58,29,69.3426)->(58,30,70.6605)->(58,31,71.3426)->(58,32,71.9105)->(58,33,72.4284)->(58,34,72.9284)->(58,35,73.4284)->(58,36,73.9464)->(58,37,74.5142)->(58,38,75.1964)->(58,39,76.5142)->(58,40,78.7284)->(59,40,80.9779)->(60,40,82.9779)->(61,40,5041.21)->
Agent 18:(21,55,1.8)->(22,55,3.01421)->(23,55,4.33205)->(24,55,5.0641)->(25,55,5.79615)->(26,55,7.11399)->(27,55,10.4141)->(27,54,13.7142)->(27,53,15.0321)->(27,52,15.7142)->(27,51,16.2821)->(27,50,16.8)->(27,49,17.3)->(27,48,17.8)->(27,47,18.3)->(27,46,18.8)->(27,45,19.3)->(27,44,19.8)->(27,43,20.3)->(27,42,20.8)->(27,41,21.3)->(27,40,21.8)->(27,39,22.3)->(27,38,22.8)->(27,37,23.3)->(27,36,23.8)->(27,35,24.3)->(27,34,24.8)->(27,33,25.3)->(27,32,25.8)->(27,31,26.3)->(27,30,26.8)->(27,29,27.3)->(27,28,27.8179)->(27,27,28.3858)->(27,26,29.0679)->(27,25,30.3858)->(27,24,32.6)->(26,24,34.8142)->(25,24,36.1321)->(24,24,36.8142)->(23,24,37.3821)->(22,24,37.9)->(21,24,38.4)->(20,24,38.9)->(19,24,39.4)->(18,24,39.9)->(17,24,40.4)->(16,24,40.9)->(15,24,41.4)->(14,24,41.9)->(13,24,42.4)->(12,24,42.9)->(11,24,43.4179)->(10,24,43.9858)->(9,24,44.6679)->(8,24,45.9858)->(7,24,50.6637)->(8,24,5026.55)->
Agent 19:(71,61,2.2)->(70,61,4.4)->(69,61,7.95)->(69,60,10.9142)->(69,59,12.2321)->(69,58,12.9142)->(69,57,13.4821)->(69,56,14)->(69,55,14.5)->(69,54,15)->(69,53,15.5)->(69,52,16)->(69,51,16.5)->(69,50,17)->(69,49,17.5)->(69,48,18.0179)->(69,47,18.5858)->(69,46,19.2679)->(69,45,20.5858)->(69,44,23.2642)->(68,44,29.65)->(68,43,35.0142)->(68,42,36.3321)->(68,41,37.0142)->(68,40,37.5821)->(68,39,38.1)->(68,38,38.6)->(68,37,39.1)->(68,36,39.6)->(68,35,40.1)->(68,34,40.6)->(68,33,41.1)->(68,32,41.6)->(68,31,42.1179)->(68,30,42.6858)->(68,29,43.3679)->(68,28,44.6858)->(68,27,46.9)->(67,27,49.1142)->(66,27,50.4321)->(65,27,51.1142)->(64,27,51.6821)->(63,27,52.2179)->(62,27,52.7858)->(61,27,53.4679)->(60,27,54.7858)->(59,27,57)->(59,26,59.8)->(59,25,62.6)->(58,25,64.8142)->(57,25,66.1321)->(56,25,66.8142)->(55,25,67.4)->(54,25,67.9858)->(53,25,68.6679)->(52,25,69.9858)->(51,25,72.2)->(51,26,75)->(51,27,77.8)->(50,27,80.0142)->(49,27,81.3321)->(48,27,82.0142)->(47,27,82.5821)->(46,27,83.1179)->(45,27,83.6858)->(44,27,84.3679)->(43,27,85.6858)->(42,27,87.9)->(42,26,90.1142)->(42,25,91.4321)->(42,24,92.1142)->(42,23,92.7)->(42,22,93.2858)->(42,21,93.9679)->(42,20,95.2858)->(42,19,97.5)->(41,19,99.7142)->(40,19,101.032)->(39,19,101.714)->(38,19,102.282)->(37,19,102.8)->(36,19,103.3)->(35,19,103.8)->(34,19,104.3)->(33,19,104.8)->(32,19,105.3)->(31,19,105.8)->(30,19,106.3)->(29,19,106.8)->(28,19,107.3)->(27,19,107.8)->(26,19,108.3)->(25,19,108.8)->(24,19,109.318)->(23,19,109.886)->(22,19,110.568)->(21,19,111.886)->(20,19,114.1)->(20,18,116.314)->(20,17,117.632)->(20,16,118.314)->(20,15,118.882)->(20,14,119.4)->(20,13,119.9)->(20,12,120.4)->(20,11,120.9)->(20,10,121.4)->(20,9,121.9)->(20,8,122.418)->(20,7,122.986)->(20,6,123.668)->(20,5,124.986)->(20,4,127.2)->(19,4,129.414)->(18,4,130.732)->(17,4,131.414)->(16,4,131.982)->(15,4,132.5)->(14,4,133)->(13,4,133.5)->(12,4,134.018)->(11,4,134.586)->(10,4,135.268)->(9,4,136.586)->(8,4,139.214)->(8,3,5069.8)->
Agent 20:(41,42,2.21421)->(42,42,8.55)->(42,41,14.9142)->(42,40,16.2321)->(42,39,16.9142)->(42,38,17.4821)->(42,37,18)->(42,36,18.5)->(42,35,19)->(42,34,19.5)->(42,33,20)->(42,32,20.5)->(42,31,21.0179)->(42,30,21.5858)->(42,29,22.2679)->(42,28,23.5858)->(42,27,25.8)->(43,27,28.0142)->(44,27,29.3321)->(45,27,30.0142)->(46,27,30.5821)->(47,27,31.1)->(48,27,31.6)->(49,27,32.1)->(50,27,32.6)->(51,27,33.1)->(52,27,33.6)->(53,27,34.1)->(54,27,34.6)->(55,27,35.1)->(56,27,35.6)->(57,27,36.1)->(58,27,36.6)->(59,27,37.1)->(60,27,37.6)->(61,27,38.1)->(62,27,38.6)->(63,27,39.1)->(64,27,39.6)->(65,27,40.1179)->(66,27,40.6858)->(67,27,41.3679)->(68,27,42.6858)->(69,27,44.9)->(69,28,47.1142)->(69,29,48.4321)->(69,30,49.1142)->(69,31,49.6821)->(69,32,50.2)->(69,33,50.7)->(69,34,51.2)->(69,35,51.7)->(69,36,52.2)->(69,37,52.7)->(69,38,53.2)->(69,39,53.7)->(69,40,54.2)->(69,41,54.7)->(69,42,55.2)->(69,43,55.7)->(69,44,56.2)->(69,45,56.7)->(69,46,57.2)->(69,47,57.7)->(69,48,58.2)->(69,49,58.7)->(69,50,59.2)->(69,51,59.7)->(69,52,60.2)->(69,53,60.7179)->(69,54,61.2858)->(69,55,61.9679)->(69,56,63.2858)->(69,57,5031.35)->
Agent 21:(28,28,1.8)->(27,28,3.01421)->(26,28,4.33205)->(25,28,5.0641)->(24,28,5.79615)->(23,28,7.11399)->(22,28,9.3282)->(22,27,11.5424)->(22,26,12.8603)->(22,25,13.5424)->(22,24,14.1103)->(22,23,14.6462)->(22,22,15.214)->(22,21,15.8962)->(22,20,17.214)->(22,19,19.8424)->(21,19,23.4424)->(21,18,26.0708)->(21,17,27.3887)->(21,16,28.0708)->(21,15,28.6387)->(21,14,29.1566)->(21,13,29.6566)->(21,12,30.1566)->(21,11,30.6566)->(21,10,31.1566)->(21,9,31.6566)->(21,8,32.1746)->(21,7,32.7424)->(21,6,33.4246)->(21,5,34.7424)->(21,4,36.9566)->(20,4,39.1708)->(19,4,40.4887)->(18,4,41.1708)->(17,4,41.7566)->(16,4,42.3424)->(15,4,43.0246)->(14,4,44.3424)->(13,4,46.9708)->(13,3,92.0925)->(13,4,5067)->
Agent 22:(61,11,2.61421)->(61,10,5.61421)->(60,10,8.24264)->(59,10,9.57649)->(58,10,10.4049)->(57,10,11.7388)->(56,10,16.9228)->(56,11,22.1067)->(56,12,23.4246)->(56,13,24.1067)->(56,14,24.6746)->(56,15,25.1925)->(56,16,25.6925)->(56,17,26.1925)->(56,18,26.6925)->(56,19,27.1925)->(56,20,27.6925)->(56,21,28.1925)->(56,22,28.6925)->(56,23,29.1925)->(56,24,29.7105)->(56,25,30.2783)->(56,26,30.9605)->(56,27,32.2783)->(56,28,34.4925)->(57,28,36.7067)->(58,28,38.121)->(59,28,39.5352)->(60,28,59.0673)->(59,28,78.5995)->(58,28,79.9173)->(57,28,80.5995)->(56,28,81.1673)->(55,28,81.6853)->(54,28,82.1853)->(53,28,82.6853)->(52,28,83.1853)->(51,28,83.6853)->(50,28,84.1853)->(49,28,84.6853)->(48,28,85.1853)->(47,28,85.6853)->(46,28,86.1853)->(45,28,86.6853)->(44,28,87.1853)->(43,28,87.6853)->(42,28,88.1853)->(41,28,88.6853)->(40,28,89.1853)->(39,28,89.6853)->(38,28,90.1853)->(37,28,90.6853)->(36,28,91.1853)->(35,28,91.6853)->(34,28,92.1853)->(33,28,92.6853)->(32,28,93.1853)->(31,28,93.6853)->(30,28,94.1853)->(29,28,94.6853)->(28,28,95.1853)->(27,28,95.6853)->(26,28,96.1853)->(25,28,96.6853)->(24,28,97.2032)->(23,28,97.7711)->(22,28,98.4532)->(21,28,99.7711)->(20,28,101.985)->(20,27,104.199)->(20,26,105.517)->(20,25,106.199)->(20,24,106.767)->(20,23,107.285)->(20,22,107.785)->(20,21,108.285)->(20,20,108.785)->(20,19,109.285)->(20,18,109.785)->(20,17,110.285)->(20,16,110.785)->(20,15,111.285)->(20,14,111.785)->(20,13,112.285)->(20,12,112.785)->(20,11,113.285)->(20,10,113.785)->(20,9,114.285)->(20,8,114.803)->(20,7,115.371)->(20,6,116.053)->(20,5,117.371)->(20,4,119.585)->(19,4,121.799)->(18,4,123.117)->(17,4,123.799)->(16,4,124.367)->(15,4,124.885)->(14,4,125.385)->(13,4,125.885)->(12,4,126.385)->(11,4,126.885)->(10,4,127.385)->(9,4,127.903)->(8,4,128.471)->(7,4,129.153)->(6,4,130.471)->(5,4,132.685)->(5,5,135.485)->(5,6,5067.74)->
Agent 23:(43,58,2.2)->(43,57,3.84949)->(43,56,5.84949)->(43,55,35.6372)->(42,55,65.3897)->(41,55,66.7235)->(40,55,67.5519)->(39,55,68.8858)->(38,55,5034.15)->
Agent 24:(73,57,2.62157)->(72,57,4.65736)->(71,57,6.07157)->(70,57,7.48579)->(69,57,9.7)->(69,56,11.9142)->(69,55,13.2321)->(69,54,13.9142)->(69,53,14.4821)->(69,52,15)->(69,51,15.5)->(69,50,16)->(69,49,16.5)->(69,48,17)->(69,47,17.5)->(69,46,18.0179)->(69,45,18.5858)->(69,44,19.2679)->(69,43,20.5858)->(69,42,23.7642)->(68,42,27.9142)->(68,41,30.5426)->(68,40,31.8605)->(68,39,32.5426)->(68,38,33.1105)->(68,37,33.6284)->(68,36,34.1284)->(68,35,34.6284)->(68,34,35.1284)->(68,33,35.6284)->(68,32,36.1284)->(68,31,36.6284)->(68,30,37.1284)->(68,29,37.6464)->(68,28,38.2142)->(68,27,38.8964)->(68,26,40.2142)->(68,25,45.6784)->(67,25,51.1426)->(66,25,52.4605)->(65,25,53.1426)->(64,25,53.7105)->(63,25,54.2284)->(62,25,54.7284)->(61,25,55.2284)->(60,25,55.7284)->(59,25,56.2284)->(58,25,56.7284)->(57,25,57.2284)->(56,25,57.7284)->(55,25,58.2464)->(54,25,58.8142)->(53,25,59.4964)->(52,25,60.8142)->(51,25,63.7012)->(51,26,67.1739)->(51,27,69.9739)->(50,27,72.1882)->(49,27,73.506)->(48,27,74.1882)->(47,27,74.756)->(46,27,75.2739)->(45,27,75.7739)->(44,27,76.2739)->(43,27,76.7919)->(42,27,77.3597)->(41,27,78.0419)->(40,27,79.3597)->(39,27,81.9882)->(39,26,86.7777)->(38,26,90.5956)->(37,26,91.9135)->(36,26,92.5956)->(35,26,93.1635)->(34,26,93.6814)->(33,26,94.1814)->(32,26,94.6814)->(31,26,95.1814)->(30,26,95.6814)->(29,26,96.1814)->(28,26,96.6814)->(27,26,97.1814)->(26,26,97.6814)->(25,26,98.1814)->(24,26,98.6814)->(23,26,99.1814)->(22,26,99.6814)->(21,26,100.181)->(20,26,100.681)->(19,26,101.181)->(18,26,101.681)->(17,26,102.199)->(16,26,102.767)->(15,26,103.449)->(14,26,104.767)->(13,26,5052.09)->
Agent 25:(10,10,1.8)->(11,10,3.01421)->(12,10,4.33205)->(13,10,5.01421)->(14,10,5.58205)->(15,10,6.11795)->(16,10,6.68579)->(17,10,7.36795)->(18,10,8.68579)->(19,10,10.9)->(19,11,13.1142)->(19,12,14.4321)->(19,13,15.1142)->(19,14,15.6821)->(19,15,16.2)->(19,16,16.7)->(19,17,17.2)->(19,18,17.7)->(19,19,18.2)->(19,20,18.7179)->(19,21,19.2858)->(19,22,19.9679)->(19,23,21.2858)->(19,24,23.5)->(18,24,25.7142)->(17,24,27.0321)->(16,24,27.7142)->(15,24,28.3)->(14,24,28.8858)->(13,24,29.5679)->(12,24,30.8858)->(11,24,33.1)->(11,25,35.3142)->(11,26,36.6321)->(11,27,37.3142)->(11,28,37.8821)->(11,29,38.4)->(11,30,38.9)->(11,31,39.4)->(11,32,39.9)->(11,33,40.4)->(11,34,40.9)->(11,35,41.4)->(11,36,41.9)->(11,37,42.4)->(11,38,42.9)->(11,39,43.4)->(11,40,43.9)->(11,41,44.4)->(11,42,44.9)->(11,43,45.4)->(11,44,45.9)->(11,45,46.4)->(11,46,46.9)->(11,47,47.4)->(11,48,47.9)->(11,49,48.4179)->(11,50,48.9858)->(11,51,49.6679)->(11,52,50.9858)->(11,53,53.2)->(10,53,55.4495)->(9,53,57.4495)->(8,53,5028.45)->
Agent 26:(3,53,1.8)->(4,53,3.01421)->(5,53,4.33205)->(6,53,5.01421)->(7,53,5.58205)->(8,53,6.1)->(9,53,6.61795)->(10,53,7.18579)->(11,53,7.86795)->(12,53,9.18579)->(13,53,13.95)->(13,52,18.7142)->(13,51,20.0321)->(13,50,20.7142)->(13,49,21.2821)->(13,48,21.8)->(13,47,22.3)->(13,46,22.8)->(13,45,23.3)->(13,44,23.8)->(13,43,24.3)->(13,42,24.8)->(13,41,25.3)->(13,40,25.8)->(13,39,26.3)->(13,38,26.8)->(13,37,27.3)->(13,36,27.8)->(13,35,28.3)->(13,34,28.8)->(13,33,29.3)->(13,32,29.8)->(13,31,30.3)->(13,30,30.8)->(13,29,31.3)->(13,28,31.8)->(13,27,32.3179)->(13,26,32.8858)->(13,25,33.5679)->(13,24,34.8858)->(13,23,37.1)->(14,23,39.3142)->(15,23,40.6321)->(16,23,41.3142)->(17,23,41.8821)->(18,23,42.4)->(19,23,42.9)->(20,23,43.4)->(21,23,43.9)->(22,23,44.4179)->(23,23,44.9858)->(24,23,45.6679)->(25,23,46.9858)->(26,23,5023.2)->
Agent 27:(68,59,2.8)->(68,58,5.01421)->(68,57,6.33205)->(68,56,7.01421)->(68,55,7.58205)->(68,54,8.1)->(68,53,8.6)->(68,52,9.1)->(68,51,9.6)->(68,50,10.1)->(68,49,10.6)->(68,48,11.1)->(68,47,11.6)->(68,46,12.1)->(68,45,12.6)->(68,44,13.1)->(68,43,13.6)->(68,42,14.1)->(68,41,14.6)->(68,40,15.1)->(68,39,15.6)->(68,38,16.1)->(68,37,16.6)->(68,36,17.1)->(68,35,17.6)->(68,34,18.1)->(68,33,18.6179)->(68,32,19.1858)->(68,31,19.8679)->(68,30,21.1858)->(68,29,23.4)->(69,29,26.2)->(70,29,29.9642)->(70,28,33.1779)->(70,27,35.1779)->(70,26,41.1365)->(69,26,47.0597)->(68,26,48.3776)->(67,26,49.0597)->(66,26,49.6276)->(65,26,50.1455)->(64,26,50.6455)->(63,26,51.1455)->(62,26,51.6455)->(61,26,52.1455)->(60,26,52.6455)->(59,26,53.1455)->(58,26,53.6455)->(57,26,54.1455)->(56,26,54.6455)->(55,26,55.1635)->(54,26,55.7313)->(53,26,56.4135)->(52,26,57.7313)->(51,26,60.3597)->(51,27,63.9597)->(50,27,66.5882)->(49,27,67.906)->(48,27,68.5882)->(47,27,69.156)->(46,27,69.6739)->(45,27,70.1739)->(44,27,70.6739)->(43,27,71.1919)->(42,27,71.7597)->(41,27,72.4419)->(40,27,73.7597)->(39,27,75.9739)->(39,26,78.1882)->(39,25,79.522)->(39,24,80.3504)->(39,23,81.6843)->(39,22,83.8985)->(38,22,86.1127)->(37,22,87.4305)->(36,22,88.1127)->(35,22,88.6805)->(34,22,89.1985)->(33,22,89.6985)->(32,22,90.1985)->(31,22,90.6985)->(30,22,91.1985)->(29,22,91.6985)->(28,22,92.2164)->(27,22,92.7843)->(26,22,93.4664)->(25,22,94.7843)->(24,22,5047.1)->
Agent 28:(2,26,1.71421)->(2,27,9.97843)->(3,27,18.7711)->(4,27,20.0889)->(5,27,20.7711)->(6,27,21.3389)->(7,27,21.8569)->(8,27,22.3569)->(9,27,22.8569)->(10,27,23.3569)->(11,27,23.8569)->(12,27,24.3569)->(13,27,24.8569)->(14,27,25.3569)->(15,27,25.8569)->(16,27,26.3569)->(17,27,26.8569)->(18,27,27.3569)->(19,27,27.8569)->(20,27,28.3569)->(21,27,28.8569)->(22,27,29.3569)->(23,27,29.8569)->(24,27,30.3569)->(25,27,30.8569)->(26,27,31.3569)->(27,27,31.8569)->(28,27,32.3569)->(29,27,32.8569)->(30,27,33.3569)->(31,27,33.8569)->(32,27,34.3569)->(33,27,34.8569)->(34,27,35.3569)->(35,27,35.8569)->(36,27,36.3569)->(37,27,36.8569)->(38,27,37.3569)->(39,27,37.8569)->(40,27,38.3569)->(41,27,38.8569)->(42,27,39.3569)->(43,27,39.8569)->(44,27,40.3569)->(45,27,40.8569)->(46,27,41.3569)->(47,27,41.8748)->(48,27,42.4426)->(49,27,43.1248)->(50,27,44.4426)->(51,27,46.6569)->(51,28,48.8711)->(51,29,50.1889)->(51,30,50.921)->(51,31,51.653)->(51,32,52.9708)->(51,33,55.1851)->(52,33,57.3993)->(53,33,58.8135)->(54,33,60.2277)->(55,33,62.4419)->(55,34,64.6561)->(55,35,65.974)->(55,36,66.6657)->(55,37,67.3014)->(55,38,67.9932)->(55,39,69.311)->(55,40,5034.36)->
Agent 29:(41,40,2.2)->(41,39,3.81421)->(41,38,5.13205)->(41,37,5.81421)->(41,36,6.38205)->(41,35,6.9)->(41,34,7.4)->(41,33,7.9)->(41,32,8.4)->(41,31,8.9)->(41,30,9.4)->(41,29,9.9)->(41,28,10.4)->(41,27,10.9)->(41,26,11.4)->(41,25,11.9179)->(41,24,12.4858)->(41,23,13.1679)->(41,22,14.4858)->(41,21,16.7)->(40,21,18.9142)->(39,21,20.2321)->(38,21,20.9142)->(37,21,21.4821)->(36,21,22)->(35,21,22.5)->(34,21,23)->(33,21,23.5)->(32,21,24)->(31,21,24.5)->(30,21,25)->(29,21,25.5)->(28,21,26)->(27,21,26.5)->(26,21,27)->(25,21,27.5)->(24,21,28)->(23,21,28.5)->(22,21,29)->(21,21,29.5)->(20,21,30)->(19,21,30.5)->(18,21,31)->(17,21,31.5)->(16,21,32)->(15,21,32.5179)->(14,21,33.0858)->(13,21,33.7679)->(12,21,35.0858)->(11,21,37.3)->(11,22,39.5142)->(11,23,40.8321)->(11,24,41.5142)->(11,25,42.0821)->(11,26,42.6)->(11,27,43.1)->(11,28,43.6)->(11,29,44.1)->(11,30,44.6)->(11,31,45.1)->(11,32,45.6)->(11,33,46.1)->(11,34,46.6)->(11,35,47.1)->(11,36,47.6)->(11,37,48.1)->(11,38,48.6)->(11,39,49.1)->(11,40,49.6)->(11,41,50.1)->(11,42,50.6)->(11,43,51.1)->(11,44,51.6)->(11,45,52.1)->(11,46,52.6)->(11,47,53.1)->(11,48,53.6)->(11,49,54.1179)->(11,50,54.6858)->(11,51,55.3679)->(11,52,56.6858)->(11,53,58.9)->(10,53,61.7)->(9,53,5030.85)->
Agent 30:(72,44,1.8)->(71,44,3.01421)->(70,44,4.42843)->(69,44,5.84264)->(68,44,8.67843)->(68,43,11.5142)->(68,42,12.8321)->(68,41,13.5142)->(68,40,14.0821)->(68,39,14.6)->(68,38,15.1)->(68,37,15.6)->(68,36,16.1)->(68,35,16.6)->(68,34,17.1)->(68,33,17.6)->(68,32,18.1)->(68,31,18.6179)->(68,30,19.1858)->(68,29,19.8679)->(68,28,21.1858)->(68,27,23.4)->(69,27,26.2)->(70,27,29.9642)->(70,26,33.1426)->(70,25,34.4605)->(70,24,35.1426)->(70,23,35.7105)->(70,22,36.2284)->(70,21,36.7284)->(70,20,37.2284)->(70,19,37.7284)->(70,18,38.2464)->(70,17,38.8142)->(70,16,39.4964)->(70,15,40.8142)->(70,14,43.0284)->(71,14,45.2426)->(72,14,46.5605)->(73,14,47.2925)->(74,14,48.0246)->(75,14,49.3424)->(76,14,51.5566)->(76,13,53.7708)->(76,12,55.0887)->(76,11,55.8207)->(76,10,56.5528)->(76,9,57.8706)->(76,8,60.0848)->(75,8,62.3343)->(74,8,64.3343)->(73,8,5031.89)->
Agent 31:(66,14,1.3)->(66,15,2.01421)->(66,16,3.33205)->(66,17,4.01421)->(66,18,4.58205)->(66,19,5.1)->(66,20,5.6)->(66,21,6.1)->(66,22,6.6)->(66,23,7.11795)->(66,24,7.68579)->(66,25,8.36795)->(66,26,9.68579)->(66,27,11.9)->(65,27,14.1142)->(64,27,15.4321)->(63,27,16.1641)->(62,27,16.8962)->(61,27,18.214)->(60,27,20.8424)->(60,28,25.2104)->(59,28,28.6067)->(58,28,29.9246)->(57,28,30.6067)->(56,28,31.1746)->(55,28,31.6925)->(54,28,32.1925)->(53,28,32.6925)->(52,28,33.1925)->(51,28,33.6925)->(50,28,34.1925)->(49,28,34.6925)->(48,28,35.1925)->(47,28,35.6925)->(46,28,36.1925)->(45,28,36.6925)->(44,28,37.1925)->(43,28,37.6925)->(42,28,38.1925)->(41,28,38.6925)->(40,28,39.1925)->(39,28,39.6925)->(38,28,40.1925)->(37,28,40.6925)->(36,28,41.1925)->(35,28,41.6925)->(34,28,42.1925)->(33,28,42.6925)->(32,28,43.1925)->(31,28,43.6925)->(30,28,44.1925)->(29,28,44.6925)->(28,28,45.1925)->(27,28,45.6925)->(26,28,46.1925)->(25,28,46.7105)->(24,28,47.2783)->(23,28,47.9605)->(22,28,49.2783)->(21,28,51.4925)->(21,27,53.7067)->(21,26,55.0246)->(21,25,55.7067)->(21,24,56.2746)->(21,23,56.7925)->(21,22,57.2925)->(21,21,57.7925)->(21,20,58.2925)->(21,19,58.7925)->(21,18,59.2925)->(21,17,59.7925)->(21,16,60.2925)->(21,15,60.7925)->(21,14,61.3105)->(21,13,61.8783)->(21,12,62.5605)->(21,11,63.8783)->(21,10,66.0925)->(20,10,68.3067)->(19,10,69.6246)->(18,10,70.3067)->(17,10,70.8746)->(16,10,71.3925)->(15,10,71.8925)->(14,10,72.3925)->(13,10,72.8925)->(12,10,73.3925)->(11,10,73.8925)->(10,10,74.3925)->(9,10,74.9105)->(8,10,75.4783)->(7,10,76.1605)->(6,10,77.4783)->(5,10,5038.45)->
Agent 32:(58,55,2.2)->(58,54,3.84949)->(58,53,5.84949)->(58,52,8.31177)->(57,52,10.7388)->(56,52,12.0566)->(55,52,12.7388)->(54,52,13.3066)->(53,52,13.8246)->(52,52,14.3246)->(51,52,14.8246)->(50,52,15.3246)->(49,52,15.8246)->(48,52,16.3425)->(47,52,16.9103)->(46,52,17.5925)->(45,52,18.9103)->(44,52,21.1246)->(44,51,23.3388)->(44,50,24.6726)->(44,49,25.501)->(44,48,26.8349)->(44,47,29.0491)->(43,47,31.2633)->(42,47,32.6775)->(41,47,34.0918)->(40,47,36.306)->(40,46,38.5202)->(40,45,39.838)->(40,44,40.5202)->(40,43,41.088)->(40,42,41.606)->(40,41,42.106)->(40,40,42.606)->(40,39,43.106)->(40,38,43.606)->(40,37,44.106)->(40,36,44.606)->(40,35,45.106)->(40,34,45.606)->(40,33,46.106)->(40,32,46.6239)->(40,31,47.1918)->(40,30,47.8739)->(40,29,49.1918)->(40,28,52.9672)->(41,28,56.7426)->(42,28,58.0605)->(43,28,58.7426)->(44,28,59.3105)->(45,28,59.8284)->(46,28,60.3284)->(47,28,60.8284)->(48,28,61.3464)->(49,28,61.9142)->(50,28,62.5964)->(51,28,63.9142)->(52,28,66.1284)->(52,27,68.9284)->(52,26,71.7284)->(53,26,73.9426)->(54,26,75.2605)->(55,26,75.9426)->(56,26,76.5105)->(57,26,77.0284)->(58,26,77.5284)->(59,26,78.0284)->(60,26,78.5284)->(61,26,79.0284)->(62,26,79.5284)->(63,26,80.0284)->(64,26,80.5284)->(65,26,81.0464)->(66,26,81.6142)->(67,26,82.2964)->(68,26,83.6142)->(69,26,85.8284)->(69,27,88.0426)->(69,28,89.3605)->(69,29,90.0426)->(69,30,90.6105)->(69,31,91.1284)->(69,32,91.6284)->(69,33,92.1284)->(69,34,92.6284)->(69,35,93.1284)->(69,36,93.6284)->(69,37,94.1284)->(69,38,94.6284)->(69,39,95.1284)->(69,40,95.6464)->(69,41,96.2142)->(69,42,96.8964)->(69,43,98.2142)->(69,44,100.428)->(70,44,102.643)->(71,44,103.976)->(72,44,104.805)->(73,44,106.139)->(74,44,5052.78)->
Agent 33:(69,61,2.2)->(69,60,3.81421)->(69,59,5.13205)->(69,58,5.81421)->(69,57,6.38205)->(69,56,6.9)->(69,55,7.4)->(69,54,7.9)->(69,53,8.4)->(69,52,8.9)->(69,51,9.4)->(69,50,9.9)->(69,49,10.4)->(69,48,10.9)->(69,47,11.4)->(69,46,11.9)->(69,45,12.4)->(69,44,12.9)->(69,43,13.4)->(69,42,13.9)->(69,41,14.4)->(69,40,14.9)->(69,39,15.4179)->(69,38,15.9858)->(69,37,16.6679)->(69,36,17.9858)->(69,35,20.2)->(68,35,23)->(67,35,27.6642)->(67,34,31.7426)->(67,33,33.0605)->(67,32,33.7426)->(67,31,34.3105)->(67,30,34.8464)->(67,29,35.4142)->(67,28,36.0964)->(67,27,37.4142)->(67,26,39.6284)->(66,26,41.8426)->(65,26,43.1605)->(64,26,43.8426)->(63,26,44.4284)->(62,26,45.0142)->(61,26,45.6964)->(60,26,47.0142)->(59,26,49.2284)->(59,27,52.0284)->(59,28,62.8069)->(58,28,72.9995)->(57,28,74.3173)->(56,28,74.9995)->(55,28,75.5673)->(54,28,76.0853)->(53,28,76.5853)->(52,28,77.0853)->(51,28,77.5853)->(50,28,78.0853)->(49,28,78.5853)->(48,28,79.0853)->(47,28,79.5853)->(46,28,80.0853)->(45,28,80.5853)->(44,28,81.0853)->(43,28,81.5853)->(42,28,82.0853)->(41,28,82.5853)->(40,28,83.0853)->(39,28,83.5853)->(38,28,84.0853)->(37,28,84.5853)->(36,28,85.0853)->(35,28,85.5853)->(34,28,86.0853)->(33,28,86.5853)->(32,28,87.0853)->(31,28,87.5853)->(30,28,88.0853)->(29,28,88.5853)->(28,28,89.1032)->(27,28,89.6711)->(26,28,90.3532)->(25,28,91.6711)->(24,28,93.8853)->(24,27,96.0995)->(24,26,97.4333)->(24,25,98.2618)->(24,24,99.5956)->(24,23,5049.5)->
Agent 34:(54,57,2.2)->(54,56,3.81421)->(54,55,5.14806)->(54,54,5.97649)->(54,53,7.31034)->(54,52,9.52456)->(53,52,11.7388)->(52,52,13.0566)->(51,52,13.7388)->(50,52,14.3066)->(49,52,14.8246)->(48,52,15.3246)->(47,52,15.8246)->(46,52,16.3425)->(45,52,16.9103)->(44,52,17.5925)->(43,52,18.9103)->(42,52,21.1246)->(42,51,23.3388)->(42,50,24.6566)->(42,49,25.3388)->(42,48,25.9066)->(42,47,26.4246)->(42,46,26.9246)->(42,45,27.4246)->(42,44,27.9246)->(42,43,28.4246)->(42,42,28.9246)->(42,41,29.4246)->(42,40,29.9246)->(42,39,30.4246)->(42,38,30.9246)->(42,37,31.4246)->(42,36,31.9246)->(42,35,32.4246)->(42,34,32.9246)->(42,33,33.4425)->(42,32,34.0103)->(42,31,34.6925)->(42,30,36.0103)->(42,29,38.2246)->(43,29,40.4388)->(44,29,41.7566)->(45,29,42.4388)->(46,29,43.0066)->(47,29,43.5246)->(48,29,44.0246)->(49,29,44.5246)->(50,29,45.0246)->(51,29,45.5246)->(52,29,46.0246)->(53,29,46.5246)->(54,29,47.0246)->(55,29,47.5246)->(56,29,48.0246)->(57,29,48.5246)->(58,29,49.0425)->(59,29,49.6103)->(60,29,50.2925)->(61,29,51.6103)->(62,29,53.8246)->(62,28,56.6246)->(62,27,59.4246)->(63,27,61.6388)->(64,27,62.9566)->(65,27,63.6484)->(66,27,64.284)->(67,27,64.9758)->(68,27,66.2937)->(69,27,68.5079)->(69,28,70.7221)->(69,29,72.0399)->(69,30,72.7221)->(69,31,73.3079)->(69,32,73.8937)->(69,33,74.5758)->(69,34,75.8937)->(69,35,78.1079)->(70,35,80.9079)->(71,35,5040.45)->
Agent 35:(16,10,1.8)->(17,10,3.01421)->(18,10,4.34806)->(19,10,5.17649)->(20,10,6.51034)->(21,10,9.22649)->(21,11,11.9426)->(21,12,13.2605)->(21,13,13.9426)->(21,14,14.5105)->(21,15,15.0284)->(21,16,15.5284)->(21,17,16.0284)->(21,18,16.5284)->(21,19,17.0284)->(21,20,17.5464)->(21,21,18.1142)->(21,22,18.7964)->(21,23,20.1142)->(21,24,22.3284)->(22,24,24.5426)->(23,24,25.8605)->(24,24,26.5426)->(25,24,27.1105)->(26,24,27.6284)->(27,24,28.1284)->(28,24,28.6284)->(29,24,29.1284)->(30,24,29.6284)->(31,24,30.1284)->(32,24,30.6284)->(33,24,31.1284)->(34,24,31.6464)->(35,24,32.2142)->(36,24,32.8964)->(37,24,34.2142)->(38,24,36.4284)->(38,25,38.6426)->(38,26,39.9605)->(38,27,40.6426)->(38,28,41.2105)->(38,29,41.7284)->(38,30,42.2284)->(38,31,42.7284)->(38,32,43.2284)->(38,33,43.7284)->(38,34,44.2284)->(38,35,44.7284)->(38,36,45.2284)->(38,37,45.7284)->(38,38,46.2284)->(38,39,46.7284)->(38,40,47.2284)->(38,41,47.7284)->(38,42,48.2284)->(38,43,48.7284)->(38,44,49.2284)->(38,45,49.7284)->(38,46,50.2284)->(38,47,50.7284)->(38,48,51.2284)->(38,49,51.7284)->(38,50,52.2284)->(38,51,52.7284)->(38,52,53.2284)->(38,53,53.7464)->(38,54,54.3142)->(38,55,54.9964)->(38,56,56.3142)->(38,57,5027.86)->
Agent 36:(24,27,2.61421)->(24,26,5.61421)->(23,26,8.24264)->(22,26,9.56048)->(21,26,10.2426)->(20,26,10.8105)->(19,26,11.3284)->(18,26,11.8284)->(17,26,12.3284)->(16,26,12.8284)->(15,26,13.3464)->(14,26,13.9142)->(13,26,14.5964)->(12,26,15.9142)->(11,26,18.1284)->(11,27,20.3426)->(11,28,21.6605)->(11,29,22.3426)->(11,30,22.9105)->(11,31,23.4284)->(11,32,23.9284)->(11,33,24.4284)->(11,34,24.9284)->(11,35,25.4284)->(11,36,25.9284)->(11,37,26.4284)->(11,38,26.9284)->(11,39,27.4284)->(11,40,27.9284)->(11,41,28.4284)->(11,42,28.9284)->(11,43,29.4284)->(11,44,29.9284)->(11,45,30.4284)->(11,46,30.9284)->(11,47,31.4284)->(11,48,31.9284)->(11,49,32.4284)->(11,50,32.9284)->(11,51,33.4284)->(11,52,33.9284)->(11,53,34.4284)->(11,54,34.9284)->(11,55,35.4464)->(11,56,36.0142)->(11,57,36.6964)->(11,58,38.0142)->(11,59,40.2284)->(10,59,43.0284)->(9,59,5021.51)->
Agent 37:(13,31,2.2)->(13,30,3.81421)->(13,29,5.22843)->(13,28,6.64264)->(13,27,8.85685)->(14,27,11.0711)->(15,27,12.3889)->(16,27,13.0711)->(17,27,13.6389)->(18,27,14.1569)->(19,27,14.6569)->(20,27,15.1569)->(21,27,15.6569)->(22,27,16.1569)->(23,27,16.6569)->(24,27,17.1569)->(25,27,17.6569)->(26,27,18.1569)->(27,27,18.6569)->(28,27,19.1569)->(29,27,19.6569)->(30,27,20.1569)->(31,27,20.6569)->(32,27,21.1569)->(33,27,21.6569)->(34,27,22.1569)->(35,27,22.6569)->(36,27,23.1569)->(37,27,23.6748)->(38,27,24.2426)->(39,27,24.9248)->(40,27,26.2426)->(41,27,29.7284)->(41,28,33.2142)->(41,29,34.5321)->(41,30,35.2142)->(41,31,35.7821)->(41,32,36.3)->(41,33,36.8)->(41,34,37.3)->(41,35,37.8)->(41,36,38.3)->(41,37,38.8)->(41,38,39.3179)->(41,39,39.8858)->(41,40,40.5679)->(41,41,41.8858)->(41,42,44.5142)->(42,42,5022.45)->
Agent 38:(38,30,2.2)->(38,29,3.81421)->(38,28,5.13205)->(38,27,5.82382)->(38,26,6.45949)->(38,25,7.15126)->(38,24,8.4691)->(38,23,35.3774)->(38,24,62.2858)->(38,25,63.7)->(38,26,65.1142)->(38,27,5032.26)->
Agent 39:(20,11,1.3)->(20,12,2.01421)->(20,13,3.33205)->(20,14,4.01421)->(20,15,4.58205)->(20,16,5.1)->(20,17,5.6)->(20,18,6.1)->(20,19,6.6)->(20,20,7.11795)->(20,21,7.68579)->(20,22,8.36795)->(20,23,9.68579)->(20,24,11.9)->(21,24,14.1142)->(22,24,15.4321)->(23,24,16.1142)->(24,24,16.6821)->(25,24,17.2)->(26,24,17.7)->(27,24,18.2)->(28,24,18.7)->(29,24,19.2)->(30,24,19.7)->(31,24,20.2)->(32,24,20.7)->(33,24,21.2)->(34,24,21.7)->(35,24,22.2)->(36,24,22.7)->(37,24,23.2)->(38,24,23.7)->(39,24,24.2)->(40,24,24.7179)->(41,24,25.2858)->(42,24,25.9679)->(43,24,27.2858)->(44,24,31.3678)->(44,25,35.4499)->(44,26,36.8641)->(44,27,38.2783)->(44,28,40.4925)->(45,28,42.7067)->(46,28,44.0246)->(47,28,44.7067)->(48,28,45.2746)->(49,28,45.7925)->(50,28,46.2925)->(51,28,46.7925)->(52,28,47.2925)->(53,28,47.7925)->(54,28,48.3105)->(55,28,48.8783)->(56,28,49.5605)->(57,28,50.8783)->(58,28,53.0925)->(58,27,55.8925)->(58,26,62.9105)->(58,27,69.3426)->(58,28,70.7569)->(58,29,72.1711)->(58,30,5035.79)->
Agent 40:(75,8,2.21421)->(76,8,4.81421)->(76,9,7.44264)->(76,10,8.76048)->(76,11,9.44264)->(76,12,10.0284)->(76,13,10.6142)->(76,14,11.2964)->(76,15,12.6142)->(76,16,14.8284)->(75,16,17.0426)->(74,16,18.3605)->(73,16,19.0426)->(72,16,19.6105)->(71,16,20.1284)->(70,16,20.6284)->(69,16,21.1284)->(68,16,21.6464)->(67,16,22.2142)->(66,16,22.8964)->(65,16,24.2142)->(64,16,26.4284)->(64,17,28.6426)->(64,18,29.9605)->(64,19,30.6426)->(64,20,31.2105)->(64,21,31.7284)->(64,22,32.2464)->(64,23,32.8142)->(64,24,33.4964)->(64,25,34.8142)->(64,26,37.0284)->(63,26,39.2426)->(62,26,40.5605)->(61,26,41.2426)->(60,26,41.8105)->(59,26,42.3284)->(58,26,42.8284)->(57,26,43.3284)->(56,26,43.8284)->(55,26,44.3284)->(54,26,44.8464)->(53,26,45.4142)->(52,26,46.0964)->(51,26,47.4142)->(50,26,50.0426)->(50,27,53.6426)->(49,27,56.2711)->(48,27,57.5889)->(47,27,58.2711)->(46,27,58.8389)->(45,27,59.3569)->(44,27,59.8569)->(43,27,60.3569)->(42,27,60.8569)->(41,27,61.3569)->(40,27,61.8569)->(39,27,62.3569)->(38,27,62.8569)->(37,27,63.3748)->(36,27,63.9426)->(35,27,64.6248)->(34,27,65.9426)->(33,27,5032.68)->
Agent 41:(18,22,1.3)->(18,23,2.01421)->(18,24,3.33205)->(18,25,4.0641)->(18,26,4.79615)->(18,27,6.11399)->(18,28,8.3282)->(19,28,10.5424)->(20,28,11.8603)->(21,28,12.5424)->(22,28,13.1103)->(23,28,13.6282)->(24,28,14.1282)->(25,28,14.6282)->(26,28,15.1282)->(27,28,15.6282)->(28,28,16.1282)->(29,28,16.6462)->(30,28,17.214)->(31,28,17.8962)->(32,28,19.214)->(33,28,21.8424)->(33,29,25.4424)->(34,29,28.0708)->(35,29,29.3887)->(36,29,30.0708)->(37,29,30.6387)->(38,29,31.1566)->(39,29,31.6566)->(40,29,32.1566)->(41,29,32.6566)->(42,29,33.1566)->(43,29,33.6566)->(44,29,34.1566)->(45,29,34.6566)->(46,29,35.1566)->(47,29,35.6566)->(48,29,36.1566)->(49,29,36.6566)->(50,29,37.1566)->(51,29,37.6566)->(52,29,38.1746)->(53,29,38.7424)->(54,29,39.4246)->(55,29,40.7424)->(56,29,42.9566)->(56,28,45.1708)->(56,27,46.4887)->(56,26,47.1708)->(56,25,47.7387)->(56,24,48.2566)->(56,23,48.7566)->(56,22,49.2566)->(56,21,49.7566)->(56,20,50.2566)->(56,19,50.7566)->(56,18,51.2566)->(56,17,51.7566)->(56,16,52.2566)->(56,15,52.7566)->(56,14,53.2566)->(56,13,53.7566)->(56,12,54.2566)->(56,11,54.7566)->(56,10,55.2566)->(56,9,55.7566)->(56,8,56.2746)->(56,7,56.8424)->(56,6,57.5246)->(56,5,58.8424)->(56,4,61.0566)->(57,4,63.2708)->(58,4,64.5887)->(59,4,65.2805)->(60,4,65.9161)->(61,4,66.6079)->(62,4,67.9257)->(63,4,70.5542)->(63,5,5035.47)->
Agent 42:(52,8,1.8)->(53,8,3.6)->(54,8,6.4)->(54,9,8.61421)->(54,10,9.93205)->(54,11,10.6142)->(54,12,11.1821)->(54,13,11.7)->(54,14,12.2)->(54,15,12.7)->(54,16,13.2)->(54,17,13.7)->(54,18,14.2)->(54,19,14.7)->(54,20,15.2)->(54,21,15.7)->(54,22,16.2)->(54,23,16.7)->(54,24,17.2179)->(54,25,17.7858)->(54,26,18.4679)->(54,27,19.7858)->(54,28,22)->(53,28,24.2142)->(52,28,25.5321)->(51,28,26.2142)->(50,28,26.7821)->(49,28,27.3)->(48,28,27.8)->(47,28,28.3)->(46,28,28.8)->(45,28,29.3)->(44,28,29.8)->(43,28,30.3)->(42,28,30.8)->(41,28,31.3)->(40,28,31.8)->(39,28,32.3179)->(38,28,32.8858)->(37,28,33.5679)->(36,28,34.8858)->(35,28,37.2463)->(35,27,39.6067)->(35,26,40.9246)->(35,25,41.6067)->(35,24,42.1925)->(35,23,42.7783)->(35,22,43.4605)->(35,21,44.7783)->(35,20,5022.1)->
Agent 43:(57,55,2.2)->(57,54,4.4)->(57,53,7.2)->(56,53,9.41421)->(55,53,10.7321)->(54,53,11.4142)->(53,53,11.9821)->(52,53,12.5)->(51,53,13)->(50,53,13.5)->(49,53,14)->(48,53,14.5)->(47,53,15)->(46,53,15.5)->(45,53,16)->(44,53,16.5)->(43,53,17)->(42,53,17.5179)->(41,53,18.0858)->(40,53,18.7679)->(39,53,20.0858)->(38,53,22.3)->(38,52,24.5142)->(38,51,25.8321)->(38,50,26.5142)->(38,49,27.0821)->(38,48,27.6)->(38,47,28.1)->(38,46,28.6)->(38,45,29.1)->(38,44,29.6)->(38,43,30.1)->(38,42,30.6)->(38,41,31.1)->(38,40,31.6)->(38,39,32.1)->(38,38,32.6)->(38,37,33.1)->(38,36,33.6)->(38,35,34.1179)->(38,34,34.6858)->(38,33,35.3679)->(38,32,36.6858)->(38,31,38.9)->(37,31,41.1495)->(36,31,43.1495)->(35,31,45.399)->(35,30,47.6132)->(35,29,49.0274)->(35,28,50.4416)->(35,27,52.6558)->(34,27,54.87)->(33,27,56.1879)->(32,27,56.87)->(31,27,57.4379)->(30,27,57.9558)->(29,27,58.4558)->(28,27,58.9558)->(27,27,59.4558)->(26,27,59.9558)->(25,27,60.4558)->(24,27,60.9558)->(23,27,61.4558)->(22,27,61.9558)->(21,27,62.4558)->(20,27,62.9558)->(19,27,63.4558)->(18,27,63.9558)->(17,27,64.4738)->(16,27,65.0416)->(15,27,65.7238)->(14,27,67.0416)->(13,27,69.2558)->(13,28,71.47)->(13,29,72.7879)->(13,30,73.47)->(13,31,74.0379)->(13,32,74.5558)->(13,33,75.0738)->(13,34,75.6416)->(13,35,76.3238)->(13,36,77.6416)->(13,37,80.27)->(14,37,5040.33)->
Agent 44:(9,49,1.8)->(10,49,3.01421)->(11,49,4.42843)->(12,49,5.84264)->(13,49,8.05685)->(13,48,10.2711)->(13,47,11.5889)->(13,46,12.2711)->(13,45,12.8389)->(13,44,13.3569)->(13,43,13.8569)->(13,42,14.3569)->(13,41,14.8569)->(13,40,15.3569)->(13,39,15.8569)->(13,38,16.3569)->(13,37,16.8569)->(13,36,17.3569)->(13,35,17.8569)->(13,34,18.3569)->(13,33,18.8569)->(13,32,19.3569)->(13,31,19.8569)->(13,30,20.3748)->(13,29,20.9426)->(13,28,21.6248)->(13,27,22.9426)->(13,26,25.5247)->(14,26,28.1067)->(15,26,29.4246)->(16,26,30.1067)->(17,26,30.6746)->(18,26,31.1925)->(19,26,31.6925)->(20,26,32.1925)->(21,26,32.6925)->(22,26,33.1925)->(23,26,33.6925)->(24,26,34.1925)->(25,26,34.6925)->(26,26,35.1925)->(27,26,35.6925)->(28,26,36.1925)->(29,26,36.6925)->(30,26,37.1925)->(31,26,37.6925)->(32,26,38.1925)->(33,26,38.6925)->(34,26,39.1925)->(35,26,39.6925)->(36,26,40.1925)->(37,26,40.6925)->(38,26,41.1925)->(39,26,41.6925)->(40,26,42.1925)->(41,26,42.7105)->(42,26,43.2783)->(43,26,43.9605)->(44,26,45.2783)->(45,26,47.5821)->(45,27,50.4716)->(45,28,54.65)->(46,28,58.2426)->(47,28,59.5605)->(48,28,60.2426)->(49,28,60.8105)->(50,28,61.3464)->(51,28,61.9142)->(52,28,62.5964)->(53,28,63.9142)->(54,28,66.1284)->(54,27,68.3426)->(54,26,69.6605)->(54,25,70.3426)->(54,24,70.9105)->(54,23,71.4284)->(54,22,71.9284)->(54,21,72.4284)->(54,20,72.9284)->(54,19,73.4284)->(54,18,73.9284)->(54,17,74.4284)->(54,16,74.9284)->(54,15,75.4284)->(54,14,75.9284)->(54,13,76.4284)->(54,12,76.9284)->(54,11,77.4284)->(54,10,77.9284)->(54,9,78.4464)->(54,8,79.0142)->(54,7,79.6964)->(54,6,81.0142)->(54,5,5040.21)->
Agent 45:(39,29,2.2)->(39,28,3.81421)->(39,27,5.22843)->(39,26,6.64264)->(39,25,8.85685)->(38,25,11.0711)->(37,25,12.3889)->(36,25,13.0711)->(35,25,13.6389)->(34,25,14.1569)->(33,25,14.6569)->(32,25,15.1569)->(31,25,15.6569)->(30,25,16.1569)->(29,25,16.6569)->(28,25,17.1569)->(27,25,17.6569)->(26,25,18.1569)->(25,25,18.6569)->(24,25,19.1569)->(23,25,19.6569)->(22,25,20.1569)->(21,25,20.6569)->(20,25,21.1569)->(19,25,21.6569)->(18,25,22.1569)->(17,25,22.6569)->(16,25,23.1569)->(15,25,23.6569)->(14,25,24.1569)->(13,25,24.6569)->(12,25,25.1748)->(11,25,25.7426)->(10,25,26.4248)->(9,25,27.7426)->(8,25,29.9569)->(8,24,32.7569)->(8,23,41.9279)->(8,24,51.099)->(8,25,5025.55)->
Agent 46:(11,20,1.8)->(12,20,3.01421)->(13,20,4.33205)->(14,20,5.01421)->(15,20,5.58205)->(16,20,6.11795)->(17,20,6.68579)->(18,20,7.36795)->(19,20,8.68579)->(20,20,10.9)->(20,19,13.1142)->(20,18,14.4321)->(20,17,15.1142)->(20,16,15.6821)->(20,15,16.2)->(20,14,16.7)->(20,13,17.2179)->(20,12,17.7858)->(20,11,18.4679)->(20,10,19.7858)->(20,9,22)->(19,9,24.2142)->(18,9,25.5321)->(17,9,26.2641)->(16,9,26.9962)->(15,9,28.314)->(14,9,30.5282)->(14,8,33.3282)->(14,7,5016.66)->
Agent 47:(60,29,2.2)->(60,28,3.84949)->(60,27,5.84949)->(60,26,8.09898)->(61,26,10.3132)->(62,26,11.631)->(63,26,12.3132)->(64,26,12.881)->(65,26,13.4169)->(66,26,13.9848)->(67,26,14.6669)->(68,26,15.9848)->(69,26,18.199)->(69,27,20.4132)->(69,28,21.731)->(69,29,22.4132)->(69,30,22.981)->(69,31,23.499)->(69,32,23.999)->(69,33,24.499)->(69,34,24.999)->(69,35,25.499)->(69,36,25.999)->(69,37,26.499)->(69,38,26.999)->(69,39,27.499)->(69,40,27.999)->(69,41,28.499)->(69,42,28.999)->(69,43,29.499)->(69,44,29.999)->(69,45,30.499)->(69,46,30.999)->(69,47,31.499)->(69,48,31.999)->(69,49,32.499)->(69,50,32.999)->(69,51,33.499)->(69,52,33.999)->(69,53,34.499)->(69,54,35.0169)->(69,55,35.5848)->(69,56,36.2669)->(69,57,37.5848)->(69,58,39.799)->(70,58,42.0132)->(71,58,43.331)->(72,58,44.0132)->(73,58,44.581)->(74,58,45.1169)->(75,58,45.6848)->(76,58,46.3669)->(77,58,47.6848)->(78,58,5023.55)->
Agent 48:(77,13,1.71421)->(77,14,3.81421)->(76,14,6.44264)->(75,14,7.76048)->(74,14,8.44264)->(73,14,9.01048)->(72,14,9.52843)->(71,14,10.0284)->(70,14,10.5284)->(69,14,11.0284)->(68,14,11.5464)->(67,14,12.1142)->(66,14,12.7964)->(65,14,14.1142)->(64,14,16.3284)->(64,15,18.5426)->(64,16,19.8605)->(64,17,20.5426)->(64,18,21.1105)->(64,19,21.6284)->(64,20,22.1284)->(64,21,22.6464)->(64,22,23.2142)->(64,23,23.8964)->(64,24,25.2142)->(64,25,27.4284)->(63,25,29.6426)->(62,25,30.9605)->(61,25,31.6426)->(60,25,32.2105)->(59,25,32.7284)->(58,25,33.2284)->(57,25,33.7284)->(56,25,34.2464)->(55,25,34.8142)->(54,25,35.4964)->(53,25,36.8142)->(52,25,39.0284)->(52,26,41.8284)->(52,27,49.3426)->(51,27,56.2711)->(50,27,57.5889)->(49,27,58.2711)->(48,27,58.8389)->(47,27,59.3569)->(46,27,59.8569)->(45,27,60.3569)->(44,27,60.8569)->(43,27,61.3569)->(42,27,61.8569)->(41,27,62.3569)->(40,27,62.8569)->(39,27,63.3748)->(38,27,63.9426)->(37,27,64.6248)->(36,27,65.9426)->(35,27,68.5711)->(35,26,72.1711)->(34,26,74.7995)->(33,26,76.1173)->(32,26,76.7995)->(31,26,77.3673)->(30,26,77.8853)->(29,26,78.3853)->(28,26,78.8853)->(27,26,79.3853)->(26,26,79.8853)->(25,26,80.3853)->(24,26,80.8853)->(23,26,81.3853)->(22,26,81.8853)->(21,26,82.3853)->(20,26,82.8853)->(19,26,83.3853)->(18,26,83.8853)->(17,26,84.3853)->(16,26,84.8853)->(15,26,85.4032)->(14,26,85.9711)->(13,26,86.6532)->(12,26,87.9711)->(11,26,90.1853)->(11,27,92.3995)->(11,28,93.7173)->(11,29,94.3995)->(11,30,94.9673)->(11,31,95.4853)->(11,32,95.9853)->(11,33,96.4853)->(11,34,96.9853)->(11,35,97.4853)->(11,36,97.9853)->(11,37,98.4853)->(11,38,98.9853)->(11,39,99.4853)->(11,40,99.9853)->(11,41,100.485)->(11,42,100.985)->(11,43,101.485)->(11,44,101.985)->(11,45,102.485)->(11,46,102.985)->(11,47,103.485)->(11,48,103.985)->(11,49,104.485)->(11,50,104.985)->(11,51,105.485)->(11,52,105.985)->(11,53,106.503)->(11,54,107.071)->(11,55,107.753)->(11,56,109.071)->(11,57,111.285)->(10,57,113.499)->(9,57,114.817)->(8,57,115.549)->(7,57,116.281)->(6,57,117.599)->(5,57,5058.51)->
Agent 49:(56,12,3.41421)->(56,13,6.24264)->(56,14,7.56048)->(56,15,8.24264)->(56,16,8.81048)->(56,17,9.32843)->(56,18,9.82843)->(56,19,10.3284)->(56,20,10.8284)->(56,21,11.3284)->(56,22,11.8284)->(56,23,12.3284)->(56,24,12.8464)->(56,25,13.4142)->(56,26,14.0964)->(56,27,15.4142)->(56,28,22.5105)->(55,28,29.6067)->(54,28,30.9246)->(53,28,31.6067)->(52,28,32.1746)->(51,28,32.6925)->(50,28,33.1925)->(49,28,33.6925)->(48,28,34.1925)->(47,28,34.6925)->(46,28,35.1925)->(45,28,35.6925)->(44,28,36.1925)->(43,28,36.6925)->(42,28,37.1925)->(41,28,37.6925)->(40,28,38.1925)->(39,28,38.6925)->(38,28,39.1925)->(37,28,39.6925)->(36,28,40.1925)->(35,28,40.6925)->(34,28,41.1925)->(33,28,41.6925)->(32,28,42.1925)->(31,28,42.6925)->(30,28,43.1925)->(29,28,43.6925)->(28,28,44.1925)->(27,28,44.6925)->(26,28,45.1925)->(25,28,45.6925)->(24,28,46.1925)->(23,28,46.6925)->(22,28,47.2105)->(21,28,47.7783)->(20,28,48.4605)->(19,28,49.7783)->(18,28,52.4067)->(18,27,56.0067)->(17,27,58.6352)->(16,27,59.953)->(15,27,60.6352)->(14,27,61.203)->(13,27,61.721)->(12,27,62.221)->(11,27,62.721)->(10,27,63.221)->(9,27,63.7389)->(8,27,64.3067)->(7,27,64.9889)->(6,27,66.3067)->(5,27,5032.86)->
Agent 50:(3,54,1.8)->(4,54,3.01421)->(5,54,4.33205)->(6,54,5.01421)->(7,54,5.58205)->(8,54,6.11795)->(9,54,6.68579)->(10,54,7.36795)->(11,54,8.68579)->(12,54,10.9)->(12,53,13.1142)->(12,52,14.4321)->(12,51,15.1142)->(12,50,15.6821)->(12,49,16.2)->(12,48,16.7)->(12,47,17.2)->(12,46,17.7)->(12,45,18.2)->(12,44,18.7)->(12,43,19.2)->(12,42,19.7)->(12,41,20.2)->(12,40,20.7)->(12,39,21.2)->(12,38,21.7)->(12,37,22.2)->(12,36,22.7)->(12,35,23.2)->(12,34,23.7)->(12,33,24.2)->(12,32,24.7)->(12,31,25.2)->(12,30,25.7)->(12,29,26.2)->(12,28,26.7)->(12,27,27.2)->(12,26,27.7)->(12,25,28.2)->(12,24,28.7179)->(12,23,29.2858)->(12,22,29.9679)->(12,21,31.2858)->(12,20,33.5)->(11,20,35.7142)->(10,20,37.0321)->(9,20,37.7238)->(8,20,38.3595)->(7,20,39.0513)->(6,20,40.3691)->(5,20,42.9975)->(5,19,5021.69)->
Agent 51:(75,60,1.8)->(74,60,3.01421)->(73,60,4.33205)->(72,60,5.02382)->(71,60,5.65949)->(70,60,6.35126)->(69,60,7.6691)->(68,60,11.1417)->(68,59,14.6142)->(68,58,15.9321)->(68,57,16.6142)->(68,56,17.1821)->(68,55,17.7)->(68,54,18.2)->(68,53,18.7)->(68,52,19.2)->(68,51,19.7)->(68,50,20.2)->(68,49,20.7)->(68,48,21.2)->(68,47,21.7)->(68,46,22.2)->(68,45,22.7)->(68,44,23.2)->(68,43,23.7)->(68,42,24.2)->(68,41,24.7)->(68,40,25.2)->(68,39,25.7)->(68,38,26.2)->(68,37,26.7)->(68,36,27.2)->(68,35,27.7)->(68,34,28.2)->(68,33,28.7)->(68,32,29.2)->(68,31,29.7)->(68,30,30.2)->(68,29,30.7)->(68,28,31.2)->(68,27,31.7)->(68,26,32.2)->(68,25,32.7179)->(68,24,33.2858)->(68,23,33.9679)->(68,22,35.2858)->(68,21,37.5)->(69,21,39.7142)->(70,21,41.0321)->(71,21,41.7142)->(72,21,42.2821)->(73,21,42.8)->(74,21,43.3179)->(75,21,43.8858)->(76,21,44.5679)->(77,21,45.8858)->(78,21,48.1)->(78,22,50.9)->(78,23,5025.45)->
Agent 52:(41,45,2.2)->(41,44,3.81421)->(41,43,5.13205)->(41,42,5.81421)->(41,41,6.38205)->(41,40,6.9)->(41,39,7.4)->(41,38,7.9)->(41,37,8.4)->(41,36,8.9)->(41,35,9.4)->(41,34,9.9)->(41,33,10.4)->(41,32,10.9)->(41,31,11.4)->(41,30,11.9)->(41,29,12.4)->(41,28,12.9)->(41,27,13.4)->(41,26,13.9179)->(41,25,14.4858)->(41,24,15.1679)->(41,23,16.4858)->(41,22,18.7)->(40,22,20.9142)->(39,22,22.2321)->(38,22,22.9142)->(37,22,23.5)->(36,22,24.0858)->(35,22,24.7679)->(34,22,26.0858)->(33,22,28.7142)->(33,23,5014.55)->
Agent 53:(57,36,2.2)->(57,35,3.81421)->(57,34,5.13205)->(57,33,5.81421)->(57,32,6.4)->(57,31,6.98579)->(57,30,7.66795)->(57,29,8.98579)->(57,28,11.2)->(56,28,13.4142)->(55,28,14.7321)->(54,28,15.4142)->(53,28,15.9821)->(52,28,16.5)->(51,28,17)->(50,28,17.5)->(49,28,18)->(48,28,18.5)->(47,28,19)->(46,28,19.5)->(45,28,20)->(44,28,20.5)->(43,28,21)->(42,28,21.5)->(41,28,22)->(40,28,22.5)->(39,28,23)->(38,28,23.5)->(37,28,24)->(36,28,24.5)->(35,28,25)->(34,28,25.5)->(33,28,26)->(32,28,26.5)->(31,28,27)->(30,28,27.5)->(29,28,28)->(28,28,28.5)->(27,28,29)->(26,28,29.5)->(25,28,30)->(24,28,30.5)->(23,28,31)->(22,28,31.5179)->(21,28,32.0858)->(20,28,32.7679)->(19,28,34.0858)->(18,28,36.3)->(18,27,38.5495)->(18,26,40.5495)->(18,25,42.799)->(17,25,45.0132)->(16,25,46.331)->(15,25,47.0132)->(14,25,47.581)->(13,25,48.099)->(12,25,48.599)->(11,25,49.099)->(10,25,49.599)->(9,25,50.099)->(8,25,50.599)->(7,25,51.099)->(6,25,51.6169)->(5,25,52.1848)->(4,25,52.8669)->(3,25,54.1848)->(2,25,5026.8)->
Agent 54:(43,35,1.3)->(43,36,2.6)->(43,37,5.75)->(42,37,8.9)->(41,37,11.7)->(41,38,13.9142)->(41,39,15.2321)->(41,40,15.9142)->(41,41,16.4821)->(41,42,17)->(41,43,17.5)->(41,44,18)->(41,45,18.5)->(41,46,19)->(41,47,19.5)->(41,48,20.0179)->(41,49,20.5858)->(41,50,21.2679)->(41,51,22.5858)->(41,52,24.8)->(42,52,27.0142)->(43,52,28.3321)->(44,52,29.0142)->(45,52,29.5821)->(46,52,30.1)->(47,52,30.6)->(48,52,31.1)->(49,52,31.6)->(50,52,32.1)->(51,52,32.6)->(52,52,33.1)->(53,52,33.6)->(54,52,34.1)->(55,52,34.6179)->(56,52,35.1858)->(57,52,35.8679)->(58,52,37.1858)->(59,52,39.8142)->(59,51,5020.1)->
Agent 55:(28,26,1.71421)->(28,27,4.65)->(29,27,8.11421)->(30,27,9.43205)->(31,27,10.1142)->(32,27,10.6821)->(33,27,11.2)->(34,27,11.7)->(35,27,12.2)->(36,27,12.7)->(37,27,13.2)->(38,27,13.7)->(39,27,14.2)->(40,27,14.7)->(41,27,15.2)->(42,27,15.7)->(43,27,16.2)->(44,27,16.7)->(45,27,17.2)->(46,27,17.7)->(47,27,18.2)->(48,27,18.7)->(49,27,19.2)->(50,27,19.7)->(51,27,20.2)->(52,27,20.7)->(53,27,21.2)->(54,27,21.7)->(55,27,22.2)->(56,27,22.7)->(57,27,23.2)->(58,27,23.7)->(59,27,24.2)->(60,27,24.7)->(61,27,25.2)->(62,27,25.7)->(63,27,26.2)->(64,27,26.7)->(65,27,27.2179)->(66,27,27.7858)->(67,27,28.4679)->(68,27,29.7858)->(69,27,32)->(69,28,34.2142)->(69,29,35.5321)->(69,30,36.2142)->(69,31,36.7821)->(69,32,37.3)->(69,33,37.8)->(69,34,38.3)->(69,35,38.8)->(69,36,39.3)->(69,37,39.8)->(69,38,40.3)->(69,39,40.8)->(69,40,41.3)->(69,41,41.8)->(69,42,42.3)->(69,43,42.8)->(69,44,43.3)->(69,45,43.8)->(69,46,44.3)->(69,47,44.8)->(69,48,45.3)->(69,49,45.8179)->(69,50,46.3858)->(69,51,47.0679)->(69,52,48.3858)->(69,53,50.6)->(70,53,52.8142)->(71,53,54.1321)->(72,53,54.8641)->(73,53,55.5962)->(74,53,56.914)->(75,53,5028.16)->
Agent 56:(39,49,2.2)->(39,48,3.81421)->(39,47,5.13205)->(39,46,5.81421)->(39,45,6.38205)->(39,44,6.9)->(39,43,7.4)->(39,42,7.9)->(39,41,8.4)->(39,40,8.9)->(39,39,9.4)->(39,38,9.9)->(39,37,10.4)->(39,36,10.9)->(39,35,11.4)->(39,34,11.9)->(39,33,12.4)->(39,32,12.9)->(39,31,13.4179)->(39,30,13.9858)->(39,29,14.6679)->(39,28,15.9858)->(39,27,18.2)->(40,27,20.4142)->(41,27,21.7321)->(42,27,22.4142)->(43,27,22.9821)->(44,27,23.5)->(45,27,24)->(46,27,24.5)->(47,27,25)->(48,27,25.5)->(49,27,26)->(50,27,26.5)->(51,27,27)->(52,27,27.5)->(53,27,28)->(54,27,28.5)->(55,27,29)->(56,27,29.5)->(57,27,30)->(58,27,30.5)->(59,27,31)->(60,27,31.5)->(61,27,32)->(62,27,32.5)->(63,27,33)->(64,27,33.5)->(65,27,34.0179)->(66,27,34.5858)->(67,27,35.2679)->(68,27,36.5858)->(69,27,38.8)->(69,28,41.0142)->(69,29,42.3321)->(69,30,43.0142)->(69,31,43.5821)->(69,32,44.1)->(69,33,44.6)->(69,34,45.1)->(69,35,45.6)->(69,36,46.1)->(69,37,46.6)->(69,38,47.1)->(69,39,47.6179)->(69,40,48.1858)->(69,41,48.8679)->(69,42,50.1858)->(69,43,52.4)->(70,43,54.6142)->(71,43,55.9481)->(72,43,56.7765)->(73,43,58.1103)->(74,43,5028.76)->
Agent 57:(76,43,1.8)->(75,43,3.01421)->(74,43,4.33205)->(73,43,5.01421)->(72,43,5.58205)->(71,43,6.11795)->(70,43,6.68579)->(69,43,7.36795)->(68,43,8.68579)->(67,43,10.9)->(67,42,13.1142)->(67,41,14.4321)->(67,40,15.1142)->(67,39,15.6821)->(67,38,16.2)->(67,37,16.7)->(67,36,17.2)->(67,35,17.7)->(67,34,18.2)->(67,33,18.7)->(67,32,19.2)->(67,31,19.7)->(67,30,20.2179)->(67,29,20.7858)->(67,28,21.4679)->(67,27,22.7858)->(67,26,25)->(66,26,27.2142)->(65,26,28.5321)->(64,26,29.2142)->(63,26,29.7821)->(62,26,30.3)->(61,26,30.8)->(60,26,31.3)->(59,26,31.8179)->(58,26,32.3858)->(57,26,33.0679)->(56,26,34.3858)->(55,26,37.0142)->(55,27,5018.7)->
Agent 58:(72,8,3.18579)->(73,8,5.78579)->(74,8,7.2)->(75,8,8.61421)->(76,8,10.8284)->(76,9,13.0426)->(76,10,14.3605)->(76,11,15.0426)->(76,12,15.6284)->(76,13,16.2142)->(76,14,16.8964)->(76,15,18.2142)->(76,16,20.6605)->(75,16,23.1067)->(74,16,24.4246)->(73,16,25.1067)->(72,16,25.6746)->(71,16,26.1925)->(70,16,26.6925)->(69,16,27.1925)->(68,16,27.6925)->(67,16,28.1925)->(66,16,28.7105)->(65,16,29.2783)->(64,16,29.9605)->(63,16,31.2783)->(62,16,33.9067)->(62,17,37.5067)->(61,17,40.1352)->(60,17,41.469)->(59,17,42.2974)->(58,17,43.6313)->(57,17,45.8455)->(57,18,48.0597)->(57,19,49.3776)->(57,20,50.0597)->(57,21,50.6276)->(57,22,51.1455)->(57,23,51.6455)->(57,24,52.1455)->(57,25,52.6455)->(57,26,53.1455)->(57,27,53.6455)->(57,28,54.1455)->(57,29,54.6455)->(57,30,55.1455)->(57,31,55.6635)->(57,32,56.2313)->(57,33,56.9135)->(57,34,58.2313)->(57,35,5028.82)->
Agent 59:(35,18,1.71421)->(35,19,3.81421)->(34,19,6.44264)->(33,19,7.76048)->(32,19,8.44264)->(31,19,9.01048)->(30,19,9.52843)->(29,19,10.0284)->(28,19,10.5284)->(27,19,11.0284)->(26,19,11.5284)->(25,19,12.0284)->(24,19,12.5464)->(23,19,13.1142)->(22,19,13.7964)->(21,19,15.1142)->(20,19,17.3284)->(20,18,19.5426)->(20,17,20.8605)->(20,16,21.5426)->(20,15,22.1105)->(20,14,22.6284)->(20,13,23.1464)->(20,12,23.7142)->(20,11,24.3964)->(20,10,25.7142)->(20,9,27.9284)->(19,9,30.7284)->(18,9,5015.36)->
