Agent 0:(15,25,2.55)->(14,25,4.51421)->(13,25,5.83205)->(12,25,6.51421)->(11,25,7.08205)->(10,25,7.6)->(9,25,8.1)->(8,25,8.6)->(7,25,9.1)->(6,25,9.6)->(5,25,10.1179)->(4,25,10.6858)->(3,25,11.3679)->(2,25,12.6858)->(1,25,16.0642)->(1,24,19.4426)->(1,23,20.7605)->(1,22,21.4426)->(1,21,22.0105)->(1,20,22.5284)->(1,19,23.0284)->(1,18,23.5284)->(1,17,24.0284)->(1,16,24.5284)->(1,15,25.0284)->(1,14,25.5464)->(1,13,26.1142)->(1,12,26.7964)->(1,11,28.1142)->(1,10,5013.76)->
Agent 1:(26,26,1.8)->(25,26,3.01421)->(24,26,4.33205)->(23,26,5.01421)->(22,26,5.58205)->(21,26,6.1)->(20,26,6.6)->(19,26,7.1)->(18,26,7.6)->(17,26,8.1)->(16,26,8.6)->(15,26,9.1)->(14,26,9.6)->(13,26,10.1)->(12,26,10.6)->(11,26,11.1179)->(10,26,11.6858)->(9,26,12.3679)->(8,26,13.6858)->(7,26,15.9)->(7,25,18.1142)->(7,24,19.4481)->(7,23,20.2765)->(7,22,21.6103)->(7,21,24.2388)->(6,21,5012.31)->
Agent 2:(1,23,2.2)->(1,22,3.81421)->(1,21,5.13205)->(1,20,5.81421)->(1,19,6.38205)->(1,18,6.9)->(1,17,7.4)->(1,16,7.9)->(1,15,8.4)->(1,14,8.9)->(1,13,9.4)->(1,12,9.9)->(1,11,10.4)->(1,10,10.9)->(1,9,11.4)->(1,8,11.9)->(1,7,12.4)->(1,6,12.9)->(1,5,13.4)->(1,4,13.9179)->(1,3,14.4858)->(1,2,15.1679)->(1,1,16.4858)->(1,0,18.7)->(2,0,20.9142)->(3,0,22.2321)->(4,0,22.9142)->(5,0,23.4821)->(6,0,24.0179)->(7,0,24.5858)->(8,0,25.2679)->(9,0,26.5858)->(10,0,30.3605)->(10,1,5015.95)->
Agent 3:(0,2,1.3)->(0,3,2.01421)->(0,4,3.33205)->(0,5,4.0641)->(0,6,4.79615)->(0,7,6.11399)->(0,8,9.9641)->(1,8,13.8142)->(2,8,15.1481)->(3,8,15.9765)->(4,8,17.3103)->(5,8,5008.36)->
Agent 4:(23,25,1.8)->(22,25,3.01421)->(21,25,4.33205)->(20,25,5.01421)->(19,25,5.58205)->(18,25,6.1)->(17,25,6.6)->(16,25,7.1)->(15,25,7.6)->(14,25,8.1)->(13,25,8.6)->(12,25,9.11795)->(11,25,9.68579)->(10,25,10.3679)->(9,25,11.6858)->(8,25,13.9)->(8,24,16.1142)->(8,23,17.4321)->(8,22,18.1142)->(8,21,18.6821)->(8,20,19.2)->(8,19,19.7)->(8,18,20.2)->(8,17,20.7)->(8,16,21.2)->(8,15,21.7)->(8,14,22.2179)->(8,13,22.7858)->(8,12,23.4679)->(8,11,24.7858)->(8,10,5012.1)->
Agent 5:(3,12,1.8)->(4,12,3.01421)->(5,12,4.33205)->(6,12,5.01421)->(7,12,5.58205)->(8,12,6.1)->(9,12,6.61795)->(10,12,7.18579)->(11,12,7.86795)->(12,12,9.18579)->(13,12,11.8142)->(13,11,15.4142)->(14,11,18.0426)->(15,11,19.4569)->(16,11,20.8711)->(17,11,23.4995)->(17,12,5011.94)->
Agent 6:(2,4,2.8)->(2,3,5.04949)->(2,2,7.04949)->(2,1,9.29898)->(3,1,11.5132)->(4,1,12.847)->(5,1,13.6755)->(6,1,15.0093)->(7,1,5007.21)->
Agent 7:(24,10,1.3)->(24,11,2.01421)->(24,12,3.34806)->(24,13,4.17649)->(24,14,5.51034)->(24,15,8.13877)->(25,15,14.8981)->(24,15,21.2716)->(23,15,5010.64)->
Agent 8:(29,17,2.4142)->(28,17,4.24261)->(27,17,5.56045)->(26,17,6.24261)->(25,17,6.81045)->(24,17,7.3284)->(23,17,7.8284)->(22,17,8.3284)->(21,17,8.8284)->(20,17,9.3284)->(19,17,9.8284)->(18,17,10.3284)->(17,17,10.8284)->(16,17,11.3284)->(15,17,11.8284)->(14,17,12.3284)->(13,17,12.8284)->(12,17,13.3284)->(11,17,13.8284)->(10,17,14.3284)->(9,17,14.8284)->(8,17,15.3463)->(7,17,15.9142)->(6,17,16.5963)->(5,17,17.9142)->(4,17,20.1284)->(4,16,22.9284)->(4,15,5011.46)->
Agent 9:(2,14,1.8)->(3,14,3.01421)->(4,14,4.33205)->(5,14,5.01421)->(6,14,5.58205)->(7,14,6.1)->(8,14,6.6)->(9,14,7.1)->(10,14,7.6)->(11,14,8.1)->(12,14,8.6)->(13,14,9.11795)->(14,14,9.68579)->(15,14,10.3679)->(16,14,11.6858)->(17,14,13.9)->(17,13,16.1142)->(17,12,17.4321)->(17,11,18.1142)->(17,10,18.6821)->(17,9,19.2)->(17,8,19.7)->(17,7,20.2)->(17,6,20.7179)->(17,5,21.2858)->(17,4,21.9679)->(17,3,23.2858)->(17,2,25.5)->(18,2,27.7142)->(19,2,29.0321)->(20,2,29.7142)->(21,2,30.2821)->(22,2,30.8)->(23,2,31.3)->(24,2,31.8)->(25,2,32.3)->(26,2,32.8)->(27,2,33.3179)->(28,2,33.8858)->(29,2,34.5679)->(30,2,35.8858)->(31,2,5017.65)->
Agent 10:(31,12,1.3)->(31,13,2.01421)->(31,14,3.33205)->(31,15,4.01421)->(31,16,4.58205)->(31,17,5.1)->(31,18,5.6)->(31,19,6.1)->(31,20,6.6)->(31,21,7.1)->(31,22,7.6)->(31,23,8.11795)->(31,24,8.68579)->(31,25,9.36795)->(31,26,10.6858)->(31,27,15.4)->(30,27,20.1142)->(29,27,21.4321)->(28,27,22.1142)->(27,27,22.6821)->(26,27,23.2)->(25,27,23.7)->(24,27,24.2)->(23,27,24.7)->(22,27,25.2)->(21,27,25.7)->(20,27,26.2)->(19,27,26.7)->(18,27,27.2)->(17,27,27.7)->(16,27,28.2)->(15,27,28.7)->(14,27,29.2)->(13,27,29.7)->(12,27,30.2)->(11,27,30.7)->(10,27,31.2)->(9,27,31.7)->(8,27,32.2)->(7,27,32.7)->(6,27,33.2)->(5,27,33.7179)->(4,27,34.2858)->(3,27,34.9679)->(2,27,36.2858)->(1,27,38.9142)->(1,28,5019.65)->
Agent 11:(2,9,1.8)->(3,9,3.01421)->(4,9,4.33205)->(5,9,5.01421)->(6,9,5.58205)->(7,9,6.1)->(8,9,6.6)->(9,9,7.1)->(10,9,7.6)->(11,9,8.1)->(12,9,8.61795)->(13,9,9.18579)->(14,9,9.86795)->(15,9,11.1858)->(16,9,13.4)->(16,10,15.6142)->(16,11,16.9321)->(16,12,17.6142)->(16,13,18.1821)->(16,14,18.7)->(16,15,19.2)->(16,16,19.7)->(16,17,20.2)->(16,18,20.7)->(16,19,21.2)->(16,20,21.7)->(16,21,22.2)->(16,22,22.7)->(16,23,23.2)->(16,24,23.7179)->(16,25,24.2858)->(16,26,24.9679)->(16,27,26.2858)->(16,28,5012.85)->
Agent 12:(2,24,1.3)->(2,25,2.6)->(2,26,6.16421)->(3,26,5003.45)->
Agent 13:(17,11,1.3)->(17,12,2.01421)->(17,13,3.34806)->(17,14,4.17649)->(17,15,5.51034)->(17,16,7.72456)->(16,16,10.5246)->(15,16,13.7388)->(15,17,5007.06)->
Agent 14:(15,24,2.05)->(16,24,3.51421)->(17,24,4.83205)->(18,24,5.51421)->(19,24,6.08205)->(20,24,6.6)->(21,24,7.1)->(22,24,7.6)->(23,24,8.1)->(24,24,8.61795)->(25,24,9.18579)->(26,24,9.86795)->(27,24,11.1858)->(28,24,13.4)->(28,23,15.6142)->(28,22,16.9321)->(28,21,17.6142)->(28,20,18.1821)->(28,19,18.7)->(28,18,19.2179)->(28,17,19.7858)->(28,16,20.4679)->(28,15,21.7858)->(28,14,5010.6)->
Agent 15:(23,11,1.8)->(22,11,3.01421)->(21,11,4.34806)->(20,11,5.17649)->(19,11,6.51034)->(18,11,8.72456)->(18,12,10.9388)->(18,13,12.2566)->(18,14,12.9887)->(18,15,13.7207)->(18,16,15.0385)->(18,17,5007.23)->
Agent 16:(7,24,2.2)->(7,23,3.81421)->(7,22,5.13205)->(7,21,5.81421)->(7,20,6.38205)->(7,19,6.9)->(7,18,7.4)->(7,17,7.9)->(7,16,8.4)->(7,15,8.9)->(7,14,9.4)->(7,13,9.9)->(7,12,10.4)->(7,11,10.9179)->(7,10,11.4858)->(7,9,12.1679)->(7,8,13.4858)->(7,7,15.7)->(6,7,17.9142)->(5,7,19.2321)->(4,7,19.9238)->(3,7,20.5595)->(2,7,21.2513)->(1,7,22.5691)->(0,7,5010.99)->
Agent 17:(22,3,1.3)->(22,4,2.01421)->(22,5,3.33205)->(22,6,4.01421)->(22,7,4.58205)->(22,8,5.1)->(22,9,5.6)->(22,10,6.1)->(22,11,6.6)->(22,12,7.1)->(22,13,7.6)->(22,14,8.1)->(22,15,8.6)->(22,16,9.1)->(22,17,9.6)->(22,18,10.1)->(22,19,10.6)->(22,20,11.1)->(22,21,11.6)->(22,22,12.1)->(22,23,12.6)->(22,24,13.1179)->(22,25,13.6858)->(22,26,14.3679)->(22,27,15.6858)->(22,28,18.5642)->(22,27,21.4426)->(22,26,22.7605)->(22,25,23.4426)->(22,24,24.0105)->(22,23,24.5464)->(22,22,25.1142)->(22,21,25.7964)->(22,20,27.1142)->(22,19,29.3284)->(21,19,31.5426)->(20,19,32.8605)->(19,19,33.5925)->(18,19,34.3246)->(17,19,35.6424)->(16,19,5017.53)->
Agent 18:(29,21,1.3)->(29,22,2.01421)->(29,23,3.33205)->(29,24,4.01421)->(29,25,4.6)->(29,26,5.18579)->(29,27,5.86795)->(29,28,7.18579)->(29,29,9.4)->(28,29,11.6142)->(27,29,12.9321)->(26,29,13.6142)->(25,29,14.1821)->(24,29,14.7)->(23,29,15.2)->(22,29,15.7)->(21,29,16.2)->(20,29,16.7)->(19,29,17.2)->(18,29,17.7)->(17,29,18.2)->(16,29,18.7179)->(15,29,19.2858)->(14,29,19.9679)->(13,29,21.2858)->(12,29,5010.35)->
Agent 19:(20,4,1.37649)->(20,5,2.1672)->(20,6,3.48503)->(20,7,4.1672)->(20,8,4.75298)->(20,9,5.33877)->(20,10,6.02093)->(20,11,7.33877)->(20,12,9.67649)->(19,12,12.0142)->(18,12,13.3321)->(17,12,14.0641)->(16,12,14.7962)->(15,12,16.114)->(14,12,5007.76)->
Agent 20:(16,31,2.55)->(16,30,4.51421)->(16,29,5.83205)->(16,28,6.51421)->(16,27,7.08205)->(16,26,7.6)->(16,25,8.1)->(16,24,8.61795)->(16,23,9.18579)->(16,22,9.86795)->(16,21,11.1858)->(16,20,13.4)->(15,20,15.6142)->(14,20,16.9321)->(13,20,17.6142)->(12,20,18.1821)->(11,20,18.7179)->(10,20,19.2858)->(9,20,19.9679)->(8,20,21.2858)->(7,20,25.4907)->(7,21,5013.73)->
Agent 21:(12,3,3.10385)->(12,4,5.62191)->(12,5,6.93975)->(12,6,7.6718)->(12,7,8.40385)->(12,8,9.72168)->(12,9,11.9359)->(13,9,14.1501)->(14,9,15.4679)->(15,9,16.1501)->(16,9,16.7179)->(17,9,17.2359)->(18,9,17.7359)->(19,9,18.2359)->(20,9,18.7359)->(21,9,19.2538)->(22,9,19.8217)->(23,9,20.5038)->(24,9,21.8217)->(25,9,5010.62)->
Agent 22:(3,30,2.2)->(3,29,3.81421)->(3,28,5.13205)->(3,27,5.81421)->(3,26,6.38205)->(3,25,6.91795)->(3,24,7.48579)->(3,23,8.16795)->(3,22,9.48579)->(3,21,11.7)->(4,21,13.9142)->(5,21,15.2321)->(6,21,15.9238)->(7,21,16.5595)->(8,21,17.2513)->(9,21,18.5691)->(10,21,21.1833)->(9,21,24.3833)->(8,21,5012.19)->
Agent 23:(18,31,1.8)->(19,31,3.01421)->(20,31,4.34806)->(21,31,5.17649)->(22,31,6.51034)->(23,31,9.34806)->(23,30,12.1858)->(23,29,13.5036)->(23,28,14.1858)->(23,27,14.7536)->(23,26,15.2716)->(23,25,15.7716)->(23,24,16.2716)->(23,23,16.7716)->(23,22,17.2716)->(23,21,17.7716)->(23,20,18.2716)->(23,19,18.7716)->(23,18,19.2716)->(23,17,19.7716)->(23,16,20.2716)->(23,15,20.7716)->(23,14,21.2716)->(23,13,21.7895)->(23,12,22.3574)->(23,11,23.0395)->(23,10,24.3574)->(23,9,5011.89)->
Agent 24:(2,3,1.8)->(3,3,3.01421)->(4,3,4.42843)->(5,3,5.84264)->(6,3,8.05685)->(6,4,10.2711)->(6,5,11.5889)->(6,6,12.2711)->(6,7,12.8389)->(6,8,13.3569)->(6,9,13.8569)->(6,10,14.3569)->(6,11,14.8569)->(6,12,15.3569)->(6,13,15.8569)->(6,14,16.3569)->(6,15,16.8569)->(6,16,17.3569)->(6,17,17.8569)->(6,18,18.3748)->(6,19,18.9426)->(6,20,19.6248)->(6,21,20.9426)->(6,22,5010.18)->
Agent 25:(28,17,1.3)->(28,18,2.6)->(28,19,5.8)->(28,18,8.41421)->(28,17,9.73205)->(28,16,10.4142)->(28,15,10.9821)->(28,14,11.5)->(28,13,12)->(28,12,12.5)->(28,11,13)->(28,10,13.5)->(28,9,14)->(28,8,14.5179)->(28,7,15.0858)->(28,6,15.7679)->(28,5,17.0858)->(28,4,5008.25)->
Agent 26:(19,20,2.56795)->(19,21,4.55011)->(19,22,5.86795)->(19,23,6.6)->(19,24,7.33205)->(19,25,8.64989)->(19,26,10.8641)->(18,26,13.0783)->(17,26,14.3962)->(16,26,15.0783)->(15,26,15.6641)->(14,26,16.2499)->(13,26,16.9321)->(12,26,18.2499)->(11,26,5008.83)->
Agent 27:(26,2,1.8)->(25,2,3.01421)->(24,2,4.33205)->(23,2,5.02382)->(22,2,5.65949)->(21,2,6.35126)->(20,2,7.6691)->(19,2,9.88331)->(19,3,12.0975)->(19,4,13.4154)->(19,5,14.0975)->(19,6,14.6654)->(19,7,15.1833)->(19,8,15.6833)->(19,9,16.1833)->(19,10,16.6833)->(19,11,17.1833)->(19,12,17.6833)->(19,13,18.1833)->(19,14,18.6833)->(19,15,19.1833)->(19,16,19.6833)->(19,17,20.1833)->(19,18,20.7013)->(19,19,21.2691)->(19,20,21.9513)->(19,21,23.2691)->(19,22,5011.34)->
Agent 28:(1,9,2.8)->(2,9,5.6)->(3,9,8.4)->(3,10,10.6142)->(3,11,11.9321)->(3,12,12.6142)->(3,13,13.1821)->(3,14,13.7)->(3,15,14.2)->(3,16,14.7)->(3,17,15.2)->(3,18,15.7)->(3,19,16.2)->(3,20,16.7)->(3,21,17.2179)->(3,22,17.7858)->(3,23,18.4679)->(3,24,19.7858)->(3,25,5009.6)->
Agent 29:(8,28,1.8)->(9,28,3.01421)->(10,28,4.33205)->(11,28,5.01421)->(12,28,5.58205)->(13,28,6.1)->(14,28,6.6)->(15,28,7.1)->(16,28,7.6)->(17,28,8.1)->(18,28,8.6)->(19,28,9.1)->(20,28,9.61795)->(21,28,10.1858)->(22,28,10.8679)->(23,28,12.1858)->(24,28,14.8142)->(24,29,5007.6)->
Agent 30:(24,24,2.2)->(24,23,3.81421)->(24,22,5.22843)->(24,21,6.64264)->(24,20,14.1691)->(23,20,21.6956)->(22,20,23.0135)->(21,20,23.6956)->(20,20,24.2635)->(19,20,24.7814)->(18,20,25.2814)->(17,20,25.7814)->(16,20,26.2814)->(15,20,26.7814)->(14,20,27.2814)->(13,20,27.7814)->(12,20,28.2814)->(11,20,28.7814)->(10,20,29.2814)->(9,20,29.7814)->(8,20,30.2814)->(7,20,30.7814)->(6,20,31.2994)->(5,20,31.8672)->(4,20,32.5494)->(3,20,33.8672)->(2,20,5016.64)->
Agent 31:(6,27,2.2)->(6,26,3.81421)->(6,25,5.13205)->(6,24,5.81421)->(6,23,6.38205)->(6,22,6.9)->(6,21,7.4)->(6,20,7.91795)->(6,19,8.48579)->(6,18,9.16795)->(6,17,10.4858)->(6,16,12.7)->(7,16,14.9142)->(8,16,16.2321)->(9,16,16.9142)->(10,16,17.4821)->(11,16,18)->(12,16,18.5179)->(13,16,19.0858)->(14,16,19.7679)->(15,16,21.0858)->(16,16,23.7142)->(16,15,5012.05)->
Agent 32:(15,4,1.38579)->(15,5,2.18579)->(15,6,3.50362)->(15,7,4.18579)->(15,8,4.75362)->(15,9,5.28952)->(15,10,5.85736)->(15,11,6.53952)->(15,12,7.85736)->(15,13,10.0716)->(14,13,12.2858)->(13,13,13.6036)->(12,13,14.2858)->(11,13,14.8536)->(10,13,15.3716)->(9,13,15.8716)->(8,13,16.3716)->(7,13,16.8716)->(6,13,17.3716)->(5,13,17.8716)->(4,13,18.3895)->(3,13,18.9574)->(2,13,19.6395)->(1,13,20.9574)->(0,13,23.1716)->(0,14,25.9716)->(0,15,5012.99)->
Agent 33:(0,23,2.2)->(0,22,3.81421)->(0,21,5.13205)->(0,20,5.81421)->(0,19,6.38205)->(0,18,6.9)->(0,17,7.4)->(0,16,7.9)->(0,15,8.41795)->(0,14,8.98579)->(0,13,9.66795)->(0,12,10.9858)->(0,11,16.55)->(1,11,22.1142)->(2,11,23.4321)->(3,11,24.1142)->(4,11,24.6821)->(5,11,25.2)->(6,11,25.7)->(7,11,26.2)->(8,11,26.7)->(9,11,27.2)->(10,11,27.7)->(11,11,28.2)->(12,11,28.7)->(13,11,29.2)->(14,11,29.7)->(15,11,30.2)->(16,11,30.7)->(17,11,31.2)->(18,11,31.7)->(19,11,32.2)->(20,11,32.7)->(21,11,33.2)->(22,11,33.7)->(23,11,34.2179)->(24,11,34.7858)->(25,11,35.4679)->(26,11,36.7858)->(27,11,39.4142)->(27,12,5019.9)->
Agent 34:(2,19,2.2)->(2,18,3.81421)->(2,17,5.13205)->(2,16,5.82382)->(2,15,6.45949)->(2,14,7.15126)->(2,13,8.4691)->(2,12,13.5417)->(3,12,18.6142)->(4,12,19.9321)->(5,12,20.6142)->(6,12,21.1821)->(7,12,21.7)->(8,12,22.2179)->(9,12,22.7858)->(10,12,23.4679)->(11,12,24.7858)->(12,12,5012.1)->
Agent 35:(26,31,3.8)->(26,30,7.01421)->(26,29,8.33205)->(26,28,9.01421)->(26,27,9.58205)->(26,26,10.1)->(26,25,10.6)->(26,24,11.1)->(26,23,11.6)->(26,22,12.1)->(26,21,12.6)->(26,20,13.1)->(26,19,13.6)->(26,18,14.1)->(26,17,14.6)->(26,16,15.1)->(26,15,15.6)->(26,14,16.1)->(26,13,16.6)->(26,12,17.1)->(26,11,17.6)->(26,10,18.1)->(26,9,18.6)->(26,8,19.1)->(26,7,19.6)->(26,6,20.1)->(26,5,20.6179)->(26,4,21.1858)->(26,3,21.8679)->(26,2,23.1858)->(26,1,25.8142)->(25,1,5013.1)->
Agent 36:(10,11,2.2)->(10,10,3.81421)->(10,9,5.13205)->(10,8,5.81421)->(10,7,6.38205)->(10,6,6.9)->(10,5,7.4)->(10,4,7.91795)->(10,3,8.48579)->(10,2,9.16795)->(10,1,10.4858)->(10,0,12.7)->(11,0,15.5)->(12,0,25.1105)->(11,0,34.7209)->(10,0,5017.36)->
Agent 37:(23,24,3.8)->(23,23,7.01421)->(23,22,8.33205)->(23,21,9.01421)->(23,20,9.58205)->(23,19,10.1)->(23,18,10.6179)->(23,17,11.1858)->(23,16,11.8679)->(23,15,13.1858)->(23,14,15.4)->(22,14,17.6142)->(21,14,18.9321)->(20,14,19.6142)->(19,14,20.1821)->(18,14,20.7)->(17,14,21.2)->(16,14,21.7)->(15,14,22.2)->(14,14,22.7)->(13,14,23.2)->(12,14,23.7)->(11,14,24.2)->(10,14,24.7)->(9,14,25.2)->(8,14,25.7)->(7,14,26.2)->(6,14,26.7)->(5,14,27.2179)->(4,14,27.7858)->(3,14,28.4679)->(2,14,29.7858)->(1,14,5014.6)->
Agent 38:(13,7,2.3)->(13,8,4.01421)->(13,9,5.33205)->(13,10,6.01421)->(13,11,6.58205)->(13,12,7.1)->(13,13,7.6)->(13,14,8.1)->(13,15,8.6)->(13,16,9.1)->(13,17,9.6)->(13,18,10.1)->(13,19,10.6)->(13,20,11.1)->(13,21,11.6179)->(13,22,12.1858)->(13,23,12.8679)->(13,24,14.1858)->(13,25,16.4)->(12,25,18.6142)->(11,25,19.9321)->(10,25,20.6641)->(9,25,21.3962)->(8,25,22.714)->(7,25,27.6641)->(7,26,33.2)->(7,27,5016.6)->
Agent 39:(18,14,1.3)->(18,15,2.01421)->(18,16,3.33205)->(18,17,4.01421)->(18,18,4.58205)->(18,19,5.1)->(18,20,5.6)->(18,21,6.1)->(18,22,6.6)->(18,23,7.11795)->(18,24,7.68579)->(18,25,8.36795)->(18,26,9.68579)->(18,27,11.9)->(19,27,14.1495)->(20,27,16.1495)->(21,27,18.8132)->(21,26,24.1137)->(21,27,5013.1)->
Agent 40:(15,7,1.8)->(16,7,3.01421)->(17,7,4.34806)->(18,7,5.17649)->(19,7,6.51034)->(20,7,8.72456)->(20,6,10.9388)->(20,5,12.2566)->(20,4,12.9484)->(20,3,13.584)->(20,2,14.2758)->(20,1,15.5937)->(20,0,22.6539)->(20,1,30.3)->(20,2,5015.15)->
Agent 41:(27,19,3.14625)->(27,18,5.70672)->(27,17,7.02455)->(27,16,7.70672)->(27,15,8.27455)->(27,14,8.7925)->(27,13,9.2925)->(27,12,9.7925)->(27,11,10.2925)->(27,10,10.7925)->(27,9,11.2925)->(27,8,11.7925)->(27,7,12.2925)->(27,6,12.7925)->(27,5,13.3105)->(27,4,13.8783)->(27,3,14.5605)->(27,2,15.8783)->(27,1,18.0925)->(26,1,20.3067)->(25,1,21.6246)->(24,1,22.3067)->(23,1,22.8746)->(22,1,23.3925)->(21,1,23.8925)->(20,1,24.3925)->(19,1,24.8925)->(18,1,25.3925)->(17,1,25.8925)->(16,1,26.3925)->(15,1,26.8925)->(14,1,27.3925)->(13,1,27.9105)->(12,1,28.4783)->(11,1,29.1605)->(10,1,30.4783)->(9,1,5014.95)->
Agent 42:(30,9,2.2)->(30,8,3.81421)->(30,7,5.22843)->(30,6,6.64264)->(30,5,9.52841)->(29,5,12.4142)->(28,5,13.732)->(27,5,14.4142)->(26,5,14.982)->(25,5,15.5)->(24,5,16)->(23,5,16.5)->(22,5,17)->(21,5,17.5)->(20,5,18)->(19,5,18.5)->(18,5,19)->(17,5,19.5)->(16,5,20)->(15,5,20.5)->(14,5,21)->(13,5,21.5)->(12,5,22)->(11,5,22.5)->(10,5,23)->(9,5,23.5)->(8,5,24)->(7,5,24.5179)->(6,5,25.0858)->(5,5,25.7679)->(4,5,27.0858)->(3,5,5013.25)->
Agent 43:(6,14,1.8)->(7,14,3.01421)->(8,14,4.33205)->(9,14,5.01421)->(10,14,5.58205)->(11,14,6.1)->(12,14,6.6)->(13,14,7.1)->(14,14,7.6)->(15,14,8.1)->(16,14,8.6)->(17,14,9.1)->(18,14,9.6)->(19,14,10.1)->(20,14,10.6)->(21,14,11.1)->(22,14,11.6)->(23,14,12.1)->(24,14,12.6)->(25,14,13.1179)->(26,14,13.6858)->(27,14,14.3679)->(28,14,15.6858)->(29,14,17.9)->(29,13,20.1142)->(29,12,21.4321)->(29,11,22.1142)->(29,10,22.6821)->(29,9,23.2)->(29,8,23.7179)->(29,7,24.2858)->(29,6,24.9679)->(29,5,26.2858)->(29,4,5012.85)->
Agent 44:(21,14,1.3)->(21,15,2.01421)->(21,16,3.33205)->(21,17,4.01421)->(21,18,4.58205)->(21,19,5.1)->(21,20,5.61795)->(21,21,6.18579)->(21,22,6.86795)->(21,23,8.18579)->(21,24,10.8142)->(20,24,17.8642)->(21,24,24.5284)->(22,24,5012.26)->
Agent 45:(19,12,5.3)->(19,13,10.0142)->(19,14,11.3321)->(19,15,12.0142)->(19,16,12.5821)->(19,17,13.1)->(19,18,13.6)->(19,19,14.1)->(19,20,14.6)->(19,21,15.1)->(19,22,15.6)->(19,23,16.1)->(19,24,16.6179)->(19,25,17.1858)->(19,26,17.8679)->(19,27,19.1858)->(19,28,5009.3)->
Agent 46:(8,2,2.05)->(8,3,3.51421)->(8,4,4.83205)->(8,5,5.51421)->(8,6,6.08205)->(8,7,6.6)->(8,8,7.1)->(8,9,7.6)->(8,10,8.1)->(8,11,8.61795)->(8,12,9.18579)->(8,13,9.86795)->(8,14,11.1858)->(8,15,13.9784)->(7,15,16.7711)->(6,15,18.0889)->(5,15,18.821)->(4,15,19.553)->(3,15,20.8708)->(2,15,23.0851)->(2,16,25.8851)->(2,17,5012.94)->
Agent 47:(22,0,1.3)->(22,1,2.01421)->(22,2,3.33205)->(22,3,4.01421)->(22,4,4.58205)->(22,5,5.1)->(22,6,5.6)->(22,7,6.1)->(22,8,6.6)->(22,9,7.1)->(22,10,7.6)->(22,11,8.1)->(22,12,8.6)->(22,13,9.1)->(22,14,9.6)->(22,15,10.1)->(22,16,10.6)->(22,17,11.1)->(22,18,11.6)->(22,19,12.1)->(22,20,12.6)->(22,21,13.1)->(22,22,13.6179)->(22,23,14.1858)->(22,24,14.8679)->(22,25,16.1858)->(22,26,18.8142)->(23,26,5009.6)->
Agent 48:(21,3,1.3)->(21,4,2.01421)->(21,5,3.33205)->(21,6,4.01421)->(21,7,4.58205)->(21,8,5.1)->(21,9,5.6)->(21,10,6.1)->(21,11,6.6)->(21,12,7.11795)->(21,13,7.68579)->(21,14,8.36795)->(21,15,9.68579)->(21,16,17.0142)->(20,16,24.3426)->(19,16,25.6605)->(18,16,26.3426)->(17,16,26.9105)->(16,16,27.4284)->(15,16,27.9284)->(14,16,28.4284)->(13,16,28.9284)->(12,16,29.4284)->(11,16,29.9284)->(10,16,30.4284)->(9,16,30.9284)->(8,16,31.4464)->(7,16,32.0142)->(6,16,32.6964)->(5,16,34.0142)->(4,16,5016.71)->
Agent 49:(22,30,1.8)->(21,30,3.01421)->(20,30,4.33205)->(19,30,5.01421)->(18,30,5.58205)->(17,30,6.1)->(16,30,6.61795)->(15,30,7.18579)->(14,30,7.86795)->(13,30,9.18579)->(12,30,11.4)->(12,29,13.6142)->(12,28,14.9321)->(12,27,15.6142)->(12,26,16.1821)->(12,25,16.7)->(12,24,17.2)->(12,23,17.7)->(12,22,18.2)->(12,21,18.7)->(12,20,19.2)->(12,19,19.7)->(12,18,20.2)->(12,17,20.7)->(12,16,21.2)->(12,15,21.7)->(12,14,22.2179)->(12,13,22.7858)->(12,12,23.4679)->(12,11,24.7858)->(12,10,5012.1)->
