Agent 0:(21,4,1.3)->(21,5,2.01421)->(21,6,3.33205)->(21,7,4.01421)->(21,8,4.58205)->(21,9,5.1)->(21,10,5.6)->(21,11,6.1)->(21,12,6.6)->(21,13,7.1)->(21,14,7.6)->(21,15,8.1)->(21,16,8.61795)->(21,17,9.18579)->(21,18,9.86795)->(21,19,11.1858)->(21,20,13.4)->(22,20,15.6495)->(23,20,17.6495)->(24,20,19.899)->(24,21,22.1485)->(24,22,24.1485)->(24,23,5011.8)->
Agent 1:(17,29,2.61421)->(17,28,5.61421)->(16,28,8.24264)->(15,28,9.56048)->(14,28,10.2426)->(13,28,10.8105)->(12,28,11.3284)->(11,28,11.8284)->(10,28,12.3284)->(9,28,12.8464)->(8,28,13.4142)->(7,28,14.0964)->(6,28,15.4142)->(5,28,17.6284)->(5,27,19.8426)->(5,26,21.1605)->(5,25,21.8426)->(5,24,22.4105)->(5,23,22.9284)->(5,22,23.4284)->(5,21,23.9284)->(5,20,24.4284)->(5,19,24.9284)->(5,18,25.4284)->(5,17,25.9284)->(5,16,26.4284)->(5,15,26.9284)->(5,14,27.4284)->(5,13,27.9284)->(5,12,28.4284)->(5,11,28.9464)->(5,10,29.5142)->(5,9,30.1964)->(5,8,31.5142)->(5,7,34.1426)->(4,7,5017.26)->
Agent 2:(10,12,1.3)->(10,13,2.6)->(10,14,13.5037)->(11,14,23.8217)->(12,14,25.1395)->(13,14,25.8313)->(14,14,26.467)->(15,14,27.1587)->(16,14,28.4766)->(17,14,5013.95)->
Agent 3:(22,26,2.72382)->(21,26,4.86185)->(20,26,6.17969)->(19,26,6.86185)->(18,26,7.42969)->(17,26,7.94764)->(16,26,8.46559)->(15,26,9.03343)->(14,26,9.71559)->(13,26,11.0334)->(12,26,14.038)->(12,25,17.0426)->(12,24,18.3605)->(12,23,19.0426)->(12,22,19.6105)->(12,21,20.1284)->(12,20,20.6284)->(12,19,21.1284)->(12,18,21.6284)->(12,17,22.1284)->(12,16,22.6284)->(12,15,23.1284)->(12,14,23.6284)->(12,13,24.1284)->(12,12,24.6284)->(12,11,25.1284)->(12,10,25.6284)->(12,9,26.1284)->(12,8,26.6284)->(12,7,27.1284)->(12,6,27.6284)->(12,5,28.1284)->(12,4,28.6464)->(12,3,29.2142)->(12,2,29.8964)->(12,1,31.2142)->(12,0,33.8426)->(11,0,5017.11)->
Agent 4:(10,0,1.8)->(9,0,3.01421)->(8,0,4.33205)->(7,0,5.01421)->(6,0,5.6)->(5,0,6.18579)->(4,0,6.86795)->(3,0,8.18579)->(2,0,10.4)->(2,1,12.6142)->(2,2,13.9321)->(2,3,14.6142)->(2,4,15.1821)->(2,5,15.7)->(2,6,16.2)->(2,7,16.7)->(2,8,17.2)->(2,9,17.7)->(2,10,18.2)->(2,11,18.7)->(2,12,19.2)->(2,13,19.7)->(2,14,20.2)->(2,15,20.7)->(2,16,21.2)->(2,17,21.7)->(2,18,22.2)->(2,19,22.7)->(2,20,23.2)->(2,21,23.7)->(2,22,24.2)->(2,23,24.7179)->(2,24,25.2858)->(2,25,25.9679)->(2,26,27.2858)->(2,27,5013.35)->
Agent 5:(21,14,1.8)->(20,14,3.01421)->(19,14,4.33205)->(18,14,5.01421)->(17,14,5.6)->(16,14,6.18579)->(15,14,6.86795)->(14,14,8.18579)->(13,14,10.4)->(13,13,12.6142)->(13,12,13.9321)->(13,11,14.6238)->(13,10,15.2595)->(13,9,15.9513)->(13,8,17.2691)->(13,7,5008.34)->
Agent 6:(13,20,2.06795)->(13,21,3.55011)->(13,22,4.86795)->(13,23,5.55972)->(13,24,6.19539)->(13,25,6.88716)->(13,26,8.205)->(13,27,5003.81)->
Agent 7:(19,30,1.97157)->(18,30,3.35736)->(17,30,4.6752)->(16,30,5.35736)->(15,30,5.9252)->(14,30,6.44315)->(13,30,6.94315)->(12,30,7.44315)->(11,30,7.94315)->(10,30,8.44315)->(9,30,8.96109)->(8,30,9.52893)->(7,30,10.2111)->(6,30,11.5289)->(5,30,16.4358)->(5,29,21.3426)->(5,28,22.6605)->(5,27,23.3426)->(5,26,23.9105)->(5,25,24.4284)->(5,24,24.9284)->(5,23,25.4284)->(5,22,25.9284)->(5,21,26.4284)->(5,20,26.9284)->(5,19,27.4284)->(5,18,27.9284)->(5,17,28.4284)->(5,16,28.9284)->(5,15,29.4284)->(5,14,29.9284)->(5,13,30.4284)->(5,12,30.9464)->(5,11,31.5142)->(5,10,32.1964)->(5,9,33.5142)->(5,8,5016.46)->
Agent 8:(22,1,1.3)->(22,2,2.01421)->(22,3,3.33205)->(22,4,4.01421)->(22,5,4.58205)->(22,6,5.1)->(22,7,5.6)->(22,8,6.1)->(22,9,6.6)->(22,10,7.1)->(22,11,7.6)->(22,12,8.1)->(22,13,8.6)->(22,14,9.1)->(22,15,9.6)->(22,16,10.1)->(22,17,10.6)->(22,18,11.1)->(22,19,11.6179)->(22,20,12.1858)->(22,21,12.8679)->(22,22,14.1858)->(22,23,16.4096)->(21,23,18.6334)->(20,23,19.9513)->(19,23,20.6334)->(18,23,21.2013)->(17,23,21.7192)->(16,23,22.2372)->(15,23,22.805)->(14,23,23.4872)->(13,23,24.805)->(12,23,5012.11)->
Agent 9:(7,18,1.8)->(8,18,3.01421)->(9,18,4.33205)->(10,18,5.01421)->(11,18,5.6)->(12,18,6.18579)->(13,18,6.86795)->(14,18,8.18579)->(15,18,10.4)->(15,19,12.6142)->(15,20,13.9321)->(15,21,14.6142)->(15,22,15.1821)->(15,23,15.7)->(15,24,16.2)->(15,25,16.7)->(15,26,17.2179)->(15,27,17.7858)->(15,28,18.4679)->(15,29,19.7858)->(15,30,22)->(16,30,24.2142)->(17,30,25.5321)->(18,30,26.2641)->(19,30,26.9962)->(20,30,28.314)->(21,30,5013.86)->
Agent 10:(16,23,1.97157)->(17,23,3.35736)->(18,23,4.77157)->(19,23,6.18579)->(20,23,8.4)->(20,24,10.6142)->(20,25,11.9321)->(20,26,12.6238)->(20,27,13.2595)->(20,28,13.9513)->(20,29,15.2691)->(20,30,17.4833)->(21,30,19.6975)->(22,30,21.0154)->(23,30,21.7474)->(24,30,22.4795)->(25,30,23.7973)->(26,30,5011.61)->
Agent 11:(23,9,2.21421)->(24,9,4.81421)->(24,8,7.44264)->(24,7,8.76048)->(24,6,9.45225)->(24,5,10.0879)->(24,4,10.7797)->(24,3,12.0975)->(24,2,14.3117)->(23,2,16.526)->(22,2,17.8438)->(21,2,18.526)->(20,2,19.0938)->(19,2,19.6297)->(18,2,20.1975)->(17,2,20.8797)->(16,2,22.1975)->(15,2,5010.81)->
Agent 12:(4,23,1.85)->(5,23,3.11421)->(6,23,4.43205)->(7,23,5.11421)->(8,23,5.68205)->(9,23,6.2)->(10,23,6.7)->(11,23,7.2)->(12,23,7.7)->(13,23,8.2)->(14,23,8.7)->(15,23,9.2)->(16,23,9.7)->(17,23,10.2)->(18,23,10.7)->(19,23,11.2)->(20,23,11.7)->(21,23,12.2)->(22,23,12.7179)->(23,23,13.2858)->(24,23,13.9679)->(25,23,15.2858)->(26,23,17.5)->(26,24,19.7142)->(26,25,21.0321)->(26,26,21.7641)->(26,27,22.4962)->(26,28,23.814)->(26,29,5011.61)->
Agent 13:(6,0,1.3)->(6,1,2.6)->(6,2,5001.3)->
Agent 14:(24,8,2.21421)->(25,8,6.53205)->(25,9,10.8783)->(25,10,12.1962)->(25,11,12.8783)->(25,12,13.4462)->(25,13,13.9641)->(25,14,14.4641)->(25,15,14.9641)->(25,16,15.4641)->(25,17,15.9641)->(25,18,16.4641)->(25,19,16.9641)->(25,20,17.4641)->(25,21,17.9821)->(25,22,18.5499)->(25,23,19.2321)->(25,24,20.5499)->(25,25,22.7641)->(24,25,24.9783)->(23,25,26.3925)->(22,25,27.8067)->(21,25,5013.61)->
Agent 15:(7,20,2.2)->(7,19,3.81421)->(7,18,5.13205)->(7,17,5.81421)->(7,16,6.38205)->(7,15,6.9)->(7,14,7.4)->(7,13,7.9)->(7,12,8.4)->(7,11,8.9)->(7,10,9.4)->(7,9,9.9)->(7,8,10.4)->(7,7,10.9179)->(7,6,11.4858)->(7,5,12.1679)->(7,4,13.4858)->(7,3,15.7)->(8,3,17.9142)->(9,3,19.2321)->(10,3,19.9142)->(11,3,20.4821)->(12,3,21)->(13,3,21.5)->(14,3,22)->(15,3,22.5)->(16,3,23)->(17,3,23.5)->(18,3,24)->(19,3,24.5)->(20,3,25)->(21,3,25.5179)->(22,3,26.0858)->(23,3,26.7679)->(24,3,28.0858)->(25,3,5013.75)->
Agent 16:(1,28,2.2)->(1,27,3.81421)->(1,26,5.13205)->(1,25,5.81421)->(1,24,6.38205)->(1,23,6.9)->(1,22,7.4)->(1,21,7.9)->(1,20,8.41795)->(1,19,8.98579)->(1,18,9.66795)->(1,17,10.9858)->(1,16,13.2)->(2,16,15.4142)->(3,16,16.7321)->(4,16,17.4142)->(5,16,17.9821)->(6,16,18.5)->(7,16,19)->(8,16,19.5)->(9,16,20)->(10,16,20.5)->(11,16,21)->(12,16,21.5)->(13,16,22)->(14,16,22.5)->(15,16,23)->(16,16,23.5)->(17,16,24)->(18,16,24.5)->(19,16,25)->(20,16,25.5)->(21,16,26)->(22,16,26.5)->(23,16,27)->(24,16,27.5179)->(25,16,28.0858)->(26,16,28.7679)->(27,16,30.0858)->(28,16,5014.75)->
Agent 17:(23,2,1.3)->(23,3,2.01421)->(23,4,3.33205)->(23,5,4.01421)->(23,6,4.58205)->(23,7,5.1)->(23,8,5.6)->(23,9,6.1)->(23,10,6.6)->(23,11,7.1)->(23,12,7.6)->(23,13,8.1)->(23,14,8.6)->(23,15,9.1)->(23,16,9.6)->(23,17,10.1179)->(23,18,10.6858)->(23,19,11.3679)->(23,20,12.6858)->(23,21,19.6142)->(23,20,26.5426)->(23,19,27.8605)->(23,18,28.5426)->(23,17,29.1105)->(23,16,29.6284)->(23,15,30.1284)->(23,14,30.6284)->(23,13,31.1464)->(23,12,31.7142)->(23,11,32.3964)->(23,10,33.7142)->(23,9,36.3426)->(22,9,5018.36)->
Agent 18:(10,3,1.3)->(10,4,2.01421)->(10,5,3.33205)->(10,6,4.01421)->(10,7,4.58205)->(10,8,5.1)->(10,9,5.61795)->(10,10,6.18579)->(10,11,6.86795)->(10,12,8.18579)->(10,13,10.4)->(11,13,12.6142)->(12,13,13.9481)->(13,13,14.7765)->(14,13,16.1103)->(15,13,19.0981)->(15,14,22.0858)->(15,15,23.4036)->(15,16,24.0858)->(15,17,24.6536)->(15,18,25.1716)->(15,19,25.6716)->(15,20,26.1716)->(15,21,26.6716)->(15,22,27.1716)->(15,23,27.6716)->(15,24,28.1716)->(15,25,28.6716)->(15,26,29.1716)->(15,27,29.6895)->(15,28,30.2574)->(15,29,30.9395)->(15,30,32.2574)->(15,31,5015.84)->
Agent 19:(10,24,1.8)->(11,24,3.01421)->(12,24,4.33205)->(13,24,5.01421)->(14,24,5.58205)->(15,24,6.11795)->(16,24,6.68579)->(17,24,7.36795)->(18,24,8.68579)->(19,24,10.9)->(19,23,13.1142)->(19,22,14.4321)->(19,21,15.1142)->(19,20,15.6821)->(19,19,16.2)->(19,18,16.7)->(19,17,17.2)->(19,16,17.7)->(19,15,18.2)->(19,14,18.7)->(19,13,19.2)->(19,12,19.7)->(19,11,20.2)->(19,10,20.7)->(19,9,21.2)->(19,8,21.7179)->(19,7,22.2858)->(19,6,22.9679)->(19,5,24.2858)->(19,4,26.9142)->(18,4,5013.65)->
Agent 20:(25,6,1.71421)->(25,7,6.46048)->(24,7,15.9404)->(24,6,21.8025)->(24,5,23.1203)->(24,4,23.8121)->(24,3,24.4478)->(24,2,25.1395)->(24,1,26.4574)->(24,0,5012.94)->
Agent 21:(26,26,2.2)->(26,25,4.4)->(26,24,9.89626)->(25,24,14.8067)->(24,24,16.1246)->(23,24,16.8067)->(22,24,17.3746)->(21,24,17.8925)->(20,24,18.3925)->(19,24,18.8925)->(18,24,19.3925)->(17,24,19.8925)->(16,24,20.3925)->(15,24,20.8925)->(14,24,21.3925)->(13,24,21.8925)->(12,24,22.3925)->(11,24,22.8925)->(10,24,23.3925)->(9,24,23.8925)->(8,24,24.3925)->(7,24,24.9105)->(6,24,25.4783)->(5,24,26.1605)->(4,24,27.4783)->(3,24,5013.45)->
Agent 22:(16,4,1.8)->(15,4,3.01421)->(14,4,4.33205)->(13,4,5.01421)->(12,4,5.58205)->(11,4,6.1)->(10,4,6.6)->(9,4,7.1)->(8,4,7.61795)->(7,4,8.18579)->(6,4,8.86795)->(5,4,10.1858)->(4,4,14.4519)->(4,5,18.7181)->(4,6,20.0519)->(4,7,20.8804)->(4,8,22.2142)->(4,9,5010.81)->
Agent 23:(31,30,2.2)->(31,29,3.81421)->(31,28,5.13205)->(31,27,5.81421)->(31,26,6.38205)->(31,25,6.9)->(31,24,7.4)->(31,23,7.9)->(31,22,8.4)->(31,21,8.9)->(31,20,9.4)->(31,19,9.91795)->(31,18,10.4858)->(31,17,11.1679)->(31,16,12.4858)->(31,15,14.7)->(30,15,16.9142)->(29,15,18.2321)->(28,15,18.9142)->(27,15,19.4821)->(26,15,20)->(25,15,20.5)->(24,15,21)->(23,15,21.5)->(22,15,22)->(21,15,22.5)->(20,15,23)->(19,15,23.5)->(18,15,24)->(17,15,24.5)->(16,15,25)->(15,15,25.5)->(14,15,26)->(13,15,26.5)->(12,15,27)->(11,15,27.5)->(10,15,28)->(9,15,28.5179)->(8,15,29.0858)->(7,15,29.7679)->(6,15,31.0858)->(5,15,33.7142)->(5,16,5017.05)->
Agent 24:(17,0,1.3)->(17,1,2.01421)->(17,2,3.33205)->(17,3,4.01421)->(17,4,4.58205)->(17,5,5.1)->(17,6,5.6)->(17,7,6.1)->(17,8,6.6)->(17,9,7.1)->(17,10,7.6)->(17,11,8.1)->(17,12,8.6)->(17,13,9.1)->(17,14,9.61795)->(17,15,10.1858)->(17,16,10.8679)->(17,17,12.1858)->(17,18,14.8142)->(16,18,22.1238)->(16,19,5013.11)->
Agent 25:(2,7,1.3)->(2,8,2.01421)->(2,9,3.33205)->(2,10,4.01421)->(2,11,4.58205)->(2,12,5.1)->(2,13,5.6)->(2,14,6.1)->(2,15,6.61795)->(2,16,7.18579)->(2,17,7.86795)->(2,18,9.18579)->(2,19,11.4)->(3,19,13.6142)->(4,19,14.9321)->(5,19,15.6142)->(6,19,16.1821)->(7,19,16.7)->(8,19,17.2)->(9,19,17.7)->(10,19,18.2)->(11,19,18.7)->(12,19,19.2)->(13,19,19.7)->(14,19,20.2179)->(15,19,20.7858)->(16,19,21.4679)->(17,19,22.7858)->(18,19,5011.1)->
Agent 26:(0,16,2.2)->(0,15,3.81421)->(0,14,5.13205)->(0,13,5.82382)->(0,12,6.45949)->(0,11,7.15126)->(0,10,8.4691)->(0,9,13.5059)->(1,9,18.5426)->(2,9,19.8605)->(3,9,20.5426)->(4,9,21.1105)->(5,9,21.6284)->(6,9,22.1284)->(7,9,22.6284)->(8,9,23.1284)->(9,9,23.6284)->(10,9,24.1284)->(11,9,24.6284)->(12,9,25.1284)->(13,9,25.6284)->(14,9,26.1284)->(15,9,26.6284)->(16,9,27.1284)->(17,9,27.6284)->(18,9,28.1284)->(19,9,28.6284)->(20,9,29.1464)->(21,9,29.7142)->(22,9,30.3964)->(23,9,31.7142)->(24,9,5015.56)->
Agent 27:(3,0,1.3)->(3,1,2.01421)->(3,2,3.33205)->(3,3,4.01421)->(3,4,4.58205)->(3,5,5.1)->(3,6,5.6)->(3,7,6.1)->(3,8,6.6)->(3,9,7.11795)->(3,10,7.68579)->(3,11,8.36795)->(3,12,9.68579)->(3,13,13.1358)->(4,13,16.5858)->(5,13,17.9036)->(6,13,18.5858)->(7,13,19.1536)->(8,13,19.6716)->(9,13,20.1716)->(10,13,20.6716)->(11,13,21.1716)->(12,13,21.6716)->(13,13,22.1716)->(14,13,22.6716)->(15,13,23.1716)->(16,13,23.6716)->(17,13,24.1716)->(18,13,24.6716)->(19,13,25.1716)->(20,13,25.6716)->(21,13,26.1716)->(22,13,26.6716)->(23,13,27.1895)->(24,13,27.7574)->(25,13,28.4395)->(26,13,29.7574)->(27,13,32.3858)->(27,14,5016.39)->
Agent 28:(23,0,1.4142)->(23,1,2.24261)->(23,2,3.56045)->(23,3,4.24261)->(23,4,4.81045)->(23,5,5.3284)->(23,6,5.8284)->(23,7,6.3284)->(23,8,6.8284)->(23,9,7.3284)->(23,10,7.8284)->(23,11,8.3284)->(23,12,8.8284)->(23,13,9.3284)->(23,14,9.84635)->(23,15,10.4142)->(23,16,11.0963)->(23,17,12.4142)->(23,18,18.938)->(22,18,25.4619)->(21,18,26.7797)->(20,18,27.4619)->(19,18,28.0297)->(18,18,28.5476)->(17,18,29.0476)->(16,18,29.5656)->(15,18,30.1334)->(14,18,30.8156)->(13,18,32.1334)->(12,18,5015.77)->
Agent 29:(9,21,2.2)->(9,20,3.81421)->(9,19,5.13205)->(9,18,5.81421)->(9,17,6.38205)->(9,16,6.9)->(9,15,7.4)->(9,14,7.9)->(9,13,8.41795)->(9,12,8.98579)->(9,11,9.66795)->(9,10,10.9858)->(9,9,13.55)->(10,9,16.1142)->(11,9,17.4321)->(12,9,18.1142)->(13,9,18.6821)->(14,9,19.2)->(15,9,19.7179)->(16,9,20.2858)->(17,9,20.9679)->(18,9,22.2858)->(19,9,24.9142)->(19,8,5012.65)->
Agent 30:(20,0,1.3)->(20,1,2.01421)->(20,2,3.33205)->(20,3,4.01421)->(20,4,4.58205)->(20,5,5.11795)->(20,6,5.68579)->(20,7,6.36795)->(20,8,7.68579)->(20,9,9.9)->(21,9,12.1142)->(22,9,13.4321)->(23,9,14.1142)->(24,9,14.6821)->(25,9,15.2179)->(26,9,15.7858)->(27,9,16.4679)->(28,9,17.7858)->(29,9,5008.6)->
Agent 31:(14,6,3.05)->(14,7,5.51421)->(14,8,6.83205)->(14,9,7.51421)->(14,10,8.08205)->(14,11,8.6)->(14,12,9.1)->(14,13,9.6)->(14,14,10.1179)->(14,15,10.6858)->(14,16,11.3679)->(14,17,12.6858)->(14,18,14.9)->(13,18,17.1142)->(12,18,18.4321)->(11,18,19.1142)->(10,18,19.7)->(9,18,20.2858)->(8,18,20.9679)->(7,18,22.2858)->(6,18,5010.85)->
Agent 32:(24,11,1.3)->(24,12,2.01421)->(24,13,3.33205)->(24,14,4.01421)->(24,15,4.58205)->(24,16,5.1)->(24,17,5.6)->(24,18,6.1)->(24,19,6.6)->(24,20,7.1)->(24,21,7.6)->(24,22,8.1)->(24,23,8.6)->(24,24,9.11795)->(24,25,9.68579)->(24,26,10.3679)->(24,27,11.6858)->(24,28,13.9)->(23,28,16.1142)->(22,28,17.4321)->(21,28,18.1142)->(20,28,18.6821)->(19,28,19.2)->(18,28,19.7)->(17,28,20.2)->(16,28,20.7)->(15,28,21.2)->(14,28,21.7)->(13,28,22.2)->(12,28,22.7)->(11,28,23.2)->(10,28,23.7)->(9,28,24.2179)->(8,28,24.7858)->(7,28,25.4679)->(6,28,26.7858)->(5,28,5013.1)->
Agent 33:(17,12,1.3)->(17,13,2.01421)->(17,14,3.33205)->(17,15,4.01421)->(17,16,4.58205)->(17,17,5.1)->(17,18,5.6)->(17,19,6.1)->(17,20,6.6)->(17,21,7.1)->(17,22,7.61795)->(17,23,8.18579)->(17,24,8.86795)->(17,25,10.1858)->(17,26,15.4954)->(17,25,20.805)->(17,24,22.1228)->(17,23,22.805)->(17,22,23.3728)->(17,21,23.8908)->(17,20,24.3908)->(17,19,24.8908)->(17,18,25.3908)->(17,17,25.8908)->(17,16,26.3908)->(17,15,26.8908)->(17,14,27.3908)->(17,13,27.8908)->(17,12,28.3908)->(17,11,28.8908)->(17,10,29.3908)->(17,9,29.8908)->(17,8,30.3908)->(17,7,30.8908)->(17,6,31.3908)->(17,5,31.8908)->(17,4,32.4087)->(17,3,32.9766)->(17,2,33.6587)->(17,1,34.9766)->(17,0,37.1908)->(18,0,39.405)->(19,0,40.8192)->(20,0,42.2334)->(21,0,5020.82)->
Agent 34:(26,5,2.2)->(26,4,3.81421)->(26,3,5.22843)->(26,2,6.64264)->(26,1,8.85685)->(27,1,11.6569)->(28,1,5005.83)->
Agent 35:(28,0,1.3)->(28,1,2.01421)->(28,2,3.33205)->(28,3,4.01421)->(28,4,4.58205)->(28,5,5.1)->(28,6,5.6)->(28,7,6.1)->(28,8,6.6)->(28,9,7.1)->(28,10,7.61795)->(28,11,8.18579)->(28,12,8.86795)->(28,13,10.1858)->(28,14,12.4)->(27,14,14.6142)->(26,14,16.0284)->(25,14,17.4426)->(24,14,5008.43)->
Agent 36:(4,28,2.2)->(4,27,3.81421)->(4,26,5.13205)->(4,25,5.81421)->(4,24,6.38205)->(4,23,6.9)->(4,22,7.4)->(4,21,7.9)->(4,20,8.4)->(4,19,8.9)->(4,18,9.4)->(4,17,9.9)->(4,16,10.4)->(4,15,10.9)->(4,14,11.4179)->(4,13,11.9858)->(4,12,12.6679)->(4,11,13.9858)->(4,10,16.8858)->(5,10,19.7858)->(6,10,21.1036)->(7,10,21.7858)->(8,10,22.3536)->(9,10,22.8716)->(10,10,23.3716)->(11,10,23.8716)->(12,10,24.3716)->(13,10,24.8716)->(14,10,25.3716)->(15,10,25.8716)->(16,10,26.3716)->(17,10,26.8716)->(18,10,27.3716)->(19,10,27.8716)->(20,10,28.3716)->(21,10,28.8716)->(22,10,29.3716)->(23,10,29.8716)->(24,10,30.3716)->(25,10,30.8716)->(26,10,31.3895)->(27,10,31.9574)->(28,10,32.6395)->(29,10,33.9574)->(30,10,36.1716)->(30,9,38.3858)->(30,8,39.7196)->(30,7,40.5481)->(30,6,41.8819)->(30,5,5020.65)->
Agent 37:(30,17,1.71421)->(30,18,3.81421)->(29,18,6.47792)->(28,18,8.47792)->(27,18,5003.96)->
Agent 38:(15,6,2.21421)->(15,5,4.42843)->(15,4,9.28036)->(14,4,13.5465)->(13,4,14.8643)->(12,4,15.5465)->(11,4,16.1143)->(10,4,16.6323)->(9,4,17.1323)->(8,4,17.6323)->(7,4,18.1502)->(6,4,18.7181)->(5,4,19.4002)->(4,4,20.7181)->(3,4,5010.07)->
Agent 39:(19,23,1.8)->(20,23,3.6)->(21,23,6.4)->(21,22,9.2)->(21,21,14.6238)->(21,22,20.0476)->(21,23,5010.02)->
Agent 40:(15,15,2.3)->(16,15,4.01421)->(17,15,5.42843)->(18,15,6.84264)->(19,15,9.95225)->(19,14,13.0619)->(19,13,14.3797)->(19,12,15.0619)->(19,11,15.6297)->(19,10,16.1476)->(19,9,16.6476)->(19,8,17.1476)->(19,7,17.6476)->(19,6,18.1656)->(19,5,18.7334)->(19,4,19.4156)->(19,3,20.7334)->(19,2,5010.07)->
Agent 41:(11,3,1.3)->(11,4,2.01421)->(11,5,3.33205)->(11,6,4.01421)->(11,7,4.58205)->(11,8,5.11795)->(11,9,5.68579)->(11,10,6.36795)->(11,11,7.68579)->(11,12,10.8821)->(12,12,14.6641)->(13,12,20.5454)->(13,13,26.4267)->(13,14,5013.21)->
Agent 42:(27,29,2.2)->(27,28,3.81421)->(27,27,5.13205)->(27,26,5.81421)->(27,25,6.38205)->(27,24,6.9)->(27,23,7.41795)->(27,22,7.98579)->(27,21,8.66795)->(27,20,9.98579)->(27,19,12.2)->(26,19,14.4142)->(25,19,15.7321)->(24,19,16.4238)->(23,19,17.0595)->(22,19,17.7513)->(21,19,19.0691)->(20,19,21.2833)->(20,18,24.0833)->(20,17,5012.04)->
Agent 43:(6,4,1.3)->(6,5,2.01421)->(6,6,3.33205)->(6,7,4.01421)->(6,8,4.58205)->(6,9,5.1)->(6,10,5.6)->(6,11,6.1)->(6,12,6.6)->(6,13,7.1)->(6,14,7.6)->(6,15,8.1)->(6,16,8.6)->(6,17,9.1)->(6,18,9.6)->(6,19,10.1)->(6,20,10.6)->(6,21,11.1)->(6,22,11.6179)->(6,23,12.1858)->(6,24,12.8679)->(6,25,14.1858)->(6,26,16.4)->(7,26,18.6142)->(8,26,19.9321)->(9,26,20.6142)->(10,26,21.1821)->(11,26,21.7)->(12,26,22.2)->(13,26,22.7)->(14,26,23.2)->(15,26,23.7)->(16,26,24.2179)->(17,26,24.7858)->(18,26,25.4679)->(19,26,26.7858)->(20,26,5013.1)->
Agent 44:(23,6,1.8)->(24,6,3.6)->(25,6,7.82382)->(24,6,12.0476)->(23,6,14.8476)->(23,7,17.6476)->(23,8,5008.82)->
Agent 45:(6,29,1.8)->(7,29,3.01421)->(8,29,4.33205)->(9,29,5.01421)->(10,29,5.58205)->(11,29,6.1)->(12,29,6.6)->(13,29,7.1)->(14,29,7.61795)->(15,29,8.18579)->(16,29,8.86795)->(17,29,10.1858)->(18,29,12.4)->(18,28,14.6142)->(18,27,15.9321)->(18,26,16.6238)->(18,25,17.2595)->(18,24,17.9513)->(18,23,19.2691)->(18,22,5009.34)->
Agent 46:(17,11,2.65374)->(17,12,4.72168)->(17,13,6.03952)->(17,14,6.72168)->(17,15,7.28952)->(17,16,7.80747)->(17,17,8.30747)->(17,18,8.80747)->(17,19,9.30747)->(17,20,9.80747)->(17,21,10.3254)->(17,22,10.8933)->(17,23,11.5754)->(17,24,12.8933)->(17,25,15.1075)->(16,25,17.3217)->(15,25,18.6395)->(14,25,19.3217)->(13,25,19.8895)->(12,25,20.4254)->(11,25,20.9933)->(10,25,21.6754)->(9,25,22.9933)->(8,25,5011.2)->
Agent 47:(7,12,2.63579)->(7,11,4.68579)->(7,10,6.00362)->(7,9,6.68579)->(7,8,7.25362)->(7,7,7.77157)->(7,6,8.27157)->(7,5,8.77157)->(7,4,9.28952)->(7,3,9.85736)->(7,2,10.5395)->(7,1,11.8574)->(7,0,14.0716)->(8,0,16.2858)->(9,0,17.6036)->(10,0,18.2858)->(11,0,18.8536)->(12,0,19.3716)->(13,0,19.8716)->(14,0,20.3716)->(15,0,20.8716)->(16,0,21.3716)->(17,0,21.8716)->(18,0,22.3716)->(19,0,22.8716)->(20,0,23.3716)->(21,0,23.8716)->(22,0,24.3716)->(23,0,24.8716)->(24,0,25.3716)->(25,0,25.8716)->(26,0,26.3716)->(27,0,26.8895)->(28,0,27.4574)->(29,0,28.1395)->(30,0,29.4574)->(31,0,5014.44)->
Agent 48:(5,3,2.2)->(5,2,4.4)->(5,1,8.83579)->(6,1,12.6858)->(7,1,14.0036)->(8,1,14.6858)->(9,1,15.2536)->(10,1,15.7716)->(11,1,16.2716)->(12,1,16.7716)->(13,1,17.2716)->(14,1,17.7716)->(15,1,18.2716)->(16,1,18.7716)->(17,1,19.2895)->(18,1,19.8574)->(19,1,20.5395)->(20,1,21.8574)->(21,1,5010.64)->
Agent 49:(16,30,2.38579)->(16,29,4.18579)->(16,28,5.50362)->(16,27,6.18579)->(16,26,6.75362)->(16,25,7.27157)->(16,24,7.77157)->(16,23,8.27157)->(16,22,8.77157)->(16,21,9.27157)->(16,20,9.77157)->(16,19,10.2716)->(16,18,10.7716)->(16,17,11.2716)->(16,16,11.7716)->(16,15,12.2716)->(16,14,12.7716)->(16,13,13.2716)->(16,12,13.7895)->(16,11,14.3574)->(16,10,15.0395)->(16,9,16.3574)->(16,8,18.5716)->(15,8,20.7858)->(14,8,22.1036)->(13,8,22.7858)->(12,8,23.3536)->(11,8,23.8716)->(10,8,24.3716)->(9,8,24.8716)->(8,8,25.3716)->(7,8,25.8716)->(6,8,26.3895)->(5,8,26.9574)->(4,8,27.6395)->(3,8,28.9574)->(2,8,5014.19)->
