Agent 0:(1,0,2.4142)->(1,1,4.24261)->(1,2,5.56045)->(1,3,6.24261)->(1,4,6.81045)->(1,5,7.3284)->(1,6,7.8284)->(1,7,8.3284)->(1,8,8.8284)->(1,9,9.3284)->(1,10,9.8284)->(1,11,10.3284)->(1,12,10.8284)->(1,13,11.3284)->(1,14,11.8284)->(1,15,12.3284)->(1,16,12.8284)->(1,17,13.3284)->(1,18,13.8284)->(1,19,14.3463)->(1,20,14.9142)->(1,21,15.5963)->(1,22,16.9142)->(1,23,19.1284)->(2,23,21.3426)->(3,23,22.6605)->(4,23,23.3426)->(5,23,23.9105)->(6,23,24.4284)->(7,23,24.9284)->(8,23,25.4284)->(9,23,25.9284)->(10,23,26.4284)->(11,23,26.9284)->(12,23,27.4284)->(13,23,27.9284)->(14,23,28.4284)->(15,23,28.9284)->(16,23,29.4284)->(17,23,29.9284)->(18,23,30.4284)->(19,23,30.9284)->(20,23,31.4463)->(21,23,32.0142)->(22,23,32.6963)->(23,23,34.0142)->(24,23,36.2284)->(24,24,38.4779)->(24,25,40.4779)->(24,26,5019.96)->
Agent 1:(20,14,1.3)->(20,15,2.01421)->(20,16,3.34806)->(20,17,4.17649)->(20,18,5.51034)->(20,19,14.0049)->(19,19,22.4995)->(18,19,23.8173)->(17,19,24.4995)->(16,19,25.0673)->(15,19,25.5853)->(14,19,26.0853)->(13,19,26.5853)->(12,19,27.0853)->(11,19,27.5853)->(10,19,28.0853)->(9,19,28.5853)->(8,19,29.0853)->(7,19,29.6032)->(6,19,30.1711)->(5,19,30.8532)->(4,19,32.1711)->(3,19,5015.79)->
Agent 2:(31,31,2.2)->(31,30,3.81421)->(31,29,5.13205)->(31,28,5.81421)->(31,27,6.38205)->(31,26,6.9)->(31,25,7.4)->(31,24,7.9)->(31,23,8.4)->(31,22,8.9)->(31,21,9.4)->(31,20,9.9)->(31,19,10.4)->(31,18,10.9)->(31,17,11.4)->(31,16,11.9)->(31,15,12.4)->(31,14,12.9)->(31,13,13.4)->(31,12,13.9179)->(31,11,14.4858)->(31,10,15.1679)->(31,9,16.4858)->(31,8,18.7)->(30,8,20.9142)->(29,8,22.2321)->(28,8,22.9142)->(27,8,23.4821)->(26,8,24)->(25,8,24.5)->(24,8,25)->(23,8,25.5)->(22,8,26)->(21,8,26.5179)->(20,8,27.0858)->(19,8,27.7679)->(18,8,29.0858)->(17,8,31.7142)->(17,9,5016.05)->
Agent 3:(13,20,1.3)->(13,21,2.01421)->(13,22,3.34806)->(13,23,4.17649)->(13,24,5.51034)->(13,25,9.8543)->(12,25,14.1983)->(11,25,15.5161)->(10,25,16.1983)->(9,25,16.7661)->(8,25,17.284)->(7,25,17.784)->(6,25,18.302)->(5,25,18.8698)->(4,25,19.552)->(3,25,20.8698)->(2,25,5010.14)->
Agent 4:(12,5,1.71421)->(12,6,3.81421)->(13,6,6.44264)->(14,6,7.77649)->(15,6,8.60492)->(16,6,9.93877)->(17,6,5004.68)->
Agent 5:(29,21,2.2)->(29,20,3.81421)->(29,19,5.13205)->(29,18,5.81421)->(29,17,6.4)->(29,16,6.98579)->(29,15,7.66795)->(29,14,8.98579)->(29,13,11.7)->(28,13,14.4142)->(27,13,15.7321)->(26,13,16.4142)->(25,13,16.9821)->(24,13,17.5)->(23,13,18)->(22,13,18.5)->(21,13,19)->(20,13,19.5)->(19,13,20)->(18,13,20.5)->(17,13,21)->(16,13,21.5)->(15,13,22)->(14,13,22.5)->(13,13,23)->(12,13,23.5)->(11,13,24.0179)->(10,13,24.5858)->(9,13,25.2679)->(8,13,26.5858)->(7,13,29.2142)->(7,14,5014.8)->
Agent 6:(5,4,1.8)->(6,4,3.04949)->(7,4,5.04949)->(8,4,5002.25)->
Agent 7:(27,29,6.75)->(27,28,12.9142)->(27,27,14.2321)->(27,26,14.9142)->(27,25,15.4821)->(27,24,16)->(27,23,16.5)->(27,22,17)->(27,21,17.5)->(27,20,18)->(27,19,18.5)->(27,18,19)->(27,17,19.5)->(27,16,20)->(27,15,20.5)->(27,14,21)->(27,13,21.5)->(27,12,22.0179)->(27,11,22.5858)->(27,10,23.2679)->(27,9,24.5858)->(27,8,27.2142)->(26,8,29.8426)->(25,8,31.1605)->(24,8,31.8426)->(23,8,32.4105)->(22,8,32.9284)->(21,8,33.4284)->(20,8,33.9284)->(19,8,34.4284)->(18,8,34.9284)->(17,8,35.4464)->(16,8,36.0142)->(15,8,36.6964)->(14,8,38.0142)->(13,8,5018.71)->
Agent 8:(14,30,1.8)->(15,30,3.01421)->(16,30,4.33205)->(17,30,5.01421)->(18,30,5.58205)->(19,30,6.1)->(20,30,6.6)->(21,30,7.1)->(22,30,7.6)->(23,30,8.1)->(24,30,8.6)->(25,30,9.1)->(26,30,9.6)->(27,30,10.1179)->(28,30,10.6858)->(29,30,11.3679)->(30,30,12.6858)->(31,30,14.9)->(31,29,17.1142)->(31,28,18.4321)->(31,27,19.1142)->(31,26,19.6821)->(31,25,20.2)->(31,24,20.7)->(31,23,21.2)->(31,22,21.7)->(31,21,22.2)->(31,20,22.7)->(31,19,23.2179)->(31,18,23.7858)->(31,17,24.4679)->(31,16,25.7858)->(31,15,5012.6)->
Agent 9:(24,24,2.2)->(24,23,3.81421)->(24,22,5.13205)->(24,21,5.81421)->(24,20,6.38205)->(24,19,6.91795)->(24,18,7.48579)->(24,17,8.16795)->(24,16,9.48579)->(24,15,11.7)->(23,15,13.9142)->(22,15,15.2321)->(21,15,15.9238)->(20,15,16.5595)->(19,15,17.2513)->(18,15,18.5691)->(17,15,5008.99)->
Agent 10:(25,10,3.80961)->(25,9,7.03343)->(25,8,8.36728)->(25,7,9.1957)->(25,6,10.5296)->(25,5,12.7438)->(24,5,14.958)->(23,5,16.2918)->(22,5,17.1203)->(21,5,18.4541)->(20,5,5008.93)->
Agent 11:(16,11,1.8)->(17,11,3.01421)->(18,11,4.33205)->(19,11,5.01421)->(20,11,5.58205)->(21,11,6.11795)->(22,11,6.68579)->(23,11,7.36795)->(24,11,8.68579)->(25,11,10.9)->(25,12,13.1142)->(25,13,14.4321)->(25,14,15.1142)->(25,15,15.6821)->(25,16,16.2)->(25,17,16.7)->(25,18,17.2)->(25,19,17.7)->(25,20,18.2)->(25,21,18.7179)->(25,22,19.2858)->(25,23,19.9679)->(25,24,21.2858)->(25,25,23.9142)->(26,25,5012.15)->
Agent 12:(7,31,2.2)->(7,30,3.81421)->(7,29,5.13205)->(7,28,5.81421)->(7,27,6.38205)->(7,26,6.9)->(7,25,7.4)->(7,24,7.91795)->(7,23,8.48579)->(7,22,9.16795)->(7,21,10.4858)->(7,20,12.7)->(6,20,15.5)->(5,20,5007.75)->
Agent 13:(29,16,1.95)->(28,16,3.31421)->(27,16,4.63205)->(26,16,5.31421)->(25,16,5.88205)->(24,16,6.4)->(23,16,6.9)->(22,16,7.4)->(21,16,7.9)->(20,16,8.4)->(19,16,8.9)->(18,16,9.4)->(17,16,9.9)->(16,16,10.4)->(15,16,10.9)->(14,16,11.4)->(13,16,11.9)->(12,16,12.4179)->(11,16,12.9858)->(10,16,13.6679)->(9,16,14.9858)->(8,16,17.2)->(8,17,20)->(8,18,5010)->
Agent 14:(9,30,2.95)->(9,29,5.31421)->(9,28,6.63205)->(9,27,7.31421)->(9,26,7.88205)->(9,25,8.4)->(9,24,8.9)->(9,23,9.4)->(9,22,9.9)->(9,21,10.4)->(9,20,10.9)->(9,19,11.4)->(9,18,11.9)->(9,17,12.4)->(9,16,12.9)->(9,15,13.4)->(9,14,13.9179)->(9,13,14.4858)->(9,12,15.1679)->(9,11,16.4858)->(9,10,18.7)->(10,10,20.9142)->(11,10,22.2321)->(12,10,22.9641)->(13,10,23.6962)->(14,10,25.014)->(15,10,5012.21)->
Agent 15:(0,1,1.3)->(0,2,2.01421)->(0,3,3.33205)->(0,4,4.01421)->(0,5,4.58205)->(0,6,5.1)->(0,7,5.6)->(0,8,6.1)->(0,9,6.6)->(0,10,7.1)->(0,11,7.6)->(0,12,8.1)->(0,13,8.6)->(0,14,9.1)->(0,15,9.6)->(0,16,10.1)->(0,17,10.6)->(0,18,11.1)->(0,19,11.6)->(0,20,12.1179)->(0,21,12.6858)->(0,22,13.3679)->(0,23,14.6858)->(0,24,16.9)->(1,24,19.1142)->(2,24,20.4321)->(3,24,21.1142)->(4,24,21.6821)->(5,24,22.2)->(6,24,22.7)->(7,24,23.2)->(8,24,23.7)->(9,24,24.2)->(10,24,24.7)->(11,24,25.2)->(12,24,25.7)->(13,24,26.2179)->(14,24,26.7858)->(15,24,27.4679)->(16,24,28.7858)->(17,24,31)->(17,25,33.2495)->(17,26,35.2495)->(17,27,5017.35)->
Agent 16:(1,1,1.3)->(1,2,2.01421)->(1,3,3.33205)->(1,4,4.01421)->(1,5,4.58205)->(1,6,5.1)->(1,7,5.6)->(1,8,6.1)->(1,9,6.6)->(1,10,7.1)->(1,11,7.6)->(1,12,8.1)->(1,13,8.6)->(1,14,9.1)->(1,15,9.6)->(1,16,10.1)->(1,17,10.6)->(1,18,11.1)->(1,19,11.6)->(1,20,12.1)->(1,21,12.6179)->(1,22,13.1858)->(1,23,13.8679)->(1,24,15.1858)->(1,25,19.5142)->(1,24,23.8426)->(1,23,25.1605)->(1,22,25.8426)->(1,21,26.4105)->(1,20,26.9284)->(1,19,27.4284)->(1,18,27.9284)->(1,17,28.4284)->(1,16,28.9284)->(1,15,29.4284)->(1,14,29.9284)->(1,13,30.4284)->(1,12,30.9284)->(1,11,31.4284)->(1,10,31.9284)->(1,9,32.4284)->(1,8,32.9284)->(1,7,33.4463)->(1,6,34.0142)->(1,5,34.6963)->(1,4,36.0142)->(1,3,38.2284)->(2,3,40.4426)->(3,3,41.7605)->(4,3,42.4426)->(5,3,43.0105)->(6,3,43.5284)->(7,3,44.0284)->(8,3,44.5284)->(9,3,45.0284)->(10,3,45.5284)->(11,3,46.0284)->(12,3,46.5284)->(13,3,47.0463)->(14,3,47.6142)->(15,3,48.2963)->(16,3,49.6142)->(17,3,5024.51)->
Agent 17:(3,15,1.3)->(3,16,2.6)->(3,17,7.5278)->(4,17,11.8698)->(5,17,13.1877)->(6,17,13.8698)->(7,17,14.4377)->(8,17,14.9556)->(9,17,15.4556)->(10,17,15.9556)->(11,17,16.4556)->(12,17,16.9556)->(13,17,17.4556)->(14,17,17.9556)->(15,17,18.4556)->(16,17,18.9556)->(17,17,19.4556)->(18,17,19.9736)->(19,17,20.5414)->(20,17,21.2236)->(21,17,22.5414)->(22,17,25.1698)->(22,18,5012.78)->
Agent 18:(24,14,2.2)->(24,13,3.81421)->(24,12,5.13205)->(24,11,5.81421)->(24,10,6.38205)->(24,9,6.9)->(24,8,7.41795)->(24,7,7.98579)->(24,6,8.66795)->(24,5,9.98579)->(24,4,12.2)->(25,4,14.4142)->(26,4,15.7321)->(27,4,16.4641)->(28,4,17.1962)->(29,4,18.514)->(30,4,5008.96)->
Agent 19:(18,22,1.8)->(19,22,3.01421)->(20,22,4.33205)->(21,22,5.01421)->(22,22,5.6)->(23,22,6.18579)->(24,22,6.86795)->(25,22,8.18579)->(26,22,10.4)->(26,21,12.6142)->(26,20,13.9321)->(26,19,14.6142)->(26,18,15.1821)->(26,17,15.7)->(26,16,16.2)->(26,15,16.7)->(26,14,17.2)->(26,13,17.7)->(26,12,18.2)->(26,11,18.7)->(26,10,19.2)->(26,9,19.7)->(26,8,20.2)->(26,7,20.7)->(26,6,21.2179)->(26,5,21.7858)->(26,4,22.4679)->(26,3,23.7858)->(26,2,29.1)->(26,3,5016.09)->
Agent 20:(18,21,2.4142)->(17,21,4.8284)->(16,21,7.6284)->(16,22,9.84261)->(16,23,11.2568)->(16,24,12.671)->(16,25,5006.04)->
Agent 21:(18,24,2.2)->(18,23,3.81421)->(18,22,5.13205)->(18,21,5.81421)->(18,20,6.38205)->(18,19,6.9)->(18,18,7.4)->(18,17,7.9)->(18,16,8.4)->(18,15,8.9)->(18,14,9.4)->(18,13,9.91795)->(18,12,10.4858)->(18,11,11.1679)->(18,10,12.4858)->(18,9,14.7)->(17,9,16.9142)->(16,9,18.2321)->(15,9,18.9142)->(14,9,19.4821)->(13,9,20)->(12,9,20.5)->(11,9,21.0179)->(10,9,21.5858)->(9,9,22.2679)->(8,9,23.5858)->(7,9,26.2142)->(7,10,5013.3)->
Agent 22:(15,22,1.3)->(15,23,2.01421)->(15,24,3.34806)->(15,25,4.17649)->(15,26,5.51034)->(15,27,9.8543)->(14,27,14.1983)->(13,27,15.5161)->(12,27,16.1983)->(11,27,16.7661)->(10,27,17.284)->(9,27,17.784)->(8,27,18.284)->(7,27,18.784)->(6,27,19.284)->(5,27,19.802)->(4,27,20.3698)->(3,27,21.052)->(2,27,22.3698)->(1,27,5010.89)->
Agent 23:(24,6,1.71421)->(24,7,3.81421)->(23,7,6.44264)->(22,7,7.76048)->(21,7,8.49253)->(20,7,9.22458)->(19,7,10.5424)->(18,7,5004.98)->
Agent 24:(28,9,1.8)->(27,9,3.01421)->(26,9,4.33205)->(25,9,5.02382)->(24,9,5.65949)->(23,9,6.35126)->(22,9,7.6691)->(21,9,9.88331)->(21,8,12.0975)->(21,7,13.4154)->(21,6,14.1071)->(21,5,14.7428)->(21,4,15.4346)->(21,3,16.7524)->(21,2,5008.08)->
Agent 25:(20,2,2.61421)->(20,1,5.61421)->(21,1,8.24264)->(22,1,9.56048)->(23,1,10.2426)->(24,1,10.8105)->(25,1,11.3284)->(26,1,11.8464)->(27,1,12.4142)->(28,1,13.0964)->(29,1,14.4142)->(30,1,17.0426)->(30,2,5008.71)->
Agent 26:(0,20,2.7)->(1,20,4.81421)->(2,20,6.13205)->(3,20,6.81421)->(4,20,7.38205)->(5,20,7.9)->(6,20,8.4)->(7,20,8.9)->(8,20,9.4)->(9,20,9.9)->(10,20,10.4179)->(11,20,10.9858)->(12,20,11.6679)->(13,20,12.9858)->(14,20,15.2)->(14,19,17.4142)->(14,18,18.7321)->(14,17,19.4142)->(14,16,19.9821)->(14,15,20.5)->(14,14,21)->(14,13,21.5)->(14,12,22)->(14,11,22.5)->(14,10,23)->(14,9,23.5)->(14,8,24)->(14,7,24.5)->(14,6,25.0179)->(14,5,25.5858)->(14,4,26.2679)->(14,3,27.5858)->(14,2,5013.5)->
Agent 27:(16,3,1.3)->(16,4,2.01421)->(16,5,3.34806)->(16,6,4.17649)->(16,7,5.51034)->(16,8,7.72456)->(17,8,9.97405)->(18,8,11.974)->(19,8,14.6377)->(19,9,5007.51)->
Agent 28:(17,21,1.3)->(17,22,2.6)->(17,23,5.8)->(17,22,8.41421)->(17,21,9.74806)->(17,20,10.5765)->(17,19,11.9103)->(17,18,14.1246)->(18,18,16.3388)->(19,18,17.6566)->(20,18,18.3887)->(21,18,19.1207)->(22,18,20.4385)->(23,18,5009.93)->
Agent 29:(4,17,1.8)->(5,17,3.01421)->(6,17,4.42843)->(7,17,5.84264)->(8,17,8.05685)->(8,16,10.2711)->(8,15,11.5889)->(8,14,12.321)->(8,13,13.053)->(8,12,14.3708)->(8,11,20.8925)->(8,12,28)->(8,13,5014)->
Agent 30:(29,18,2.2)->(29,17,3.81421)->(29,16,5.13205)->(29,15,5.81421)->(29,14,6.38205)->(29,13,6.9)->(29,12,7.4)->(29,11,7.9)->(29,10,8.41795)->(29,9,8.98579)->(29,8,9.66795)->(29,7,10.9858)->(29,6,15.6185)->(28,6,20.2864)->(27,6,22.2864)->(26,6,5010.87)->
Agent 31:(15,28,2.21421)->(16,28,4.81421)->(16,27,8.02843)->(16,26,5004.01)->
Agent 32:(17,26,3.46228)->(16,26,6.37405)->(15,26,8.37405)->(14,26,11.7402)->(14,25,15.0711)->(14,24,16.3889)->(14,23,17.0711)->(14,22,17.6569)->(14,21,18.2426)->(14,20,18.9248)->(14,19,20.2426)->(14,18,22.8711)->(13,18,5011.63)->
Agent 33:(3,10,4.7278)->(3,11,8.86982)->(3,12,10.1877)->(3,13,10.8698)->(3,14,11.4377)->(3,15,11.9556)->(3,16,12.4556)->(3,17,12.9556)->(3,18,13.4556)->(3,19,13.9556)->(3,20,14.4556)->(3,21,14.9556)->(3,22,15.4736)->(3,23,16.0414)->(3,24,16.7236)->(3,25,18.0414)->(3,26,20.2556)->(2,26,22.5051)->(1,26,24.5051)->(0,26,5011.98)->
Agent 34:(21,13,1.3)->(21,14,2.01421)->(21,15,3.33205)->(21,16,4.01421)->(21,17,4.58205)->(21,18,5.11795)->(21,19,5.68579)->(21,20,6.36795)->(21,21,7.68579)->(21,22,11.6382)->(20,22,15.5906)->(19,22,16.9084)->(18,22,17.5906)->(17,22,18.1584)->(16,22,18.6763)->(15,22,19.1943)->(14,22,19.7621)->(13,22,20.4443)->(12,22,21.7621)->(11,22,5010.59)->
Agent 35:(14,14,2.88579)->(14,13,5.18579)->(14,12,6.50362)->(14,11,7.18579)->(14,10,7.75362)->(14,9,8.27157)->(14,8,8.77157)->(14,7,9.27157)->(14,6,9.78952)->(14,5,10.3574)->(14,4,11.0395)->(14,3,12.3574)->(14,2,14.5716)->(15,2,16.8211)->(16,2,18.8211)->(17,2,5009.14)->
Agent 36:(28,18,1.8)->(27,18,3.01421)->(26,18,4.33205)->(25,18,5.01421)->(24,18,5.58205)->(23,18,6.1)->(22,18,6.6)->(21,18,7.1)->(20,18,7.6)->(19,18,8.1)->(18,18,8.6)->(17,18,9.1)->(16,18,9.6)->(15,18,10.1)->(14,18,10.6)->(13,18,11.1)->(12,18,11.6)->(11,18,12.1)->(10,18,12.6)->(9,18,13.1179)->(8,18,13.6858)->(7,18,14.3679)->(6,18,15.6858)->(5,18,17.9)->(5,17,20.1495)->(5,16,22.1495)->(5,15,5010.8)->
Agent 37:(2,18,1.3)->(2,19,2.01421)->(2,20,3.33205)->(2,21,4.0641)->(2,22,4.79615)->(2,23,6.11399)->(2,24,8.70601)->(3,24,11.298)->(4,24,12.6159)->(5,24,13.298)->(6,24,13.8659)->(7,24,14.3838)->(8,24,14.8838)->(9,24,15.3838)->(10,24,15.8838)->(11,24,16.3838)->(12,24,16.8838)->(13,24,17.3838)->(14,24,17.9018)->(15,24,18.4696)->(16,24,19.1518)->(17,24,20.4696)->(18,24,23.098)->(18,25,5011.74)->
Agent 38:(13,11,1.3)->(13,12,2.01421)->(13,13,3.33205)->(13,14,4.0641)->(13,15,4.79615)->(13,16,6.11399)->(13,17,8.3282)->(14,17,10.5777)->(15,17,12.5777)->(16,17,15.2414)->(16,18,5007.81)->
Agent 39:(6,15,1.8)->(5,15,3.01421)->(4,15,4.42843)->(3,15,5.84264)->(2,15,8.05685)->(2,14,10.8569)->(2,13,5005.43)->
Agent 40:(29,2,1.8)->(28,2,3.01421)->(27,2,4.33205)->(26,2,5.01421)->(25,2,5.58205)->(24,2,6.1)->(23,2,6.6)->(22,2,7.1)->(21,2,7.6)->(20,2,8.1)->(19,2,8.6)->(18,2,9.1)->(17,2,9.6)->(16,2,10.1)->(15,2,10.6179)->(14,2,11.1858)->(13,2,11.8679)->(12,2,13.1858)->(11,2,16.2569)->(11,3,19.3279)->(11,4,20.6458)->(11,5,21.3279)->(11,6,21.8958)->(11,7,22.4137)->(11,8,22.9137)->(11,9,23.4137)->(11,10,23.9137)->(11,11,24.4137)->(11,12,24.9137)->(11,13,25.4137)->(11,14,25.9137)->(11,15,26.4137)->(11,16,26.9317)->(11,17,27.4995)->(11,18,28.1817)->(11,19,29.4995)->(11,20,5014.46)->
Agent 41:(25,22,2.2)->(25,21,3.81421)->(25,20,5.14806)->(25,19,5.97649)->(25,18,7.31034)->(25,17,9.52456)->(24,17,12.3246)->(23,17,5006.16)->
Agent 42:(6,26,2.2)->(6,25,3.81421)->(6,24,5.13205)->(6,23,5.81421)->(6,22,6.38205)->(6,21,6.9)->(6,20,7.4)->(6,19,7.9)->(6,18,8.4)->(6,17,8.9)->(6,16,9.4)->(6,15,9.9)->(6,14,10.4)->(6,13,10.9)->(6,12,11.4)->(6,11,11.9)->(6,10,12.4)->(6,9,12.9)->(6,8,13.4)->(6,7,13.9179)->(6,6,14.4858)->(6,5,15.1679)->(6,4,16.4858)->(6,3,18.7)->(7,3,20.9142)->(8,3,22.2321)->(9,3,22.9142)->(10,3,23.4821)->(11,3,24)->(12,3,24.5)->(13,3,25)->(14,3,25.5)->(15,3,26)->(16,3,26.5)->(17,3,27)->(18,3,27.5)->(19,3,28)->(20,3,28.5)->(21,3,29)->(22,3,29.5)->(23,3,30)->(24,3,30.5)->(25,3,31.0179)->(26,3,31.5858)->(27,3,32.2679)->(28,3,33.5858)->(29,3,5016.5)->
Agent 43:(26,18,1.71421)->(26,19,4.21421)->(26,18,7.24264)->(26,17,8.56048)->(26,16,9.24264)->(26,15,9.81048)->(26,14,10.3464)->(26,13,10.9142)->(26,12,11.5964)->(26,11,12.9142)->(26,10,15.1284)->(25,10,17.3779)->(24,10,19.3779)->(23,10,5009.41)->
Agent 44:(22,8,1.3)->(22,9,2.01421)->(22,10,3.33205)->(22,11,4.02382)->(22,12,4.65949)->(22,13,5.35126)->(22,14,6.6691)->(22,15,9.89166)->(21,15,13.1142)->(20,15,14.4321)->(19,15,15.1142)->(18,15,15.6821)->(17,15,16.2)->(16,15,16.7)->(15,15,17.2)->(14,15,17.7)->(13,15,18.2)->(12,15,18.7)->(11,15,19.2179)->(10,15,19.7858)->(9,15,20.4679)->(8,15,21.7858)->(7,15,5010.6)->
Agent 45:(13,23,1.3)->(13,24,2.01421)->(13,25,3.42843)->(13,26,4.84264)->(13,27,9.52045)->(13,26,14.1983)->(13,25,15.5161)->(13,24,16.2481)->(13,23,16.9802)->(13,22,18.298)->(13,21,20.5122)->(14,21,22.7265)->(15,21,24.0443)->(16,21,24.7361)->(17,21,25.3717)->(18,21,26.0635)->(19,21,27.3813)->(20,21,5013.4)->
Agent 46:(29,0,2.21421)->(28,0,5.71421)->(28,1,9.24264)->(28,2,10.5605)->(28,3,11.2426)->(28,4,11.8105)->(28,5,12.3284)->(28,6,12.8284)->(28,7,13.3284)->(28,8,13.8284)->(28,9,14.3284)->(28,10,14.8284)->(28,11,15.3284)->(28,12,15.8284)->(28,13,16.3284)->(28,14,16.8284)->(28,15,17.3284)->(28,16,17.8284)->(28,17,18.3284)->(28,18,18.8284)->(28,19,19.3464)->(28,20,19.9142)->(28,21,20.5964)->(28,22,21.9142)->(28,23,5010.66)->
Agent 47:(6,14,1.8)->(7,14,3.01421)->(8,14,4.33205)->(9,14,5.01421)->(10,14,5.58205)->(11,14,6.1)->(12,14,6.61795)->(13,14,7.18579)->(14,14,7.86795)->(15,14,9.18579)->(16,14,11.4)->(16,15,14.2)->(16,16,5007.1)->
Agent 48:(13,15,1.8)->(12,15,3.01421)->(11,15,4.33205)->(10,15,5.01421)->(9,15,5.58205)->(8,15,6.11795)->(7,15,6.68579)->(6,15,7.36795)->(5,15,8.68579)->(4,15,11.3142)->(4,14,5005.85)->
Agent 49:(31,28,1.8)->(30,28,3.01421)->(29,28,4.34806)->(28,28,5.17649)->(27,28,6.51034)->(26,28,8.72456)->(26,27,10.9388)->(26,26,12.2566)->(26,25,12.9388)->(26,24,13.5246)->(26,23,14.1103)->(26,22,14.7925)->(26,21,16.1103)->(26,20,5007.76)->
