Agent 0:(15,12,1.8)->(14,12,3.01421)->(13,12,4.33205)->(12,12,5.01421)->(11,12,5.58205)->(10,12,6.1)->(9,12,6.6)->(8,12,7.11795)->(7,12,7.68579)->(6,12,8.36795)->(5,12,9.68579)->(4,12,11.9)->(4,13,14.1142)->(4,14,15.4321)->(4,15,16.1142)->(4,16,16.6821)->(4,17,17.2)->(4,18,17.7)->(4,19,18.2)->(4,20,18.7)->(4,21,19.2)->(4,22,19.7)->(4,23,20.2)->(4,24,20.7)->(4,25,21.2)->(4,26,21.7)->(4,27,22.2179)->(4,28,22.7858)->(4,29,23.4679)->(4,30,24.7858)->(4,31,5012.1)->
Agent 1:(8,26,2.2)->(8,25,4.4)->(8,24,8.72843)->(9,24,5005.11)->
Agent 2:(13,28,4.38772)->(13,27,8.18966)->(13,26,9.52351)->(13,25,10.3519)->(13,24,11.6858)->(13,23,14.2284)->(12,23,16.7711)->(11,23,18.0889)->(10,23,18.7711)->(9,23,19.3389)->(8,23,19.8569)->(7,23,20.3569)->(6,23,20.8748)->(5,23,21.4426)->(4,23,22.1248)->(3,23,23.4426)->(2,23,5011.43)->
Agent 3:(23,29,1.8)->(22,29,3.01421)->(21,29,4.33205)->(20,29,5.01421)->(19,29,5.58205)->(18,29,6.1)->(17,29,6.6)->(16,29,7.1)->(15,29,7.6)->(14,29,8.11795)->(13,29,8.68579)->(12,29,9.36795)->(11,29,10.6858)->(10,29,13.4784)->(10,28,16.2711)->(10,27,17.5889)->(10,26,18.2711)->(10,25,18.8389)->(10,24,19.3748)->(10,23,19.9426)->(10,22,20.6248)->(10,21,21.9426)->(10,20,5010.68)->
Agent 4:(25,1,1.3)->(25,2,2.01421)->(25,3,3.33205)->(25,4,4.01421)->(25,5,4.58205)->(25,6,5.1)->(25,7,5.6)->(25,8,6.1)->(25,9,6.6)->(25,10,7.1)->(25,11,7.6)->(25,12,8.11795)->(25,13,8.68579)->(25,14,9.36795)->(25,15,10.6858)->(25,16,12.9)->(26,16,15.1495)->(27,16,17.1495)->(28,16,5008.3)->
Agent 5:(14,20,1.8)->(15,20,3.01421)->(16,20,4.33205)->(17,20,5.01421)->(18,20,5.58205)->(19,20,6.1)->(20,20,6.6)->(21,20,7.11795)->(22,20,7.68579)->(23,20,8.36795)->(24,20,9.68579)->(25,20,11.9)->(25,19,14.1142)->(25,18,15.4321)->(25,17,16.1142)->(25,16,16.6821)->(25,15,17.2179)->(25,14,17.7858)->(25,13,18.4679)->(25,12,19.7858)->(25,11,5009.6)->
Agent 6:(16,14,1.8)->(17,14,3.01421)->(18,14,4.33205)->(19,14,5.01421)->(20,14,5.58205)->(21,14,6.1)->(22,14,6.6)->(23,14,7.1)->(24,14,7.6)->(25,14,8.1)->(26,14,8.6)->(27,14,9.11795)->(28,14,9.68579)->(29,14,10.3679)->(30,14,11.6858)->(31,14,13.9)->(31,13,16.7)->(31,12,5008.35)->
Agent 7:(7,11,2.2)->(7,10,3.84949)->(7,9,5.84949)->(7,8,8.1137)->(8,8,10.3426)->(9,8,11.6605)->(10,8,12.3426)->(11,8,12.9105)->(12,8,13.4284)->(13,8,13.9284)->(14,8,14.4284)->(15,8,14.9284)->(16,8,15.4284)->(17,8,15.9284)->(18,8,16.4284)->(19,8,16.9284)->(20,8,17.4284)->(21,8,17.9284)->(22,8,18.4464)->(23,8,19.0142)->(24,8,19.6964)->(25,8,21.0142)->(26,8,5010.21)->
Agent 8:(11,30,3.33579)->(11,29,6.08579)->(11,28,7.40362)->(11,27,8.08579)->(11,26,8.65362)->(11,25,9.17157)->(11,24,9.67157)->(11,23,10.1716)->(11,22,10.6716)->(11,21,11.1895)->(11,20,11.7574)->(11,19,12.4395)->(11,18,13.7574)->(11,17,15.9716)->(12,17,18.1858)->(13,17,19.6)->(14,17,21.0142)->(15,17,5010.21)->
Agent 9:(11,1,2.4142)->(12,1,4.24261)->(13,1,5.56045)->(14,1,6.24261)->(15,1,6.81045)->(16,1,7.3284)->(17,1,7.8284)->(18,1,8.3284)->(19,1,8.8284)->(20,1,9.3284)->(21,1,9.8284)->(22,1,10.3284)->(23,1,10.8284)->(24,1,11.3284)->(25,1,11.8284)->(26,1,12.3284)->(27,1,12.8463)->(28,1,13.4142)->(29,1,14.0963)->(30,1,15.4142)->(31,1,18.0426)->(31,2,5009.21)->
Agent 10:(18,27,3.55194)->(18,26,6.51809)->(18,25,7.85194)->(18,24,8.68036)->(18,23,10.0142)->(18,22,12.2284)->(19,22,14.4426)->(20,22,15.7605)->(21,22,16.4426)->(22,22,17.0284)->(23,22,17.6142)->(24,22,18.2964)->(25,22,19.6142)->(26,22,5009.51)->
Agent 11:(18,29,2.61421)->(18,28,5.61421)->(17,28,8.24264)->(16,28,9.65685)->(15,28,11.0711)->(14,28,14.7549)->(14,27,18.4388)->(14,26,19.7726)->(14,25,20.601)->(14,24,21.9349)->(14,23,5010.67)->
Agent 12:(22,30,3.21421)->(22,29,5.84264)->(22,28,7.16048)->(22,27,7.84264)->(22,26,8.41048)->(22,25,8.92843)->(22,24,9.42843)->(22,23,9.92843)->(22,22,10.4284)->(22,21,10.9284)->(22,20,11.4284)->(22,19,11.9284)->(22,18,12.4284)->(22,17,12.9284)->(22,16,13.4284)->(22,15,13.9284)->(22,14,14.4284)->(22,13,14.9284)->(22,12,15.4284)->(22,11,15.9284)->(22,10,16.4284)->(22,9,16.9284)->(22,8,17.4284)->(22,7,17.9284)->(22,6,18.4284)->(22,5,18.9284)->(22,4,19.4464)->(22,3,20.0142)->(22,2,20.6964)->(22,1,22.0142)->(22,0,24.2284)->(21,0,26.4426)->(20,0,27.7605)->(19,0,28.4426)->(18,0,29.0105)->(17,0,29.5284)->(16,0,30.0284)->(15,0,30.5284)->(14,0,31.0284)->(13,0,31.5284)->(12,0,32.0284)->(11,0,32.5284)->(10,0,33.0284)->(9,0,33.5284)->(8,0,34.0284)->(7,0,34.5284)->(6,0,35.0284)->(5,0,35.5284)->(4,0,36.0464)->(3,0,36.6142)->(2,0,37.2964)->(1,0,38.6142)->(0,0,41.2426)->(0,1,5020.81)->
Agent 13:(15,22,1.3)->(15,23,2.01421)->(15,24,3.34806)->(15,25,4.17649)->(15,26,5.51034)->(15,27,7.72456)->(16,27,9.93877)->(17,27,11.2566)->(18,27,11.9484)->(19,27,12.584)->(20,27,13.2758)->(21,27,14.5937)->(22,27,17.2221)->(22,28,5008.8)->
Agent 14:(30,9,1.3)->(30,10,2.01421)->(30,11,3.33205)->(30,12,4.01421)->(30,13,4.58205)->(30,14,5.1)->(30,15,5.6)->(30,16,6.1)->(30,17,6.6)->(30,18,7.1)->(30,19,7.6)->(30,20,8.11795)->(30,21,8.68579)->(30,22,9.36795)->(30,23,10.6858)->(30,24,12.9)->(29,24,15.1142)->(28,24,16.4321)->(27,24,17.1142)->(26,24,17.7)->(25,24,18.2858)->(24,24,18.9679)->(23,24,20.2858)->(22,24,5009.85)->
Agent 15:(1,15,2.19626)->(2,15,3.80674)->(3,15,5.12458)->(4,15,5.80674)->(5,15,6.37458)->(6,15,6.89253)->(7,15,7.39253)->(8,15,7.89253)->(9,15,8.39253)->(10,15,8.89253)->(11,15,9.39253)->(12,15,9.89253)->(13,15,10.3925)->(14,15,10.8925)->(15,15,11.3925)->(16,15,11.8925)->(17,15,12.3925)->(18,15,12.8925)->(19,15,13.3925)->(20,15,13.9105)->(21,15,14.4783)->(22,15,15.1605)->(23,15,16.4783)->(24,15,18.6925)->(24,16,20.9067)->(24,17,22.2246)->(24,18,22.9067)->(24,19,23.4746)->(24,20,23.9925)->(24,21,24.4925)->(24,22,24.9925)->(24,23,25.4925)->(24,24,25.9925)->(24,25,26.5105)->(24,26,27.0783)->(24,27,27.7605)->(24,28,29.0783)->(24,29,31.2925)->(25,29,34.0925)->(26,29,5017.05)->
Agent 16:(14,9,2.46228)->(14,10,4.33877)->(14,11,5.65661)->(14,12,6.33877)->(14,13,6.90661)->(14,14,7.42456)->(14,15,7.92456)->(14,16,8.42456)->(14,17,8.92456)->(14,18,9.42456)->(14,19,9.92456)->(14,20,10.4246)->(14,21,10.9246)->(14,22,11.4425)->(14,23,12.0103)->(14,24,12.6925)->(14,25,14.0103)->(14,26,16.2246)->(15,26,18.474)->(16,26,20.474)->(17,26,5009.96)->
Agent 17:(7,21,2.21421)->(8,21,5.22843)->(8,20,10.9696)->(8,21,15.9107)->(8,22,18.7107)->(9,22,20.9249)->(10,22,22.2427)->(11,22,22.9249)->(12,22,23.4927)->(13,22,24.0107)->(14,22,24.5107)->(15,22,25.0107)->(16,22,25.5107)->(17,22,26.0107)->(18,22,26.5107)->(19,22,27.0107)->(20,22,27.5286)->(21,22,28.0965)->(22,22,28.7786)->(23,22,30.0965)->(24,22,5014.76)->
Agent 18:(18,5,1.3)->(18,6,2.01421)->(18,7,3.33205)->(18,8,4.0641)->(18,9,4.79615)->(18,10,6.11399)->(18,11,8.3282)->(19,11,10.5424)->(20,11,11.8603)->(21,11,12.5923)->(22,11,13.3244)->(23,11,14.6422)->(24,11,5007.03)->
Agent 19:(13,18,2.58526)->(13,19,4.58474)->(13,20,5.99895)->(13,21,7.41317)->(13,22,9.62738)->(12,22,11.8416)->(11,22,13.1594)->(10,22,13.8512)->(9,22,14.4869)->(8,22,15.1786)->(7,22,16.4965)->(6,22,5007.96)->
Agent 20:(10,16,1.8)->(11,16,3.01421)->(12,16,4.34806)->(13,16,5.17649)->(14,16,6.51034)->(15,16,8.72456)->(15,17,10.9388)->(15,18,12.2726)->(15,19,13.101)->(15,20,14.4349)->(15,21,5006.92)->
Agent 21:(4,29,2.21421)->(3,29,4.81421)->(3,28,7.44264)->(3,27,8.76048)->(3,26,9.44264)->(3,25,10.0105)->(3,24,10.5284)->(3,23,11.0284)->(3,22,11.5284)->(3,21,12.0284)->(3,20,12.5284)->(3,19,13.0284)->(3,18,13.5284)->(3,17,14.0284)->(3,16,14.5284)->(3,15,15.0284)->(3,14,15.5284)->(3,13,16.0284)->(3,12,16.5284)->(3,11,17.0284)->(3,10,17.5284)->(3,9,18.0284)->(3,8,18.5284)->(3,7,19.0284)->(3,6,19.5284)->(3,5,20.0464)->(3,4,20.6142)->(3,3,21.2964)->(3,2,22.6142)->(3,1,25.2426)->(4,1,5012.81)->
Agent 22:(12,1,1.3)->(12,2,2.6)->(12,3,5.4)->(11,3,7.61421)->(10,3,8.93205)->(9,3,9.61421)->(8,3,10.2)->(7,3,10.7858)->(6,3,11.4679)->(5,3,12.7858)->(4,3,15.4142)->(4,2,5007.9)->
Agent 23:(6,16,1.3)->(6,17,2.01421)->(6,18,3.33205)->(6,19,4.01421)->(6,20,4.58205)->(6,21,5.11795)->(6,22,5.68579)->(6,23,6.36795)->(6,24,7.68579)->(6,25,9.9)->(7,25,12.1142)->(8,25,13.4321)->(9,25,14.1142)->(10,25,14.6821)->(11,25,15.2)->(12,25,15.7)->(13,25,16.2)->(14,25,16.7)->(15,25,17.2)->(16,25,17.7)->(17,25,18.2)->(18,25,18.7)->(19,25,19.2)->(20,25,19.7)->(21,25,20.2)->(22,25,20.7)->(23,25,21.2)->(24,25,21.7179)->(25,25,22.2858)->(26,25,22.9679)->(27,25,24.2858)->(28,25,26.9142)->(28,26,5013.65)->
Agent 24:(23,2,1.3)->(23,3,2.6)->(23,4,6.54999)->(23,3,9.91419)->(23,2,11.3284)->(23,1,12.7426)->(23,0,14.9568)->(24,0,17.2063)->(25,0,19.2063)->(26,0,5009.33)->
Agent 25:(12,30,2.2)->(12,29,3.81421)->(12,28,5.13205)->(12,27,5.81421)->(12,26,6.38205)->(12,25,6.9)->(12,24,7.41795)->(12,23,7.98579)->(12,22,8.66795)->(12,21,9.98579)->(12,20,12.2103)->(13,20,14.4349)->(14,20,15.7527)->(15,20,16.4848)->(16,20,17.2168)->(17,20,18.5347)->(18,20,5008.97)->
Agent 26:(7,20,2.94626)->(7,19,5.30674)->(7,18,6.62458)->(7,17,7.30674)->(7,16,7.87458)->(7,15,8.39253)->(7,14,8.91048)->(7,13,9.47832)->(7,12,10.1605)->(7,11,11.4783)->(7,10,14.0784)->(8,10,16.6785)->(9,10,17.9964)->(10,10,18.6785)->(11,10,19.2643)->(12,10,19.8501)->(13,10,20.5323)->(14,10,21.8501)->(15,10,5010.63)->
Agent 27:(20,9,3.07841)->(20,8,5.57104)->(20,7,6.88888)->(20,6,7.57104)->(20,5,8.13888)->(20,4,8.67478)->(20,3,9.24261)->(20,2,9.92478)->(20,1,11.2426)->(20,0,13.4568)->(19,0,15.671)->(18,0,16.9889)->(17,0,17.671)->(16,0,18.2389)->(15,0,18.7568)->(14,0,19.2568)->(13,0,19.7568)->(12,0,20.2568)->(11,0,20.7568)->(10,0,21.2568)->(9,0,21.7568)->(8,0,22.2568)->(7,0,22.7568)->(6,0,23.2568)->(5,0,23.7748)->(4,0,24.3426)->(3,0,25.0248)->(2,0,26.3426)->(1,0,28.971)->(1,1,36.1068)->(1,0,43.6569)->(0,0,5022.23)->
Agent 28:(22,3,1.3)->(22,4,2.01421)->(22,5,3.33205)->(22,6,4.01421)->(22,7,4.58205)->(22,8,5.1)->(22,9,5.61795)->(22,10,6.18579)->(22,11,6.86795)->(22,12,8.18579)->(22,13,10.4)->(23,13,12.6142)->(24,13,14.0284)->(25,13,15.4426)->(26,13,21.5284)->(26,14,28.2)->(26,15,5014.1)->
Agent 29:(10,23,4.95)->(10,22,9.31421)->(10,21,10.6321)->(10,20,11.3142)->(10,19,11.8821)->(10,18,12.4)->(10,17,12.9)->(10,16,13.4)->(10,15,13.9)->(10,14,14.4)->(10,13,14.9)->(10,12,15.4)->(10,11,15.9)->(10,10,16.4179)->(10,9,16.9858)->(10,8,17.6679)->(10,7,18.9858)->(10,6,21.2)->(11,6,23.4142)->(12,6,24.7321)->(13,6,25.4641)->(14,6,26.1962)->(15,6,27.514)->(16,6,30.1424)->(16,7,5015.26)->
Agent 30:(24,2,2.4142)->(23,2,4.24261)->(22,2,5.56045)->(21,2,6.24261)->(20,2,6.81045)->(19,2,7.3284)->(18,2,7.8284)->(17,2,8.3284)->(16,2,8.8284)->(15,2,9.3284)->(14,2,9.84635)->(13,2,10.4142)->(12,2,11.0963)->(11,2,12.4142)->(10,2,18.7426)->(10,3,5011.41)->
Agent 31:(27,23,1.8)->(26,23,3.01421)->(25,23,4.33205)->(24,23,5.01421)->(23,23,5.58205)->(22,23,6.1)->(21,23,6.6)->(20,23,7.1)->(19,23,7.6)->(18,23,8.1)->(17,23,8.6)->(16,23,9.1)->(15,23,9.6)->(14,23,10.1)->(13,23,10.6)->(12,23,11.1)->(11,23,11.6)->(10,23,12.1)->(9,23,12.6)->(8,23,13.1)->(7,23,13.6179)->(6,23,14.1858)->(5,23,14.8679)->(4,23,16.1858)->(3,23,18.8142)->(3,24,5009.6)->
Agent 32:(12,22,2.99948)->(13,22,5.41317)->(14,22,6.82738)->(15,22,8.24159)->(16,22,10.4558)->(16,23,13.2558)->(16,24,5006.63)->
Agent 33:(1,17,2.2)->(1,16,3.81421)->(1,15,5.13205)->(1,14,5.81421)->(1,13,6.38205)->(1,12,6.9)->(1,11,7.4)->(1,10,7.9)->(1,9,8.4)->(1,8,8.9)->(1,7,9.41795)->(1,6,9.98579)->(1,5,10.6679)->(1,4,11.9858)->(1,3,14.7)->(2,3,17.4142)->(3,3,18.7321)->(4,3,19.4142)->(5,3,20)->(6,3,20.5858)->(7,3,21.2679)->(8,3,22.5858)->(9,3,24.8)->(9,2,27.6)->(9,1,30.4804)->(10,1,32.7749)->(11,1,34.1088)->(12,1,34.9372)->(13,1,36.2711)->(14,1,5017.84)->
Agent 34:(10,22,2.61421)->(10,21,6.15)->(9,21,9.31421)->(8,21,10.6321)->(7,21,11.3238)->(6,21,11.9595)->(5,21,12.6513)->(4,21,13.9691)->(3,21,5006.69)->
Agent 35:(3,3,1.3)->(3,4,2.01421)->(3,5,3.33205)->(3,6,4.01421)->(3,7,4.58205)->(3,8,5.1)->(3,9,5.6)->(3,10,6.1)->(3,11,6.61795)->(3,12,7.18579)->(3,13,7.86795)->(3,14,9.18579)->(3,15,11.4)->(4,15,13.6142)->(5,15,14.9321)->(6,15,15.6142)->(7,15,16.1821)->(8,15,16.7)->(9,15,17.2)->(10,15,17.7)->(11,15,18.2)->(12,15,18.7)->(13,15,19.2)->(14,15,19.7)->(15,15,20.2)->(16,15,20.7)->(17,15,21.2)->(18,15,21.7)->(19,15,22.2)->(20,15,22.7)->(21,15,23.2)->(22,15,23.7)->(23,15,24.2179)->(24,15,24.7858)->(25,15,25.4679)->(26,15,26.7858)->(27,15,29)->(27,16,31.2142)->(27,17,32.5321)->(27,18,33.2641)->(27,19,33.9962)->(27,20,35.314)->(27,21,5017.36)->
Agent 36:(31,23,2.2)->(31,22,3.81421)->(31,21,5.13205)->(31,20,5.8641)->(31,19,6.59615)->(31,18,7.91399)->(31,17,10.7641)->(30,17,13.6142)->(29,17,14.9321)->(28,17,15.6142)->(27,17,16.1821)->(26,17,16.7)->(25,17,17.2)->(24,17,17.7)->(23,17,18.2)->(22,17,18.7)->(21,17,19.2179)->(20,17,19.7858)->(19,17,20.4679)->(18,17,21.7858)->(17,17,5010.6)->
Agent 37:(11,18,2.21421)->(11,17,3.84264)->(11,16,5.16048)->(11,15,5.84264)->(11,14,6.41048)->(11,13,6.92843)->(11,12,7.42843)->(11,11,7.92843)->(11,10,8.42843)->(11,9,8.92843)->(11,8,9.42843)->(11,7,9.94638)->(11,6,10.5142)->(11,5,11.1964)->(11,4,12.5142)->(11,3,14.7284)->(12,3,16.9426)->(13,3,18.2605)->(14,3,18.9426)->(15,3,19.5105)->(16,3,20.0284)->(17,3,20.5284)->(18,3,21.0284)->(19,3,21.5284)->(20,3,22.0284)->(21,3,22.5464)->(22,3,23.1142)->(23,3,23.7964)->(24,3,25.1142)->(25,3,27.7426)->(25,2,5014.06)->
Agent 38:(15,1,2.91614)->(15,2,5.24649)->(15,3,6.58034)->(15,4,7.40876)->(15,5,8.74261)->(15,6,10.9568)->(16,6,13.2063)->(17,6,15.2063)->(18,6,5007.33)->
Agent 39:(20,1,2.61421)->(20,0,5.61421)->(19,0,8.24264)->(18,0,9.56048)->(17,0,10.2426)->(16,0,10.8105)->(15,0,11.3284)->(14,0,11.8284)->(13,0,12.3284)->(12,0,12.8284)->(11,0,13.3284)->(10,0,13.8464)->(9,0,14.4142)->(8,0,15.0964)->(7,0,16.4142)->(6,0,18.6284)->(6,1,21.4284)->(6,2,28.4784)->(6,1,35.5284)->(6,0,5017.76)->
Agent 40:(17,24,2.2)->(17,23,3.81421)->(17,22,5.13205)->(17,21,5.81421)->(17,20,6.38205)->(17,19,6.9)->(17,18,7.4)->(17,17,7.9)->(17,16,8.4)->(17,15,8.9)->(17,14,9.4)->(17,13,9.9)->(17,12,10.4)->(17,11,10.9179)->(17,10,11.4858)->(17,9,12.1679)->(17,8,13.4858)->(17,7,15.7)->(16,7,17.9142)->(15,7,19.2321)->(14,7,19.9142)->(13,7,20.4821)->(12,7,21)->(11,7,21.5)->(10,7,22)->(9,7,22.5)->(8,7,23)->(7,7,23.5179)->(6,7,24.0858)->(5,7,24.7679)->(4,7,26.0858)->(3,7,28.3)->(3,6,30.5142)->(3,5,31.8321)->(3,4,32.5641)->(3,3,33.2962)->(3,2,34.614)->(3,1,5017.01)->
Agent 41:(9,27,2.2)->(9,26,3.81421)->(9,25,5.13205)->(9,24,5.81421)->(9,23,6.38205)->(9,22,6.9)->(9,21,7.4)->(9,20,7.9)->(9,19,8.4)->(9,18,8.9)->(9,17,9.4)->(9,16,9.9)->(9,15,10.4)->(9,14,10.9)->(9,13,11.4)->(9,12,11.9)->(9,11,12.4)->(9,10,12.9)->(9,9,13.4)->(9,8,13.9)->(9,7,14.4179)->(9,6,14.9858)->(9,5,15.6679)->(9,4,16.9858)->(9,3,19.2)->(10,3,21.4142)->(11,3,22.7321)->(12,3,23.4142)->(13,3,23.9821)->(14,3,24.5)->(15,3,25)->(16,3,25.5)->(17,3,26.0179)->(18,3,26.5858)->(19,3,27.2679)->(20,3,28.5858)->(21,3,31.2142)->(21,2,5015.8)->
Agent 42:(19,12,2.2)->(19,11,3.81421)->(19,10,5.13205)->(19,9,5.81421)->(19,8,6.38205)->(19,7,6.9)->(19,6,7.4)->(19,5,7.91795)->(19,4,8.48579)->(19,3,9.16795)->(19,2,10.4858)->(19,1,12.7)->(18,1,14.9142)->(17,1,16.2321)->(16,1,16.9142)->(15,1,17.4821)->(14,1,18)->(13,1,18.5)->(12,1,19.0179)->(11,1,19.5858)->(10,1,20.2679)->(9,1,21.5858)->(8,1,5010.5)->
Agent 43:(5,31,2.2)->(5,30,3.81421)->(5,29,5.13205)->(5,28,5.81421)->(5,27,6.38205)->(5,26,6.9)->(5,25,7.4)->(5,24,7.9)->(5,23,8.4)->(5,22,8.9)->(5,21,9.4)->(5,20,9.91795)->(5,19,10.4858)->(5,18,11.1679)->(5,17,12.4858)->(5,16,17.1642)->(6,16,22.4284)->(7,16,5011.21)->
Agent 44:(11,28,3.33579)->(11,27,6.08579)->(11,26,7.40362)->(11,25,8.08579)->(11,24,8.65362)->(11,23,9.17157)->(11,22,9.67157)->(11,21,10.1716)->(11,20,10.6716)->(11,19,11.1716)->(11,18,11.6716)->(11,17,12.1716)->(11,16,12.6716)->(11,15,13.1716)->(11,14,13.6716)->(11,13,14.1716)->(11,12,14.6716)->(11,11,15.1716)->(11,10,15.6716)->(11,9,16.1716)->(11,8,16.6716)->(11,7,17.1716)->(11,6,17.6716)->(11,5,18.1895)->(11,4,18.7574)->(11,3,19.4395)->(11,2,20.7574)->(11,1,22.9716)->(12,1,25.7716)->(13,1,30.3142)->(13,0,5016.01)->
Agent 45:(23,16,1.55)->(23,17,2.51421)->(23,18,3.83205)->(23,19,4.51421)->(23,20,5.08205)->(23,21,5.6)->(23,22,6.1)->(23,23,6.6)->(23,24,7.11795)->(23,25,7.68579)->(23,26,8.36795)->(23,27,9.68579)->(23,28,11.9)->(24,28,14.1142)->(25,28,15.4321)->(26,28,16.1238)->(27,28,16.7595)->(28,28,17.4513)->(29,28,18.7691)->(30,28,5009.09)->
Agent 46:(16,26,2.5779)->(16,25,4.57002)->(16,24,5.88786)->(16,23,6.57002)->(16,22,7.13786)->(16,21,7.65581)->(16,20,8.15581)->(16,19,8.65581)->(16,18,9.15581)->(16,17,9.65581)->(16,16,10.1558)->(16,15,10.6558)->(16,14,11.1558)->(16,13,11.6558)->(16,12,12.1558)->(16,11,12.6558)->(16,10,13.1558)->(16,9,13.6558)->(16,8,14.1558)->(16,7,14.6558)->(16,6,15.1738)->(16,5,15.7416)->(16,4,16.4238)->(16,3,17.7416)->(16,2,19.9558)->(15,2,22.17)->(14,2,23.5842)->(13,2,24.9984)->(12,2,5012.21)->
Agent 47:(19,5,2.4142)->(18,5,4.24261)->(17,5,5.56045)->(16,5,6.24261)->(15,5,6.81045)->(14,5,7.3284)->(13,5,7.8284)->(12,5,8.3284)->(11,5,8.84635)->(10,5,9.41419)->(9,5,10.0963)->(8,5,11.4142)->(7,5,13.6284)->(7,6,15.8426)->(7,7,17.1605)->(7,8,17.8426)->(7,9,18.4105)->(7,10,18.9284)->(7,11,19.4284)->(7,12,19.9284)->(7,13,20.4284)->(7,14,20.9284)->(7,15,21.4284)->(7,16,21.9284)->(7,17,22.4284)->(7,18,22.9284)->(7,19,23.4284)->(7,20,23.9284)->(7,21,24.4284)->(7,22,24.9284)->(7,23,25.4284)->(7,24,25.9284)->(7,25,26.4284)->(7,26,26.9463)->(7,27,27.5142)->(7,28,28.1963)->(7,29,29.5142)->(7,30,5014.46)->
Agent 48:(29,3,1.3)->(29,4,2.01421)->(29,5,3.33205)->(29,6,4.01421)->(29,7,4.58205)->(29,8,5.1)->(29,9,5.61795)->(29,10,6.18579)->(29,11,6.86795)->(29,12,8.18579)->(29,13,17.4858)->(28,13,26.7858)->(27,13,28.1036)->(26,13,28.7858)->(25,13,29.3536)->(24,13,29.8716)->(23,13,30.3716)->(22,13,30.8716)->(21,13,31.3716)->(20,13,31.8716)->(19,13,32.3716)->(18,13,32.8716)->(17,13,33.3716)->(16,13,33.8716)->(15,13,34.3716)->(14,13,34.8716)->(13,13,35.3716)->(12,13,35.8716)->(11,13,36.3716)->(10,13,36.8716)->(9,13,37.3895)->(8,13,37.9574)->(7,13,38.6395)->(6,13,39.9574)->(5,13,5019.69)->
Agent 49:(9,30,3.36421)->(9,29,6.14264)->(9,28,7.46048)->(9,27,8.14264)->(9,26,8.71048)->(9,25,9.22843)->(9,24,9.72843)->(9,23,10.2284)->(9,22,10.7284)->(9,21,11.2284)->(9,20,11.7284)->(9,19,12.2284)->(9,18,12.7284)->(9,17,13.2284)->(9,16,13.7284)->(9,15,14.2284)->(9,14,14.7284)->(9,13,15.2284)->(9,12,15.7284)->(9,11,16.2284)->(9,10,16.7464)->(9,9,17.3142)->(9,8,17.9964)->(9,7,19.3142)->(9,6,21.5284)->(8,6,23.7426)->(7,6,25.0605)->(6,6,25.7426)->(5,6,26.3105)->(4,6,26.8464)->(3,6,27.4142)->(2,6,28.0964)->(1,6,29.4142)->(0,6,5014.41)->
