Agent 0:(14,0,2.56795)->(14,1,4.55011)->(14,2,5.86795)->(14,3,6.55011)->(14,4,7.11795)->(14,5,7.6359)->(14,6,8.1359)->(14,7,8.6359)->(14,8,9.1359)->(14,9,9.6359)->(14,10,10.1359)->(14,11,10.6359)->(14,12,11.1359)->(14,13,11.6359)->(14,14,12.1359)->(14,15,12.6538)->(14,16,13.2217)->(14,17,13.9038)->(14,18,15.2217)->(14,19,17.4359)->(15,19,19.6501)->(16,19,20.9679)->(17,19,21.6597)->(18,19,22.2954)->(19,19,22.9872)->(20,19,24.305)->(21,19,26.5192)->(21,20,28.7334)->(21,21,30.0513)->(21,22,30.7334)->(21,23,31.3013)->(21,24,31.8372)->(21,25,32.405)->(21,26,33.0872)->(21,27,34.405)->(21,28,37.0334)->(22,28,5018.71)->
Agent 1:(5,7,1.8)->(5,8,3.01421)->(5,9,4.33205)->(5,10,5.01421)->(5,11,5.58205)->(5,12,6.1)->(5,13,6.61795)->(5,14,7.18579)->(5,15,7.86795)->(5,16,9.18579)->(5,17,11.8142)->(4,17,15.4142)->(4,18,18.6284)->(4,19,5009.31)->
Agent 2:(17,14,2.8)->(17,13,5.01421)->(17,12,6.33205)->(17,11,7.01421)->(17,10,7.58205)->(17,9,8.1)->(17,8,8.6)->(17,7,9.1)->(17,6,9.6)->(17,5,10.1)->(17,4,10.6179)->(17,3,11.1858)->(17,2,11.8679)->(17,1,13.1858)->(17,0,15.8142)->(18,0,5008.1)->
Agent 3:(20,21,2.28205)->(19,21,3.97832)->(18,21,5.29615)->(17,21,5.97832)->(16,21,6.54615)->(15,21,7.08205)->(14,21,7.64989)->(13,21,8.33205)->(12,21,9.64989)->(11,21,13.2821)->(11,20,16.9142)->(11,19,18.2321)->(11,18,18.9142)->(11,17,19.4821)->(11,16,20)->(11,15,20.5)->(11,14,21)->(11,13,21.5)->(11,12,22)->(11,11,22.5)->(11,10,23)->(11,9,23.5179)->(11,8,24.0858)->(11,7,24.7679)->(11,6,26.0858)->(11,5,28.3)->(10,5,31.1)->(9,5,5015.55)->
Agent 4:(20,15,2.61421)->(20,14,9.30051)->(19,14,15.6505)->(18,14,17.6505)->(17,14,23.4642)->(17,15,5013.5)->
Agent 5:(7,0,1.8)->(6,0,3.01421)->(5,0,4.33205)->(4,0,5.02382)->(3,0,5.65949)->(2,0,6.35126)->(1,0,7.6691)->(0,0,9.88331)->(0,1,12.0975)->(0,2,13.4154)->(0,3,14.0975)->(0,4,14.6654)->(0,5,15.1833)->(0,6,15.6833)->(0,7,16.1833)->(0,8,16.6833)->(0,9,17.1833)->(0,10,17.6833)->(0,11,18.1833)->(0,12,18.6833)->(0,13,19.1833)->(0,14,19.6833)->(0,15,20.1833)->(0,16,20.6833)->(0,17,21.1833)->(0,18,21.6833)->(0,19,22.1833)->(0,20,22.6833)->(0,21,23.1833)->(0,22,23.7013)->(0,23,24.2691)->(0,24,24.9513)->(0,25,26.2691)->(0,26,5012.84)->
Agent 6:(3,11,1.3)->(3,12,2.6)->(3,13,5.4)->(2,13,8.2)->(1,13,16.8926)->(2,13,25.5853)->(3,13,5012.79)->
Agent 7:(5,15,3.56795)->(6,15,6.55011)->(7,15,7.86795)->(8,15,8.55011)->(9,15,9.11795)->(10,15,9.6359)->(11,15,10.1359)->(12,15,10.6359)->(13,15,11.1359)->(14,15,11.6359)->(15,15,12.1359)->(16,15,12.6359)->(17,15,13.1359)->(18,15,13.6359)->(19,15,14.1359)->(20,15,14.6359)->(21,15,15.1359)->(22,15,15.6359)->(23,15,16.1359)->(24,15,16.6538)->(25,15,17.2217)->(26,15,17.9038)->(27,15,19.2217)->(28,15,23.6322)->(28,16,28.0426)->(28,17,29.3605)->(28,18,30.0426)->(28,19,30.6105)->(28,20,31.1284)->(28,21,31.6284)->(28,22,32.1284)->(28,23,32.6464)->(28,24,33.2142)->(28,25,33.8964)->(28,26,35.2142)->(28,27,5017.31)->
Agent 8:(4,23,2.2)->(4,22,3.81421)->(4,21,5.13205)->(4,20,5.81421)->(4,19,6.38205)->(4,18,6.9)->(4,17,7.4)->(4,16,7.91795)->(4,15,8.48579)->(4,14,9.16795)->(4,13,10.4858)->(4,12,13.4858)->(5,12,16.4858)->(6,12,17.8036)->(7,12,18.4858)->(8,12,19.0536)->(9,12,19.5716)->(10,12,20.0716)->(11,12,20.5716)->(12,12,21.0716)->(13,12,21.5716)->(14,12,22.0716)->(15,12,22.5716)->(16,12,23.0716)->(17,12,23.5716)->(18,12,24.0716)->(19,12,24.5895)->(20,12,25.1574)->(21,12,25.8395)->(22,12,27.1574)->(23,12,29.7858)->(23,11,5015.09)->
Agent 9:(0,31,2.2)->(0,30,3.81421)->(0,29,5.13205)->(0,28,5.81421)->(0,27,6.38205)->(0,26,6.9)->(0,25,7.4)->(0,24,7.9)->(0,23,8.4)->(0,22,8.9)->(0,21,9.4)->(0,20,9.9)->(0,19,10.4179)->(0,18,10.9858)->(0,17,11.6679)->(0,16,12.9858)->(0,15,15.2)->(1,15,17.4142)->(2,15,18.7321)->(3,15,19.4142)->(4,15,19.9821)->(5,15,20.5)->(6,15,21)->(7,15,21.5)->(8,15,22)->(9,15,22.5)->(10,15,23)->(11,15,23.5)->(12,15,24)->(13,15,24.5)->(14,15,25)->(15,15,25.5)->(16,15,26)->(17,15,26.5)->(18,15,27)->(19,15,27.5)->(20,15,28)->(21,15,28.5)->(22,15,29)->(23,15,29.5)->(24,15,30)->(25,15,30.5)->(26,15,31.0179)->(27,15,31.5858)->(28,15,32.2679)->(29,15,33.5858)->(30,15,35.8)->(30,14,38.0142)->(30,13,39.3321)->(30,12,40.0142)->(30,11,40.5821)->(30,10,41.1)->(30,9,41.6)->(30,8,42.1)->(30,7,42.6)->(30,6,43.1179)->(30,5,43.6858)->(30,4,44.3679)->(30,3,45.6858)->(30,2,5022.55)->
Agent 10:(17,28,4.8)->(17,27,9.01421)->(17,26,10.3321)->(17,25,11.0142)->(17,24,11.5821)->(17,23,12.1)->(17,22,12.6)->(17,21,13.1)->(17,20,13.6)->(17,19,14.1)->(17,18,14.6)->(17,17,15.1)->(17,16,15.6)->(17,15,16.1)->(17,14,16.6)->(17,13,17.1)->(17,12,17.6)->(17,11,18.1179)->(17,10,18.6858)->(17,9,19.3679)->(17,8,20.6858)->(17,7,22.9)->(18,7,25.1142)->(19,7,26.4321)->(20,7,27.1142)->(21,7,27.6821)->(22,7,28.2179)->(23,7,28.7858)->(24,7,29.4679)->(25,7,30.7858)->(26,7,5015.1)->
Agent 11:(7,29,2.2)->(7,28,3.81421)->(7,27,5.13205)->(7,26,5.81421)->(7,25,6.38205)->(7,24,6.9)->(7,23,7.4)->(7,22,7.9)->(7,21,8.4)->(7,20,8.9)->(7,19,9.4)->(7,18,9.91795)->(7,17,10.4858)->(7,16,11.1679)->(7,15,12.4858)->(7,14,14.7)->(6,14,16.9142)->(5,14,18.3284)->(4,14,19.7426)->(3,14,21.9569)->(3,13,24.1711)->(3,12,25.4889)->(3,11,26.1711)->(3,10,26.7569)->(3,9,27.3426)->(3,8,28.0248)->(3,7,29.3426)->(3,6,5014.38)->
Agent 12:(24,21,2.2)->(24,20,3.84949)->(24,19,5.84949)->(24,18,8.09898)->(25,18,10.899)->(26,18,5005.45)->
Agent 13:(15,29,2.2)->(15,28,3.81421)->(15,27,5.13205)->(15,26,5.81421)->(15,25,6.4)->(15,24,6.98579)->(15,23,7.66795)->(15,22,8.98579)->(15,21,12.6142)->(14,21,16.2426)->(13,21,17.5605)->(12,21,18.2426)->(11,21,18.8105)->(10,21,19.3284)->(9,21,19.8284)->(8,21,20.3284)->(7,21,20.8284)->(6,21,21.3284)->(5,21,21.8284)->(4,21,22.3464)->(3,21,22.9142)->(2,21,23.5964)->(1,21,24.9142)->(0,21,5012.16)->
Agent 14:(16,11,2.56795)->(15,11,4.55011)->(14,11,5.86795)->(13,11,6.55011)->(12,11,7.11795)->(11,11,7.6359)->(10,11,8.1359)->(9,11,8.6359)->(8,11,9.15385)->(7,11,9.72168)->(6,11,10.4038)->(5,11,11.7217)->(4,11,15.7322)->(4,12,19.7426)->(4,13,21.0765)->(4,14,21.9049)->(4,15,23.2388)->(4,16,25.8672)->(3,16,5013.13)->
Agent 15:(16,20,1.8)->(17,20,3.01421)->(18,20,4.34806)->(19,20,5.17649)->(20,20,6.51034)->(21,20,9.66228)->(21,19,12.8495)->(21,18,14.8495)->(21,17,22.5591)->(21,18,30.2334)->(21,19,31.5513)->(21,20,32.2334)->(21,21,32.8013)->(21,22,33.3192)->(21,23,33.8372)->(21,24,34.405)->(21,25,35.0872)->(21,26,36.405)->(21,27,5017.91)->
Agent 16:(27,29,2.93205)->(26,29,5.27832)->(25,29,6.59615)->(24,29,7.28792)->(23,29,7.9236)->(22,29,8.61537)->(21,29,9.9332)->(20,29,12.1474)->(20,28,14.3616)->(20,27,15.6795)->(20,26,16.3616)->(20,25,16.9295)->(20,24,17.4474)->(20,23,17.9474)->(20,22,18.4474)->(20,21,18.9474)->(20,20,19.4474)->(20,19,19.9474)->(20,18,20.4474)->(20,17,20.9474)->(20,16,21.4474)->(20,15,21.9474)->(20,14,22.4474)->(20,13,22.9474)->(20,12,23.4654)->(20,11,24.0332)->(20,10,24.7154)->(20,9,26.0332)->(20,8,5012.72)->
Agent 17:(30,10,1.3)->(30,11,2.01421)->(30,12,3.33205)->(30,13,4.01421)->(30,14,4.58205)->(30,15,5.1)->(30,16,5.6)->(30,17,6.1)->(30,18,6.6)->(30,19,7.1)->(30,20,7.61795)->(30,21,8.18579)->(30,22,8.86795)->(30,23,10.1858)->(30,24,12.4)->(29,24,14.6142)->(28,24,15.9321)->(27,24,16.6142)->(26,24,17.1821)->(25,24,17.7)->(24,24,18.2)->(23,24,18.7)->(22,24,19.2)->(21,24,19.7)->(20,24,20.2)->(19,24,20.7)->(18,24,21.2)->(17,24,21.7)->(16,24,22.2179)->(15,24,22.7858)->(14,24,23.4679)->(13,24,24.7858)->(12,24,27.4142)->(12,25,31.0142)->(11,25,33.6426)->(10,25,34.9765)->(9,25,35.8049)->(8,25,37.1388)->(7,25,5018.28)->
Agent 18:(20,7,2.2)->(20,6,3.81421)->(20,5,5.14806)->(20,4,5.97649)->(20,3,7.31034)->(20,2,9.52456)->(21,2,12.3246)->(22,2,15.1246)->(22,3,17.3388)->(22,4,18.6566)->(22,5,19.3388)->(22,6,19.9066)->(22,7,20.4246)->(22,8,20.9246)->(22,9,21.4246)->(22,10,21.9246)->(22,11,22.4246)->(22,12,22.9246)->(22,13,23.4246)->(22,14,23.9246)->(22,15,24.4246)->(22,16,24.9246)->(22,17,25.4246)->(22,18,25.9246)->(22,19,26.4246)->(22,20,26.9246)->(22,21,27.4246)->(22,22,27.9425)->(22,23,28.5103)->(22,24,29.1925)->(22,25,30.5103)->(22,26,5014.96)->
Agent 19:(4,5,2.21421)->(5,5,8.78205)->(5,6,15.3783)->(5,7,16.6962)->(5,8,17.3783)->(5,9,17.9641)->(5,10,18.5499)->(5,11,19.2321)->(5,12,20.5499)->(5,13,23.1783)->(6,13,5011.78)->
Agent 20:(27,30,4.71795)->(27,29,8.85011)->(27,28,10.1679)->(27,27,10.8501)->(27,26,11.4179)->(27,25,11.9359)->(27,24,12.4359)->(27,23,12.9359)->(27,22,13.4359)->(27,21,13.9359)->(27,20,14.4359)->(27,19,14.9359)->(27,18,15.4359)->(27,17,15.9359)->(27,16,16.4359)->(27,15,16.9359)->(27,14,17.4359)->(27,13,17.9359)->(27,12,18.4359)->(27,11,18.9359)->(27,10,19.4359)->(27,9,19.9538)->(27,8,20.5217)->(27,7,21.2038)->(27,6,22.5217)->(27,5,24.8895)->(28,5,27.2574)->(29,5,28.6716)->(30,5,30.0858)->(31,5,5014.75)->
Agent 21:(12,29,2.2)->(12,28,3.81421)->(12,27,5.13205)->(12,26,5.82382)->(12,25,6.45949)->(12,24,7.15126)->(12,23,8.4691)->(12,22,13.2596)->(13,22,18.0501)->(14,22,19.3679)->(15,22,20.0501)->(16,22,20.6179)->(17,22,21.1359)->(18,22,21.6359)->(19,22,22.1359)->(20,22,22.6538)->(21,22,23.2217)->(22,22,23.9038)->(23,22,25.2217)->(24,22,5012.32)->
Agent 22:(25,26,1.8)->(24,26,3.01421)->(23,26,4.33205)->(22,26,5.01421)->(21,26,5.58205)->(20,26,6.1)->(19,26,6.6)->(18,26,7.11795)->(17,26,7.68579)->(16,26,8.36795)->(15,26,9.68579)->(14,26,12.3142)->(14,25,5006.35)->
Agent 23:(17,8,2.8)->(16,8,5.01421)->(15,8,6.33205)->(14,8,7.01421)->(13,8,7.6)->(12,8,8.18579)->(11,8,8.86795)->(10,8,10.1858)->(9,8,12.9358)->(9,9,15.6858)->(9,10,17.0036)->(9,11,17.6858)->(9,12,18.2536)->(9,13,18.7716)->(9,14,19.2716)->(9,15,19.7716)->(9,16,20.2716)->(9,17,20.7716)->(9,18,21.2716)->(9,19,21.7716)->(9,20,22.2895)->(9,21,22.8574)->(9,22,23.5395)->(9,23,24.8574)->(9,24,27.0716)->(8,24,29.8716)->(7,24,5014.94)->
Agent 24:(15,18,2.67843)->(15,17,4.77107)->(15,16,6.08891)->(15,15,6.77107)->(15,14,7.33891)->(15,13,7.85685)->(15,12,8.35685)->(15,11,8.85685)->(15,10,9.35685)->(15,9,9.8748)->(15,8,10.4426)->(15,7,11.1248)->(15,6,12.4426)->(15,5,14.6569)->(16,5,16.8711)->(17,5,18.2853)->(18,5,19.6995)->(19,5,5009.56)->
Agent 25:(8,19,2.2)->(9,19,3.81421)->(10,19,5.13205)->(11,19,5.81421)->(12,19,6.38205)->(13,19,6.9)->(14,19,7.4)->(15,19,7.9)->(16,19,8.4)->(17,19,8.9)->(18,19,9.4)->(19,19,9.9)->(20,19,10.4)->(21,19,10.9)->(22,19,11.4)->(23,19,11.9)->(24,19,12.4)->(25,19,12.9)->(26,19,13.4)->(27,19,13.9179)->(28,19,14.4858)->(29,19,15.1679)->(30,19,16.4858)->(31,19,18.7)->(31,18,20.9142)->(31,17,22.2321)->(31,16,22.9142)->(31,15,23.4821)->(31,14,24)->(31,13,24.5)->(31,12,25)->(31,11,25.5)->(31,10,26)->(31,9,26.5)->(31,8,27)->(31,7,27.5179)->(31,6,28.0858)->(31,5,28.7679)->(31,4,30.0858)->(31,3,5014.75)->
Agent 26:(27,19,1.3)->(27,20,2.01421)->(27,21,3.34806)->(27,22,4.17649)->(27,23,5.51034)->(27,24,7.72638)->(26,24,9.94242)->(25,24,11.2603)->(24,24,11.9424)->(23,24,12.5103)->(22,24,13.0282)->(21,24,13.5282)->(20,24,14.0282)->(19,24,14.5282)->(18,24,15.0282)->(17,24,15.5282)->(16,24,16.0282)->(15,24,16.5462)->(14,24,17.114)->(13,24,17.7962)->(12,24,19.114)->(11,24,5009.26)->
Agent 27:(19,0,2.55)->(19,1,4.51421)->(19,2,5.83205)->(19,3,6.51421)->(19,4,7.08205)->(19,5,7.6)->(19,6,8.1)->(19,7,8.6)->(19,8,9.1)->(19,9,9.6)->(19,10,10.1)->(19,11,10.6)->(19,12,11.1)->(19,13,11.6)->(19,14,12.1)->(19,15,12.6)->(19,16,13.1)->(19,17,13.6)->(19,18,14.1)->(19,19,14.6)->(19,20,15.1)->(19,21,15.6)->(19,22,16.1)->(19,23,16.6)->(19,24,17.1179)->(19,25,17.6858)->(19,26,18.3679)->(19,27,19.6858)->(19,28,21.9)->(18,28,24.1142)->(17,28,25.4321)->(16,28,26.1142)->(15,28,26.6821)->(14,28,27.2)->(13,28,27.7)->(12,28,28.2)->(11,28,28.7)->(10,28,29.2)->(9,28,29.7)->(8,28,30.2)->(7,28,30.7)->(6,28,31.2179)->(5,28,31.7858)->(4,28,32.4679)->(3,28,33.7858)->(2,28,5016.6)->
Agent 28:(13,5,2.53205)->(13,6,4.47832)->(13,7,5.79615)->(13,8,6.47832)->(13,9,7.04615)->(13,10,7.5641)->(13,11,8.0641)->(13,12,8.5641)->(13,13,9.0641)->(13,14,9.5641)->(13,15,10.0641)->(13,16,10.5641)->(13,17,11.0641)->(13,18,11.5641)->(13,19,12.0641)->(13,20,12.5641)->(13,21,13.0821)->(13,22,13.6499)->(13,23,14.3321)->(13,24,15.6499)->(13,25,17.8641)->(12,25,20.0783)->(11,25,21.3962)->(10,25,22.0783)->(9,25,22.6462)->(8,25,23.1641)->(7,25,23.6641)->(6,25,24.1821)->(5,25,24.7499)->(4,25,25.4321)->(3,25,26.7499)->(2,25,5013.08)->
Agent 29:(14,11,1.71421)->(14,12,3.81421)->(15,12,6.44264)->(16,12,7.76048)->(17,12,8.44264)->(18,12,9.01048)->(19,12,9.52843)->(20,12,10.0284)->(21,12,10.5284)->(22,12,11.0464)->(23,12,11.6142)->(24,12,12.2964)->(25,12,13.6142)->(26,12,15.8284)->(26,11,18.0426)->(26,10,19.3605)->(26,9,20.0522)->(26,8,20.6879)->(26,7,21.3797)->(26,6,22.6975)->(26,5,5011.06)->
Agent 30:(10,25,2.2)->(10,24,3.84949)->(10,23,5.84949)->(10,22,11.9674)->(11,22,18.0501)->(12,22,19.3679)->(13,22,20.0501)->(14,22,20.6359)->(15,22,21.2217)->(16,22,21.9038)->(17,22,23.2217)->(18,22,5011.32)->
Agent 31:(25,31,2.2)->(25,30,3.81421)->(25,29,5.13205)->(25,28,5.8641)->(25,27,6.59615)->(25,26,7.91399)->(25,25,17.3499)->(25,26,27.3716)->(25,27,5013.69)->
Agent 32:(9,25,2.2)->(9,24,4.4)->(9,23,8.90362)->(10,23,12.8215)->(11,23,14.2357)->(12,23,15.6499)->(13,23,5007.53)->
Agent 33:(0,22,2.2)->(0,21,3.81421)->(0,20,5.13205)->(0,19,5.81421)->(0,18,6.38205)->(0,17,6.9)->(0,16,7.4)->(0,15,7.9)->(0,14,8.4)->(0,13,8.91795)->(0,12,9.48579)->(0,11,10.1679)->(0,10,11.4858)->(0,9,13.7)->(1,9,15.9142)->(2,9,17.2321)->(3,9,17.9142)->(4,9,18.4821)->(5,9,19)->(6,9,19.5)->(7,9,20)->(8,9,20.5)->(9,9,21.0179)->(10,9,21.5858)->(11,9,22.2679)->(12,9,23.5858)->(13,9,25.8)->(13,8,28.0142)->(13,7,29.3321)->(13,6,30.0238)->(13,5,30.6595)->(13,4,31.3513)->(13,3,32.6691)->(13,2,5016.04)->
Agent 34:(5,21,2.2)->(5,20,3.84949)->(5,19,5.84949)->(5,18,11.6118)->(6,18,17.3388)->(7,18,18.6566)->(8,18,19.3388)->(9,18,19.9066)->(10,18,20.4246)->(11,18,20.9246)->(12,18,21.4246)->(13,18,21.9246)->(14,18,22.4246)->(15,18,22.9246)->(16,18,23.4246)->(17,18,23.9246)->(18,18,24.4425)->(19,18,25.0103)->(20,18,25.6925)->(21,18,27.0103)->(22,18,5013.21)->
Agent 35:(24,13,2.28205)->(23,13,3.97832)->(22,13,5.29615)->(21,13,5.97832)->(20,13,6.54615)->(19,13,7.0641)->(18,13,7.5641)->(17,13,8.0641)->(16,13,8.5641)->(15,13,9.0641)->(14,13,9.58205)->(13,13,10.1499)->(12,13,10.8321)->(11,13,12.1499)->(10,13,14.3641)->(10,14,16.6136)->(10,15,18.6136)->(10,16,5009.03)->
Agent 36:(28,21,6.05)->(27,21,11.5142)->(26,21,12.8321)->(25,21,13.5142)->(24,21,14.0821)->(23,21,14.6)->(22,21,15.1)->(21,21,15.6)->(20,21,16.1)->(19,21,16.6)->(18,21,17.1)->(17,21,17.6)->(16,21,18.1)->(15,21,18.6)->(14,21,19.1)->(13,21,19.6)->(12,21,20.1)->(11,21,20.6)->(10,21,21.1179)->(9,21,21.6858)->(8,21,22.3679)->(7,21,23.6858)->(6,21,25.9)->(6,20,28.1495)->(6,19,30.1495)->(6,18,5014.8)->
Agent 37:(11,7,1.8)->(12,7,3.01421)->(13,7,4.33205)->(14,7,5.01421)->(15,7,5.58205)->(16,7,6.1)->(17,7,6.6)->(18,7,7.1)->(19,7,7.6)->(20,7,8.1)->(21,7,8.6)->(22,7,9.1)->(23,7,9.6)->(24,7,10.1)->(25,7,10.6)->(26,7,11.1179)->(27,7,11.6858)->(28,7,12.3679)->(29,7,13.6858)->(30,7,15.9)->(30,8,18.1142)->(30,9,19.4321)->(30,10,20.1142)->(30,11,20.6821)->(30,12,21.2)->(30,13,21.7)->(30,14,22.2179)->(30,15,22.7858)->(30,16,23.4679)->(30,17,24.7858)->(30,18,5012.1)->
Agent 38:(20,11,2.2)->(20,10,3.81421)->(20,9,5.13205)->(20,8,5.82382)->(20,7,6.45949)->(20,6,7.15126)->(20,5,8.4691)->(20,4,10.7742)->(19,4,13.1146)->(18,4,15.1146)->(17,4,5007.28)->
Agent 39:(27,24,1.8)->(28,24,3.01421)->(29,24,4.42843)->(30,24,5.84264)->(31,24,12.4652)->(31,23,19.0878)->(31,22,20.4056)->(31,21,21.0974)->(31,20,21.733)->(31,19,22.4248)->(31,18,23.7426)->(31,17,5011.58)->
Agent 40:(17,22,2.28205)->(17,21,3.97832)->(17,20,5.29615)->(17,19,5.97832)->(17,18,6.54615)->(17,17,7.0641)->(17,16,7.5641)->(17,15,8.0641)->(17,14,8.5641)->(17,13,9.0641)->(17,12,9.5641)->(17,11,10.0641)->(17,10,10.5641)->(17,9,11.0641)->(17,8,11.5641)->(17,7,12.0641)->(17,6,12.5821)->(17,5,13.1499)->(17,4,13.8321)->(17,3,15.1499)->(17,2,17.3641)->(18,2,19.5783)->(19,2,20.8962)->(20,2,21.5783)->(21,2,22.1462)->(22,2,22.6821)->(23,2,23.2499)->(24,2,23.9321)->(25,2,25.2499)->(26,2,5012.33)->
Agent 41:(31,25,2.2)->(31,24,3.81421)->(31,23,5.13205)->(31,22,5.81421)->(31,21,6.38205)->(31,20,6.9)->(31,19,7.4)->(31,18,7.9)->(31,17,8.4)->(31,16,8.9)->(31,15,9.4)->(31,14,9.9)->(31,13,10.4)->(31,12,10.9)->(31,11,11.4)->(31,10,11.9)->(31,9,12.4)->(31,8,12.9)->(31,7,13.4)->(31,6,13.9)->(31,5,14.4)->(31,4,14.9179)->(31,3,15.4858)->(31,2,16.1679)->(31,1,17.4858)->(31,0,19.7)->(30,0,21.9142)->(29,0,23.3284)->(28,0,24.7426)->(27,0,5012.08)->
Agent 42:(30,16,2.43205)->(29,16,4.27832)->(28,16,5.59615)->(27,16,6.27832)->(26,16,6.84615)->(25,16,7.3641)->(24,16,7.8641)->(23,16,8.3641)->(22,16,8.8641)->(21,16,9.3641)->(20,16,9.88205)->(19,16,10.4499)->(18,16,11.1321)->(17,16,12.4499)->(16,16,14.6641)->(16,17,16.8783)->(16,18,18.2122)->(16,19,19.0406)->(16,20,20.3744)->(16,21,5009.89)->
Agent 43:(17,13,1.8)->(16,13,3.01421)->(15,13,4.33205)->(14,13,5.01421)->(13,13,5.58205)->(12,13,6.1)->(11,13,6.61795)->(10,13,7.18579)->(9,13,7.86795)->(8,13,9.18579)->(7,13,11.4)->(7,12,13.6495)->(7,11,15.6495)->(7,10,20.7495)->(7,11,5011.79)->
Agent 44:(1,14,1.3)->(1,15,2.01421)->(1,16,3.33205)->(1,17,4.01421)->(1,18,4.58205)->(1,19,5.1)->(1,20,5.6)->(1,21,6.1)->(1,22,6.6)->(1,23,7.11795)->(1,24,7.68579)->(1,25,8.36795)->(1,26,9.68579)->(1,27,11.9)->(2,27,14.1142)->(3,27,15.4321)->(4,27,16.1142)->(5,27,16.6821)->(6,27,17.2)->(7,27,17.7)->(8,27,18.2)->(9,27,18.7)->(10,27,19.2)->(11,27,19.7)->(12,27,20.2)->(13,27,20.7)->(14,27,21.2)->(15,27,21.7)->(16,27,22.2)->(17,27,22.7)->(18,27,23.2)->(19,27,23.7)->(20,27,24.2)->(21,27,24.7)->(22,27,25.2)->(23,27,25.7)->(24,27,26.2179)->(25,27,26.7858)->(26,27,27.4679)->(27,27,28.7858)->(28,27,31.4142)->(28,28,5015.9)->
Agent 45:(18,27,2.2)->(18,26,3.81421)->(18,25,5.13205)->(18,24,5.81421)->(18,23,6.38205)->(18,22,6.9)->(18,21,7.4)->(18,20,7.9)->(18,19,8.4)->(18,18,8.9)->(18,17,9.4)->(18,16,9.9)->(18,15,10.4)->(18,14,10.9179)->(18,13,11.4858)->(18,12,12.1679)->(18,11,13.4858)->(18,10,5006.45)->
Agent 46:(11,4,1.56795)->(11,5,2.55011)->(11,6,3.86795)->(11,7,4.55011)->(11,8,5.11795)->(11,9,5.6359)->(11,10,6.1359)->(11,11,6.6359)->(11,12,7.1359)->(11,13,7.65385)->(11,14,8.22168)->(11,15,8.90385)->(11,16,10.2217)->(11,17,12.4359)->(10,17,14.6501)->(9,17,15.9679)->(8,17,16.6597)->(7,17,17.2954)->(6,17,17.9872)->(5,17,19.305)->(4,17,5009.36)->
Agent 47:(3,30,2.2)->(3,29,3.81421)->(3,28,5.13205)->(3,27,5.81421)->(3,26,6.38205)->(3,25,6.9)->(3,24,7.4)->(3,23,7.9)->(3,22,8.4)->(3,21,8.9)->(3,20,9.4)->(3,19,9.9)->(3,18,10.4)->(3,17,10.9179)->(3,16,11.4858)->(3,15,12.1679)->(3,14,13.4858)->(3,13,15.7)->(4,13,17.9142)->(5,13,19.2321)->(6,13,19.9142)->(7,13,20.4821)->(8,13,21)->(9,13,21.5)->(10,13,22.0179)->(11,13,22.5858)->(12,13,23.2679)->(13,13,24.5858)->(14,13,27.2142)->(14,14,5013.8)->
Agent 48:(21,5,1.3)->(21,6,2.01421)->(21,7,3.33205)->(21,8,4.0641)->(21,9,4.79615)->(21,10,6.11399)->(21,11,9.79989)->(20,11,13.4858)->(19,11,14.8036)->(18,11,15.4858)->(17,11,16.0536)->(16,11,16.5716)->(15,11,17.0716)->(14,11,17.5716)->(13,11,18.0716)->(12,11,18.5716)->(11,11,19.0716)->(10,11,19.5895)->(9,11,20.1574)->(8,11,20.8395)->(7,11,22.1574)->(6,11,5010.79)->
Agent 49:(9,9,1.3)->(9,10,2.01421)->(9,11,3.33205)->(9,12,4.02382)->(9,13,4.65949)->(9,14,5.35126)->(9,15,6.6691)->(9,16,9.29753)->(8,16,16.6417)->(9,16,5010.39)->
