Agent 0:(15,2,1.8)->(16,2,3.01421)->(17,2,4.33205)->(18,2,5.01421)->(19,2,5.58205)->(20,2,6.1)->(21,2,6.61795)->(22,2,7.18579)->(23,2,7.86795)->(24,2,9.18579)->(25,2,11.4)->(25,3,14.2)->(25,4,5007.1)->
Agent 1:(10,12,1.8)->(11,12,3.01421)->(12,12,4.33205)->(13,12,5.01421)->(14,12,5.58205)->(15,12,6.1)->(16,12,6.6)->(17,12,7.1)->(18,12,7.6)->(19,12,8.1)->(20,12,8.6)->(21,12,9.1)->(22,12,9.6)->(23,12,10.1)->(24,12,10.6)->(25,12,11.1)->(26,12,11.6)->(27,12,12.1179)->(28,12,12.6858)->(29,12,13.3679)->(30,12,14.6858)->(31,12,16.9)->(31,13,19.1495)->(31,14,21.1495)->(31,15,5010.3)->
Agent 2:(30,17,2.2)->(30,16,3.84949)->(30,15,5.84949)->(30,14,8.89575)->(29,14,11.9067)->(28,14,13.2246)->(27,14,13.9067)->(26,14,14.4746)->(25,14,14.9925)->(24,14,15.4925)->(23,14,16.0105)->(22,14,16.5783)->(21,14,17.2605)->(20,14,18.5783)->(19,14,5009)->
Agent 3:(14,28,1.8)->(13,28,3.6)->(12,28,6.4)->(12,29,9.2)->(12,30,5004.6)->
Agent 4:(13,0,1.81795)->(13,1,3.05011)->(13,2,4.36795)->(13,3,5.05011)->(13,4,5.61795)->(13,5,6.1359)->(13,6,6.6359)->(13,7,7.1359)->(13,8,7.6359)->(13,9,8.1359)->(13,10,8.6359)->(13,11,9.1359)->(13,12,9.6359)->(13,13,10.1359)->(13,14,10.6359)->(13,15,11.1359)->(13,16,11.6359)->(13,17,12.1359)->(13,18,12.6359)->(13,19,13.1359)->(13,20,13.6359)->(13,21,14.1359)->(13,22,14.6359)->(13,23,15.1359)->(13,24,15.6359)->(13,25,16.1538)->(13,26,16.7217)->(13,27,17.4038)->(13,28,18.7217)->(13,29,20.9359)->(14,29,23.1501)->(15,29,24.4679)->(16,29,25.1501)->(17,29,25.7179)->(18,29,26.2359)->(19,29,26.7359)->(20,29,27.2359)->(21,29,27.7359)->(22,29,28.2538)->(23,29,28.8217)->(24,29,29.5038)->(25,29,30.8217)->(26,29,5015.12)->
Agent 5:(10,23,1.3)->(10,24,2.04949)->(10,25,4.04949)->(10,26,6.69898)->(10,25,9.31319)->(10,24,10.631)->(10,23,11.3132)->(10,22,11.881)->(10,21,12.399)->(10,20,12.899)->(10,19,13.399)->(10,18,13.899)->(10,17,14.399)->(10,16,14.899)->(10,15,15.399)->(10,14,15.899)->(10,13,16.399)->(10,12,16.899)->(10,11,17.399)->(10,10,17.899)->(10,9,18.399)->(10,8,18.9169)->(10,7,19.4848)->(10,6,20.1669)->(10,5,21.4848)->(10,4,23.699)->(9,4,25.9132)->(8,4,27.231)->(7,4,27.9132)->(6,4,28.499)->(5,4,29.0848)->(4,4,29.7669)->(3,4,31.0848)->(2,4,5015.25)->
Agent 6:(15,4,3.06795)->(14,4,5.55011)->(13,4,6.96433)->(12,4,8.37854)->(11,4,11.6165)->(11,5,14.8544)->(11,6,16.1722)->(11,7,16.8544)->(11,8,17.4222)->(11,9,17.9402)->(11,10,18.4402)->(11,11,18.9402)->(11,12,19.4581)->(11,13,20.026)->(11,14,20.7081)->(11,15,22.026)->(11,16,5010.72)->
Agent 7:(11,23,2.4142)->(10,23,4.24261)->(9,23,5.56045)->(8,23,6.2925)->(7,23,7.02455)->(6,23,8.34239)->(5,23,10.7283)->(5,22,13.1142)->(5,21,14.4321)->(5,20,15.1142)->(5,19,15.7)->(5,18,16.2858)->(5,17,16.9679)->(5,16,18.2858)->(5,15,20.9142)->(4,15,5010.65)->
Agent 8:(3,13,2.2)->(3,12,3.84949)->(3,11,5.84949)->(3,10,9.07974)->(4,10,12.2747)->(5,10,13.6086)->(6,10,14.437)->(7,10,15.7708)->(8,10,5007.59)->
Agent 9:(0,27,2.2)->(0,26,3.81421)->(0,25,5.22843)->(0,24,6.64264)->(0,23,5003.03)->
Agent 10:(29,22,2.99626)->(29,21,5.40674)->(29,20,6.72458)->(29,19,7.40674)->(29,18,7.97458)->(29,17,8.49253)->(29,16,8.99253)->(29,15,9.49253)->(29,14,9.99253)->(29,13,10.4925)->(29,12,10.9925)->(29,11,11.4925)->(29,10,11.9925)->(29,9,12.4925)->(29,8,12.9925)->(29,7,13.4925)->(29,6,14.0105)->(29,5,14.5783)->(29,4,15.2605)->(29,3,16.5783)->(29,2,18.7925)->(28,2,21.0067)->(27,2,22.3246)->(26,2,23.0067)->(25,2,23.5746)->(24,2,24.0925)->(23,2,24.5925)->(22,2,25.0925)->(21,2,25.5925)->(20,2,26.0925)->(19,2,26.5925)->(18,2,27.0925)->(17,2,27.5925)->(16,2,28.0925)->(15,2,28.5925)->(14,2,29.0925)->(13,2,29.5925)->(12,2,30.0925)->(11,2,30.5925)->(10,2,31.0925)->(9,2,31.5925)->(8,2,32.0925)->(7,2,32.6105)->(6,2,33.1783)->(5,2,33.8605)->(4,2,35.1783)->(3,2,37.8067)->(3,3,5019.1)->
Agent 11:(5,31,2.2)->(5,30,3.81421)->(5,29,5.14806)->(5,28,5.97649)->(5,27,7.31034)->(5,26,9.93877)->(4,26,5005.16)->
Agent 12:(23,22,1.71421)->(23,23,3.81421)->(22,23,6.44264)->(21,23,7.76048)->(20,23,8.44264)->(19,23,9.01048)->(18,23,9.52843)->(17,23,10.0284)->(16,23,10.5284)->(15,23,11.0284)->(14,23,11.5284)->(13,23,12.0284)->(12,23,12.5284)->(11,23,13.0284)->(10,23,13.5284)->(9,23,14.0284)->(8,23,14.5284)->(7,23,15.0284)->(6,23,15.5464)->(5,23,16.1142)->(4,23,16.7964)->(3,23,18.1142)->(2,23,5008.76)->
Agent 13:(31,9,2.2)->(31,8,3.81421)->(31,7,5.13205)->(31,6,5.8641)->(31,5,6.59615)->(31,4,7.91399)->(31,3,10.5141)->(30,3,13.1142)->(29,3,14.4321)->(28,3,15.1142)->(27,3,15.6821)->(26,3,16.2)->(25,3,16.7)->(24,3,17.2)->(23,3,17.7)->(22,3,18.2)->(21,3,18.7)->(20,3,19.2)->(19,3,19.7)->(18,3,20.2)->(17,3,20.7)->(16,3,21.2)->(15,3,21.7)->(14,3,22.2)->(13,3,22.7)->(12,3,23.2)->(11,3,23.7)->(10,3,24.2179)->(9,3,24.7858)->(8,3,25.4679)->(7,3,26.7858)->(6,3,29.4142)->(6,4,5014.9)->
Agent 14:(20,6,1.46421)->(20,7,2.34264)->(20,8,3.66048)->(20,9,4.34264)->(20,10,4.91048)->(20,11,5.44638)->(20,12,6.01421)->(20,13,6.69638)->(20,14,8.01421)->(20,15,10.2284)->(19,15,12.4426)->(18,15,13.7605)->(17,15,14.4426)->(16,15,15.0105)->(15,15,15.5284)->(14,15,16.0284)->(13,15,16.5284)->(12,15,17.0284)->(11,15,17.5284)->(10,15,18.0464)->(9,15,18.6142)->(8,15,19.2964)->(7,15,20.6142)->(6,15,23.2426)->(6,16,5011.81)->
Agent 15:(25,14,1.8)->(24,14,3.01421)->(23,14,4.33205)->(22,14,5.01421)->(21,14,5.58205)->(20,14,6.1)->(19,14,6.6)->(18,14,7.1)->(17,14,7.6)->(16,14,8.1)->(15,14,8.6)->(14,14,9.1)->(13,14,9.6)->(12,14,10.1)->(11,14,10.6)->(10,14,11.1)->(9,14,11.6179)->(8,14,12.1858)->(7,14,12.8679)->(6,14,14.1858)->(5,14,17.5641)->(5,13,20.9424)->(5,12,22.2603)->(5,11,22.9424)->(5,10,23.5103)->(5,9,24.0462)->(5,8,24.614)->(5,7,25.2962)->(5,6,26.614)->(5,5,5013.01)->
Agent 16:(9,17,2.21421)->(10,17,4.81421)->(10,16,7.44264)->(10,15,8.76048)->(10,14,9.45225)->(10,13,10.0879)->(10,12,10.7797)->(10,11,12.0975)->(10,10,14.3117)->(11,10,16.526)->(12,10,17.8438)->(13,10,18.526)->(14,10,19.0938)->(15,10,19.6117)->(16,10,20.1297)->(17,10,20.6975)->(18,10,21.3797)->(19,10,22.6975)->(20,10,5011.06)->
Agent 17:(21,20,2.21421)->(20,20,12.4179)->(20,21,22.6501)->(20,22,23.9679)->(20,23,24.6501)->(20,24,25.2179)->(20,25,25.7538)->(20,26,26.3217)->(20,27,27.0038)->(20,28,28.3217)->(20,29,5013.87)->
Agent 18:(4,17,1.8)->(5,17,3.04949)->(6,17,5.04949)->(7,17,7.29898)->(7,18,9.51319)->(7,19,10.831)->(7,20,11.5132)->(7,21,12.081)->(7,22,12.599)->(7,23,13.1169)->(7,24,13.6848)->(7,25,14.3669)->(7,26,15.6848)->(7,27,17.899)->(8,27,20.1132)->(9,27,21.431)->(10,27,22.1132)->(11,27,22.681)->(12,27,23.199)->(13,27,23.699)->(14,27,24.199)->(15,27,24.7169)->(16,27,25.2848)->(17,27,25.9669)->(18,27,27.2848)->(19,27,5013.35)->
Agent 19:(20,22,6.06795)->(19,22,11.5501)->(18,22,12.8679)->(17,22,13.5501)->(16,22,14.1179)->(15,22,14.6359)->(14,22,15.1538)->(13,22,15.7217)->(12,22,16.4038)->(11,22,17.7217)->(10,22,20.4038)->(10,23,23.086)->(10,24,24.4038)->(10,25,25.1359)->(10,26,25.8679)->(10,27,27.1858)->(10,28,5013.3)->
Agent 20:(0,20,2.2)->(0,19,3.81421)->(0,18,5.13205)->(0,17,5.81421)->(0,16,6.38205)->(0,15,6.91795)->(0,14,7.48579)->(0,13,8.16795)->(0,12,9.48579)->(0,11,14.0765)->(1,11,18.6672)->(2,11,19.985)->(3,11,20.6672)->(4,11,21.235)->(5,11,21.753)->(6,11,22.253)->(7,11,22.753)->(8,11,23.253)->(9,11,23.753)->(10,11,24.253)->(11,11,24.753)->(12,11,25.253)->(13,11,25.753)->(14,11,26.253)->(15,11,26.7709)->(16,11,27.3388)->(17,11,28.0209)->(18,11,29.3388)->(19,11,5014.38)->
Agent 21:(15,28,2.2)->(15,27,3.81421)->(15,26,5.13205)->(15,25,5.81421)->(15,24,6.38205)->(15,23,6.9)->(15,22,7.4)->(15,21,7.9)->(15,20,8.41795)->(15,19,8.98579)->(15,18,9.66795)->(15,17,10.9858)->(15,16,13.8)->(15,17,16.6495)->(15,18,18.6495)->(15,19,20.899)->(14,19,23.1132)->(13,19,24.431)->(12,19,25.1631)->(11,19,25.8951)->(10,19,27.213)->(9,19,5013.31)->
Agent 22:(30,12,5.01421)->(30,11,9.44264)->(30,10,10.7605)->(30,9,11.4426)->(30,8,12.0105)->(30,7,12.5464)->(30,6,13.1142)->(30,5,13.7964)->(30,4,15.1142)->(30,3,17.3284)->(29,3,19.5426)->(28,3,20.8605)->(27,3,21.5426)->(26,3,22.1105)->(25,3,22.6284)->(24,3,23.1284)->(23,3,23.6284)->(22,3,24.1464)->(21,3,24.7142)->(20,3,25.3964)->(19,3,26.7142)->(18,3,5013.06)->
Agent 23:(14,31,2.3)->(14,30,4.01421)->(14,29,5.33205)->(14,28,6.01421)->(14,27,6.58205)->(14,26,7.1)->(14,25,7.6)->(14,24,8.1)->(14,23,8.6)->(14,22,9.1)->(14,21,9.6)->(14,20,10.1179)->(14,19,10.6858)->(14,18,11.3679)->(14,17,12.6858)->(14,16,19.9106)->(15,16,27.1354)->(16,16,28.4532)->(17,16,29.1354)->(18,16,29.7032)->(19,16,30.2212)->(20,16,30.7212)->(21,16,31.2212)->(22,16,31.7391)->(23,16,32.3069)->(24,16,32.9891)->(25,16,34.3069)->(26,16,5016.86)->
Agent 24:(12,15,1.3)->(12,16,2.6)->(12,17,5.94626)->(11,17,8.70674)->(10,17,10.0246)->(9,17,10.7067)->(8,17,11.2746)->(7,17,11.7925)->(6,17,12.3105)->(5,17,12.8783)->(4,17,13.5605)->(3,17,14.8783)->(2,17,5007.15)->
Agent 25:(31,14,1.3)->(31,15,2.01421)->(31,16,3.34806)->(31,17,4.17649)->(31,18,5.51034)->(31,19,7.72456)->(30,19,9.93877)->(29,19,11.2566)->(28,19,11.9388)->(27,19,12.5066)->(26,19,13.0425)->(25,19,13.6103)->(24,19,14.2925)->(23,19,15.6103)->(22,19,5007.51)->
Agent 26:(26,14,1.3)->(26,15,2.01421)->(26,16,3.33205)->(26,17,4.01421)->(26,18,4.58205)->(26,19,5.1)->(26,20,5.6)->(26,21,6.1)->(26,22,6.6)->(26,23,7.1)->(26,24,7.6)->(26,25,8.11795)->(26,26,8.68579)->(26,27,9.36795)->(26,28,10.6858)->(26,29,15.0142)->(26,28,19.3426)->(26,27,20.6605)->(26,26,21.3426)->(26,25,21.9105)->(26,24,22.4284)->(26,23,22.9284)->(26,22,23.4284)->(26,21,23.9284)->(26,20,24.4284)->(26,19,24.9284)->(26,18,25.4284)->(26,17,25.9463)->(26,16,26.5142)->(26,15,27.1963)->(26,14,28.5142)->(26,13,31.1426)->(27,13,5015.76)->
Agent 27:(3,29,3.48205)->(3,28,6.37832)->(3,27,7.69615)->(3,26,8.37832)->(3,25,8.94615)->(3,24,9.4641)->(3,23,9.9641)->(3,22,10.4641)->(3,21,10.9641)->(3,20,11.4641)->(3,19,11.9641)->(3,18,12.4641)->(3,17,12.9641)->(3,16,13.4641)->(3,15,13.9641)->(3,14,14.4641)->(3,13,14.9641)->(3,12,15.4641)->(3,11,15.9641)->(3,10,16.4641)->(3,9,16.9821)->(3,8,17.5499)->(3,7,18.2321)->(3,6,19.5499)->(3,5,21.7641)->(4,5,23.9783)->(5,5,25.2962)->(6,5,25.9783)->(7,5,26.5462)->(8,5,27.0641)->(9,5,27.5641)->(10,5,28.0641)->(11,5,28.5641)->(12,5,29.0641)->(13,5,29.5641)->(14,5,30.0641)->(15,5,30.5641)->(16,5,31.0641)->(17,5,31.5641)->(18,5,32.0641)->(19,5,32.5641)->(20,5,33.0641)->(21,5,33.5821)->(22,5,34.1499)->(23,5,34.8321)->(24,5,36.1499)->(25,5,5017.78)->
Agent 28:(8,31,2.39626)->(8,30,4.20674)->(8,29,5.52458)->(8,28,6.20674)->(8,27,6.77458)->(8,26,7.29253)->(8,25,7.79253)->(8,24,8.29253)->(8,23,8.79253)->(8,22,9.29253)->(8,21,9.81048)->(8,20,10.3783)->(8,19,11.0605)->(8,18,12.3783)->(8,17,14.6284)->(9,17,16.8785)->(10,17,18.1963)->(11,17,18.8785)->(12,17,19.4463)->(13,17,19.9643)->(14,17,20.4643)->(15,17,20.9643)->(16,17,21.4643)->(17,17,21.9643)->(18,17,22.4643)->(19,17,22.9643)->(20,17,23.4643)->(21,17,23.9643)->(22,17,24.4822)->(23,17,25.0501)->(24,17,25.7322)->(25,17,27.0501)->(26,17,29.6785)->(26,16,32.3069)->(26,15,33.6248)->(26,14,34.3165)->(26,13,34.9522)->(26,12,35.644)->(26,11,36.9618)->(26,10,39.176)->(27,10,41.976)->(28,10,5020.99)->
Agent 29:(26,13,2.4142)->(26,14,4.24261)->(26,15,5.56045)->(26,16,6.24261)->(26,17,6.81045)->(26,18,7.3284)->(26,19,7.8284)->(26,20,8.3284)->(26,21,8.8284)->(26,22,9.3284)->(26,23,9.8284)->(26,24,10.3463)->(26,25,10.9142)->(26,26,11.5963)->(26,27,12.9142)->(26,28,15.1284)->(25,28,17.3426)->(24,28,18.6605)->(23,28,19.3426)->(22,28,19.9105)->(21,28,20.4284)->(20,28,20.9284)->(19,28,21.4284)->(18,28,21.9284)->(17,28,22.4284)->(16,28,22.9284)->(15,28,23.4284)->(14,28,23.9284)->(13,28,24.4284)->(12,28,24.9284)->(11,28,25.4463)->(10,28,26.0142)->(9,28,26.6963)->(8,28,28.0142)->(7,28,30.6426)->(7,29,5015.51)->
Agent 30:(24,27,2.2)->(24,26,3.81421)->(24,25,5.13205)->(24,24,5.81421)->(24,23,6.38205)->(24,22,6.9)->(24,21,7.4)->(24,20,7.9)->(24,19,8.4)->(24,18,8.9)->(24,17,9.4)->(24,16,9.9)->(24,15,10.4)->(24,14,10.9179)->(24,13,11.4858)->(24,12,12.1679)->(24,11,13.4858)->(24,10,15.7)->(23,10,17.9495)->(22,10,19.9495)->(21,10,5009.7)->
Agent 31:(9,0,1.64626)->(9,1,2.70674)->(9,2,4.02458)->(9,3,4.70674)->(9,4,5.27458)->(9,5,5.79253)->(9,6,6.29253)->(9,7,6.79253)->(9,8,7.29253)->(9,9,7.79253)->(9,10,8.29253)->(9,11,8.79253)->(9,12,9.29253)->(9,13,9.79253)->(9,14,10.2925)->(9,15,10.7925)->(9,16,11.2925)->(9,17,11.8105)->(9,18,12.3783)->(9,19,13.0605)->(9,20,14.3783)->(9,21,16.5925)->(8,21,18.8067)->(7,21,20.1246)->(6,21,20.8067)->(5,21,21.3925)->(4,21,21.9783)->(3,21,22.6605)->(2,21,23.9783)->(1,21,5011.7)->
Agent 32:(11,20,2.31795)->(11,21,4.05011)->(11,22,5.36795)->(11,23,6.1)->(11,24,6.83205)->(11,25,8.14989)->(11,26,10.3641)->(12,26,12.5783)->(13,26,13.9925)->(14,26,15.4067)->(15,26,5007.41)->
Agent 33:(30,19,2.2)->(30,18,3.84949)->(30,17,5.84949)->(30,16,8.39575)->(29,16,10.9067)->(28,16,12.2246)->(27,16,12.9067)->(26,16,13.4746)->(25,16,13.9925)->(24,16,14.4925)->(23,16,15.0105)->(22,16,15.5783)->(21,16,16.2605)->(20,16,17.5783)->(19,16,20.2067)->(19,15,27.0711)->(19,16,5015.36)->
Agent 34:(5,8,1.8)->(6,8,3.04949)->(7,8,5.04949)->(8,8,9.10997)->(8,9,13.1352)->(8,10,14.453)->(8,11,15.1352)->(8,12,15.703)->(8,13,16.221)->(8,14,16.721)->(8,15,17.221)->(8,16,17.721)->(8,17,18.2389)->(8,18,18.8067)->(8,19,19.4889)->(8,20,20.8067)->(8,21,5010.11)->
Agent 35:(17,3,2.31795)->(17,4,4.05011)->(17,5,5.36795)->(17,6,6.05011)->(17,7,6.61795)->(17,8,7.1359)->(17,9,7.6359)->(17,10,8.1359)->(17,11,8.6359)->(17,12,9.1359)->(17,13,9.6359)->(17,14,10.1359)->(17,15,10.6359)->(17,16,11.1359)->(17,17,11.6359)->(17,18,12.1538)->(17,19,12.7217)->(17,20,13.4038)->(17,21,14.7217)->(17,22,17.0321)->(18,22,19.3426)->(19,22,20.6605)->(20,22,21.3426)->(21,22,21.9105)->(22,22,22.4284)->(23,22,22.9284)->(24,22,23.4284)->(25,22,23.9284)->(26,22,24.4463)->(27,22,25.0142)->(28,22,25.6963)->(29,22,27.0142)->(30,22,5013.21)->
Agent 36:(4,20,2.2)->(4,19,3.81421)->(4,18,5.13205)->(4,17,5.81421)->(4,16,6.38205)->(4,15,6.91795)->(4,14,7.48579)->(4,13,8.16795)->(4,12,9.48579)->(4,11,11.7)->(5,11,13.9142)->(6,11,15.2481)->(7,11,16.0765)->(8,11,17.4103)->(9,11,20.0388)->(9,10,5010.21)->
Agent 37:(29,8,2.2)->(29,7,3.81421)->(29,6,5.13205)->(29,5,5.82382)->(29,4,6.45949)->(29,3,7.15126)->(29,2,8.4691)->(29,1,11.0975)->(28,1,5005.74)->
Agent 38:(16,19,1.3)->(16,20,2.04949)->(16,21,4.04949)->(16,22,7.81744)->(15,22,11.5501)->(14,22,12.8679)->(13,22,13.5501)->(12,22,14.1179)->(11,22,14.6538)->(10,22,15.2217)->(9,22,15.9038)->(8,22,17.2217)->(7,22,5008.32)->
Agent 39:(31,30,1.8)->(30,30,3.01421)->(29,30,4.33205)->(28,30,5.0641)->(27,30,5.79615)->(26,30,7.11399)->(25,30,5003.26)->
Agent 40:(27,17,2.2)->(27,16,3.81421)->(27,15,5.13205)->(27,14,5.81421)->(27,13,6.38205)->(27,12,6.9)->(27,11,7.4)->(27,10,7.91795)->(27,9,8.48579)->(27,8,9.16795)->(27,7,10.4858)->(27,6,12.7)->(26,6,14.9142)->(25,6,16.2321)->(24,6,16.9142)->(23,6,17.4821)->(22,6,18)->(21,6,18.5179)->(20,6,19.0858)->(19,6,19.7679)->(18,6,21.0858)->(17,6,5010.25)->
Agent 41:(15,0,1.81795)->(14,0,3.05011)->(13,0,4.36795)->(12,0,5.05011)->(11,0,5.61795)->(10,0,6.1359)->(9,0,6.6359)->(8,0,7.1359)->(7,0,7.6359)->(6,0,8.15385)->(5,0,8.72168)->(4,0,9.40385)->(3,0,10.7217)->(2,0,12.9359)->(2,1,15.1501)->(2,2,16.4679)->(2,3,17.1501)->(2,4,17.7179)->(2,5,18.2359)->(2,6,18.7538)->(2,7,19.3217)->(2,8,20.0038)->(2,9,21.3217)->(2,10,5010.37)->
Agent 42:(28,19,2.2)->(28,18,3.81421)->(28,17,5.13205)->(28,16,5.81421)->(28,15,6.38205)->(28,14,6.9)->(28,13,7.41795)->(28,12,7.98579)->(28,11,8.66795)->(28,10,9.98579)->(28,9,12.2)->(27,9,14.4142)->(26,9,15.7321)->(25,9,16.4142)->(24,9,16.9821)->(23,9,17.5)->(22,9,18)->(21,9,18.5)->(20,9,19)->(19,9,19.5)->(18,9,20)->(17,9,20.5)->(16,9,21)->(15,9,21.5)->(14,9,22)->(13,9,22.5)->(12,9,23)->(11,9,23.5)->(10,9,24)->(9,9,24.5)->(8,9,25.0179)->(7,9,25.5858)->(6,9,26.2679)->(5,9,27.5858)->(4,9,5013.5)->
Agent 43:(1,19,2.2)->(1,18,3.81421)->(1,17,5.13205)->(1,16,5.81421)->(1,15,6.38205)->(1,14,6.9)->(1,13,7.4)->(1,12,7.91795)->(1,11,8.48579)->(1,10,9.16795)->(1,9,10.4858)->(1,8,12.7)->(2,8,14.9142)->(3,8,16.2321)->(4,8,16.9142)->(5,8,17.5)->(6,8,18.0858)->(7,8,18.7679)->(8,8,20.0858)->(9,8,23.6642)->(9,9,5012.5)->
Agent 44:(7,24,1.8)->(8,24,3.01421)->(9,24,4.33205)->(10,24,5.01421)->(11,24,5.58205)->(12,24,6.1)->(13,24,6.6)->(14,24,7.1)->(15,24,7.6)->(16,24,8.1)->(17,24,8.6)->(18,24,9.1)->(19,24,9.61795)->(20,24,10.1858)->(21,24,10.8679)->(22,24,12.1858)->(23,24,14.4)->(23,23,16.6142)->(23,22,17.9321)->(23,21,18.6142)->(23,20,19.1821)->(23,19,19.7)->(23,18,20.2)->(23,17,20.7)->(23,16,21.2)->(23,15,21.7179)->(23,14,22.2858)->(23,13,22.9679)->(23,12,24.2858)->(23,11,5011.85)->
Agent 45:(19,21,2.3)->(19,20,4.01421)->(19,19,5.33205)->(19,18,6.01421)->(19,17,6.58205)->(19,16,7.1)->(19,15,7.6)->(19,14,8.1)->(19,13,8.6)->(19,12,9.1)->(19,11,9.6)->(19,10,10.1)->(19,9,10.6)->(19,8,11.1)->(19,7,11.6)->(19,6,12.1)->(19,5,12.6)->(19,4,13.1179)->(19,3,13.6858)->(19,2,14.3679)->(19,1,15.6858)->(19,0,17.9)->(18,0,20.1142)->(17,0,21.4321)->(16,0,22.1142)->(15,0,22.6821)->(14,0,23.2)->(13,0,23.7)->(12,0,24.2)->(11,0,24.7)->(10,0,25.2179)->(9,0,25.7858)->(8,0,26.4679)->(7,0,27.7858)->(6,0,5013.6)->
Agent 46:(5,9,1.3)->(5,10,2.01421)->(5,11,3.33205)->(5,12,4.01421)->(5,13,4.58205)->(5,14,5.1)->(5,15,5.6)->(5,16,6.11795)->(5,17,6.68579)->(5,18,7.36795)->(5,19,8.68579)->(5,20,11.3142)->(4,20,18.5463)->(4,21,5011.28)->
Agent 47:(25,6,1.3)->(25,7,2.01421)->(25,8,3.33205)->(25,9,4.01421)->(25,10,4.58205)->(25,11,5.1)->(25,12,5.6)->(25,13,6.1)->(25,14,6.6)->(25,15,7.1)->(25,16,7.6)->(25,17,8.1)->(25,18,8.6)->(25,19,9.1)->(25,20,9.61795)->(25,21,10.1858)->(25,22,10.8679)->(25,23,12.1858)->(25,24,14.8679)->(24,24,17.5501)->(23,24,18.8679)->(22,24,19.5501)->(21,24,20.1179)->(20,24,20.6359)->(19,24,21.1359)->(18,24,21.6359)->(17,24,22.1359)->(16,24,22.6359)->(15,24,23.1359)->(14,24,23.6359)->(13,24,24.1359)->(12,24,24.6359)->(11,24,25.1359)->(10,24,25.6359)->(9,24,26.1359)->(8,24,26.6359)->(7,24,27.1359)->(6,24,27.6359)->(5,24,28.1359)->(4,24,28.6538)->(3,24,29.2217)->(2,24,29.9038)->(1,24,31.2217)->(0,24,5015.32)->
Agent 48:(15,31,2.55)->(15,30,4.51421)->(15,29,5.83205)->(15,28,6.51421)->(15,27,7.08205)->(15,26,7.6)->(15,25,8.1)->(15,24,8.6)->(15,23,9.1)->(15,22,9.61795)->(15,21,10.1858)->(15,20,10.8679)->(15,19,12.1858)->(15,18,14.4)->(16,18,16.6142)->(17,18,17.9321)->(18,18,18.6238)->(19,18,19.2595)->(20,18,19.9513)->(21,18,21.2691)->(22,18,5010.34)->
Agent 49:(3,6,1.8)->(2,6,3.6)->(1,6,11.4284)->(1,7,18.6711)->(1,8,20.0049)->(1,9,20.8333)->(1,10,22.1672)->(1,11,5010.79)->
