Agent 0:(15,27,1.3)->(15,28,2.6)->(15,29,5.8)->(15,28,8.41421)->(15,27,9.73205)->(15,26,10.4142)->(15,25,10.9821)->(15,24,11.5)->(15,23,12)->(15,22,12.5)->(15,21,13)->(15,20,13.5)->(15,19,14)->(15,18,14.5)->(15,17,15)->(15,16,15.5)->(15,15,16)->(15,14,16.5)->(15,13,17)->(15,12,17.5179)->(15,11,18.0858)->(15,10,18.7679)->(15,9,20.0858)->(15,8,22.3)->(14,8,24.5142)->(13,8,25.8321)->(12,8,26.5142)->(11,8,27.0821)->(10,8,27.6179)->(9,8,28.1858)->(8,8,28.8679)->(7,8,30.1858)->(6,8,5014.8)->
Agent 1:(31,19,1.3)->(31,20,2.01421)->(31,21,3.33205)->(31,22,4.01421)->(31,23,4.58205)->(31,24,5.11795)->(31,25,5.68579)->(31,26,6.36795)->(31,27,7.68579)->(31,28,9.9)->(30,28,12.1142)->(29,28,13.4321)->(28,28,14.1142)->(27,28,14.6821)->(26,28,15.2)->(25,28,15.7)->(24,28,16.2)->(23,28,16.7)->(22,28,17.2)->(21,28,17.7)->(20,28,18.2)->(19,28,18.7)->(18,28,19.2)->(17,28,19.7)->(16,28,20.2)->(15,28,20.7)->(14,28,21.2)->(13,28,21.7)->(12,28,22.2)->(11,28,22.7)->(10,28,23.2)->(9,28,23.7)->(8,28,24.2)->(7,28,24.7)->(6,28,25.2)->(5,28,25.7)->(4,28,26.2179)->(3,28,26.7858)->(2,28,27.4679)->(1,28,28.7858)->(0,28,31)->(0,27,33.2142)->(0,26,34.5321)->(0,25,35.2641)->(0,24,35.9962)->(0,23,37.314)->(0,22,5018.36)->
Agent 2:(2,19,2.61421)->(2,18,6.02843)->(1,18,5003.41)->
Agent 3:(29,27,1.4142)->(29,28,2.8284)->(29,29,6.0284)->(29,28,8.64261)->(29,27,9.97646)->(29,26,10.8049)->(29,25,12.1387)->(29,24,15.2407)->(28,24,18.3426)->(27,24,19.6605)->(26,24,20.3925)->(25,24,21.1246)->(24,24,22.4424)->(23,24,5010.93)->
Agent 4:(31,11,1.8)->(30,11,3.01421)->(29,11,4.33205)->(28,11,5.02382)->(27,11,5.65949)->(26,11,6.35126)->(25,11,7.6691)->(24,11,10.4559)->(24,10,13.8284)->(24,9,17.0426)->(23,9,5008.71)->
Agent 5:(4,5,2.7)->(5,5,4.81421)->(6,5,6.13205)->(7,5,6.81421)->(8,5,7.38205)->(9,5,7.9)->(10,5,8.41795)->(11,5,8.98579)->(12,5,9.66795)->(13,5,10.9858)->(14,5,18.4)->(14,4,26.4)->(14,3,5013.2)->
Agent 6:(21,1,1.3)->(21,2,2.01421)->(21,3,3.33205)->(21,4,4.01421)->(21,5,4.58205)->(21,6,5.11795)->(21,7,5.68579)->(21,8,6.36795)->(21,9,7.68579)->(21,10,13.15)->(22,10,18.6142)->(23,10,19.9481)->(24,10,20.7765)->(25,10,22.1103)->(26,10,5010.76)->
Agent 7:(24,11,2.2)->(24,10,4.4)->(24,9,9.1142)->(25,9,13.2426)->(26,9,14.5605)->(27,9,15.2522)->(28,9,15.8879)->(29,9,16.5797)->(30,9,17.8975)->(31,9,5008.66)->
Agent 8:(19,8,4.7001)->(20,8,8.81441)->(21,8,10.1322)->(22,8,10.8643)->(23,8,11.5963)->(24,8,12.9142)->(25,8,15.2019)->(25,7,17.4897)->(25,6,18.8235)->(25,5,19.6519)->(25,4,20.9858)->(25,3,5010.2)->
Agent 9:(20,5,1.3)->(20,6,2.01421)->(20,7,3.34806)->(20,8,4.17649)->(20,9,5.51034)->(20,10,7.72456)->(19,10,10.5246)->(18,10,13.6907)->(18,11,16.2711)->(18,12,17.5889)->(18,13,18.2711)->(18,14,18.8389)->(18,15,19.3569)->(18,16,19.8569)->(18,17,20.3748)->(18,18,20.9426)->(18,19,21.6248)->(18,20,22.9426)->(18,21,5011.18)->
Agent 10:(31,25,2.5)->(30,25,4.41421)->(29,25,5.73205)->(28,25,6.41421)->(27,25,6.98205)->(26,25,7.5)->(25,25,8)->(24,25,8.5)->(23,25,9)->(22,25,9.5)->(21,25,10)->(20,25,10.5)->(19,25,11)->(18,25,11.5)->(17,25,12)->(16,25,12.5)->(15,25,13)->(14,25,13.5)->(13,25,14)->(12,25,14.5)->(11,25,15)->(10,25,15.5)->(9,25,16.0179)->(8,25,16.5858)->(7,25,17.2679)->(6,25,18.5858)->(5,25,20.8)->(5,24,23.0142)->(5,23,24.3321)->(5,22,25.0142)->(5,21,25.5821)->(5,20,26.1)->(5,19,26.6)->(5,18,27.1)->(5,17,27.6)->(5,16,28.1)->(5,15,28.6)->(5,14,29.1)->(5,13,29.6)->(5,12,30.1)->(5,11,30.6)->(5,10,31.1)->(5,9,31.6179)->(5,8,32.1858)->(5,7,32.8679)->(5,6,34.1858)->(5,5,5016.8)->
Agent 11:(21,25,1.3)->(21,26,2.01421)->(21,27,3.33205)->(21,28,4.0641)->(21,29,4.79615)->(21,30,6.11399)->(21,31,8.3282)->(22,31,10.5424)->(23,31,11.8603)->(24,31,12.552)->(25,31,13.1877)->(26,31,13.8795)->(27,31,15.1973)->(28,31,5007.31)->
Agent 12:(29,29,1.3)->(29,30,2.6)->(29,31,9.2642)->(29,30,15.3426)->(29,29,16.6605)->(29,28,17.3426)->(29,27,17.9105)->(29,26,18.4284)->(29,25,18.9284)->(29,24,19.4284)->(29,23,19.9284)->(29,22,20.4284)->(29,21,20.9284)->(29,20,21.4284)->(29,19,21.9284)->(29,18,22.4284)->(29,17,22.9284)->(29,16,23.4284)->(29,15,23.9284)->(29,14,24.4284)->(29,13,24.9284)->(29,12,25.4284)->(29,11,25.9463)->(29,10,26.5142)->(29,9,27.1963)->(29,8,28.5142)->(29,7,30.7284)->(28,7,32.9426)->(27,7,34.2605)->(26,7,34.9426)->(25,7,35.5105)->(24,7,36.0284)->(23,7,36.5284)->(22,7,37.0284)->(21,7,37.5463)->(20,7,38.1142)->(19,7,38.7963)->(18,7,40.1142)->(17,7,5019.76)->
Agent 13:(5,18,1.3)->(5,19,2.01421)->(5,20,3.33205)->(5,21,4.01421)->(5,22,4.6)->(5,23,5.18579)->(5,24,5.86795)->(5,25,7.18579)->(5,26,11.4284)->(6,26,15.671)->(7,26,16.9889)->(8,26,17.671)->(9,26,18.2389)->(10,26,18.7568)->(11,26,19.2568)->(12,26,19.7568)->(13,26,20.2568)->(14,26,20.7568)->(15,26,21.2568)->(16,26,21.7568)->(17,26,22.2568)->(18,26,22.7568)->(19,26,23.2568)->(20,26,23.7568)->(21,26,24.2568)->(22,26,24.7568)->(23,26,25.2748)->(24,26,25.8426)->(25,26,26.5248)->(26,26,27.8426)->(27,26,5013.63)->
Agent 14:(27,22,2.2)->(27,21,3.81421)->(27,20,5.13205)->(27,19,5.81421)->(27,18,6.38205)->(27,17,6.9)->(27,16,7.4)->(27,15,7.9)->(27,14,8.4)->(27,13,8.9)->(27,12,9.41795)->(27,11,9.98579)->(27,10,10.6679)->(27,9,11.9858)->(27,8,15.8105)->(26,8,5008.7)->
Agent 15:(6,9,1.3)->(6,10,2.01421)->(6,11,3.34806)->(6,12,4.17649)->(6,13,5.51034)->(6,14,5002.46)->
Agent 16:(30,27,2.4142)->(29,27,4.27789)->(28,27,6.27789)->(27,27,8.52738)->(27,26,10.7416)->(27,25,12.0594)->(27,24,12.7416)->(27,23,13.3094)->(27,22,13.8274)->(27,21,14.3274)->(27,20,14.8274)->(27,19,15.3274)->(27,18,15.8274)->(27,17,16.3274)->(27,16,16.8274)->(27,15,17.3274)->(27,14,17.8274)->(27,13,18.3274)->(27,12,18.8274)->(27,11,19.3274)->(27,10,19.8274)->(27,9,20.3274)->(27,8,20.8274)->(27,7,21.3274)->(27,6,21.8274)->(27,5,22.3453)->(27,4,22.9132)->(27,3,23.5953)->(27,2,24.9132)->(27,1,27.1274)->(26,1,29.3416)->(25,1,30.7558)->(24,1,32.17)->(23,1,5015.79)->
Agent 17:(18,1,2.8359)->(18,2,5.08601)->(18,3,6.40385)->(18,4,7.1359)->(18,5,7.86795)->(18,6,9.18579)->(18,7,11.4)->(17,7,13.6142)->(16,7,14.9321)->(15,7,15.6142)->(14,7,16.1821)->(13,7,16.7)->(12,7,17.2)->(11,7,17.7179)->(10,7,18.2858)->(9,7,18.9679)->(8,7,20.2858)->(7,7,5009.85)->
Agent 18:(23,2,3.7)->(22,2,6.81421)->(21,2,8.13205)->(20,2,8.81421)->(19,2,9.38205)->(18,2,9.9)->(17,2,10.4)->(16,2,10.9)->(15,2,11.4)->(14,2,11.9)->(13,2,12.4)->(12,2,12.9)->(11,2,13.4)->(10,2,13.9)->(9,2,14.4)->(8,2,14.9179)->(7,2,15.4858)->(6,2,16.1679)->(5,2,17.4858)->(4,2,19.7)->(4,3,21.9142)->(4,4,23.2321)->(4,5,23.9142)->(4,6,24.4821)->(4,7,25)->(4,8,25.5)->(4,9,26)->(4,10,26.5)->(4,11,27)->(4,12,27.5)->(4,13,28)->(4,14,28.5)->(4,15,29)->(4,16,29.5)->(4,17,30)->(4,18,30.5)->(4,19,31)->(4,20,31.5)->(4,21,32)->(4,22,32.5179)->(4,23,33.0858)->(4,24,33.7679)->(4,25,35.0858)->(4,26,5017.25)->
Agent 19:(17,22,4.41421)->(17,21,8.24264)->(17,20,9.56048)->(17,19,10.2426)->(17,18,10.8105)->(17,17,11.3284)->(17,16,11.8284)->(17,15,12.3284)->(17,14,12.8284)->(17,13,13.3284)->(17,12,13.8284)->(17,11,14.3284)->(17,10,14.8284)->(17,9,15.3284)->(17,8,15.8284)->(17,7,16.3284)->(17,6,16.8284)->(17,5,17.3284)->(17,4,17.8464)->(17,3,18.4142)->(17,2,19.0964)->(17,1,20.4142)->(17,0,22.6284)->(18,0,24.8426)->(19,0,26.1605)->(20,0,26.8522)->(21,0,27.4879)->(22,0,28.1797)->(23,0,29.4975)->(24,0,5014.46)->
Agent 20:(2,24,2.2)->(2,23,3.81421)->(2,22,5.14806)->(2,21,5.97649)->(2,20,7.31034)->(2,19,9.93877)->(1,19,5005.16)->
Agent 21:(10,13,3.92843)->(10,12,7.27107)->(10,11,8.58891)->(10,10,9.27107)->(10,9,9.85685)->(10,8,10.4426)->(10,7,11.1248)->(10,6,12.4426)->(10,5,18.3964)->(11,5,24.3501)->(12,5,25.6679)->(13,5,26.4)->(14,5,27.1321)->(15,5,28.4499)->(16,5,5013.93)->
Agent 22:(15,7,2.71421)->(16,7,4.84264)->(17,7,6.16048)->(18,7,6.84264)->(19,7,7.41048)->(20,7,7.92843)->(21,7,8.42843)->(22,7,8.92843)->(23,7,9.42843)->(24,7,9.94638)->(25,7,10.5142)->(26,7,11.1964)->(27,7,12.5142)->(28,7,14.7284)->(28,8,16.9426)->(28,9,18.2605)->(28,10,18.9426)->(28,11,19.5284)->(28,12,20.1142)->(28,13,20.7964)->(28,14,22.1142)->(28,15,24.7426)->(27,15,5012.56)->
Agent 23:(13,21,1.71421)->(13,22,4.21369)->(14,22,7.24159)->(15,22,8.55943)->(16,22,9.24159)->(17,22,9.80943)->(18,22,10.3274)->(19,22,10.8274)->(20,22,11.3274)->(21,22,11.8274)->(22,22,12.3274)->(23,22,12.8274)->(24,22,13.3274)->(25,22,13.8274)->(26,22,14.3274)->(27,22,14.8453)->(28,22,15.4132)->(29,22,16.0953)->(30,22,17.4132)->(31,22,5008.41)->
Agent 24:(25,17,3.6642)->(25,16,6.74261)->(25,15,8.06045)->(25,14,8.74261)->(25,13,9.31045)->(25,12,9.8284)->(25,11,10.3284)->(25,10,10.8284)->(25,9,11.3284)->(25,8,11.8284)->(25,7,12.3463)->(25,6,12.9142)->(25,5,13.5963)->(25,4,14.9142)->(25,3,17.3642)->(24,3,19.8142)->(23,3,21.1321)->(22,3,21.8142)->(21,3,22.3821)->(20,3,22.9)->(19,3,23.4)->(18,3,23.9)->(17,3,24.4)->(16,3,24.9)->(15,3,25.4)->(14,3,25.9)->(13,3,26.4)->(12,3,26.9)->(11,3,27.4179)->(10,3,27.9858)->(9,3,28.6679)->(8,3,29.9858)->(7,3,5014.7)->
Agent 25:(16,6,1.3)->(16,7,2.01421)->(16,8,3.33205)->(16,9,4.0641)->(16,10,4.79615)->(16,11,6.11399)->(16,12,9.98205)->(15,12,13.8501)->(14,12,15.1679)->(13,12,15.8501)->(12,12,16.4359)->(11,12,17.0217)->(10,12,17.7038)->(9,12,19.0217)->(8,12,5009.22)->
Agent 26:(6,27,2.2)->(6,26,3.81421)->(6,25,5.13205)->(6,24,5.81421)->(6,23,6.38205)->(6,22,6.9)->(6,21,7.41795)->(6,20,7.98579)->(6,19,8.66795)->(6,18,9.98579)->(6,17,19.95)->(5,17,30.5)->(4,17,5015.25)->
Agent 27:(8,19,1.8)->(9,19,3.04949)->(10,19,5.04949)->(11,19,12.5995)->(11,20,20.1142)->(11,21,21.4321)->(11,22,22.1142)->(11,23,22.7)->(11,24,23.2858)->(11,25,23.9679)->(11,26,25.2858)->(11,27,5012.35)->
Agent 28:(15,31,4.5)->(15,30,8.41421)->(15,29,9.73205)->(15,28,10.4142)->(15,27,10.9821)->(15,26,11.5)->(15,25,12)->(15,24,12.5)->(15,23,13)->(15,22,13.5)->(15,21,14)->(15,20,14.5179)->(15,19,15.0858)->(15,18,15.7679)->(15,17,17.0858)->(15,16,19.7142)->(14,16,5010.05)->
Agent 29:(24,13,1.3)->(24,14,2.6)->(24,15,11.7642)->(25,15,20.9284)->(26,15,5010.46)->
Agent 30:(9,24,3.2)->(9,23,5.81421)->(9,22,7.13205)->(9,21,7.81421)->(9,20,8.38205)->(9,19,8.91795)->(9,18,9.48579)->(9,17,10.1679)->(9,16,11.4858)->(9,15,14.06)->(10,15,16.6341)->(11,15,17.952)->(12,15,18.6341)->(13,15,19.202)->(14,15,19.7199)->(15,15,20.2199)->(16,15,20.7199)->(17,15,21.2199)->(18,15,21.7199)->(19,15,22.2199)->(20,15,22.7199)->(21,15,23.2379)->(22,15,23.8057)->(23,15,24.4879)->(24,15,25.8057)->(25,15,5012.61)->
Agent 31:(12,5,1.8)->(13,5,3.01421)->(14,5,4.33205)->(15,5,5.01421)->(16,5,5.58205)->(17,5,6.1)->(18,5,6.61795)->(19,5,7.18579)->(20,5,7.86795)->(21,5,9.18579)->(22,5,11.4)->(22,6,13.6142)->(22,7,14.9321)->(22,8,15.6142)->(22,9,16.1821)->(22,10,16.7)->(22,11,17.2)->(22,12,17.7)->(22,13,18.2)->(22,14,18.7)->(22,15,19.2)->(22,16,19.7)->(22,17,20.2)->(22,18,20.7179)->(22,19,21.2858)->(22,20,21.9679)->(22,21,23.2858)->(22,22,5011.35)->
Agent 32:(9,10,1.71421)->(9,11,3.81421)->(10,11,6.44264)->(11,11,7.76048)->(12,11,8.44264)->(13,11,9.01048)->(14,11,9.52843)->(15,11,10.0284)->(16,11,10.5464)->(17,11,11.1142)->(18,11,11.7964)->(19,11,13.1142)->(20,11,17.1261)->(20,12,21.138)->(20,13,22.4718)->(20,14,23.3003)->(20,15,24.6341)->(20,16,5012.02)->
Agent 33:(30,5,2.81058)->(30,6,5.03537)->(30,7,6.3532)->(30,8,7.03537)->(30,9,7.6032)->(30,10,8.12115)->(30,11,8.62115)->(30,12,9.12115)->(30,13,9.62115)->(30,14,10.1212)->(30,15,10.6212)->(30,16,11.1212)->(30,17,11.6212)->(30,18,12.1212)->(30,19,12.6212)->(30,20,13.1212)->(30,21,13.6212)->(30,22,14.1212)->(30,23,14.6212)->(30,24,15.1391)->(30,25,15.7069)->(30,26,16.3891)->(30,27,17.7069)->(30,28,20.3354)->(31,28,5010.36)->
Agent 34:(14,27,2.4142)->(15,27,4.24261)->(16,27,5.56045)->(17,27,6.24261)->(18,27,6.81045)->(19,27,7.3284)->(20,27,7.8284)->(21,27,8.3284)->(22,27,8.8284)->(23,27,9.34635)->(24,27,9.91419)->(25,27,10.5963)->(26,27,11.9142)->(27,27,14.1284)->(27,26,16.3426)->(27,25,17.6605)->(27,24,18.3426)->(27,23,18.9105)->(27,22,19.4284)->(27,21,19.9463)->(27,20,20.5142)->(27,19,21.1963)->(27,18,22.5142)->(27,17,5010.96)->
Agent 35:(19,21,1.3)->(19,22,2.01421)->(19,23,3.33205)->(19,24,4.01421)->(19,25,4.58205)->(19,26,5.11795)->(19,27,5.68579)->(19,28,6.36795)->(19,29,7.68579)->(19,30,9.9)->(18,30,12.1142)->(17,30,13.4321)->(16,30,14.1142)->(15,30,14.6821)->(14,30,15.2)->(13,30,15.7)->(12,30,16.2)->(11,30,16.7)->(10,30,17.2179)->(9,30,17.7858)->(8,30,18.4679)->(7,30,19.7858)->(6,30,5009.6)->
Agent 36:(1,17,2.2)->(1,16,3.81421)->(1,15,5.13205)->(1,14,5.8641)->(1,13,6.59615)->(1,12,7.91399)->(1,11,13.8906)->(2,11,19.8672)->(3,11,21.185)->(4,11,21.8672)->(5,11,22.435)->(6,11,22.953)->(7,11,23.4709)->(8,11,24.0388)->(9,11,24.7209)->(10,11,26.0388)->(11,11,5012.73)->
Agent 37:(23,30,2.2)->(23,29,3.81421)->(23,28,5.13205)->(23,27,5.81421)->(23,26,6.38205)->(23,25,6.9)->(23,24,7.4)->(23,23,7.9)->(23,22,8.4)->(23,21,8.9)->(23,20,9.4)->(23,19,9.9)->(23,18,10.4)->(23,17,10.9)->(23,16,11.4)->(23,15,11.9)->(23,14,12.4)->(23,13,12.9)->(23,12,13.4)->(23,11,13.9)->(23,10,14.4)->(23,9,14.9)->(23,8,15.4)->(23,7,15.9)->(23,6,16.4179)->(23,5,16.9858)->(23,4,17.6679)->(23,3,18.9858)->(23,2,21.2)->(22,2,23.4142)->(21,2,24.7321)->(20,2,25.4142)->(19,2,25.9821)->(18,2,26.5)->(17,2,27)->(16,2,27.5)->(15,2,28)->(14,2,28.5)->(13,2,29)->(12,2,29.5)->(11,2,30)->(10,2,30.5)->(9,2,31)->(8,2,31.5)->(7,2,32.0179)->(6,2,32.5858)->(5,2,33.2679)->(4,2,34.5858)->(3,2,5017)->
Agent 38:(15,6,2.4142)->(16,6,4.24261)->(17,6,5.56045)->(18,6,6.24261)->(19,6,6.81045)->(20,6,7.3284)->(21,6,7.8284)->(22,6,8.34635)->(23,6,8.91419)->(24,6,9.59635)->(25,6,10.9142)->(26,6,13.1284)->(26,7,15.3426)->(26,8,16.6605)->(26,9,17.3426)->(26,10,17.9105)->(26,11,18.4284)->(26,12,18.9284)->(26,13,19.4284)->(26,14,19.9284)->(26,15,20.4284)->(26,16,20.9284)->(26,17,21.4284)->(26,18,21.9284)->(26,19,22.4284)->(26,20,22.9284)->(26,21,23.4284)->(26,22,23.9284)->(26,23,24.4284)->(26,24,24.9284)->(26,25,25.4284)->(26,26,25.9284)->(26,27,26.4463)->(26,28,27.0142)->(26,29,27.6963)->(26,30,29.0142)->(26,31,5014.21)->
Agent 39:(2,9,1.3)->(2,10,2.6)->(2,11,10.5265)->(3,11,17.8672)->(4,11,19.185)->(5,11,19.8672)->(6,11,20.435)->(7,11,20.953)->(8,11,21.453)->(9,11,21.9709)->(10,11,22.5388)->(11,11,23.2209)->(12,11,24.5388)->(13,11,5011.98)->
Agent 40:(4,13,2.2)->(4,12,3.81421)->(4,11,5.13205)->(4,10,5.81421)->(4,9,6.38205)->(4,8,6.91795)->(4,7,7.48579)->(4,6,8.16795)->(4,5,9.48579)->(4,4,11.7)->(5,4,13.9142)->(6,4,15.2321)->(7,4,15.9142)->(8,4,16.4821)->(9,4,17)->(10,4,17.5)->(11,4,18)->(12,4,18.5)->(13,4,19)->(14,4,19.5)->(15,4,20)->(16,4,20.5)->(17,4,21)->(18,4,21.5)->(19,4,22)->(20,4,22.5)->(21,4,23)->(22,4,23.5179)->(23,4,24.0858)->(24,4,24.7679)->(25,4,26.0858)->(26,4,5012.75)->
Agent 41:(14,6,1.3)->(14,7,2.01421)->(14,8,3.33205)->(14,9,4.01421)->(14,10,4.58205)->(14,11,5.1)->(14,12,5.6)->(14,13,6.1)->(14,14,6.6)->(14,15,7.1)->(14,16,7.61795)->(14,17,8.18579)->(14,18,8.86795)->(14,19,10.1858)->(14,20,14.3142)->(15,20,18.4426)->(16,20,19.7605)->(17,20,20.4426)->(18,20,21.0105)->(19,20,21.5464)->(20,20,22.1142)->(21,20,22.7964)->(22,20,24.1142)->(23,20,5011.76)->
Agent 42:(24,28,4.05051)->(24,27,7.55051)->(24,26,9.55051)->(24,25,12.2142)->(23,25,5006.3)->
Agent 43:(8,23,2.2)->(8,22,3.81421)->(8,21,5.13205)->(8,20,5.81421)->(8,19,6.4)->(8,18,6.98579)->(8,17,7.66795)->(8,16,8.98579)->(8,15,11.2)->(7,15,13.4142)->(6,15,14.7321)->(5,15,15.4641)->(4,15,16.1962)->(3,15,17.514)->(2,15,23.2141)->(3,15,29.5)->(4,15,5014.75)->
Agent 44:(8,24,1.3)->(8,25,2.01421)->(8,26,3.34806)->(8,27,4.17649)->(8,28,5.51034)->(8,29,7.72456)->(7,29,9.93877)->(6,29,11.2566)->(5,29,11.9388)->(4,29,12.5246)->(3,29,13.1103)->(2,29,13.7925)->(1,29,15.1103)->(0,29,5007.26)->
Agent 45:(20,25,2.2)->(20,24,3.81421)->(20,23,5.13205)->(20,22,5.81421)->(20,21,6.38205)->(20,20,6.9)->(20,19,7.4)->(20,18,7.9)->(20,17,8.4)->(20,16,8.9)->(20,15,9.4)->(20,14,9.9)->(20,13,10.4179)->(20,12,10.9858)->(20,11,11.6679)->(20,10,12.9858)->(20,9,15.95)->(19,9,18.9142)->(18,9,20.2321)->(17,9,20.9142)->(16,9,21.4821)->(15,9,22)->(14,9,22.5)->(13,9,23)->(12,9,23.5)->(11,9,24)->(10,9,24.5)->(9,9,25)->(8,9,25.5)->(7,9,26.0179)->(6,9,26.5858)->(5,9,27.2679)->(4,9,28.5858)->(3,9,5014)->
Agent 46:(22,6,1.3)->(22,7,2.01421)->(22,8,3.33205)->(22,9,4.01421)->(22,10,4.58205)->(22,11,5.1)->(22,12,5.6)->(22,13,6.1)->(22,14,6.6)->(22,15,7.1)->(22,16,7.6)->(22,17,8.1)->(22,18,8.6)->(22,19,9.1)->(22,20,9.6)->(22,21,10.1)->(22,22,10.6)->(22,23,11.1179)->(22,24,11.6858)->(22,25,12.3679)->(22,26,13.6858)->(22,27,15.9)->(21,27,18.1142)->(20,27,19.4321)->(19,27,20.1142)->(18,27,20.6821)->(17,27,21.2)->(16,27,21.7)->(15,27,22.2)->(14,27,22.7)->(13,27,23.2)->(12,27,23.7)->(11,27,24.2)->(10,27,24.7179)->(9,27,25.2858)->(8,27,25.9679)->(7,27,27.2858)->(6,27,29.9142)->(6,28,5015.15)->
Agent 47:(9,23,2.2)->(9,22,3.81421)->(9,21,5.13205)->(9,20,5.81421)->(9,19,6.38205)->(9,18,6.9)->(9,17,7.4)->(9,16,7.9)->(9,15,8.4)->(9,14,8.9)->(9,13,9.4)->(9,12,9.9)->(9,11,10.4)->(9,10,10.9179)->(9,9,11.4858)->(9,8,12.1679)->(9,7,13.4858)->(9,6,15.7)->(10,6,17.9142)->(11,6,19.2321)->(12,6,19.9142)->(13,6,20.4821)->(14,6,21)->(15,6,21.5)->(16,6,22)->(17,6,22.5)->(18,6,23)->(19,6,23.5)->(20,6,24)->(21,6,24.5179)->(22,6,25.0858)->(23,6,25.7679)->(24,6,27.0858)->(25,6,5013.25)->
Agent 48:(12,13,2.2)->(12,12,3.81421)->(12,11,5.13205)->(12,10,5.81421)->(12,9,6.38205)->(12,8,6.9)->(12,7,7.4)->(12,6,7.9)->(12,5,8.41795)->(12,4,8.98579)->(12,3,9.66795)->(12,2,10.9858)->(12,1,13.2)->(13,1,15.4142)->(14,1,16.7321)->(15,1,17.4142)->(16,1,17.9821)->(17,1,18.5)->(18,1,19)->(19,1,19.5)->(20,1,20.0179)->(21,1,20.5858)->(22,1,21.2679)->(23,1,22.5858)->(24,1,25.2142)->(24,2,5012.8)->
Agent 49:(31,18,2.4142)->(31,19,4.24261)->(31,20,5.56045)->(31,21,6.24261)->(31,22,6.81045)->(31,23,7.34635)->(31,24,7.91419)->(31,25,8.59635)->(31,26,9.91419)->(31,27,12.3963)->(30,27,14.8785)->(29,27,16.1963)->(28,27,16.8785)->(27,27,17.4463)->(26,27,17.9643)->(25,27,18.4822)->(24,27,19.0501)->(23,27,19.7322)->(22,27,21.0501)->(21,27,5010.23)->
