Agent 0:(24,12,2.21421)->(23,12,4.81421)->(23,11,7.47792)->(23,10,9.47792)->(23,9,17.7081)->(23,10,25.9031)->(23,11,27.2209)->(23,12,27.9031)->(23,13,28.4709)->(23,14,28.9889)->(23,15,29.4889)->(23,16,29.9889)->(23,17,30.5068)->(23,18,31.0747)->(23,19,31.7568)->(23,20,33.0747)->(23,21,5016.24)->
Agent 1:(26,23,1.8)->(25,23,3.01421)->(24,23,4.33205)->(23,23,5.0641)->(22,23,5.79615)->(21,23,7.11399)->(20,23,9.3282)->(20,24,11.5424)->(20,25,12.8603)->(20,26,13.552)->(20,27,14.1877)->(20,28,14.8795)->(20,29,16.1973)->(20,30,5007.81)->
Agent 2:(8,15,1.8)->(9,15,3.01421)->(10,15,4.33205)->(11,15,5.01421)->(12,15,5.58205)->(13,15,6.1)->(14,15,6.6)->(15,15,7.1)->(16,15,7.6)->(17,15,8.1)->(18,15,8.61795)->(19,15,9.18579)->(20,15,9.86795)->(21,15,11.1858)->(22,15,13.4)->(22,16,15.6142)->(22,17,16.9321)->(22,18,17.6142)->(22,19,18.1821)->(22,20,18.7)->(22,21,19.2)->(22,22,19.7)->(22,23,20.2)->(22,24,20.7)->(22,25,21.2)->(22,26,21.7179)->(22,27,22.2858)->(22,28,22.9679)->(22,29,24.2858)->(22,30,5011.85)->
Agent 3:(10,25,1.3)->(10,26,2.01421)->(10,27,3.33205)->(10,28,4.0641)->(10,29,4.79615)->(10,30,6.11399)->(10,31,8.74242)->(9,31,5004.56)->
Agent 4:(1,20,1.3)->(1,21,2.01421)->(1,22,3.33205)->(1,23,4.01421)->(1,24,4.58205)->(1,25,5.1)->(1,26,5.61795)->(1,27,6.18579)->(1,28,6.86795)->(1,29,8.18579)->(1,30,10.4)->(2,30,12.6142)->(3,30,13.9321)->(4,30,14.6142)->(5,30,15.1821)->(6,30,15.7)->(7,30,16.2)->(8,30,16.7)->(9,30,17.2)->(10,30,17.7)->(11,30,18.2)->(12,30,18.7)->(13,30,19.2)->(14,30,19.7)->(15,30,20.2179)->(16,30,20.7858)->(17,30,21.4679)->(18,30,22.7858)->(19,30,25.4142)->(19,29,29.0142)->(20,29,32.2284)->(21,29,35.4426)->(21,30,5017.91)->
Agent 5:(27,11,1.3)->(27,12,2.01421)->(27,13,3.33205)->(27,14,4.01421)->(27,15,4.58205)->(27,16,5.11795)->(27,17,5.68579)->(27,18,6.36795)->(27,19,7.68579)->(27,20,13.1179)->(26,20,18.5501)->(25,20,19.8679)->(24,20,20.5501)->(23,20,21.1179)->(22,20,21.6359)->(21,20,22.1359)->(20,20,22.6359)->(19,20,23.1359)->(18,20,23.6359)->(17,20,24.1359)->(16,20,24.6359)->(15,20,25.1359)->(14,20,25.6359)->(13,20,26.1359)->(12,20,26.6359)->(11,20,27.1359)->(10,20,27.6359)->(9,20,28.1359)->(8,20,28.6359)->(7,20,29.1359)->(6,20,29.6359)->(5,20,30.1538)->(4,20,30.7217)->(3,20,31.4038)->(2,20,32.7217)->(1,20,35.3501)->(1,21,5017.87)->
Agent 6:(3,1,2.76228)->(3,2,4.93877)->(3,3,6.25661)->(3,4,6.93877)->(3,5,7.50661)->(3,6,8.02456)->(3,7,8.52456)->(3,8,9.02456)->(3,9,9.52456)->(3,10,10.0246)->(3,11,10.5246)->(3,12,11.0246)->(3,13,11.5246)->(3,14,12.0246)->(3,15,12.5246)->(3,16,13.0246)->(3,17,13.5425)->(3,18,14.1103)->(3,19,14.7925)->(3,20,16.1103)->(3,21,18.3246)->(4,21,20.5388)->(5,21,21.8566)->(6,21,22.5388)->(7,21,23.1066)->(8,21,23.6246)->(9,21,24.1246)->(10,21,24.6246)->(11,21,25.1246)->(12,21,25.6246)->(13,21,26.1246)->(14,21,26.6246)->(15,21,27.1246)->(16,21,27.6246)->(17,21,28.1246)->(18,21,28.6246)->(19,21,29.1246)->(20,21,29.6246)->(21,21,30.1246)->(22,21,30.6425)->(23,21,31.2103)->(24,21,31.8925)->(25,21,33.2103)->(26,21,5016.31)->
Agent 7:(21,7,2.2)->(21,6,3.81421)->(21,5,5.13205)->(21,4,5.82382)->(21,3,6.45949)->(21,2,7.15126)->(21,1,8.4691)->(21,0,10.6833)->(20,0,13.4833)->(19,0,5006.74)->
Agent 8:(28,31,7.05576)->(28,30,13.5257)->(28,29,14.8436)->(28,28,15.5257)->(28,27,16.0936)->(28,26,16.6115)->(28,25,17.1115)->(28,24,17.6115)->(28,23,18.1115)->(28,22,18.6115)->(28,21,19.1115)->(28,20,19.6115)->(28,19,20.1115)->(28,18,20.6115)->(28,17,21.1115)->(28,16,21.6115)->(28,15,22.1115)->(28,14,22.6115)->(28,13,23.1115)->(28,12,23.6115)->(28,11,24.1115)->(28,10,24.6115)->(28,9,25.1115)->(28,8,25.6115)->(28,7,26.1115)->(28,6,26.6295)->(28,5,27.1973)->(28,4,27.8795)->(28,3,29.1973)->(28,2,32.2125)->(27,2,35.2277)->(26,2,36.5455)->(25,2,37.2373)->(24,2,37.873)->(23,2,38.5647)->(22,2,39.8826)->(21,2,42.0968)->(21,1,44.8968)->(21,0,5022.45)->
Agent 9:(12,4,2.8)->(12,5,5.01421)->(12,6,6.33205)->(12,7,7.01421)->(12,8,7.58205)->(12,9,8.1)->(12,10,8.6)->(12,11,9.1)->(12,12,9.6)->(12,13,10.1)->(12,14,10.6)->(12,15,11.1)->(12,16,11.6)->(12,17,12.1)->(12,18,12.6179)->(12,19,13.1858)->(12,20,13.8679)->(12,21,15.1858)->(12,22,17.4)->(13,22,19.6495)->(14,22,21.6495)->(15,22,24.539)->(15,23,27.979)->(15,24,5013.99)->
Agent 10:(17,23,2.21421)->(18,23,5.35)->(18,22,8.51421)->(18,21,9.83205)->(18,20,10.5142)->(18,19,11.0821)->(18,18,11.6)->(18,17,12.1)->(18,16,12.6)->(18,15,13.1)->(18,14,13.6)->(18,13,14.1)->(18,12,14.6)->(18,11,15.1)->(18,10,15.6179)->(18,9,16.1858)->(18,8,16.8679)->(18,7,18.1858)->(18,6,23.4926)->(19,6,28.7995)->(20,6,30.1173)->(21,6,30.7995)->(22,6,31.3673)->(23,6,31.8853)->(24,6,32.3853)->(25,6,32.9032)->(26,6,33.4711)->(27,6,34.1532)->(28,6,35.4711)->(29,6,38.0995)->(29,5,5019.24)->
Agent 11:(8,22,2.21421)->(7,22,5.81421)->(7,21,9.44264)->(7,20,10.7605)->(7,19,11.4426)->(7,18,12.0105)->(7,17,12.5284)->(7,16,13.0284)->(7,15,13.5284)->(7,14,14.0284)->(7,13,14.5284)->(7,12,15.0284)->(7,11,15.5284)->(7,10,16.0284)->(7,9,16.5284)->(7,8,17.0464)->(7,7,17.6142)->(7,6,18.2964)->(7,5,19.6142)->(7,4,21.8284)->(8,4,24.0426)->(9,4,25.3605)->(10,4,26.0426)->(11,4,26.6105)->(12,4,27.1284)->(13,4,27.6284)->(14,4,28.1284)->(15,4,28.6464)->(16,4,29.2142)->(17,4,29.8964)->(18,4,31.2142)->(19,4,33.4284)->(19,3,36.2284)->(19,2,40.5626)->(20,2,44.311)->(21,2,45.6289)->(22,2,46.3609)->(23,2,47.093)->(24,2,48.4108)->(25,2,5023.91)->
Agent 12:(25,16,2.81795)->(26,16,5.05011)->(27,16,6.46433)->(28,16,7.87854)->(29,16,10.0928)->(29,17,12.307)->(29,18,13.7212)->(29,19,15.1354)->(29,20,5007.27)->
Agent 13:(15,16,1.71421)->(15,17,3.81421)->(14,17,6.44264)->(13,17,7.76048)->(12,17,8.49253)->(11,17,9.22458)->(10,17,10.5424)->(9,17,5004.98)->
Agent 14:(29,30,1.8)->(28,30,3.01421)->(27,30,4.42843)->(26,30,5.84264)->(25,30,8.05685)->(25,29,10.2711)->(25,28,11.5889)->(25,27,12.2711)->(25,26,12.8389)->(25,25,13.3569)->(25,24,13.8569)->(25,23,14.3569)->(25,22,14.8569)->(25,21,15.3569)->(25,20,15.8569)->(25,19,16.3569)->(25,18,16.8569)->(25,17,17.3569)->(25,16,17.8569)->(25,15,18.3569)->(25,14,18.8569)->(25,13,19.3569)->(25,12,19.8569)->(25,11,20.3569)->(25,10,20.8748)->(25,9,21.4426)->(25,8,22.1248)->(25,7,23.4426)->(25,6,26.0711)->(26,6,29.6711)->(26,5,32.2995)->(26,4,33.6173)->(26,3,34.3494)->(26,2,35.0814)->(26,1,36.3993)->(26,0,39.0277)->(25,0,5019.71)->
Agent 15:(30,13,2.2)->(30,12,3.81421)->(30,11,5.13205)->(30,10,5.81421)->(30,9,6.38205)->(30,8,6.9)->(30,7,7.4)->(30,6,7.91795)->(30,5,8.48579)->(30,4,9.16795)->(30,3,10.4858)->(30,2,13.1142)->(29,2,5006.75)->
Agent 16:(30,14,1.3)->(30,15,2.01421)->(30,16,3.33205)->(30,17,4.01421)->(30,18,4.58205)->(30,19,5.11795)->(30,20,5.68579)->(30,21,6.36795)->(30,22,7.68579)->(30,23,9.97843)->(29,23,12.2711)->(28,23,13.5889)->(27,23,14.2711)->(26,23,14.8389)->(25,23,15.3569)->(24,23,15.8569)->(23,23,16.3569)->(22,23,16.8569)->(21,23,17.3569)->(20,23,17.8569)->(19,23,18.3569)->(18,23,18.8569)->(17,23,19.3748)->(16,23,19.9426)->(15,23,20.6248)->(14,23,21.9426)->(13,23,24.5711)->(13,24,5012.48)->
Agent 17:(20,14,2.2)->(20,13,4.4)->(20,12,7.2)->(21,12,10)->(22,12,5005)->
Agent 18:(21,29,3.8)->(21,28,7.01421)->(21,27,8.33205)->(21,26,9.01421)->(21,25,9.58205)->(21,24,10.1)->(21,23,10.6)->(21,22,11.1)->(21,21,11.6)->(21,20,12.1)->(21,19,12.6)->(21,18,13.1)->(21,17,13.6)->(21,16,14.1)->(21,15,14.6)->(21,14,15.1)->(21,13,15.6)->(21,12,16.1)->(21,11,16.6)->(21,10,17.1)->(21,9,17.6)->(21,8,18.1179)->(21,7,18.6858)->(21,6,19.3679)->(21,5,20.6858)->(21,4,23.3142)->(20,4,5011.85)->
Agent 19:(2,21,3.49433)->(2,20,6.40287)->(2,19,7.72071)->(2,18,8.40287)->(2,17,8.97071)->(2,16,9.48866)->(2,15,9.98866)->(2,14,10.4887)->(2,13,10.9887)->(2,12,11.4887)->(2,11,11.9887)->(2,10,12.4887)->(2,9,12.9887)->(2,8,13.4887)->(2,7,13.9887)->(2,6,14.5066)->(2,5,15.0744)->(2,4,15.7566)->(2,3,17.0744)->(2,2,19.2887)->(3,2,21.5029)->(4,2,22.8207)->(5,2,23.5029)->(6,2,24.0707)->(7,2,24.5887)->(8,2,25.0887)->(9,2,25.5887)->(10,2,26.0887)->(11,2,26.5887)->(12,2,27.1066)->(13,2,27.6744)->(14,2,28.3566)->(15,2,29.6744)->(16,2,32.3029)->(16,3,5016.34)->
Agent 20:(6,9,1.71421)->(6,10,3.81421)->(7,10,6.44264)->(8,10,7.76048)->(9,10,8.44264)->(10,10,9.01048)->(11,10,9.52843)->(12,10,10.0284)->(13,10,10.5464)->(14,10,11.1142)->(15,10,11.7964)->(16,10,13.1142)->(17,10,15.3284)->(17,9,17.5426)->(17,8,18.9569)->(17,7,20.3711)->(17,6,5009.89)->
Agent 21:(23,4,1.8)->(24,4,3.01421)->(25,4,4.42843)->(26,4,5.84264)->(27,4,9.26421)->(27,5,12.6858)->(27,6,14.0036)->(27,7,14.6858)->(27,8,15.2536)->(27,9,15.7716)->(27,10,16.2716)->(27,11,16.7716)->(27,12,17.2716)->(27,13,17.7716)->(27,14,18.2716)->(27,15,18.7716)->(27,16,19.2895)->(27,17,19.8574)->(27,18,20.5395)->(27,19,21.8574)->(27,20,5010.64)->
Agent 22:(7,29,4.65685)->(7,28,8.72792)->(7,27,10.0458)->(7,26,10.7279)->(7,25,11.2958)->(7,24,11.8137)->(7,23,12.3137)->(7,22,12.8137)->(7,21,13.3137)->(7,20,13.8317)->(7,19,14.3995)->(7,18,15.0817)->(7,17,16.3995)->(7,16,18.6137)->(6,16,20.8632)->(5,16,22.8632)->(4,16,5011.16)->
Agent 23:(8,0,3.92649)->(8,1,7.2672)->(8,2,8.58503)->(8,3,9.2672)->(8,4,9.83503)->(8,5,10.353)->(8,6,10.853)->(8,7,11.353)->(8,8,11.853)->(8,9,12.3709)->(8,10,12.9388)->(8,11,13.6209)->(8,12,14.9388)->(8,13,17.153)->(9,13,19.3672)->(10,13,20.685)->(11,13,21.3672)->(12,13,21.935)->(13,13,22.453)->(14,13,22.953)->(15,13,23.453)->(16,13,23.953)->(17,13,24.453)->(18,13,24.953)->(19,13,25.453)->(20,13,25.953)->(21,13,26.453)->(22,13,26.953)->(23,13,27.453)->(24,13,27.953)->(25,13,28.453)->(26,13,28.953)->(27,13,29.4709)->(28,13,30.0388)->(29,13,30.7209)->(30,13,32.0388)->(31,13,5015.73)->
Agent 24:(13,3,1.5641)->(13,4,2.54242)->(13,5,3.87627)->(13,6,4.70469)->(13,7,6.03854)->(13,8,8.25276)->(14,8,10.5022)->(15,8,12.5022)->(16,8,5005.98)->
Agent 25:(10,16,1.3)->(10,17,2.6)->(10,18,5.4)->(11,18,7.64949)->(12,18,9.64949)->(13,18,5004.55)->
Agent 26:(16,16,1.3)->(16,17,2.04949)->(16,18,4.04949)->(16,19,11.2317)->(17,19,21.8001)->(17,20,5012.32)->
Agent 27:(6,14,1.71421)->(6,15,6.39806)->(7,15,11.6103)->(8,15,12.9282)->(9,15,13.6103)->(10,15,14.1782)->(11,15,14.6961)->(12,15,15.1961)->(13,15,15.6961)->(14,15,16.1961)->(15,15,16.6961)->(16,15,17.1961)->(17,15,17.6961)->(18,15,18.1961)->(19,15,18.6961)->(20,15,19.1961)->(21,15,19.6961)->(22,15,20.1961)->(23,15,20.6961)->(24,15,21.1961)->(25,15,21.7141)->(26,15,22.2819)->(27,15,22.9641)->(28,15,24.2819)->(29,15,5011.85)->
Agent 28:(28,1,3.44166)->(27,1,6.29753)->(26,1,7.61537)->(25,1,8.29753)->(24,1,8.86537)->(23,1,9.38331)->(22,1,9.88331)->(21,1,10.3833)->(20,1,10.8833)->(19,1,11.3833)->(18,1,11.8833)->(17,1,12.3833)->(16,1,12.8833)->(15,1,13.4013)->(14,1,13.9691)->(13,1,14.6513)->(12,1,15.9691)->(11,1,18.5975)->(11,0,5009.49)->
Agent 29:(4,12,1.3)->(4,13,2.01421)->(4,14,3.33205)->(4,15,4.01421)->(4,16,4.58205)->(4,17,5.1)->(4,18,5.61795)->(4,19,6.18579)->(4,20,6.86795)->(4,21,8.18579)->(4,22,10.8142)->(5,22,20.4179)->(5,23,29.6359)->(5,24,5014.82)->
Agent 30:(28,28,1.71421)->(28,29,7.35576)->(27,29,13.5257)->(26,29,14.8436)->(25,29,15.5257)->(24,29,16.0936)->(23,29,16.6115)->(22,29,17.1115)->(21,29,17.6115)->(20,29,18.1115)->(19,29,18.6115)->(18,29,19.1295)->(17,29,19.6973)->(16,29,20.3795)->(15,29,21.6973)->(14,29,5010.56)->
Agent 31:(27,24,1.8)->(26,24,3.6)->(25,24,6.4)->(25,23,8.61421)->(25,22,9.93205)->(25,21,10.6142)->(25,20,11.1821)->(25,19,11.7)->(25,18,12.2)->(25,17,12.7)->(25,16,13.2)->(25,15,13.7)->(25,14,14.2)->(25,13,14.7)->(25,12,15.2)->(25,11,15.7)->(25,10,16.2)->(25,9,16.7179)->(25,8,17.2858)->(25,7,17.9679)->(25,6,19.2858)->(25,5,5009.35)->
Agent 32:(26,25,3.8)->(26,24,7.01421)->(26,23,8.33205)->(26,22,9.01421)->(26,21,9.58205)->(26,20,10.1)->(26,19,10.6)->(26,18,11.1)->(26,17,11.6)->(26,16,12.1)->(26,15,12.6)->(26,14,13.1)->(26,13,13.6)->(26,12,14.1)->(26,11,14.6)->(26,10,15.1)->(26,9,15.6)->(26,8,16.1)->(26,7,16.6)->(26,6,17.1)->(26,5,17.6179)->(26,4,18.1858)->(26,3,18.8679)->(26,2,20.1858)->(26,1,22.4)->(25,1,24.6142)->(24,1,26.0284)->(23,1,27.4426)->(22,1,5013.43)->
Agent 33:(5,10,1.3)->(5,11,2.01421)->(5,12,3.33205)->(5,13,4.01421)->(5,14,4.58205)->(5,15,5.1)->(5,16,5.6)->(5,17,6.11795)->(5,18,6.68579)->(5,19,7.36795)->(5,20,8.68579)->(5,21,10.9)->(4,21,13.1142)->(3,21,14.5284)->(2,21,15.9426)->(1,21,18.5711)->(1,22,5009.48)->
Agent 34:(14,27,4.51228)->(14,26,8.43877)->(14,25,9.75661)->(14,24,10.4388)->(14,23,11.0066)->(14,22,11.5246)->(14,21,12.0246)->(14,20,12.5246)->(14,19,13.0246)->(14,18,13.5246)->(14,17,14.0246)->(14,16,14.5425)->(14,15,15.1103)->(14,14,15.7925)->(14,13,17.1103)->(14,12,19.3246)->(13,12,21.5388)->(12,12,22.8566)->(11,12,23.5388)->(10,12,24.1066)->(9,12,24.6425)->(8,12,25.2103)->(7,12,25.8925)->(6,12,27.2103)->(5,12,5013.31)->
Agent 35:(12,11,1.8)->(11,11,3.6)->(10,11,12.5085)->(10,12,21.4171)->(10,13,5010.71)->
Agent 36:(8,9,1.8)->(7,9,3.6)->(6,9,9.4)->(7,9,14.6142)->(8,9,15.9321)->(9,9,16.6641)->(10,9,17.3962)->(11,9,18.714)->(12,9,5009.06)->
Agent 37:(21,10,1.8)->(20,10,3.01421)->(19,10,4.42843)->(18,10,5.84264)->(17,10,8.19638)->(17,11,10.5501)->(17,12,11.8679)->(17,13,12.5501)->(17,14,13.1179)->(17,15,13.6359)->(17,16,14.1359)->(17,17,14.6359)->(17,18,15.1359)->(17,19,15.6359)->(17,20,16.1359)->(17,21,16.6538)->(17,22,17.2217)->(17,23,17.9038)->(17,24,19.2217)->(17,25,5009.32)->
Agent 38:(8,25,2.2)->(8,24,3.81421)->(8,23,5.13205)->(8,22,5.81421)->(8,21,6.38205)->(8,20,6.9)->(8,19,7.4)->(8,18,7.91795)->(8,17,8.48579)->(8,16,9.16795)->(8,15,10.4858)->(8,14,12.7)->(9,14,14.9142)->(10,14,16.2321)->(11,14,16.9641)->(12,14,17.6962)->(13,14,19.014)->(14,14,22.3548)->(14,13,5011.73)->
Agent 39:(9,24,2.2)->(9,23,3.81421)->(9,22,5.22843)->(9,21,6.64264)->(9,20,8.85685)->(8,20,11.0711)->(7,20,12.4853)->(6,20,13.8995)->(5,20,21.4748)->(5,21,29.6359)->(5,22,5014.82)->
Agent 40:(31,14,1.3)->(31,15,2.01421)->(31,16,3.33205)->(31,17,4.01421)->(31,18,4.58205)->(31,19,5.1)->(31,20,5.61795)->(31,21,6.18579)->(31,22,6.86795)->(31,23,8.18579)->(31,24,10.8679)->(30,24,13.5501)->(29,24,14.8679)->(28,24,15.5501)->(27,24,16.1179)->(26,24,16.6359)->(25,24,17.1359)->(24,24,17.6359)->(23,24,18.1359)->(22,24,18.6359)->(21,24,19.1359)->(20,24,19.6359)->(19,24,20.1359)->(18,24,20.6359)->(17,24,21.1359)->(16,24,21.6359)->(15,24,22.1359)->(14,24,22.6359)->(13,24,23.1359)->(12,24,23.6359)->(11,24,24.1359)->(10,24,24.6359)->(9,24,25.1359)->(8,24,25.6538)->(7,24,26.2217)->(6,24,26.9038)->(5,24,28.2217)->(4,24,5013.82)->
Agent 41:(15,9,1.8)->(14,9,3.01421)->(13,9,4.33205)->(12,9,5.01421)->(11,9,5.6)->(10,9,6.18579)->(9,9,6.86795)->(8,9,8.18579)->(7,9,10.4)->(7,8,12.6142)->(7,7,13.9321)->(7,6,14.6641)->(7,5,15.3962)->(7,4,16.714)->(7,3,5008.06)->
Agent 42:(15,7,4.05834)->(15,8,7.5309)->(15,9,8.84874)->(15,10,9.54051)->(15,11,10.1762)->(15,12,10.8679)->(15,13,12.1858)->(15,14,14.4)->(16,14,16.6142)->(17,14,17.9321)->(18,14,18.6142)->(19,14,19.1821)->(20,14,19.7179)->(21,14,20.2858)->(22,14,20.9679)->(23,14,22.2858)->(24,14,5010.85)->
Agent 43:(15,8,1.99433)->(14,8,3.40287)->(13,8,4.72071)->(12,8,5.40287)->(11,8,5.97071)->(10,8,6.48866)->(9,8,6.98866)->(8,8,7.48866)->(7,8,7.98866)->(6,8,8.48866)->(5,8,9.00661)->(4,8,9.57444)->(3,8,10.2566)->(2,8,11.5744)->(1,8,5005.49)->
Agent 44:(9,7,11.4179)->(9,8,22.2501)->(9,9,23.584)->(9,10,24.4124)->(9,11,25.7462)->(9,12,5012.58)->
Agent 45:(3,7,1.3)->(3,8,2.01421)->(3,9,3.34806)->(3,10,4.17649)->(3,11,5.51034)->(3,12,7.72456)->(4,12,9.93877)->(5,12,11.2566)->(6,12,11.9388)->(7,12,12.5066)->(8,12,13.0246)->(9,12,13.5246)->(10,12,14.0246)->(11,12,14.5246)->(12,12,15.0246)->(13,12,15.5246)->(14,12,16.0246)->(15,12,16.5246)->(16,12,17.0246)->(17,12,17.5425)->(18,12,18.1103)->(19,12,18.7925)->(20,12,20.1103)->(21,12,5009.76)->
Agent 46:(15,21,1.3)->(15,22,2.01421)->(15,23,3.33205)->(15,24,4.0641)->(15,25,4.79615)->(15,26,6.11399)->(15,27,8.3282)->(16,27,10.5777)->(17,27,12.5777)->(18,27,5006.01)->
Agent 47:(0,14,1.8)->(1,14,3.01421)->(2,14,4.33205)->(3,14,5.01421)->(4,14,5.58205)->(5,14,6.1)->(6,14,6.6)->(7,14,7.1)->(8,14,7.6)->(9,14,8.1)->(10,14,8.6)->(11,14,9.1)->(12,14,9.6)->(13,14,10.1)->(14,14,10.6)->(15,14,11.1)->(16,14,11.6)->(17,14,12.1)->(18,14,12.6)->(19,14,13.1)->(20,14,13.6)->(21,14,14.1)->(22,14,14.6)->(23,14,15.1)->(24,14,15.6)->(25,14,16.1)->(26,14,16.6179)->(27,14,17.1858)->(28,14,17.8679)->(29,14,19.1858)->(30,14,21.4)->(30,13,24.2)->(30,12,5012.1)->
Agent 48:(18,21,2.2)->(18,20,3.81421)->(18,19,5.13205)->(18,18,5.81421)->(18,17,6.38205)->(18,16,6.9)->(18,15,7.4)->(18,14,7.9)->(18,13,8.4)->(18,12,8.9)->(18,11,9.4)->(18,10,9.9)->(18,9,10.4)->(18,8,10.9)->(18,7,11.4179)->(18,6,11.9858)->(18,5,12.6679)->(18,4,13.9858)->(18,3,16.2)->(17,3,18.4142)->(16,3,19.7321)->(15,3,20.4142)->(14,3,20.9821)->(13,3,21.5)->(12,3,22.0179)->(11,3,22.5858)->(10,3,23.2679)->(9,3,24.5858)->(8,3,27.2142)->(8,4,30.8142)->(7,4,33.4426)->(6,4,34.7605)->(5,4,35.4925)->(4,4,36.2246)->(3,4,37.5424)->(2,4,5018.48)->
Agent 49:(5,18,1.3)->(5,19,2.01421)->(5,20,3.33205)->(5,21,4.0641)->(5,22,4.79615)->(5,23,6.11399)->(5,24,8.3282)->(4,24,10.5777)->(3,24,12.5777)->(2,24,5006.01)->
