Agent 0:(20,31,3.49433)->(20,30,6.40287)->(20,29,7.72071)->(20,28,8.40287)->(20,27,8.97071)->(20,26,9.48866)->(20,25,9.98866)->(20,24,10.4887)->(20,23,10.9887)->(20,22,11.4887)->(20,21,11.9887)->(20,20,12.4887)->(20,19,13.0066)->(20,18,13.5744)->(20,17,14.2566)->(20,16,15.5744)->(20,15,17.7887)->(19,15,20.0029)->(18,15,21.3207)->(17,15,22.0029)->(16,15,22.5707)->(15,15,23.0887)->(14,15,23.5887)->(13,15,24.0887)->(12,15,24.5887)->(11,15,25.0887)->(10,15,25.5887)->(9,15,26.0887)->(8,15,26.5887)->(7,15,27.1066)->(6,15,27.6744)->(5,15,28.3566)->(4,15,29.6744)->(3,15,5014.54)->
Agent 1:(17,5,1.94039)->(18,5,3.295)->(19,5,4.61284)->(20,5,5.30461)->(21,5,5.94028)->(22,5,6.63205)->(23,5,7.94989)->(24,5,10.1641)->(24,6,12.9641)->(24,7,18.4142)->(23,7,24.6643)->(23,8,5012.73)->
Agent 2:(22,5,2.95)->(22,6,5.31421)->(22,7,6.63205)->(22,8,7.31421)->(22,9,7.88205)->(22,10,8.4)->(22,11,8.9)->(22,12,9.4)->(22,13,9.9)->(22,14,10.4)->(22,15,10.9)->(22,16,11.4)->(22,17,11.9)->(22,18,12.4)->(22,19,12.9)->(22,20,13.4)->(22,21,13.9)->(22,22,14.4)->(22,23,14.9)->(22,24,15.4)->(22,25,15.9)->(22,26,16.4)->(22,27,16.9179)->(22,28,17.4858)->(22,29,18.1679)->(22,30,19.4858)->(22,31,22.1142)->(23,31,5011.25)->
Agent 3:(22,0,2.68205)->(22,1,4.77832)->(22,2,6.09615)->(22,3,6.77832)->(22,4,7.34615)->(22,5,7.8641)->(22,6,8.3641)->(22,7,8.8641)->(22,8,9.3641)->(22,9,9.8641)->(22,10,10.3641)->(22,11,10.8641)->(22,12,11.3641)->(22,13,11.8641)->(22,14,12.3641)->(22,15,12.8821)->(22,16,13.4499)->(22,17,14.1321)->(22,18,15.4499)->(22,19,17.6641)->(23,19,19.8783)->(24,19,21.1962)->(25,19,21.8783)->(26,19,22.4641)->(27,19,23.0499)->(28,19,23.7321)->(29,19,25.0499)->(30,19,5012.23)->
Agent 4:(10,30,3.05)->(10,29,5.51421)->(10,28,6.83205)->(10,27,7.51421)->(10,26,8.08205)->(10,25,8.6)->(10,24,9.1)->(10,23,9.6)->(10,22,10.1)->(10,21,10.6)->(10,20,11.1)->(10,19,11.6)->(10,18,12.1)->(10,17,12.6)->(10,16,13.1179)->(10,15,13.6858)->(10,14,14.3679)->(10,13,15.6858)->(10,12,17.9)->(9,12,20.1142)->(8,12,21.4321)->(7,12,22.1142)->(6,12,22.7)->(5,12,23.2858)->(4,12,23.9679)->(3,12,25.2858)->(2,12,5012.35)->
Agent 5:(10,22,2.2)->(9,22,3.81421)->(8,22,5.13205)->(7,22,5.81421)->(6,22,6.4)->(5,22,6.98579)->(4,22,7.66795)->(3,22,8.98579)->(2,22,11.2)->(2,23,13.4495)->(2,24,15.4495)->(2,25,5007.45)->
Agent 6:(27,23,3.36421)->(27,22,6.14264)->(27,21,7.46048)->(27,20,8.14264)->(27,19,8.71048)->(27,18,9.22843)->(27,17,9.72843)->(27,16,10.2284)->(27,15,10.7284)->(27,14,11.2284)->(27,13,11.7284)->(27,12,12.2464)->(27,11,12.8142)->(27,10,13.4964)->(27,9,14.8142)->(27,8,17.0284)->(26,8,19.2426)->(25,8,20.5605)->(24,8,21.2426)->(23,8,21.8105)->(22,8,22.3284)->(21,8,22.8284)->(20,8,23.3284)->(19,8,23.8284)->(18,8,24.3284)->(17,8,24.8284)->(16,8,25.3284)->(15,8,25.8284)->(14,8,26.3284)->(13,8,26.8284)->(12,8,27.3284)->(11,8,27.8464)->(10,8,28.4142)->(9,8,29.0964)->(8,8,30.4142)->(7,8,5014.91)->
Agent 7:(15,8,6.7)->(15,9,12.8142)->(15,10,14.1321)->(15,11,14.8142)->(15,12,15.3821)->(15,13,15.9)->(15,14,16.4)->(15,15,16.9)->(15,16,17.4)->(15,17,17.9)->(15,18,18.4)->(15,19,18.9)->(15,20,19.4)->(15,21,19.9179)->(15,22,20.4858)->(15,23,21.1679)->(15,24,22.4858)->(15,25,24.7)->(16,25,26.9142)->(17,25,28.2321)->(18,25,28.9142)->(19,25,29.4821)->(20,25,30.0179)->(21,25,30.5858)->(22,25,31.2679)->(23,25,32.5858)->(24,25,5016)->
Agent 8:(26,16,2.34989)->(25,16,4.11399)->(24,16,5.43183)->(23,16,6.11399)->(22,16,6.68183)->(21,16,7.21773)->(20,16,7.78556)->(19,16,8.46773)->(18,16,9.78556)->(17,16,12.8319)->(17,15,15.8783)->(17,14,17.1962)->(17,13,17.8783)->(17,12,18.4462)->(17,11,18.9641)->(17,10,19.4821)->(17,9,20.0499)->(17,8,20.7321)->(17,7,22.0499)->(17,6,24.6783)->(18,6,29.8606)->(18,7,5015.91)->
Agent 9:(14,31,2.2)->(14,30,3.81421)->(14,29,5.13205)->(14,28,5.81421)->(14,27,6.38205)->(14,26,6.9)->(14,25,7.4)->(14,24,7.9)->(14,23,8.4)->(14,22,8.9)->(14,21,9.4)->(14,20,9.91795)->(14,19,10.4858)->(14,18,11.1679)->(14,17,12.4858)->(14,16,14.7)->(13,16,16.9142)->(12,16,18.2321)->(11,16,18.9142)->(10,16,19.4821)->(9,16,20)->(8,16,20.5)->(7,16,21)->(6,16,21.5)->(5,16,22)->(4,16,22.5179)->(3,16,23.0858)->(2,16,23.7679)->(1,16,25.0858)->(0,16,5012.25)->
Agent 10:(3,31,5.55)->(3,30,10.5142)->(3,29,11.8321)->(3,28,12.5142)->(3,27,13.0821)->(3,26,13.6)->(3,25,14.1)->(3,24,14.6)->(3,23,15.1)->(3,22,15.6)->(3,21,16.1)->(3,20,16.6)->(3,19,17.1)->(3,18,17.6)->(3,17,18.1)->(3,16,18.6)->(3,15,19.1)->(3,14,19.6179)->(3,13,20.1858)->(3,12,20.8679)->(3,11,22.1858)->(3,10,24.4)->(4,10,26.6142)->(5,10,27.9321)->(6,10,28.6142)->(7,10,29.1821)->(8,10,29.7)->(9,10,30.2)->(10,10,30.7)->(11,10,31.2)->(12,10,31.7)->(13,10,32.2)->(14,10,32.7)->(15,10,33.2)->(16,10,33.7)->(17,10,34.2)->(18,10,34.7)->(19,10,35.2)->(20,10,35.7)->(21,10,36.2)->(22,10,36.7)->(23,10,37.2)->(24,10,37.7)->(25,10,38.2)->(26,10,38.7)->(27,10,39.2179)->(28,10,39.7858)->(29,10,40.4679)->(30,10,41.7858)->(31,10,44.4142)->(31,11,5022.4)->
Agent 11:(1,9,1.3)->(1,10,2.01421)->(1,11,3.33205)->(1,12,4.01421)->(1,13,4.58205)->(1,14,5.1)->(1,15,5.6)->(1,16,6.1)->(1,17,6.6)->(1,18,7.1)->(1,19,7.6)->(1,20,8.11795)->(1,21,8.68579)->(1,22,9.36795)->(1,23,10.6858)->(1,24,14.4995)->(2,24,18.3132)->(3,24,19.631)->(4,24,20.3132)->(5,24,20.881)->(6,24,21.399)->(7,24,21.899)->(8,24,22.399)->(9,24,22.899)->(10,24,23.399)->(11,24,23.899)->(12,24,24.399)->(13,24,24.899)->(14,24,25.399)->(15,24,25.899)->(16,24,26.399)->(17,24,26.899)->(18,24,27.399)->(19,24,27.899)->(20,24,28.4169)->(21,24,28.9848)->(22,24,29.6669)->(23,24,30.9848)->(24,24,5015.2)->
Agent 12:(9,23,1.8)->(10,23,3.01421)->(11,23,4.33205)->(12,23,5.01421)->(13,23,5.58205)->(14,23,6.1)->(15,23,6.6)->(16,23,7.1)->(17,23,7.6)->(18,23,8.1)->(19,23,8.6)->(20,23,9.1)->(21,23,9.6)->(22,23,10.1)->(23,23,10.6)->(24,23,11.1179)->(25,23,11.6858)->(26,23,12.3679)->(27,23,13.6858)->(28,23,15.9)->(28,22,18.1142)->(28,21,19.4321)->(28,20,20.1142)->(28,19,20.7)->(28,18,21.2858)->(28,17,21.9679)->(28,16,23.2858)->(28,15,25.9142)->(29,15,31.2963)->(28,15,5016.73)->
Agent 13:(7,7,3.71795)->(8,7,6.85011)->(9,7,8.16795)->(10,7,8.85011)->(11,7,9.41795)->(12,7,9.9359)->(13,7,10.4359)->(14,7,10.9359)->(15,7,11.4359)->(16,7,11.9359)->(17,7,12.4359)->(18,7,12.9359)->(19,7,13.4538)->(20,7,14.0217)->(21,7,14.7038)->(22,7,16.0217)->(23,7,18.2359)->(23,6,20.4501)->(23,5,21.8643)->(23,4,23.2785)->(23,3,5011.35)->
Agent 14:(31,7,1.3)->(31,8,2.01421)->(31,9,3.42843)->(31,10,4.84264)->(31,11,7.57843)->(31,10,10.3142)->(31,9,11.6321)->(31,8,12.3142)->(31,7,12.8821)->(31,6,13.4)->(31,5,13.9)->(31,4,14.4179)->(31,3,14.9858)->(31,2,15.6679)->(31,1,16.9858)->(31,0,19.2)->(30,0,21.4142)->(29,0,22.7321)->(28,0,23.4142)->(27,0,23.9821)->(26,0,24.5)->(25,0,25)->(24,0,25.5179)->(23,0,26.0858)->(22,0,26.7679)->(21,0,28.0858)->(20,0,5013.75)->
Agent 15:(24,26,1.8)->(25,26,3.6)->(26,26,7.93579)->(26,25,11.6858)->(26,24,13.1)->(26,23,14.5142)->(26,22,20.6426)->(26,23,5012.26)->
Agent 16:(5,31,2.2)->(5,30,3.81421)->(5,29,5.13205)->(5,28,5.81421)->(5,27,6.38205)->(5,26,6.9)->(5,25,7.4)->(5,24,7.9)->(5,23,8.4)->(5,22,8.9)->(5,21,9.4)->(5,20,9.9)->(5,19,10.4)->(5,18,10.9)->(5,17,11.4)->(5,16,11.9)->(5,15,12.4)->(5,14,12.9)->(5,13,13.4)->(5,12,13.9)->(5,11,14.4)->(5,10,14.9)->(5,9,15.4)->(5,8,15.9179)->(5,7,16.4858)->(5,6,17.1679)->(5,5,18.4858)->(5,4,20.7)->(6,4,22.9142)->(7,4,24.2321)->(8,4,24.9142)->(9,4,25.4821)->(10,4,26)->(11,4,26.5)->(12,4,27)->(13,4,27.5)->(14,4,28)->(15,4,28.5)->(16,4,29)->(17,4,29.5)->(18,4,30)->(19,4,30.5)->(20,4,31.0179)->(21,4,31.5858)->(22,4,32.2679)->(23,4,33.5858)->(24,4,36.2142)->(24,5,5018.3)->
Agent 17:(30,15,2.2)->(30,14,3.81421)->(30,13,5.13205)->(30,12,5.81421)->(30,11,6.38205)->(30,10,6.9)->(30,9,7.4)->(30,8,7.9)->(30,7,8.4)->(30,6,8.91795)->(30,5,9.48579)->(30,4,10.1679)->(30,3,11.4858)->(30,2,13.7)->(29,2,15.9142)->(28,2,17.2321)->(27,2,17.9142)->(26,2,18.4821)->(25,2,19)->(24,2,19.5)->(23,2,20)->(22,2,20.5179)->(21,2,21.0858)->(20,2,21.7679)->(19,2,23.0858)->(18,2,5011.25)->
Agent 18:(21,22,2.38579)->(21,21,4.18579)->(21,20,5.51964)->(21,19,6.34806)->(21,18,7.68191)->(21,17,9.89613)->(20,17,12.1103)->(19,17,13.4282)->(18,17,14.1103)->(17,17,14.6782)->(16,17,15.1961)->(15,17,15.6961)->(14,17,16.1961)->(13,17,16.6961)->(12,17,17.1961)->(11,17,17.6961)->(10,17,18.1961)->(9,17,18.6961)->(8,17,19.1961)->(7,17,19.6961)->(6,17,20.1961)->(5,17,20.6961)->(4,17,21.2141)->(3,17,21.7819)->(2,17,22.4641)->(1,17,23.7819)->(0,17,5011.6)->
Agent 19:(21,19,2.2)->(21,18,3.81421)->(21,17,5.13205)->(21,16,5.8641)->(21,15,6.59615)->(21,14,7.91399)->(21,13,10.8462)->(22,13,14.3641)->(23,13,18.1821)->(23,14,22)->(23,15,5011)->
Agent 20:(30,27,2.2)->(30,26,3.81421)->(30,25,5.13205)->(30,24,5.82382)->(30,23,6.45949)->(30,22,7.15126)->(30,21,8.4691)->(30,20,10.9917)->(29,20,13.5142)->(28,20,14.8481)->(27,20,15.6765)->(26,20,17.0103)->(25,20,5008.21)->
Agent 21:(18,21,2.21421)->(19,21,5.75)->(19,20,9.31421)->(19,19,10.6321)->(19,18,11.3142)->(19,17,11.8821)->(19,16,12.4)->(19,15,12.9)->(19,14,13.4)->(19,13,13.9)->(19,12,14.4)->(19,11,14.9)->(19,10,15.4)->(19,9,15.9)->(19,8,16.4)->(19,7,16.9)->(19,6,17.4)->(19,5,17.9)->(19,4,18.4179)->(19,3,18.9858)->(19,2,19.6679)->(19,1,20.9858)->(19,0,5010.2)->
Agent 22:(24,19,1.8)->(23,19,3.01421)->(22,19,4.33205)->(21,19,5.01421)->(20,19,5.58205)->(19,19,6.1)->(18,19,6.6)->(17,19,7.1)->(16,19,7.6)->(15,19,8.1)->(14,19,8.6)->(13,19,9.1)->(12,19,9.6)->(11,19,10.1)->(10,19,10.6)->(9,19,11.1)->(8,19,11.6)->(7,19,12.1)->(6,19,12.6179)->(5,19,13.1858)->(4,19,13.8679)->(3,19,15.1858)->(2,19,17.4)->(2,18,19.6142)->(2,17,20.9321)->(2,16,21.6142)->(2,15,22.1821)->(2,14,22.7179)->(2,13,23.2858)->(2,12,23.9679)->(2,11,25.2858)->(2,10,5012.35)->
Agent 23:(29,1,2.96421)->(29,2,5.34264)->(29,3,6.66048)->(29,4,7.34264)->(29,5,7.91048)->(29,6,8.42843)->(29,7,8.92843)->(29,8,9.42843)->(29,9,9.92843)->(29,10,10.4284)->(29,11,10.9284)->(29,12,11.4284)->(29,13,11.9284)->(29,14,12.4284)->(29,15,12.9284)->(29,16,13.4284)->(29,17,13.9284)->(29,18,14.4284)->(29,19,14.9464)->(29,20,15.5142)->(29,21,16.1964)->(29,22,17.5142)->(29,23,19.7284)->(28,23,21.9426)->(27,23,23.2605)->(26,23,23.9426)->(25,23,24.5105)->(24,23,25.0284)->(23,23,25.5284)->(22,23,26.0284)->(21,23,26.5284)->(20,23,27.0284)->(19,23,27.5284)->(18,23,28.0284)->(17,23,28.5284)->(16,23,29.0284)->(15,23,29.5284)->(14,23,30.0284)->(13,23,30.5284)->(12,23,31.0284)->(11,23,31.5464)->(10,23,32.1142)->(9,23,32.7964)->(8,23,34.1142)->(7,23,5016.76)->
Agent 24:(6,20,2.2)->(6,19,3.81421)->(6,18,5.13205)->(6,17,5.81421)->(6,16,6.38205)->(6,15,6.9)->(6,14,7.4)->(6,13,7.9)->(6,12,8.4)->(6,11,8.9)->(6,10,9.4)->(6,9,9.9)->(6,8,10.4)->(6,7,10.9179)->(6,6,11.4858)->(6,5,12.1679)->(6,4,13.4858)->(6,3,16.1142)->(7,3,22.1463)->(7,4,5012.48)->
Agent 25:(7,15,1.8)->(6,15,3.01421)->(5,15,4.33205)->(4,15,5.0641)->(3,15,5.79615)->(2,15,7.11399)->(1,15,9.3282)->(1,16,11.5424)->(1,17,12.8603)->(1,18,13.5424)->(1,19,14.1282)->(1,20,14.714)->(1,21,15.3962)->(1,22,16.714)->(1,23,5008.06)->
Agent 26:(24,13,1.3)->(24,14,2.01421)->(24,15,3.33205)->(24,16,4.0641)->(24,17,4.79615)->(24,18,6.11399)->(24,19,9.4641)->(23,19,12.8142)->(22,19,14.1321)->(21,19,14.8142)->(20,19,15.3821)->(19,19,15.9)->(18,19,16.4)->(17,19,16.9)->(16,19,17.4)->(15,19,17.9)->(14,19,18.4179)->(13,19,18.9858)->(12,19,19.6679)->(11,19,20.9858)->(10,19,5010.2)->
Agent 27:(12,20,2.2)->(12,19,3.81421)->(12,18,5.13205)->(12,17,5.82382)->(12,16,6.45949)->(12,15,7.15126)->(12,14,8.4691)->(12,13,12.4917)->(11,13,17.1)->(10,13,5008.55)->
Agent 28:(3,1,1.3)->(3,2,2.01421)->(3,3,3.33205)->(3,4,4.0641)->(3,5,4.79615)->(3,6,6.11399)->(3,7,8.3282)->(4,7,10.5424)->(5,7,11.8603)->(6,7,12.5424)->(7,7,13.1103)->(8,7,13.6282)->(9,7,14.1282)->(10,7,14.6282)->(11,7,15.1282)->(12,7,15.6282)->(13,7,16.1282)->(14,7,16.6282)->(15,7,17.1282)->(16,7,17.6282)->(17,7,18.1282)->(18,7,18.6462)->(19,7,19.214)->(20,7,19.8962)->(21,7,21.214)->(22,7,23.8424)->(22,6,28.4426)->(22,7,5014.91)->
Agent 29:(12,3,1.3)->(12,4,2.01421)->(12,5,3.33205)->(12,6,4.02382)->(12,7,4.65949)->(12,8,5.35126)->(12,9,6.6691)->(12,10,10.0595)->(13,10,13.4499)->(14,10,14.7677)->(15,10,15.4499)->(16,10,16.0177)->(17,10,16.5357)->(18,10,17.0357)->(19,10,17.5357)->(20,10,18.0357)->(21,10,18.5357)->(22,10,19.0357)->(23,10,19.5357)->(24,10,20.0357)->(25,10,20.5357)->(26,10,21.0536)->(27,10,21.6215)->(28,10,22.3036)->(29,10,23.6215)->(30,10,25.8357)->(30,9,28.6357)->(30,8,35.9178)->(30,9,43.2)->(30,10,5021.6)->
Agent 30:(17,20,2.2)->(17,19,3.81421)->(17,18,5.13205)->(17,17,5.81421)->(17,16,6.38205)->(17,15,6.9)->(17,14,7.4)->(17,13,7.9)->(17,12,8.41795)->(17,11,8.98579)->(17,10,9.66795)->(17,9,10.9858)->(17,8,13.7821)->(16,8,16.5783)->(15,8,17.8962)->(14,8,18.5783)->(13,8,19.1462)->(12,8,19.6641)->(11,8,20.1641)->(10,8,20.6641)->(9,8,21.1821)->(8,8,21.7499)->(7,8,22.4321)->(6,8,23.7499)->(5,8,5011.58)->
Agent 31:(22,13,1.3)->(22,14,2.01421)->(22,15,3.33205)->(22,16,4.01421)->(22,17,4.58205)->(22,18,5.1)->(22,19,5.6)->(22,20,6.1)->(22,21,6.6)->(22,22,7.11795)->(22,23,7.68579)->(22,24,8.36795)->(22,25,9.68579)->(22,26,12.5)->(21,26,15.3142)->(20,26,16.6321)->(19,26,17.3142)->(18,26,17.8821)->(17,26,18.4)->(16,26,18.9)->(15,26,19.4179)->(14,26,19.9858)->(13,26,20.6679)->(12,26,21.9858)->(11,26,24.6142)->(11,27,5012.5)->
Agent 32:(11,12,3.44039)->(12,12,6.295)->(13,12,7.61284)->(14,12,8.30461)->(15,12,8.94028)->(16,12,9.63205)->(17,12,10.9499)->(18,12,14.0463)->(18,11,5007.45)->
Agent 33:(18,0,1.93205)->(18,1,3.27832)->(18,2,4.59615)->(18,3,5.27832)->(18,4,5.84615)->(18,5,6.3641)->(18,6,6.8641)->(18,7,7.3641)->(18,8,7.8641)->(18,9,8.3641)->(18,10,8.8641)->(18,11,9.3641)->(18,12,9.8641)->(18,13,10.3641)->(18,14,10.8641)->(18,15,11.3641)->(18,16,11.8641)->(18,17,12.3641)->(18,18,12.8641)->(18,19,13.3641)->(18,20,13.8641)->(18,21,14.3641)->(18,22,14.8641)->(18,23,15.3641)->(18,24,15.8641)->(18,25,16.3641)->(18,26,16.8641)->(18,27,17.3821)->(18,28,17.9499)->(18,29,18.6321)->(18,30,19.9499)->(18,31,22.1641)->(17,31,24.3783)->(16,31,25.6962)->(15,31,26.3879)->(14,31,27.0236)->(13,31,27.7154)->(12,31,29.0332)->(11,31,5014.22)->
Agent 34:(15,24,2.2)->(15,23,3.81421)->(15,22,5.13205)->(15,21,5.81421)->(15,20,6.38205)->(15,19,6.9)->(15,18,7.41795)->(15,17,7.98579)->(15,16,8.66795)->(15,15,9.98579)->(15,14,12.2)->(16,14,14.4142)->(17,14,15.7321)->(18,14,16.4142)->(19,14,16.9821)->(20,14,17.5)->(21,14,18.0179)->(22,14,18.5858)->(23,14,19.2679)->(24,14,20.5858)->(25,14,23.2142)->(25,15,5011.8)->
Agent 35:(4,5,1.3)->(4,6,2.01421)->(4,7,3.33205)->(4,8,4.01421)->(4,9,4.58205)->(4,10,5.11795)->(4,11,5.68579)->(4,12,6.36795)->(4,13,7.68579)->(4,14,15.0321)->(5,14,22.3783)->(6,14,23.6962)->(7,14,24.3783)->(8,14,24.9462)->(9,14,25.4641)->(10,14,25.9641)->(11,14,26.4641)->(12,14,26.9641)->(13,14,27.4821)->(14,14,28.0499)->(15,14,28.7321)->(16,14,30.0499)->(17,14,5014.73)->
Agent 36:(23,26,2.7)->(23,25,4.81421)->(23,24,6.13205)->(23,23,6.81421)->(23,22,7.38205)->(23,21,7.9)->(23,20,8.4)->(23,19,8.9)->(23,18,9.4)->(23,17,9.9)->(23,16,10.4)->(23,15,10.9)->(23,14,11.4)->(23,13,11.9)->(23,12,12.4)->(23,11,12.9)->(23,10,13.4)->(23,9,13.9)->(23,8,14.4)->(23,7,14.9179)->(23,6,15.4858)->(23,5,16.1679)->(23,4,17.4858)->(23,3,19.7)->(22,3,21.9142)->(21,3,23.2321)->(20,3,23.9142)->(19,3,24.4821)->(18,3,25)->(17,3,25.5)->(16,3,26)->(15,3,26.5)->(14,3,27)->(13,3,27.5)->(12,3,28)->(11,3,28.5)->(10,3,29)->(9,3,29.5)->(8,3,30.0179)->(7,3,30.5858)->(6,3,31.2679)->(5,3,32.5858)->(4,3,35.2142)->(4,4,5017.8)->
Agent 37:(23,4,2.18205)->(22,4,3.77832)->(21,4,5.09615)->(20,4,5.77832)->(19,4,6.34615)->(18,4,6.8641)->(17,4,7.3641)->(16,4,7.8641)->(15,4,8.3641)->(14,4,8.8641)->(13,4,9.3641)->(12,4,9.88205)->(11,4,10.4499)->(10,4,11.1321)->(9,4,12.4499)->(8,4,15.2641)->(8,5,18.0783)->(8,6,19.3962)->(8,7,20.0783)->(8,8,20.6462)->(8,9,21.1641)->(8,10,21.6641)->(8,11,22.1641)->(8,12,22.6641)->(8,13,23.1641)->(8,14,23.6641)->(8,15,24.1641)->(8,16,24.6641)->(8,17,25.1821)->(8,18,25.7499)->(8,19,26.4321)->(8,20,27.7499)->(8,21,5013.58)->
Agent 38:(27,17,2.2)->(27,16,3.81421)->(27,15,5.13205)->(27,14,5.81421)->(27,13,6.38205)->(27,12,6.9)->(27,11,7.41795)->(27,10,7.98579)->(27,9,8.66795)->(27,8,9.98579)->(27,7,18.1143)->(26,7,26.2429)->(25,7,27.5607)->(24,7,28.2429)->(23,7,28.8107)->(22,7,29.3287)->(21,7,29.8287)->(20,7,30.3287)->(19,7,30.8287)->(18,7,31.3287)->(17,7,31.8287)->(16,7,32.3287)->(15,7,32.8287)->(14,7,33.3287)->(13,7,33.8287)->(12,7,34.3287)->(11,7,34.8287)->(10,7,35.3466)->(9,7,35.9144)->(8,7,36.5966)->(7,7,37.9144)->(6,7,40.5429)->(6,8,5020.46)->
Agent 39:(1,27,3.93205)->(2,27,7.27832)->(3,27,8.59615)->(4,27,9.27832)->(5,27,9.84615)->(6,27,10.3641)->(7,27,10.8641)->(8,27,11.3641)->(9,27,11.8641)->(10,27,12.3641)->(11,27,12.8641)->(12,27,13.3641)->(13,27,13.8641)->(14,27,14.3641)->(15,27,14.8641)->(16,27,15.3641)->(17,27,15.8641)->(18,27,16.3641)->(19,27,16.8641)->(20,27,17.3641)->(21,27,17.8641)->(22,27,18.3641)->(23,27,18.8641)->(24,27,19.3821)->(25,27,19.9499)->(26,27,20.6321)->(27,27,21.9499)->(28,27,24.1641)->(28,26,26.3783)->(28,25,27.6962)->(28,24,28.3783)->(28,23,28.9462)->(28,22,29.4641)->(28,21,29.9641)->(28,20,30.4641)->(28,19,30.9641)->(28,18,31.4641)->(28,17,31.9641)->(28,16,32.4641)->(28,15,32.9641)->(28,14,33.4641)->(28,13,33.9641)->(28,12,34.4641)->(28,11,34.9641)->(28,10,35.4641)->(28,9,35.9641)->(28,8,36.4641)->(28,7,36.9641)->(28,6,37.4641)->(28,5,37.9821)->(28,4,38.5499)->(28,3,39.2321)->(28,2,40.5499)->(28,1,5019.98)->
Agent 40:(2,29,2.2)->(2,28,3.81421)->(2,27,5.13205)->(2,26,5.81421)->(2,25,6.38205)->(2,24,6.9)->(2,23,7.4)->(2,22,7.9)->(2,21,8.4)->(2,20,8.9)->(2,19,9.4)->(2,18,9.9)->(2,17,10.4)->(2,16,10.9)->(2,15,11.4)->(2,14,11.9)->(2,13,12.4)->(2,12,12.9)->(2,11,13.4)->(2,10,13.9179)->(2,9,14.4858)->(2,8,15.1679)->(2,7,16.4858)->(2,6,18.7)->(3,6,20.9142)->(4,6,22.2321)->(5,6,22.9641)->(6,6,23.6962)->(7,6,25.014)->(8,6,5012.21)->
Agent 41:(13,0,1.71421)->(13,1,3.81421)->(14,1,6.44264)->(15,1,7.76048)->(16,1,8.44264)->(17,1,9.02843)->(18,1,9.61421)->(19,1,10.2964)->(20,1,11.6142)->(21,1,5005.51)->
Agent 42:(26,27,2.21421)->(27,27,4.81421)->(27,26,7.47792)->(27,25,9.47792)->(27,24,11.7274)->(28,24,13.9769)->(29,24,15.9769)->(30,24,22.1952)->(29,24,28.9641)->(28,24,5014.48)->
Agent 43:(11,1,1.3)->(11,2,2.01421)->(11,3,3.33205)->(11,4,4.01421)->(11,5,4.58205)->(11,6,5.1)->(11,7,5.6)->(11,8,6.1)->(11,9,6.6)->(11,10,7.1)->(11,11,7.6)->(11,12,8.1)->(11,13,8.6)->(11,14,9.1)->(11,15,9.6)->(11,16,10.1)->(11,17,10.6)->(11,18,11.1179)->(11,19,11.6858)->(11,20,12.3679)->(11,21,13.6858)->(11,22,15.9)->(10,22,18.1495)->(9,22,20.1495)->(8,22,5009.8)->
Agent 44:(7,30,2.2)->(7,29,3.81421)->(7,28,5.13205)->(7,27,5.81421)->(7,26,6.38205)->(7,25,6.9)->(7,24,7.4)->(7,23,7.9)->(7,22,8.4)->(7,21,8.9)->(7,20,9.4)->(7,19,9.9)->(7,18,10.4)->(7,17,10.9)->(7,16,11.4)->(7,15,11.9)->(7,14,12.4)->(7,13,12.9)->(7,12,13.4)->(7,11,13.9)->(7,10,14.4)->(7,9,14.9179)->(7,8,15.4858)->(7,7,16.1679)->(7,6,17.4858)->(7,5,19.7)->(6,5,21.9142)->(5,5,23.3284)->(4,5,24.7426)->(3,5,27.3711)->(3,6,5013.88)->
Agent 45:(28,2,1.3)->(28,3,2.01421)->(28,4,3.33205)->(28,5,4.01421)->(28,6,4.58205)->(28,7,5.1)->(28,8,5.6)->(28,9,6.1)->(28,10,6.6)->(28,11,7.1)->(28,12,7.6)->(28,13,8.1)->(28,14,8.6)->(28,15,9.1)->(28,16,9.6)->(28,17,10.1179)->(28,18,10.6858)->(28,19,11.3679)->(28,20,12.6858)->(28,21,14.9)->(27,21,17.1495)->(26,21,19.1495)->(25,21,21.8132)->(25,22,5011.1)->
Agent 46:(31,4,1.3)->(31,5,2.01421)->(31,6,3.34806)->(31,7,4.17649)->(31,8,5.51034)->(31,9,7.91228)->(30,9,10.3142)->(29,9,11.6321)->(28,9,12.3142)->(27,9,12.8821)->(26,9,13.4)->(25,9,13.9)->(24,9,14.4)->(23,9,14.9)->(22,9,15.4)->(21,9,15.9)->(20,9,16.4)->(19,9,16.9)->(18,9,17.4)->(17,9,17.9179)->(16,9,18.4858)->(15,9,19.1679)->(14,9,20.4858)->(13,9,5009.95)->
Agent 47:(26,13,2.2)->(26,12,4.4)->(26,11,7.4)->(25,11,9.81421)->(24,11,11.1321)->(23,11,11.8142)->(22,11,12.3821)->(21,11,12.9)->(20,11,13.4)->(19,11,13.9)->(18,11,14.4)->(17,11,14.9)->(16,11,15.4179)->(15,11,15.9858)->(14,11,16.6679)->(13,11,17.9858)->(12,11,5008.7)->
Agent 48:(13,12,1.3)->(13,13,2.01421)->(13,14,3.33205)->(13,15,4.01421)->(13,16,4.58205)->(13,17,5.1)->(13,18,5.6)->(13,19,6.1)->(13,20,6.6)->(13,21,7.1)->(13,22,7.6)->(13,23,8.1)->(13,24,8.6)->(13,25,9.1)->(13,26,9.61795)->(13,27,10.1858)->(13,28,10.8679)->(13,29,12.1858)->(13,30,14.4)->(12,30,16.6142)->(11,30,17.9321)->(10,30,18.6142)->(9,30,19.1821)->(8,30,19.7)->(7,30,20.2)->(6,30,20.7179)->(5,30,21.2858)->(4,30,21.9679)->(3,30,23.2858)->(2,30,5011.35)->
Agent 49:(14,12,2.9141)->(14,11,5.24242)->(14,10,6.56025)->(14,9,7.24242)->(14,8,7.81025)->(14,7,8.3282)->(14,6,8.84615)->(14,5,9.41399)->(14,4,10.0962)->(14,3,11.414)->(14,2,13.6282)->(15,2,16.4282)->(16,2,5008.21)->
