Agent 0:(29,14,2.21421)->(30,14,6.4)->(29,14,10.6142)->(28,14,11.9321)->(27,14,12.6142)->(26,14,13.1821)->(25,14,13.7)->(24,14,14.2)->(23,14,14.7)->(22,14,15.2)->(21,14,15.7)->(20,14,16.2)->(19,14,16.7)->(18,14,17.2)->(17,14,17.7)->(16,14,18.2)->(15,14,18.7)->(14,14,19.2)->(13,14,19.7)->(12,14,20.2)->(11,14,20.7179)->(10,14,21.2858)->(9,14,21.9679)->(8,14,23.2858)->(7,14,25.9142)->(7,13,29.9284)->(6,13,5015.36)->
Agent 1:(8,17,1.4142)->(8,18,2.24261)->(8,19,3.56045)->(8,20,4.25222)->(8,21,4.88789)->(8,22,5.57966)->(8,23,6.8975)->(8,24,10.4975)->(7,24,14.0975)->(6,24,15.4314)->(5,24,16.2598)->(4,24,17.5937)->(3,24,20.2221)->(3,25,5010.3)->
Agent 2:(28,1,1.8)->(27,1,3.01421)->(26,1,4.33205)->(25,1,5.01421)->(24,1,5.58205)->(23,1,6.1)->(22,1,6.6)->(21,1,7.1)->(20,1,7.6)->(19,1,8.1)->(18,1,8.6)->(17,1,9.1)->(16,1,9.6)->(15,1,10.1)->(14,1,10.6)->(13,1,11.1)->(12,1,11.6179)->(11,1,12.1858)->(10,1,12.8679)->(9,1,14.1858)->(8,1,21.9321)->(8,2,29.6783)->(8,3,30.9962)->(8,4,31.6783)->(8,5,32.2462)->(8,6,32.7641)->(8,7,33.2641)->(8,8,33.7641)->(8,9,34.2641)->(8,10,34.7641)->(8,11,35.2641)->(8,12,35.7641)->(8,13,36.2641)->(8,14,36.7641)->(8,15,37.2641)->(8,16,37.7641)->(8,17,38.2641)->(8,18,38.7641)->(8,19,39.2821)->(8,20,39.8499)->(8,21,40.5321)->(8,22,41.8499)->(8,23,44.0641)->(7,23,46.8641)->(6,23,5023.43)->
Agent 3:(19,0,1.3)->(19,1,2.01421)->(19,2,3.33205)->(19,3,4.01421)->(19,4,4.58205)->(19,5,5.1)->(19,6,5.61795)->(19,7,6.18579)->(19,8,6.86795)->(19,9,8.18579)->(19,10,10.8142)->(18,10,15.85)->(18,11,20.5)->(18,12,5010.25)->
Agent 4:(3,20,1.8)->(2,20,3.6)->(1,20,6.4)->(1,19,8.61421)->(1,18,9.93205)->(1,17,10.6641)->(1,16,11.3962)->(1,15,12.714)->(1,14,15.6567)->(0,14,5008.18)->
Agent 5:(5,18,1.3)->(5,19,2.04949)->(5,20,4.04949)->(5,21,6.42693)->(6,21,8.7691)->(7,21,10.0869)->(8,21,10.7691)->(9,21,11.3369)->(10,21,11.8549)->(11,21,12.3549)->(12,21,12.8549)->(13,21,13.3549)->(14,21,13.8728)->(15,21,14.4407)->(16,21,15.1228)->(17,21,16.4407)->(18,21,5007.93)->
Agent 6:(22,28,2.2)->(22,27,3.81421)->(22,26,5.14806)->(22,25,5.97649)->(22,24,7.31034)->(22,23,9.89346)->(21,23,12.4766)->(20,23,13.7944)->(19,23,14.4766)->(18,23,15.0444)->(17,23,15.5624)->(16,23,16.0624)->(15,23,16.5624)->(14,23,17.0803)->(13,23,17.6481)->(12,23,18.3303)->(11,23,19.6481)->(10,23,5009.53)->
Agent 7:(30,4,1.3)->(30,5,2.6)->(30,6,8.63772)->(29,6,14.0897)->(28,6,15.4075)->(27,6,16.0897)->(26,6,16.6575)->(25,6,17.1754)->(24,6,17.6754)->(23,6,18.1754)->(22,6,18.6754)->(21,6,19.1754)->(20,6,19.6754)->(19,6,20.1754)->(18,6,20.6934)->(17,6,21.2612)->(16,6,21.9434)->(15,6,23.2612)->(14,6,5011.34)->
Agent 8:(31,1,1.3)->(31,2,2.01421)->(31,3,3.33205)->(31,4,4.01421)->(31,5,4.58205)->(31,6,5.1)->(31,7,5.6)->(31,8,6.1)->(31,9,6.61795)->(31,10,7.18579)->(31,11,7.86795)->(31,12,9.18579)->(31,13,11.4)->(30,13,13.6142)->(29,13,14.9321)->(28,13,15.6142)->(27,13,16.1821)->(26,13,16.7)->(25,13,17.2)->(24,13,17.7)->(23,13,18.2)->(22,13,18.7)->(21,13,19.2)->(20,13,19.7)->(19,13,20.2)->(18,13,20.7)->(17,13,21.2)->(16,13,21.7)->(15,13,22.2179)->(14,13,22.7858)->(13,13,23.4679)->(12,13,24.7858)->(11,13,27.35)->(11,14,29.9142)->(11,15,31.2321)->(11,16,31.9142)->(11,17,32.4821)->(11,18,33)->(11,19,33.5)->(11,20,34.0179)->(11,21,34.5858)->(11,22,35.2679)->(11,23,36.5858)->(11,24,5018)->
Agent 9:(6,5,1.34166)->(6,6,2.09753)->(6,7,3.41537)->(6,8,4.09753)->(6,9,4.66537)->(6,10,5.18331)->(6,11,5.68331)->(6,12,6.18331)->(6,13,6.68331)->(6,14,7.18331)->(6,15,7.68331)->(6,16,8.18331)->(6,17,8.68331)->(6,18,9.18331)->(6,19,9.68331)->(6,20,10.1833)->(6,21,10.7013)->(6,22,11.2691)->(6,23,11.9513)->(6,24,13.2691)->(6,25,15.4833)->(7,25,17.6975)->(8,25,19.0154)->(9,25,19.7071)->(10,25,20.3428)->(11,25,21.0346)->(12,25,22.3524)->(13,25,24.5666)->(13,26,26.7808)->(13,27,28.1951)->(13,28,29.6093)->(13,29,5014.51)->
Agent 10:(19,19,1.8)->(20,19,3.01421)->(21,19,4.33205)->(22,19,5.01421)->(23,19,5.58205)->(24,19,6.1)->(25,19,6.61795)->(26,19,7.18579)->(27,19,7.86795)->(28,19,9.18579)->(29,19,11.4)->(29,18,13.6142)->(29,17,14.9321)->(29,16,15.6238)->(29,15,16.2595)->(29,14,16.9513)->(29,13,18.2691)->(29,12,5008.84)->
Agent 11:(11,30,3.34166)->(11,29,6.09753)->(11,28,7.41537)->(11,27,8.09753)->(11,26,8.66537)->(11,25,9.18331)->(11,24,9.68331)->(11,23,10.1833)->(11,22,10.7013)->(11,21,11.2691)->(11,20,11.9513)->(11,19,13.2691)->(11,18,15.4833)->(10,18,18.2833)->(9,18,25.8917)->(10,18,33.5)->(11,18,5016.75)->
Agent 12:(8,19,1.3)->(8,20,2.01421)->(8,21,3.33205)->(8,22,4.02382)->(8,23,4.65949)->(8,24,5.35126)->(8,25,6.6691)->(8,26,10.3833)->(8,25,14.0975)->(8,24,15.4154)->(8,23,16.0975)->(8,22,16.6654)->(8,21,17.1833)->(8,20,17.6833)->(8,19,18.1833)->(8,18,18.6833)->(8,17,19.1833)->(8,16,19.6833)->(8,15,20.1833)->(8,14,20.6833)->(8,13,21.1833)->(8,12,21.6833)->(8,11,22.1833)->(8,10,22.6833)->(8,9,23.2013)->(8,8,23.7691)->(8,7,24.4513)->(8,6,25.7691)->(8,5,27.9833)->(9,5,30.1975)->(10,5,31.5154)->(11,5,32.1975)->(12,5,32.7654)->(13,5,33.2833)->(14,5,33.7833)->(15,5,34.2833)->(16,5,34.7833)->(17,5,35.2833)->(18,5,35.7833)->(19,5,36.2833)->(20,5,36.8013)->(21,5,37.3691)->(22,5,38.0513)->(23,5,39.3691)->(24,5,5019.39)->
Agent 13:(14,3,1.3)->(14,4,2.01421)->(14,5,3.33205)->(14,6,4.01421)->(14,7,4.58205)->(14,8,5.1)->(14,9,5.6)->(14,10,6.1)->(14,11,6.6)->(14,12,7.1)->(14,13,7.6)->(14,14,8.1)->(14,15,8.6)->(14,16,9.1)->(14,17,9.6)->(14,18,10.1)->(14,19,10.6)->(14,20,11.1)->(14,21,11.6)->(14,22,12.1)->(14,23,12.6)->(14,24,13.1179)->(14,25,13.6858)->(14,26,14.3679)->(14,27,15.6858)->(14,28,17.9)->(13,28,20.7)->(12,28,23.5)->(12,27,25.7142)->(12,26,27.0321)->(12,25,27.7142)->(12,24,28.2821)->(12,23,28.8179)->(12,22,29.3858)->(12,21,30.0679)->(12,20,31.3858)->(12,19,34.0142)->(13,19,5017.2)->
Agent 14:(4,24,1.8)->(3,24,3.01421)->(2,24,4.42843)->(1,24,5.84264)->(0,24,8.05685)->(0,23,10.2711)->(0,22,11.5889)->(0,21,12.2711)->(0,20,12.8389)->(0,19,13.3569)->(0,18,13.8569)->(0,17,14.3569)->(0,16,14.8569)->(0,15,15.3569)->(0,14,15.8569)->(0,13,16.3569)->(0,12,16.8569)->(0,11,17.3569)->(0,10,17.8569)->(0,9,18.3748)->(0,8,18.9426)->(0,7,19.6248)->(0,6,20.9426)->(0,5,5010.18)->
Agent 15:(23,29,8.03216)->(23,28,15.4785)->(23,27,16.7964)->(23,26,17.4785)->(23,25,18.0464)->(23,24,18.5643)->(23,23,19.0643)->(23,22,19.5643)->(23,21,20.0643)->(23,20,20.5643)->(23,19,21.0643)->(23,18,21.5643)->(23,17,22.0643)->(23,16,22.5643)->(23,15,23.0643)->(23,14,23.5643)->(23,13,24.0643)->(23,12,24.5643)->(23,11,25.0643)->(23,10,25.5643)->(23,9,26.0643)->(23,8,26.5643)->(23,7,27.0823)->(23,6,27.6501)->(23,5,28.3323)->(23,4,29.6501)->(23,3,31.8643)->(22,3,34.0785)->(21,3,35.3964)->(20,3,36.0785)->(19,3,36.6464)->(18,3,37.1643)->(17,3,37.6643)->(16,3,38.1643)->(15,3,38.6823)->(14,3,39.2501)->(13,3,39.9323)->(12,3,41.2501)->(11,3,5020.33)->
Agent 16:(17,5,2.6)->(17,6,4.61421)->(17,7,5.93205)->(17,8,6.61421)->(17,9,7.18205)->(17,10,7.7)->(17,11,8.2)->(17,12,8.7)->(17,13,9.2)->(17,14,9.7)->(17,15,10.2)->(17,16,10.7)->(17,17,11.2)->(17,18,11.7)->(17,19,12.2)->(17,20,12.7)->(17,21,13.2)->(17,22,13.7)->(17,23,14.2)->(17,24,14.7179)->(17,25,15.2858)->(17,26,15.9679)->(17,27,17.2858)->(17,28,19.5)->(18,28,21.7142)->(19,28,23.0321)->(20,28,23.7142)->(21,28,24.2821)->(22,28,24.8)->(23,28,25.3)->(24,28,25.8)->(25,28,26.3)->(26,28,26.8179)->(27,28,27.3858)->(28,28,28.0679)->(29,28,29.3858)->(30,28,5014.4)->
Agent 17:(28,26,5.51421)->(28,25,10.4426)->(28,24,11.7605)->(28,23,12.4426)->(28,22,13.0105)->(28,21,13.5284)->(28,20,14.0284)->(28,19,14.5284)->(28,18,15.0284)->(28,17,15.5284)->(28,16,16.0284)->(28,15,16.5284)->(28,14,17.0284)->(28,13,17.5284)->(28,12,18.0284)->(28,11,18.5464)->(28,10,19.1142)->(28,9,19.7964)->(28,8,21.1142)->(28,7,23.3284)->(27,7,25.5426)->(26,7,26.8605)->(25,7,27.5426)->(24,7,28.1105)->(23,7,28.6284)->(22,7,29.1284)->(21,7,29.6284)->(20,7,30.1284)->(19,7,30.6284)->(18,7,31.1284)->(17,7,31.6284)->(16,7,32.1284)->(15,7,32.6284)->(14,7,33.1284)->(13,7,33.6284)->(12,7,34.1284)->(11,7,34.6284)->(10,7,35.1284)->(9,7,35.6284)->(8,7,36.1284)->(7,7,36.6464)->(6,7,37.2142)->(5,7,37.8964)->(4,7,39.2142)->(3,7,5019.31)->
Agent 18:(9,17,1.4142)->(9,18,2.24261)->(9,19,3.56045)->(9,20,4.24261)->(9,21,4.8284)->(9,22,5.41419)->(9,23,6.09635)->(9,24,7.41419)->(9,25,12.0597)->(10,25,16.7052)->(11,25,18.0231)->(12,25,18.7551)->(13,25,19.4872)->(14,25,20.805)->(15,25,5010.11)->
Agent 19:(21,30,1.8)->(20,30,3.01421)->(19,30,4.33205)->(18,30,5.01421)->(17,30,5.58205)->(16,30,6.1)->(15,30,6.6)->(14,30,7.1)->(13,30,7.6)->(12,30,8.1)->(11,30,8.6)->(10,30,9.1)->(9,30,9.6)->(8,30,10.1)->(7,30,10.6)->(6,30,11.1)->(5,30,11.6179)->(4,30,12.1858)->(3,30,12.8679)->(2,30,14.1858)->(1,30,5006.8)->
Agent 20:(31,30,2.2)->(31,29,3.81421)->(31,28,5.13205)->(31,27,5.81421)->(31,26,6.38205)->(31,25,6.9)->(31,24,7.4)->(31,23,7.9)->(31,22,8.4)->(31,21,8.9)->(31,20,9.4)->(31,19,9.9)->(31,18,10.4179)->(31,17,10.9858)->(31,16,11.6679)->(31,15,12.9858)->(31,14,15.2)->(30,14,17.4142)->(29,14,18.7321)->(28,14,19.4142)->(27,14,19.9821)->(26,14,20.5)->(25,14,21)->(24,14,21.5)->(23,14,22)->(22,14,22.5)->(21,14,23)->(20,14,23.5)->(19,14,24)->(18,14,24.5)->(17,14,25)->(16,14,25.5)->(15,14,26)->(14,14,26.5)->(13,14,27)->(12,14,27.5)->(11,14,28)->(10,14,28.5179)->(9,14,29.0858)->(8,14,29.7679)->(7,14,31.0858)->(6,14,33.7142)->(6,15,5017.05)->
Agent 21:(29,5,1.3)->(29,6,2.01421)->(29,7,3.33205)->(29,8,4.01421)->(29,9,4.58205)->(29,10,5.1)->(29,11,5.6)->(29,12,6.1)->(29,13,6.61795)->(29,14,7.18579)->(29,15,7.86795)->(29,16,9.18579)->(29,17,11.4)->(28,17,13.6142)->(27,17,14.9321)->(26,17,15.6142)->(25,17,16.1821)->(24,17,16.7)->(23,17,17.2)->(22,17,17.7)->(21,17,18.2)->(20,17,18.7)->(19,17,19.2)->(18,17,19.7)->(17,17,20.2179)->(16,17,20.7858)->(15,17,21.4679)->(14,17,22.7858)->(13,17,25)->(13,18,27.2142)->(13,19,28.5321)->(13,20,29.2142)->(13,21,29.7821)->(13,22,30.3)->(13,23,30.8)->(13,24,31.3179)->(13,25,31.8858)->(13,26,32.5679)->(13,27,33.8858)->(13,28,5016.65)->
Agent 22:(4,11,1.3)->(4,12,2.01421)->(4,13,3.33205)->(4,14,4.0641)->(4,15,4.79615)->(4,16,6.11399)->(4,17,15.3821)->(5,17,24.6501)->(6,17,25.9679)->(7,17,26.6501)->(8,17,27.2179)->(9,17,27.7359)->(10,17,28.2359)->(11,17,28.7359)->(12,17,29.2538)->(13,17,29.8217)->(14,17,30.5038)->(15,17,31.8217)->(16,17,5015.62)->
Agent 23:(26,1,1.3)->(26,2,2.01421)->(26,3,3.33205)->(26,4,4.01421)->(26,5,4.58205)->(26,6,5.1)->(26,7,5.6)->(26,8,6.1)->(26,9,6.6)->(26,10,7.1)->(26,11,7.6)->(26,12,8.1)->(26,13,8.6)->(26,14,9.1)->(26,15,9.6)->(26,16,10.1179)->(26,17,10.6858)->(26,18,11.3679)->(26,19,12.6858)->(26,20,17.7)->(25,20,22.7142)->(24,20,24.0321)->(23,20,24.7142)->(22,20,25.2821)->(21,20,25.8)->(20,20,26.3)->(19,20,26.8)->(18,20,27.3)->(17,20,27.8179)->(16,20,28.3858)->(15,20,29.0679)->(14,20,30.3858)->(13,20,32.6)->(13,21,35.4)->(13,22,5017.7)->
Agent 24:(28,16,2.2)->(28,15,3.81421)->(28,14,5.14806)->(28,13,5.97649)->(28,12,7.31034)->(28,11,9.5407)->(27,11,11.7711)->(26,11,13.0889)->(25,11,13.7711)->(24,11,14.3389)->(23,11,14.8569)->(22,11,15.3569)->(21,11,15.8569)->(20,11,16.3569)->(19,11,16.8569)->(18,11,17.3748)->(17,11,17.9426)->(16,11,18.6248)->(15,11,19.9426)->(14,11,5009.68)->
Agent 25:(28,17,1.8)->(27,17,3.01421)->(26,17,4.33205)->(25,17,5.02382)->(24,17,5.65949)->(23,17,6.35126)->(22,17,7.6691)->(21,17,9.88331)->(21,16,12.6833)->(21,15,15.4833)->(20,15,17.6975)->(19,15,19.0154)->(18,15,19.6975)->(17,15,20.2654)->(16,15,20.7833)->(15,15,21.2833)->(14,15,21.7833)->(13,15,22.2833)->(12,15,22.7833)->(11,15,23.3013)->(10,15,23.8691)->(9,15,24.5513)->(8,15,25.8691)->(7,15,29.8917)->(7,14,33.9495)->(7,13,35.9495)->(7,12,5017.7)->
Agent 26:(4,31,9.36795)->(4,30,18.1501)->(4,29,19.4679)->(4,28,20.1501)->(4,27,20.7179)->(4,26,21.2359)->(4,25,21.7359)->(4,24,22.2359)->(4,23,22.7359)->(4,22,23.2359)->(4,21,23.7359)->(4,20,24.2359)->(4,19,24.7359)->(4,18,25.2359)->(4,17,25.7359)->(4,16,26.2359)->(4,15,26.7359)->(4,14,27.2359)->(4,13,27.7359)->(4,12,28.2359)->(4,11,28.7359)->(4,10,29.2359)->(4,9,29.7359)->(4,8,30.2359)->(4,7,30.7359)->(4,6,31.2359)->(4,5,31.7538)->(4,4,32.3217)->(4,3,33.0038)->(4,2,34.3217)->(4,1,36.5359)->(5,1,38.7501)->(6,1,40.0679)->(7,1,40.7501)->(8,1,41.3179)->(9,1,41.8359)->(10,1,42.3359)->(11,1,42.8359)->(12,1,43.3359)->(13,1,43.8359)->(14,1,44.3359)->(15,1,44.8359)->(16,1,45.3359)->(17,1,45.8359)->(18,1,46.3359)->(19,1,46.8359)->(20,1,47.3359)->(21,1,47.8359)->(22,1,48.3359)->(23,1,48.8538)->(24,1,49.4217)->(25,1,50.1038)->(26,1,51.4217)->(27,1,5025.42)->
Agent 27:(20,0,1.81795)->(20,1,3.05011)->(20,2,4.36795)->(20,3,5.05011)->(20,4,5.61795)->(20,5,6.1359)->(20,6,6.6359)->(20,7,7.1359)->(20,8,7.6359)->(20,9,8.1359)->(20,10,8.6359)->(20,11,9.1359)->(20,12,9.6359)->(20,13,10.1359)->(20,14,10.6359)->(20,15,11.1538)->(20,16,11.7217)->(20,17,12.4038)->(20,18,13.7217)->(20,19,16.1859)->(19,19,18.6501)->(18,19,19.9679)->(17,19,20.6501)->(16,19,21.2179)->(15,19,21.7359)->(14,19,22.2359)->(13,19,22.7538)->(12,19,23.3217)->(11,19,24.0038)->(10,19,25.3217)->(9,19,27.5359)->(9,20,29.7501)->(9,21,31.0679)->(9,22,31.7501)->(9,23,32.3179)->(9,24,32.8359)->(9,25,33.3359)->(9,26,33.8359)->(9,27,34.3538)->(9,28,34.9217)->(9,29,35.6038)->(9,30,36.9217)->(9,31,5018.17)->
Agent 28:(29,21,2.93205)->(28,21,5.8641)->(27,21,8.6641)->(27,20,10.9136)->(27,19,12.9136)->(27,18,5006.18)->
Agent 29:(13,14,1.8)->(14,14,3.01421)->(15,14,4.34806)->(16,14,5.17649)->(17,14,6.51034)->(18,14,8.72551)->(18,15,10.9407)->(18,16,12.2585)->(18,17,12.9407)->(18,18,13.5085)->(18,19,14.0265)->(18,20,14.5265)->(18,21,15.0444)->(18,22,15.6122)->(18,23,16.2944)->(18,24,17.6122)->(18,25,5008.51)->
Agent 30:(16,4,1.5141)->(16,5,2.44242)->(16,6,3.76025)->(16,7,4.44242)->(16,8,5.01025)->(16,9,5.5282)->(16,10,6.0282)->(16,11,6.5282)->(16,12,7.0282)->(16,13,7.5282)->(16,14,8.0282)->(16,15,8.5282)->(16,16,9.0282)->(16,17,9.5282)->(16,18,10.0282)->(16,19,10.5282)->(16,20,11.0462)->(16,21,11.614)->(16,22,12.2962)->(16,23,13.614)->(16,24,15.8282)->(15,24,18.0424)->(14,24,19.3603)->(13,24,20.0424)->(12,24,20.6282)->(11,24,21.214)->(10,24,21.8962)->(9,24,23.214)->(8,24,5011.31)->
Agent 31:(2,22,2.03205)->(3,22,3.47832)->(4,22,4.79615)->(5,22,5.47832)->(6,22,6.04615)->(7,22,6.5641)->(8,22,7.0641)->(9,22,7.5641)->(10,22,8.0641)->(11,22,8.5641)->(12,22,9.0641)->(13,22,9.5641)->(14,22,10.0641)->(15,22,10.5641)->(16,22,11.0641)->(17,22,11.5641)->(18,22,12.0641)->(19,22,12.5641)->(20,22,13.0641)->(21,22,13.5641)->(22,22,14.0641)->(23,22,14.5821)->(24,22,15.1499)->(25,22,15.8321)->(26,22,17.1499)->(27,22,19.3641)->(27,23,22.1641)->(27,24,5011.08)->
Agent 32:(24,28,2.2)->(24,27,3.81421)->(24,26,5.13205)->(24,25,5.81421)->(24,24,6.4)->(24,23,6.98579)->(24,22,7.66795)->(24,21,8.98579)->(24,20,11.2)->(23,20,13.4142)->(22,20,14.7321)->(21,20,15.4142)->(20,20,15.9821)->(19,20,16.5)->(18,20,17)->(17,20,17.5)->(16,20,18)->(15,20,18.5)->(14,20,19.0179)->(13,20,19.5858)->(12,20,20.2679)->(11,20,21.5858)->(10,20,24.2142)->(10,21,5012.3)->
Agent 33:(0,3,2.2)->(0,2,3.84949)->(0,1,5.84949)->(0,0,8.09898)->(1,0,10.3132)->(2,0,11.631)->(3,0,12.3228)->(4,0,12.9585)->(5,0,13.6502)->(6,0,14.9681)->(7,0,5007.19)->
Agent 34:(15,23,4.31795)->(15,22,8.05011)->(15,21,9.36795)->(15,20,10.0501)->(15,19,10.6179)->(15,18,11.1359)->(15,17,11.6359)->(15,16,12.1359)->(15,15,12.6359)->(15,14,13.1359)->(15,13,13.6538)->(15,12,14.2217)->(15,11,14.9038)->(15,10,16.2217)->(15,9,18.4359)->(14,9,20.6501)->(13,9,21.9679)->(12,9,22.6501)->(11,9,23.2179)->(10,9,23.7359)->(9,9,24.2538)->(8,9,24.8217)->(7,9,25.5038)->(6,9,26.8217)->(5,9,5013.12)->
Agent 35:(7,6,1.8)->(8,6,3.01421)->(9,6,4.33205)->(10,6,5.01421)->(11,6,5.58205)->(12,6,6.1)->(13,6,6.6)->(14,6,7.11795)->(15,6,7.68579)->(16,6,8.36795)->(17,6,9.68579)->(18,6,14.6377)->(18,7,19.5897)->(18,8,20.9235)->(18,9,21.7519)->(18,10,23.0858)->(18,11,5011.25)->
Agent 36:(18,23,3.90374)->(17,23,7.22168)->(16,23,8.53952)->(15,23,9.27157)->(14,23,10.0036)->(13,23,11.3215)->(12,23,13.5357)->(12,22,15.7499)->(12,21,17.0837)->(12,20,17.9122)->(12,19,19.246)->(12,18,5009.33)->
Agent 37:(18,18,1.8)->(17,18,3.01421)->(16,18,4.33205)->(15,18,5.02382)->(14,18,5.65949)->(13,18,6.35126)->(12,18,7.6691)->(11,18,9.88331)->(11,17,12.0975)->(11,16,13.4154)->(11,15,14.1071)->(11,14,14.7428)->(11,13,15.4346)->(11,12,16.7524)->(11,11,21.4975)->(11,12,5012)->
Agent 38:(27,23,2.2)->(27,22,3.81421)->(27,21,5.13205)->(27,20,5.81421)->(27,19,6.38205)->(27,18,6.9)->(27,17,7.4)->(27,16,7.91795)->(27,15,8.48579)->(27,14,9.16795)->(27,13,10.4858)->(27,12,12.7)->(26,12,14.9142)->(25,12,16.2321)->(24,12,16.9142)->(23,12,17.4821)->(22,12,18)->(21,12,18.5)->(20,12,19)->(19,12,19.5)->(18,12,20)->(17,12,20.5)->(16,12,21)->(15,12,21.5)->(14,12,22)->(13,12,22.5)->(12,12,23)->(11,12,23.5)->(10,12,24)->(9,12,24.5)->(8,12,25)->(7,12,25.5)->(6,12,26)->(5,12,26.5)->(4,12,27.0179)->(3,12,27.5858)->(2,12,28.2679)->(1,12,29.5858)->(0,12,32.2142)->(0,11,5016.3)->
Agent 39:(23,5,1.3)->(23,6,2.01421)->(23,7,3.33205)->(23,8,4.01421)->(23,9,4.58205)->(23,10,5.1)->(23,11,5.6)->(23,12,6.1)->(23,13,6.6)->(23,14,7.1)->(23,15,7.6)->(23,16,8.1)->(23,17,8.6)->(23,18,9.1)->(23,19,9.61795)->(23,20,10.1858)->(23,21,10.8679)->(23,22,12.1858)->(23,23,14.4)->(24,23,16.6142)->(25,23,17.9321)->(26,23,18.6142)->(27,23,19.2)->(28,23,19.7858)->(29,23,20.4679)->(30,23,21.7858)->(31,23,5010.6)->
Agent 40:(4,20,1.3)->(4,21,2.01421)->(4,22,3.33205)->(4,23,4.02382)->(4,24,4.65949)->(4,25,5.35126)->(4,26,6.6691)->(4,27,12.9096)->(5,27,19.1501)->(6,27,20.4679)->(7,27,21.1501)->(8,27,21.7179)->(9,27,22.2359)->(10,27,22.7359)->(11,27,23.2359)->(12,27,23.7359)->(13,27,24.2359)->(14,27,24.7359)->(15,27,25.2359)->(16,27,25.7359)->(17,27,26.2538)->(18,27,26.8217)->(19,27,27.5038)->(20,27,28.8217)->(21,27,5014.12)->
Agent 41:(27,12,2.56795)->(26,12,4.55011)->(25,12,5.86795)->(24,12,6.55011)->(23,12,7.11795)->(22,12,7.6359)->(21,12,8.1359)->(20,12,8.6359)->(19,12,9.1359)->(18,12,9.65385)->(17,12,10.2217)->(16,12,10.9038)->(15,12,12.2217)->(14,12,14.4359)->(14,13,16.6501)->(14,14,17.9679)->(14,15,18.6501)->(14,16,19.2179)->(14,17,19.7538)->(14,18,20.3217)->(14,19,21.0038)->(14,20,22.3217)->(14,21,5010.87)->
Agent 42:(0,10,2.2)->(0,9,3.81421)->(0,8,5.13205)->(0,7,5.81421)->(0,6,6.4)->(0,5,6.98579)->(0,4,7.66795)->(0,3,8.98579)->(0,2,11.2)->(1,2,13.4142)->(2,2,14.7321)->(3,2,15.4142)->(4,2,15.9821)->(5,2,16.5)->(6,2,17)->(7,2,17.5)->(8,2,18)->(9,2,18.5)->(10,2,19)->(11,2,19.5)->(12,2,20)->(13,2,20.5)->(14,2,21)->(15,2,21.5)->(16,2,22)->(17,2,22.5)->(18,2,23)->(19,2,23.5)->(20,2,24)->(21,2,24.5)->(22,2,25)->(23,2,25.5)->(24,2,26)->(25,2,26.5)->(26,2,27)->(27,2,27.5179)->(28,2,28.0858)->(29,2,28.7679)->(30,2,30.0858)->(31,2,5014.75)->
Agent 43:(17,12,1.3)->(17,13,2.01421)->(17,14,3.33205)->(17,15,4.01421)->(17,16,4.58205)->(17,17,5.11795)->(17,18,5.68579)->(17,19,6.36795)->(17,20,7.68579)->(17,21,9.9)->(18,21,12.1495)->(19,21,14.1495)->(20,21,16.399)->(20,22,19.199)->(20,23,5009.6)->
Agent 44:(23,21,1.8)->(22,21,3.01421)->(21,21,4.42843)->(20,21,5.84264)->(19,21,8.05685)->(19,20,10.2711)->(19,19,11.5889)->(19,18,12.2711)->(19,17,12.8389)->(19,16,13.3569)->(19,15,13.8569)->(19,14,14.3569)->(19,13,14.8569)->(19,12,15.3569)->(19,11,15.8569)->(19,10,16.3569)->(19,9,16.8569)->(19,8,17.3748)->(19,7,17.9426)->(19,6,18.6248)->(19,5,19.9426)->(19,4,5009.68)->
Agent 45:(22,3,2.06795)->(22,4,3.55011)->(22,5,4.86795)->(22,6,5.55011)->(22,7,6.11795)->(22,8,6.6359)->(22,9,7.1359)->(22,10,7.6359)->(22,11,8.15385)->(22,12,8.72168)->(22,13,9.40385)->(22,14,10.7217)->(22,15,12.9359)->(23,15,15.7359)->(24,15,5007.87)->
Agent 46:(15,1,1.3)->(15,2,2.01421)->(15,3,3.33205)->(15,4,4.01421)->(15,5,4.58205)->(15,6,5.11795)->(15,7,5.68579)->(15,8,6.36795)->(15,9,7.68579)->(15,10,10.3142)->(16,10,16.1)->(16,11,20.9495)->(16,12,22.9495)->(16,13,5011.2)->
Agent 47:(3,23,3.44626)->(3,22,6.30674)->(3,21,7.62458)->(3,20,8.30674)->(3,19,8.87458)->(3,18,9.39253)->(3,17,9.89253)->(3,16,10.3925)->(3,15,10.8925)->(3,14,11.3925)->(3,13,11.8925)->(3,12,12.4105)->(3,11,12.9783)->(3,10,13.6605)->(3,9,14.9783)->(3,8,17.1925)->(2,8,19.442)->(1,8,21.442)->(0,8,5010.45)->
Agent 48:(14,2,2.71421)->(15,2,4.84264)->(16,2,6.16048)->(17,2,6.84264)->(18,2,7.41048)->(19,2,7.92843)->(20,2,8.42843)->(21,2,8.92843)->(22,2,9.42843)->(23,2,9.92843)->(24,2,10.4284)->(25,2,10.9284)->(26,2,11.4464)->(27,2,12.0142)->(28,2,12.6964)->(29,2,14.0142)->(30,2,16.2284)->(30,3,18.4426)->(30,4,19.7605)->(30,5,20.4426)->(30,6,21.0105)->(30,7,21.5284)->(30,8,22.0284)->(30,9,22.5284)->(30,10,23.0284)->(30,11,23.5284)->(30,12,24.0284)->(30,13,24.5284)->(30,14,25.0284)->(30,15,25.5284)->(30,16,26.0284)->(30,17,26.5284)->(30,18,27.0284)->(30,19,27.5284)->(30,20,28.0284)->(30,21,28.5284)->(30,22,29.0464)->(30,23,29.6142)->(30,24,30.2964)->(30,25,31.6142)->(30,26,5015.51)->
Agent 49:(9,19,1.3)->(9,20,2.01421)->(9,21,3.33205)->(9,22,4.01421)->(9,23,4.6)->(9,24,5.18579)->(9,25,5.86795)->(9,26,7.18579)->(9,27,9.4)->(8,27,11.6495)->(7,27,13.6495)->(6,27,16.4174)->(6,26,19.1501)->(6,25,20.4679)->(6,24,21.1501)->(6,23,21.7179)->(6,22,22.2359)->(6,21,22.7359)->(6,20,23.2359)->(6,19,23.7359)->(6,18,24.2359)->(6,17,24.7359)->(6,16,25.2359)->(6,15,25.7359)->(6,14,26.2359)->(6,13,26.7359)->(6,12,27.2359)->(6,11,27.7359)->(6,10,28.2359)->(6,9,28.7359)->(6,8,29.2538)->(6,7,29.8217)->(6,6,30.5038)->(6,5,31.8217)->(6,4,34.4501)->(5,4,5017.42)->
