Agent 0:(1,12,2.95)->(2,12,5.31421)->(3,12,6.63205)->(4,12,7.31421)->(5,12,7.88205)->(6,12,8.4)->(7,12,8.9)->(8,12,9.4)->(9,12,9.9)->(10,12,10.4)->(11,12,10.9)->(12,12,11.4)->(13,12,11.9)->(14,12,12.4)->(15,12,12.9)->(16,12,13.4)->(17,12,13.9)->(18,12,14.4)->(19,12,14.9179)->(20,12,15.4858)->(21,12,16.1679)->(22,12,17.4858)->(23,12,19.7)->(23,11,21.9142)->(23,10,23.3284)->(23,9,24.7426)->(23,8,5012.08)->
Agent 1:(15,5,1.8)->(16,5,3.01421)->(17,5,4.42843)->(18,5,5.84264)->(19,5,10.1407)->(18,5,15.0246)->(17,5,5007.51)->
Agent 2:(23,25,1.3)->(23,26,2.04949)->(23,27,4.04949)->(23,28,7.37792)->(22,28,10.6711)->(21,28,11.9889)->(20,28,12.6711)->(19,28,13.2389)->(18,28,13.7569)->(17,28,14.2569)->(16,28,14.7569)->(15,28,15.2569)->(14,28,15.7569)->(13,28,16.2569)->(12,28,16.7569)->(11,28,17.2569)->(10,28,17.7569)->(9,28,18.2569)->(8,28,18.7569)->(7,28,19.2569)->(6,28,19.7569)->(5,28,20.2569)->(4,28,20.7748)->(3,28,21.3426)->(2,28,22.0248)->(1,28,23.3426)->(0,28,5011.38)->
Agent 3:(5,14,1.3)->(5,15,2.01421)->(5,16,3.33205)->(5,17,4.01421)->(5,18,4.58205)->(5,19,5.1)->(5,20,5.6)->(5,21,6.1)->(5,22,6.6)->(5,23,7.1)->(5,24,7.6)->(5,25,8.1)->(5,26,8.61795)->(5,27,9.18579)->(5,28,9.86795)->(5,29,11.1858)->(5,30,13.4)->(6,30,15.6142)->(7,30,16.9321)->(8,30,17.6142)->(9,30,18.1821)->(10,30,18.7)->(11,30,19.2)->(12,30,19.7)->(13,30,20.2)->(14,30,20.7)->(15,30,21.2)->(16,30,21.7)->(17,30,22.2)->(18,30,22.7)->(19,30,23.2)->(20,30,23.7)->(21,30,24.2)->(22,30,24.7)->(23,30,25.2179)->(24,30,25.7858)->(25,30,26.4679)->(26,30,27.7858)->(27,30,30.4142)->(27,31,5015.4)->
Agent 4:(3,0,1.3)->(3,1,2.6)->(3,2,8.06228)->(4,2,12.9388)->(5,2,14.2566)->(6,2,14.9388)->(7,2,15.5066)->(8,2,16.0246)->(9,2,16.5246)->(10,2,17.0246)->(11,2,17.5246)->(12,2,18.0246)->(13,2,18.5246)->(14,2,19.0246)->(15,2,19.5246)->(16,2,20.0246)->(17,2,20.5246)->(18,2,21.0246)->(19,2,21.5246)->(20,2,22.0246)->(21,2,22.5246)->(22,2,23.0246)->(23,2,23.5246)->(24,2,24.0425)->(25,2,24.6103)->(26,2,25.2925)->(27,2,26.6103)->(28,2,38.2265)->(28,1,50.4284)->(28,0,5025.21)->
Agent 5:(11,29,1.8)->(12,29,3.01421)->(13,29,4.33205)->(14,29,5.01421)->(15,29,5.58205)->(16,29,6.1)->(17,29,6.6)->(18,29,7.11795)->(19,29,7.68579)->(20,29,8.36795)->(21,29,9.68579)->(22,29,11.9)->(22,28,14.1142)->(22,27,15.4321)->(22,26,16.1142)->(22,25,16.6821)->(22,24,17.2)->(22,23,17.7)->(22,22,18.2)->(22,21,18.7)->(22,20,19.2)->(22,19,19.7)->(22,18,20.2)->(22,17,20.7)->(22,16,21.2)->(22,15,21.7)->(22,14,22.2)->(22,13,22.7)->(22,12,23.2179)->(22,11,23.7858)->(22,10,24.4679)->(22,9,25.7858)->(22,8,5012.6)->
Agent 6:(9,8,2.2)->(9,7,3.84949)->(9,6,5.84949)->(9,5,12.7315)->(9,6,19.5783)->(9,7,20.8962)->(9,8,21.5783)->(9,9,22.1462)->(9,10,22.6641)->(9,11,23.1641)->(9,12,23.6641)->(9,13,24.1641)->(9,14,24.6641)->(9,15,25.1641)->(9,16,25.6641)->(9,17,26.1641)->(9,18,26.6641)->(9,19,27.1641)->(9,20,27.6821)->(9,21,28.2499)->(9,22,28.9321)->(9,23,30.2499)->(9,24,5014.83)->
Agent 7:(13,5,1.8)->(14,5,3.01421)->(15,5,4.42843)->(16,5,5.84264)->(17,5,10.1407)->(17,6,14.4388)->(17,7,15.7566)->(17,8,16.4388)->(17,9,17.0066)->(17,10,17.5425)->(17,11,18.1103)->(17,12,18.7925)->(17,13,20.1103)->(17,14,5009.76)->
Agent 8:(26,26,2.92649)->(26,25,5.2672)->(26,24,6.58503)->(26,23,7.2672)->(26,22,7.83503)->(26,21,8.35298)->(26,20,8.85298)->(26,19,9.35298)->(26,18,9.85298)->(26,17,10.353)->(26,16,10.853)->(26,15,11.353)->(26,14,11.853)->(26,13,12.353)->(26,12,12.853)->(26,11,13.353)->(26,10,13.853)->(26,9,14.3709)->(26,8,14.9388)->(26,7,15.6209)->(26,6,16.9388)->(26,5,19.153)->(27,5,21.3672)->(28,5,22.701)->(29,5,23.5295)->(30,5,24.8633)->(31,5,5012.14)->
Agent 9:(29,28,2.2)->(29,27,3.81421)->(29,26,5.13205)->(29,25,5.81421)->(29,24,6.38205)->(29,23,6.9)->(29,22,7.4)->(29,21,7.9)->(29,20,8.4)->(29,19,8.9)->(29,18,9.4)->(29,17,9.9)->(29,16,10.4)->(29,15,10.9)->(29,14,11.4)->(29,13,11.9)->(29,12,12.4)->(29,11,12.9)->(29,10,13.4179)->(29,9,13.9858)->(29,8,14.6679)->(29,7,15.9858)->(29,6,18.2)->(28,6,20.4142)->(27,6,21.7321)->(26,6,22.4142)->(25,6,22.9821)->(24,6,23.5)->(23,6,24)->(22,6,24.5)->(21,6,25)->(20,6,25.5)->(19,6,26)->(18,6,26.5)->(17,6,27)->(16,6,27.5)->(15,6,28)->(14,6,28.5)->(13,6,29)->(12,6,29.5)->(11,6,30)->(10,6,30.5)->(9,6,31)->(8,6,31.5)->(7,6,32)->(6,6,32.5)->(5,6,33)->(4,6,33.5179)->(3,6,34.0858)->(2,6,34.7679)->(1,6,36.0858)->(0,6,38.7142)->(0,7,5019.55)->
Agent 10:(9,21,2.2)->(9,20,3.81421)->(9,19,5.13205)->(9,18,5.81421)->(9,17,6.38205)->(9,16,6.9)->(9,15,7.4)->(9,14,7.9)->(9,13,8.4)->(9,12,8.9)->(9,11,9.41795)->(9,10,9.98579)->(9,9,10.6679)->(9,8,11.9858)->(9,7,14.4623)->(10,7,16.9388)->(11,7,18.2566)->(12,7,18.9388)->(13,7,19.5066)->(14,7,20.0425)->(15,7,20.6103)->(16,7,21.2925)->(17,7,22.6103)->(18,7,5011.01)->
Agent 11:(26,31,2.2)->(26,30,3.81421)->(26,29,5.13205)->(26,28,5.81421)->(26,27,6.38205)->(26,26,6.9)->(26,25,7.41795)->(26,24,7.98579)->(26,23,8.66795)->(26,22,9.98579)->(26,21,12.2)->(25,21,14.4142)->(24,21,15.7321)->(23,21,16.4142)->(22,21,16.9821)->(21,21,17.5)->(20,21,18)->(19,21,18.5)->(18,21,19)->(17,21,19.5)->(16,21,20)->(15,21,20.5)->(14,21,21.0179)->(13,21,21.5858)->(12,21,22.2679)->(11,21,23.5858)->(10,21,28.6407)->(10,22,5015.73)->
Agent 12:(3,31,2.2)->(3,30,3.81421)->(3,29,5.13205)->(3,28,5.81421)->(3,27,6.38205)->(3,26,6.9)->(3,25,7.4)->(3,24,7.9)->(3,23,8.4)->(3,22,8.9)->(3,21,9.4)->(3,20,9.91795)->(3,19,10.4858)->(3,18,11.1679)->(3,17,12.4858)->(3,16,14.7)->(4,16,16.9142)->(5,16,18.2321)->(6,16,18.9142)->(7,16,19.4821)->(8,16,20)->(9,16,20.5)->(10,16,21)->(11,16,21.5)->(12,16,22)->(13,16,22.5)->(14,16,23)->(15,16,23.5179)->(16,16,24.0858)->(17,16,24.7679)->(18,16,26.0858)->(19,16,5012.75)->
Agent 13:(31,6,6.26228)->(30,6,11.9388)->(29,6,13.2566)->(28,6,13.9388)->(27,6,14.5066)->(26,6,15.0246)->(25,6,15.5246)->(24,6,16.0246)->(23,6,16.5246)->(22,6,17.0246)->(21,6,17.5246)->(20,6,18.0246)->(19,6,18.5246)->(18,6,19.0246)->(17,6,19.5246)->(16,6,20.0246)->(15,6,20.5246)->(14,6,21.0246)->(13,6,21.5246)->(12,6,22.0246)->(11,6,22.5246)->(10,6,23.0246)->(9,6,23.5246)->(8,6,24.0246)->(7,6,24.5425)->(6,6,25.1103)->(5,6,25.7925)->(4,6,27.1103)->(3,6,29.3246)->(3,7,32.1246)->(3,8,5016.06)->
Agent 14:(15,16,1.3)->(15,17,2.6)->(15,18,5.61795)->(16,18,8.05011)->(17,18,9.36795)->(18,18,10.0501)->(19,18,10.6179)->(20,18,11.1359)->(21,18,11.6359)->(22,18,12.1359)->(23,18,12.6359)->(24,18,13.1359)->(25,18,13.6359)->(26,18,14.1359)->(27,18,14.6538)->(28,18,15.2217)->(29,18,15.9038)->(30,18,17.2217)->(31,18,5008.32)->
Agent 15:(25,21,2.2)->(25,20,3.81421)->(25,19,5.13205)->(25,18,5.81421)->(25,17,6.38205)->(25,16,6.9)->(25,15,7.4)->(25,14,7.9)->(25,13,8.4)->(25,12,8.9)->(25,11,9.4)->(25,10,9.9)->(25,9,10.4)->(25,8,10.9)->(25,7,11.4)->(25,6,11.9)->(25,5,12.4)->(25,4,12.9179)->(25,3,13.4858)->(25,2,14.1679)->(25,1,15.4858)->(25,0,17.7)->(24,0,19.9142)->(23,0,21.2321)->(22,0,21.9142)->(21,0,22.4821)->(20,0,23)->(19,0,23.5)->(18,0,24)->(17,0,24.5)->(16,0,25)->(15,0,25.5)->(14,0,26)->(13,0,26.5)->(12,0,27)->(11,0,27.5)->(10,0,28.0179)->(9,0,28.5858)->(8,0,29.2679)->(7,0,30.5858)->(6,0,33.2142)->(6,1,5016.8)->
Agent 16:(15,30,4.82843)->(15,29,9.07107)->(15,28,10.3889)->(15,27,11.0711)->(15,26,11.6389)->(15,25,12.1569)->(15,24,12.6569)->(15,23,13.1569)->(15,22,13.6569)->(15,21,14.1569)->(15,20,14.6569)->(15,19,15.1569)->(15,18,15.6569)->(15,17,16.1748)->(15,16,16.7426)->(15,15,17.4248)->(15,14,18.7426)->(15,13,20.9569)->(16,13,23.1711)->(17,13,24.4889)->(18,13,25.1807)->(19,13,25.8163)->(20,13,26.5081)->(21,13,27.826)->(22,13,30.4544)->(22,14,5015.42)->
Agent 17:(1,21,2.2)->(1,20,3.81421)->(1,19,5.13205)->(1,18,5.81421)->(1,17,6.38205)->(1,16,6.9)->(1,15,7.4)->(1,14,7.9)->(1,13,8.4)->(1,12,8.9)->(1,11,9.4)->(1,10,9.9)->(1,9,10.4)->(1,8,10.9)->(1,7,11.4179)->(1,6,11.9858)->(1,5,12.6679)->(1,4,13.9858)->(1,3,16.2)->(2,3,19)->(3,3,5009.5)->
Agent 18:(2,7,3.03579)->(3,7,5.48579)->(4,7,6.80362)->(5,7,7.48579)->(6,7,8.05362)->(7,7,8.57157)->(8,7,9.07157)->(9,7,9.57157)->(10,7,10.0716)->(11,7,10.5716)->(12,7,11.0716)->(13,7,11.5716)->(14,7,12.0716)->(15,7,12.5895)->(16,7,13.1574)->(17,7,13.8395)->(18,7,15.1574)->(19,7,19.1642)->(19,8,23.1711)->(19,9,24.4889)->(19,10,25.1807)->(19,11,25.8163)->(19,12,26.5081)->(19,13,27.826)->(19,14,5013.62)->
Agent 19:(20,27,1.8)->(19,27,3.01421)->(18,27,4.33205)->(17,27,5.01421)->(16,27,5.58205)->(15,27,6.1)->(14,27,6.6)->(13,27,7.1)->(12,27,7.6)->(11,27,8.1)->(10,27,8.6)->(9,27,9.1)->(8,27,9.6)->(7,27,10.1)->(6,27,10.6)->(5,27,11.1179)->(4,27,11.6858)->(3,27,12.3679)->(2,27,13.6858)->(1,27,15.9)->(1,26,18.1142)->(1,25,19.4321)->(1,24,20.1142)->(1,23,20.6821)->(1,22,21.2)->(1,21,21.7)->(1,20,22.2)->(1,19,22.7)->(1,18,23.2)->(1,17,23.7179)->(1,16,24.2858)->(1,15,24.9679)->(1,14,26.2858)->(1,13,5012.85)->
Agent 20:(13,24,2.42843)->(14,24,4.27107)->(15,24,5.58891)->(16,24,6.27107)->(17,24,6.85685)->(18,24,7.44264)->(19,24,8.1248)->(20,24,9.44264)->(21,24,11.6569)->(21,23,13.8711)->(21,22,15.1889)->(21,21,15.8711)->(21,20,16.4389)->(21,19,16.9569)->(21,18,17.4569)->(21,17,17.9569)->(21,16,18.4569)->(21,15,18.9569)->(21,14,19.4569)->(21,13,19.9569)->(21,12,20.4569)->(21,11,20.9569)->(21,10,21.4569)->(21,9,21.9569)->(21,8,22.4748)->(21,7,23.0426)->(21,6,23.7248)->(21,5,25.0426)->(21,4,5012.23)->
Agent 21:(2,15,2.45)->(3,15,4.31421)->(4,15,5.63205)->(5,15,6.31421)->(6,15,6.88205)->(7,15,7.4)->(8,15,7.9)->(9,15,8.41795)->(10,15,8.98579)->(11,15,9.66795)->(12,15,10.9858)->(13,15,5005.2)->
Agent 22:(16,29,2.61421)->(16,28,5.61421)->(15,28,8.24264)->(14,28,9.56048)->(13,28,10.2426)->(12,28,10.8105)->(11,28,11.3284)->(10,28,11.8284)->(9,28,12.3284)->(8,28,12.8284)->(7,28,13.3284)->(6,28,13.8284)->(5,28,14.3464)->(4,28,14.9142)->(3,28,15.5964)->(2,28,16.9142)->(1,28,19.1284)->(1,27,21.9284)->(1,26,5010.96)->
Agent 23:(25,28,2.2)->(25,27,3.81421)->(25,26,5.13205)->(25,25,5.81421)->(25,24,6.38205)->(25,23,6.9)->(25,22,7.4)->(25,21,7.9)->(25,20,8.4)->(25,19,8.9)->(25,18,9.41795)->(25,17,9.98579)->(25,16,10.6679)->(25,15,11.9858)->(25,14,14.2)->(26,14,17)->(27,14,5008.5)->
Agent 24:(0,12,2.2)->(0,11,3.81421)->(0,10,5.13205)->(0,9,5.81421)->(0,8,6.38205)->(0,7,6.9)->(0,6,7.4)->(0,5,7.9)->(0,4,8.41795)->(0,3,8.98579)->(0,2,9.66795)->(0,1,10.9858)->(0,0,22.1642)->(1,0,33.3426)->(2,0,34.6605)->(3,0,35.3426)->(4,0,35.9105)->(5,0,36.4284)->(6,0,36.9284)->(7,0,37.4284)->(8,0,37.9284)->(9,0,38.4284)->(10,0,38.9284)->(11,0,39.4284)->(12,0,39.9284)->(13,0,40.4284)->(14,0,40.9284)->(15,0,41.4284)->(16,0,41.9284)->(17,0,42.4284)->(18,0,42.9284)->(19,0,43.4284)->(20,0,43.9284)->(21,0,44.4284)->(22,0,44.9284)->(23,0,45.4284)->(24,0,45.9284)->(25,0,46.4464)->(26,0,47.0142)->(27,0,47.6964)->(28,0,49.0142)->(29,0,5024.21)->
Agent 25:(25,4,3.51228)->(24,4,6.43877)->(23,4,7.75661)->(22,4,8.43877)->(21,4,9.00661)->(20,4,9.52456)->(19,4,10.0246)->(18,4,10.5246)->(17,4,11.0246)->(16,4,11.5246)->(15,4,12.0246)->(14,4,12.5246)->(13,4,13.0246)->(12,4,13.5246)->(11,4,14.0246)->(10,4,14.5246)->(9,4,15.0246)->(8,4,15.5246)->(7,4,16.0246)->(6,4,16.5425)->(5,4,17.1103)->(4,4,17.7925)->(3,4,19.1103)->(2,4,21.3246)->(2,5,23.5388)->(2,6,24.8566)->(2,7,25.5388)->(2,8,26.1066)->(2,9,26.6246)->(2,10,27.1246)->(2,11,27.6246)->(2,12,28.1246)->(2,13,28.6246)->(2,14,29.1246)->(2,15,29.6246)->(2,16,30.1246)->(2,17,30.6246)->(2,18,31.1246)->(2,19,31.6246)->(2,20,32.1425)->(2,21,32.7103)->(2,22,33.3925)->(2,23,34.7103)->(2,24,37.3388)->(1,24,5018.86)->
Agent 26:(13,1,1.3)->(13,2,2.01421)->(13,3,3.33205)->(13,4,4.01421)->(13,5,4.58205)->(13,6,5.1)->(13,7,5.6)->(13,8,6.1)->(13,9,6.6)->(13,10,7.1)->(13,11,7.6)->(13,12,8.1)->(13,13,8.6)->(13,14,9.1)->(13,15,9.6)->(13,16,10.1)->(13,17,10.6)->(13,18,11.1)->(13,19,11.6)->(13,20,12.1)->(13,21,12.6)->(13,22,13.1)->(13,23,13.6179)->(13,24,14.1858)->(13,25,14.8679)->(13,26,16.1858)->(13,27,18.4)->(12,27,20.6142)->(11,27,21.9321)->(10,27,22.6142)->(9,27,23.1821)->(8,27,23.7179)->(7,27,24.2858)->(6,27,24.9679)->(5,27,26.2858)->(4,27,28.9142)->(4,28,5014.65)->
Agent 27:(22,7,1.8)->(23,7,3.01421)->(24,7,4.33205)->(25,7,5.0641)->(26,7,5.79615)->(27,7,7.11399)->(28,7,9.3282)->(28,8,11.5424)->(28,9,12.8603)->(28,10,13.5424)->(28,11,14.1103)->(28,12,14.6282)->(28,13,15.1282)->(28,14,15.6282)->(28,15,16.1282)->(28,16,16.6282)->(28,17,17.1282)->(28,18,17.6282)->(28,19,18.1282)->(28,20,18.6282)->(28,21,19.1282)->(28,22,19.6462)->(28,23,20.214)->(28,24,20.8962)->(28,25,22.214)->(28,26,5010.81)->
Agent 28:(21,20,1.8)->(20,20,3.01421)->(19,20,4.33205)->(18,20,5.01421)->(17,20,5.58205)->(16,20,6.1)->(15,20,6.6)->(14,20,7.1)->(13,20,7.6)->(12,20,8.1)->(11,20,8.6)->(10,20,9.1)->(9,20,9.61795)->(8,20,10.1858)->(7,20,10.8679)->(6,20,12.1858)->(5,20,14.4)->(5,21,16.6142)->(5,22,17.9321)->(5,23,18.6142)->(5,24,19.1821)->(5,25,19.7179)->(5,26,20.2858)->(5,27,20.9679)->(5,28,22.2858)->(5,29,5010.85)->
Agent 29:(17,11,1.8)->(16,11,3.01421)->(15,11,4.33205)->(14,11,5.01421)->(13,11,5.58205)->(12,11,6.1)->(11,11,6.6)->(10,11,7.1)->(9,11,7.6)->(8,11,8.1)->(7,11,8.6)->(6,11,9.1)->(5,11,9.6)->(4,11,10.1179)->(3,11,10.6858)->(2,11,11.3679)->(1,11,12.6858)->(0,11,14.9)->(0,12,17.1495)->(0,13,19.1495)->(0,14,5009.3)->
Agent 30:(19,24,2.21421)->(20,24,4.81421)->(20,23,7.44264)->(20,22,8.85685)->(20,21,10.2711)->(20,20,15.5069)->(20,21,5009.25)->
Agent 31:(23,6,1.8)->(22,6,3.01421)->(21,6,4.33205)->(20,6,5.01421)->(19,6,5.58205)->(18,6,6.1)->(17,6,6.6)->(16,6,7.1)->(15,6,7.61795)->(14,6,8.18579)->(13,6,8.86795)->(12,6,10.1858)->(11,6,12.4)->(11,7,15.2)->(11,8,20.0943)->(12,8,24.4029)->(13,8,25.7207)->(14,8,26.4125)->(15,8,27.0482)->(16,8,27.7399)->(17,8,29.0578)->(18,8,5014.24)->
Agent 32:(19,12,1.67843)->(19,13,2.77107)->(19,14,4.08891)->(19,15,4.77107)->(19,16,5.33891)->(19,17,5.85685)->(19,18,6.35685)->(19,19,6.85685)->(19,20,7.35685)->(19,21,7.85685)->(19,22,8.35685)->(19,23,8.85685)->(19,24,9.35685)->(19,25,9.85685)->(19,26,10.3569)->(19,27,10.8748)->(19,28,11.4426)->(19,29,12.1248)->(19,30,13.4426)->(19,31,15.6569)->(18,31,17.8711)->(17,31,19.1889)->(16,31,19.8711)->(15,31,20.4569)->(14,31,21.0426)->(13,31,21.7248)->(12,31,23.0426)->(11,31,5011.23)->
Agent 33:(30,4,3.17649)->(30,5,5.7672)->(30,6,7.08503)->(30,7,7.7672)->(30,8,8.33503)->(30,9,8.85298)->(30,10,9.35298)->(30,11,9.85298)->(30,12,10.353)->(30,13,10.853)->(30,14,11.353)->(30,15,11.853)->(30,16,12.353)->(30,17,12.853)->(30,18,13.3709)->(30,19,13.9388)->(30,20,14.6209)->(30,21,15.9388)->(30,22,18.153)->(29,22,20.3672)->(28,22,21.685)->(27,22,22.3672)->(26,22,22.935)->(25,22,23.453)->(24,22,23.953)->(23,22,24.453)->(22,22,24.953)->(21,22,25.453)->(20,22,25.953)->(19,22,26.453)->(18,22,26.953)->(17,22,27.453)->(16,22,27.953)->(15,22,28.453)->(14,22,28.953)->(13,22,29.453)->(12,22,29.953)->(11,22,30.453)->(10,22,30.953)->(9,22,31.4709)->(8,22,32.0388)->(7,22,32.7209)->(6,22,34.0388)->(5,22,5016.73)->
Agent 34:(31,11,1.3)->(31,12,2.01421)->(31,13,3.33205)->(31,14,4.01421)->(31,15,4.58205)->(31,16,5.1)->(31,17,5.6)->(31,18,6.1)->(31,19,6.6)->(31,20,7.1)->(31,21,7.6)->(31,22,8.11795)->(31,23,8.68579)->(31,24,9.36795)->(31,25,10.6858)->(31,26,12.9784)->(30,26,15.2711)->(29,26,16.5889)->(28,26,17.2711)->(27,26,17.8389)->(26,26,18.3569)->(25,26,18.8569)->(24,26,19.3569)->(23,26,19.8569)->(22,26,20.3569)->(21,26,20.8569)->(20,26,21.3569)->(19,26,21.8569)->(18,26,22.3569)->(17,26,22.8569)->(16,26,23.3569)->(15,26,23.8569)->(14,26,24.3569)->(13,26,24.8569)->(12,26,25.3569)->(11,26,25.8569)->(10,26,26.3569)->(9,26,26.8569)->(8,26,27.3748)->(7,26,27.9426)->(6,26,28.6248)->(5,26,29.9426)->(4,26,32.5711)->(4,27,36.5853)->(3,27,5018.69)->
Agent 35:(27,23,2.2)->(27,22,3.81421)->(27,21,5.13205)->(27,20,5.81421)->(27,19,6.38205)->(27,18,6.9)->(27,17,7.4)->(27,16,7.9)->(27,15,8.4)->(27,14,8.9)->(27,13,9.41795)->(27,12,9.98579)->(27,11,10.6679)->(27,10,11.9858)->(27,9,14.3179)->(26,9,16.6501)->(25,9,17.9679)->(24,9,18.6501)->(23,9,19.2179)->(22,9,19.7359)->(21,9,20.2359)->(20,9,20.7359)->(19,9,21.2538)->(18,9,21.8217)->(17,9,22.5038)->(16,9,23.8217)->(15,9,5011.62)->
Agent 36:(22,24,2.2)->(22,23,3.81421)->(22,22,5.13205)->(22,21,5.82382)->(22,20,6.45949)->(22,19,7.15126)->(22,18,8.4691)->(22,17,10.7417)->(23,17,13.6)->(24,17,16.8142)->(24,16,5008.6)->
Agent 37:(21,13,1.3)->(21,14,2.04949)->(21,15,4.04949)->(21,16,7.29949)->(22,16,11.1)->(23,16,5005.55)->
Agent 38:(14,19,2.2)->(14,18,3.81421)->(14,17,5.13205)->(14,16,5.8641)->(14,15,6.59615)->(14,14,7.91399)->(14,13,10.1282)->(15,13,12.3424)->(16,13,13.6603)->(17,13,14.3424)->(18,13,14.9103)->(19,13,15.4282)->(20,13,15.9282)->(21,13,16.4282)->(22,13,16.9282)->(23,13,17.4282)->(24,13,17.9282)->(25,13,18.4282)->(26,13,18.9462)->(27,13,19.514)->(28,13,20.1962)->(29,13,21.514)->(30,13,5010.46)->
Agent 39:(23,19,4.3)->(23,20,8.01421)->(23,21,9.33205)->(23,22,10.0142)->(23,23,10.5821)->(23,24,11.1)->(23,25,11.6179)->(23,26,12.1858)->(23,27,12.8679)->(23,28,14.1858)->(23,29,16.4)->(24,29,18.6142)->(25,29,19.9321)->(26,29,20.6238)->(27,29,21.2595)->(28,29,21.9513)->(29,29,23.2691)->(30,29,5011.34)->
Agent 40:(5,11,2.2)->(5,10,3.81421)->(5,9,5.13205)->(5,8,5.81421)->(5,7,6.38205)->(5,6,6.9)->(5,5,7.41795)->(5,4,7.98579)->(5,3,8.66795)->(5,2,9.98579)->(5,1,12.2)->(4,1,14.4142)->(3,1,15.7481)->(2,1,16.5765)->(1,1,17.9103)->(0,1,5008.66)->
Agent 41:(0,23,2.2)->(0,22,3.81421)->(0,21,5.13205)->(0,20,5.8641)->(0,19,6.59615)->(0,18,7.91399)->(0,17,10.1999)->(1,17,12.4858)->(2,17,13.8036)->(3,17,14.4858)->(4,17,15.0536)->(5,17,15.5716)->(6,17,16.0716)->(7,17,16.5716)->(8,17,17.0716)->(9,17,17.5716)->(10,17,18.0716)->(11,17,18.5716)->(12,17,19.0716)->(13,17,19.5716)->(14,17,20.0716)->(15,17,20.5716)->(16,17,21.0716)->(17,17,21.5716)->(18,17,22.0895)->(19,17,22.6574)->(20,17,23.3395)->(21,17,24.6574)->(22,17,5012.04)->
Agent 42:(23,0,1.3)->(23,1,2.01421)->(23,2,3.33205)->(23,3,4.01421)->(23,4,4.58205)->(23,5,5.1)->(23,6,5.6)->(23,7,6.1)->(23,8,6.6)->(23,9,7.1)->(23,10,7.6)->(23,11,8.1)->(23,12,8.6)->(23,13,9.1)->(23,14,9.6)->(23,15,10.1)->(23,16,10.6)->(23,17,11.1)->(23,18,11.6179)->(23,19,12.1858)->(23,20,12.8679)->(23,21,14.1858)->(23,22,17.15)->(22,22,20.1142)->(21,22,21.4321)->(20,22,22.1142)->(19,22,22.6821)->(18,22,23.2)->(17,22,23.7)->(16,22,24.2)->(15,22,24.7)->(14,22,25.2)->(13,22,25.7)->(12,22,26.2)->(11,22,26.7)->(10,22,27.2)->(9,22,27.7)->(8,22,28.2179)->(7,22,28.7858)->(6,22,29.4679)->(5,22,30.7858)->(4,22,5015.1)->
Agent 43:(6,28,2.2)->(6,27,4.4)->(6,26,7.2)->(7,26,9.41421)->(8,26,10.7321)->(9,26,11.4641)->(10,26,12.1962)->(11,26,13.514)->(12,26,18.8925)->(12,27,5011.01)->
Agent 44:(4,2,1.3)->(4,3,2.01421)->(4,4,3.33205)->(4,5,4.01421)->(4,6,4.6)->(4,7,5.18579)->(4,8,5.86795)->(4,9,7.18579)->(4,10,9.81421)->(3,10,5005.1)->
Agent 45:(5,0,1.8)->(6,0,3.01421)->(7,0,4.34806)->(8,0,5.17649)->(9,0,6.51034)->(10,0,8.72456)->(10,1,10.9388)->(10,2,12.2566)->(10,3,12.9388)->(10,4,13.5066)->(10,5,14.0246)->(10,6,14.5246)->(10,7,15.0246)->(10,8,15.5246)->(10,9,16.0246)->(10,10,16.5246)->(10,11,17.0246)->(10,12,17.5246)->(10,13,18.0246)->(10,14,18.5246)->(10,15,19.0425)->(10,16,19.6103)->(10,17,20.2925)->(10,18,21.6103)->(10,19,5010.51)->
Agent 46:(11,3,2.45)->(11,4,4.31421)->(11,5,5.63205)->(11,6,6.31421)->(11,7,6.88205)->(11,8,7.4)->(11,9,7.9)->(11,10,8.4)->(11,11,8.9)->(11,12,9.4)->(11,13,9.9)->(11,14,10.4)->(11,15,10.9)->(11,16,11.4)->(11,17,11.9)->(11,18,12.4)->(11,19,12.9)->(11,20,13.4)->(11,21,13.9)->(11,22,14.4179)->(11,23,14.9858)->(11,24,15.6679)->(11,25,16.9858)->(11,26,19.2)->(10,26,21.4142)->(9,26,22.7321)->(8,26,23.4142)->(7,26,24)->(6,26,24.5858)->(5,26,25.2679)->(4,26,26.5858)->(3,26,5013)->
Agent 47:(13,14,1.8)->(14,14,3.01421)->(15,14,4.33205)->(16,14,5.01421)->(17,14,5.58205)->(18,14,6.11795)->(19,14,6.68579)->(20,14,7.36795)->(21,14,8.68579)->(22,14,11.0623)->(22,13,13.4388)->(22,12,14.7566)->(22,11,15.4388)->(22,10,16.0066)->(22,9,16.5246)->(22,8,17.0246)->(22,7,17.5246)->(22,6,18.0246)->(22,5,18.5425)->(22,4,19.1103)->(22,3,19.7925)->(22,2,21.1103)->(22,1,23.7388)->(23,1,5012.06)->
Agent 48:(12,26,1.8)->(13,26,3.01421)->(14,26,4.33205)->(15,26,5.01421)->(16,26,5.58205)->(17,26,6.1)->(18,26,6.6)->(19,26,7.1)->(20,26,7.61795)->(21,26,8.18579)->(22,26,8.86795)->(23,26,10.1858)->(24,26,12.8142)->(24,27,5006.6)->
Agent 49:(29,6,1.8)->(28,6,3.01421)->(27,6,4.33205)->(26,6,5.01421)->(25,6,5.58205)->(24,6,6.1)->(23,6,6.6)->(22,6,7.1)->(21,6,7.6)->(20,6,8.1)->(19,6,8.6)->(18,6,9.1)->(17,6,9.6)->(16,6,10.1179)->(15,6,10.6858)->(14,6,11.3679)->(13,6,12.6858)->(12,6,16.8123)->(12,7,20.9388)->(12,8,22.2566)->(12,9,22.9388)->(12,10,23.5066)->(12,11,24.0246)->(12,12,24.5246)->(12,13,25.0246)->(12,14,25.5246)->(12,15,26.0425)->(12,16,26.6103)->(12,17,27.2925)->(12,18,28.6103)->(12,19,5014.01)->
