Agent 0:(73,9,1.8)->(74,9,3.01421)->(75,9,4.34806)->(76,9,5.17649)->(77,9,6.51034)->(78,9,8.72456)->(78,10,10.9388)->(78,11,12.2566)->(78,12,12.9887)->(78,13,13.7207)->(78,14,15.0385)->(78,15,17.2528)->(77,15,19.467)->(76,15,20.7848)->(75,15,21.467)->(74,15,22.0348)->(73,15,22.5528)->(72,15,23.0528)->(71,15,23.5528)->(70,15,24.0528)->(69,15,24.5528)->(68,15,25.0707)->(67,15,25.6385)->(66,15,26.3207)->(65,15,27.6385)->(64,15,30.6906)->(64,16,33.7426)->(64,17,35.0605)->(64,18,35.7426)->(64,19,36.3105)->(64,20,36.8284)->(64,21,37.3284)->(64,22,37.8464)->(64,23,38.4142)->(64,24,39.0964)->(64,25,40.4142)->(64,26,42.6284)->(63,26,44.8426)->(62,26,46.1605)->(61,26,46.8426)->(60,26,47.4105)->(59,26,47.9464)->(58,26,48.5142)->(57,26,49.1964)->(56,26,50.5142)->(55,26,53.1426)->(55,25,57.5569)->(55,26,5029.38)->
Agent 1:(57,12,4.54166)->(57,11,9.4691)->(58,11,12.0975)->(59,11,13.4154)->(60,11,14.1474)->(61,11,14.8795)->(62,11,16.1973)->(63,11,18.4115)->(63,12,20.6257)->(63,13,22.0399)->(63,14,23.4542)->(63,15,29.5984)->(64,15,36.3284)->(65,15,5018.16)->
Agent 2:(76,56,5.09039)->(75,56,9.595)->(74,56,10.9128)->(73,56,11.6046)->(72,56,12.2403)->(71,56,12.9321)->(70,56,14.2499)->(69,56,23.6105)->(69,55,32.9711)->(69,54,34.2889)->(69,53,34.9711)->(69,52,35.5389)->(69,51,36.0569)->(69,50,36.5569)->(69,49,37.0569)->(69,48,37.5569)->(69,47,38.0569)->(69,46,38.5569)->(69,45,39.0569)->(69,44,39.5569)->(69,43,40.0569)->(69,42,40.5569)->(69,41,41.0569)->(69,40,41.5569)->(69,39,42.0569)->(69,38,42.5569)->(69,37,43.0569)->(69,36,43.5569)->(69,35,44.0569)->(69,34,44.5569)->(69,33,45.0569)->(69,32,45.5569)->(69,31,46.0569)->(69,30,46.5569)->(69,29,47.0569)->(69,28,47.5569)->(69,27,48.0569)->(69,26,48.5569)->(69,25,49.0569)->(69,24,49.5569)->(69,23,50.0748)->(69,22,50.6426)->(69,21,51.3248)->(69,20,52.6426)->(69,19,54.8569)->(68,19,57.0711)->(67,19,58.4853)->(66,19,59.8995)->(65,19,5029.66)->
Agent 3:(68,54,1.3)->(68,55,2.6)->(68,56,8.77832)->(67,56,14.9566)->(66,56,5007.48)->
Agent 4:(20,25,1.8)->(21,25,3.01421)->(22,25,4.33205)->(23,25,5.01421)->(24,25,5.6)->(25,25,6.18579)->(26,25,6.86795)->(27,25,8.18579)->(28,25,10.4)->(28,26,12.6142)->(28,27,13.9321)->(28,28,14.6142)->(28,29,15.1821)->(28,30,15.7)->(28,31,16.2)->(28,32,16.7)->(28,33,17.2)->(28,34,17.7)->(28,35,18.2)->(28,36,18.7)->(28,37,19.2)->(28,38,19.7)->(28,39,20.2)->(28,40,20.7)->(28,41,21.2)->(28,42,21.7)->(28,43,22.2)->(28,44,22.7)->(28,45,23.2)->(28,46,23.7)->(28,47,24.2)->(28,48,24.7179)->(28,49,25.2858)->(28,50,25.9679)->(28,51,27.2858)->(28,52,29.5)->(27,52,31.7142)->(26,52,33.0321)->(25,52,33.7238)->(24,52,34.3595)->(23,52,35.0513)->(22,52,36.3691)->(21,52,5017.89)->
Agent 5:(35,27,2.2)->(35,26,3.81421)->(35,25,5.13205)->(35,24,5.8641)->(35,23,6.59615)->(35,22,7.91399)->(35,21,10.1282)->(34,21,12.3424)->(33,21,13.6603)->(32,21,14.3424)->(31,21,14.9103)->(30,21,15.4282)->(29,21,15.9282)->(28,21,16.4282)->(27,21,16.9282)->(26,21,17.4282)->(25,21,17.9282)->(24,21,18.4282)->(23,21,18.9462)->(22,21,19.514)->(21,21,20.1962)->(20,21,21.514)->(19,21,5010.46)->
Agent 6:(35,30,1.8)->(36,30,3.01421)->(37,30,4.33205)->(38,30,5.0641)->(39,30,5.79615)->(40,30,7.11399)->(41,30,9.3282)->(41,31,11.5424)->(41,32,12.8603)->(41,33,13.5424)->(41,34,14.1103)->(41,35,14.6282)->(41,36,15.1282)->(41,37,15.6282)->(41,38,16.1282)->(41,39,16.6282)->(41,40,17.1282)->(41,41,17.6282)->(41,42,18.1282)->(41,43,18.6282)->(41,44,19.1282)->(41,45,19.6282)->(41,46,20.1282)->(41,47,20.6282)->(41,48,21.1282)->(41,49,21.6282)->(41,50,22.1462)->(41,51,22.714)->(41,52,23.3962)->(41,53,24.714)->(41,54,27.7424)->(41,53,31.7424)->(42,53,34.3708)->(43,53,35.6887)->(44,53,36.3708)->(45,53,36.9387)->(46,53,37.4566)->(47,53,37.9566)->(48,53,38.4566)->(49,53,38.9746)->(50,53,39.5424)->(51,53,40.2246)->(52,53,41.5424)->(53,53,44.1708)->(53,54,5022.28)->
Agent 7:(73,14,1.3)->(73,15,2.01421)->(73,16,3.33205)->(73,17,4.02382)->(73,18,4.65949)->(73,19,5.35126)->(73,20,6.6691)->(73,21,8.88331)->(72,21,11.0975)->(71,21,12.4154)->(70,21,13.0975)->(69,21,13.6833)->(68,21,14.2691)->(67,21,14.9513)->(66,21,16.2691)->(65,21,18.4833)->(65,22,20.6975)->(65,23,22.0314)->(65,24,22.8598)->(65,25,24.1937)->(65,26,37.7466)->(64,26,51.2995)->(63,26,52.6173)->(62,26,53.2995)->(61,26,53.8673)->(60,26,54.3853)->(59,26,54.8853)->(58,26,55.3853)->(57,26,55.8853)->(56,26,56.3853)->(55,26,56.8853)->(54,26,57.4032)->(53,26,57.9711)->(52,26,58.6532)->(51,26,59.9711)->(50,26,5029.69)->
Agent 8:(27,54,3.07843)->(27,53,5.57107)->(27,52,6.88891)->(27,51,7.57107)->(27,50,8.13891)->(27,49,8.65685)->(27,48,9.15685)->(27,47,9.65685)->(27,46,10.1569)->(27,45,10.6569)->(27,44,11.1569)->(27,43,11.6569)->(27,42,12.1569)->(27,41,12.6569)->(27,40,13.1569)->(27,39,13.6569)->(27,38,14.1569)->(27,37,14.6569)->(27,36,15.1569)->(27,35,15.6569)->(27,34,16.1569)->(27,33,16.6569)->(27,32,17.1569)->(27,31,17.6569)->(27,30,18.1569)->(27,29,18.6569)->(27,28,19.1569)->(27,27,19.6569)->(27,26,20.1569)->(27,25,20.6748)->(27,24,21.2426)->(27,23,21.9248)->(27,22,23.2426)->(27,21,25.4569)->(26,21,27.7063)->(25,21,29.7063)->(24,21,5014.58)->
Agent 9:(50,30,2.2)->(50,29,3.84949)->(50,28,5.84949)->(50,27,8.09898)->(49,27,10.3132)->(48,27,11.631)->(47,27,12.3132)->(46,27,12.881)->(45,27,13.399)->(44,27,13.899)->(43,27,14.4169)->(42,27,14.9848)->(41,27,15.6669)->(40,27,16.9848)->(39,27,19.199)->(39,26,21.999)->(39,25,24.799)->(38,25,27.0132)->(37,25,28.331)->(36,25,29.0132)->(35,25,29.581)->(34,25,30.099)->(33,25,30.599)->(32,25,31.099)->(31,25,31.599)->(30,25,32.099)->(29,25,32.599)->(28,25,33.099)->(27,25,33.599)->(26,25,34.1169)->(25,25,34.6848)->(24,25,35.3669)->(23,25,36.6848)->(22,25,41.0779)->(22,26,60.326)->(23,26,77.4235)->(24,26,5038.71)->
Agent 10:(67,42,2.2)->(67,41,3.81421)->(67,40,5.13205)->(67,39,5.81421)->(67,38,6.38205)->(67,37,6.9)->(67,36,7.4)->(67,35,7.9)->(67,34,8.4)->(67,33,8.9)->(67,32,9.4)->(67,31,9.9)->(67,30,10.4)->(67,29,10.9179)->(67,28,11.4858)->(67,27,12.1679)->(67,26,13.4858)->(67,25,15.7)->(66,25,17.9142)->(65,25,19.2321)->(64,25,19.9142)->(63,25,20.4821)->(62,25,21)->(61,25,21.5179)->(60,25,22.0858)->(59,25,22.7679)->(58,25,24.0858)->(57,25,26.3)->(57,26,28.5142)->(57,27,29.8481)->(57,28,30.6765)->(57,29,32.0103)->(57,30,34.6388)->(56,30,41.9407)->(56,29,48.8569)->(56,28,52.8421)->(55,28,56.2416)->(54,28,57.5595)->(53,28,58.2416)->(52,28,58.8095)->(51,28,59.3274)->(50,28,59.8274)->(49,28,60.3274)->(48,28,60.8274)->(47,28,61.3274)->(46,28,61.8274)->(45,28,62.3274)->(44,28,62.8274)->(43,28,63.3274)->(42,28,63.8274)->(41,28,64.3274)->(40,28,64.8274)->(39,28,65.3274)->(38,28,65.8274)->(37,28,66.3274)->(36,28,66.8274)->(35,28,67.3274)->(34,28,67.8274)->(33,28,68.3274)->(32,28,68.8454)->(31,28,69.4132)->(30,28,70.0954)->(29,28,71.4132)->(28,28,73.6274)->(28,29,75.8416)->(28,30,77.1595)->(28,31,77.8416)->(28,32,78.4095)->(28,33,78.9274)->(28,34,79.4454)->(28,35,80.0132)->(28,36,80.6954)->(28,37,82.0132)->(28,38,5040.71)->
Agent 11:(16,23,1.8)->(17,23,3.01421)->(18,23,4.33205)->(19,23,5.01421)->(20,23,5.58205)->(21,23,6.1)->(22,23,6.6)->(23,23,7.1)->(24,23,7.6)->(25,23,8.1)->(26,23,8.6)->(27,23,9.1)->(28,23,9.6)->(29,23,10.1)->(30,23,10.6)->(31,23,11.1)->(32,23,11.6)->(33,23,12.1)->(34,23,12.6)->(35,23,13.1)->(36,23,13.6)->(37,23,14.1)->(38,23,14.6)->(39,23,15.1)->(40,23,15.6179)->(41,23,16.1858)->(42,23,16.8679)->(43,23,18.1858)->(44,23,20.4)->(44,24,22.6142)->(44,25,23.9321)->(44,26,24.6641)->(44,27,25.3962)->(44,28,26.714)->(44,29,28.9282)->(45,29,31.1424)->(46,29,32.4603)->(47,29,33.1424)->(48,29,33.7103)->(49,29,34.2282)->(50,29,34.7462)->(51,29,35.314)->(52,29,35.9962)->(53,29,37.314)->(54,29,40.6321)->(54,28,43.9501)->(54,27,45.2679)->(54,26,45.9501)->(54,25,46.5179)->(54,24,47.0359)->(54,23,47.5359)->(54,22,48.0359)->(54,21,48.5359)->(54,20,49.0359)->(54,19,49.5359)->(54,18,50.0359)->(54,17,50.5359)->(54,16,51.0359)->(54,15,51.5359)->(54,14,52.0359)->(54,13,52.5359)->(54,12,53.0359)->(54,11,53.5359)->(54,10,54.0359)->(54,9,54.5359)->(54,8,55.0538)->(54,7,55.6217)->(54,6,56.3038)->(54,5,57.6217)->(54,4,60.2501)->(53,4,5030.32)->
Agent 12:(66,38,4.86421)->(67,38,10.1142)->(67,37,12.7426)->(67,36,14.0605)->(67,35,14.7426)->(67,34,15.3105)->(67,33,15.8284)->(67,32,16.3284)->(67,31,16.8284)->(67,30,17.3284)->(67,29,17.8464)->(67,28,18.4142)->(67,27,19.0964)->(67,26,20.4142)->(67,25,22.7181)->(66,25,25.0221)->(65,25,26.3399)->(64,25,27.0221)->(63,25,27.5899)->(62,25,28.1079)->(61,25,28.6258)->(60,25,29.1937)->(59,25,29.8758)->(58,25,31.1937)->(57,25,33.4079)->(57,26,35.6221)->(57,27,36.9559)->(57,28,37.7844)->(57,29,39.1182)->(57,30,43.9446)->(57,29,49.3569)->(57,28,56.9711)->(56,28,63.9995)->(55,28,65.3173)->(54,28,65.9995)->(53,28,66.5673)->(52,28,67.0853)->(51,28,67.5853)->(50,28,68.0853)->(49,28,68.5853)->(48,28,69.0853)->(47,28,69.5853)->(46,28,70.0853)->(45,28,70.5853)->(44,28,71.0853)->(43,28,71.5853)->(42,28,72.1032)->(41,28,72.6711)->(40,28,73.3532)->(39,28,74.6711)->(38,28,76.8853)->(38,29,79.0995)->(38,30,80.4173)->(38,31,81.0995)->(38,32,81.6673)->(38,33,82.1853)->(38,34,82.6853)->(38,35,83.1853)->(38,36,83.6853)->(38,37,84.1853)->(38,38,84.6853)->(38,39,85.1853)->(38,40,85.6853)->(38,41,86.1853)->(38,42,86.6853)->(38,43,87.1853)->(38,44,87.6853)->(38,45,88.1853)->(38,46,88.6853)->(38,47,89.1853)->(38,48,89.6853)->(38,49,90.1853)->(38,50,90.6853)->(38,51,91.1853)->(38,52,91.7032)->(38,53,92.2711)->(38,54,92.9532)->(38,55,94.2711)->(38,56,96.8995)->(37,56,100.499)->(37,57,103.128)->(37,58,104.542)->(37,59,105.956)->(37,60,5052.69)->
Agent 13:(61,61,2.21421)->(60,61,4.81421)->(60,60,7.44264)->(60,59,8.76048)->(60,58,9.44264)->(60,57,10.0105)->(60,56,10.5464)->(60,55,11.1142)->(60,54,11.7964)->(60,53,13.1142)->(60,52,16.9353)->(59,52,20.7563)->(58,52,22.0742)->(57,52,22.7563)->(56,52,23.3242)->(55,52,23.8421)->(54,52,24.3421)->(53,52,24.8421)->(52,52,25.3421)->(51,52,25.8421)->(50,52,26.3421)->(49,52,26.8421)->(48,52,27.3421)->(47,52,27.8421)->(46,52,28.3421)->(45,52,28.8421)->(44,52,29.3601)->(43,52,29.9279)->(42,52,30.6101)->(41,52,31.9279)->(40,52,34.2279)->(40,51,36.5279)->(40,50,37.8458)->(40,49,38.5279)->(40,48,39.0958)->(40,47,39.6137)->(40,46,40.1137)->(40,45,40.6137)->(40,44,41.1137)->(40,43,41.6137)->(40,42,42.1137)->(40,41,42.6137)->(40,40,43.1137)->(40,39,43.6137)->(40,38,44.1137)->(40,37,44.6137)->(40,36,45.1137)->(40,35,45.6137)->(40,34,46.1137)->(40,33,46.6317)->(40,32,47.1995)->(40,31,47.8817)->(40,30,49.1995)->(40,29,51.4137)->(41,29,53.6279)->(42,29,54.9458)->(43,29,55.6279)->(44,29,56.1958)->(45,29,56.7137)->(46,29,57.2137)->(47,29,57.7137)->(48,29,58.2137)->(49,29,58.7137)->(50,29,59.2137)->(51,29,59.7137)->(52,29,60.2137)->(53,29,60.7137)->(54,29,61.2137)->(55,29,61.7137)->(56,29,62.2137)->(57,29,62.7137)->(58,29,63.2317)->(59,29,63.7995)->(60,29,64.4817)->(61,29,65.7995)->(62,29,68.0137)->(62,28,70.8137)->(62,27,73.6137)->(63,27,75.8279)->(64,27,77.1458)->(65,27,77.8778)->(66,27,78.6099)->(67,27,79.9277)->(68,27,82.1419)->(68,28,84.3561)->(68,29,85.674)->(68,30,86.3561)->(68,31,86.924)->(68,32,87.4419)->(68,33,87.9419)->(68,34,88.4419)->(68,35,88.9419)->(68,36,89.4419)->(68,37,89.9419)->(68,38,90.4599)->(68,39,91.0277)->(68,40,91.7099)->(68,41,93.0277)->(68,42,5046.22)->
Agent 14:(7,9,1.8)->(8,9,3.01421)->(9,9,4.33205)->(10,9,5.01421)->(11,9,5.58205)->(12,9,6.1)->(13,9,6.6)->(14,9,7.1)->(15,9,7.6)->(16,9,8.1)->(17,9,8.6)->(18,9,9.1)->(19,9,9.61795)->(20,9,10.1858)->(21,9,10.8679)->(22,9,12.1858)->(23,9,14.4)->(23,8,16.6142)->(23,7,17.9321)->(23,6,18.6641)->(23,5,19.3962)->(23,4,20.714)->(23,3,22.9282)->(24,3,25.1424)->(25,3,26.4763)->(26,3,27.3047)->(27,3,28.6385)->(28,3,5014.03)->
Agent 15:(56,20,1.8)->(57,20,3.01421)->(58,20,4.42843)->(59,20,5.84264)->(60,20,8.47107)->(60,19,12.0711)->(61,19,14.6995)->(62,19,16.0173)->(63,19,16.6995)->(64,19,17.2673)->(65,19,17.7853)->(66,19,18.2853)->(67,19,18.7853)->(68,19,19.3032)->(69,19,19.8711)->(70,19,20.5532)->(71,19,21.8711)->(72,19,24.0853)->(72,20,26.8853)->(72,21,5013.44)->
Agent 16:(14,20,1.8)->(15,20,3.01421)->(16,20,4.33205)->(17,20,5.01421)->(18,20,5.58205)->(19,20,6.1)->(20,20,6.6)->(21,20,7.1)->(22,20,7.6)->(23,20,8.1)->(24,20,8.6)->(25,20,9.1)->(26,20,9.6)->(27,20,10.1)->(28,20,10.6)->(29,20,11.1)->(30,20,11.6)->(31,20,12.1)->(32,20,12.6)->(33,20,13.1)->(34,20,13.6)->(35,20,14.1)->(36,20,14.6)->(37,20,15.1)->(38,20,15.6)->(39,20,16.1179)->(40,20,16.6858)->(41,20,17.3679)->(42,20,18.6858)->(43,20,20.9)->(43,21,23.1142)->(43,22,24.4321)->(43,23,25.1142)->(43,24,25.7)->(43,25,26.2858)->(43,26,26.9679)->(43,27,28.2858)->(43,28,30.5)->(44,28,32.7142)->(45,28,34.0321)->(46,28,34.7142)->(47,28,35.2821)->(48,28,35.8)->(49,28,36.3)->(50,28,36.8)->(51,28,37.3)->(52,28,37.8)->(53,28,38.3)->(54,28,38.8)->(55,28,39.3)->(56,28,39.8)->(57,28,40.3179)->(58,28,40.8858)->(59,28,41.5679)->(60,28,42.8858)->(61,28,45.1)->(61,27,47.3495)->(61,26,49.3495)->(61,25,51.599)->(62,25,53.8132)->(63,25,55.131)->(64,25,55.8132)->(65,25,56.381)->(66,25,56.9169)->(67,25,57.4848)->(68,25,58.1669)->(69,25,59.4848)->(70,25,61.699)->(70,24,63.9132)->(70,23,65.231)->(70,22,65.9132)->(70,21,66.481)->(70,20,66.999)->(70,19,67.5169)->(70,18,68.0848)->(70,17,68.7669)->(70,16,70.0848)->(70,15,72.299)->(71,15,74.5132)->(72,15,75.831)->(73,15,76.5132)->(74,15,77.099)->(75,15,77.6848)->(76,15,78.3669)->(77,15,79.6848)->(78,15,5039.55)->
Agent 17:(4,52,1.8)->(5,52,3.01421)->(6,52,4.33205)->(7,52,5.01421)->(8,52,5.58205)->(9,52,6.11795)->(10,52,6.68579)->(11,52,7.36795)->(12,52,8.68579)->(13,52,11.5284)->(13,51,14.3711)->(13,50,15.6889)->(13,49,16.3711)->(13,48,16.9389)->(13,47,17.4569)->(13,46,17.9569)->(13,45,18.4569)->(13,44,18.9569)->(13,43,19.4569)->(13,42,19.9569)->(13,41,20.4569)->(13,40,20.9569)->(13,39,21.4569)->(13,38,21.9569)->(13,37,22.4569)->(13,36,22.9569)->(13,35,23.4569)->(13,34,23.9569)->(13,33,24.4569)->(13,32,24.9569)->(13,31,25.4748)->(13,30,26.0426)->(13,29,26.7248)->(13,28,28.0426)->(13,27,30.2569)->(14,27,32.4711)->(15,27,33.7889)->(16,27,34.4711)->(17,27,35.0389)->(18,27,35.5569)->(19,27,36.0569)->(20,27,36.5569)->(21,27,37.0569)->(22,27,37.5569)->(23,27,38.0569)->(24,27,38.5569)->(25,27,39.0569)->(26,27,39.5569)->(27,27,40.0569)->(28,27,40.5748)->(29,27,41.1426)->(30,27,41.8248)->(31,27,43.1426)->(32,27,45.3569)->(32,28,48.1569)->(32,29,50.9569)->(33,29,53.1711)->(34,29,54.4889)->(35,29,55.1711)->(36,29,55.7389)->(37,29,56.2569)->(38,29,56.7569)->(39,29,57.2569)->(40,29,57.7569)->(41,29,58.2569)->(42,29,58.7569)->(43,29,59.2569)->(44,29,59.7569)->(45,29,60.2569)->(46,29,60.7569)->(47,29,61.2569)->(48,29,61.7569)->(49,29,62.2569)->(50,29,62.7569)->(51,29,63.2569)->(52,29,63.7569)->(53,29,64.2748)->(54,29,64.8426)->(55,29,65.5248)->(56,29,66.8426)->(57,29,69.0569)->(57,30,71.2711)->(57,31,72.5889)->(57,32,73.2711)->(57,33,73.8389)->(57,34,74.3569)->(57,35,74.8569)->(57,36,75.3748)->(57,37,75.9426)->(57,38,76.6248)->(57,39,77.9426)->(57,40,80.1569)->(58,40,82.3711)->(59,40,83.7853)->(60,40,85.1995)->(61,40,5042.31)->
Agent 18:(21,55,1.8)->(22,55,3.01421)->(23,55,4.33205)->(24,55,5.0641)->(25,55,5.79615)->(26,55,7.11399)->(27,55,10.5584)->(27,54,14.0029)->(27,53,15.3207)->(27,52,16.0029)->(27,51,16.5707)->(27,50,17.0887)->(27,49,17.5887)->(27,48,18.0887)->(27,47,18.5887)->(27,46,19.0887)->(27,45,19.5887)->(27,44,20.0887)->(27,43,20.5887)->(27,42,21.0887)->(27,41,21.5887)->(27,40,22.0887)->(27,39,22.5887)->(27,38,23.0887)->(27,37,23.5887)->(27,36,24.0887)->(27,35,24.5887)->(27,34,25.0887)->(27,33,25.5887)->(27,32,26.0887)->(27,31,26.5887)->(27,30,27.0887)->(27,29,27.5887)->(27,28,28.1066)->(27,27,28.6744)->(27,26,29.3566)->(27,25,30.6744)->(27,24,32.8887)->(26,24,35.1029)->(25,24,36.4207)->(24,24,37.1029)->(23,24,37.6707)->(22,24,38.1887)->(21,24,38.6887)->(20,24,39.1887)->(19,24,39.6887)->(18,24,40.1887)->(17,24,40.6887)->(16,24,41.1887)->(15,24,41.6887)->(14,24,42.1887)->(13,24,42.6887)->(12,24,43.2066)->(11,24,43.7744)->(10,24,44.4566)->(9,24,45.7744)->(8,24,5022.59)->
Agent 19:(71,61,2.53205)->(70,61,5.0641)->(69,61,7.8641)->(69,60,10.0783)->(69,59,11.3962)->(69,58,12.0783)->(69,57,12.6462)->(69,56,13.1641)->(69,55,13.6641)->(69,54,14.1641)->(69,53,14.6641)->(69,52,15.1641)->(69,51,15.6641)->(69,50,16.1641)->(69,49,16.6641)->(69,48,17.1641)->(69,47,17.6641)->(69,46,18.1641)->(69,45,18.6641)->(69,44,19.1641)->(69,43,19.6641)->(69,42,20.1641)->(69,41,20.6641)->(69,40,21.1641)->(69,39,21.6641)->(69,38,22.1641)->(69,37,22.6641)->(69,36,23.1641)->(69,35,23.6641)->(69,34,24.1641)->(69,33,24.6641)->(69,32,25.1641)->(69,31,25.6821)->(69,30,26.2499)->(69,29,26.9321)->(69,28,28.2499)->(69,27,37.6105)->(68,27,46.9711)->(67,27,48.2889)->(66,27,48.9711)->(65,27,49.5389)->(64,27,50.0569)->(63,27,50.5569)->(62,27,51.0569)->(61,27,51.5569)->(60,27,52.0569)->(59,27,52.5569)->(58,27,53.0569)->(57,27,53.5569)->(56,27,54.0569)->(55,27,54.5748)->(54,27,55.1426)->(53,27,55.8248)->(52,27,57.1426)->(51,27,59.7711)->(51,28,63.3711)->(50,28,65.9995)->(49,28,67.3173)->(48,28,67.9995)->(47,28,68.5673)->(46,28,69.0853)->(45,28,69.5853)->(44,28,70.0853)->(43,28,70.5853)->(42,28,71.0853)->(41,28,71.5853)->(40,28,72.0853)->(39,28,72.5853)->(38,28,73.0853)->(37,28,73.5853)->(36,28,74.0853)->(35,28,74.5853)->(34,28,75.0853)->(33,28,75.5853)->(32,28,76.0853)->(31,28,76.5853)->(30,28,77.0853)->(29,28,77.5853)->(28,28,78.0853)->(27,28,78.5853)->(26,28,79.0853)->(25,28,79.5853)->(24,28,80.1032)->(23,28,80.6711)->(22,28,81.3532)->(21,28,82.6711)->(20,28,84.8853)->(20,27,87.0995)->(20,26,88.4173)->(20,25,89.0995)->(20,24,89.6673)->(20,23,90.1853)->(20,22,90.6853)->(20,21,91.1853)->(20,20,91.6853)->(20,19,92.1853)->(20,18,92.6853)->(20,17,93.1853)->(20,16,93.6853)->(20,15,94.1853)->(20,14,94.6853)->(20,13,95.1853)->(20,12,95.6853)->(20,11,96.1853)->(20,10,96.6853)->(20,9,97.1853)->(20,8,97.7032)->(20,7,98.2711)->(20,6,98.9532)->(20,5,100.271)->(20,4,102.485)->(19,4,104.699)->(18,4,106.017)->(17,4,106.749)->(16,4,107.481)->(15,4,108.799)->(14,4,111.428)->(14,3,115.028)->(13,3,117.656)->(12,3,118.974)->(11,3,119.706)->(10,3,120.438)->(9,3,121.756)->(8,3,5060.59)->
Agent 20:(41,42,2.21421)->(42,42,4.81421)->(42,41,7.44264)->(42,40,8.76048)->(42,39,9.44264)->(42,38,10.0105)->(42,37,10.5284)->(42,36,11.0284)->(42,35,11.5284)->(42,34,12.0284)->(42,33,12.5464)->(42,32,13.1142)->(42,31,13.7964)->(42,30,15.1142)->(42,29,17.3284)->(43,29,19.5426)->(44,29,20.8605)->(45,29,21.5426)->(46,29,22.1105)->(47,29,22.6284)->(48,29,23.1284)->(49,29,23.6284)->(50,29,24.1284)->(51,29,24.6284)->(52,29,25.1284)->(53,29,25.6284)->(54,29,26.1284)->(55,29,26.6284)->(56,29,27.1464)->(57,29,27.7142)->(58,29,28.3964)->(59,29,29.7142)->(60,29,38.1142)->(60,28,46.5142)->(60,27,47.9284)->(60,26,49.3426)->(60,25,52.5779)->(61,25,55.8132)->(62,25,57.131)->(63,25,57.8132)->(64,25,58.381)->(65,25,58.9169)->(66,25,59.4848)->(67,25,60.1669)->(68,25,61.4848)->(69,25,72.198)->(69,26,82.9112)->(69,27,84.2291)->(69,28,84.9112)->(69,29,85.4791)->(69,30,85.997)->(69,31,86.497)->(69,32,86.997)->(69,33,87.497)->(69,34,87.997)->(69,35,88.497)->(69,36,88.997)->(69,37,89.497)->(69,38,89.997)->(69,39,90.497)->(69,40,90.997)->(69,41,91.497)->(69,42,91.997)->(69,43,92.497)->(69,44,92.997)->(69,45,93.497)->(69,46,93.997)->(69,47,94.497)->(69,48,94.997)->(69,49,95.497)->(69,50,95.997)->(69,51,96.497)->(69,52,96.997)->(69,53,97.515)->(69,54,98.0828)->(69,55,98.765)->(69,56,100.083)->(69,57,5049.75)->
Agent 21:(28,28,1.8)->(27,28,3.01421)->(26,28,4.33205)->(25,28,5.0641)->(24,28,5.79615)->(23,28,7.11399)->(22,28,9.3282)->(22,27,11.5424)->(22,26,12.8603)->(22,25,13.5424)->(22,24,14.1103)->(22,23,14.6462)->(22,22,15.214)->(22,21,15.8962)->(22,20,17.214)->(22,19,19.8424)->(21,19,23.4424)->(21,18,26.0708)->(21,17,27.3887)->(21,16,28.0708)->(21,15,28.6387)->(21,14,29.1566)->(21,13,29.6566)->(21,12,30.1566)->(21,11,30.6566)->(21,10,31.1566)->(21,9,31.6566)->(21,8,32.1746)->(21,7,32.7424)->(21,6,33.4246)->(21,5,34.7424)->(21,4,36.9566)->(20,4,39.1708)->(19,4,40.4887)->(18,4,41.1708)->(17,4,41.7566)->(16,4,42.3424)->(15,4,43.0246)->(14,4,44.3424)->(13,4,5021.88)->
Agent 22:(61,11,1.8)->(60,11,3.01421)->(59,11,4.33205)->(58,11,5.02382)->(57,11,5.65949)->(56,11,6.35126)->(55,11,7.6691)->(54,11,12.5917)->(54,12,17.5142)->(54,13,18.8321)->(54,14,19.5142)->(54,15,20.0821)->(54,16,20.6)->(54,17,21.1)->(54,18,21.6)->(54,19,22.1)->(54,20,22.6)->(54,21,23.1)->(54,22,23.6)->(54,23,24.1179)->(54,24,24.6858)->(54,25,25.3679)->(54,26,26.6858)->(54,27,28.9)->(53,27,31.1142)->(52,27,32.4321)->(51,27,33.1142)->(50,27,33.6821)->(49,27,34.2)->(48,27,34.7179)->(47,27,35.2858)->(46,27,35.9679)->(45,27,37.2858)->(44,27,39.5)->(44,26,41.7142)->(44,25,43.0321)->(44,24,43.7238)->(44,23,44.3595)->(44,22,45.0513)->(44,21,46.3691)->(44,20,48.5833)->(43,20,50.7975)->(42,20,52.1154)->(41,20,52.7975)->(40,20,53.3654)->(39,20,53.8833)->(38,20,54.3833)->(37,20,54.8833)->(36,20,55.3833)->(35,20,55.8833)->(34,20,56.3833)->(33,20,56.8833)->(32,20,57.3833)->(31,20,57.8833)->(30,20,58.3833)->(29,20,58.8833)->(28,20,59.3833)->(27,20,59.8833)->(26,20,60.3833)->(25,20,60.8833)->(24,20,61.3833)->(23,20,61.9013)->(22,20,62.4691)->(21,20,63.1513)->(20,20,64.4691)->(19,20,66.6833)->(19,19,68.8975)->(19,18,70.2154)->(19,17,70.8975)->(19,16,71.4654)->(19,15,71.9833)->(19,14,72.4833)->(19,13,73.0013)->(19,12,73.5691)->(19,11,74.2513)->(19,10,75.5691)->(19,9,77.7833)->(18,9,79.9975)->(17,9,81.3154)->(16,9,81.9975)->(15,9,82.5654)->(14,9,83.0833)->(13,9,83.5833)->(12,9,84.0833)->(11,9,84.5833)->(10,9,85.0833)->(9,9,85.6013)->(8,9,86.1691)->(7,9,86.8513)->(6,9,88.1691)->(5,9,90.3833)->(5,8,92.6328)->(5,7,94.6328)->(5,6,5047.04)->
Agent 23:(43,58,1.8)->(42,58,3.04949)->(41,58,5.04949)->(40,58,7.29898)->(40,57,9.51319)->(40,56,10.831)->(40,55,11.5132)->(40,54,12.081)->(40,53,12.599)->(40,52,13.099)->(40,51,13.599)->(40,50,14.099)->(40,49,14.599)->(40,48,15.099)->(40,47,15.599)->(40,46,16.099)->(40,45,16.599)->(40,44,17.099)->(40,43,17.599)->(40,42,18.099)->(40,41,18.599)->(40,40,19.099)->(40,39,19.599)->(40,38,20.099)->(40,37,20.599)->(40,36,21.099)->(40,35,21.599)->(40,34,22.099)->(40,33,22.599)->(40,32,23.099)->(40,31,23.599)->(40,30,24.099)->(40,29,24.6169)->(40,28,25.1848)->(40,27,25.8669)->(40,26,27.1848)->(40,25,33.6315)->(39,25,40.6641)->(38,25,60.6747)->(38,26,80.0995)->(38,27,81.4173)->(38,28,82.0995)->(38,29,82.6673)->(38,30,83.1853)->(38,31,83.6853)->(38,32,84.1853)->(38,33,84.6853)->(38,34,85.1853)->(38,35,85.6853)->(38,36,86.1853)->(38,37,86.6853)->(38,38,87.1853)->(38,39,87.6853)->(38,40,88.1853)->(38,41,88.6853)->(38,42,89.1853)->(38,43,89.6853)->(38,44,90.1853)->(38,45,90.6853)->(38,46,91.1853)->(38,47,91.6853)->(38,48,92.1853)->(38,49,92.6853)->(38,50,93.1853)->(38,51,93.7032)->(38,52,94.2711)->(38,53,94.9532)->(38,54,96.2711)->(38,55,5047.84)->
Agent 24:(73,57,1.8)->(72,57,3.01421)->(71,57,4.33205)->(70,57,5.0641)->(69,57,5.79615)->(68,57,7.11399)->(67,57,9.3282)->(67,56,11.5424)->(67,55,12.8603)->(67,54,13.5424)->(67,53,14.1103)->(67,52,14.6282)->(67,51,15.1282)->(67,50,15.6282)->(67,49,16.1282)->(67,48,16.6282)->(67,47,17.1282)->(67,46,17.6282)->(67,45,18.1282)->(67,44,18.6282)->(67,43,19.1282)->(67,42,19.6282)->(67,41,20.1282)->(67,40,20.6282)->(67,39,21.1282)->(67,38,21.6282)->(67,37,22.1282)->(67,36,22.6282)->(67,35,23.1282)->(67,34,23.6282)->(67,33,24.1282)->(67,32,24.6282)->(67,31,25.1282)->(67,30,25.6282)->(67,29,26.1462)->(67,28,26.714)->(67,27,27.3962)->(67,26,28.714)->(67,25,31.7641)->(66,25,34.8142)->(65,25,36.1321)->(64,25,36.8142)->(63,25,37.3821)->(62,25,37.9)->(61,25,38.4)->(60,25,38.9)->(59,25,39.4)->(58,25,39.9)->(57,25,40.4)->(56,25,40.9179)->(55,25,41.4858)->(54,25,42.1679)->(53,25,43.4858)->(52,25,45.8642)->(52,26,48.2779)->(52,27,50.2779)->(52,28,52.5274)->(51,28,54.7416)->(50,28,56.0595)->(49,28,56.7416)->(48,28,57.3095)->(47,28,57.8274)->(46,28,58.3274)->(45,28,58.8274)->(44,28,59.3274)->(43,28,59.8274)->(42,28,60.3274)->(41,28,60.8274)->(40,28,61.3274)->(39,28,61.8274)->(38,28,62.3274)->(37,28,62.8274)->(36,28,63.3274)->(35,28,63.8274)->(34,28,64.3274)->(33,28,64.8274)->(32,28,65.3274)->(31,28,65.8274)->(30,28,66.3274)->(29,28,66.8274)->(28,28,67.3274)->(27,28,67.8274)->(26,28,68.3274)->(25,28,68.8274)->(24,28,69.3274)->(23,28,69.8274)->(22,28,70.3454)->(21,28,70.9132)->(20,28,71.5954)->(19,28,72.9132)->(18,28,75.1274)->(18,27,77.9274)->(18,26,80.7274)->(17,26,82.9416)->(16,26,84.2755)->(15,26,85.1039)->(14,26,86.4377)->(13,26,5042.93)->
Agent 25:(10,10,1.8)->(11,10,3.01421)->(12,10,4.33205)->(13,10,5.01421)->(14,10,5.58205)->(15,10,6.11795)->(16,10,6.68579)->(17,10,7.36795)->(18,10,8.68579)->(19,10,10.9)->(19,11,13.1142)->(19,12,14.4321)->(19,13,15.1142)->(19,14,15.6821)->(19,15,16.2)->(19,16,16.7)->(19,17,17.2)->(19,18,17.7)->(19,19,18.2)->(19,20,18.7)->(19,21,19.2)->(19,22,19.7179)->(19,23,20.2858)->(19,24,20.9679)->(19,25,22.2858)->(19,26,24.5)->(18,26,26.7142)->(17,26,28.0321)->(16,26,28.7142)->(15,26,29.3)->(14,26,29.8858)->(13,26,30.5679)->(12,26,31.8858)->(11,26,34.1)->(11,27,36.3142)->(11,28,37.6321)->(11,29,38.3142)->(11,30,38.8821)->(11,31,39.4)->(11,32,39.9)->(11,33,40.4)->(11,34,40.9)->(11,35,41.4)->(11,36,41.9)->(11,37,42.4)->(11,38,42.9)->(11,39,43.4)->(11,40,43.9)->(11,41,44.4)->(11,42,44.9)->(11,43,45.4)->(11,44,45.9)->(11,45,46.4)->(11,46,46.9)->(11,47,47.4)->(11,48,47.9)->(11,49,48.4)->(11,50,48.9179)->(11,51,49.4858)->(11,52,50.1679)->(11,53,51.4858)->(11,54,53.7)->(10,54,55.9495)->(9,54,57.9495)->(8,54,60.6132)->(8,53,5030.5)->
Agent 26:(3,53,1.8)->(4,53,3.01421)->(5,53,4.33205)->(6,53,5.01421)->(7,53,5.58205)->(8,53,6.1)->(9,53,6.61795)->(10,53,7.18579)->(11,53,7.86795)->(12,53,9.18579)->(13,53,15.3463)->(13,52,21.5067)->(13,51,22.8246)->(13,50,23.5067)->(13,49,24.0746)->(13,48,24.5925)->(13,47,25.0925)->(13,46,25.5925)->(13,45,26.0925)->(13,44,26.5925)->(13,43,27.0925)->(13,42,27.5925)->(13,41,28.0925)->(13,40,28.5925)->(13,39,29.0925)->(13,38,29.5925)->(13,37,30.0925)->(13,36,30.5925)->(13,35,31.0925)->(13,34,31.5925)->(13,33,32.0925)->(13,32,32.5925)->(13,31,33.0925)->(13,30,33.5925)->(13,29,34.0925)->(13,28,34.5925)->(13,27,35.1105)->(13,26,35.6783)->(13,25,36.3605)->(13,24,37.6783)->(13,23,39.8925)->(14,23,42.1067)->(15,23,43.4246)->(16,23,44.1067)->(17,23,44.6746)->(18,23,45.1925)->(19,23,45.6925)->(20,23,46.1925)->(21,23,46.6925)->(22,23,47.2105)->(23,23,47.7783)->(24,23,48.4605)->(25,23,49.7783)->(26,23,5024.6)->
Agent 27:(68,59,2.21421)->(67,59,10.7321)->(67,58,19.2783)->(67,57,20.5962)->(67,56,21.2783)->(67,55,21.8462)->(67,54,22.3641)->(67,53,22.8641)->(67,52,23.3641)->(67,51,23.8641)->(67,50,24.3641)->(67,49,24.8641)->(67,48,25.3641)->(67,47,25.8641)->(67,46,26.3641)->(67,45,26.8641)->(67,44,27.3641)->(67,43,27.8641)->(67,42,28.3641)->(67,41,28.8641)->(67,40,29.3641)->(67,39,29.8641)->(67,38,30.3641)->(67,37,30.8641)->(67,36,31.3641)->(67,35,31.8641)->(67,34,32.3641)->(67,33,32.8641)->(67,32,33.3641)->(67,31,33.8641)->(67,30,34.3641)->(67,29,34.8821)->(67,28,35.4499)->(67,27,36.1321)->(67,26,37.4499)->(67,25,39.6821)->(66,25,41.9142)->(65,25,43.2321)->(64,25,43.9142)->(63,25,44.4821)->(62,25,45)->(61,25,45.5)->(60,25,46)->(59,25,46.5)->(58,25,47)->(57,25,47.5)->(56,25,48)->(55,25,48.5179)->(54,25,49.0858)->(53,25,49.7679)->(52,25,51.0858)->(51,25,56.9426)->(51,26,63.3853)->(51,27,66.1853)->(50,27,68.3995)->(49,27,69.7173)->(48,27,70.3995)->(47,27,70.9673)->(46,27,71.4853)->(45,27,71.9853)->(44,27,72.4853)->(43,27,72.9853)->(42,27,73.4853)->(41,27,73.9853)->(40,27,74.4853)->(39,27,74.9853)->(38,27,75.5032)->(37,27,76.0711)->(36,27,76.7532)->(35,27,78.0711)->(34,27,80.2853)->(34,26,82.4995)->(34,25,83.8333)->(34,24,84.6618)->(34,23,85.9956)->(34,22,88.2098)->(33,22,90.4241)->(32,22,91.7419)->(31,22,92.4241)->(30,22,92.9919)->(29,22,93.5098)->(28,22,94.0278)->(27,22,94.5956)->(26,22,95.2778)->(25,22,96.5956)->(24,22,5048)->
Agent 28:(2,26,1.71421)->(2,27,5.29264)->(3,27,9.39949)->(4,27,10.7173)->(5,27,11.3995)->(6,27,11.9673)->(7,27,12.4853)->(8,27,12.9853)->(9,27,13.4853)->(10,27,13.9853)->(11,27,14.4853)->(12,27,14.9853)->(13,27,15.4853)->(14,27,15.9853)->(15,27,16.4853)->(16,27,16.9853)->(17,27,17.4853)->(18,27,17.9853)->(19,27,18.4853)->(20,27,18.9853)->(21,27,19.4853)->(22,27,19.9853)->(23,27,20.4853)->(24,27,20.9853)->(25,27,21.5032)->(26,27,22.0711)->(27,27,22.7532)->(28,27,24.0711)->(29,27,26.8711)->(29,28,30.2569)->(29,29,36.4353)->(30,29,42.0279)->(31,29,43.3458)->(32,29,44.0279)->(33,29,44.5958)->(34,29,45.1137)->(35,29,45.6137)->(36,29,46.1137)->(37,29,46.6137)->(38,29,47.1137)->(39,29,47.6137)->(40,29,48.1137)->(41,29,48.6137)->(42,29,49.1137)->(43,29,49.6137)->(44,29,50.1137)->(45,29,50.6137)->(46,29,51.1137)->(47,29,51.6137)->(48,29,52.1137)->(49,29,52.6137)->(50,29,53.1137)->(51,29,53.6317)->(52,29,54.1995)->(53,29,54.8817)->(54,29,56.1995)->(55,29,58.4137)->(55,30,60.6279)->(55,31,61.9458)->(55,32,62.6279)->(55,33,63.1958)->(55,34,63.7137)->(55,35,64.2137)->(55,36,64.7317)->(55,37,65.2995)->(55,38,65.9817)->(55,39,67.2995)->(55,40,5033.36)->
Agent 29:(41,40,2.21421)->(40,40,4.81421)->(40,39,7.44264)->(40,38,8.76048)->(40,37,9.44264)->(40,36,10.0105)->(40,35,10.5284)->(40,34,11.0284)->(40,33,11.5284)->(40,32,12.0284)->(40,31,12.5284)->(40,30,13.0284)->(40,29,13.5464)->(40,28,14.1142)->(40,27,14.7964)->(40,26,16.1142)->(40,25,18.3284)->(39,25,20.5426)->(38,25,21.8605)->(37,25,22.5426)->(36,25,23.1105)->(35,25,23.6284)->(34,25,24.1284)->(33,25,24.6284)->(32,25,25.1284)->(31,25,25.6284)->(30,25,26.1284)->(29,25,26.6284)->(28,25,27.1284)->(27,25,27.6284)->(26,25,28.1284)->(25,25,28.6284)->(24,25,29.1284)->(23,25,29.6284)->(22,25,30.1284)->(21,25,30.6284)->(20,25,31.1284)->(19,25,31.6284)->(18,25,32.1284)->(17,25,32.6284)->(16,25,33.1284)->(15,25,33.6464)->(14,25,34.2142)->(13,25,34.8964)->(12,25,36.2142)->(11,25,38.4284)->(11,26,40.6426)->(11,27,41.9605)->(11,28,42.6426)->(11,29,43.2105)->(11,30,43.7284)->(11,31,44.2284)->(11,32,44.7284)->(11,33,45.2284)->(11,34,45.7284)->(11,35,46.2284)->(11,36,46.7284)->(11,37,47.2284)->(11,38,47.7284)->(11,39,48.2284)->(11,40,48.7284)->(11,41,49.2284)->(11,42,49.7284)->(11,43,50.2284)->(11,44,50.7284)->(11,45,51.2284)->(11,46,51.7284)->(11,47,52.2284)->(11,48,52.7284)->(11,49,53.2464)->(11,50,53.8142)->(11,51,54.4964)->(11,52,55.8142)->(11,53,58.0284)->(10,53,60.8284)->(9,53,5030.41)->
Agent 30:(72,44,1.8)->(71,44,3.04949)->(70,44,5.04949)->(69,44,7.69008)->(69,43,10.2954)->(69,42,11.6132)->(69,41,12.2954)->(69,40,12.8632)->(69,39,13.3812)->(69,38,13.8812)->(69,37,14.3812)->(69,36,14.8812)->(69,35,15.3812)->(69,34,15.8812)->(69,33,16.3812)->(69,32,16.8812)->(69,31,17.3812)->(69,30,17.8812)->(69,29,18.3812)->(69,28,18.8812)->(69,27,19.3812)->(69,26,19.8812)->(69,25,20.3812)->(69,24,20.8812)->(69,23,21.3812)->(69,22,21.8812)->(69,21,22.3812)->(69,20,22.8812)->(69,19,23.3812)->(69,18,23.8991)->(69,17,24.467)->(69,16,25.1491)->(69,15,26.467)->(69,14,28.6812)->(70,14,30.8954)->(71,14,32.2132)->(72,14,32.905)->(73,14,33.5407)->(74,14,34.2324)->(75,14,35.5503)->(76,14,37.7645)->(76,13,39.9787)->(76,12,41.2966)->(76,11,42.0286)->(76,10,42.7607)->(76,9,44.0785)->(76,8,46.2927)->(75,8,48.5422)->(74,8,50.5422)->(73,8,5025)->
Agent 31:(66,14,3.75)->(66,15,6.91421)->(66,16,8.23205)->(66,17,8.91421)->(66,18,9.48205)->(66,19,10)->(66,20,10.5)->(66,21,11)->(66,22,11.5)->(66,23,12.0179)->(66,24,12.5858)->(66,25,13.2679)->(66,26,14.5858)->(66,27,16.8)->(65,27,19.0142)->(64,27,20.3321)->(63,27,21.0142)->(62,27,21.5821)->(61,27,22.1)->(60,27,22.6)->(59,27,23.1)->(58,27,23.6)->(57,27,24.1)->(56,27,24.6)->(55,27,25.1)->(54,27,25.6)->(53,27,26.1)->(52,27,26.6)->(51,27,27.1)->(50,27,27.6)->(49,27,28.1)->(48,27,28.6)->(47,27,29.1)->(46,27,29.6)->(45,27,30.1)->(44,27,30.6)->(43,27,31.1)->(42,27,31.6179)->(41,27,32.1858)->(40,27,32.8679)->(39,27,34.1858)->(38,27,36.4)->(38,26,38.6142)->(38,25,39.9321)->(38,24,40.6142)->(38,23,41.2)->(38,22,41.7858)->(38,21,42.4679)->(38,20,43.7858)->(38,19,46)->(37,19,48.2142)->(36,19,49.5321)->(35,19,50.2142)->(34,19,50.7821)->(33,19,51.3)->(32,19,51.8)->(31,19,52.3)->(30,19,52.8)->(29,19,53.3)->(28,19,53.8)->(27,19,54.3)->(26,19,54.8)->(25,19,55.3)->(24,19,55.8)->(23,19,56.3179)->(22,19,56.8858)->(21,19,57.5679)->(20,19,58.8858)->(19,19,61.1)->(19,18,63.3142)->(19,17,64.6321)->(19,16,65.3142)->(19,15,65.8821)->(19,14,66.4179)->(19,13,66.9858)->(19,12,67.6679)->(19,11,68.9858)->(19,10,71.2)->(18,10,73.4142)->(17,10,74.7321)->(16,10,75.4142)->(15,10,75.9821)->(14,10,76.5)->(13,10,77)->(12,10,77.5)->(11,10,78)->(10,10,78.5)->(9,10,79.0179)->(8,10,79.5858)->(7,10,80.2679)->(6,10,81.5858)->(5,10,5040.5)->
Agent 32:(58,55,2.2)->(58,54,3.84949)->(58,53,5.84949)->(58,52,10.8563)->(57,52,15.8279)->(56,52,17.1458)->(55,52,17.8279)->(54,52,18.3958)->(53,52,18.9137)->(52,52,19.4137)->(51,52,19.9137)->(50,52,20.4137)->(49,52,20.9137)->(48,52,21.4137)->(47,52,21.9137)->(46,52,22.4137)->(45,52,22.9317)->(44,52,23.4995)->(43,52,24.1817)->(42,52,25.4995)->(41,52,27.7137)->(41,51,29.9279)->(41,50,31.2458)->(41,49,31.9279)->(41,48,32.4958)->(41,47,33.0137)->(41,46,33.5137)->(41,45,34.0137)->(41,44,34.5137)->(41,43,35.0137)->(41,42,35.5137)->(41,41,36.0137)->(41,40,36.5137)->(41,39,37.0137)->(41,38,37.5137)->(41,37,38.0137)->(41,36,38.5137)->(41,35,39.0137)->(41,34,39.5137)->(41,33,40.0317)->(41,32,40.5995)->(41,31,41.2817)->(41,30,42.5995)->(41,29,44.8137)->(42,29,47.0279)->(43,29,48.3458)->(44,29,49.0279)->(45,29,49.5958)->(46,29,50.1137)->(47,29,50.6137)->(48,29,51.1137)->(49,29,51.6137)->(50,29,52.1137)->(51,29,52.6137)->(52,29,53.1137)->(53,29,53.6137)->(54,29,54.1137)->(55,29,54.6137)->(56,29,55.1137)->(57,29,55.6137)->(58,29,56.1317)->(59,29,56.6995)->(60,29,57.3817)->(61,29,58.6995)->(62,29,60.9137)->(62,28,63.7137)->(62,27,66.5137)->(63,27,68.7279)->(64,27,70.0458)->(65,27,70.7375)->(66,27,71.3732)->(67,27,72.065)->(68,27,73.3828)->(69,27,75.597)->(69,28,77.8112)->(69,29,79.1291)->(69,30,79.8112)->(69,31,80.3791)->(69,32,80.897)->(69,33,81.397)->(69,34,81.897)->(69,35,82.397)->(69,36,82.897)->(69,37,83.397)->(69,38,83.897)->(69,39,84.397)->(69,40,84.915)->(69,41,85.4828)->(69,42,86.165)->(69,43,87.4828)->(69,44,89.697)->(70,44,91.9112)->(71,44,93.2451)->(72,44,94.0735)->(73,44,95.4074)->(74,44,5047.41)->
Agent 33:(69,61,2.53205)->(69,60,4.47832)->(69,59,5.79615)->(69,58,6.47832)->(69,57,7.04615)->(69,56,7.5641)->(69,55,8.0641)->(69,54,8.5641)->(69,53,9.0641)->(69,52,9.5641)->(69,51,10.0641)->(69,50,10.5641)->(69,49,11.0641)->(69,48,11.5641)->(69,47,12.0641)->(69,46,12.5641)->(69,45,13.0641)->(69,44,13.5641)->(69,43,14.0641)->(69,42,14.5641)->(69,41,15.0641)->(69,40,15.5641)->(69,39,16.0641)->(69,38,16.5641)->(69,37,17.0641)->(69,36,17.5641)->(69,35,18.0641)->(69,34,18.5641)->(69,33,19.0641)->(69,32,19.5641)->(69,31,20.0641)->(69,30,20.5641)->(69,29,21.0821)->(69,28,21.6499)->(69,27,22.3321)->(69,26,23.6499)->(69,25,29.2321)->(68,25,34.8142)->(67,25,36.1321)->(66,25,36.8142)->(65,25,37.3821)->(64,25,37.9)->(63,25,38.4)->(62,25,38.9)->(61,25,39.4)->(60,25,39.9)->(59,25,40.4179)->(58,25,40.9858)->(57,25,41.6679)->(56,25,42.9858)->(55,25,45.2)->(55,26,47.4495)->(55,27,49.4495)->(55,28,51.8632)->(54,28,54.2416)->(53,28,55.5595)->(52,28,56.2416)->(51,28,56.8095)->(50,28,57.3274)->(49,28,57.8274)->(48,28,58.3274)->(47,28,58.8274)->(46,28,59.3274)->(45,28,59.8274)->(44,28,60.3274)->(43,28,60.8274)->(42,28,61.3274)->(41,28,61.8274)->(40,28,62.3274)->(39,28,62.8274)->(38,28,63.3274)->(37,28,63.8274)->(36,28,64.3274)->(35,28,64.8274)->(34,28,65.3274)->(33,28,65.8274)->(32,28,66.3274)->(31,28,66.8274)->(30,28,67.3274)->(29,28,67.8274)->(28,28,68.3454)->(27,28,68.9132)->(26,28,69.5954)->(25,28,70.9132)->(24,28,73.1274)->(24,27,75.3416)->(24,26,76.6755)->(24,25,77.5039)->(24,24,78.8377)->(24,23,5039.13)->
Agent 34:(54,57,2.2)->(54,56,3.81421)->(54,55,5.22843)->(54,54,6.64264)->(54,53,8.85685)->(53,53,11.0711)->(52,53,12.3889)->(51,53,13.0711)->(50,53,13.6389)->(49,53,14.1569)->(48,53,14.6569)->(47,53,15.1569)->(46,53,15.6748)->(45,53,16.2426)->(44,53,16.9248)->(43,53,18.2426)->(42,53,20.4569)->(42,52,22.6711)->(42,51,23.9889)->(42,50,24.6711)->(42,49,25.2389)->(42,48,25.7569)->(42,47,26.2569)->(42,46,26.7569)->(42,45,27.2569)->(42,44,27.7569)->(42,43,28.2569)->(42,42,28.7569)->(42,41,29.2569)->(42,40,29.7569)->(42,39,30.2569)->(42,38,30.7569)->(42,37,31.2569)->(42,36,31.7569)->(42,35,32.2569)->(42,34,32.7569)->(42,33,33.2569)->(42,32,33.7748)->(42,31,34.3426)->(42,30,35.0248)->(42,29,36.3426)->(42,28,38.5569)->(43,28,40.7711)->(44,28,42.0889)->(45,28,42.7711)->(46,28,43.3389)->(47,28,43.8569)->(48,28,44.3569)->(49,28,44.8569)->(50,28,45.3569)->(51,28,45.8569)->(52,28,46.3569)->(53,28,46.8569)->(54,28,47.3569)->(55,28,47.8569)->(56,28,48.3569)->(57,28,48.8569)->(58,28,49.3748)->(59,28,49.9426)->(60,28,50.6248)->(61,28,51.9426)->(62,28,54.5711)->(62,27,58.1711)->(63,27,60.7995)->(64,27,62.1173)->(65,27,62.8091)->(66,27,63.4448)->(67,27,64.1365)->(68,27,65.4544)->(69,27,67.6686)->(69,28,69.8828)->(69,29,71.2006)->(69,30,71.8828)->(69,31,72.4686)->(69,32,73.0544)->(69,33,73.7365)->(69,34,75.0544)->(69,35,77.2686)->(70,35,80.0686)->(71,35,5040.03)->
Agent 35:(16,10,1.8)->(17,10,3.01421)->(18,10,4.34806)->(19,10,5.17649)->(20,10,6.51034)->(21,10,8.72456)->(21,11,10.9388)->(21,12,12.2566)->(21,13,12.9388)->(21,14,13.5066)->(21,15,14.0246)->(21,16,14.5246)->(21,17,15.0246)->(21,18,15.5246)->(21,19,16.0246)->(21,20,16.5246)->(21,21,17.0246)->(21,22,17.5425)->(21,23,18.1103)->(21,24,18.7925)->(21,25,20.1103)->(21,26,22.3246)->(22,26,24.5388)->(23,26,25.8566)->(24,26,26.5388)->(25,26,27.1066)->(26,26,27.6246)->(27,26,28.1246)->(28,26,28.6246)->(29,26,29.1246)->(30,26,29.6246)->(31,26,30.1246)->(32,26,30.6246)->(33,26,31.1246)->(34,26,31.6246)->(35,26,32.1425)->(36,26,32.7103)->(37,26,33.3925)->(38,26,34.7103)->(39,26,38.4907)->(38,26,44.0426)->(38,27,47.4711)->(38,28,48.7889)->(38,29,49.4711)->(38,30,50.0389)->(38,31,50.5569)->(38,32,51.0569)->(38,33,51.5569)->(38,34,52.0569)->(38,35,52.5569)->(38,36,53.0569)->(38,37,53.5569)->(38,38,54.0569)->(38,39,54.5569)->(38,40,55.0569)->(38,41,55.5569)->(38,42,56.0569)->(38,43,56.5569)->(38,44,57.0569)->(38,45,57.5569)->(38,46,58.0569)->(38,47,58.5569)->(38,48,59.0569)->(38,49,59.5569)->(38,50,60.0569)->(38,51,60.5569)->(38,52,61.0569)->(38,53,61.5748)->(38,54,62.1426)->(38,55,62.8248)->(38,56,64.1426)->(38,57,5031.78)->
Agent 36:(24,27,2.61421)->(24,26,5.61421)->(23,26,8.24264)->(22,26,9.56048)->(21,26,10.2426)->(20,26,10.8105)->(19,26,11.3284)->(18,26,11.8284)->(17,26,12.3284)->(16,26,12.8284)->(15,26,13.3464)->(14,26,13.9142)->(13,26,14.5964)->(12,26,15.9142)->(11,26,18.1284)->(11,27,20.3426)->(11,28,21.6605)->(11,29,22.3426)->(11,30,22.9105)->(11,31,23.4284)->(11,32,23.9284)->(11,33,24.4284)->(11,34,24.9284)->(11,35,25.4284)->(11,36,25.9284)->(11,37,26.4284)->(11,38,26.9284)->(11,39,27.4284)->(11,40,27.9284)->(11,41,28.4284)->(11,42,28.9284)->(11,43,29.4284)->(11,44,29.9284)->(11,45,30.4284)->(11,46,30.9284)->(11,47,31.4284)->(11,48,31.9284)->(11,49,32.4284)->(11,50,32.9284)->(11,51,33.4284)->(11,52,33.9284)->(11,53,34.4284)->(11,54,34.9284)->(11,55,35.4464)->(11,56,36.0142)->(11,57,36.6964)->(11,58,38.0142)->(11,59,40.2284)->(10,59,43.0284)->(9,59,5021.51)->
Agent 37:(13,31,2.2)->(13,30,3.81421)->(13,29,5.22843)->(13,28,6.64264)->(13,27,8.85685)->(14,27,11.0711)->(15,27,12.3889)->(16,27,13.0711)->(17,27,13.6389)->(18,27,14.1569)->(19,27,14.6569)->(20,27,15.1569)->(21,27,15.6569)->(22,27,16.1569)->(23,27,16.6569)->(24,27,17.1569)->(25,27,17.6569)->(26,27,18.1569)->(27,27,18.6569)->(28,27,19.1748)->(29,27,19.7426)->(30,27,20.4248)->(31,27,21.7426)->(32,27,23.9569)->(32,28,26.7569)->(32,29,29.7569)->(33,29,32.1711)->(34,29,33.4889)->(35,29,34.1711)->(36,29,34.7389)->(37,29,35.2569)->(38,29,35.7748)->(39,29,36.3426)->(40,29,37.0248)->(41,29,38.3426)->(42,29,40.5569)->(42,30,42.7711)->(42,31,44.0889)->(42,32,44.7711)->(42,33,45.3389)->(42,34,45.8569)->(42,35,46.3569)->(42,36,46.8569)->(42,37,47.3569)->(42,38,47.8748)->(42,39,48.4426)->(42,40,49.1248)->(42,41,50.4426)->(42,42,5024.93)->
Agent 38:(38,30,1.71421)->(38,31,3.81421)->(37,31,7.02843)->(36,31,9.82843)->(36,30,12.0426)->(36,29,13.3605)->(36,28,14.0426)->(36,27,14.6284)->(36,26,15.2142)->(36,25,15.8964)->(36,24,17.2142)->(36,23,29.1822)->(37,23,41.7359)->(38,23,61.2106)->(38,24,80.0995)->(38,25,81.5137)->(38,26,82.9279)->(38,27,5041.17)->
Agent 39:(20,11,3.99264)->(20,12,7.39949)->(20,13,8.71733)->(20,14,9.39949)->(20,15,9.96733)->(20,16,10.4853)->(20,17,10.9853)->(20,18,11.4853)->(20,19,11.9853)->(20,20,12.4853)->(20,21,12.9853)->(20,22,13.4853)->(20,23,13.9853)->(20,24,14.5032)->(20,25,15.0711)->(20,26,15.7532)->(20,27,17.0711)->(20,28,19.8711)->(21,28,22.6711)->(22,28,23.9889)->(23,28,24.6711)->(24,28,25.2389)->(25,28,25.7569)->(26,28,26.2569)->(27,28,26.7569)->(28,28,27.2569)->(29,28,27.7569)->(30,28,28.2569)->(31,28,28.7569)->(32,28,29.2569)->(33,28,29.7569)->(34,28,30.2569)->(35,28,30.7569)->(36,28,31.2569)->(37,28,31.7569)->(38,28,32.2569)->(39,28,32.7569)->(40,28,33.2569)->(41,28,33.7569)->(42,28,34.2569)->(43,28,34.7569)->(44,28,35.2569)->(45,28,35.7569)->(46,28,36.2569)->(47,28,36.7569)->(48,28,37.2569)->(49,28,37.7569)->(50,28,38.2569)->(51,28,38.7569)->(52,28,39.2569)->(53,28,39.7569)->(54,28,40.2748)->(55,28,40.8426)->(56,28,41.5248)->(57,28,42.8426)->(58,28,45.0569)->(58,29,47.8569)->(58,30,5023.93)->
Agent 40:(75,8,2.21421)->(76,8,4.81421)->(76,9,7.44264)->(76,10,8.76048)->(76,11,9.44264)->(76,12,10.0284)->(76,13,10.6142)->(76,14,11.2964)->(76,15,12.6142)->(76,16,14.8284)->(75,16,17.0426)->(74,16,18.3605)->(73,16,19.0426)->(72,16,19.6105)->(71,16,20.1284)->(70,16,20.6284)->(69,16,21.1284)->(68,16,21.6464)->(67,16,22.2142)->(66,16,22.8964)->(65,16,24.2142)->(64,16,26.4284)->(64,17,28.6426)->(64,18,29.9605)->(64,19,30.6426)->(64,20,31.2105)->(64,21,31.7284)->(64,22,32.2464)->(64,23,32.8142)->(64,24,33.4964)->(64,25,34.8142)->(64,26,37.0284)->(63,26,39.2426)->(62,26,40.5605)->(61,26,41.2426)->(60,26,41.8105)->(59,26,42.3284)->(58,26,42.8284)->(57,26,43.3284)->(56,26,43.8284)->(55,26,44.3284)->(54,26,44.8464)->(53,26,45.4142)->(52,26,46.0964)->(51,26,47.4142)->(50,26,53.1069)->(50,27,59.7711)->(49,27,62.3995)->(48,27,63.7173)->(47,27,64.3995)->(46,27,64.9673)->(45,27,65.4853)->(44,27,65.9853)->(43,27,66.4853)->(42,27,66.9853)->(41,27,67.4853)->(40,27,67.9853)->(39,27,68.4853)->(38,27,68.9853)->(37,27,69.5032)->(36,27,70.0711)->(35,27,70.7532)->(34,27,72.0711)->(33,27,5035.74)->
Agent 41:(18,22,1.3)->(18,23,2.01421)->(18,24,3.33205)->(18,25,4.0641)->(18,26,4.79615)->(18,27,6.11399)->(18,28,8.3282)->(19,28,10.5424)->(20,28,11.8603)->(21,28,12.5424)->(22,28,13.1103)->(23,28,13.6282)->(24,28,14.1282)->(25,28,14.6282)->(26,28,15.1282)->(27,28,15.6282)->(28,28,16.1282)->(29,28,16.6282)->(30,28,17.1282)->(31,28,17.6282)->(32,28,18.1282)->(33,28,18.6282)->(34,28,19.1282)->(35,28,19.6282)->(36,28,20.1282)->(37,28,20.6282)->(38,28,21.1282)->(39,28,21.6282)->(40,28,22.1282)->(41,28,22.6282)->(42,28,23.1282)->(43,28,23.6282)->(44,28,24.1282)->(45,28,24.6282)->(46,28,25.1282)->(47,28,25.6282)->(48,28,26.1282)->(49,28,26.6282)->(50,28,27.1282)->(51,28,27.6282)->(52,28,28.1462)->(53,28,28.714)->(54,28,29.3962)->(55,28,30.714)->(56,28,32.9282)->(56,27,35.1424)->(56,26,36.4603)->(56,25,37.1424)->(56,24,37.7103)->(56,23,38.2282)->(56,22,38.7282)->(56,21,39.2282)->(56,20,39.7282)->(56,19,40.2282)->(56,18,40.7282)->(56,17,41.2282)->(56,16,41.7282)->(56,15,42.2282)->(56,14,42.7282)->(56,13,43.2282)->(56,12,43.7282)->(56,11,44.2282)->(56,10,44.7282)->(56,9,45.2282)->(56,8,45.7462)->(56,7,46.314)->(56,6,46.9962)->(56,5,48.314)->(56,4,50.5282)->(57,4,52.7424)->(58,4,54.0603)->(59,4,54.752)->(60,4,55.3877)->(61,4,56.0795)->(62,4,57.3973)->(63,4,60.0257)->(63,5,5030.21)->
Agent 42:(52,8,1.8)->(53,8,3.01421)->(54,8,4.42843)->(55,8,5.84264)->(56,8,8.05685)->(56,9,10.2711)->(56,10,11.5889)->(56,11,12.2711)->(56,12,12.8389)->(56,13,13.3569)->(56,14,13.8569)->(56,15,14.3569)->(56,16,14.8569)->(56,17,15.3569)->(56,18,15.8569)->(56,19,16.3569)->(56,20,16.8569)->(56,21,17.3569)->(56,22,17.8569)->(56,23,18.3569)->(56,24,18.8569)->(56,25,19.3569)->(56,26,19.8748)->(56,27,20.4426)->(56,28,21.1248)->(56,29,22.4426)->(56,30,24.6569)->(57,30,26.9063)->(58,30,28.9063)->(59,30,39.4421)->(59,29,50.5284)->(59,28,60.1069)->(58,28,69.0995)->(57,28,70.4173)->(56,28,71.0995)->(55,28,71.6673)->(54,28,72.1853)->(53,28,72.6853)->(52,28,73.1853)->(51,28,73.6853)->(50,28,74.1853)->(49,28,74.6853)->(48,28,75.1853)->(47,28,75.6853)->(46,28,76.1853)->(45,28,76.6853)->(44,28,77.1853)->(43,28,77.6853)->(42,28,78.1853)->(41,28,78.6853)->(40,28,79.1853)->(39,28,79.7032)->(38,28,80.2711)->(37,28,80.9532)->(36,28,82.2711)->(35,28,84.4853)->(35,27,86.6995)->(35,26,88.0173)->(35,25,88.6995)->(35,24,89.2853)->(35,23,89.8711)->(35,22,90.5532)->(35,21,91.8711)->(35,20,5045.64)->
Agent 43:(57,55,2.2)->(57,54,3.84949)->(57,53,5.84949)->(57,52,8.09898)->(56,52,10.3132)->(55,52,11.631)->(54,52,12.3132)->(53,52,12.881)->(52,52,13.399)->(51,52,13.899)->(50,52,14.399)->(49,52,14.899)->(48,52,15.399)->(47,52,15.899)->(46,52,16.399)->(45,52,16.899)->(44,52,17.399)->(43,52,17.899)->(42,52,18.4169)->(41,52,18.9848)->(40,52,19.6669)->(39,52,20.9848)->(38,52,24.1779)->(38,51,27.3711)->(38,50,28.6889)->(38,49,29.3711)->(38,48,29.9389)->(38,47,30.4569)->(38,46,30.9569)->(38,45,31.4569)->(38,44,31.9569)->(38,43,32.4569)->(38,42,32.9569)->(38,41,33.4569)->(38,40,33.9569)->(38,39,34.4569)->(38,38,34.9569)->(38,37,35.4569)->(38,36,35.9569)->(38,35,36.4569)->(38,34,36.9569)->(38,33,37.4569)->(38,32,37.9569)->(38,31,38.4748)->(38,30,39.0426)->(38,29,39.7248)->(38,28,41.0426)->(38,27,43.2569)->(37,27,45.4711)->(36,27,46.7889)->(35,27,47.4711)->(34,27,48.0389)->(33,27,48.5569)->(32,27,49.0569)->(31,27,49.5569)->(30,27,50.0569)->(29,27,50.5569)->(28,27,51.0569)->(27,27,51.5569)->(26,27,52.0569)->(25,27,52.5569)->(24,27,53.0569)->(23,27,53.5569)->(22,27,54.0569)->(21,27,54.5569)->(20,27,55.0569)->(19,27,55.5569)->(18,27,56.0569)->(17,27,56.5748)->(16,27,57.1426)->(15,27,57.8248)->(14,27,59.1426)->(13,27,61.3569)->(13,28,63.5711)->(13,29,64.8889)->(13,30,65.5711)->(13,31,66.1389)->(13,32,66.6569)->(13,33,67.1748)->(13,34,67.7426)->(13,35,68.4248)->(13,36,69.7426)->(13,37,72.3711)->(14,37,5036.38)->
Agent 44:(9,49,1.8)->(10,49,3.01421)->(11,49,4.42843)->(12,49,5.84264)->(13,49,8.05685)->(13,48,10.2711)->(13,47,11.5889)->(13,46,12.2711)->(13,45,12.8389)->(13,44,13.3569)->(13,43,13.8569)->(13,42,14.3569)->(13,41,14.8569)->(13,40,15.3569)->(13,39,15.8569)->(13,38,16.3569)->(13,37,16.8569)->(13,36,17.3569)->(13,35,17.8569)->(13,34,18.3569)->(13,33,18.8569)->(13,32,19.3569)->(13,31,19.8748)->(13,30,20.4426)->(13,29,21.1248)->(13,28,22.4426)->(13,27,24.6569)->(14,27,26.8711)->(15,27,28.1889)->(16,27,28.8711)->(17,27,29.4389)->(18,27,29.9569)->(19,27,30.4569)->(20,27,30.9569)->(21,27,31.4569)->(22,27,31.9569)->(23,27,32.4569)->(24,27,32.9569)->(25,27,33.4569)->(26,27,33.9569)->(27,27,34.4569)->(28,27,34.9569)->(29,27,35.4569)->(30,27,35.9569)->(31,27,36.4569)->(32,27,36.9569)->(33,27,37.4569)->(34,27,37.9569)->(35,27,38.4569)->(36,27,38.9569)->(37,27,39.4569)->(38,27,39.9569)->(39,27,40.4569)->(40,27,40.9569)->(41,27,41.4569)->(42,27,41.9569)->(43,27,42.4569)->(44,27,42.9569)->(45,27,43.4569)->(46,27,43.9569)->(47,27,44.4569)->(48,27,44.9569)->(49,27,45.4569)->(50,27,45.9748)->(51,27,46.5426)->(52,27,47.2248)->(53,27,48.5426)->(54,27,50.7569)->(54,26,52.9711)->(54,25,54.2889)->(54,24,54.9711)->(54,23,55.5389)->(54,22,56.0569)->(54,21,56.5569)->(54,20,57.0569)->(54,19,57.5569)->(54,18,58.0569)->(54,17,58.5569)->(54,16,59.0569)->(54,15,59.5569)->(54,14,60.0569)->(54,13,60.5569)->(54,12,61.0569)->(54,11,61.5569)->(54,10,62.0569)->(54,9,62.5748)->(54,8,63.1426)->(54,7,63.8248)->(54,6,65.1426)->(54,5,5032.28)->
Agent 45:(39,29,2.2)->(39,28,3.81421)->(39,27,5.14806)->(39,26,5.97649)->(39,25,7.31034)->(39,24,9.52456)->(38,24,11.7388)->(37,24,13.0566)->(36,24,13.7388)->(35,24,14.3066)->(34,24,14.8246)->(33,24,15.3246)->(32,24,15.8246)->(31,24,16.3246)->(30,24,16.8246)->(29,24,17.3246)->(28,24,17.8246)->(27,24,18.3246)->(26,24,18.8246)->(25,24,19.3246)->(24,24,19.8246)->(23,24,20.3246)->(22,24,20.8246)->(21,24,21.3246)->(20,24,21.8246)->(19,24,22.3246)->(18,24,22.8246)->(17,24,23.3246)->(16,24,23.8246)->(15,24,24.3246)->(14,24,24.8246)->(13,24,25.3246)->(12,24,25.8425)->(11,24,26.4103)->(10,24,27.0925)->(9,24,28.4103)->(8,24,31.0388)->(8,25,5015.71)->
Agent 46:(11,20,4.24264)->(12,20,7.89949)->(13,20,9.21733)->(14,20,9.89949)->(15,20,10.4673)->(16,20,11.0032)->(17,20,11.5711)->(18,20,12.2532)->(19,20,13.5711)->(20,20,15.7853)->(20,19,17.9995)->(20,18,19.3173)->(20,17,19.9995)->(20,16,20.5673)->(20,15,21.0853)->(20,14,21.5853)->(20,13,22.1032)->(20,12,22.6711)->(20,11,23.3532)->(20,10,24.6711)->(20,9,26.8853)->(19,9,29.0995)->(18,9,30.4173)->(17,9,31.1494)->(16,9,31.8814)->(15,9,33.1993)->(14,9,35.4135)->(14,8,38.2135)->(14,7,5019.11)->
Agent 47:(60,29,2.2)->(60,28,4.4)->(60,27,7.2)->(61,27,9.41421)->(62,27,10.7321)->(63,27,11.4142)->(64,27,12)->(65,27,12.5858)->(66,27,13.2679)->(67,27,14.5858)->(68,27,16.8)->(68,28,19.0142)->(68,29,20.3321)->(68,30,21.0142)->(68,31,21.5821)->(68,32,22.1)->(68,33,22.6)->(68,34,23.1)->(68,35,23.6)->(68,36,24.1)->(68,37,24.6)->(68,38,25.1)->(68,39,25.6)->(68,40,26.1)->(68,41,26.6)->(68,42,27.1)->(68,43,27.6)->(68,44,28.1)->(68,45,28.6)->(68,46,29.1)->(68,47,29.6)->(68,48,30.1)->(68,49,30.6)->(68,50,31.1)->(68,51,31.6)->(68,52,32.1)->(68,53,32.6)->(68,54,33.1179)->(68,55,33.6858)->(68,56,34.3679)->(68,57,35.6858)->(68,58,37.9)->(69,58,40.1142)->(70,58,41.4321)->(71,58,42.1142)->(72,58,42.6821)->(73,58,43.2)->(74,58,43.7179)->(75,58,44.2858)->(76,58,44.9679)->(77,58,46.2858)->(78,58,5022.85)->
Agent 48:(77,13,1.71421)->(77,14,3.81421)->(76,14,6.44264)->(75,14,7.76048)->(74,14,8.44264)->(73,14,9.01048)->(72,14,9.52843)->(71,14,10.0284)->(70,14,10.5284)->(69,14,11.0284)->(68,14,11.5464)->(67,14,12.1142)->(66,14,12.7964)->(65,14,14.1142)->(64,14,16.3284)->(64,15,18.5426)->(64,16,19.8605)->(64,17,20.5426)->(64,18,21.1105)->(64,19,21.6284)->(64,20,22.1284)->(64,21,22.6284)->(64,22,23.1284)->(64,23,23.6464)->(64,24,24.2142)->(64,25,24.8964)->(64,26,26.2142)->(64,27,37.3426)->(63,27,48.4711)->(62,27,49.7889)->(61,27,50.4711)->(60,27,51.0389)->(59,27,51.5569)->(58,27,52.0569)->(57,27,52.5569)->(56,27,53.0569)->(55,27,53.5569)->(54,27,54.0569)->(53,27,54.5569)->(52,27,55.0569)->(51,27,55.5569)->(50,27,56.0569)->(49,27,56.5569)->(48,27,57.0569)->(47,27,57.5569)->(46,27,58.0569)->(45,27,58.5569)->(44,27,59.0569)->(43,27,59.5569)->(42,27,60.0569)->(41,27,60.5569)->(40,27,61.0569)->(39,27,61.5569)->(38,27,62.0569)->(37,27,62.5569)->(36,27,63.0569)->(35,27,63.5569)->(34,27,64.0569)->(33,27,64.5569)->(32,27,65.0569)->(31,27,65.5569)->(30,27,66.0569)->(29,27,66.5569)->(28,27,67.0569)->(27,27,67.5569)->(26,27,68.0569)->(25,27,68.5569)->(24,27,69.0569)->(23,27,69.5569)->(22,27,70.0569)->(21,27,70.5569)->(20,27,71.0569)->(19,27,71.5569)->(18,27,72.0569)->(17,27,72.5569)->(16,27,73.0569)->(15,27,73.5748)->(14,27,74.1426)->(13,27,74.8248)->(12,27,76.1426)->(11,27,78.3569)->(11,28,80.5711)->(11,29,81.8889)->(11,30,82.5711)->(11,31,83.1389)->(11,32,83.6569)->(11,33,84.1569)->(11,34,84.6569)->(11,35,85.1569)->(11,36,85.6569)->(11,37,86.1569)->(11,38,86.6569)->(11,39,87.1569)->(11,40,87.6569)->(11,41,88.1569)->(11,42,88.6569)->(11,43,89.1569)->(11,44,89.6569)->(11,45,90.1569)->(11,46,90.6569)->(11,47,91.1569)->(11,48,91.6569)->(11,49,92.1569)->(11,50,92.6569)->(11,51,93.1569)->(11,52,93.6569)->(11,53,94.1748)->(11,54,94.7426)->(11,55,95.4248)->(11,56,96.7426)->(11,57,98.9569)->(10,57,101.171)->(9,57,102.489)->(8,57,103.221)->(7,57,103.953)->(6,57,105.271)->(5,57,5052.34)->
Agent 49:(56,12,1.3)->(56,13,2.01421)->(56,14,3.33205)->(56,15,4.01421)->(56,16,4.58205)->(56,17,5.1)->(56,18,5.6)->(56,19,6.1)->(56,20,6.6)->(56,21,7.1)->(56,22,7.6)->(56,23,8.11795)->(56,24,8.68579)->(56,25,9.36795)->(56,26,10.6858)->(56,27,12.9)->(55,27,15.1142)->(54,27,16.4321)->(53,27,17.1142)->(52,27,17.6821)->(51,27,18.2)->(50,27,18.7)->(49,27,19.2)->(48,27,19.7)->(47,27,20.2)->(46,27,20.7)->(45,27,21.2)->(44,27,21.7)->(43,27,22.2)->(42,27,22.7)->(41,27,23.2)->(40,27,23.7)->(39,27,24.2)->(38,27,24.7)->(37,27,25.2)->(36,27,25.7)->(35,27,26.2)->(34,27,26.7179)->(33,27,27.2858)->(32,27,27.9679)->(31,27,29.2858)->(30,27,31.9142)->(30,26,35.5142)->(29,26,38.1426)->(28,26,39.4605)->(27,26,40.1426)->(26,26,40.7105)->(25,26,41.2284)->(24,26,41.7284)->(23,26,42.2284)->(22,26,42.7284)->(21,26,43.2284)->(20,26,43.7284)->(19,26,44.2284)->(18,26,44.7284)->(17,26,45.2284)->(16,26,45.7284)->(15,26,46.2284)->(14,26,46.7284)->(13,26,47.2284)->(12,26,47.7284)->(11,26,48.2284)->(10,26,48.7284)->(9,26,49.2464)->(8,26,49.8142)->(7,26,50.4964)->(6,26,51.8142)->(5,26,54.4426)->(5,27,5027.41)->
