Agent 0:(44,34,2.2)->(44,33,3.81421)->(44,32,5.13205)->(44,31,5.81421)->(44,30,6.4)->(44,29,6.98579)->(44,28,7.66795)->(44,27,8.98579)->(44,26,11.2)->(43,26,13.4142)->(42,26,14.7321)->(41,26,15.4142)->(40,26,15.9821)->(39,26,16.5)->(38,26,17)->(37,26,17.5)->(36,26,18)->(35,26,18.5)->(34,26,19)->(33,26,19.5)->(32,26,20)->(31,26,20.5)->(30,26,21)->(29,26,21.5)->(28,26,22)->(27,26,22.5)->(26,26,23)->(25,26,23.5)->(24,26,24)->(23,26,24.5)->(22,26,25)->(21,26,25.5)->(20,26,26)->(19,26,26.5)->(18,26,27)->(17,26,27.5)->(16,26,28)->(15,26,28.5)->(14,26,29)->(13,26,29.5179)->(12,26,30.0858)->(11,26,30.7679)->(10,26,32.0858)->(9,26,5015.75)->
Agent 1:(25,52,2.2)->(25,51,3.81421)->(25,50,5.13205)->(25,49,5.81421)->(25,48,6.38205)->(25,47,6.9)->(25,46,7.4)->(25,45,7.9)->(25,44,8.4)->(25,43,8.9)->(25,42,9.4)->(25,41,9.9)->(25,40,10.4)->(25,39,10.9)->(25,38,11.4)->(25,37,11.9)->(25,36,12.4)->(25,35,12.9)->(25,34,13.4)->(25,33,13.9)->(25,32,14.4)->(25,31,14.9)->(25,30,15.4)->(25,29,15.9)->(25,28,16.4)->(25,27,16.9)->(25,26,17.4)->(25,25,17.9)->(25,24,18.4179)->(25,23,18.9858)->(25,22,19.6679)->(25,21,20.9858)->(25,20,23.2)->(26,20,25.4142)->(27,20,26.7321)->(28,20,27.4238)->(29,20,28.0595)->(30,20,28.7513)->(31,20,30.0691)->(32,20,32.2833)->(32,19,34.5328)->(32,18,36.5328)->(32,17,39.1965)->(33,17,5019.79)->
Agent 2:(46,42,2.61421)->(46,41,5.61421)->(45,41,8.24264)->(44,41,9.56048)->(43,41,10.2426)->(42,41,10.8105)->(41,41,11.3284)->(40,41,11.8284)->(39,41,12.3464)->(38,41,12.9142)->(37,41,13.5964)->(36,41,14.9142)->(35,41,17.5426)->(35,40,21.1426)->(34,40,23.7711)->(33,40,25.0889)->(32,40,25.7711)->(31,40,26.3389)->(30,40,26.8569)->(29,40,27.3569)->(28,40,27.8569)->(27,40,28.3569)->(26,40,28.8569)->(25,40,29.3748)->(24,40,29.9426)->(23,40,30.6248)->(22,40,31.9426)->(21,40,34.5711)->(21,41,5017.48)->
Agent 3:(52,29,2.2)->(52,28,3.81421)->(52,27,5.22843)->(52,26,6.64264)->(52,25,9.51048)->(51,25,12.3783)->(50,25,13.6962)->(49,25,14.3783)->(48,25,14.9462)->(47,25,15.4641)->(46,25,15.9641)->(45,25,16.4641)->(44,25,16.9641)->(43,25,17.4641)->(42,25,17.9641)->(41,25,18.4641)->(40,25,18.9821)->(39,25,19.5499)->(38,25,20.2321)->(37,25,21.5499)->(36,25,24.1783)->(36,24,5012.28)->
Agent 4:(7,32,1.3)->(7,33,2.01421)->(7,34,3.33205)->(7,35,4.02382)->(7,36,4.65949)->(7,37,5.35126)->(7,38,6.6691)->(7,39,8.88331)->(8,39,11.0975)->(9,39,12.4314)->(10,39,13.2598)->(11,39,14.5937)->(12,39,16.8079)->(12,40,19.0221)->(12,41,20.3399)->(12,42,21.0221)->(12,43,21.5899)->(12,44,22.1079)->(12,45,22.6079)->(12,46,23.1079)->(12,47,23.6079)->(12,48,24.1079)->(12,49,24.6079)->(12,50,25.1079)->(12,51,25.6079)->(12,52,26.1258)->(12,53,26.6937)->(12,54,27.3758)->(12,55,28.6937)->(12,56,30.9079)->(13,56,33.1221)->(14,56,34.4399)->(15,56,35.1221)->(16,56,35.6899)->(17,56,36.2079)->(18,56,36.7079)->(19,56,37.2079)->(20,56,37.7079)->(21,56,38.2079)->(22,56,38.7079)->(23,56,39.2079)->(24,56,39.7079)->(25,56,40.2079)->(26,56,40.7079)->(27,56,41.2079)->(28,56,41.7079)->(29,56,42.2079)->(30,56,42.7079)->(31,56,43.2079)->(32,56,43.7258)->(33,56,44.2937)->(34,56,44.9758)->(35,56,46.2937)->(36,56,48.9221)->(36,57,5024.65)->
Agent 5:(20,17,1.8)->(19,17,3.6)->(18,17,6.4)->(18,16,8.61421)->(18,15,9.93205)->(18,14,10.6142)->(18,13,11.1821)->(18,12,11.7)->(18,11,12.2)->(18,10,12.7)->(18,9,13.2179)->(18,8,13.7858)->(18,7,14.4679)->(18,6,15.7858)->(18,5,18)->(19,5,20.8)->(20,5,5010.4)->
Agent 6:(3,53,1.8)->(4,53,3.01421)->(5,53,4.33205)->(6,53,5.01421)->(7,53,5.6)->(8,53,6.18579)->(9,53,6.86795)->(10,53,8.18579)->(11,53,5003.8)->
Agent 7:(58,51,2.2)->(58,50,4.4)->(58,49,7.2)->(57,49,9.41421)->(56,49,10.7321)->(55,49,11.4142)->(54,49,11.9821)->(53,49,12.5)->(52,49,13)->(51,49,13.5)->(50,49,14)->(49,49,14.5)->(48,49,15)->(47,49,15.5)->(46,49,16)->(45,49,16.5)->(44,49,17)->(43,49,17.5)->(42,49,18)->(41,49,18.5)->(40,49,19)->(39,49,19.5)->(38,49,20.0179)->(37,49,20.5858)->(36,49,21.2679)->(35,49,22.5858)->(34,49,24.8)->(34,50,27.6)->(34,51,30.9137)->(33,51,33.6416)->(32,51,34.9595)->(31,51,35.6416)->(30,51,36.2095)->(29,51,36.7274)->(28,51,37.2274)->(27,51,37.7274)->(26,51,38.2274)->(25,51,38.7274)->(24,51,39.2274)->(23,51,39.7274)->(22,51,40.2274)->(21,51,40.7274)->(20,51,41.2274)->(19,51,41.7274)->(18,51,42.2274)->(17,51,42.7274)->(16,51,43.2274)->(15,51,43.7274)->(14,51,44.2274)->(13,51,44.7274)->(12,51,45.2274)->(11,51,45.7274)->(10,51,46.2274)->(9,51,46.7274)->(8,51,47.2274)->(7,51,47.7274)->(6,51,48.2274)->(5,51,48.7274)->(4,51,49.2454)->(3,51,49.8132)->(2,51,50.4954)->(1,51,51.8132)->(0,51,54.4416)->(0,52,5027.41)->
Agent 8:(15,61,2.2)->(15,60,3.81421)->(15,59,5.13205)->(15,58,5.81421)->(15,57,6.38205)->(15,56,6.9)->(15,55,7.41795)->(15,54,7.98579)->(15,53,8.66795)->(15,52,9.98579)->(15,51,12.2)->(14,51,14.4142)->(13,51,15.7321)->(12,51,16.4142)->(11,51,16.9821)->(10,51,17.5)->(9,51,18)->(8,51,18.5179)->(7,51,19.0858)->(6,51,19.7679)->(5,51,21.0858)->(4,51,23.3)->(4,50,25.5142)->(4,49,26.8321)->(4,48,27.5142)->(4,47,28.0821)->(4,46,28.6179)->(4,45,29.1858)->(4,44,29.8679)->(4,43,31.1858)->(4,42,33.8142)->(3,42,5017.1)->
Agent 9:(43,19,2.21421)->(42,19,6.79039)->(42,20,11.395)->(42,21,12.7128)->(42,22,13.4046)->(42,23,14.0403)->(42,24,14.7321)->(42,25,16.0499)->(42,26,18.2641)->(41,26,20.4783)->(40,26,21.7962)->(39,26,22.4783)->(38,26,23.0462)->(37,26,23.5641)->(36,26,24.0641)->(35,26,24.5641)->(34,26,25.0641)->(33,26,25.5641)->(32,26,26.0641)->(31,26,26.5641)->(30,26,27.0641)->(29,26,27.5641)->(28,26,28.0641)->(27,26,28.5641)->(26,26,29.0641)->(25,26,29.5641)->(24,26,30.0641)->(23,26,30.5641)->(22,26,31.0641)->(21,26,31.5641)->(20,26,32.0641)->(19,26,32.5641)->(18,26,33.0641)->(17,26,33.5641)->(16,26,34.0641)->(15,26,34.5641)->(14,26,35.0821)->(13,26,35.6499)->(12,26,36.3321)->(11,26,37.6499)->(10,26,39.8641)->(10,25,42.6641)->(10,24,5021.33)->
Agent 10:(15,16,2.21421)->(16,16,4.81421)->(16,17,7.44264)->(16,18,8.76048)->(16,19,9.44264)->(16,20,10.0105)->(16,21,10.5284)->(16,22,11.0284)->(16,23,11.5284)->(16,24,12.0284)->(16,25,12.5284)->(16,26,13.0284)->(16,27,13.5284)->(16,28,14.0284)->(16,29,14.5284)->(16,30,15.0284)->(16,31,15.5284)->(16,32,16.0284)->(16,33,16.5284)->(16,34,17.0284)->(16,35,17.5284)->(16,36,18.0284)->(16,37,18.5284)->(16,38,19.0464)->(16,39,19.6142)->(16,40,20.2964)->(16,41,21.6142)->(16,42,23.8284)->(17,42,26.0426)->(18,42,27.3605)->(19,42,28.0522)->(20,42,28.6879)->(21,42,29.3797)->(22,42,30.6975)->(23,42,32.9117)->(23,43,35.7117)->(23,44,38.5117)->(24,44,40.7612)->(25,44,42.7612)->(26,44,5021.11)->
Agent 11:(6,37,1.8)->(7,37,3.01421)->(8,37,4.33205)->(9,37,5.0641)->(10,37,5.79615)->(11,37,7.11399)->(12,37,9.3282)->(12,38,11.5424)->(12,39,12.8603)->(12,40,13.5424)->(12,41,14.1103)->(12,42,14.6282)->(12,43,15.1282)->(12,44,15.6282)->(12,45,16.1282)->(12,46,16.6282)->(12,47,17.1462)->(12,48,17.714)->(12,49,18.3962)->(12,50,19.714)->(12,51,21.9282)->(13,51,24.1424)->(14,51,25.4603)->(15,51,26.1424)->(16,51,26.7103)->(17,51,27.2282)->(18,51,27.7282)->(19,51,28.2282)->(20,51,28.7282)->(21,51,29.2462)->(22,51,29.814)->(23,51,30.4962)->(24,51,31.814)->(25,51,34.4424)->(25,50,38.0424)->(26,50,40.6708)->(27,50,41.9887)->(28,50,42.6708)->(29,50,43.2387)->(30,50,43.7566)->(31,50,44.2566)->(32,50,44.7566)->(33,50,45.2746)->(34,50,45.8424)->(35,50,46.5246)->(36,50,47.8424)->(37,50,50.0566)->(37,51,52.3061)->(37,52,54.3061)->(37,53,5026.88)->
Agent 12:(43,26,1.8)->(44,26,3.01421)->(45,26,4.33205)->(46,26,5.0641)->(47,26,5.79615)->(48,26,7.11399)->(49,26,9.3282)->(49,25,11.5424)->(49,24,12.8603)->(49,23,13.5424)->(49,22,14.1103)->(49,21,14.6282)->(49,20,15.1282)->(49,19,15.6282)->(49,18,16.1282)->(49,17,16.6282)->(49,16,17.1282)->(49,15,17.6282)->(49,14,18.1282)->(49,13,18.6282)->(49,12,19.1282)->(49,11,19.6282)->(49,10,20.1282)->(49,9,20.6282)->(49,8,21.1282)->(49,7,21.6282)->(49,6,22.1282)->(49,5,22.6462)->(49,4,23.214)->(49,3,23.8962)->(49,2,25.214)->(49,1,27.4282)->(48,1,29.6777)->(47,1,31.6777)->(46,1,5015.56)->
Agent 13:(61,34,1.8)->(60,34,3.01421)->(59,34,4.33205)->(58,34,5.01421)->(57,34,5.58205)->(56,34,6.1)->(55,34,6.6)->(54,34,7.1)->(53,34,7.6)->(52,34,8.1)->(51,34,8.6)->(50,34,9.1)->(49,34,9.6)->(48,34,10.1)->(47,34,10.6)->(46,34,11.1)->(45,34,11.6)->(44,34,12.1)->(43,34,12.6)->(42,34,13.1)->(41,34,13.6)->(40,34,14.1)->(39,34,14.6)->(38,34,15.1)->(37,34,15.6)->(36,34,16.1179)->(35,34,16.6858)->(34,34,17.3679)->(33,34,18.6858)->(32,34,24.4779)->(32,35,30.27)->(32,36,31.5879)->(32,37,32.27)->(32,38,32.8558)->(32,39,33.4416)->(32,40,34.1238)->(32,41,35.4416)->(32,42,37.6558)->(31,42,39.87)->(30,42,41.1879)->(29,42,41.87)->(28,42,42.4379)->(27,42,42.9558)->(26,42,43.4558)->(25,42,43.9558)->(24,42,44.4558)->(23,42,44.9558)->(22,42,45.4558)->(21,42,45.9558)->(20,42,46.4558)->(19,42,46.9558)->(18,42,47.4558)->(17,42,47.9558)->(16,42,48.4558)->(15,42,48.9558)->(14,42,49.4558)->(13,42,49.9558)->(12,42,50.4738)->(11,42,51.0416)->(10,42,51.7238)->(9,42,53.0416)->(8,42,55.2558)->(8,43,57.47)->(8,44,58.7879)->(8,45,59.47)->(8,46,60.0379)->(8,47,60.5558)->(8,48,61.0558)->(8,49,61.5558)->(8,50,62.0738)->(8,51,62.6416)->(8,52,63.3238)->(8,53,64.6416)->(8,54,5032.03)->
Agent 14:(62,39,1.8)->(61,39,3.01421)->(60,39,4.33205)->(59,39,5.01421)->(58,39,5.58205)->(57,39,6.1)->(56,39,6.6)->(55,39,7.1)->(54,39,7.6)->(53,39,8.1)->(52,39,8.6)->(51,39,9.1)->(50,39,9.6)->(49,39,10.1)->(48,39,10.6)->(47,39,11.1)->(46,39,11.6)->(45,39,12.1)->(44,39,12.6)->(43,39,13.1)->(42,39,13.6)->(41,39,14.1)->(40,39,14.6)->(39,39,15.1179)->(38,39,15.6858)->(37,39,16.3679)->(36,39,17.6858)->(35,39,21.7284)->(35,40,25.8063)->(35,41,27.8063)->(35,42,30.0558)->(34,42,32.27)->(33,42,33.5879)->(32,42,34.27)->(31,42,34.8379)->(30,42,35.3558)->(29,42,35.8558)->(28,42,36.3558)->(27,42,36.8558)->(26,42,37.3558)->(25,42,37.8558)->(24,42,38.3558)->(23,42,38.8738)->(22,42,39.4416)->(21,42,40.1238)->(20,42,41.4416)->(19,42,43.6558)->(19,43,46.4558)->(19,44,5023.23)->
Agent 15:(38,55,1.8)->(39,55,3.01421)->(40,55,4.42843)->(41,55,5.84264)->(42,55,8.05685)->(42,54,10.2711)->(42,53,11.5889)->(42,52,12.2711)->(42,51,12.8389)->(42,50,13.3569)->(42,49,13.8569)->(42,48,14.3569)->(42,47,14.8569)->(42,46,15.3748)->(42,45,15.9426)->(42,44,16.6248)->(42,43,17.9426)->(42,42,20.1569)->(43,42,22.3711)->(44,42,23.6889)->(45,42,24.3711)->(46,42,24.9389)->(47,42,25.4569)->(48,42,25.9569)->(49,42,26.4569)->(50,42,26.9569)->(51,42,27.4569)->(52,42,27.9569)->(53,42,28.4748)->(54,42,29.0426)->(55,42,29.7248)->(56,42,31.0426)->(57,42,5015.23)->
Agent 16:(60,26,2.61421)->(60,25,9.14626)->(59,25,15.3067)->(58,25,16.6246)->(57,25,17.3067)->(56,25,17.8746)->(55,25,18.3925)->(54,25,18.8925)->(53,25,19.3925)->(52,25,19.8925)->(51,25,20.3925)->(50,25,20.8925)->(49,25,21.3925)->(48,25,21.8925)->(47,25,22.3925)->(46,25,22.8925)->(45,25,23.3925)->(44,25,23.8925)->(43,25,24.3925)->(42,25,24.8925)->(41,25,25.3925)->(40,25,25.8925)->(39,25,26.3925)->(38,25,26.8925)->(37,25,27.3925)->(36,25,27.8925)->(35,25,28.3925)->(34,25,28.8925)->(33,25,29.3925)->(32,25,29.8925)->(31,25,30.4105)->(30,25,30.9783)->(29,25,31.6605)->(28,25,32.9783)->(27,25,35.1925)->(27,26,37.4067)->(27,27,38.7246)->(27,28,39.4067)->(27,29,39.9746)->(27,30,40.4925)->(27,31,40.9925)->(27,32,41.4925)->(27,33,41.9925)->(27,34,42.4925)->(27,35,42.9925)->(27,36,43.4925)->(27,37,43.9925)->(27,38,44.4925)->(27,39,44.9925)->(27,40,45.4925)->(27,41,45.9925)->(27,42,46.4925)->(27,43,46.9925)->(27,44,47.4925)->(27,45,47.9925)->(27,46,48.4925)->(27,47,48.9925)->(27,48,49.4925)->(27,49,49.9925)->(27,50,50.5105)->(27,51,51.0783)->(27,52,51.7605)->(27,53,53.0783)->(27,54,55.2925)->(26,54,57.5067)->(25,54,58.8246)->(24,54,59.5163)->(23,54,60.152)->(22,54,60.8438)->(21,54,62.1616)->(20,54,64.3758)->(20,55,66.6253)->(20,56,68.6253)->(20,57,5034.04)->
Agent 17:(42,3,2.2)->(42,2,4.4)->(42,1,7.2)->(43,1,9.41421)->(44,1,10.7321)->(45,1,11.4142)->(46,1,11.9821)->(47,1,12.5)->(48,1,13)->(49,1,13.5)->(50,1,14)->(51,1,14.5)->(52,1,15)->(53,1,15.5179)->(54,1,16.0858)->(55,1,16.7679)->(56,1,18.0858)->(57,1,20.3)->(57,2,22.5142)->(57,3,23.8321)->(57,4,24.5641)->(57,5,25.2962)->(57,6,26.614)->(57,7,5013.01)->
Agent 18:(8,21,3.51421)->(9,21,6.44264)->(10,21,7.76048)->(11,21,8.44264)->(12,21,9.02843)->(13,21,9.61421)->(14,21,10.2964)->(15,21,11.6142)->(16,21,13.8284)->(16,22,16.0426)->(16,23,17.3605)->(16,24,18.0426)->(16,25,18.6105)->(16,26,19.1284)->(16,27,19.6284)->(16,28,20.1284)->(16,29,20.6284)->(16,30,21.1284)->(16,31,21.6284)->(16,32,22.1284)->(16,33,22.6284)->(16,34,23.1284)->(16,35,23.6284)->(16,36,24.1284)->(16,37,24.6284)->(16,38,25.1284)->(16,39,25.6284)->(16,40,26.1284)->(16,41,26.6464)->(16,42,27.2142)->(16,43,27.8964)->(16,44,29.2142)->(16,45,31.4284)->(15,45,33.6779)->(14,45,35.6779)->(13,45,37.9274)->(13,46,40.1416)->(13,47,41.4595)->(13,48,42.1416)->(13,49,42.7095)->(13,50,43.2274)->(13,51,43.7274)->(13,52,44.2274)->(13,53,44.7274)->(13,54,45.2274)->(13,55,45.7274)->(13,56,46.2454)->(13,57,46.8132)->(13,58,47.4954)->(13,59,48.8132)->(13,60,51.0274)->(14,60,53.2416)->(15,60,54.5595)->(16,60,55.2512)->(17,60,55.8869)->(18,60,56.5787)->(19,60,57.8965)->(20,60,60.5249)->(20,61,5030.46)->
Agent 19:(48,42,2.21421)->(47,42,4.81421)->(47,43,7.47792)->(47,44,9.47792)->(47,45,11.7279)->(46,45,13.9426)->(45,45,15.2605)->(44,45,15.9426)->(43,45,16.5105)->(42,45,17.0284)->(41,45,17.5284)->(40,45,18.0284)->(39,45,18.5284)->(38,45,19.0284)->(37,45,19.5284)->(36,45,20.0284)->(35,45,20.5284)->(34,45,21.0284)->(33,45,21.5284)->(32,45,22.0284)->(31,45,22.5284)->(30,45,23.0464)->(29,45,23.6142)->(28,45,24.2964)->(27,45,25.6142)->(26,45,27.8284)->(26,44,30.0426)->(26,43,31.3605)->(26,42,32.0522)->(26,41,32.6879)->(26,40,33.3797)->(26,39,34.6975)->(26,38,5017.06)->
