Agent 0:(16,5,0,3.6)->(17,5,1.6,4.42843)->(18,5,3.6,5.0641)->(19,5,4.42843,5.6)->(20,5,5.0641,6.1)->(21,5,5.6,6.6359)->(22,5,6.1,7.27157)->(23,5,6.6359,8.1)->(24,5,7.27157,10.1)->(25,5,8.1,13.7)->(25,6,11.7,14.5284)->(25,7,13.7,15.1641)->(25,8,14.5284,15.7)->(25,9,15.1641,16.2359)->(25,10,15.7,16.8716)->(25,11,16.2359,17.7)->(25,12,16.8716,19.7)->(25,13,17.7,25.8)->(26,13,23.8,27.8)->(27,13,25.8,31.4)->(27,14,29.4,32.2284)->(27,15,31.4,32.8641)->(27,16,32.2284,33.4)->(27,17,32.8641,33.9)->(27,18,33.4,34.4)->(27,19,33.9,34.9)->(27,20,34.4,35.4)->(27,21,34.9,35.9)->(27,22,35.4,36.4)->(27,23,35.9,36.9)->(27,24,36.4,37.4)->(27,25,36.9,37.9)->(27,26,37.4,38.4359)->(27,27,37.9,39.0716)->(27,28,38.4359,39.9)->(27,29,39.0716,41.9)->(27,30,39.9,45.5)->(26,30,43.5,46.399)->(25,30,45.5,48.399)->(24,30,46.399,52.8274)->(24,31,49.999,10000)->
Agent 1:(29,21,0,3.42843)->(29,22,0.6,9.2)->(28,22,7.2,10.0284)->(27,22,9.2,10.8569)->(26,22,10.0284,12.8569)->(25,22,10.8569,16.4569)->(25,21,14.4569,18.4569)->(25,20,16.4569,22.0569)->(24,20,20.0569,22.9558)->(23,20,22.0569,24.9558)->(22,20,22.9558,28.5558)->(22,21,26.5558,29.3843)->(22,22,28.5558,30.2127)->(22,23,29.3843,32.2127)->(22,24,30.2127,10000)->
Agent 2:(1,27,0,4.42843)->(2,27,1.6,8.02843)->(2,26,6.02843,10.0284)->(2,25,8.02843,13.6284)->(3,25,11.6284,14.4569)->(4,25,13.6284,15.0925)->(5,25,14.4569,15.6284)->(6,25,15.0925,16.1284)->(7,25,15.6284,16.6284)->(8,25,16.1284,17.1284)->(9,25,16.6284,17.6284)->(10,25,17.1284,18.1284)->(11,25,17.6284,18.6643)->(12,25,18.1284,19.3)->(13,25,18.6643,20.1284)->(14,25,19.3,22.1284)->(15,25,20.1284,25.7284)->(15,26,23.7284,26.6274)->(15,27,25.7284,28.6274)->(15,28,26.6274,32.2274)->(16,28,30.2274,33.0558)->(17,28,32.2274,33.8843)->(18,28,33.0558,35.8843)->(19,28,33.8843,39.4843)->(19,29,37.4843,40.3832)->(19,30,39.4843,42.3832)->(19,31,40.3832,45.9832)->(20,31,43.9832,46.8117)->(21,31,45.9832,47.6401)->(22,31,46.8117,49.6401)->(23,31,47.6401,53.2401)->(23,30,51.2401,54.1391)->(23,29,53.2401,56.1391)->(23,28,54.1391,10000)->
Agent 3:(14,20,0,4.4)->(14,19,2.4,5.22843)->(14,18,4.4,5.8641)->(14,17,5.22843,6.49978)->(14,16,5.8641,7.3282)->(14,15,6.49978,9.3282)->(14,14,7.3282,12.9282)->(15,14,10.9282,13.7566)->(16,14,12.9282,14.3923)->(17,14,13.7566,14.9282)->(18,14,14.3923,15.4282)->(19,14,14.9282,15.9282)->(20,14,15.4282,16.4282)->(21,14,15.9282,16.9282)->(22,14,16.4282,17.4641)->(23,14,16.9282,18.0998)->(24,14,17.4641,18.9282)->(25,14,18.0998,20.9282)->(26,14,18.9282,24.5282)->(26,15,22.5282,26.5282)->(26,16,24.5282,30.1282)->(27,16,28.1282,32.1282)->(28,16,30.1282,10000)->
Agent 4:(25,29,0,3.6)->(26,29,1.6,5.6)->(27,29,3.6,9.2)->(27,28,7.2,10.0284)->(27,27,9.2,10.6641)->(27,26,10.0284,11.2)->(27,25,10.6641,11.7)->(27,24,11.2,12.2)->(27,23,11.7,12.7)->(27,22,12.2,13.2)->(27,21,12.7,13.7)->(27,20,13.2,14.2)->(27,19,13.7,14.7)->(27,18,14.2,15.2)->(27,17,14.7,15.7)->(27,16,15.2,16.2)->(27,15,15.7,16.7359)->(27,14,16.2,17.3716)->(27,13,16.7359,18.2)->(27,12,17.3716,20.2)->(27,11,18.2,23.8)->(26,11,21.8,24.6284)->(25,11,23.8,25.2641)->(24,11,24.6284,25.8192)->(23,11,25.2641,26.4549)->(22,11,25.8192,27.2833)->(21,11,26.4549,29.2833)->(20,11,27.2833,32.8833)->(20,10,30.8833,33.7117)->(20,9,32.8833,34.5402)->(20,8,33.7117,36.5402)->(20,7,34.5402,40.1402)->(19,7,38.1402,42.1402)->(18,7,40.1402,10000)->
Agent 5:(8,25,0,3.6)->(9,25,1.6,4.42843)->(10,25,3.6,5.25685)->(11,25,4.42843,7.25685)->(12,25,5.25685,10.8569)->(12,24,8.85685,11.6853)->(12,23,10.8569,12.321)->(12,22,11.6853,12.8569)->(12,21,12.321,13.3569)->(12,20,12.8569,13.8928)->(12,19,13.3569,14.5284)->(12,18,13.8928,15.3569)->(12,17,14.5284,17.3569)->(12,16,15.3569,20.9569)->(11,16,18.9569,21.8558)->(10,16,20.9569,23.8558)->(9,16,21.8558,27.4558)->(9,15,25.4558,28.2843)->(9,14,27.4558,28.9199)->(9,13,28.2843,29.4558)->(9,12,28.9199,29.9558)->(9,11,29.4558,30.4558)->(9,10,29.9558,30.9558)->(9,9,30.4558,31.4917)->(9,8,30.9558,32.1274)->(9,7,31.4917,32.9558)->(9,6,32.1274,34.9558)->(9,5,32.9558,39.3843)->(8,5,36.5558,10000)->
Agent 6:(30,23,0,3.42843)->(30,24,0.6,11.301)->(29,24,9.30102,12.2)->(28,24,11.301,14.2)->(27,24,12.2,17.8)->(27,23,15.8,18.6284)->(27,22,17.8,19.2641)->(27,21,18.6284,19.8)->(27,20,19.2641,20.3)->(27,19,19.8,20.8)->(27,18,20.3,21.3)->(27,17,20.8,21.8)->(27,16,21.3,22.3359)->(27,15,21.8,22.9716)->(27,14,22.3359,23.8)->(27,13,22.9716,25.8)->(27,12,23.8,30.2284)->(28,12,27.4,10000)->
Agent 7:(23,20,0,3.6)->(24,20,1.6,5.6)->(25,20,3.6,9.2)->(25,21,7.2,10.0284)->(25,22,9.2,10.8569)->(25,23,10.0284,12.8569)->(25,24,10.8569,17.8)->(26,24,15.8,18.699)->(27,24,17.8,20.699)->(28,24,18.699,25.1274)->(28,25,22.299,10000)->
Agent 8:(9,15,0,3.6)->(10,15,1.6,5.6)->(11,15,3.6,9.2)->(11,16,7.2,11.2)->(11,17,9.2,10000)->
Agent 9:(7,11,0,3.42843)->(7,12,0.6,7.02843)->(6,12,5.02843,7.85685)->(5,12,7.02843,8.52456)->(4,12,7.85685,9.35298)->(3,12,8.52456,11.353)->(2,12,9.35298,14.953)->(2,11,12.953,15.7814)->(2,10,14.953,16.4171)->(2,9,15.7814,16.953)->(2,8,16.4171,17.453)->(2,7,16.953,17.953)->(2,6,17.453,18.453)->(2,5,17.953,18.953)->(2,4,18.453,19.4889)->(2,3,18.953,20.1246)->(2,2,19.4889,20.953)->(2,1,20.1246,22.953)->(2,0,20.953,27.3814)->(3,0,24.553,10000)->
