Agent 0:(16,5,1.8)->(17,5,3.01421)->(18,5,4.33205)->(19,5,5.01421)->(20,5,5.58205)->(21,5,6.11795)->(22,5,6.68579)->(23,5,7.36795)->(24,5,8.68579)->(25,5,10.9)->(25,6,13.1142)->(25,7,14.4321)->(25,8,15.1142)->(25,9,15.7)->(25,10,16.2858)->(25,11,16.9679)->(25,12,18.2858)->(25,13,21.75)->(26,13,25.8)->(27,13,28.6)->(27,14,30.8142)->(27,15,32.1321)->(27,16,32.8142)->(27,17,33.3821)->(27,18,33.9)->(27,19,34.4)->(27,20,34.9)->(27,21,35.4)->(27,22,35.9)->(27,23,36.4)->(27,24,36.9)->(27,25,37.4)->(27,26,37.9179)->(27,27,38.4858)->(27,28,39.1679)->(27,29,40.4858)->(27,30,42.7)->(26,30,44.9495)->(25,30,46.9495)->(24,30,49.6132)->(24,31,5025)->
Agent 1:(29,21,1.71421)->(29,22,4.9)->(28,22,8.61421)->(27,22,10.0284)->(26,22,11.4426)->(25,22,13.6569)->(25,21,16.4569)->(25,20,19.2569)->(24,20,21.5063)->(23,20,23.5063)->(22,20,25.7558)->(22,21,27.97)->(22,22,29.3843)->(22,23,30.7985)->(22,24,5015.11)->
Agent 2:(1,27,2.21421)->(2,27,4.81421)->(2,26,8.02843)->(2,25,10.8284)->(3,25,13.0426)->(4,25,14.3605)->(5,25,15.0426)->(6,25,15.6105)->(7,25,16.1284)->(8,25,16.6284)->(9,25,17.1284)->(10,25,17.6284)->(11,25,18.1464)->(12,25,18.7142)->(13,25,19.3964)->(14,25,20.7142)->(15,25,22.9284)->(15,26,25.1779)->(15,27,27.1779)->(15,28,29.4274)->(16,28,31.6416)->(17,28,33.0558)->(18,28,34.47)->(19,28,36.6843)->(19,29,38.9338)->(19,30,40.9338)->(19,31,43.1832)->(20,31,45.3975)->(21,31,46.8117)->(22,31,48.2259)->(23,31,50.4401)->(23,30,52.6896)->(23,29,54.6896)->(23,28,5027.07)->
Agent 3:(14,20,2.2)->(14,19,3.81421)->(14,18,5.13205)->(14,17,5.8641)->(14,16,6.59615)->(14,15,7.91399)->(14,14,10.1282)->(15,14,12.3424)->(16,14,13.6603)->(17,14,14.3424)->(18,14,14.9103)->(19,14,15.4282)->(20,14,15.9282)->(21,14,16.4282)->(22,14,16.9462)->(23,14,17.514)->(24,14,18.1962)->(25,14,19.514)->(26,14,21.7282)->(26,15,24.5282)->(26,16,27.3282)->(27,16,30.1282)->(28,16,5015.06)->
Agent 4:(25,29,1.8)->(26,29,3.6)->(27,29,6.4)->(27,28,8.61421)->(27,27,9.93205)->(27,26,10.6142)->(27,25,11.1821)->(27,24,11.7)->(27,23,12.2)->(27,22,12.7)->(27,21,13.2)->(27,20,13.7)->(27,19,14.2)->(27,18,14.7)->(27,17,15.2)->(27,16,15.7)->(27,15,16.2179)->(27,14,16.7858)->(27,13,17.4679)->(27,12,18.7858)->(27,11,21)->(26,11,23.2142)->(25,11,24.5321)->(24,11,25.2238)->(23,11,25.8595)->(22,11,26.5513)->(21,11,27.8691)->(20,11,30.0833)->(20,10,32.2975)->(20,9,33.7117)->(20,8,35.126)->(20,7,37.3402)->(19,7,40.1402)->(18,7,5020.07)->
Agent 5:(8,25,1.8)->(9,25,3.01421)->(10,25,4.42843)->(11,25,5.84264)->(12,25,8.05685)->(12,24,10.2711)->(12,23,11.5889)->(12,22,12.2711)->(12,21,12.8389)->(12,20,13.3748)->(12,19,13.9426)->(12,18,14.6248)->(12,17,15.9426)->(12,16,18.1569)->(11,16,20.4063)->(10,16,22.4063)->(9,16,24.6558)->(9,15,26.87)->(9,14,28.1879)->(9,13,28.87)->(9,12,29.4379)->(9,11,29.9558)->(9,10,30.4558)->(9,9,30.9738)->(9,8,31.5416)->(9,7,32.2238)->(9,6,33.5416)->(9,5,36.17)->(8,5,5018.28)->
Agent 6:(30,23,1.71421)->(30,24,5.95051)->(29,24,10.7505)->(28,24,12.7505)->(27,24,15)->(27,23,17.2142)->(27,22,18.5321)->(27,21,19.2142)->(27,20,19.7821)->(27,19,20.3)->(27,18,20.8)->(27,17,21.3)->(27,16,21.8179)->(27,15,22.3858)->(27,14,23.0679)->(27,13,24.3858)->(27,12,27.0142)->(28,12,5013.7)->
Agent 7:(23,20,1.8)->(24,20,3.6)->(25,20,6.4)->(25,21,8.61421)->(25,22,10.0284)->(25,23,11.4426)->(25,24,14.3284)->(26,24,17.2495)->(27,24,19.2495)->(28,24,21.9132)->(28,25,5011.15)->
Agent 8:(9,15,1.8)->(10,15,3.6)->(11,15,6.4)->(11,16,9.2)->(11,17,5004.6)->
Agent 9:(7,11,1.71421)->(7,12,3.81421)->(6,12,6.44264)->(5,12,7.77649)->(4,12,8.60492)->(3,12,9.93877)->(2,12,12.153)->(2,11,14.3672)->(2,10,15.685)->(2,9,16.3672)->(2,8,16.935)->(2,7,17.453)->(2,6,17.953)->(2,5,18.453)->(2,4,18.9709)->(2,3,19.5388)->(2,2,20.2209)->(2,1,21.5388)->(2,0,24.1672)->(3,0,5012.28)->
