Agent 0:(15,4,1.8)->(16,4,3.01421)->(17,4,4.33205)->(18,4,5.0641)->(19,4,5.79615)->(20,4,7.11399)->(21,4,9.3282)->(21,5,11.5424)->(21,6,12.9566)->(21,7,14.3708)->(21,8,28.6965)->(22,8,43.0221)->(23,8,44.4363)->(24,8,45.8505)->(25,8,5022.63)->
Agent 1:(26,30,2.61421)->(26,29,5.61421)->(27,29,8.27792)->(28,29,10.2779)->(29,29,5004.86)->
Agent 2:(17,29,6.69626)->(17,28,12.8067)->(17,27,14.1246)->(17,26,14.8067)->(17,25,15.3746)->(17,24,15.8925)->(17,23,16.3925)->(17,22,16.8925)->(17,21,17.3925)->(17,20,17.8925)->(17,19,18.3925)->(17,18,18.8925)->(17,17,19.3925)->(17,16,19.8925)->(17,15,20.3925)->(17,14,20.8925)->(17,13,21.3925)->(17,12,21.8925)->(17,11,22.3925)->(17,10,22.8925)->(17,9,23.3925)->(17,8,23.8925)->(17,7,24.3925)->(17,6,24.9105)->(17,5,25.4783)->(17,4,26.1605)->(17,3,27.4783)->(17,2,29.6925)->(16,2,31.9067)->(15,2,33.2246)->(14,2,33.9566)->(13,2,34.6887)->(12,2,36.0065)->(11,2,38.6349)->(11,1,52.1084)->(11,2,64.6103)->(11,3,66.0246)->(11,4,67.4388)->(11,5,5033.43)->
Agent 3:(31,29,1.8)->(30,29,3.6)->(29,29,6.4)->(29,30,9.2)->(29,31,12)->(28,31,14.2142)->(27,31,15.5321)->(26,31,16.2142)->(25,31,16.8)->(24,31,17.3858)->(23,31,18.0679)->(22,31,19.3858)->(21,31,21.6)->(21,30,23.8495)->(21,29,25.8495)->(21,28,5012.65)->
Agent 4:(1,17,2.2)->(1,16,3.84949)->(1,15,5.84949)->(1,14,9.47792)->(2,14,13.0711)->(3,14,14.3889)->(4,14,15.0807)->(5,14,15.7163)->(6,14,16.4081)->(7,14,17.726)->(8,14,19.9402)->(8,15,22.7402)->(8,16,25.5402)->(9,16,27.7544)->(10,16,29.0882)->(11,16,29.9167)->(12,16,31.2505)->(13,16,33.4647)->(13,15,35.6789)->(13,14,36.9968)->(13,13,37.6789)->(13,12,38.2468)->(13,11,38.7647)->(13,10,39.2647)->(13,9,39.7647)->(13,8,40.2647)->(13,7,40.7827)->(13,6,41.3505)->(13,5,42.0327)->(13,4,43.3505)->(13,3,45.5647)->(14,3,47.7789)->(15,3,49.0968)->(16,3,49.7789)->(17,3,50.3468)->(18,3,50.8647)->(19,3,51.3827)->(20,3,51.9505)->(21,3,52.6327)->(22,3,53.9505)->(23,3,56.1647)->(23,4,58.3789)->(23,5,59.7932)->(23,6,61.2074)->(23,7,65.6953)->(24,7,70.1832)->(25,7,71.501)->(26,7,72.1832)->(27,7,72.769)->(28,7,73.3548)->(29,7,74.0369)->(30,7,75.3548)->(31,7,5037.38)->
Agent 5:(16,31,1.8)->(15,31,3.6)->(14,31,6.4)->(14,30,8.61421)->(14,29,9.94806)->(14,28,10.7765)->(14,27,12.1103)->(14,26,14.3246)->(15,26,17.1246)->(16,26,19.9246)->(16,25,22.1388)->(16,24,23.4566)->(16,23,24.1388)->(16,22,24.7066)->(16,21,25.2246)->(16,20,25.7246)->(16,19,26.2246)->(16,18,26.7246)->(16,17,27.2246)->(16,16,27.7246)->(16,15,28.2246)->(16,14,28.7246)->(16,13,29.2246)->(16,12,29.7246)->(16,11,30.2246)->(16,10,30.7246)->(16,9,31.2246)->(16,8,31.7246)->(16,7,32.2246)->(16,6,32.7425)->(16,5,33.3103)->(16,4,33.9925)->(16,3,35.3103)->(16,2,37.5246)->(15,2,39.7388)->(14,2,41.0726)->(13,2,41.901)->(12,2,43.2349)->(11,2,49.789)->(11,3,56.343)->(11,4,57.6609)->(11,5,58.343)->(11,6,58.9109)->(11,7,59.4288)->(11,8,59.9288)->(11,9,60.4288)->(11,10,60.9288)->(11,11,61.4288)->(11,12,61.9288)->(11,13,62.4288)->(11,14,62.9288)->(11,15,63.4468)->(11,16,64.0146)->(11,17,64.6968)->(11,18,66.0146)->(11,19,68.2288)->(10,19,70.443)->(9,19,71.7769)->(8,19,72.6053)->(7,19,73.9392)->(6,19,76.1534)->(6,20,78.9534)->(6,21,5039.48)->
Agent 6:(19,11,1.8)->(18,11,3.04949)->(17,11,5.04949)->(16,11,7.29898)->(16,10,9.51319)->(16,9,10.831)->(16,8,11.5132)->(16,7,12.099)->(16,6,12.6848)->(16,5,13.3669)->(16,4,14.6848)->(16,3,19.4627)->(15,3,24.2407)->(14,3,25.6549)->(13,3,27.0691)->(12,3,29.2833)->(12,4,31.4975)->(12,5,32.8154)->(12,6,33.5474)->(12,7,34.2795)->(12,8,35.5973)->(12,9,5017.51)->
Agent 7:(23,5,2.2)->(23,4,4.4)->(23,3,7.2)->(22,3,9.41421)->(21,3,10.7321)->(20,3,11.4142)->(19,3,11.9821)->(18,3,12.5)->(17,3,13)->(16,3,13.5179)->(15,3,14.0858)->(14,3,14.7679)->(13,3,16.0858)->(12,3,20.9917)->(12,4,25.8975)->(12,5,27.2154)->(12,6,27.8975)->(12,7,28.4654)->(12,8,28.9833)->(12,9,29.4833)->(12,10,29.9833)->(12,11,30.4833)->(12,12,31.0013)->(12,13,31.5691)->(12,14,32.2513)->(12,15,33.5691)->(12,16,35.7833)->(13,16,38.5833)->(14,16,57.6897)->(13,16,76.2103)->(12,16,77.6246)->(11,16,79.0388)->(10,16,5039.23)->
Agent 8:(5,24,1.8)->(6,24,3.01421)->(7,24,4.42843)->(8,24,5.84264)->(9,24,8.05685)->(9,23,10.2711)->(9,22,11.5889)->(9,21,12.2711)->(9,20,12.8569)->(9,19,13.4426)->(9,18,14.1248)->(9,17,15.4426)->(9,16,17.6569)->(10,16,19.8711)->(11,16,21.2049)->(12,16,22.0333)->(13,16,23.3672)->(14,16,25.5814)->(14,15,27.7956)->(14,14,29.1135)->(14,13,29.7956)->(14,12,30.3635)->(14,11,30.8814)->(14,10,31.3814)->(14,9,31.8814)->(14,8,32.3814)->(14,7,32.8814)->(14,6,33.3814)->(14,5,33.8994)->(14,4,34.4672)->(14,3,35.1494)->(14,2,36.4672)->(14,1,38.6814)->(15,1,40.9309)->(16,1,42.9309)->(17,1,55.0569)->(17,2,67.7334)->(17,3,5033.87)->
Agent 9:(21,1,1.8)->(20,1,3.01421)->(19,1,4.33205)->(18,1,5.01421)->(17,1,5.58205)->(16,1,6.1)->(15,1,6.61795)->(14,1,7.18579)->(13,1,7.86795)->(12,1,9.18579)->(11,1,19.9123)->(11,2,30.6388)->(11,3,31.9566)->(11,4,32.6388)->(11,5,33.2066)->(11,6,33.7246)->(11,7,34.2246)->(11,8,34.7246)->(11,9,35.2246)->(11,10,35.7425)->(11,11,36.3103)->(11,12,36.9925)->(11,13,38.3103)->(11,14,44.295)->(12,14,63.245)->(12,15,78.453)->(12,16,5039.23)->
Agent 10:(18,24,4.66421)->(18,23,8.74264)->(18,22,10.0605)->(18,21,10.7426)->(18,20,11.3105)->(18,19,11.8284)->(18,18,12.3284)->(18,17,12.8284)->(18,16,13.3284)->(18,15,13.8284)->(18,14,14.3284)->(18,13,14.8284)->(18,12,15.3284)->(18,11,15.8284)->(18,10,16.3284)->(18,9,16.8284)->(18,8,17.3284)->(18,7,17.8464)->(18,6,18.4142)->(18,5,19.0964)->(18,4,20.4142)->(18,3,22.6284)->(19,3,24.8426)->(20,3,26.1605)->(21,3,26.8925)->(22,3,27.6246)->(23,3,28.9424)->(24,3,32.4342)->(24,4,35.926)->(24,5,37.2598)->(24,6,38.0882)->(24,7,39.4221)->(24,8,41.6363)->(25,8,43.8505)->(26,8,45.1683)->(27,8,45.8601)->(28,8,46.4958)->(29,8,47.1876)->(30,8,48.5054)->(31,8,52.2696)->(31,9,56.0338)->(31,10,57.3517)->(31,11,58.0338)->(31,12,58.6017)->(31,13,59.1196)->(31,14,59.6196)->(31,15,60.1196)->(31,16,60.6196)->(31,17,61.1196)->(31,18,61.6196)->(31,19,62.1196)->(31,20,62.6196)->(31,21,63.1196)->(31,22,63.6376)->(31,23,64.2054)->(31,24,64.8876)->(31,25,66.2054)->(31,26,68.4196)->(30,26,70.6338)->(29,26,72.048)->(28,26,73.4623)->(27,26,75.6765)->(27,25,77.8907)->(27,24,79.2085)->(27,23,79.8907)->(27,22,80.4585)->(27,21,80.9944)->(27,20,81.5623)->(27,19,82.2444)->(27,18,83.5623)->(27,17,5041.49)->
Agent 11:(26,6,2.82841)->(26,7,8.14445)->(25,7,12.8747)->(24,7,14.2086)->(23,7,15.037)->(22,7,16.3708)->(21,7,27.8965)->(22,7,39.4221)->(23,7,40.7399)->(24,7,41.4221)->(25,7,41.9899)->(26,7,42.5079)->(27,7,43.0258)->(28,7,43.5937)->(29,7,44.2758)->(30,7,45.5937)->(31,7,53.3637)->(31,8,61.1338)->(31,9,62.4517)->(31,10,63.1338)->(31,11,63.7017)->(31,12,64.2196)->(31,13,64.7196)->(31,14,65.2196)->(31,15,65.7196)->(31,16,66.2196)->(31,17,66.7196)->(31,18,67.2196)->(31,19,67.7196)->(31,20,68.2196)->(31,21,68.7196)->(31,22,69.2376)->(31,23,69.8054)->(31,24,70.4876)->(31,25,71.8054)->(31,26,74.0196)->(30,26,76.2691)->(29,26,78.2691)->(28,26,80.5186)->(28,25,82.7328)->(28,24,84.0506)->(28,23,84.7328)->(28,22,85.3006)->(28,21,85.8186)->(28,20,86.3186)->(28,19,86.8186)->(28,18,87.3365)->(28,17,87.9044)->(28,16,88.5865)->(28,15,89.9044)->(28,14,5044.66)->
Agent 12:(2,18,2.2)->(2,17,3.81421)->(2,16,5.22843)->(2,15,6.64264)->(2,14,8.85685)->(3,14,11.0711)->(4,14,12.3889)->(5,14,13.0807)->(6,14,13.7163)->(7,14,14.4081)->(8,14,15.726)->(9,14,17.9402)->(9,15,20.7402)->(9,16,23.5402)->(10,16,25.7544)->(11,16,27.0882)->(12,16,27.9167)->(13,16,29.2505)->(14,16,31.4647)->(14,15,33.6789)->(14,14,34.9968)->(14,13,35.6789)->(14,12,36.2468)->(14,11,36.7647)->(14,10,37.2647)->(14,9,37.7647)->(14,8,38.2647)->(14,7,38.7827)->(14,6,39.3505)->(14,5,40.0327)->(14,4,41.3505)->(14,3,43.5647)->(15,3,45.7789)->(16,3,47.0968)->(17,3,47.7789)->(18,3,48.3468)->(19,3,48.8647)->(20,3,49.3827)->(21,3,49.9505)->(22,3,50.6327)->(23,3,51.9505)->(24,3,54.1647)->(24,4,56.3789)->(24,5,57.6968)->(24,6,58.4288)->(24,7,59.1609)->(24,8,60.4787)->(24,9,62.6929)->(25,9,64.9071)->(26,9,66.225)->(27,9,66.9167)->(28,9,67.5524)->(29,9,68.2442)->(30,9,69.562)->(31,9,71.7762)->(31,10,73.9905)->(31,11,75.3083)->(31,12,75.9905)->(31,13,76.5583)->(31,14,77.0762)->(31,15,77.5762)->(31,16,78.0762)->(31,17,78.5762)->(31,18,79.0762)->(31,19,79.5762)->(31,20,80.0762)->(31,21,80.5762)->(31,22,81.0942)->(31,23,81.662)->(31,24,82.3442)->(31,25,83.662)->(31,26,85.8762)->(30,26,88.0905)->(29,26,89.4243)->(28,26,90.2527)->(27,26,91.5866)->(26,26,93.8008)->(26,25,96.015)->(26,24,97.3328)->(26,23,98.015)->(26,22,98.5828)->(26,21,99.1008)->(26,20,99.6187)->(26,19,100.187)->(26,18,100.869)->(26,17,102.187)->(26,16,5050.8)->
Agent 13:(26,4,2.61421)->(26,3,8.05865)->(25,3,13.1315)->(24,3,14.4494)->(23,3,15.1411)->(22,3,15.7768)->(21,3,16.4686)->(20,3,17.7864)->(19,3,20.0006)->(19,4,22.2148)->(19,5,23.5327)->(19,6,24.2148)->(19,7,24.7827)->(19,8,25.3006)->(19,9,25.8006)->(19,10,26.3006)->(19,11,26.8006)->(19,12,27.3006)->(19,13,27.8006)->(19,14,28.3006)->(19,15,28.8006)->(19,16,29.3006)->(19,17,29.8186)->(19,18,30.3864)->(19,19,31.0686)->(19,20,32.3864)->(19,21,35.0148)->(20,21,41.8608)->(19,21,5022.75)->
Agent 14:(12,22,1.8)->(11,22,3.01421)->(10,22,4.42843)->(9,22,5.84264)->(8,22,11.0783)->(8,21,16.314)->(8,20,17.6478)->(8,19,18.4763)->(8,18,19.8101)->(8,17,22.1207)->(9,17,24.4313)->(10,17,25.7491)->(11,17,26.4812)->(12,17,27.2132)->(13,17,28.5311)->(14,17,32.105)->(14,16,35.6789)->(14,15,36.9968)->(14,14,37.6789)->(14,13,38.2468)->(14,12,38.7647)->(14,11,39.2647)->(14,10,39.7647)->(14,9,40.2827)->(14,8,40.8505)->(14,7,41.5327)->(14,6,42.8505)->(14,5,45.0647)->(13,5,47.8647)->(12,5,50.6647)->(12,4,53.4647)->(12,3,59.0152)->(13,3,63.9799)->(14,3,65.2977)->(15,3,65.9799)->(16,3,66.5477)->(17,3,67.0657)->(18,3,67.5657)->(19,3,68.0657)->(20,3,68.5836)->(21,3,69.1515)->(22,3,69.8336)->(23,3,71.1515)->(24,3,73.3657)->(24,4,75.5799)->(24,5,76.9941)->(24,6,78.4083)->(24,7,81.0367)->(25,7,5040.71)->
Agent 15:(17,21,2.21421)->(16,21,8.94528)->(16,20,15.7048)->(16,19,17.0226)->(16,18,17.7048)->(16,17,18.2726)->(16,16,18.7906)->(16,15,19.2906)->(16,14,19.7906)->(16,13,20.2906)->(16,12,20.7906)->(16,11,21.2906)->(16,10,21.7906)->(16,9,22.2906)->(16,8,22.7906)->(16,7,23.2906)->(16,6,23.7906)->(16,5,24.3085)->(16,4,24.8763)->(16,3,25.5585)->(16,2,26.8763)->(16,1,29.0906)->(15,1,31.3048)->(14,1,32.719)->(13,1,34.1332)->(12,1,5016.77)->
Agent 16:(6,5,2.61421)->(6,4,5.61421)->(5,4,8.82843)->(4,4,11.6284)->(4,5,13.8426)->(4,6,15.1605)->(4,7,15.8426)->(4,8,16.4105)->(4,9,16.9284)->(4,10,17.4464)->(4,11,18.0142)->(4,12,18.6964)->(4,13,20.0142)->(4,14,22.2284)->(5,14,24.4426)->(6,14,25.7765)->(7,14,26.6049)->(8,14,27.9388)->(9,14,30.153)->(9,15,32.4025)->(9,16,34.4025)->(9,17,36.652)->(10,17,38.8662)->(11,17,40.2804)->(12,17,41.6946)->(13,17,43.9088)->(13,16,46.123)->(13,15,47.4409)->(13,14,48.123)->(13,13,48.6909)->(13,12,49.2088)->(13,11,49.7088)->(13,10,50.2088)->(13,9,50.7088)->(13,8,51.2088)->(13,7,51.7268)->(13,6,52.2946)->(13,5,52.9768)->(13,4,54.2946)->(13,3,56.5088)->(14,3,58.723)->(15,3,60.1372)->(16,3,61.5515)->(17,3,63.7657)->(17,4,65.9799)->(17,5,67.2977)->(17,6,67.9799)->(17,7,68.5477)->(17,8,69.0836)->(17,9,69.6515)->(17,10,70.3336)->(17,11,71.6515)->(17,12,5035.53)->
Agent 17:(2,7,1.3)->(2,8,2.01421)->(2,9,3.33205)->(2,10,4.0641)->(2,11,4.79615)->(2,12,6.11399)->(2,13,8.3282)->(3,13,10.5424)->(4,13,11.8763)->(5,13,12.7047)->(6,13,14.0385)->(7,13,17.2965)->(7,14,20.5544)->(7,15,21.9686)->(7,16,23.3828)->(7,17,25.597)->(8,17,27.8112)->(9,17,29.1451)->(10,17,29.9735)->(11,17,31.3074)->(12,17,33.9358)->(12,18,39.7152)->(12,17,44.523)->(12,16,45.8409)->(12,15,46.5729)->(12,14,47.305)->(12,13,48.6228)->(12,12,5024.02)->
Agent 18:(11,12,2.2)->(11,11,3.81421)->(11,10,5.13205)->(11,9,5.82382)->(11,8,6.45949)->(11,7,7.15126)->(11,6,8.4691)->(11,5,10.6833)->(12,5,12.9328)->(13,5,14.9328)->(14,5,19.4328)->(14,4,24.8691)->(15,4,27.4975)->(16,4,28.8314)->(17,4,29.6598)->(18,4,30.9937)->(19,4,33.2079)->(19,5,35.4221)->(19,6,36.7399)->(19,7,37.4221)->(19,8,37.9899)->(19,9,38.5079)->(19,10,39.0079)->(19,11,39.5079)->(19,12,40.0079)->(19,13,40.5079)->(19,14,41.0079)->(19,15,41.5079)->(19,16,42.0079)->(19,17,42.5079)->(19,18,43.0079)->(19,19,43.5079)->(19,20,44.0079)->(19,21,44.5258)->(19,22,45.0937)->(19,23,45.7758)->(19,24,47.0937)->(19,25,5023.25)->
Agent 19:(26,7,1.3)->(26,8,2.6)->(26,9,5.4)->(25,9,7.61421)->(24,9,9.02843)->(23,9,10.4426)->(22,9,20.4907)->(22,8,30.5388)->(22,7,31.8726)->(22,6,32.701)->(22,5,34.0349)->(22,4,37.089)->(21,4,40.143)->(20,4,41.4609)->(19,4,42.143)->(18,4,42.7109)->(17,4,43.2288)->(16,4,43.7288)->(15,4,44.2468)->(14,4,44.8146)->(13,4,45.4968)->(12,4,46.8146)->(11,4,49.0288)->(11,5,51.243)->(11,6,52.5609)->(11,7,53.243)->(11,8,53.8109)->(11,9,54.3288)->(11,10,54.8288)->(11,11,55.3288)->(11,12,55.8468)->(11,13,56.4146)->(11,14,57.0968)->(11,15,58.4146)->(11,16,60.6288)->(10,16,62.843)->(9,16,64.1769)->(8,16,65.0053)->(7,16,66.3392)->(6,16,68.5534)->(6,15,70.7676)->(6,14,72.1014)->(6,13,72.9299)->(6,12,74.2637)->(6,11,76.4779)->(5,11,78.6922)->(4,11,80.1064)->(3,11,81.5206)->(2,11,5040.47)->
Agent 20:(19,20,2.4641)->(19,19,4.34242)->(19,18,5.66025)->(19,17,6.34242)->(19,16,6.91025)->(19,15,7.4282)->(19,14,7.9282)->(19,13,8.4282)->(19,12,8.9282)->(19,11,9.4282)->(19,10,9.9282)->(19,9,10.4282)->(19,8,10.9462)->(19,7,11.514)->(19,6,12.1962)->(19,5,13.514)->(19,4,15.7282)->(20,4,17.9424)->(21,4,19.2763)->(22,4,20.1047)->(23,4,21.4385)->(24,4,23.6528)->(24,5,25.9022)->(24,6,27.9022)->(24,7,30.1517)->(25,7,32.366)->(26,7,33.6838)->(27,7,34.3756)->(28,7,35.0112)->(29,7,35.703)->(30,7,37.0208)->(31,7,39.6493)->(31,6,56.9878)->(31,7,73.3548)->(31,8,74.6726)->(31,9,75.4047)->(31,10,76.1367)->(31,11,77.4546)->(31,12,5038.43)->
Agent 21:(2,21,1.8)->(3,21,3.01421)->(4,21,4.33205)->(5,21,5.0641)->(6,21,5.79615)->(7,21,7.11399)->(8,21,9.3282)->(8,20,12.1282)->(8,19,14.9282)->(9,19,17.1424)->(10,19,18.4763)->(11,19,19.3047)->(12,19,20.6385)->(13,19,22.8528)->(13,18,25.067)->(13,17,26.3848)->(13,16,27.067)->(13,15,27.6348)->(13,14,28.1528)->(13,13,28.6528)->(13,12,29.1528)->(13,11,29.6528)->(13,10,30.1528)->(13,9,30.6528)->(13,8,31.1528)->(13,7,31.6707)->(13,6,32.2385)->(13,5,32.9207)->(13,4,34.2385)->(13,3,36.4528)->(14,3,38.667)->(15,3,39.9848)->(16,3,40.667)->(17,3,41.2348)->(18,3,41.7528)->(19,3,42.2528)->(20,3,42.7707)->(21,3,43.3385)->(22,3,44.0207)->(23,3,45.3385)->(24,3,47.5528)->(24,4,49.767)->(24,5,51.0848)->(24,6,51.8169)->(24,7,52.5489)->(24,8,53.8667)->(24,9,56.4952)->(23,9,64.4607)->(24,9,71.4546)->(25,9,72.7724)->(26,9,73.4546)->(27,9,74.0403)->(28,9,74.6261)->(29,9,75.3083)->(30,9,76.6261)->(31,9,5038.02)->
Agent 22:(20,4,1.8)->(21,4,3.6)->(22,4,6.4)->(22,5,8.61421)->(22,6,10.0284)->(22,7,11.4426)->(22,8,19.9907)->(23,8,28.5388)->(24,8,29.8566)->(25,8,30.5388)->(26,8,31.1066)->(27,8,31.6425)->(28,8,32.2103)->(29,8,32.8925)->(30,8,34.2103)->(31,8,37.0103)->(31,9,39.8103)->(31,10,41.1282)->(31,11,41.8103)->(31,12,42.3782)->(31,13,42.8961)->(31,14,43.3961)->(31,15,43.8961)->(31,16,44.3961)->(31,17,44.8961)->(31,18,45.3961)->(31,19,45.8961)->(31,20,46.3961)->(31,21,46.8961)->(31,22,47.4141)->(31,23,47.9819)->(31,24,48.6641)->(31,25,49.9819)->(31,26,52.1961)->(30,26,54.4103)->(29,26,55.7442)->(28,26,56.5726)->(27,26,57.9065)->(26,26,60.1207)->(26,27,62.3349)->(26,28,63.6687)->(26,29,64.4972)->(26,30,65.831)->(26,31,68.0452)->(25,31,70.2595)->(24,31,71.5933)->(23,31,72.4217)->(22,31,73.7556)->(21,31,75.9698)->(21,30,78.7698)->(21,29,5039.38)->
Agent 23:(26,11,1.3)->(26,12,2.01421)->(26,13,3.33205)->(26,14,4.01421)->(26,15,4.58205)->(26,16,5.1)->(26,17,5.6)->(26,18,6.1)->(26,19,6.6)->(26,20,7.1)->(26,21,7.6)->(26,22,8.11795)->(26,23,8.68579)->(26,24,9.36795)->(26,25,10.6858)->(26,26,12.9)->(27,26,15.1142)->(28,26,16.4481)->(29,26,17.2765)->(30,26,18.6103)->(31,26,20.8246)->(31,25,23.0388)->(31,24,24.3566)->(31,23,25.0388)->(31,22,25.6066)->(31,21,26.1246)->(31,20,26.6246)->(31,19,27.1246)->(31,18,27.6246)->(31,17,28.1246)->(31,16,28.6246)->(31,15,29.1246)->(31,14,29.6246)->(31,13,30.1246)->(31,12,30.6246)->(31,11,31.1246)->(31,10,31.6425)->(31,9,32.2103)->(31,8,32.8925)->(31,7,34.2103)->(31,6,36.4246)->(30,6,38.6388)->(29,6,39.9566)->(28,6,40.6388)->(27,6,41.2066)->(26,6,41.7246)->(25,6,42.2425)->(24,6,42.8103)->(23,6,43.4925)->(22,6,44.8103)->(21,6,47.0246)->(21,5,49.8246)->(21,4,52.6246)->(20,4,54.8388)->(19,4,56.1566)->(18,4,56.8388)->(17,4,57.4066)->(16,4,57.9246)->(15,4,58.4425)->(14,4,59.0103)->(13,4,59.6925)->(12,4,61.0103)->(11,4,63.2246)->(11,5,65.4388)->(11,6,66.7566)->(11,7,67.4388)->(11,8,68.0066)->(11,9,68.5246)->(11,10,69.0246)->(11,11,69.5246)->(11,12,70.0425)->(11,13,70.6103)->(11,14,71.2925)->(11,15,72.6103)->(11,16,74.8246)->(10,16,77.0388)->(9,16,78.3726)->(8,16,79.201)->(7,16,80.5349)->(6,16,82.7491)->(6,15,84.9633)->(6,14,86.2972)->(6,13,87.1256)->(6,12,88.4595)->(6,11,90.6737)->(5,11,93.4737)->(4,11,96.2737)->(4,10,98.4879)->(4,9,99.8217)->(4,8,100.65)->(4,7,101.984)->(4,6,5050.7)->
Agent 24:(18,22,2.2)->(18,21,3.81421)->(18,20,5.13205)->(18,19,5.81421)->(18,18,6.38205)->(18,17,6.9)->(18,16,7.4)->(18,15,7.9)->(18,14,8.4)->(18,13,8.9)->(18,12,9.4)->(18,11,9.9)->(18,10,10.4)->(18,9,10.9)->(18,8,11.4179)->(18,7,11.9858)->(18,6,12.6679)->(18,5,13.9858)->(18,4,16.2)->(17,4,18.4142)->(16,4,19.7321)->(15,4,20.4238)->(14,4,21.0595)->(13,4,21.7513)->(12,4,23.0691)->(11,4,25.2833)->(11,5,27.4975)->(11,6,28.8154)->(11,7,29.4975)->(11,8,30.0654)->(11,9,30.5833)->(11,10,31.0833)->(11,11,31.5833)->(11,12,32.0833)->(11,13,32.5833)->(11,14,33.0833)->(11,15,33.6013)->(11,16,34.1691)->(11,17,34.8513)->(11,18,36.1691)->(11,19,38.3833)->(10,19,40.5975)->(9,19,41.9314)->(8,19,42.7598)->(7,19,44.0937)->(6,19,46.3079)->(6,20,48.5574)->(6,21,50.5574)->(6,22,52.8068)->(5,22,55.0211)->(4,22,56.3549)->(3,22,57.1833)->(2,22,58.5172)->(1,22,5028.97)->
Agent 25:(19,10,2.2)->(19,9,3.81421)->(19,8,5.13205)->(19,7,5.8641)->(19,6,6.59615)->(19,5,7.91399)->(19,4,10.1282)->(20,4,12.3424)->(21,4,13.6763)->(22,4,14.5047)->(23,4,15.8385)->(24,4,18.0528)->(24,5,20.267)->(24,6,21.6008)->(24,7,22.4292)->(24,8,23.7631)->(24,9,26.2451)->(25,9,28.727)->(26,9,30.0449)->(27,9,30.7366)->(28,9,31.3723)->(29,9,32.0641)->(30,9,33.3819)->(31,9,35.5961)->(31,10,37.8103)->(31,11,39.1282)->(31,12,39.8103)->(31,13,40.3782)->(31,14,40.8961)->(31,15,41.3961)->(31,16,41.8961)->(31,17,42.3961)->(31,18,42.8961)->(31,19,43.3961)->(31,20,43.8961)->(31,21,44.3961)->(31,22,44.8961)->(31,23,45.4141)->(31,24,45.9819)->(31,25,46.6641)->(31,26,47.9819)->(31,27,50.1961)->(30,27,52.4103)->(29,27,53.8246)->(28,27,55.2388)->(27,27,5027.33)->
Agent 26:(19,15,1.8)->(18,15,3.6)->(17,15,7)->(18,15,10.4)->(19,15,19.1128)->(18,15,27.2751)->(17,15,29.2751)->(16,15,5014.36)->
Agent 27:(9,13,2.21421)->(8,13,4.81421)->(8,12,8.02843)->(8,11,18.2765)->(8,12,27.9388)->(8,13,29.2566)->(8,14,29.9388)->(8,15,30.5066)->(8,16,31.0246)->(8,17,31.5246)->(8,18,32.0246)->(8,19,32.5246)->(8,20,33.0246)->(8,21,33.5246)->(8,22,34.0246)->(8,23,34.5246)->(8,24,35.0246)->(8,25,35.5425)->(8,26,36.1103)->(8,27,36.7925)->(8,28,38.1103)->(8,29,5018.76)->
Agent 28:(23,3,2.2)->(23,2,4.4)->(23,1,10.4122)->(23,2,15.8385)->(23,3,17.1564)->(23,4,17.8385)->(23,5,18.4243)->(23,6,19.0101)->(23,7,19.6923)->(23,8,21.0101)->(23,9,25.8686)->(24,9,30.727)->(25,9,32.0449)->(26,9,32.7769)->(27,9,33.509)->(28,9,34.8268)->(29,9,37.041)->(29,8,39.2905)->(29,7,41.2905)->(29,6,44.3542)->(29,7,53.4298)->(30,7,61.7196)->(31,7,64.5196)->(31,8,66.7338)->(31,9,68.0517)->(31,10,68.7338)->(31,11,69.3017)->(31,12,69.8196)->(31,13,70.3196)->(31,14,70.8196)->(31,15,71.3196)->(31,16,71.8196)->(31,17,72.3196)->(31,18,72.8196)->(31,19,73.3196)->(31,20,73.8196)->(31,21,74.3196)->(31,22,74.8376)->(31,23,75.4054)->(31,24,76.0876)->(31,25,77.4054)->(31,26,79.6549)->(30,26,81.9044)->(29,26,83.2382)->(28,26,84.0667)->(27,26,85.4005)->(26,26,87.6147)->(26,27,90.4147)->(26,28,5045.21)->
Agent 29:(17,28,3.91421)->(17,27,7.24264)->(17,26,8.56048)->(17,25,9.24264)->(17,24,9.81048)->(17,23,10.3284)->(17,22,10.8284)->(17,21,11.3284)->(17,20,11.8284)->(17,19,12.3284)->(17,18,12.8284)->(17,17,13.3284)->(17,16,13.8284)->(17,15,14.3284)->(17,14,14.8284)->(17,13,15.3284)->(17,12,15.8284)->(17,11,16.3284)->(17,10,16.8284)->(17,9,17.3284)->(17,8,17.8464)->(17,7,18.4142)->(17,6,19.0964)->(17,5,20.4142)->(17,4,22.6284)->(18,4,24.8426)->(19,4,26.1605)->(20,4,26.8522)->(21,4,27.4879)->(22,4,28.1797)->(23,4,29.4975)->(24,4,31.7117)->(24,5,33.926)->(24,6,35.2598)->(24,7,36.0882)->(24,8,37.4221)->(24,9,39.6363)->(25,9,41.8505)->(26,9,43.1683)->(27,9,43.8601)->(28,9,44.4958)->(29,9,45.1876)->(30,9,46.5054)->(31,9,48.7196)->(31,10,50.9338)->(31,11,52.2517)->(31,12,52.9338)->(31,13,53.5017)->(31,14,54.0196)->(31,15,54.5196)->(31,16,55.0196)->(31,17,55.5196)->(31,18,56.0196)->(31,19,56.5196)->(31,20,57.0196)->(31,21,57.5196)->(31,22,58.0376)->(31,23,58.6054)->(31,24,59.2876)->(31,25,60.6054)->(31,26,62.8196)->(30,26,65.0338)->(29,26,66.448)->(28,26,67.8623)->(27,26,70.0765)->(27,25,72.2907)->(27,24,73.6085)->(27,23,74.2907)->(27,22,74.8585)->(27,21,75.3765)->(27,20,75.8765)->(27,19,76.3765)->(27,18,76.8765)->(27,17,77.3765)->(27,16,77.8944)->(27,15,78.4623)->(27,14,79.1444)->(27,13,80.4623)->(27,12,5039.94)->
