Agent 0:(15,27,2.2)->(15,26,3.81421)->(15,25,5.13205)->(15,24,5.81421)->(15,23,6.38205)->(15,22,6.9)->(15,21,7.4)->(15,20,7.9)->(15,19,8.4)->(15,18,8.9)->(15,17,9.4)->(15,16,9.9)->(15,15,10.4)->(15,14,10.9)->(15,13,11.4)->(15,12,11.9179)->(15,11,12.4858)->(15,10,13.1679)->(15,9,14.4858)->(15,8,16.7)->(14,8,18.9142)->(13,8,20.2321)->(12,8,20.9142)->(11,8,21.4821)->(10,8,22.0179)->(9,8,22.5858)->(8,8,23.2679)->(7,8,24.5858)->(6,8,5012)->
Agent 1:(31,19,1.8)->(30,19,3.01421)->(29,19,4.33205)->(28,19,5.01421)->(27,19,5.58205)->(26,19,6.1)->(25,19,6.6)->(24,19,7.1)->(23,19,7.6)->(22,19,8.1)->(21,19,8.6)->(20,19,9.1)->(19,19,9.6)->(18,19,10.1)->(17,19,10.6)->(16,19,11.1)->(15,19,11.6)->(14,19,12.1)->(13,19,12.6)->(12,19,13.1)->(11,19,13.6)->(10,19,14.1)->(9,19,14.6)->(8,19,15.1)->(7,19,15.6)->(6,19,16.1)->(5,19,16.6)->(4,19,17.1179)->(3,19,17.6858)->(2,19,18.3679)->(1,19,19.6858)->(0,19,21.9)->(0,20,24.1495)->(0,21,26.1495)->(0,22,5012.8)->
Agent 2:(2,19,2.21421)->(1,19,4.81421)->(1,18,7.47792)->(1,17,9.47792)->(1,16,16.4279)->(1,17,23.9284)->(1,18,5011.96)->
Agent 3:(29,27,2.2)->(29,26,3.84949)->(29,25,5.84949)->(29,24,9.23539)->(28,24,12.586)->(27,24,13.9038)->(26,24,14.6359)->(25,24,15.3679)->(24,24,16.6858)->(23,24,5008.05)->
Agent 4:(31,11,1.8)->(30,11,3.01421)->(29,11,4.33205)->(28,11,5.01421)->(27,11,5.6)->(26,11,6.18579)->(25,11,6.86795)->(24,11,8.18579)->(23,11,10.4)->(23,10,13.2)->(23,9,5006.6)->
Agent 5:(4,5,2.2)->(4,4,4.4)->(4,3,7.2)->(5,3,9.41421)->(6,3,10.7321)->(7,3,11.4142)->(8,3,11.9821)->(9,3,12.5)->(10,3,13.0179)->(11,3,13.5858)->(12,3,14.2679)->(13,3,15.5858)->(14,3,18.2142)->(14,2,23.6784)->(14,3,5012.96)->
Agent 6:(21,1,2.3)->(21,2,4.01421)->(21,3,5.33205)->(21,4,6.01421)->(21,5,6.58205)->(21,6,7.11795)->(21,7,7.68579)->(21,8,8.36795)->(21,9,9.68579)->(21,10,12.15)->(22,10,14.6142)->(23,10,15.9481)->(24,10,16.7765)->(25,10,18.1103)->(26,10,5008.76)->
Agent 7:(24,11,2.2)->(24,10,4.4)->(24,9,7.2)->(25,9,9.41421)->(26,9,10.7321)->(27,9,11.4238)->(28,9,12.0595)->(29,9,12.7513)->(30,9,14.0691)->(31,9,5006.74)->
Agent 8:(19,8,4.70011)->(20,8,8.81444)->(21,8,10.1323)->(22,8,10.8643)->(23,8,11.5964)->(24,8,12.9142)->(25,8,15.1284)->(25,7,17.3426)->(25,6,18.6765)->(25,5,19.5049)->(25,4,20.8388)->(25,3,5010.13)->
Agent 9:(20,5,1.53205)->(20,6,2.47832)->(20,7,3.79615)->(20,8,4.47832)->(20,9,5.04615)->(20,10,5.5641)->(20,11,6.0641)->(20,12,6.5641)->(20,13,7.0641)->(20,14,7.5641)->(20,15,8.0641)->(20,16,8.5641)->(20,17,9.08205)->(20,18,9.64989)->(20,19,10.3321)->(20,20,11.6499)->(20,21,13.8641)->(19,21,16.6641)->(18,21,5008.33)->
Agent 10:(31,25,2.2)->(31,24,3.81421)->(31,23,5.13205)->(31,22,5.81421)->(31,21,6.38205)->(31,20,6.9)->(31,19,7.4)->(31,18,7.9)->(31,17,8.4)->(31,16,8.9)->(31,15,9.4)->(31,14,9.9)->(31,13,10.4)->(31,12,10.9)->(31,11,11.4)->(31,10,11.9)->(31,9,12.4179)->(31,8,12.9858)->(31,7,13.6679)->(31,6,14.9858)->(31,5,17.4596)->(30,5,19.9334)->(29,5,21.2513)->(28,5,21.9334)->(27,5,22.5013)->(26,5,23.0192)->(25,5,23.5192)->(24,5,24.0192)->(23,5,24.5192)->(22,5,25.0192)->(21,5,25.5192)->(20,5,26.0192)->(19,5,26.5192)->(18,5,27.0192)->(17,5,27.5192)->(16,5,28.0192)->(15,5,28.5192)->(14,5,29.0192)->(13,5,29.5192)->(12,5,30.0192)->(11,5,30.5192)->(10,5,31.0192)->(9,5,31.5372)->(8,5,32.105)->(7,5,32.7872)->(6,5,34.105)->(5,5,5016.76)->
Agent 11:(21,25,1.3)->(21,26,2.01421)->(21,27,3.33205)->(21,28,4.0641)->(21,29,4.79615)->(21,30,6.11399)->(21,31,8.3282)->(22,31,10.5424)->(23,31,11.8603)->(24,31,12.552)->(25,31,13.1877)->(26,31,13.8795)->(27,31,15.1973)->(28,31,5007.31)->
Agent 12:(29,29,5.5859)->(29,28,10.586)->(29,27,11.9038)->(29,26,12.586)->(29,25,13.1538)->(29,24,13.6718)->(29,23,14.1718)->(29,22,14.6718)->(29,21,15.1718)->(29,20,15.6718)->(29,19,16.1718)->(29,18,16.6718)->(29,17,17.1718)->(29,16,17.6718)->(29,15,18.1718)->(29,14,18.6718)->(29,13,19.1718)->(29,12,19.6718)->(29,11,20.1897)->(29,10,20.7576)->(29,9,21.4397)->(29,8,22.7576)->(29,7,24.9718)->(28,7,27.186)->(27,7,28.5038)->(26,7,29.186)->(25,7,29.7538)->(24,7,30.2718)->(23,7,30.7718)->(22,7,31.2718)->(21,7,31.7897)->(20,7,32.3576)->(19,7,33.0397)->(18,7,34.3576)->(17,7,5016.89)->
Agent 13:(5,18,1.3)->(5,19,2.01421)->(5,20,3.33205)->(5,21,4.01421)->(5,22,4.6)->(5,23,5.18579)->(5,24,5.86795)->(5,25,7.18579)->(5,26,9.4)->(6,26,11.6142)->(7,26,12.9321)->(8,26,13.6142)->(9,26,14.1821)->(10,26,14.7)->(11,26,15.2)->(12,26,15.7)->(13,26,16.2)->(14,26,16.7)->(15,26,17.2)->(16,26,17.7)->(17,26,18.2)->(18,26,18.7)->(19,26,19.2)->(20,26,19.7)->(21,26,20.2)->(22,26,20.7)->(23,26,21.2179)->(24,26,21.7858)->(25,26,22.4679)->(26,26,23.7858)->(27,26,5011.6)->
Agent 14:(27,22,2.21421)->(26,22,4.81421)->(26,21,7.44264)->(26,20,8.76048)->(26,19,9.44264)->(26,18,10.0105)->(26,17,10.5284)->(26,16,11.0284)->(26,15,11.5284)->(26,14,12.0284)->(26,13,12.5284)->(26,12,13.0464)->(26,11,13.6142)->(26,10,14.2964)->(26,9,15.6142)->(26,8,5007.51)->
Agent 15:(6,9,1.3)->(6,10,2.01421)->(6,11,3.34806)->(6,12,4.17649)->(6,13,5.51034)->(6,14,5002.46)->
Agent 16:(30,27,3.49166)->(30,26,6.39753)->(30,25,7.71537)->(30,24,8.39753)->(30,23,8.96537)->(30,22,9.48331)->(30,21,9.98331)->(30,20,10.4833)->(30,19,10.9833)->(30,18,11.4833)->(30,17,11.9833)->(30,16,12.4833)->(30,15,12.9833)->(30,14,13.4833)->(30,13,13.9833)->(30,12,14.4833)->(30,11,14.9833)->(30,10,15.4833)->(30,9,15.9833)->(30,8,16.4833)->(30,7,16.9833)->(30,6,17.4833)->(30,5,18.0013)->(30,4,18.5691)->(30,3,19.2513)->(30,2,20.5691)->(30,1,22.7833)->(29,1,24.9975)->(28,1,26.3154)->(27,1,27.0071)->(26,1,27.6428)->(25,1,28.3346)->(24,1,29.6524)->(23,1,5014.53)->
Agent 17:(18,1,1.3359)->(18,2,2.08601)->(18,3,3.40385)->(18,4,4.1359)->(18,5,4.86795)->(18,6,6.18579)->(18,7,8.4)->(17,7,10.6142)->(16,7,11.9321)->(15,7,12.6142)->(14,7,13.1821)->(13,7,13.7)->(12,7,14.2)->(11,7,14.7179)->(10,7,15.2858)->(9,7,15.9679)->(8,7,17.2858)->(7,7,5008.35)->
Agent 18:(23,2,1.3)->(23,3,2.01421)->(23,4,3.33205)->(23,5,4.01421)->(23,6,4.58205)->(23,7,5.1)->(23,8,5.6)->(23,9,6.1)->(23,10,6.6)->(23,11,7.1)->(23,12,7.6)->(23,13,8.1)->(23,14,8.6)->(23,15,9.1)->(23,16,9.6)->(23,17,10.1)->(23,18,10.6)->(23,19,11.1)->(23,20,11.6)->(23,21,12.1179)->(23,22,12.6858)->(23,23,13.3679)->(23,24,14.6858)->(23,25,16.9)->(22,25,19.1142)->(21,25,20.4321)->(20,25,21.1142)->(19,25,21.6821)->(18,25,22.2)->(17,25,22.7)->(16,25,23.2)->(15,25,23.7)->(14,25,24.2)->(13,25,24.7)->(12,25,25.2)->(11,25,25.7)->(10,25,26.2)->(9,25,26.7)->(8,25,27.2179)->(7,25,27.7858)->(6,25,28.4679)->(5,25,29.7858)->(4,25,32.4142)->(4,26,5016.4)->
Agent 19:(17,22,2.51421)->(17,21,4.44264)->(17,20,5.76048)->(17,19,6.44264)->(17,18,7.01048)->(17,17,7.52843)->(17,16,8.02843)->(17,15,8.52843)->(17,14,9.02843)->(17,13,9.52843)->(17,12,10.0284)->(17,11,10.5284)->(17,10,11.0284)->(17,9,11.5284)->(17,8,12.0284)->(17,7,12.5284)->(17,6,13.0284)->(17,5,13.5284)->(17,4,14.0464)->(17,3,14.6142)->(17,2,15.2964)->(17,1,16.6142)->(17,0,18.8284)->(18,0,21.0426)->(19,0,22.3605)->(20,0,23.0522)->(21,0,23.6879)->(22,0,24.3797)->(23,0,25.6975)->(24,0,5012.56)->
Agent 20:(2,24,2.2)->(2,23,3.81421)->(2,22,5.13205)->(2,21,5.8641)->(2,20,6.59615)->(2,19,7.91399)->(2,18,10.5424)->(1,18,17.4283)->(1,19,5010.55)->
Agent 21:(10,13,2.2)->(10,12,3.81421)->(10,11,5.13205)->(10,10,5.81421)->(10,9,6.4)->(10,8,6.98579)->(10,7,7.66795)->(10,6,8.98579)->(10,5,11.2)->(11,5,13.4142)->(12,5,14.7321)->(13,5,15.4641)->(14,5,16.1962)->(15,5,17.514)->(16,5,20.1424)->(16,4,25.9379)->(16,5,5014.26)->
Agent 22:(15,7,1.8)->(16,7,3.01421)->(17,7,4.33205)->(18,7,5.01421)->(19,7,5.58205)->(20,7,6.1)->(21,7,6.6)->(22,7,7.1)->(23,7,7.61795)->(24,7,8.18579)->(25,7,8.86795)->(26,7,10.1858)->(27,7,12.4)->(27,8,14.6142)->(27,9,15.9321)->(27,10,16.6142)->(27,11,17.2)->(27,12,17.7858)->(27,13,18.4679)->(27,14,19.7858)->(27,15,5009.6)->
Agent 23:(13,21,1.71421)->(13,22,4.68579)->(14,22,8.18579)->(15,22,9.50362)->(16,22,10.1858)->(17,22,10.7536)->(18,22,11.2716)->(19,22,11.7716)->(20,22,12.2716)->(21,22,12.7716)->(22,22,13.2716)->(23,22,13.7716)->(24,22,14.2716)->(25,22,14.7716)->(26,22,15.2716)->(27,22,15.7895)->(28,22,16.3574)->(29,22,17.0395)->(30,22,18.3574)->(31,22,5008.89)->
Agent 24:(25,17,3.66421)->(25,16,6.74264)->(25,15,8.06048)->(25,14,8.74264)->(25,13,9.31048)->(25,12,9.82843)->(25,11,10.3284)->(25,10,10.8284)->(25,9,11.3284)->(25,8,11.8284)->(25,7,12.3464)->(25,6,12.9142)->(25,5,13.5964)->(25,4,14.9142)->(25,3,17.1284)->(24,3,19.3426)->(23,3,20.6605)->(22,3,21.3426)->(21,3,21.9105)->(20,3,22.4284)->(19,3,22.9284)->(18,3,23.4284)->(17,3,23.9284)->(16,3,24.4284)->(15,3,24.9284)->(14,3,25.4284)->(13,3,25.9284)->(12,3,26.4284)->(11,3,26.9464)->(10,3,27.5142)->(9,3,28.1964)->(8,3,29.5142)->(7,3,5014.46)->
Agent 25:(16,6,3.21421)->(16,7,5.84264)->(16,8,7.16048)->(16,9,7.89253)->(16,10,8.62458)->(16,11,9.94242)->(16,12,12.1566)->(15,12,14.3708)->(14,12,15.6887)->(13,12,16.3708)->(12,12,16.9566)->(11,12,17.5424)->(10,12,18.2246)->(9,12,19.5424)->(8,12,5009.48)->
Agent 26:(6,27,2.2)->(6,26,3.81421)->(6,25,5.13205)->(6,24,5.81421)->(6,23,6.38205)->(6,22,6.9)->(6,21,7.41795)->(6,20,7.98579)->(6,19,8.66795)->(6,18,9.98579)->(6,17,12.2)->(5,17,15)->(4,17,5007.5)->
Agent 27:(8,19,1.3)->(8,20,2.01421)->(8,21,3.33205)->(8,22,4.01421)->(8,23,4.6)->(8,24,5.18579)->(8,25,5.86795)->(8,26,7.18579)->(8,27,9.4)->(9,27,11.6495)->(10,27,13.6495)->(11,27,5006.55)->
Agent 28:(15,31,3.3)->(15,30,6.01421)->(15,29,7.33205)->(15,28,8.01421)->(15,27,8.58205)->(15,26,9.1)->(15,25,9.6)->(15,24,10.1)->(15,23,10.6)->(15,22,11.1)->(15,21,11.6)->(15,20,12.1179)->(15,19,12.6858)->(15,18,13.3679)->(15,17,14.6858)->(15,16,17.3142)->(14,16,5008.85)->
Agent 29:(24,13,1.3)->(24,14,2.6)->(24,15,7.31421)->(25,15,12.0284)->(26,15,5006.01)->
