Agent 0:(15,2,1.8)->(16,2,3.01421)->(17,2,4.33205)->(18,2,5.01421)->(19,2,5.58205)->(20,2,6.1)->(21,2,6.61795)->(22,2,7.18579)->(23,2,7.86795)->(24,2,9.18579)->(25,2,11.8)->(25,3,15)->(25,4,5007.5)->
Agent 1:(10,12,1.8)->(11,12,3.01421)->(12,12,4.33205)->(13,12,5.01421)->(14,12,5.58205)->(15,12,6.1)->(16,12,6.6)->(17,12,7.1)->(18,12,7.6)->(19,12,8.1)->(20,12,8.6)->(21,12,9.1)->(22,12,9.6)->(23,12,10.1)->(24,12,10.6)->(25,12,11.1)->(26,12,11.6)->(27,12,12.1179)->(28,12,12.6858)->(29,12,13.3679)->(30,12,14.6858)->(31,12,16.9)->(31,13,19.1495)->(31,14,21.1495)->(31,15,5010.3)->
Agent 2:(30,17,2.2)->(30,16,3.84949)->(30,15,5.84949)->(30,14,9.29575)->(29,14,12.7067)->(28,14,14.0246)->(27,14,14.7067)->(26,14,15.2746)->(25,14,15.7925)->(24,14,16.2925)->(23,14,16.8105)->(22,14,17.3783)->(21,14,18.0605)->(20,14,19.3783)->(19,14,5009.4)->
Agent 3:(14,28,1.8)->(13,28,3.6)->(12,28,6.4)->(12,29,9.2)->(12,30,5004.6)->
Agent 4:(13,0,1.3)->(13,1,2.01421)->(13,2,3.33205)->(13,3,4.01421)->(13,4,4.58205)->(13,5,5.1)->(13,6,5.6)->(13,7,6.1)->(13,8,6.6)->(13,9,7.1)->(13,10,7.6)->(13,11,8.1)->(13,12,8.6)->(13,13,9.1)->(13,14,9.6)->(13,15,10.1)->(13,16,10.6)->(13,17,11.1)->(13,18,11.6)->(13,19,12.1)->(13,20,12.6)->(13,21,13.1)->(13,22,13.6)->(13,23,14.1)->(13,24,14.6)->(13,25,15.1179)->(13,26,15.6858)->(13,27,16.3679)->(13,28,17.6858)->(13,29,19.9)->(14,29,22.1142)->(15,29,23.4321)->(16,29,24.1142)->(17,29,24.6821)->(18,29,25.2)->(19,29,25.7)->(20,29,26.2)->(21,29,26.7)->(22,29,27.2179)->(23,29,27.7858)->(24,29,28.4679)->(25,29,29.7858)->(26,29,5014.6)->
Agent 5:(10,23,2.2)->(10,22,3.81421)->(10,21,5.13205)->(10,20,5.81421)->(10,19,6.38205)->(10,18,6.9)->(10,17,7.4)->(10,16,7.9)->(10,15,8.4)->(10,14,8.9)->(10,13,9.4)->(10,12,9.9)->(10,11,10.4)->(10,10,10.9)->(10,9,11.4)->(10,8,11.9179)->(10,7,12.4858)->(10,6,13.1679)->(10,5,14.4858)->(10,4,16.7)->(9,4,18.9142)->(8,4,20.2321)->(7,4,20.9142)->(6,4,21.5)->(5,4,22.0858)->(4,4,22.7679)->(3,4,24.0858)->(2,4,5011.75)->
Agent 6:(15,4,1.53205)->(15,5,2.47832)->(15,6,3.79615)->(15,7,4.47832)->(15,8,5.04615)->(15,9,5.5641)->(15,10,6.08205)->(15,11,6.64989)->(15,12,7.33205)->(15,13,8.64989)->(15,14,10.8641)->(14,14,13.0783)->(13,14,14.4925)->(12,14,15.9067)->(11,14,18.121)->(11,15,20.921)->(11,16,5010.46)->
Agent 7:(11,23,2.2)->(11,22,3.81421)->(11,21,5.13205)->(11,20,5.81421)->(11,19,6.4)->(11,18,6.98579)->(11,17,7.66795)->(11,16,8.98579)->(11,15,11.2)->(10,15,13.4142)->(9,15,14.7321)->(8,15,15.4238)->(7,15,16.0595)->(6,15,16.7513)->(5,15,18.0691)->(4,15,5008.74)->
Agent 8:(3,13,2.2)->(3,12,3.84949)->(3,11,5.84949)->(3,10,10.1872)->(4,10,14.4897)->(5,10,15.8235)->(6,10,16.6519)->(7,10,17.9858)->(8,10,5008.7)->
Agent 9:(0,27,2.2)->(0,26,3.81421)->(0,25,5.22843)->(0,24,6.64264)->(0,23,5003.03)->
Agent 10:(29,22,3.39626)->(29,21,6.20674)->(29,20,7.52458)->(29,19,8.20674)->(29,18,8.77458)->(29,17,9.29253)->(29,16,9.79253)->(29,15,10.2925)->(29,14,10.7925)->(29,13,11.2925)->(29,12,11.7925)->(29,11,12.2925)->(29,10,12.7925)->(29,9,13.2925)->(29,8,13.7925)->(29,7,14.2925)->(29,6,14.8105)->(29,5,15.3783)->(29,4,16.0605)->(29,3,17.3783)->(29,2,19.6105)->(28,2,21.8426)->(27,2,23.1605)->(26,2,23.8426)->(25,2,24.4105)->(24,2,24.9284)->(23,2,25.4284)->(22,2,25.9284)->(21,2,26.4284)->(20,2,26.9284)->(19,2,27.4284)->(18,2,27.9284)->(17,2,28.4284)->(16,2,28.9284)->(15,2,29.4284)->(14,2,29.9284)->(13,2,30.4284)->(12,2,30.9284)->(11,2,31.4284)->(10,2,31.9284)->(9,2,32.4284)->(8,2,32.9284)->(7,2,33.4464)->(6,2,34.0142)->(5,2,34.6964)->(4,2,36.0142)->(3,2,38.6426)->(3,3,5019.51)->
Agent 11:(5,31,2.2)->(5,30,3.81421)->(5,29,5.14806)->(5,28,5.97649)->(5,27,7.31034)->(5,26,9.93877)->(4,26,5005.16)->
Agent 12:(23,22,1.71421)->(23,23,3.81421)->(22,23,6.44264)->(21,23,7.76048)->(20,23,8.44264)->(19,23,9.01048)->(18,23,9.52843)->(17,23,10.0284)->(16,23,10.5284)->(15,23,11.0284)->(14,23,11.5284)->(13,23,12.0284)->(12,23,12.5284)->(11,23,13.0284)->(10,23,13.5284)->(9,23,14.0284)->(8,23,14.5284)->(7,23,15.0284)->(6,23,15.5464)->(5,23,16.1142)->(4,23,16.7964)->(3,23,18.1142)->(2,23,5008.76)->
Agent 13:(31,9,2.2)->(31,8,3.81421)->(31,7,5.13205)->(31,6,5.8641)->(31,5,6.59615)->(31,4,7.91399)->(31,3,10.9141)->(30,3,13.9142)->(29,3,15.2321)->(28,3,15.9142)->(27,3,16.4821)->(26,3,17)->(25,3,17.5)->(24,3,18)->(23,3,18.5)->(22,3,19)->(21,3,19.5)->(20,3,20)->(19,3,20.5)->(18,3,21)->(17,3,21.5)->(16,3,22)->(15,3,22.5)->(14,3,23)->(13,3,23.5)->(12,3,24)->(11,3,24.5)->(10,3,25.0179)->(9,3,25.5858)->(8,3,26.2679)->(7,3,27.5858)->(6,3,30.2142)->(6,4,5015.3)->
Agent 14:(20,6,1.3)->(20,7,2.01421)->(20,8,3.33205)->(20,9,4.01421)->(20,10,4.58205)->(20,11,5.11795)->(20,12,5.68579)->(20,13,6.36795)->(20,14,7.68579)->(20,15,9.9)->(19,15,12.1142)->(18,15,13.4321)->(17,15,14.1142)->(16,15,14.6821)->(15,15,15.2)->(14,15,15.7)->(13,15,16.2)->(12,15,16.7)->(11,15,17.2)->(10,15,17.7179)->(9,15,18.2858)->(8,15,18.9679)->(7,15,20.2858)->(6,15,22.9142)->(6,16,5011.65)->
Agent 15:(25,14,2.2)->(25,13,3.81421)->(25,12,5.13205)->(25,11,5.81421)->(25,10,6.38205)->(25,9,6.9)->(25,8,7.41795)->(25,7,7.98579)->(25,6,8.66795)->(25,5,9.98579)->(25,4,12.2)->(24,4,14.4142)->(23,4,15.7321)->(22,4,16.4142)->(21,4,16.9821)->(20,4,17.5)->(19,4,18)->(18,4,18.5)->(17,4,19)->(16,4,19.5)->(15,4,20)->(14,4,20.5)->(13,4,21)->(12,4,21.5)->(11,4,22)->(10,4,22.5)->(9,4,23.0179)->(8,4,23.5858)->(7,4,24.2679)->(6,4,25.5858)->(5,4,28.2142)->(5,5,5014.3)->
Agent 16:(9,17,2.2)->(9,16,3.81421)->(9,15,5.13205)->(9,14,5.82382)->(9,13,6.45949)->(9,12,7.15126)->(9,11,8.4691)->(9,10,10.6833)->(10,10,12.8975)->(11,10,14.2154)->(12,10,14.8975)->(13,10,15.4654)->(14,10,15.9833)->(15,10,16.4833)->(16,10,17.0013)->(17,10,17.5691)->(18,10,18.2513)->(19,10,19.5691)->(20,10,5009.49)->
Agent 17:(21,20,2.21421)->(20,20,11.9)->(20,21,21.6142)->(20,22,22.9321)->(20,23,23.6142)->(20,24,24.1821)->(20,25,24.7179)->(20,26,25.2858)->(20,27,25.9679)->(20,28,27.2858)->(20,29,5013.35)->
Agent 18:(4,17,1.3)->(4,18,2.01421)->(4,19,3.33205)->(4,20,4.01421)->(4,21,4.58205)->(4,22,5.1)->(4,23,5.61795)->(4,24,6.18579)->(4,25,6.86795)->(4,26,8.18579)->(4,27,10.4)->(5,27,12.6142)->(6,27,13.9321)->(7,27,14.6142)->(8,27,15.1821)->(9,27,15.7)->(10,27,16.2)->(11,27,16.7)->(12,27,17.2)->(13,27,17.7)->(14,27,18.2)->(15,27,18.7179)->(16,27,19.2858)->(17,27,19.9679)->(18,27,21.2858)->(19,27,5010.35)->
Agent 19:(20,22,1.3)->(20,23,2.01421)->(20,24,3.33205)->(20,25,4.0641)->(20,26,4.79615)->(20,27,6.11399)->(20,28,8.3282)->(19,28,10.5424)->(18,28,11.8603)->(17,28,12.5424)->(16,28,13.1103)->(15,28,13.6282)->(14,28,14.1462)->(13,28,14.714)->(12,28,15.3962)->(11,28,16.714)->(10,28,19.3424)->(10,27,24.5783)->(10,28,5013.3)->
Agent 20:(0,20,2.2)->(0,19,3.81421)->(0,18,5.13205)->(0,17,5.81421)->(0,16,6.38205)->(0,15,6.91795)->(0,14,7.48579)->(0,13,8.16795)->(0,12,9.48579)->(0,11,11.8235)->(1,11,14.1612)->(2,11,15.4791)->(3,11,16.1612)->(4,11,16.7291)->(5,11,17.247)->(6,11,17.747)->(7,11,18.247)->(8,11,18.747)->(9,11,19.247)->(10,11,19.747)->(11,11,20.247)->(12,11,20.747)->(13,11,21.247)->(14,11,21.747)->(15,11,22.265)->(16,11,22.8328)->(17,11,23.515)->(18,11,24.8328)->(19,11,5012.12)->
Agent 21:(15,28,2.2)->(15,27,3.81421)->(15,26,5.13205)->(15,25,5.81421)->(15,24,6.38205)->(15,23,6.91795)->(15,22,7.48579)->(15,21,8.16795)->(15,20,9.48579)->(15,19,11.7)->(14,19,13.9142)->(13,19,15.2321)->(12,19,15.9641)->(11,19,16.6962)->(10,19,18.014)->(9,19,5008.71)->
Agent 22:(30,12,2.2)->(30,11,3.81421)->(30,10,5.13205)->(30,9,5.81421)->(30,8,6.38205)->(30,7,6.9)->(30,6,7.41795)->(30,5,7.98579)->(30,4,8.66795)->(30,3,9.98579)->(30,2,12.2)->(29,2,14.4142)->(28,2,15.7321)->(27,2,16.4142)->(26,2,16.9821)->(25,2,17.5)->(24,2,18)->(23,2,18.5)->(22,2,19.0179)->(21,2,19.5858)->(20,2,20.2679)->(19,2,21.5858)->(18,2,24.2142)->(18,3,5012.3)->
Agent 23:(14,31,2.2)->(14,30,3.81421)->(14,29,5.13205)->(14,28,5.81421)->(14,27,6.38205)->(14,26,6.9)->(14,25,7.4)->(14,24,7.9)->(14,23,8.4)->(14,22,8.9)->(14,21,9.4)->(14,20,9.91795)->(14,19,10.4858)->(14,18,11.1679)->(14,17,12.4858)->(14,16,17)->(15,16,21.5142)->(16,16,22.832)->(17,16,23.5142)->(18,16,24.082)->(19,16,24.6)->(20,16,25.1)->(21,16,25.6)->(22,16,26.1179)->(23,16,26.6858)->(24,16,27.3679)->(25,16,28.6858)->(26,16,5014.05)->
Agent 24:(12,15,1.3)->(12,16,2.6)->(12,17,6.51795)->(11,17,9.85011)->(10,17,11.1679)->(9,17,11.8501)->(8,17,12.4179)->(7,17,12.9359)->(6,17,13.4538)->(5,17,14.0217)->(4,17,14.7038)->(3,17,16.0217)->(2,17,5007.72)->
Agent 25:(31,14,1.3)->(31,15,2.01421)->(31,16,3.34806)->(31,17,4.17649)->(31,18,5.51034)->(31,19,7.72456)->(30,19,9.93877)->(29,19,11.2566)->(28,19,11.9388)->(27,19,12.5066)->(26,19,13.0425)->(25,19,13.6103)->(24,19,14.2925)->(23,19,15.6103)->(22,19,5007.51)->
Agent 26:(26,14,1.3)->(26,15,2.01421)->(26,16,3.33205)->(26,17,4.01421)->(26,18,4.58205)->(26,19,5.1)->(26,20,5.6)->(26,21,6.1)->(26,22,6.6)->(26,23,7.1)->(26,24,7.6)->(26,25,8.1)->(26,26,8.61795)->(26,27,9.18579)->(26,28,9.86795)->(26,29,11.1858)->(26,30,15.5142)->(26,29,19.8426)->(26,28,21.1605)->(26,27,21.8426)->(26,26,22.4105)->(26,25,22.9284)->(26,24,23.4284)->(26,23,23.9284)->(26,22,24.4284)->(26,21,24.9284)->(26,20,25.4284)->(26,19,25.9284)->(26,18,26.4284)->(26,17,26.9463)->(26,16,27.5142)->(26,15,28.1963)->(26,14,29.5142)->(26,13,32.1426)->(27,13,5016.26)->
Agent 27:(3,29,3.03772)->(3,28,5.48966)->(3,27,6.8075)->(3,26,7.48966)->(3,25,8.0575)->(3,24,8.57544)->(3,23,9.07544)->(3,22,9.57544)->(3,21,10.0754)->(3,20,10.5754)->(3,19,11.0754)->(3,18,11.5754)->(3,17,12.0754)->(3,16,12.5754)->(3,15,13.0754)->(3,14,13.5754)->(3,13,14.0754)->(3,12,14.5754)->(3,11,15.0754)->(3,10,15.5754)->(3,9,16.0934)->(3,8,16.6612)->(3,7,17.3434)->(3,6,18.6612)->(3,5,20.8754)->(4,5,23.0897)->(5,5,24.4075)->(6,5,25.0897)->(7,5,25.6575)->(8,5,26.1754)->(9,5,26.6754)->(10,5,27.1754)->(11,5,27.6754)->(12,5,28.1754)->(13,5,28.6754)->(14,5,29.1754)->(15,5,29.6754)->(16,5,30.1754)->(17,5,30.6754)->(18,5,31.1754)->(19,5,31.6754)->(20,5,32.1754)->(21,5,32.6934)->(22,5,33.2612)->(23,5,33.9434)->(24,5,35.2612)->(25,5,5017.34)->
Agent 28:(8,31,2.2)->(8,30,3.81421)->(8,29,5.13205)->(8,28,5.81421)->(8,27,6.38205)->(8,26,6.9)->(8,25,7.4)->(8,24,7.9)->(8,23,8.4)->(8,22,8.9)->(8,21,9.4)->(8,20,9.9)->(8,19,10.4)->(8,18,10.9)->(8,17,11.4)->(8,16,11.9)->(8,15,12.4)->(8,14,12.9)->(8,13,13.4179)->(8,12,13.9858)->(8,11,14.6679)->(8,10,15.9858)->(8,9,18.2)->(9,9,20.4142)->(10,9,21.7321)->(11,9,22.4142)->(12,9,22.9821)->(13,9,23.5)->(14,9,24)->(15,9,24.5)->(16,9,25)->(17,9,25.5)->(18,9,26)->(19,9,26.5)->(20,9,27)->(21,9,27.5)->(22,9,28)->(23,9,28.5)->(24,9,29.0179)->(25,9,29.5858)->(26,9,30.2679)->(27,9,31.5858)->(28,9,34.2142)->(28,10,5017.3)->
Agent 29:(26,13,2.4142)->(26,14,4.24261)->(26,15,5.56045)->(26,16,6.24261)->(26,17,6.81045)->(26,18,7.3284)->(26,19,7.8284)->(26,20,8.3284)->(26,21,8.8284)->(26,22,9.3284)->(26,23,9.8284)->(26,24,10.3463)->(26,25,10.9142)->(26,26,11.5963)->(26,27,12.9142)->(26,28,15.1284)->(25,28,17.3426)->(24,28,18.6605)->(23,28,19.3426)->(22,28,19.9105)->(21,28,20.4284)->(20,28,20.9284)->(19,28,21.4284)->(18,28,21.9284)->(17,28,22.4284)->(16,28,22.9284)->(15,28,23.4284)->(14,28,23.9284)->(13,28,24.4284)->(12,28,24.9284)->(11,28,25.4463)->(10,28,26.0142)->(9,28,26.6963)->(8,28,28.0142)->(7,28,30.6426)->(7,29,5015.51)->
