Agent 0:(0,23,2.2)->(0,22,3.81421)->(0,21,5.13205)->(0,20,5.8641)->(0,19,6.59615)->(0,18,7.91399)->(0,17,10.7641)->(1,17,13.6142)->(2,17,14.9321)->(3,17,15.6142)->(4,17,16.1821)->(5,17,16.7)->(6,17,17.2)->(7,17,17.7)->(8,17,18.2)->(9,17,18.7)->(10,17,19.2)->(11,17,19.7)->(12,17,20.2)->(13,17,20.7179)->(14,17,21.2858)->(15,17,21.9679)->(16,17,23.2858)->(17,17,25.9142)->(17,18,29.9284)->(18,18,5015.36)->
Agent 1:(12,24,1.8)->(13,24,3.04949)->(14,24,5.04949)->(15,24,7.29898)->(15,23,9.51319)->(15,22,10.831)->(15,21,11.5132)->(15,20,12.081)->(15,19,12.599)->(15,18,13.099)->(15,17,13.599)->(15,16,14.099)->(15,15,14.599)->(15,14,15.099)->(15,13,15.599)->(15,12,16.099)->(15,11,16.599)->(15,10,17.099)->(15,9,17.599)->(15,8,18.099)->(15,7,18.599)->(15,6,19.099)->(15,5,19.6169)->(15,4,20.1848)->(15,3,20.8669)->(15,2,22.1848)->(15,1,5010.8)->
Agent 2:(28,28,2.61421)->(28,27,6.02843)->(27,27,5003.41)->
Agent 3:(18,6,1.3)->(18,7,2.01421)->(18,8,3.33205)->(18,9,4.01421)->(18,10,4.58205)->(18,11,5.1)->(18,12,5.6)->(18,13,6.1)->(18,14,6.6)->(18,15,7.1)->(18,16,7.6)->(18,17,8.1)->(18,18,8.6)->(18,19,9.1)->(18,20,9.6)->(18,21,10.1)->(18,22,10.6)->(18,23,11.1)->(18,24,11.6179)->(18,25,12.1858)->(18,26,12.8679)->(18,27,14.1858)->(18,28,16.8142)->(17,28,5008.6)->
Agent 4:(13,18,1.8)->(14,18,3.01421)->(15,18,4.33205)->(16,18,5.01421)->(17,18,5.58205)->(18,18,6.11795)->(19,18,6.68579)->(20,18,7.36795)->(21,18,8.68579)->(22,18,10.9)->(22,19,13.1142)->(22,20,14.4321)->(22,21,15.1142)->(22,22,15.6821)->(22,23,16.2)->(22,24,16.7)->(22,25,17.2)->(22,26,17.7179)->(22,27,18.2858)->(22,28,18.9679)->(22,29,20.2858)->(22,30,24.0142)->(23,30,5012.75)->
Agent 5:(15,8,1.71421)->(15,9,4.8)->(16,9,8.41421)->(17,9,9.73205)->(18,9,10.4142)->(19,9,10.9821)->(20,9,11.5)->(21,9,12)->(22,9,12.5)->(23,9,13)->(24,9,13.5)->(25,9,14)->(26,9,14.5)->(27,9,15.0179)->(28,9,15.5858)->(29,9,16.2679)->(30,9,17.5858)->(31,9,5008.5)->
Agent 6:(6,30,2.2)->(6,29,3.81421)->(6,28,5.13205)->(6,27,5.81421)->(6,26,6.38205)->(6,25,6.9)->(6,24,7.4)->(6,23,7.9)->(6,22,8.4)->(6,21,8.9)->(6,20,9.4)->(6,19,9.9)->(6,18,10.4)->(6,17,10.9)->(6,16,11.4)->(6,15,11.9)->(6,14,12.4179)->(6,13,12.9858)->(6,12,13.6679)->(6,11,14.9858)->(6,10,17.2)->(7,10,19.4142)->(8,10,20.7321)->(9,10,21.4142)->(10,10,21.9821)->(11,10,22.5)->(12,10,23)->(13,10,23.5)->(14,10,24)->(15,10,24.5)->(16,10,25)->(17,10,25.5)->(18,10,26)->(19,10,26.5)->(20,10,27)->(21,10,27.5)->(22,10,28)->(23,10,28.5)->(24,10,29)->(25,10,29.5)->(26,10,30)->(27,10,30.5179)->(28,10,31.0858)->(29,10,31.7679)->(30,10,33.0858)->(31,10,5016.25)->
Agent 7:(1,10,1.3)->(1,11,2.01421)->(1,12,3.33205)->(1,13,4.01421)->(1,14,4.58205)->(1,15,5.1)->(1,16,5.6)->(1,17,6.1)->(1,18,6.6)->(1,19,7.1)->(1,20,7.6)->(1,21,8.1)->(1,22,8.6)->(1,23,9.1)->(1,24,9.6)->(1,25,10.1)->(1,26,10.6)->(1,27,11.1179)->(1,28,11.6858)->(1,29,12.3679)->(1,30,13.6858)->(1,31,15.9)->(2,31,18.1142)->(3,31,19.4321)->(4,31,20.1142)->(5,31,20.6821)->(6,31,21.2)->(7,31,21.7)->(8,31,22.2)->(9,31,22.7)->(10,31,23.2)->(11,31,23.7)->(12,31,24.2)->(13,31,24.7)->(14,31,25.2)->(15,31,25.7)->(16,31,26.2)->(17,31,26.7)->(18,31,27.2)->(19,31,27.7)->(20,31,28.2179)->(21,31,28.7858)->(22,31,29.4679)->(23,31,30.7858)->(24,31,5015.1)->
Agent 8:(6,11,2.2)->(6,10,4.4)->(6,9,7.2)->(7,9,9.41421)->(8,9,10.7321)->(9,9,11.4142)->(10,9,11.9821)->(11,9,12.5)->(12,9,13.0179)->(13,9,13.5858)->(14,9,14.2679)->(15,9,15.5858)->(16,9,5007.5)->
Agent 9:(13,22,2.2)->(13,21,4.4)->(13,20,8.49949)->(14,20,12.0485)->(15,20,14.0485)->(16,20,5006.75)->
Agent 10:(5,19,2.31795)->(5,18,4.05011)->(5,17,5.36795)->(5,16,6.05011)->(5,15,6.61795)->(5,14,7.1359)->(5,13,7.6359)->(5,12,8.1359)->(5,11,8.65385)->(5,10,9.22168)->(5,9,9.90385)->(5,8,11.2217)->(5,7,13.4359)->(6,7,16.2359)->(7,7,5008.12)->
Agent 11:(10,5,1.3)->(10,6,2.01421)->(10,7,3.33205)->(10,8,4.0641)->(10,9,4.79615)->(10,10,6.11399)->(10,11,14.6783)->(11,11,23.2426)->(12,11,24.5605)->(13,11,25.2426)->(14,11,25.8105)->(15,11,26.3284)->(16,11,26.8284)->(17,11,27.3284)->(18,11,27.8284)->(19,11,28.3284)->(20,11,28.8284)->(21,11,29.3284)->(22,11,29.8284)->(23,11,30.3464)->(24,11,30.9142)->(25,11,31.5964)->(26,11,32.9142)->(27,11,35.5426)->(27,12,5017.96)->
Agent 12:(22,18,2.2)->(22,17,3.81421)->(22,16,5.14806)->(22,15,5.97649)->(22,14,7.31034)->(22,13,9.52456)->(23,13,11.7388)->(24,13,13.0726)->(25,13,13.901)->(26,13,15.2349)->(27,13,5007.32)->
Agent 13:(26,7,2.4142)->(26,8,4.24261)->(26,9,5.56045)->(26,10,6.24261)->(26,11,6.81045)->(26,12,7.3284)->(26,13,7.8284)->(26,14,8.34635)->(26,15,8.91419)->(26,16,9.59635)->(26,17,10.9142)->(26,18,13.5)->(25,18,16.0858)->(24,18,17.4036)->(23,18,18.0858)->(22,18,18.6536)->(21,18,19.1716)->(20,18,19.6716)->(19,18,20.1716)->(18,18,20.6716)->(17,18,21.1716)->(16,18,21.6716)->(15,18,22.1716)->(14,18,22.6716)->(13,18,23.1716)->(12,18,23.6716)->(11,18,24.1716)->(10,18,24.6895)->(9,18,25.2574)->(8,18,25.9395)->(7,18,27.2574)->(6,18,5013.34)->
Agent 14:(20,28,2.2)->(20,27,3.81421)->(20,26,5.13205)->(20,25,5.82382)->(20,24,6.45949)->(20,23,7.15126)->(20,22,8.4691)->(20,21,10.6833)->(19,21,12.8975)->(18,21,14.2154)->(17,21,14.8975)->(16,21,15.4654)->(15,21,15.9833)->(14,21,16.4833)->(13,21,16.9833)->(12,21,17.4833)->(11,21,18.0013)->(10,21,18.5691)->(9,21,19.2513)->(8,21,20.5691)->(7,21,5009.99)->
Agent 15:(26,8,1.3)->(26,9,2.01421)->(26,10,3.33205)->(26,11,4.01421)->(26,12,4.58205)->(26,13,5.1)->(26,14,5.6)->(26,15,6.11795)->(26,16,6.68579)->(26,17,7.36795)->(26,18,8.68579)->(26,19,13.3858)->(26,18,18.0858)->(26,17,19.4036)->(26,16,20.0858)->(26,15,20.6536)->(26,14,21.1716)->(26,13,21.6716)->(26,12,22.1716)->(26,11,22.6716)->(26,10,23.1716)->(26,9,23.6895)->(26,8,24.2574)->(26,7,24.9395)->(26,6,26.2574)->(26,5,28.4716)->(25,5,30.6858)->(24,5,32.0036)->(23,5,32.6858)->(22,5,33.2536)->(21,5,33.7895)->(20,5,34.3574)->(19,5,35.0395)->(18,5,36.3574)->(17,5,5017.89)->
Agent 16:(31,16,2.2)->(31,15,3.81421)->(31,14,5.13205)->(31,13,5.81421)->(31,12,6.38205)->(31,11,6.9)->(31,10,7.4)->(31,9,7.91795)->(31,8,8.48579)->(31,7,9.16795)->(31,6,10.4858)->(31,5,12.7)->(30,5,14.9142)->(29,5,16.2321)->(28,5,16.9142)->(27,5,17.4821)->(26,5,18)->(25,5,18.5)->(24,5,19)->(23,5,19.5)->(22,5,20)->(21,5,20.5)->(20,5,21)->(19,5,21.5)->(18,5,22)->(17,5,22.5)->(16,5,23)->(15,5,23.5)->(14,5,24)->(13,5,24.5)->(12,5,25)->(11,5,25.5)->(10,5,26)->(9,5,26.5)->(8,5,27)->(7,5,27.5)->(6,5,28)->(5,5,28.5179)->(4,5,29.0858)->(3,5,29.7679)->(2,5,31.0858)->(1,5,5015.25)->
Agent 17:(9,14,1.8)->(10,14,3.04949)->(11,14,5.04949)->(12,14,7.29898)->(12,13,9.54847)->(12,12,11.5485)->(12,11,17.4132)->(12,12,5010.5)->
Agent 18:(10,22,1.3)->(10,23,2.04949)->(10,24,4.04949)->(10,25,8.59949)->(10,24,13.1495)->(10,23,15.1495)->(10,22,17.399)->(9,22,19.6132)->(8,22,20.931)->(7,22,21.6132)->(6,22,22.181)->(5,22,22.699)->(4,22,23.2169)->(3,22,23.7848)->(2,22,24.4669)->(1,22,25.7848)->(0,22,5012.6)->
Agent 19:(21,17,1.8)->(20,17,3.01421)->(19,17,4.33205)->(18,17,5.01421)->(17,17,5.58205)->(16,17,6.1)->(15,17,6.6)->(14,17,7.1)->(13,17,7.6)->(12,17,8.1)->(11,17,8.61795)->(10,17,9.18579)->(9,17,9.86795)->(8,17,11.1858)->(7,17,13.4)->(7,16,16.2)->(7,15,5008.1)->
Agent 20:(29,30,2.2)->(29,29,3.81421)->(29,28,5.22843)->(29,27,6.64264)->(29,26,8.85685)->(28,26,11.1063)->(27,26,13.1063)->(26,26,5006.28)->
Agent 21:(25,10,1.3)->(25,11,2.01421)->(25,12,3.33205)->(25,13,4.01421)->(25,14,4.58205)->(25,15,5.1)->(25,16,5.6)->(25,17,6.1)->(25,18,6.6)->(25,19,7.11795)->(25,20,7.68579)->(25,21,8.36795)->(25,22,9.68579)->(25,23,12.4858)->(24,23,15.2858)->(23,23,16.6036)->(22,23,17.2858)->(21,23,17.8536)->(20,23,18.3716)->(19,23,18.8716)->(18,23,19.3716)->(17,23,19.8716)->(16,23,20.3716)->(15,23,20.8716)->(14,23,21.3716)->(13,23,21.8716)->(12,23,22.3716)->(11,23,22.8716)->(10,23,23.3716)->(9,23,23.8716)->(8,23,24.3716)->(7,23,24.8716)->(6,23,25.3895)->(5,23,25.9574)->(4,23,26.6395)->(3,23,27.9574)->(2,23,5013.69)->
Agent 22:(1,15,1.8)->(2,15,3.01421)->(3,15,4.33205)->(4,15,5.01421)->(5,15,5.58205)->(6,15,6.1)->(7,15,6.6)->(8,15,7.1)->(9,15,7.6)->(10,15,8.1)->(11,15,8.6)->(12,15,9.1)->(13,15,9.6)->(14,15,10.1)->(15,15,10.6)->(16,15,11.1)->(17,15,11.6)->(18,15,12.1179)->(19,15,12.6858)->(20,15,13.3679)->(21,15,14.6858)->(22,15,16.9)->(22,14,19.1142)->(22,13,20.4321)->(22,12,21.1142)->(22,11,21.6821)->(22,10,22.2)->(22,9,22.7)->(22,8,23.2)->(22,7,23.7179)->(22,6,24.2858)->(22,5,24.9679)->(22,4,26.2858)->(22,3,5012.85)->
Agent 23:(23,7,1.8)->(22,7,3.01421)->(21,7,4.33205)->(20,7,5.01421)->(19,7,5.58205)->(18,7,6.1)->(17,7,6.61795)->(16,7,7.18579)->(15,7,7.86795)->(14,7,9.18579)->(13,7,11.4)->(13,8,13.6142)->(13,9,14.9321)->(13,10,15.6142)->(13,11,16.1821)->(13,12,16.7)->(13,13,17.2)->(13,14,17.7)->(13,15,18.2179)->(13,16,18.7858)->(13,17,19.4679)->(13,18,20.7858)->(13,19,23.4142)->(12,19,5011.9)->
Agent 24:(23,29,2.2)->(23,28,3.81421)->(23,27,5.13205)->(23,26,5.81421)->(23,25,6.38205)->(23,24,6.9)->(23,23,7.4)->(23,22,7.9)->(23,21,8.41795)->(23,20,8.98579)->(23,19,9.66795)->(23,18,10.9858)->(23,17,13.2)->(22,17,15.4142)->(21,17,16.7481)->(20,17,17.5765)->(19,17,18.9103)->(18,17,5009.16)->
Agent 25:(28,15,2.2)->(28,14,3.84949)->(28,13,5.84949)->(28,12,8.89949)->(27,12,11.9142)->(26,12,13.2321)->(25,12,13.9142)->(24,12,14.4821)->(23,12,15)->(22,12,15.5)->(21,12,16)->(20,12,16.5)->(19,12,17)->(18,12,17.5)->(17,12,18)->(16,12,18.5)->(15,12,19)->(14,12,19.5)->(13,12,20)->(12,12,20.5)->(11,12,21)->(10,12,21.5179)->(9,12,22.0858)->(8,12,22.7679)->(7,12,24.0858)->(6,12,5011.75)->
Agent 26:(16,23,2.2)->(16,22,3.81421)->(16,21,5.13205)->(16,20,5.82382)->(16,19,6.45949)->(16,18,7.15126)->(16,17,8.4691)->(16,16,13.2132)->(15,16,17.9574)->(14,16,19.2752)->(13,16,19.9574)->(12,16,20.5431)->(11,16,21.1289)->(10,16,21.8111)->(9,16,23.1289)->(8,16,5011.27)->
Agent 27:(10,21,2.4142)->(10,22,4.27789)->(10,23,6.27789)->(10,24,8.71369)->(11,24,11.1142)->(12,24,12.4321)->(13,24,13.1142)->(14,24,13.6821)->(15,24,14.2)->(16,24,14.7)->(17,24,15.2)->(18,24,15.7)->(19,24,16.2)->(20,24,16.7)->(21,24,17.2179)->(22,24,17.7858)->(23,24,18.4679)->(24,24,19.7858)->(25,24,5009.6)->
Agent 28:(27,19,2.2)->(27,18,3.81421)->(27,17,5.13205)->(27,16,5.81421)->(27,15,6.38205)->(27,14,6.9)->(27,13,7.4)->(27,12,7.9)->(27,11,8.4)->(27,10,8.9)->(27,9,9.4)->(27,8,9.9)->(27,7,10.4)->(27,6,10.9)->(27,5,11.4)->(27,4,11.9179)->(27,3,12.4858)->(27,2,13.1679)->(27,1,14.4858)->(27,0,16.7)->(26,0,18.9142)->(25,0,20.2321)->(24,0,20.9142)->(23,0,21.4821)->(22,0,22)->(21,0,22.5)->(20,0,23)->(19,0,23.5)->(18,0,24)->(17,0,24.5)->(16,0,25)->(15,0,25.5179)->(14,0,26.0858)->(13,0,26.7679)->(12,0,28.0858)->(11,0,5013.75)->
Agent 29:(23,9,6.25)->(23,10,11.9142)->(23,11,13.2321)->(23,12,13.9142)->(23,13,14.4821)->(23,14,15)->(23,15,15.5)->(23,16,16)->(23,17,16.5)->(23,18,17)->(23,19,17.5)->(23,20,18)->(23,21,18.5)->(23,22,19)->(23,23,19.5)->(23,24,20)->(23,25,20.5)->(23,26,21)->(23,27,21.5179)->(23,28,22.0858)->(23,29,22.7679)->(23,30,24.0858)->(23,31,26.3)->(24,31,28.5142)->(25,31,29.8321)->(26,31,30.5238)->(27,31,31.1595)->(28,31,31.8513)->(29,31,33.1691)->(30,31,5016.29)->
