Agent 0:(4,8,1.71421)->(4,9,7.9)->(5,9,15.2)->(6,9,5007.6)->
Agent 1:(7,13,2.61421)->(7,12,5.61421)->(8,12,8.24264)->(9,12,9.56048)->(10,12,10.2522)->(11,12,10.8879)->(12,12,11.5797)->(13,12,12.8975)->(14,12,5006.16)->
Agent 2:(8,4,1.8)->(9,4,3.01421)->(10,4,4.33205)->(11,4,5.01421)->(12,4,5.58205)->(13,4,6.1)->(14,4,6.6)->(15,4,7.1)->(16,4,7.6)->(17,4,8.1)->(18,4,8.6)->(19,4,9.1)->(20,4,9.6)->(21,4,10.1179)->(22,4,10.6858)->(23,4,11.3679)->(24,4,12.6858)->(25,4,14.9)->(25,5,17.1142)->(25,6,18.4321)->(25,7,19.1142)->(25,8,19.6821)->(25,9,20.2)->(25,10,20.7)->(25,11,21.2)->(25,12,21.7)->(25,13,22.2179)->(25,14,22.7858)->(25,15,23.4679)->(25,16,24.7858)->(25,17,5012.1)->
Agent 3:(18,15,1.3)->(18,16,2.01421)->(18,17,3.33205)->(18,18,4.01421)->(18,19,4.58205)->(18,20,5.1)->(18,21,5.61795)->(18,22,6.18579)->(18,23,6.86795)->(18,24,8.18579)->(18,25,10.4)->(19,25,12.6142)->(20,25,13.9321)->(21,25,14.6142)->(22,25,15.1821)->(23,25,15.7)->(24,25,16.2)->(25,25,16.7179)->(26,25,17.2858)->(27,25,17.9679)->(28,25,19.2858)->(29,25,5009.35)->
Agent 4:(4,26,1.71421)->(4,27,4.4)->(5,27,7.61421)->(6,27,8.93205)->(7,27,9.61421)->(8,27,10.1821)->(9,27,10.7179)->(10,27,11.2858)->(11,27,11.9679)->(12,27,13.2858)->(13,27,5006.35)->
Agent 5:(16,0,1.3)->(16,1,2.01421)->(16,2,3.33205)->(16,3,4.01421)->(16,4,4.58205)->(16,5,5.1)->(16,6,5.6)->(16,7,6.1)->(16,8,6.6)->(16,9,7.1)->(16,10,7.6)->(16,11,8.1)->(16,12,8.6)->(16,13,9.1)->(16,14,9.6)->(16,15,10.1)->(16,16,10.6)->(16,17,11.1)->(16,18,11.6)->(16,19,12.1)->(16,20,12.6)->(16,21,13.1)->(16,22,13.6)->(16,23,14.1)->(16,24,14.6179)->(16,25,15.1858)->(16,26,15.8679)->(16,27,17.1858)->(16,28,19.4)->(15,28,21.6142)->(14,28,22.9321)->(13,28,23.6142)->(12,28,24.1821)->(11,28,24.7)->(10,28,25.2)->(9,28,25.7)->(8,28,26.2)->(7,28,26.7)->(6,28,27.2179)->(5,28,27.7858)->(4,28,28.4679)->(3,28,29.7858)->(2,28,5014.6)->
Agent 6:(29,15,1.3)->(29,16,2.01421)->(29,17,3.42843)->(29,18,4.84264)->(29,19,5002.13)->
Agent 7:(23,6,1.3)->(23,7,2.01421)->(23,8,3.33205)->(23,9,4.01421)->(23,10,4.58205)->(23,11,5.11795)->(23,12,5.68579)->(23,13,6.36795)->(23,14,7.68579)->(23,15,5003.55)->
Agent 8:(10,10,1.8)->(9,10,3.6)->(8,10,14.0358)->(8,9,23.8858)->(8,8,25.2036)->(8,7,25.8858)->(8,6,26.4536)->(8,5,26.9716)->(8,4,27.4895)->(8,3,28.0574)->(8,2,28.7395)->(8,1,30.0574)->(8,0,5014.74)->
Agent 9:(11,18,1.3)->(11,19,2.01421)->(11,20,3.33205)->(11,21,4.01421)->(11,22,4.58205)->(11,23,5.1)->(11,24,5.6)->(11,25,6.11795)->(11,26,6.68579)->(11,27,7.36795)->(11,28,8.68579)->(11,29,10.9)->(12,29,13.1142)->(13,29,14.4321)->(14,29,15.1142)->(15,29,15.6821)->(16,29,16.2)->(17,29,16.7)->(18,29,17.2)->(19,29,17.7)->(20,29,18.2)->(21,29,18.7179)->(22,29,19.2858)->(23,29,19.9679)->(24,29,21.2858)->(25,29,5010.35)->
Agent 10:(13,11,1.3)->(13,12,2.6)->(13,13,5.4)->(12,13,7.61421)->(11,13,8.93205)->(10,13,9.61421)->(9,13,10.1821)->(8,13,10.7)->(7,13,11.2)->(6,13,11.7)->(5,13,12.2)->(4,13,12.7179)->(3,13,13.2858)->(2,13,13.9679)->(1,13,15.2858)->(0,13,5007.35)->
Agent 11:(12,12,1.3)->(12,13,2.01421)->(12,14,3.33205)->(12,15,4.01421)->(12,16,4.58205)->(12,17,5.1)->(12,18,5.6)->(12,19,6.1)->(12,20,6.6)->(12,21,7.1)->(12,22,7.61795)->(12,23,8.18579)->(12,24,8.86795)->(12,25,10.1858)->(12,26,12.4)->(13,26,14.6142)->(14,26,15.9321)->(15,26,16.6142)->(16,26,17.1821)->(17,26,17.7)->(18,26,18.2)->(19,26,18.7)->(20,26,19.2)->(21,26,19.7)->(22,26,20.2)->(23,26,20.7)->(24,26,21.2)->(25,26,21.7179)->(26,26,22.2858)->(27,26,22.9679)->(28,26,24.2858)->(29,26,26.5)->(29,27,29.3)->(29,28,5014.65)->
Agent 12:(9,13,1.3)->(9,14,2.01421)->(9,15,3.33205)->(9,16,4.01421)->(9,17,4.58205)->(9,18,5.1)->(9,19,5.6)->(9,20,6.1)->(9,21,6.6)->(9,22,7.1)->(9,23,7.6)->(9,24,8.1)->(9,25,8.6)->(9,26,9.1)->(9,27,9.61795)->(9,28,10.1858)->(9,29,10.8679)->(9,30,12.1858)->(9,31,14.4)->(10,31,16.6142)->(11,31,17.9321)->(12,31,18.6142)->(13,31,19.1821)->(14,31,19.7)->(15,31,20.2)->(16,31,20.7)->(17,31,21.2)->(18,31,21.7)->(19,31,22.2)->(20,31,22.7179)->(21,31,23.2858)->(22,31,23.9679)->(23,31,25.2858)->(24,31,5012.35)->
Agent 13:(30,16,1.71421)->(30,17,9.56421)->(29,17,17.9426)->(28,17,19.2605)->(27,17,19.9426)->(26,17,20.5105)->(25,17,21.0284)->(24,17,21.5284)->(23,17,22.0284)->(22,17,22.5284)->(21,17,23.0284)->(20,17,23.5284)->(19,17,24.0284)->(18,17,24.5284)->(17,17,25.0464)->(16,17,25.6142)->(15,17,26.2964)->(14,17,27.6142)->(13,17,5013.51)->
Agent 14:(27,7,1.3)->(27,8,2.01421)->(27,9,3.33205)->(27,10,4.02382)->(27,11,4.65949)->(27,12,5.35126)->(27,13,6.6691)->(27,14,8.88331)->(26,14,11.0975)->(25,14,12.4154)->(24,14,13.0975)->(23,14,13.6654)->(22,14,14.1833)->(21,14,14.6833)->(20,14,15.1833)->(19,14,15.6833)->(18,14,16.1833)->(17,14,16.6833)->(16,14,17.1833)->(15,14,17.6833)->(14,14,18.1833)->(13,14,18.6833)->(12,14,19.2013)->(11,14,19.7691)->(10,14,20.4513)->(9,14,21.7691)->(8,14,24.3975)->(8,15,5012.39)->
Agent 15:(22,29,2.2)->(22,28,3.81421)->(22,27,5.14806)->(22,26,5.97649)->(22,25,7.31034)->(22,24,9.52456)->(23,24,11.7388)->(24,24,13.0566)->(25,24,13.7887)->(26,24,14.5207)->(27,24,15.8385)->(28,24,5007.63)->
Agent 16:(5,5,1.3)->(5,6,2.04949)->(5,7,4.04949)->(5,8,6.29898)->(4,8,8.51319)->(3,8,9.92741)->(2,8,11.3416)->(1,8,5005.38)->
Agent 17:(7,29,2.2)->(7,28,3.81421)->(7,27,5.13205)->(7,26,5.81421)->(7,25,6.38205)->(7,24,6.9)->(7,23,7.4)->(7,22,7.9)->(7,21,8.4)->(7,20,8.9)->(7,19,9.41795)->(7,18,9.98579)->(7,17,10.6679)->(7,16,11.9858)->(7,15,14.2)->(8,15,16.4142)->(9,15,17.7321)->(10,15,18.4238)->(11,15,19.0595)->(12,15,19.7513)->(13,15,21.0691)->(14,15,5010.24)->
Agent 18:(6,26,3.1)->(6,25,5.61421)->(6,24,6.93205)->(6,23,7.61421)->(6,22,8.18205)->(6,21,8.7)->(6,20,9.2)->(6,19,9.7)->(6,18,10.2)->(6,17,10.7)->(6,16,11.2)->(6,15,11.7)->(6,14,12.2)->(6,13,12.7)->(6,12,13.2)->(6,11,13.7)->(6,10,14.2)->(6,9,14.7)->(6,8,15.2179)->(6,7,15.7858)->(6,6,16.4679)->(6,5,17.7858)->(6,4,20)->(5,4,22.8)->(4,4,5011.4)->
Agent 19:(29,4,1.3)->(29,5,2.01421)->(29,6,3.33205)->(29,7,4.01421)->(29,8,4.58205)->(29,9,5.1)->(29,10,5.6)->(29,11,6.1)->(29,12,6.6)->(29,13,7.1)->(29,14,7.61795)->(29,15,8.18579)->(29,16,8.86795)->(29,17,10.1858)->(29,18,12.4)->(28,18,14.6142)->(27,18,15.9321)->(26,18,16.6142)->(25,18,17.1821)->(24,18,17.7)->(23,18,18.2)->(22,18,18.7)->(21,18,19.2)->(20,18,19.7)->(19,18,20.2)->(18,18,20.7)->(17,18,21.2)->(16,18,21.7)->(15,18,22.2)->(14,18,22.7)->(13,18,23.2)->(12,18,23.7179)->(11,18,24.2858)->(10,18,24.9679)->(9,18,26.2858)->(8,18,28.5)->(8,19,30.7142)->(8,20,32.0321)->(8,21,32.7142)->(8,22,33.2821)->(8,23,33.8)->(8,24,34.3)->(8,25,34.8)->(8,26,35.3179)->(8,27,35.8858)->(8,28,36.5679)->(8,29,37.8858)->(8,30,5018.65)->
Agent 20:(10,30,2.2)->(10,29,3.81421)->(10,28,5.13205)->(10,27,5.81421)->(10,26,6.38205)->(10,25,6.9)->(10,24,7.41795)->(10,23,7.98579)->(10,22,8.66795)->(10,21,9.98579)->(10,20,12.2)->(9,20,14.4142)->(8,20,15.7321)->(7,20,16.4238)->(6,20,17.0595)->(5,20,17.7513)->(4,20,19.0691)->(3,20,5009.24)->
Agent 21:(31,5,1.3)->(31,6,2.01421)->(31,7,3.33205)->(31,8,4.01421)->(31,9,4.58205)->(31,10,5.1)->(31,11,5.6)->(31,12,6.1)->(31,13,6.6)->(31,14,7.1)->(31,15,7.6)->(31,16,8.1)->(31,17,8.61795)->(31,18,9.18579)->(31,19,9.86795)->(31,20,11.1858)->(31,21,13.4)->(30,21,15.6142)->(29,21,16.9321)->(28,21,17.6142)->(27,21,18.1821)->(26,21,18.7)->(25,21,19.2)->(24,21,19.7)->(23,21,20.2)->(22,21,20.7)->(21,21,21.2)->(20,21,21.7)->(19,21,22.2)->(18,21,22.7)->(17,21,23.2)->(16,21,23.7)->(15,21,24.2)->(14,21,24.7)->(13,21,25.2)->(12,21,25.7)->(11,21,26.2)->(10,21,26.7)->(9,21,27.2)->(8,21,27.7)->(7,21,28.2)->(6,21,28.7)->(5,21,29.2)->(4,21,29.7179)->(3,21,30.2858)->(2,21,30.9679)->(1,21,32.2858)->(0,21,5015.85)->
Agent 22:(17,26,2.2)->(17,25,3.81421)->(17,24,5.13205)->(17,23,5.81421)->(17,22,6.38205)->(17,21,6.9)->(17,20,7.4)->(17,19,7.9)->(17,18,8.4)->(17,17,8.9)->(17,16,9.41795)->(17,15,9.98579)->(17,14,10.6679)->(17,13,11.9858)->(17,12,14.8)->(18,12,17.6142)->(19,12,18.9321)->(20,12,19.6142)->(21,12,20.2)->(22,12,20.7858)->(23,12,21.4679)->(24,12,22.7858)->(25,12,5011.1)->
Agent 23:(6,27,4.1)->(6,26,7.61421)->(6,25,8.93205)->(6,24,9.61421)->(6,23,10.1821)->(6,22,10.7)->(6,21,11.2)->(6,20,11.7)->(6,19,12.2)->(6,18,12.7)->(6,17,13.2179)->(6,16,13.7858)->(6,15,14.4679)->(6,14,15.7858)->(6,13,18)->(7,13,20.2142)->(8,13,21.5321)->(9,13,22.2142)->(10,13,22.7821)->(11,13,23.3)->(12,13,23.8)->(13,13,24.3)->(14,13,24.8)->(15,13,25.3)->(16,13,25.8)->(17,13,26.3)->(18,13,26.8179)->(19,13,27.3858)->(20,13,28.0679)->(21,13,29.3858)->(22,13,5014.4)->
Agent 24:(2,23,2.62792)->(2,22,4.67005)->(2,21,5.98788)->(2,20,6.67005)->(2,19,7.23788)->(2,18,7.75583)->(2,17,8.25583)->(2,16,8.75583)->(2,15,9.25583)->(2,14,9.75583)->(2,13,10.2558)->(2,12,10.7738)->(2,11,11.3416)->(2,10,12.0238)->(2,9,13.3416)->(2,8,16.0637)->(3,8,18.7858)->(4,8,20.1036)->(5,8,20.7858)->(6,8,21.3536)->(7,8,21.8716)->(8,8,22.3716)->(9,8,22.8716)->(10,8,23.3716)->(11,8,23.8716)->(12,8,24.3716)->(13,8,24.8716)->(14,8,25.3895)->(15,8,25.9574)->(16,8,26.6395)->(17,8,27.9574)->(18,8,5013.69)->
Agent 25:(26,21,4.67008)->(26,20,8.75438)->(26,19,10.0722)->(26,18,10.7544)->(26,17,11.3402)->(26,16,11.926)->(26,15,12.6081)->(26,14,13.926)->(26,13,5006.67)->
Agent 26:(9,3,3.21421)->(9,4,5.84264)->(9,5,7.16048)->(9,6,7.84264)->(9,7,8.42843)->(9,8,9.01421)->(9,9,9.69638)->(9,10,11.0142)->(9,11,13.2284)->(10,11,15.4426)->(11,11,16.7605)->(12,11,17.4426)->(13,11,18.0105)->(14,11,18.5284)->(15,11,19.0284)->(16,11,19.5284)->(17,11,20.0284)->(18,11,20.5284)->(19,11,21.0284)->(20,11,21.5464)->(21,11,22.1142)->(22,11,22.7964)->(23,11,24.1142)->(24,11,5011.76)->
Agent 27:(19,26,2.2)->(19,25,3.81421)->(19,24,5.13205)->(19,23,5.81421)->(19,22,6.38205)->(19,21,6.91795)->(19,20,7.48579)->(19,19,8.16795)->(19,18,9.48579)->(19,17,12.1142)->(18,17,18.2642)->(18,18,5010.6)->
Agent 28:(3,29,3.18579)->(3,28,5.78579)->(3,27,7.10362)->(3,26,7.78579)->(3,25,8.35362)->(3,24,8.87157)->(3,23,9.37157)->(3,22,9.87157)->(3,21,10.3716)->(3,20,10.8716)->(3,19,11.3716)->(3,18,11.8716)->(3,17,12.3716)->(3,16,12.8716)->(3,15,13.3716)->(3,14,13.8716)->(3,13,14.3716)->(3,12,14.8716)->(3,11,15.3716)->(3,10,15.8716)->(3,9,16.3716)->(3,8,16.8716)->(3,7,17.3716)->(3,6,17.8716)->(3,5,18.3716)->(3,4,18.8895)->(3,3,19.4574)->(3,2,20.1395)->(3,1,21.4574)->(3,0,23.6716)->(4,0,25.8858)->(5,0,27.2036)->(6,0,27.8858)->(7,0,28.4536)->(8,0,28.9716)->(9,0,29.4716)->(10,0,29.9716)->(11,0,30.4716)->(12,0,30.9716)->(13,0,31.4716)->(14,0,31.9716)->(15,0,32.4716)->(16,0,32.9895)->(17,0,33.5574)->(18,0,34.2395)->(19,0,35.5574)->(20,0,5017.49)->
Agent 29:(20,12,1.3)->(20,13,2.01421)->(20,14,3.33205)->(20,15,4.01421)->(20,16,4.58205)->(20,17,5.1)->(20,18,5.6)->(20,19,6.1)->(20,20,6.61795)->(20,21,7.18579)->(20,22,7.86795)->(20,23,9.18579)->(20,24,11.4)->(19,24,13.6142)->(18,24,14.9321)->(17,24,15.6142)->(16,24,16.1821)->(15,24,16.7)->(14,24,17.2)->(13,24,17.7)->(12,24,18.2)->(11,24,18.7)->(10,24,19.2)->(9,24,19.7)->(8,24,20.2)->(7,24,20.7179)->(6,24,21.2858)->(5,24,21.9679)->(4,24,23.2858)->(3,24,25.9142)->(3,25,5013.15)->
