Agent 0:(10,6,1.3)->(10,7,2.6)->(10,8,5.4)->(11,8,7.61421)->(12,8,8.93205)->(13,8,9.61421)->(14,8,10.1821)->(15,8,10.7)->(16,8,11.2)->(17,8,11.7)->(18,8,12.2)->(19,8,12.7179)->(20,8,13.2858)->(21,8,13.9679)->(22,8,15.2858)->(23,8,5007.35)->
Agent 1:(5,30,2.2)->(5,29,3.81421)->(5,28,5.13205)->(5,27,5.81421)->(5,26,6.38205)->(5,25,6.9)->(5,24,7.4)->(5,23,7.91795)->(5,22,8.48579)->(5,21,9.16795)->(5,20,10.4858)->(5,19,12.7)->(4,19,14.9142)->(3,19,16.2481)->(2,19,17.0765)->(1,19,18.4103)->(0,19,5008.91)->
Agent 2:(8,27,2.45)->(8,26,4.31421)->(8,25,5.63205)->(8,24,6.31421)->(8,23,6.88205)->(8,22,7.4)->(8,21,7.9)->(8,20,8.4)->(8,19,8.9)->(8,18,9.4)->(8,17,9.9)->(8,16,10.4)->(8,15,10.9)->(8,14,11.4)->(8,13,11.9)->(8,12,12.4)->(8,11,12.9)->(8,10,13.4179)->(8,9,13.9858)->(8,8,14.6679)->(8,7,15.9858)->(8,6,20.5963)->(9,6,5011.48)->
Agent 3:(22,20,1.3)->(22,21,2.01421)->(22,22,3.33205)->(22,23,4.01421)->(22,24,4.58205)->(22,25,5.1)->(22,26,5.6)->(22,27,6.11795)->(22,28,6.68579)->(22,29,7.36795)->(22,30,8.68579)->(22,31,10.9)->(23,31,13.7)->(24,31,5006.85)->
Agent 4:(31,16,2.2)->(31,15,3.81421)->(31,14,5.13205)->(31,13,5.81421)->(31,12,6.38205)->(31,11,6.9)->(31,10,7.4)->(31,9,7.9)->(31,8,8.4)->(31,7,8.91795)->(31,6,9.48579)->(31,5,10.1679)->(31,4,11.4858)->(31,3,13.7)->(30,3,15.9142)->(29,3,17.2321)->(28,3,17.9142)->(27,3,18.5)->(26,3,19.0858)->(25,3,19.7679)->(24,3,21.0858)->(23,3,5010.25)->
Agent 5:(5,9,5.5)->(5,10,10.4142)->(5,11,11.7321)->(5,12,12.4142)->(5,13,12.9821)->(5,14,13.5)->(5,15,14)->(5,16,14.5)->(5,17,15)->(5,18,15.5179)->(5,19,16.0858)->(5,20,16.7679)->(5,21,18.0858)->(5,22,20.3)->(6,22,22.5142)->(7,22,23.8321)->(8,22,24.5142)->(9,22,25.0821)->(10,22,25.6179)->(11,22,26.1858)->(12,22,26.8679)->(13,22,28.1858)->(14,22,5013.8)->
Agent 6:(9,18,1.8)->(8,18,3.6)->(7,18,6.4)->(7,19,8.61421)->(7,20,9.93205)->(7,21,10.6142)->(7,22,11.1821)->(7,23,11.7179)->(7,24,12.2858)->(7,25,12.9679)->(7,26,14.2858)->(7,27,5006.85)->
Agent 7:(4,30,2.2)->(4,29,3.81421)->(4,28,5.13205)->(4,27,5.81421)->(4,26,6.38205)->(4,25,6.9)->(4,24,7.4)->(4,23,7.9)->(4,22,8.4)->(4,21,8.9)->(4,20,9.4)->(4,19,9.9)->(4,18,10.4179)->(4,17,10.9858)->(4,16,11.6679)->(4,15,12.9858)->(4,14,15.2)->(5,14,17.4495)->(6,14,19.4495)->(7,14,21.699)->(7,13,24.499)->(7,12,5012.25)->
Agent 8:(12,21,1.3)->(12,22,2.01421)->(12,23,3.33205)->(12,24,4.01421)->(12,25,4.6)->(12,26,5.18579)->(12,27,5.86795)->(12,28,7.18579)->(12,29,9.4)->(13,29,11.6142)->(14,29,12.9321)->(15,29,13.6238)->(16,29,14.2595)->(17,29,14.9513)->(18,29,16.2691)->(19,29,5007.84)->
Agent 9:(1,9,1.3)->(1,10,2.01421)->(1,11,3.33205)->(1,12,4.01421)->(1,13,4.58205)->(1,14,5.1)->(1,15,5.6)->(1,16,6.1)->(1,17,6.6)->(1,18,7.1)->(1,19,7.61795)->(1,20,8.18579)->(1,21,8.86795)->(1,22,10.1858)->(1,23,12.4)->(2,23,14.6142)->(3,23,15.9321)->(4,23,16.6142)->(5,23,17.1821)->(6,23,17.7)->(7,23,18.2)->(8,23,18.7)->(9,23,19.2)->(10,23,19.7)->(11,23,20.2)->(12,23,20.7)->(13,23,21.2)->(14,23,21.7)->(15,23,22.2)->(16,23,22.7)->(17,23,23.2)->(18,23,23.7)->(19,23,24.2)->(20,23,24.7)->(21,23,25.2)->(22,23,25.7)->(23,23,26.2)->(24,23,26.7)->(25,23,27.2)->(26,23,27.7)->(27,23,28.2179)->(28,23,28.7858)->(29,23,29.4679)->(30,23,30.7858)->(31,23,5015.1)->
Agent 10:(24,21,2.2)->(24,20,3.81421)->(24,19,5.13205)->(24,18,5.8641)->(24,17,6.59615)->(24,16,7.91399)->(24,15,10.1282)->(23,15,12.3424)->(22,15,13.6603)->(21,15,14.3424)->(20,15,14.9103)->(19,15,15.4282)->(18,15,15.9282)->(17,15,16.4282)->(16,15,16.9282)->(15,15,17.4282)->(14,15,17.9282)->(13,15,18.4282)->(12,15,18.9462)->(11,15,19.514)->(10,15,20.1962)->(9,15,21.514)->(8,15,5010.46)->
Agent 11:(20,21,2.2)->(20,20,3.81421)->(20,19,5.22843)->(20,18,6.64264)->(20,17,8.85685)->(21,17,11.0711)->(22,17,12.3889)->(23,17,13.0711)->(24,17,13.6569)->(25,17,14.2426)->(26,17,14.9248)->(27,17,16.2426)->(28,17,5007.83)->
Agent 12:(13,11,1.3)->(13,12,2.01421)->(13,13,3.33205)->(13,14,4.01421)->(13,15,4.58205)->(13,16,5.1)->(13,17,5.6)->(13,18,6.1)->(13,19,6.6)->(13,20,7.1)->(13,21,7.6)->(13,22,8.11795)->(13,23,8.68579)->(13,24,9.36795)->(13,25,10.6858)->(13,26,12.9)->(12,26,15.1142)->(11,26,16.4321)->(10,26,17.1142)->(9,26,17.6821)->(8,26,18.2)->(7,26,18.7179)->(6,26,19.2858)->(5,26,19.9679)->(4,26,21.2858)->(3,26,5010.35)->
Agent 13:(25,18,2.2)->(25,17,3.81421)->(25,16,5.13205)->(25,15,5.8641)->(25,14,6.59615)->(25,13,7.91399)->(25,12,10.1282)->(24,12,12.3424)->(23,12,13.6603)->(22,12,14.3424)->(21,12,14.9103)->(20,12,15.4282)->(19,12,15.9282)->(18,12,16.4282)->(17,12,16.9282)->(16,12,17.4282)->(15,12,17.9462)->(14,12,18.514)->(13,12,19.1962)->(12,12,20.514)->(11,12,23.1424)->(11,13,5011.76)->
Agent 14:(17,30,1.71421)->(17,31,4.22843)->(16,31,5002.51)->
Agent 15:(21,8,2.21421)->(22,8,4.81421)->(22,7,7.44264)->(22,6,8.77649)->(22,5,9.60492)->(22,4,10.9388)->(22,3,21.9585)->(22,4,33.5641)->(22,5,5016.78)->
Agent 16:(9,26,5.23205)->(9,25,9.87832)->(9,24,11.1962)->(9,23,11.8783)->(9,22,12.4462)->(9,21,12.9641)->(9,20,13.4641)->(9,19,13.9641)->(9,18,14.4641)->(9,17,14.9641)->(9,16,15.4641)->(9,15,15.9641)->(9,14,16.4641)->(9,13,16.9641)->(9,12,17.4641)->(9,11,17.9641)->(9,10,18.4641)->(9,9,18.9821)->(9,8,19.5499)->(9,7,20.2321)->(9,6,21.5499)->(9,5,23.7641)->(10,5,25.9783)->(11,5,27.2962)->(12,5,27.9783)->(13,5,28.5462)->(14,5,29.0641)->(15,5,29.5641)->(16,5,30.0641)->(17,5,30.5641)->(18,5,31.0641)->(19,5,31.5641)->(20,5,32.0641)->(21,5,32.5641)->(22,5,33.0641)->(23,5,33.5641)->(24,5,34.0641)->(25,5,34.5641)->(26,5,35.0641)->(27,5,35.5821)->(28,5,36.1499)->(29,5,36.8321)->(30,5,38.1499)->(31,5,5018.78)->
Agent 17:(1,18,3.06989)->(2,18,5.55398)->(3,18,6.88783)->(4,18,7.71626)->(5,18,9.05011)->(6,18,5004.23)->
Agent 18:(11,3,1.3)->(11,4,2.04949)->(11,5,4.04949)->(11,6,6.29898)->(12,6,8.51319)->(13,6,9.83103)->(14,6,10.5132)->(15,6,11.081)->(16,6,11.599)->(17,6,12.099)->(18,6,12.599)->(19,6,13.099)->(20,6,13.599)->(21,6,14.099)->(22,6,14.6169)->(23,6,15.1848)->(24,6,15.8669)->(25,6,17.1848)->(26,6,5008.3)->
Agent 19:(25,20,1.3)->(25,21,2.01421)->(25,22,3.33205)->(25,23,4.01421)->(25,24,4.58205)->(25,25,5.1)->(25,26,5.61795)->(25,27,6.18579)->(25,28,6.86795)->(25,29,8.18579)->(25,30,10.4)->(24,30,12.6142)->(23,30,13.9321)->(22,30,14.6641)->(21,30,15.3962)->(20,30,16.714)->(19,30,5008.06)->
Agent 20:(2,4,1.3)->(2,5,2.01421)->(2,6,3.33205)->(2,7,4.01421)->(2,8,4.58205)->(2,9,5.11795)->(2,10,5.68579)->(2,11,6.36795)->(2,12,7.68579)->(2,13,10.7821)->(3,13,13.8783)->(4,13,15.1962)->(5,13,15.8783)->(6,13,16.4462)->(7,13,16.9641)->(8,13,17.4641)->(9,13,17.9821)->(10,13,18.5499)->(11,13,19.2321)->(12,13,20.5499)->(13,13,5009.98)->
Agent 21:(17,15,1.3)->(17,16,2.01421)->(17,17,3.42843)->(17,18,4.84264)->(17,19,7.47107)->(18,19,5003.93)->
Agent 22:(14,1,1.3)->(14,2,2.01421)->(14,3,3.33205)->(14,4,4.0641)->(14,5,4.79615)->(14,6,6.11399)->(14,7,8.3282)->(15,7,10.5424)->(16,7,11.8603)->(17,7,12.5424)->(18,7,13.1103)->(19,7,13.6282)->(20,7,14.1282)->(21,7,14.6282)->(22,7,15.1282)->(23,7,15.6282)->(24,7,16.1282)->(25,7,16.6282)->(26,7,17.1282)->(27,7,17.6462)->(28,7,18.214)->(29,7,18.8962)->(30,7,20.214)->(31,7,22.8424)->(31,8,5011.61)->
Agent 23:(4,1,5.45)->(4,2,10.3142)->(4,3,11.6321)->(4,4,12.3142)->(4,5,12.8821)->(4,6,13.4)->(4,7,13.9)->(4,8,14.4)->(4,9,14.9179)->(4,10,15.4858)->(4,11,16.1679)->(4,12,17.4858)->(4,13,20.1142)->(5,13,5010.25)->
Agent 24:(11,24,2.2)->(11,23,3.81421)->(11,22,5.13205)->(11,21,5.81421)->(11,20,6.38205)->(11,19,6.9)->(11,18,7.4)->(11,17,7.9)->(11,16,8.4)->(11,15,8.9)->(11,14,9.4)->(11,13,9.9)->(11,12,10.4)->(11,11,10.9)->(11,10,11.4)->(11,9,11.9179)->(11,8,12.4858)->(11,7,13.1679)->(11,6,14.4858)->(11,5,16.7)->(10,5,18.9142)->(9,5,20.2321)->(8,5,20.9238)->(7,5,21.5595)->(6,5,22.2513)->(5,5,23.5691)->(4,5,5011.49)->
Agent 25:(13,3,1.3)->(13,4,2.01421)->(13,5,3.33205)->(13,6,4.01421)->(13,7,4.58205)->(13,8,5.1)->(13,9,5.6)->(13,10,6.1)->(13,11,6.6)->(13,12,7.1)->(13,13,7.6)->(13,14,8.1)->(13,15,8.61795)->(13,16,9.18579)->(13,17,9.86795)->(13,18,11.1858)->(13,19,13.4)->(12,19,16.2)->(11,19,5008.1)->
Agent 26:(4,8,2.2)->(4,7,4.4)->(4,6,8.65)->(5,6,12.3142)->(6,6,13.6321)->(7,6,14.3142)->(8,6,14.8821)->(9,6,15.4)->(10,6,15.9)->(11,6,16.4)->(12,6,16.9)->(13,6,17.4)->(14,6,17.9)->(15,6,18.4179)->(16,6,18.9858)->(17,6,19.6679)->(18,6,20.9858)->(19,6,5010.2)->
Agent 27:(20,1,1.8)->(19,1,3.01421)->(18,1,4.33205)->(17,1,5.01421)->(16,1,5.58205)->(15,1,6.1)->(14,1,6.6)->(13,1,7.1)->(12,1,7.61795)->(11,1,8.18579)->(10,1,8.86795)->(9,1,10.1858)->(8,1,16.6464)->(8,2,23.107)->(8,3,24.4248)->(8,4,25.1569)->(8,5,25.8889)->(8,6,27.2067)->(8,7,5013.31)->
Agent 28:(30,19,1.3)->(30,20,2.01421)->(30,21,3.33205)->(30,22,4.0641)->(30,23,4.79615)->(30,24,6.11399)->(30,25,8.3282)->(29,25,10.5424)->(28,25,11.8603)->(27,25,12.5424)->(26,25,13.1103)->(25,25,13.6282)->(24,25,14.1282)->(23,25,14.6282)->(22,25,15.1282)->(21,25,15.6282)->(20,25,16.1282)->(19,25,16.6282)->(18,25,17.1282)->(17,25,17.6282)->(16,25,18.1282)->(15,25,18.6282)->(14,25,19.1282)->(13,25,19.6282)->(12,25,20.1282)->(11,25,20.6462)->(10,25,21.214)->(9,25,21.8962)->(8,25,23.214)->(7,25,5011.31)->
Agent 29:(6,9,2.2)->(6,8,3.81421)->(6,7,5.13205)->(6,6,5.82382)->(6,5,6.45949)->(6,4,7.15126)->(6,3,8.4691)->(6,2,10.6833)->(7,2,12.8975)->(8,2,14.2154)->(9,2,14.8975)->(10,2,15.4654)->(11,2,16.0013)->(12,2,16.5691)->(13,2,17.2513)->(14,2,18.5691)->(15,2,5008.99)->
