Agent 0:(24,25,2.45)->(24,24,4.31421)->(24,23,5.63205)->(24,22,6.31421)->(24,21,6.88205)->(24,20,7.4)->(24,19,7.9)->(24,18,8.4)->(24,17,8.9)->(24,16,9.4)->(24,15,9.9)->(24,14,10.4)->(24,13,10.9)->(24,12,11.4)->(24,11,11.9)->(24,10,12.4)->(24,9,12.9)->(24,8,13.4)->(24,7,13.9)->(24,6,14.4179)->(24,5,14.9858)->(24,4,15.6679)->(24,3,16.9858)->(24,2,19.2)->(25,2,22)->(26,2,5011)->
Agent 1:(14,24,1.3)->(14,25,2.01421)->(14,26,3.34806)->(14,27,4.17649)->(14,28,5.51034)->(14,29,5002.46)->
Agent 2:(14,15,1.71421)->(14,16,4.5)->(15,16,7.81421)->(16,16,9.13205)->(17,16,9.81421)->(18,16,10.3821)->(19,16,10.9)->(20,16,11.4)->(21,16,11.9179)->(22,16,12.4858)->(23,16,13.1679)->(24,16,14.4858)->(25,16,5006.95)->
Agent 3:(19,23,1.3)->(19,24,2.04949)->(19,25,4.04949)->(19,26,6.29898)->(20,26,8.51319)->(21,26,9.83103)->(22,26,10.5132)->(23,26,11.081)->(24,26,11.599)->(25,26,12.1169)->(26,26,12.6848)->(27,26,13.3669)->(28,26,14.6848)->(29,26,5007.05)->
Agent 4:(2,12,2.2)->(2,11,3.81421)->(2,10,5.13205)->(2,9,5.81421)->(2,8,6.38205)->(2,7,6.9)->(2,6,7.41795)->(2,5,7.98579)->(2,4,8.66795)->(2,3,9.98579)->(2,2,12.2)->(3,2,14.4495)->(4,2,16.4495)->(5,2,5007.95)->
Agent 5:(24,10,1.8)->(23,10,3.6)->(22,10,7.5)->(22,9,10.8142)->(22,8,12.2284)->(22,7,13.6426)->(22,6,5006.53)->
Agent 6:(21,31,2.71795)->(21,30,4.85011)->(21,29,6.16795)->(21,28,6.85011)->(21,27,7.41795)->(21,26,7.9359)->(21,25,8.4359)->(21,24,8.9359)->(21,23,9.4359)->(21,22,9.9359)->(21,21,10.4359)->(21,20,10.9359)->(21,19,11.4359)->(21,18,11.9359)->(21,17,12.4359)->(21,16,12.9359)->(21,15,13.4538)->(21,14,14.0217)->(21,13,14.7038)->(21,12,16.0217)->(21,11,18.2359)->(20,11,20.4501)->(19,11,21.7679)->(18,11,22.4501)->(17,11,23.0179)->(16,11,23.5359)->(15,11,24.0359)->(14,11,24.5359)->(13,11,25.0359)->(12,11,25.5538)->(11,11,26.1217)->(10,11,26.8038)->(9,11,28.1217)->(8,11,30.3359)->(8,10,32.5501)->(8,9,33.884)->(8,8,34.7124)->(8,7,36.0462)->(8,6,5017.73)->
Agent 7:(24,21,2.2)->(24,20,3.81421)->(24,19,5.13205)->(24,18,5.81421)->(24,17,6.38205)->(24,16,6.9)->(24,15,7.4)->(24,14,7.9)->(24,13,8.4)->(24,12,8.9)->(24,11,9.4)->(24,10,9.9)->(24,9,10.4)->(24,8,10.9)->(24,7,11.4)->(24,6,11.9)->(24,5,12.4179)->(24,4,12.9858)->(24,3,13.6679)->(24,2,14.9858)->(24,1,17.2)->(23,1,19.4142)->(22,1,20.7321)->(21,1,21.4142)->(20,1,21.9821)->(19,1,22.5)->(18,1,23)->(17,1,23.5)->(16,1,24)->(15,1,24.5)->(14,1,25)->(13,1,25.5)->(12,1,26)->(11,1,26.5179)->(10,1,27.0858)->(9,1,27.7679)->(8,1,29.0858)->(7,1,31.7142)->(7,0,5016.05)->
Agent 8:(26,29,2.2)->(26,28,3.81421)->(26,27,5.13205)->(26,26,5.81421)->(26,25,6.4)->(26,24,6.98579)->(26,23,7.66795)->(26,22,8.98579)->(26,21,13.9822)->(25,21,18.9785)->(24,21,20.2964)->(23,21,20.9785)->(22,21,21.5464)->(21,21,22.0643)->(20,21,22.5643)->(19,21,23.0643)->(18,21,23.5643)->(17,21,24.0643)->(16,21,24.5643)->(15,21,25.0643)->(14,21,25.5643)->(13,21,26.0643)->(12,21,26.5643)->(11,21,27.0643)->(10,21,27.5643)->(9,21,28.0643)->(8,21,28.5643)->(7,21,29.0643)->(6,21,29.5643)->(5,21,30.0823)->(4,21,30.6501)->(3,21,31.3323)->(2,21,32.6501)->(1,21,5016.03)->
Agent 9:(5,6,2.06795)->(5,7,3.55011)->(5,8,4.86795)->(5,9,5.55011)->(5,10,6.11795)->(5,11,6.6359)->(5,12,7.1359)->(5,13,7.6359)->(5,14,8.1359)->(5,15,8.6359)->(5,16,9.1359)->(5,17,9.6359)->(5,18,10.1359)->(5,19,10.6359)->(5,20,11.1359)->(5,21,11.6359)->(5,22,12.1538)->(5,23,12.7217)->(5,24,13.4038)->(5,25,14.7217)->(5,26,16.9359)->(6,26,19.1501)->(7,26,20.5643)->(8,26,21.9785)->(9,26,5010.7)->
Agent 10:(27,23,3.04638)->(27,22,5.50697)->(27,21,6.8248)->(27,20,7.50697)->(27,19,8.0748)->(27,18,8.59275)->(27,17,9.09275)->(27,16,9.59275)->(27,15,10.0928)->(27,14,10.5928)->(27,13,11.1107)->(27,12,11.6785)->(27,11,12.3607)->(27,10,13.6785)->(27,9,15.8928)->(26,9,18.107)->(25,9,19.4248)->(24,9,20.107)->(23,9,20.6748)->(22,9,21.1928)->(21,9,21.6928)->(20,9,22.1928)->(19,9,22.6928)->(18,9,23.1928)->(17,9,23.6928)->(16,9,24.1928)->(15,9,24.7107)->(14,9,25.2785)->(13,9,25.9607)->(12,9,27.2785)->(11,9,5013.35)->
Agent 11:(12,15,1.8)->(11,15,3.01421)->(10,15,4.33205)->(9,15,5.01421)->(8,15,5.58205)->(7,15,6.1)->(6,15,6.61795)->(5,15,7.18579)->(4,15,7.86795)->(3,15,9.18579)->(2,15,11.4)->(2,16,13.6142)->(2,17,15.0284)->(2,18,16.4426)->(2,19,5007.93)->
Agent 12:(12,8,2.95)->(13,8,5.31421)->(14,8,6.63205)->(15,8,7.31421)->(16,8,7.88205)->(17,8,8.4)->(18,8,8.9)->(19,8,9.4)->(20,8,9.9)->(21,8,10.4)->(22,8,10.9)->(23,8,11.4)->(24,8,11.9)->(25,8,12.4)->(26,8,12.9179)->(27,8,13.4858)->(28,8,14.1679)->(29,8,15.4858)->(30,8,17.7)->(30,9,19.9142)->(30,10,21.2321)->(30,11,21.9142)->(30,12,22.4821)->(30,13,23)->(30,14,23.5)->(30,15,24)->(30,16,24.5)->(30,17,25.0179)->(30,18,25.5858)->(30,19,26.2679)->(30,20,27.5858)->(30,21,5013.5)->
Agent 13:(29,29,2.2)->(29,28,3.81421)->(29,27,5.13205)->(29,26,5.82382)->(29,25,6.45949)->(29,24,7.15126)->(29,23,8.4691)->(29,22,11.0596)->(28,22,13.6501)->(27,22,14.9679)->(26,22,15.6501)->(25,22,16.2179)->(24,22,16.7359)->(23,22,17.2359)->(22,22,17.7359)->(21,22,18.2359)->(20,22,18.7359)->(19,22,19.2359)->(18,22,19.7359)->(17,22,20.2359)->(16,22,20.7359)->(15,22,21.2359)->(14,22,21.7359)->(13,22,22.2359)->(12,22,22.7359)->(11,22,23.2359)->(10,22,23.7359)->(9,22,24.2359)->(8,22,24.7538)->(7,22,25.3217)->(6,22,26.0038)->(5,22,27.3217)->(4,22,5013.37)->
Agent 14:(26,8,2.21421)->(25,8,4.81421)->(25,9,7.44264)->(25,10,8.76048)->(25,11,9.44264)->(25,12,10.0105)->(25,13,10.5284)->(25,14,11.0284)->(25,15,11.5284)->(25,16,12.0284)->(25,17,12.5284)->(25,18,13.0284)->(25,19,13.5284)->(25,20,14.0284)->(25,21,14.5464)->(25,22,15.1142)->(25,23,15.7964)->(25,24,17.1142)->(25,25,19.3284)->(24,25,22.1284)->(23,25,5011.06)->
Agent 15:(23,28,2.96795)->(23,27,5.35011)->(23,26,6.66795)->(23,25,7.35011)->(23,24,7.91795)->(23,23,8.4359)->(23,22,8.9359)->(23,21,9.4359)->(23,20,9.9359)->(23,19,10.4359)->(23,18,10.9359)->(23,17,11.4359)->(23,16,11.9359)->(23,15,12.4359)->(23,14,12.9359)->(23,13,13.4359)->(23,12,13.9359)->(23,11,14.4359)->(23,10,14.9359)->(23,9,15.4359)->(23,8,15.9538)->(23,7,16.5217)->(23,6,17.2038)->(23,5,18.5217)->(23,4,20.7359)->(22,4,22.9501)->(21,4,24.2679)->(20,4,24.9501)->(19,4,25.5179)->(18,4,26.0359)->(17,4,26.5359)->(16,4,27.0359)->(15,4,27.5359)->(14,4,28.0359)->(13,4,28.5359)->(12,4,29.0359)->(11,4,29.5359)->(10,4,30.0359)->(9,4,30.5359)->(8,4,31.0359)->(7,4,31.5359)->(6,4,32.0538)->(5,4,32.6217)->(4,4,33.3038)->(3,4,34.6217)->(2,4,5017.02)->
Agent 16:(24,0,1.8)->(25,0,3.01421)->(26,0,4.33205)->(27,0,5.02382)->(28,0,5.65949)->(29,0,6.35126)->(30,0,7.6691)->(31,0,9.88331)->(31,1,12.0975)->(31,2,13.4154)->(31,3,14.0975)->(31,4,14.6654)->(31,5,15.1833)->(31,6,15.6833)->(31,7,16.1833)->(31,8,16.6833)->(31,9,17.1833)->(31,10,17.6833)->(31,11,18.1833)->(31,12,18.6833)->(31,13,19.1833)->(31,14,19.6833)->(31,15,20.1833)->(31,16,20.6833)->(31,17,21.2013)->(31,18,21.7691)->(31,19,22.4513)->(31,20,23.7691)->(31,21,5011.59)->
Agent 17:(12,11,1.3)->(12,12,2.01421)->(12,13,3.33205)->(12,14,4.01421)->(12,15,4.6)->(12,16,5.18579)->(12,17,5.86795)->(12,18,7.18579)->(12,19,9.81421)->(13,19,18.3822)->(13,20,26.5643)->(13,21,5013.28)->
Agent 18:(28,5,1.3)->(28,6,2.01421)->(28,7,3.34806)->(28,8,4.17649)->(28,9,5.51034)->(28,10,8.18023)->(27,10,10.8501)->(26,10,12.1679)->(25,10,12.8501)->(24,10,13.4179)->(23,10,13.9359)->(22,10,14.4359)->(21,10,14.9359)->(20,10,15.4359)->(19,10,15.9359)->(18,10,16.4538)->(17,10,17.0217)->(16,10,17.7038)->(15,10,19.0217)->(14,10,5009.22)->
Agent 19:(7,12,1.3)->(7,13,2.01421)->(7,14,3.34806)->(7,15,4.17649)->(7,16,5.51034)->(7,17,7.72456)->(6,17,9.93877)->(5,17,11.353)->(4,17,12.7672)->(3,17,5006.09)->
Agent 20:(18,19,1.71421)->(18,20,3.81421)->(17,20,6.44264)->(16,20,7.76048)->(15,20,8.49253)->(14,20,9.22458)->(13,20,10.5424)->(12,20,5004.98)->
Agent 21:(19,19,1.3)->(19,20,2.04949)->(19,21,4.04949)->(19,22,6.29898)->(18,22,8.51319)->(17,22,9.83103)->(16,22,10.5132)->(15,22,11.081)->(14,22,11.6169)->(13,22,12.1848)->(12,22,12.8669)->(11,22,14.1848)->(10,22,16.8132)->(10,21,22.1317)->(10,22,5012.12)->
Agent 22:(17,24,3.43205)->(17,23,6.27832)->(17,22,7.59615)->(17,21,8.27832)->(17,20,8.84615)->(17,19,9.3641)->(17,18,9.88205)->(17,17,10.4499)->(17,16,11.1321)->(17,15,12.4499)->(17,14,14.6641)->(16,14,16.8783)->(15,14,18.1962)->(14,14,18.8783)->(13,14,19.4462)->(12,14,19.9641)->(11,14,20.4641)->(10,14,20.9821)->(9,14,21.5499)->(8,14,22.2321)->(7,14,23.5499)->(6,14,5011.48)->
Agent 23:(26,19,2.2)->(26,18,3.81421)->(26,17,5.13205)->(26,16,5.81421)->(26,15,6.38205)->(26,14,6.9)->(26,13,7.4)->(26,12,7.9)->(26,11,8.4)->(26,10,8.9)->(26,9,9.41795)->(26,8,9.98579)->(26,7,10.6679)->(26,6,11.9858)->(26,5,15.2537)->(25,5,18.5217)->(24,5,19.8395)->(23,5,20.5217)->(22,5,21.0895)->(21,5,21.6075)->(20,5,22.1075)->(19,5,22.6075)->(18,5,23.1075)->(17,5,23.6075)->(16,5,24.1075)->(15,5,24.6075)->(14,5,25.1254)->(13,5,25.6933)->(12,5,26.3754)->(11,5,27.6933)->(10,5,5013.55)->
Agent 24:(4,9,1.3)->(4,10,2.01421)->(4,11,3.33205)->(4,12,4.01421)->(4,13,4.58205)->(4,14,5.1)->(4,15,5.6)->(4,16,6.1)->(4,17,6.6)->(4,18,7.1)->(4,19,7.6)->(4,20,8.1)->(4,21,8.6)->(4,22,9.1)->(4,23,9.61795)->(4,24,10.1858)->(4,25,10.8679)->(4,26,12.1858)->(4,27,14.4)->(5,27,17.2)->(6,27,5008.6)->
Agent 25:(7,28,2.76228)->(7,27,4.93877)->(7,26,6.25661)->(7,25,6.93877)->(7,24,7.50661)->(7,23,8.02456)->(7,22,8.52456)->(7,21,9.02456)->(7,20,9.52456)->(7,19,10.0246)->(7,18,10.5246)->(7,17,11.0246)->(7,16,11.5246)->(7,15,12.0246)->(7,14,12.5246)->(7,13,13.0246)->(7,12,13.5246)->(7,11,14.0246)->(7,10,14.5246)->(7,9,15.0246)->(7,8,15.5246)->(7,7,16.0246)->(7,6,16.5246)->(7,5,17.0246)->(7,4,17.5425)->(7,3,18.1103)->(7,2,18.7925)->(7,1,20.1103)->(7,0,22.3246)->(8,0,24.5388)->(9,0,25.8566)->(10,0,26.5388)->(11,0,27.1066)->(12,0,27.6246)->(13,0,28.1246)->(14,0,28.6246)->(15,0,29.1246)->(16,0,29.6425)->(17,0,30.2103)->(18,0,30.8925)->(19,0,32.2103)->(20,0,5015.81)->
Agent 26:(7,11,2.38579)->(7,10,4.18579)->(7,9,5.6)->(7,8,7.01421)->(7,7,9.22843)->(6,7,11.4426)->(5,7,12.7605)->(4,7,13.4522)->(3,7,14.0879)->(2,7,14.7797)->(1,7,16.0975)->(0,7,5007.76)->
Agent 27:(9,8,2.06795)->(8,8,3.55011)->(7,8,4.86795)->(6,8,5.55011)->(5,8,6.1359)->(4,8,6.72168)->(3,8,7.40385)->(2,8,8.72168)->(1,8,5004.07)->
Agent 28:(2,10,1.8)->(3,10,3.01421)->(4,10,4.33205)->(5,10,5.01421)->(6,10,5.58205)->(7,10,6.1)->(8,10,6.6)->(9,10,7.1)->(10,10,7.6)->(11,10,8.11795)->(12,10,8.68579)->(13,10,9.36795)->(14,10,10.6858)->(15,10,12.9)->(15,9,15.1142)->(15,8,16.5284)->(15,7,17.9426)->(15,6,5008.68)->
Agent 29:(18,3,1.3)->(18,4,2.01421)->(18,5,3.33205)->(18,6,4.0641)->(18,7,4.79615)->(18,8,6.11399)->(18,9,8.3282)->(19,9,10.5777)->(20,9,12.5777)->(21,9,15.2414)->(21,10,5007.81)->
