Agent 0:(1,12,2.2)->(1,11,3.81421)->(1,10,5.22843)->(1,9,6.64264)->(1,8,16.2063)->(2,8,25.77)->(3,8,27.0879)->(4,8,27.77)->(5,8,28.3379)->(6,8,28.8558)->(7,8,29.3558)->(8,8,29.8558)->(9,8,30.3558)->(10,8,30.8558)->(11,8,31.3558)->(12,8,31.8558)->(13,8,32.3558)->(14,8,32.8558)->(15,8,33.3558)->(16,8,33.8558)->(17,8,34.3558)->(18,8,34.8558)->(19,8,35.3738)->(20,8,35.9416)->(21,8,36.6238)->(22,8,37.9416)->(23,8,5018.68)->
Agent 1:(15,5,1.8)->(16,5,3.6)->(17,5,5001.8)->
Agent 2:(23,25,1.3)->(23,26,2.04949)->(23,27,4.04949)->(23,28,6.29898)->(22,28,8.51319)->(21,28,9.83103)->(20,28,10.5132)->(19,28,11.081)->(18,28,11.599)->(17,28,12.099)->(16,28,12.599)->(15,28,13.099)->(14,28,13.599)->(13,28,14.099)->(12,28,14.599)->(11,28,15.099)->(10,28,15.599)->(9,28,16.099)->(8,28,16.599)->(7,28,17.099)->(6,28,17.599)->(5,28,18.099)->(4,28,18.6169)->(3,28,19.1848)->(2,28,19.8669)->(1,28,21.1848)->(0,28,5010.3)->
Agent 3:(5,14,1.3)->(5,15,2.01421)->(5,16,3.33205)->(5,17,4.01421)->(5,18,4.58205)->(5,19,5.1)->(5,20,5.6)->(5,21,6.1)->(5,22,6.6)->(5,23,7.1)->(5,24,7.6)->(5,25,8.1)->(5,26,8.6)->(5,27,9.11795)->(5,28,9.68579)->(5,29,10.3679)->(5,30,11.6858)->(5,31,13.9)->(6,31,16.1142)->(7,31,17.4321)->(8,31,18.1142)->(9,31,18.6821)->(10,31,19.2)->(11,31,19.7)->(12,31,20.2)->(13,31,20.7)->(14,31,21.2)->(15,31,21.7)->(16,31,22.2)->(17,31,22.7)->(18,31,23.2)->(19,31,23.7)->(20,31,24.2)->(21,31,24.7)->(22,31,25.2)->(23,31,25.7179)->(24,31,26.2858)->(25,31,26.9679)->(26,31,28.2858)->(27,31,5013.85)->
Agent 4:(3,0,1.8)->(4,0,3.01421)->(5,0,4.33205)->(6,0,5.01421)->(7,0,5.58205)->(8,0,6.1)->(9,0,6.6)->(10,0,7.1)->(11,0,7.6)->(12,0,8.1)->(13,0,8.6)->(14,0,9.1)->(15,0,9.6)->(16,0,10.1)->(17,0,10.6)->(18,0,11.1)->(19,0,11.6)->(20,0,12.1)->(21,0,12.6)->(22,0,13.1)->(23,0,13.6)->(24,0,14.1179)->(25,0,14.6858)->(26,0,15.3679)->(27,0,16.6858)->(28,0,5008.05)->
Agent 5:(11,29,2.2)->(11,28,3.81421)->(11,27,5.13205)->(11,26,5.81421)->(11,25,6.38205)->(11,24,6.9)->(11,23,7.4)->(11,22,7.9)->(11,21,8.4)->(11,20,8.9)->(11,19,9.4)->(11,18,9.9)->(11,17,10.4)->(11,16,10.9)->(11,15,11.4)->(11,14,11.9)->(11,13,12.4)->(11,12,12.9)->(11,11,13.4179)->(11,10,13.9858)->(11,9,14.6679)->(11,8,15.9858)->(11,7,18.2)->(12,7,20.4142)->(13,7,21.7321)->(14,7,22.4142)->(15,7,22.9821)->(16,7,23.5)->(17,7,24)->(18,7,24.5179)->(19,7,25.0858)->(20,7,25.7679)->(21,7,27.0858)->(22,7,34.3421)->(22,8,5019.68)->
Agent 6:(9,8,14.3)->(9,9,28.0142)->(9,10,29.3321)->(9,11,30.0142)->(9,12,30.5821)->(9,13,31.1)->(9,14,31.6)->(9,15,32.1)->(9,16,32.6)->(9,17,33.1)->(9,18,33.6)->(9,19,34.1)->(9,20,34.6179)->(9,21,35.1858)->(9,22,35.8679)->(9,23,37.1858)->(9,24,5018.3)->
Agent 7:(13,5,1.78205)->(13,6,2.97832)->(13,7,4.29615)->(13,8,4.97832)->(13,9,5.5641)->(13,10,6.14989)->(13,11,6.83205)->(13,12,8.14989)->(13,13,10.3641)->(14,13,12.5783)->(15,13,13.9925)->(16,13,15.4067)->(17,13,19.6388)->(17,14,5010.81)->
Agent 8:(26,26,2.2)->(26,25,3.81421)->(26,24,5.13205)->(26,23,5.81421)->(26,22,6.38205)->(26,21,6.9)->(26,20,7.4)->(26,19,7.9)->(26,18,8.4)->(26,17,8.9)->(26,16,9.4)->(26,15,9.9)->(26,14,10.4)->(26,13,10.9)->(26,12,11.4)->(26,11,11.9)->(26,10,12.4)->(26,9,12.9179)->(26,8,13.4858)->(26,7,14.1679)->(26,6,15.4858)->(26,5,17.7)->(27,5,19.9142)->(28,5,21.2481)->(29,5,22.0765)->(30,5,23.4103)->(31,5,5011.41)->
Agent 9:(29,28,2.2)->(29,27,3.81421)->(29,26,5.13205)->(29,25,5.81421)->(29,24,6.38205)->(29,23,6.9)->(29,22,7.4)->(29,21,7.9)->(29,20,8.4)->(29,19,8.9)->(29,18,9.4)->(29,17,9.9)->(29,16,10.4)->(29,15,10.9)->(29,14,11.4)->(29,13,11.9)->(29,12,12.4)->(29,11,12.9)->(29,10,13.4179)->(29,9,13.9858)->(29,8,14.6679)->(29,7,15.9858)->(29,6,18.4458)->(28,6,20.9057)->(27,6,22.2236)->(26,6,22.9057)->(25,6,23.4736)->(24,6,23.9915)->(23,6,24.4915)->(22,6,24.9915)->(21,6,25.4915)->(20,6,25.9915)->(19,6,26.4915)->(18,6,26.9915)->(17,6,27.4915)->(16,6,27.9915)->(15,6,28.4915)->(14,6,28.9915)->(13,6,29.4915)->(12,6,29.9915)->(11,6,30.4915)->(10,6,30.9915)->(9,6,31.4915)->(8,6,31.9915)->(7,6,32.4915)->(6,6,32.9915)->(5,6,33.4915)->(4,6,34.0095)->(3,6,34.5773)->(2,6,35.2595)->(1,6,36.5773)->(0,6,39.2057)->(0,7,5019.8)->
Agent 10:(9,21,2.2)->(9,20,3.81421)->(9,19,5.13205)->(9,18,5.81421)->(9,17,6.38205)->(9,16,6.9)->(9,15,7.4)->(9,14,7.9)->(9,13,8.41795)->(9,12,8.98579)->(9,11,9.66795)->(9,10,10.9858)->(9,9,13.2)->(10,9,15.4142)->(11,9,16.7321)->(12,9,17.4142)->(13,9,17.9821)->(14,9,18.5179)->(15,9,19.0858)->(16,9,19.7679)->(17,9,21.0858)->(18,9,23.3)->(18,8,26.1)->(18,7,5013.05)->
Agent 11:(26,31,2.2)->(26,30,3.81421)->(26,29,5.13205)->(26,28,5.81421)->(26,27,6.38205)->(26,26,6.91795)->(26,25,7.48579)->(26,24,8.16795)->(26,23,9.48579)->(26,22,11.7)->(25,22,13.9142)->(24,22,15.2321)->(23,22,15.9142)->(22,22,16.4821)->(21,22,17)->(20,22,17.5)->(19,22,18)->(18,22,18.5)->(17,22,19)->(16,22,19.5)->(15,22,20)->(14,22,20.5179)->(13,22,21.0858)->(12,22,21.7679)->(11,22,23.0858)->(10,22,5011.25)->
Agent 12:(3,31,3.46037)->(3,30,6.33495)->(3,29,7.65278)->(3,28,8.33495)->(3,27,8.90278)->(3,26,9.42073)->(3,25,9.92073)->(3,24,10.4207)->(3,23,10.9207)->(3,22,11.4207)->(3,21,11.9207)->(3,20,12.4387)->(3,19,13.0065)->(3,18,13.6887)->(3,17,15.0065)->(3,16,17.6462)->(4,16,20.2858)->(5,16,21.6036)->(6,16,22.2858)->(7,16,22.8536)->(8,16,23.3716)->(9,16,23.8716)->(10,16,24.3716)->(11,16,24.8716)->(12,16,25.3716)->(13,16,25.8716)->(14,16,26.3716)->(15,16,26.8895)->(16,16,27.4574)->(17,16,28.1395)->(18,16,29.4574)->(19,16,5014.44)->
Agent 13:(31,6,2.5641)->(30,6,4.54242)->(29,6,5.86025)->(28,6,6.54242)->(27,6,7.11025)->(26,6,7.6282)->(25,6,8.1282)->(24,6,8.6282)->(23,6,9.1282)->(22,6,9.6282)->(21,6,10.1282)->(20,6,10.6282)->(19,6,11.1282)->(18,6,11.6282)->(17,6,12.1282)->(16,6,12.6282)->(15,6,13.1282)->(14,6,13.6282)->(13,6,14.1282)->(12,6,14.6282)->(11,6,15.1282)->(10,6,15.6282)->(9,6,16.1282)->(8,6,16.6282)->(7,6,17.1462)->(6,6,17.714)->(5,6,18.3962)->(4,6,19.714)->(3,6,23.4741)->(3,7,27.8199)->(3,8,5013.91)->
Agent 14:(15,16,1.3)->(15,17,2.6)->(15,18,5.4)->(16,18,7.61421)->(17,18,8.93205)->(18,18,9.61421)->(19,18,10.1821)->(20,18,10.7)->(21,18,11.2)->(22,18,11.7)->(23,18,12.2)->(24,18,12.7)->(25,18,13.2)->(26,18,13.7)->(27,18,14.2179)->(28,18,14.7858)->(29,18,15.4679)->(30,18,16.7858)->(31,18,5008.1)->
Agent 15:(25,21,3.12792)->(24,21,5.67005)->(23,21,6.98788)->(22,21,7.67005)->(21,21,8.23788)->(20,21,8.75583)->(19,21,9.25583)->(18,21,9.75583)->(17,21,10.2558)->(16,21,10.7558)->(15,21,11.2558)->(14,21,11.7558)->(13,21,12.2558)->(12,21,12.7558)->(11,21,13.2558)->(10,21,13.7738)->(9,21,14.3416)->(8,21,15.0238)->(7,21,16.3416)->(6,21,18.5558)->(6,20,20.77)->(6,19,22.0879)->(6,18,22.77)->(6,17,23.3379)->(6,16,23.8558)->(6,15,24.3558)->(6,14,24.8558)->(6,13,25.3558)->(6,12,25.8558)->(6,11,26.3558)->(6,10,26.8558)->(6,9,27.3558)->(6,8,27.8558)->(6,7,28.3558)->(6,6,28.8558)->(6,5,29.3738)->(6,4,29.9416)->(6,3,30.6238)->(6,2,31.9416)->(6,1,5015.68)->
Agent 16:(15,30,2.55)->(15,29,4.51421)->(15,28,5.83205)->(15,27,6.51421)->(15,26,7.08205)->(15,25,7.6)->(15,24,8.1)->(15,23,8.6)->(15,22,9.1)->(15,21,9.6)->(15,20,10.1)->(15,19,10.6)->(15,18,11.1179)->(15,17,11.6858)->(15,16,12.3679)->(15,15,13.6858)->(15,14,15.9)->(16,14,18.1142)->(17,14,19.4321)->(18,14,20.1238)->(19,14,20.7595)->(20,14,21.4513)->(21,14,22.7691)->(22,14,5011.09)->
Agent 17:(1,21,1.8)->(2,21,3.6)->(3,21,7.27832)->(3,20,10.3708)->(3,19,11.6887)->(3,18,12.3708)->(3,17,12.9387)->(3,16,13.4566)->(3,15,13.9566)->(3,14,14.4566)->(3,13,14.9566)->(3,12,15.4566)->(3,11,15.9566)->(3,10,16.4566)->(3,9,16.9566)->(3,8,17.4566)->(3,7,17.9746)->(3,6,18.5424)->(3,5,19.2246)->(3,4,20.5424)->(3,3,5009.98)->
Agent 18:(2,7,1.3)->(2,8,2.01421)->(2,9,3.33205)->(2,10,4.02382)->(2,11,4.65949)->(2,12,5.35126)->(2,13,6.6691)->(2,14,9.60576)->(3,14,12.5424)->(4,14,13.8603)->(5,14,14.5424)->(6,14,15.1103)->(7,14,15.6282)->(8,14,16.1282)->(9,14,16.6282)->(10,14,17.1282)->(11,14,17.6282)->(12,14,18.1282)->(13,14,18.6282)->(14,14,19.1282)->(15,14,19.6462)->(16,14,20.214)->(17,14,20.8962)->(18,14,22.214)->(19,14,5010.81)->
Agent 19:(20,27,2.2)->(20,26,3.81421)->(20,25,5.13205)->(20,24,5.81421)->(20,23,6.38205)->(20,22,6.9)->(20,21,7.4)->(20,20,7.9)->(20,19,8.4)->(20,18,8.9)->(20,17,9.41795)->(20,16,9.98579)->(20,15,10.6679)->(20,14,11.9858)->(20,13,17.5141)->(19,13,23.0424)->(18,13,24.3603)->(17,13,25.0424)->(16,13,25.6103)->(15,13,26.1282)->(14,13,26.6282)->(13,13,27.1282)->(12,13,27.6282)->(11,13,28.1282)->(10,13,28.6282)->(9,13,29.1282)->(8,13,29.6282)->(7,13,30.1282)->(6,13,30.6282)->(5,13,31.1462)->(4,13,31.714)->(3,13,32.3962)->(2,13,33.714)->(1,13,5016.56)->
Agent 20:(13,24,2.69575)->(14,24,4.80572)->(15,24,6.12356)->(16,24,6.80572)->(17,24,7.39151)->(18,24,7.97729)->(19,24,8.65946)->(20,24,9.97729)->(21,24,12.1915)->(21,23,14.4057)->(21,22,15.7236)->(21,21,16.4057)->(21,20,16.9736)->(21,19,17.4915)->(21,18,17.9915)->(21,17,18.4915)->(21,16,18.9915)->(21,15,19.4915)->(21,14,19.9915)->(21,13,20.4915)->(21,12,20.9915)->(21,11,21.4915)->(21,10,21.9915)->(21,9,22.4915)->(21,8,23.0095)->(21,7,23.5773)->(21,6,24.2595)->(21,5,25.5773)->(21,4,5012.5)->
Agent 21:(2,15,5.62832)->(3,15,10.6708)->(4,15,11.9887)->(5,15,12.6708)->(6,15,13.2387)->(7,15,13.7566)->(8,15,14.2566)->(9,15,14.7746)->(10,15,15.3424)->(11,15,16.0246)->(12,15,17.3424)->(13,15,5008.38)->
Agent 22:(16,29,2.2)->(16,28,3.84949)->(16,27,5.84949)->(16,26,8.09898)->(15,26,10.3132)->(14,26,11.631)->(13,26,12.3132)->(12,26,12.881)->(11,26,13.399)->(10,26,13.899)->(9,26,14.399)->(8,26,14.899)->(7,26,15.399)->(6,26,15.899)->(5,26,16.4169)->(4,26,16.9848)->(3,26,17.6669)->(2,26,18.9848)->(1,26,5009.2)->
Agent 23:(25,28,2.2)->(25,27,3.81421)->(25,26,5.13205)->(25,25,5.81421)->(25,24,6.38205)->(25,23,6.9)->(25,22,7.4)->(25,21,7.9)->(25,20,8.4)->(25,19,8.9)->(25,18,9.41795)->(25,17,9.98579)->(25,16,10.6679)->(25,15,11.9858)->(25,14,14.2)->(26,14,17)->(27,14,5008.5)->
Agent 24:(0,12,2.2)->(0,11,3.81421)->(0,10,5.13205)->(0,9,5.81421)->(0,8,6.38205)->(0,7,6.9)->(0,6,7.4)->(0,5,7.9)->(0,4,8.41795)->(0,3,8.98579)->(0,2,9.66795)->(0,1,10.9858)->(0,0,13.2)->(1,0,15.4142)->(2,0,16.7321)->(3,0,17.4142)->(4,0,17.9821)->(5,0,18.5)->(6,0,19)->(7,0,19.5)->(8,0,20)->(9,0,20.5)->(10,0,21)->(11,0,21.5)->(12,0,22)->(13,0,22.5)->(14,0,23)->(15,0,23.5)->(16,0,24)->(17,0,24.5)->(18,0,25)->(19,0,25.5)->(20,0,26)->(21,0,26.5)->(22,0,27)->(23,0,27.5179)->(24,0,28.0858)->(25,0,28.7679)->(26,0,30.0858)->(27,0,32.7142)->(27,1,36.3142)->(28,1,39.5284)->(29,1,42.7426)->(29,0,5021.56)->
Agent 25:(25,4,6.25)->(25,5,11.9142)->(25,6,13.2321)->(25,7,13.9142)->(25,8,14.4821)->(25,9,15)->(25,10,15.5)->(25,11,16)->(25,12,16.5)->(25,13,17)->(25,14,17.5)->(25,15,18)->(25,16,18.5)->(25,17,19)->(25,18,19.5)->(25,19,20)->(25,20,20.5179)->(25,21,21.0858)->(25,22,21.7679)->(25,23,23.0858)->(25,24,25.3)->(24,24,27.5142)->(23,24,28.8321)->(22,24,29.5142)->(21,24,30.0821)->(20,24,30.6)->(19,24,31.1)->(18,24,31.6)->(17,24,32.1)->(16,24,32.6)->(15,24,33.1)->(14,24,33.6)->(13,24,34.1)->(12,24,34.6)->(11,24,35.1)->(10,24,35.6)->(9,24,36.1)->(8,24,36.6)->(7,24,37.1)->(6,24,37.6)->(5,24,38.1179)->(4,24,38.6858)->(3,24,39.3679)->(2,24,40.6858)->(1,24,5020.05)->
Agent 26:(13,1,3.83205)->(13,2,7.07832)->(13,3,8.39615)->(13,4,9.07832)->(13,5,9.64615)->(13,6,10.1641)->(13,7,10.6641)->(13,8,11.1641)->(13,9,11.6641)->(13,10,12.1641)->(13,11,12.6641)->(13,12,13.1641)->(13,13,13.6641)->(13,14,14.1641)->(13,15,14.6641)->(13,16,15.1641)->(13,17,15.6641)->(13,18,16.1641)->(13,19,16.6641)->(13,20,17.1641)->(13,21,17.6641)->(13,22,18.1641)->(13,23,18.6641)->(13,24,19.1821)->(13,25,19.7499)->(13,26,20.4321)->(13,27,21.7499)->(13,28,23.9641)->(12,28,26.1783)->(11,28,27.4962)->(10,28,28.1783)->(9,28,28.7462)->(8,28,29.2821)->(7,28,29.8499)->(6,28,30.5321)->(5,28,31.8499)->(4,28,5015.63)->
Agent 27:(22,7,1.3)->(22,8,2.01421)->(22,9,3.33205)->(22,10,4.01421)->(22,11,4.58205)->(22,12,5.1)->(22,13,5.6)->(22,14,6.1)->(22,15,6.6)->(22,16,7.1)->(22,17,7.6)->(22,18,8.1)->(22,19,8.6)->(22,20,9.1)->(22,21,9.6)->(22,22,10.1179)->(22,23,10.6858)->(22,24,11.3679)->(22,25,12.6858)->(22,26,14.9)->(23,26,17.1142)->(24,26,18.4321)->(25,26,19.1641)->(26,26,19.8962)->(27,26,21.214)->(28,26,5010.31)->
Agent 28:(21,20,3.44575)->(21,21,6.30572)->(21,22,7.62356)->(21,23,8.30572)->(21,24,8.87356)->(21,25,9.40946)->(21,26,9.97729)->(21,27,10.6595)->(21,28,11.9773)->(21,29,14.1915)->(20,29,16.4057)->(19,29,17.7236)->(18,29,18.4057)->(17,29,18.9736)->(16,29,19.4915)->(15,29,19.9915)->(14,29,20.4915)->(13,29,20.9915)->(12,29,21.4915)->(11,29,21.9915)->(10,29,22.4915)->(9,29,23.0095)->(8,29,23.5773)->(7,29,24.2595)->(6,29,25.5773)->(5,29,5012.5)->
Agent 29:(17,11,1.8)->(16,11,3.01421)->(15,11,4.33205)->(14,11,5.01421)->(13,11,5.58205)->(12,11,6.1)->(11,11,6.6)->(10,11,7.1)->(9,11,7.6)->(8,11,8.1)->(7,11,8.6)->(6,11,9.1)->(5,11,9.6)->(4,11,10.1179)->(3,11,10.6858)->(2,11,11.3679)->(1,11,12.6858)->(0,11,14.9)->(0,12,17.1495)->(0,13,19.1495)->(0,14,5009.3)->
