Agent 0:(12,8,1.3)->(12,9,2.01421)->(12,10,3.42843)->(12,11,4.84264)->(12,12,7.05685)->(13,12,9.27107)->(14,12,10.5889)->(15,12,11.2711)->(16,12,11.8389)->(17,12,12.3569)->(18,12,12.8569)->(19,12,13.3569)->(20,12,13.8569)->(21,12,14.3569)->(22,12,14.8569)->(23,12,15.3569)->(24,12,15.8569)->(25,12,16.3748)->(26,12,16.9426)->(27,12,17.6248)->(28,12,18.9426)->(29,12,5009.18)->
Agent 1:(13,19,3.12744)->(13,20,5.70438)->(13,21,7.70438)->(13,22,13.3411)->(14,22,5008.35)->
Agent 2:(4,29,2.55)->(4,28,4.51421)->(4,27,5.83205)->(4,26,6.51421)->(4,25,7.08205)->(4,24,7.6)->(4,23,8.1)->(4,22,8.6)->(4,21,9.1)->(4,20,9.6)->(4,19,10.1)->(4,18,10.6)->(4,17,11.1)->(4,16,11.6)->(4,15,12.1)->(4,14,12.6)->(4,13,13.1)->(4,12,13.6)->(4,11,14.1)->(4,10,14.6)->(4,9,15.1)->(4,8,15.6179)->(4,7,16.1858)->(4,6,16.8679)->(4,5,18.1858)->(4,4,20.4)->(5,4,22.6142)->(6,4,24.0284)->(7,4,25.4426)->(8,4,5012.43)->
Agent 3:(17,21,1.8)->(16,21,3.01421)->(15,21,4.33205)->(14,21,5.02382)->(13,21,5.65949)->(12,21,6.35126)->(11,21,7.6691)->(10,21,10.2975)->(10,20,17.8559)->(10,21,5011.1)->
Agent 4:(15,0,2.06795)->(15,1,3.55011)->(15,2,4.86795)->(15,3,5.55011)->(15,4,6.11795)->(15,5,6.6359)->(15,6,7.1359)->(15,7,7.6359)->(15,8,8.1359)->(15,9,8.6359)->(15,10,9.1359)->(15,11,9.6359)->(15,12,10.1359)->(15,13,10.6359)->(15,14,11.1359)->(15,15,11.6359)->(15,16,12.1359)->(15,17,12.6359)->(15,18,13.1359)->(15,19,13.6359)->(15,20,14.1359)->(15,21,14.6359)->(15,22,15.1359)->(15,23,15.6359)->(15,24,16.1538)->(15,25,16.7217)->(15,26,17.4038)->(15,27,18.7217)->(15,28,20.9359)->(14,28,23.1501)->(13,28,24.4679)->(12,28,25.1501)->(11,28,25.7179)->(10,28,26.2359)->(9,28,26.7538)->(8,28,27.3217)->(7,28,28.0038)->(6,28,29.3217)->(5,28,5014.37)->
Agent 5:(14,31,5.85)->(14,30,11.1142)->(14,29,12.4321)->(14,28,13.1142)->(14,27,13.6821)->(14,26,14.2)->(14,25,14.7)->(14,24,15.2)->(14,23,15.7)->(14,22,16.2)->(14,21,16.7)->(14,20,17.2179)->(14,19,17.7858)->(14,18,18.4679)->(14,17,19.7858)->(14,16,22)->(15,16,24.2142)->(16,16,25.5321)->(17,16,26.2142)->(18,16,26.7821)->(19,16,27.3)->(20,16,27.8)->(21,16,28.3)->(22,16,28.8)->(23,16,29.3)->(24,16,29.8)->(25,16,30.3179)->(26,16,30.8858)->(27,16,31.5679)->(28,16,32.8858)->(29,16,5016.15)->
Agent 6:(30,21,2.2)->(30,20,3.81421)->(30,19,5.13205)->(30,18,5.81421)->(30,17,6.38205)->(30,16,6.9)->(30,15,7.4)->(30,14,7.9)->(30,13,8.4)->(30,12,8.9)->(30,11,9.4)->(30,10,9.91795)->(30,9,10.4858)->(30,8,11.1679)->(30,7,12.4858)->(30,6,14.7)->(29,6,16.9142)->(28,6,18.2321)->(27,6,18.9142)->(26,6,19.4821)->(25,6,20)->(24,6,20.5)->(23,6,21)->(22,6,21.5)->(21,6,22)->(20,6,22.5)->(19,6,23)->(18,6,23.5)->(17,6,24)->(16,6,24.5)->(15,6,25.0179)->(14,6,25.5858)->(13,6,26.2679)->(12,6,27.5858)->(11,6,5013.5)->
Agent 7:(24,30,2.2)->(24,29,4.4)->(24,28,7.2)->(25,28,9.44949)->(26,28,11.4495)->(27,28,5005.45)->
Agent 8:(30,26,2.2)->(30,25,3.81421)->(30,24,5.22843)->(30,23,6.64264)->(30,22,8.85685)->(29,22,11.0711)->(28,22,12.3889)->(27,22,13.0711)->(26,22,13.6389)->(25,22,14.1748)->(24,22,14.7426)->(23,22,15.4248)->(22,22,16.7426)->(21,22,5008.08)->
Agent 9:(18,4,1.8)->(17,4,3.01421)->(16,4,4.33205)->(15,4,5.01421)->(14,4,5.58205)->(13,4,6.1)->(12,4,6.6)->(11,4,7.11795)->(10,4,7.68579)->(9,4,8.36795)->(8,4,9.68579)->(7,4,12.5917)->(7,5,15.4975)->(7,6,16.8154)->(7,7,17.4975)->(7,8,18.0654)->(7,9,18.5833)->(7,10,19.0833)->(7,11,19.5833)->(7,12,20.0833)->(7,13,20.5833)->(7,14,21.1013)->(7,15,21.6691)->(7,16,22.3513)->(7,17,23.6691)->(7,18,5011.54)->
Agent 10:(6,5,1.3)->(6,6,2.01421)->(6,7,3.33205)->(6,8,4.01421)->(6,9,4.58205)->(6,10,5.1)->(6,11,5.6)->(6,12,6.1)->(6,13,6.6)->(6,14,7.1)->(6,15,7.6)->(6,16,8.1)->(6,17,8.61795)->(6,18,9.18579)->(6,19,9.86795)->(6,20,11.1858)->(6,21,13.4)->(5,21,15.6495)->(4,21,17.6495)->(3,21,5008.55)->
Agent 11:(17,15,2.2)->(17,14,3.81421)->(17,13,5.13205)->(17,12,5.81421)->(17,11,6.4)->(17,10,6.98579)->(17,9,7.66795)->(17,8,8.98579)->(17,7,11.2)->(16,7,13.4142)->(15,7,14.7321)->(14,7,15.4641)->(13,7,16.1962)->(12,7,17.514)->(11,7,5008.46)->
Agent 12:(5,9,1.3)->(5,10,2.01421)->(5,11,3.42843)->(5,12,4.84264)->(5,13,7.05685)->(6,13,9.27107)->(7,13,10.5889)->(8,13,11.321)->(9,13,12.053)->(10,13,13.3708)->(11,13,5006.39)->
Agent 13:(17,20,2.2)->(17,19,3.81421)->(17,18,5.13205)->(17,17,5.81421)->(17,16,6.38205)->(17,15,6.91795)->(17,14,7.48579)->(17,13,8.16795)->(17,12,9.48579)->(17,11,13.8637)->(16,11,18.2416)->(15,11,19.5595)->(14,11,20.2416)->(13,11,20.8095)->(12,11,21.3274)->(11,11,21.8274)->(10,11,22.3274)->(9,11,22.8274)->(8,11,23.3454)->(7,11,23.9132)->(6,11,24.5954)->(5,11,25.9132)->(4,11,5012.66)->
Agent 14:(0,27,2.2)->(0,26,3.81421)->(0,25,5.13205)->(0,24,5.81421)->(0,23,6.38205)->(0,22,6.9)->(0,21,7.4)->(0,20,7.9)->(0,19,8.4)->(0,18,8.9)->(0,17,9.4)->(0,16,9.9)->(0,15,10.4)->(0,14,10.9)->(0,13,11.4)->(0,12,11.9179)->(0,11,12.4858)->(0,10,13.1679)->(0,9,14.4858)->(0,8,16.7)->(1,8,18.9142)->(2,8,20.2321)->(3,8,20.9142)->(4,8,21.4821)->(5,8,22)->(6,8,22.5)->(7,8,23)->(8,8,23.5)->(9,8,24)->(10,8,24.5)->(11,8,25)->(12,8,25.5)->(13,8,26)->(14,8,26.5)->(15,8,27)->(16,8,27.5)->(17,8,28)->(18,8,28.5179)->(19,8,29.0858)->(20,8,29.7679)->(21,8,31.0858)->(22,8,5015.25)->
Agent 15:(3,24,2.2)->(3,23,3.81421)->(3,22,5.13205)->(3,21,5.82382)->(3,20,6.45949)->(3,19,7.15126)->(3,18,8.4691)->(3,17,10.7417)->(4,17,13.0142)->(5,17,14.3321)->(6,17,15.0641)->(7,17,15.7962)->(8,17,17.114)->(9,17,5008.26)->
Agent 16:(13,16,2.8)->(12,16,5.01421)->(11,16,6.33205)->(10,16,7.01421)->(9,16,7.58205)->(8,16,8.1)->(7,16,8.6)->(6,16,9.11795)->(5,16,9.68579)->(4,16,10.3679)->(3,16,11.6858)->(2,16,5005.55)->
Agent 17:(3,22,2.2)->(3,21,3.81421)->(3,20,5.13205)->(3,19,5.81421)->(3,18,6.38205)->(3,17,6.9)->(3,16,7.4)->(3,15,7.9)->(3,14,8.4)->(3,13,8.9)->(3,12,9.4)->(3,11,9.9)->(3,10,10.4)->(3,9,10.9)->(3,8,11.4)->(3,7,11.9)->(3,6,12.4)->(3,5,12.9179)->(3,4,13.4858)->(3,3,14.1679)->(3,2,15.4858)->(3,1,19.2426)->(4,1,22.9995)->(5,1,24.3173)->(6,1,24.9995)->(7,1,25.5673)->(8,1,26.0853)->(9,1,26.5853)->(10,1,27.0853)->(11,1,27.5853)->(12,1,28.0853)->(13,1,28.5853)->(14,1,29.0853)->(15,1,29.5853)->(16,1,30.0853)->(17,1,30.5853)->(18,1,31.1032)->(19,1,31.6711)->(20,1,32.3532)->(21,1,33.6711)->(22,1,5016.54)->
Agent 18:(28,5,1.3)->(28,6,2.01421)->(28,7,3.33205)->(28,8,4.01421)->(28,9,4.58205)->(28,10,5.11795)->(28,11,5.68579)->(28,12,6.36795)->(28,13,7.68579)->(28,14,9.9)->(27,14,12.1142)->(26,14,13.4481)->(25,14,14.2765)->(24,14,15.6103)->(23,14,5007.51)->
Agent 19:(16,17,2.2)->(16,16,3.81421)->(16,15,5.13205)->(16,14,5.81421)->(16,13,6.4)->(16,12,6.98579)->(16,11,7.66795)->(16,10,8.98579)->(16,9,11.6142)->(17,9,5006)->
Agent 20:(2,17,2.2)->(2,16,3.81421)->(2,15,5.13205)->(2,14,5.82382)->(2,13,6.45949)->(2,12,7.15126)->(2,11,8.4691)->(2,10,11.4917)->(3,10,14.5142)->(4,10,15.8321)->(5,10,16.5238)->(6,10,17.1595)->(7,10,17.8513)->(8,10,19.1691)->(9,10,5009.29)->
Agent 21:(14,11,1.3)->(14,12,2.01421)->(14,13,3.33205)->(14,14,4.01421)->(14,15,4.58205)->(14,16,5.1)->(14,17,5.6)->(14,18,6.1)->(14,19,6.6)->(14,20,7.11795)->(14,21,7.68579)->(14,22,8.36795)->(14,23,9.68579)->(14,24,11.9)->(15,24,14.1142)->(16,24,15.4321)->(17,24,16.1142)->(18,24,16.6821)->(19,24,17.2)->(20,24,17.7)->(21,24,18.2)->(22,24,18.7)->(23,24,19.2)->(24,24,19.7)->(25,24,20.2)->(26,24,20.7179)->(27,24,21.2858)->(28,24,21.9679)->(29,24,23.2858)->(30,24,25.9142)->(30,25,5013.15)->
Agent 22:(20,14,1.3)->(20,15,2.01421)->(20,16,3.33205)->(20,17,4.01421)->(20,18,4.58205)->(20,19,5.1)->(20,20,5.6)->(20,21,6.11795)->(20,22,6.68579)->(20,23,7.36795)->(20,24,8.68579)->(20,25,11.7037)->(19,25,14.7217)->(18,25,16.0395)->(17,25,16.7217)->(16,25,17.2895)->(15,25,17.8075)->(14,25,18.3254)->(13,25,18.8933)->(12,25,19.5754)->(11,25,20.8933)->(10,25,5010.15)->
Agent 23:(23,27,2.2)->(23,26,3.81421)->(23,25,5.13205)->(23,24,5.8641)->(23,23,6.59615)->(23,22,7.91399)->(23,21,10.2641)->(22,21,12.6142)->(21,21,13.9321)->(20,21,14.6142)->(19,21,15.1821)->(18,21,15.7)->(17,21,16.2)->(16,21,16.7)->(15,21,17.2)->(14,21,17.7)->(13,21,18.2179)->(12,21,18.7858)->(11,21,19.4679)->(10,21,20.7858)->(9,21,5010.1)->
Agent 24:(21,16,2.2)->(21,15,3.81421)->(21,14,5.13205)->(21,13,5.81421)->(21,12,6.38205)->(21,11,6.9)->(21,10,7.4)->(21,9,7.9)->(21,8,8.4)->(21,7,8.9)->(21,6,9.4)->(21,5,9.9)->(21,4,10.4179)->(21,3,10.9858)->(21,2,11.6679)->(21,1,12.9858)->(21,0,15.2)->(20,0,17.4142)->(19,0,18.7481)->(18,0,19.5765)->(17,0,20.9103)->(16,0,5010.16)->
Agent 25:(18,27,3.17843)->(18,26,5.77107)->(18,25,7.08891)->(18,24,7.77107)->(18,23,8.33891)->(18,22,8.85685)->(18,21,9.35685)->(18,20,9.85685)->(18,19,10.3569)->(18,18,10.8569)->(18,17,11.3569)->(18,16,11.8569)->(18,15,12.3569)->(18,14,12.8569)->(18,13,13.3569)->(18,12,13.8569)->(18,11,14.3569)->(18,10,14.8569)->(18,9,15.3569)->(18,8,15.8748)->(18,7,16.4426)->(18,6,17.1248)->(18,5,18.4426)->(18,4,20.6569)->(17,4,22.8711)->(16,4,24.1889)->(15,4,24.8711)->(14,4,25.4569)->(13,4,26.0426)->(12,4,26.7248)->(11,4,28.0426)->(10,4,5013.73)->
Agent 26:(18,22,2.2)->(18,21,3.81421)->(18,20,5.13205)->(18,19,5.81421)->(18,18,6.38205)->(18,17,6.9)->(18,16,7.4)->(18,15,7.9)->(18,14,8.4)->(18,13,8.9)->(18,12,9.4)->(18,11,9.9)->(18,10,10.4)->(18,9,10.9)->(18,8,11.4)->(18,7,11.9)->(18,6,12.4)->(18,5,12.9179)->(18,4,13.4858)->(18,3,14.1679)->(18,2,15.4858)->(18,1,17.7)->(17,1,19.9142)->(16,1,21.3284)->(15,1,22.7426)->(14,1,25.3711)->(14,0,5012.88)->
Agent 27:(13,3,5.26421)->(13,4,9.94264)->(13,5,11.2605)->(13,6,11.9426)->(13,7,12.5105)->(13,8,13.0284)->(13,9,13.5284)->(13,10,14.0284)->(13,11,14.5284)->(13,12,15.0284)->(13,13,15.5284)->(13,14,16.0284)->(13,15,16.5284)->(13,16,17.0284)->(13,17,17.5284)->(13,18,18.0284)->(13,19,18.5284)->(13,20,19.0284)->(13,21,19.5284)->(13,22,20.0284)->(13,23,20.5464)->(13,24,21.1142)->(13,25,21.7964)->(13,26,23.1142)->(13,27,25.3284)->(14,27,27.5426)->(15,27,28.8605)->(16,27,29.5426)->(17,27,30.1284)->(18,27,30.7142)->(19,27,31.3964)->(20,27,32.7142)->(21,27,5016.06)->
Agent 28:(7,28,2.2)->(7,27,3.81421)->(7,26,5.13205)->(7,25,5.81421)->(7,24,6.38205)->(7,23,6.9)->(7,22,7.4)->(7,21,7.9)->(7,20,8.4)->(7,19,8.9)->(7,18,9.4)->(7,17,9.9)->(7,16,10.4179)->(7,15,10.9858)->(7,14,11.6679)->(7,13,12.9858)->(7,12,15.2)->(6,12,17.4495)->(5,12,19.4495)->(4,12,21.699)->(4,11,23.9132)->(4,10,25.231)->(4,9,25.9132)->(4,8,26.499)->(4,7,27.0848)->(4,6,27.7669)->(4,5,29.0848)->(4,4,5014.25)->
Agent 29:(12,29,1.8)->(13,29,3.01421)->(14,29,4.33205)->(15,29,5.01421)->(16,29,5.58205)->(17,29,6.1)->(18,29,6.6)->(19,29,7.1)->(20,29,7.6)->(21,29,8.1)->(22,29,8.6)->(23,29,9.1)->(24,29,9.6)->(25,29,10.1179)->(26,29,10.6858)->(27,29,11.3679)->(28,29,12.6858)->(29,29,15.3142)->(29,28,5007.85)->
