Agent 0:(5,14,1.3)->(5,15,2.6)->(5,16,6.4)->(6,16,9.61421)->(7,16,10.9321)->(8,16,11.6142)->(9,16,12.1821)->(10,16,12.7)->(11,16,13.2)->(12,16,13.7)->(13,16,14.2)->(14,16,14.7)->(15,16,15.2)->(16,16,15.7)->(17,16,16.2)->(18,16,16.7)->(19,16,17.2)->(20,16,17.7)->(21,16,18.2)->(22,16,18.7179)->(23,16,19.2858)->(24,16,19.9679)->(25,16,21.2858)->(26,16,5010.35)->
Agent 1:(26,6,1.4142)->(26,7,2.24261)->(26,8,3.56045)->(26,9,4.25222)->(26,10,4.88789)->(26,11,5.57966)->(26,12,6.8975)->(26,13,9.11171)->(27,13,11.3259)->(28,13,12.6598)->(29,13,13.4882)->(30,13,14.8221)->(31,13,20.7861)->(30,13,27.3359)->(29,13,5013.67)->
Agent 2:(0,21,1.8)->(1,21,3.01421)->(2,21,4.33205)->(3,21,5.01421)->(4,21,5.58205)->(5,21,6.11795)->(6,21,6.68579)->(7,21,7.36795)->(8,21,8.68579)->(9,21,10.9)->(9,22,13.1142)->(9,23,14.4321)->(9,24,15.1142)->(9,25,15.6821)->(9,26,16.2179)->(9,27,16.7858)->(9,28,17.4679)->(9,29,18.7858)->(9,30,5009.1)->
Agent 3:(27,26,2.2)->(27,25,3.81421)->(27,24,5.13205)->(27,23,5.81421)->(27,22,6.38205)->(27,21,6.9)->(27,20,7.4)->(27,19,7.9)->(27,18,8.41795)->(27,17,8.98579)->(27,16,9.66795)->(27,15,10.9858)->(27,14,19.1858)->(28,14,27.9716)->(29,14,5013.99)->
Agent 4:(9,18,1.8)->(8,18,3.01421)->(7,18,4.34806)->(6,18,5.17649)->(5,18,6.51034)->(4,18,5002.96)->
Agent 5:(28,31,3.39626)->(28,30,6.20674)->(28,29,7.52458)->(28,28,8.20674)->(28,27,8.77458)->(28,26,9.29253)->(28,25,9.79253)->(28,24,10.2925)->(28,23,10.7925)->(28,22,11.2925)->(28,21,11.7925)->(28,20,12.2925)->(28,19,12.7925)->(28,18,13.2925)->(28,17,13.7925)->(28,16,14.2925)->(28,15,14.7925)->(28,14,15.2925)->(28,13,15.7925)->(28,12,16.2925)->(28,11,16.7925)->(28,10,17.2925)->(28,9,17.8105)->(28,8,18.3783)->(28,7,19.0605)->(28,6,20.3783)->(28,5,22.5925)->(27,5,24.8067)->(26,5,26.1246)->(25,5,26.8067)->(24,5,27.3746)->(23,5,27.8925)->(22,5,28.3925)->(21,5,28.8925)->(20,5,29.3925)->(19,5,29.8925)->(18,5,30.3925)->(17,5,30.8925)->(16,5,31.3925)->(15,5,31.8925)->(14,5,32.3925)->(13,5,32.8925)->(12,5,33.3925)->(11,5,33.8925)->(10,5,34.3925)->(9,5,34.8925)->(8,5,35.3925)->(7,5,35.8925)->(6,5,36.3925)->(5,5,36.8925)->(4,5,37.4105)->(3,5,37.9783)->(2,5,38.6605)->(1,5,39.9783)->(0,5,42.6067)->(0,6,5021.5)->
Agent 6:(3,25,2.2)->(3,24,3.81421)->(3,23,5.13205)->(3,22,5.81421)->(3,21,6.38205)->(3,20,6.9)->(3,19,7.4)->(3,18,7.9)->(3,17,8.4)->(3,16,8.9)->(3,15,9.4)->(3,14,9.9)->(3,13,10.4)->(3,12,10.9)->(3,11,11.4)->(3,10,11.9)->(3,9,12.4)->(3,8,12.9179)->(3,7,13.4858)->(3,6,14.1679)->(3,5,15.4858)->(3,4,17.7)->(4,4,19.9142)->(5,4,21.2321)->(6,4,21.9238)->(7,4,22.5595)->(8,4,23.2513)->(9,4,24.5691)->(10,4,5011.99)->
Agent 7:(0,20,1.8)->(1,20,3.01421)->(2,20,4.33205)->(3,20,5.02382)->(4,20,5.65949)->(5,20,6.35126)->(6,20,7.6691)->(7,20,9.88331)->(7,19,12.0975)->(7,18,13.5117)->(7,17,14.926)->(7,16,5007.17)->
Agent 8:(31,4,1.3)->(31,5,2.01421)->(31,6,3.33205)->(31,7,4.01421)->(31,8,4.58205)->(31,9,5.1)->(31,10,5.6)->(31,11,6.1)->(31,12,6.6)->(31,13,7.1)->(31,14,7.6)->(31,15,8.1)->(31,16,8.6)->(31,17,9.1)->(31,18,9.6)->(31,19,10.1)->(31,20,10.6)->(31,21,11.1)->(31,22,11.6)->(31,23,12.1)->(31,24,12.6)->(31,25,13.1179)->(31,26,13.6858)->(31,27,14.3679)->(31,28,15.6858)->(31,29,17.9)->(30,29,20.1142)->(29,29,21.4321)->(28,29,22.1142)->(27,29,22.6821)->(26,29,23.2)->(25,29,23.7)->(24,29,24.2)->(23,29,24.7)->(22,29,25.2)->(21,29,25.7)->(20,29,26.2)->(19,29,26.7)->(18,29,27.2)->(17,29,27.7)->(16,29,28.2)->(15,29,28.7)->(14,29,29.2)->(13,29,29.7)->(12,29,30.2)->(11,29,30.7)->(10,29,31.2)->(9,29,31.7)->(8,29,32.2)->(7,29,32.7)->(6,29,33.2)->(5,29,33.7)->(4,29,34.2179)->(3,29,34.7858)->(2,29,35.4679)->(1,29,36.7858)->(0,29,39.4142)->(0,30,5019.9)->
Agent 9:(24,12,2.2)->(24,11,3.81421)->(24,10,5.13205)->(24,9,5.8641)->(24,8,6.59615)->(24,7,7.91399)->(24,6,10.1282)->(25,6,12.9282)->(26,6,17.6283)->(26,7,5009.75)->
Agent 10:(10,25,1.3)->(10,26,2.04949)->(10,27,4.04949)->(10,28,6.29898)->(11,28,8.51319)->(12,28,9.92741)->(13,28,11.3416)->(14,28,5005.38)->
Agent 11:(8,13,3.05)->(8,14,5.51421)->(8,15,6.83205)->(8,16,7.51421)->(8,17,8.1)->(8,18,8.68579)->(8,19,9.36795)->(8,20,10.6858)->(8,21,12.9)->(9,21,15.1142)->(10,21,16.4321)->(11,21,17.1142)->(12,21,17.6821)->(13,21,18.2)->(14,21,18.7)->(15,21,19.2)->(16,21,19.7)->(17,21,20.2)->(18,21,20.7)->(19,21,21.2179)->(20,21,21.7858)->(21,21,22.4679)->(22,21,23.7858)->(23,21,5011.6)->
Agent 12:(16,13,1.8)->(17,13,3.01421)->(18,13,4.33205)->(19,13,5.02382)->(20,13,5.65949)->(21,13,6.35126)->(22,13,7.6691)->(23,13,9.88331)->(23,12,12.6833)->(23,11,24.7021)->(23,12,36.721)->(23,13,5018.36)->
Agent 13:(15,0,1.3)->(15,1,2.01421)->(15,2,3.33205)->(15,3,4.01421)->(15,4,4.58205)->(15,5,5.1)->(15,6,5.6)->(15,7,6.1)->(15,8,6.6)->(15,9,7.1)->(15,10,7.6)->(15,11,8.11795)->(15,12,8.68579)->(15,13,9.36795)->(15,14,10.6858)->(15,15,12.9)->(14,15,15.1142)->(13,15,16.4321)->(12,15,17.1142)->(11,15,17.6821)->(10,15,18.2)->(9,15,18.7)->(8,15,19.2)->(7,15,19.7179)->(6,15,20.2858)->(5,15,20.9679)->(4,15,22.2858)->(3,15,5010.85)->
Agent 14:(30,30,4.11814)->(30,29,7.65048)->(30,28,8.96832)->(30,27,9.65048)->(30,26,10.2183)->(30,25,10.7363)->(30,24,11.2363)->(30,23,11.7363)->(30,22,12.2363)->(30,21,12.7363)->(30,20,13.2363)->(30,19,13.7363)->(30,18,14.2363)->(30,17,14.7363)->(30,16,15.2363)->(30,15,15.7363)->(30,14,16.2363)->(30,13,16.7542)->(30,12,17.3221)->(30,11,18.0042)->(30,10,19.3221)->(30,9,5009.37)->
Agent 15:(0,23,2.2)->(0,22,3.81421)->(0,21,5.13205)->(0,20,5.81421)->(0,19,6.38205)->(0,18,6.91795)->(0,17,7.48579)->(0,16,8.16795)->(0,15,9.48579)->(0,14,11.7)->(1,14,13.9142)->(2,14,15.2321)->(3,14,15.9142)->(4,14,16.4821)->(5,14,17)->(6,14,17.5)->(7,14,18)->(8,14,18.5)->(9,14,19)->(10,14,19.5)->(11,14,20)->(12,14,20.5)->(13,14,21)->(14,14,21.5)->(15,14,22)->(16,14,22.5)->(17,14,23)->(18,14,23.5)->(19,14,24.0179)->(20,14,24.5858)->(21,14,25.2679)->(22,14,26.5858)->(23,14,29.2142)->(23,15,5014.8)->
Agent 16:(4,3,1.3)->(4,4,2.01421)->(4,5,3.33205)->(4,6,4.0641)->(4,7,4.79615)->(4,8,6.11399)->(4,9,8.3282)->(5,9,10.5777)->(6,9,12.5777)->(7,9,5006.01)->
Agent 17:(27,20,2.2)->(27,19,3.81421)->(27,18,5.13205)->(27,17,5.81421)->(27,16,6.38205)->(27,15,6.9)->(27,14,7.4)->(27,13,7.9)->(27,12,8.4)->(27,11,8.9)->(27,10,9.41795)->(27,9,9.98579)->(27,8,10.6679)->(27,7,11.9858)->(27,6,17.8642)->(26,6,23.7426)->(25,6,25.0605)->(24,6,25.7426)->(23,6,26.3105)->(22,6,26.8284)->(21,6,27.3284)->(20,6,27.8284)->(19,6,28.3284)->(18,6,28.8284)->(17,6,29.3284)->(16,6,29.8464)->(15,6,30.4142)->(14,6,31.0964)->(13,6,32.4142)->(12,6,5015.91)->
Agent 18:(29,22,2.2)->(29,21,3.81421)->(29,20,5.13205)->(29,19,5.81421)->(29,18,6.38205)->(29,17,6.9)->(29,16,7.4)->(29,15,7.9)->(29,14,8.4)->(29,13,8.9)->(29,12,9.4)->(29,11,9.91795)->(29,10,10.4858)->(29,9,11.1679)->(29,8,12.4858)->(29,7,14.7)->(28,7,16.9142)->(27,7,18.2321)->(26,7,18.9142)->(25,7,19.4821)->(24,7,20)->(23,7,20.5)->(22,7,21)->(21,7,21.5)->(20,7,22)->(19,7,22.5)->(18,7,23)->(17,7,23.5)->(16,7,24)->(15,7,24.5)->(14,7,25)->(13,7,25.5179)->(12,7,26.0858)->(11,7,26.7679)->(10,7,28.0858)->(9,7,30.7142)->(9,6,5015.55)->
Agent 19:(10,19,2.2)->(10,18,3.81421)->(10,17,5.13205)->(10,16,5.81421)->(10,15,6.38205)->(10,14,6.9)->(10,13,7.4)->(10,12,7.9)->(10,11,8.4)->(10,10,8.91795)->(10,9,9.48579)->(10,8,10.1679)->(10,7,11.4858)->(10,6,13.7)->(9,6,15.9495)->(8,6,17.9495)->(7,6,5008.7)->
Agent 20:(2,22,3.53205)->(2,21,6.47832)->(2,20,7.79615)->(2,19,8.47832)->(2,18,9.04615)->(2,17,9.58205)->(2,16,10.1499)->(2,15,10.8321)->(2,14,12.1499)->(2,13,14.3641)->(3,13,16.5783)->(4,13,17.8962)->(5,13,18.5783)->(6,13,19.1462)->(7,13,19.6641)->(8,13,20.1641)->(9,13,20.6641)->(10,13,21.1641)->(11,13,21.6641)->(12,13,22.1641)->(13,13,22.6641)->(14,13,23.1641)->(15,13,23.6641)->(16,13,24.1641)->(17,13,24.6641)->(18,13,25.1641)->(19,13,25.6641)->(20,13,26.1641)->(21,13,26.6821)->(22,13,27.2499)->(23,13,27.9321)->(24,13,29.2499)->(25,13,5014.33)->
Agent 21:(11,26,2.2)->(11,25,3.81421)->(11,24,5.13205)->(11,23,5.81421)->(11,22,6.38205)->(11,21,6.91795)->(11,20,7.48579)->(11,19,8.16795)->(11,18,9.48579)->(11,17,11.7)->(12,17,13.9142)->(13,17,15.2321)->(14,17,15.9142)->(15,17,16.5)->(16,17,17.0858)->(17,17,17.7679)->(18,17,19.0858)->(19,17,5009.25)->
Agent 22:(9,29,1.8)->(10,29,3.01421)->(11,29,4.33205)->(12,29,5.01421)->(13,29,5.58205)->(14,29,6.1)->(15,29,6.6)->(16,29,7.1)->(17,29,7.6)->(18,29,8.1)->(19,29,8.61795)->(20,29,9.18579)->(21,29,9.86795)->(22,29,11.1858)->(23,29,13.4)->(23,28,15.6142)->(23,27,16.9321)->(23,26,17.6142)->(23,25,18.1821)->(23,24,18.7)->(23,23,19.2)->(23,22,19.7)->(23,21,20.2)->(23,20,20.7)->(23,19,21.2)->(23,18,21.7)->(23,17,22.2)->(23,16,22.7179)->(23,15,23.2858)->(23,14,23.9679)->(23,13,25.2858)->(23,12,28.5642)->(23,13,32.4284)->(23,14,5016.21)->
Agent 23:(13,2,2.03205)->(14,2,3.47832)->(15,2,4.79615)->(16,2,5.47832)->(17,2,6.04615)->(18,2,6.5641)->(19,2,7.0641)->(20,2,7.5641)->(21,2,8.0641)->(22,2,8.5641)->(23,2,9.08205)->(24,2,9.64989)->(25,2,10.3321)->(26,2,11.6499)->(27,2,5005.53)->
Agent 24:(17,3,1.71421)->(17,4,3.81421)->(18,4,6.44264)->(19,4,7.76048)->(20,4,8.45225)->(21,4,9.08792)->(22,4,9.77969)->(23,4,11.0975)->(24,4,5005.26)->
Agent 25:(9,5,1.8)->(10,5,3.01421)->(11,5,4.33205)->(12,5,5.01421)->(13,5,5.58205)->(14,5,6.1)->(15,5,6.6)->(16,5,7.1)->(17,5,7.6)->(18,5,8.1)->(19,5,8.6)->(20,5,9.1)->(21,5,9.6)->(22,5,10.1)->(23,5,10.6)->(24,5,11.1)->(25,5,11.6179)->(26,5,12.1858)->(27,5,12.8679)->(28,5,14.1858)->(29,5,18.2)->(29,6,22.2142)->(29,7,23.5321)->(29,8,24.2142)->(29,9,24.7821)->(29,10,25.3)->(29,11,25.8)->(29,12,26.3)->(29,13,26.8179)->(29,14,27.3858)->(29,15,28.0679)->(29,16,29.3858)->(29,17,5014.4)->
Agent 26:(14,26,2.2)->(14,25,3.81421)->(14,24,5.13205)->(14,23,5.81421)->(14,22,6.38205)->(14,21,6.9)->(14,20,7.4)->(14,19,7.9)->(14,18,8.4)->(14,17,8.9)->(14,16,9.4)->(14,15,9.9)->(14,14,10.4)->(14,13,10.9)->(14,12,11.4)->(14,11,11.9)->(14,10,12.4)->(14,9,12.9)->(14,8,13.4)->(14,7,13.9)->(14,6,14.4)->(14,5,14.9179)->(14,4,15.4858)->(14,3,16.1679)->(14,2,17.4858)->(14,1,19.7)->(15,1,21.9142)->(16,1,23.2321)->(17,1,23.9142)->(18,1,24.4821)->(19,1,25)->(20,1,25.5)->(21,1,26.0179)->(22,1,26.5858)->(23,1,27.2679)->(24,1,28.5858)->(25,1,5014)->
Agent 27:(11,8,1.3)->(11,9,2.01421)->(11,10,3.33205)->(11,11,4.01421)->(11,12,4.6)->(11,13,5.18579)->(11,14,5.86795)->(11,15,7.18579)->(11,16,9.4)->(12,16,11.6142)->(13,16,12.9321)->(14,16,13.6142)->(15,16,14.1821)->(16,16,14.7)->(17,16,15.2)->(18,16,15.7)->(19,16,16.2)->(20,16,16.7)->(21,16,17.2)->(22,16,17.7)->(23,16,18.2)->(24,16,18.7)->(25,16,19.2179)->(26,16,19.7858)->(27,16,20.4679)->(28,16,21.7858)->(29,16,24)->(29,17,26.8)->(29,18,5013.4)->
Agent 28:(26,8,1.3)->(26,9,2.01421)->(26,10,3.33205)->(26,11,4.01421)->(26,12,4.58205)->(26,13,5.1)->(26,14,5.6)->(26,15,6.1)->(26,16,6.6)->(26,17,7.1)->(26,18,7.6)->(26,19,8.1)->(26,20,8.6)->(26,21,9.11795)->(26,22,9.68579)->(26,23,10.3679)->(26,24,11.6858)->(26,25,14.4505)->(25,25,17.2505)->(24,25,19.2505)->(23,25,5009.35)->
Agent 29:(29,7,2.2)->(29,6,3.81421)->(29,5,5.13205)->(29,4,5.8641)->(29,3,6.59615)->(29,2,7.91399)->(29,1,10.1282)->(28,1,12.3424)->(27,1,13.6763)->(26,1,14.5047)->(25,1,15.8385)->(24,1,18.467)->(24,2,5009.43)->
