Agent 0:(17,4,4.04949)->(17,5,7.51319)->(17,6,8.83103)->(17,7,9.51319)->(17,8,10.081)->(17,9,10.599)->(17,10,11.099)->(17,11,11.599)->(17,12,12.099)->(17,13,12.599)->(17,14,13.099)->(17,15,13.599)->(17,16,14.099)->(17,17,14.599)->(17,18,15.1169)->(17,19,15.6848)->(17,20,16.3669)->(17,21,17.6848)->(17,22,19.899)->(16,22,22.1132)->(15,22,23.431)->(14,22,24.1132)->(13,22,24.681)->(12,22,25.199)->(11,22,25.699)->(10,22,26.199)->(9,22,26.699)->(8,22,27.199)->(7,22,27.699)->(6,22,28.199)->(5,22,28.7169)->(4,22,29.2848)->(3,22,29.9669)->(2,22,31.2848)->(1,22,5015.35)->
Agent 1:(12,0,1.8)->(13,0,3.01421)->(14,0,4.42843)->(15,0,5.84264)->(16,0,14.3642)->(16,1,22.8858)->(16,2,24.2036)->(16,3,24.8858)->(16,4,25.4536)->(16,5,25.9716)->(16,6,26.4716)->(16,7,26.9716)->(16,8,27.4716)->(16,9,27.9716)->(16,10,28.4716)->(16,11,28.9716)->(16,12,29.4716)->(16,13,29.9716)->(16,14,30.4716)->(16,15,30.9716)->(16,16,31.4716)->(16,17,31.9716)->(16,18,32.4716)->(16,19,32.9716)->(16,20,33.4895)->(16,21,34.0574)->(16,22,34.7395)->(16,23,36.0574)->(16,24,5017.74)->
Agent 2:(21,15,1.3)->(21,16,2.01421)->(21,17,3.33205)->(21,18,4.01421)->(21,19,4.58205)->(21,20,5.1)->(21,21,5.6)->(21,22,6.11795)->(21,23,6.68579)->(21,24,7.36795)->(21,25,8.68579)->(21,26,10.9)->(20,26,13.1142)->(19,26,14.4321)->(18,26,15.1142)->(17,26,15.6821)->(16,26,16.2)->(15,26,16.7)->(14,26,17.2)->(13,26,17.7)->(12,26,18.2)->(11,26,18.7)->(10,26,19.2)->(9,26,19.7)->(8,26,20.2179)->(7,26,20.7858)->(6,26,21.4679)->(5,26,22.7858)->(4,26,5011.1)->
Agent 3:(29,4,1.3)->(29,5,2.6)->(29,6,5.45949)->(28,6,7.7332)->(27,6,9.05104)->(26,6,9.7332)->(25,6,10.301)->(24,6,10.819)->(23,6,11.319)->(22,6,11.819)->(21,6,12.319)->(20,6,12.819)->(19,6,13.319)->(18,6,13.819)->(17,6,14.319)->(16,6,14.819)->(15,6,15.319)->(14,6,15.8369)->(13,6,16.4048)->(12,6,17.0869)->(11,6,18.4048)->(10,6,5008.91)->
Agent 4:(21,0,1.3)->(21,1,2.6)->(21,2,5.4)->(20,2,7.61421)->(19,2,8.93205)->(18,2,9.61421)->(17,2,10.1821)->(16,2,10.7)->(15,2,11.2)->(14,2,11.7)->(13,2,12.2)->(12,2,12.7)->(11,2,13.2)->(10,2,13.7)->(9,2,14.2)->(8,2,14.7)->(7,2,15.2)->(6,2,15.7179)->(5,2,16.2858)->(4,2,16.9679)->(3,2,18.2858)->(2,2,5008.85)->
Agent 5:(14,21,1.8)->(15,21,3.01421)->(16,21,4.33205)->(17,21,5.01421)->(18,21,5.58205)->(19,21,6.11795)->(20,21,6.68579)->(21,21,7.36795)->(22,21,8.68579)->(23,21,5004.05)->
Agent 6:(20,31,2.2)->(20,30,3.81421)->(20,29,5.13205)->(20,28,5.81421)->(20,27,6.38205)->(20,26,6.9)->(20,25,7.4)->(20,24,7.9)->(20,23,8.4)->(20,22,8.9)->(20,21,9.4)->(20,20,9.91795)->(20,19,10.4858)->(20,18,11.1679)->(20,17,12.4858)->(20,16,14.7)->(21,16,17.5)->(22,16,5008.75)->
Agent 7:(12,30,1.8)->(13,30,3.01421)->(14,30,4.33205)->(15,30,5.01421)->(16,30,5.58205)->(17,30,6.1)->(18,30,6.6)->(19,30,7.1)->(20,30,7.6)->(21,30,8.1)->(22,30,8.61795)->(23,30,9.18579)->(24,30,9.86795)->(25,30,11.1858)->(26,30,13.4)->(26,29,15.6142)->(26,28,17.0284)->(26,27,18.4426)->(26,26,5008.93)->
Agent 8:(27,2,1.3)->(27,3,2.01421)->(27,4,3.33205)->(27,5,4.01421)->(27,6,4.58205)->(27,7,5.1)->(27,8,5.6)->(27,9,6.1)->(27,10,6.6)->(27,11,7.1)->(27,12,7.6)->(27,13,8.1)->(27,14,8.6)->(27,15,9.1)->(27,16,9.61795)->(27,17,10.1858)->(27,18,10.8679)->(27,19,12.1858)->(27,20,14.8)->(27,19,17.4142)->(27,18,18.7321)->(27,17,19.4142)->(27,16,19.9821)->(27,15,20.5)->(27,14,21)->(27,13,21.5)->(27,12,22)->(27,11,22.5)->(27,10,23)->(27,9,23.5179)->(27,8,24.0858)->(27,7,24.7679)->(27,6,26.0858)->(27,5,28.3)->(26,5,30.5142)->(25,5,31.8321)->(24,5,32.5142)->(23,5,33.1)->(22,5,33.6858)->(21,5,34.3679)->(20,5,35.6858)->(19,5,5017.55)->
Agent 9:(28,26,2.2)->(28,25,3.81421)->(28,24,5.14806)->(28,23,5.97649)->(28,22,7.31034)->(28,21,9.93877)->(27,21,5005.16)->
Agent 10:(4,22,2.2)->(4,21,3.81421)->(4,20,5.13205)->(4,19,5.81421)->(4,18,6.4)->(4,17,6.98579)->(4,16,7.66795)->(4,15,8.98579)->(4,14,12.0481)->(5,14,15.1103)->(6,14,16.4282)->(7,14,17.1103)->(8,14,17.6782)->(9,14,18.1961)->(10,14,18.6961)->(11,14,19.2141)->(12,14,19.7819)->(13,14,20.4641)->(14,14,21.7819)->(15,14,24.4103)->(15,15,29.5481)->(16,15,5015.74)->
Agent 11:(31,28,1.3)->(31,29,2.04949)->(31,30,4.04949)->(31,31,6.29898)->(30,31,8.51319)->(29,31,9.83103)->(28,31,10.5132)->(27,31,11.081)->(26,31,11.599)->(25,31,12.099)->(24,31,12.599)->(23,31,13.099)->(22,31,13.599)->(21,31,14.099)->(20,31,14.599)->(19,31,15.099)->(18,31,15.599)->(17,31,16.099)->(16,31,16.599)->(15,31,17.1169)->(14,31,17.6848)->(13,31,18.3669)->(12,31,19.6848)->(11,31,5009.55)->
Agent 12:(0,12,1.3)->(0,13,2.01421)->(0,14,3.33205)->(0,15,4.01421)->(0,16,4.6)->(0,17,5.18579)->(0,18,5.86795)->(0,19,7.18579)->(0,20,13.3642)->(1,20,19.5426)->(2,20,20.8605)->(3,20,21.5426)->(4,20,22.1105)->(5,20,22.6284)->(6,20,23.1284)->(7,20,23.6284)->(8,20,24.1284)->(9,20,24.6284)->(10,20,25.1284)->(11,20,25.6284)->(12,20,26.1284)->(13,20,26.6284)->(14,20,27.1284)->(15,20,27.6284)->(16,20,28.1284)->(17,20,28.6284)->(18,20,29.1284)->(19,20,29.6284)->(20,20,30.1284)->(21,20,30.6284)->(22,20,31.1284)->(23,20,31.6284)->(24,20,32.1284)->(25,20,32.6284)->(26,20,33.1464)->(27,20,33.7142)->(28,20,34.3964)->(29,20,35.7142)->(30,20,38.3426)->(30,21,5019.36)->
Agent 13:(2,12,2.85051)->(3,12,5.15051)->(4,12,7.15051)->(5,12,9.4)->(5,13,11.6142)->(5,14,12.9481)->(5,15,13.7765)->(5,16,15.1103)->(5,17,5007.26)->
Agent 14:(0,0,1.3)->(0,1,2.01421)->(0,2,3.33205)->(0,3,4.01421)->(0,4,4.58205)->(0,5,5.1)->(0,6,5.6)->(0,7,6.1)->(0,8,6.6)->(0,9,7.1)->(0,10,7.6)->(0,11,8.1)->(0,12,8.6)->(0,13,9.1)->(0,14,9.6)->(0,15,10.1179)->(0,16,10.6858)->(0,17,11.3679)->(0,18,12.6858)->(0,19,14.9)->(1,19,17.1142)->(2,19,18.4321)->(3,19,19.1142)->(4,19,19.6821)->(5,19,20.2)->(6,19,20.7)->(7,19,21.2)->(8,19,21.7)->(9,19,22.2)->(10,19,22.7)->(11,19,23.2179)->(12,19,23.7858)->(13,19,24.4679)->(14,19,25.7858)->(15,19,28.4142)->(15,20,32.4037)->(16,20,35.4217)->(17,20,36.7395)->(18,20,37.4217)->(19,20,37.9895)->(20,20,38.5075)->(21,20,39.0075)->(22,20,39.5254)->(23,20,40.0933)->(24,20,40.7754)->(25,20,42.0933)->(26,20,5020.75)->
Agent 15:(7,1,1.3)->(7,2,2.01421)->(7,3,3.33205)->(7,4,4.01421)->(7,5,4.58205)->(7,6,5.1)->(7,7,5.6)->(7,8,6.1)->(7,9,6.6)->(7,10,7.1)->(7,11,7.6)->(7,12,8.1)->(7,13,8.6)->(7,14,9.1)->(7,15,9.61795)->(7,16,10.1858)->(7,17,10.8679)->(7,18,12.1858)->(7,19,14.9)->(8,19,17.6142)->(9,19,18.9321)->(10,19,19.6142)->(11,19,20.1821)->(12,19,20.7)->(13,19,21.2)->(14,19,21.7)->(15,19,22.2)->(16,19,22.7)->(17,19,23.2)->(18,19,23.7)->(19,19,24.2)->(20,19,24.7)->(21,19,25.2)->(22,19,25.7)->(23,19,26.2)->(24,19,26.7)->(25,19,27.2179)->(26,19,27.7858)->(27,19,28.4679)->(28,19,29.7858)->(29,19,5014.6)->
Agent 16:(2,22,2.2)->(2,21,3.81421)->(2,20,5.13205)->(2,19,5.81421)->(2,18,6.38205)->(2,17,6.9)->(2,16,7.4)->(2,15,7.9)->(2,14,8.4)->(2,13,8.9)->(2,12,9.4)->(2,11,9.9)->(2,10,10.4)->(2,9,10.9)->(2,8,11.4)->(2,7,11.9179)->(2,6,12.4858)->(2,5,13.1679)->(2,4,14.4858)->(2,3,16.7)->(3,3,19.5)->(4,3,5009.75)->
Agent 17:(20,10,1.8)->(19,10,3.04949)->(18,10,5.04949)->(17,10,7.29898)->(17,11,9.51319)->(17,12,10.831)->(17,13,11.5132)->(17,14,12.081)->(17,15,12.599)->(17,16,13.099)->(17,17,13.599)->(17,18,14.099)->(17,19,14.599)->(17,20,15.099)->(17,21,15.599)->(17,22,16.099)->(17,23,16.599)->(17,24,17.1169)->(17,25,17.6848)->(17,26,18.3669)->(17,27,19.6848)->(17,28,5009.55)->
Agent 18:(23,3,1.3)->(23,4,2.01421)->(23,5,3.33205)->(23,6,4.01421)->(23,7,4.58205)->(23,8,5.1)->(23,9,5.6)->(23,10,6.11795)->(23,11,6.68579)->(23,12,7.36795)->(23,13,8.68579)->(23,14,10.9)->(24,14,13.1142)->(25,14,14.4481)->(26,14,15.2765)->(27,14,16.6103)->(28,14,5008.01)->
Agent 19:(5,12,1.8)->(6,12,3.01421)->(7,12,4.33205)->(8,12,5.02382)->(9,12,5.65949)->(10,12,6.35126)->(11,12,7.6691)->(12,12,9.88331)->(12,11,12.0975)->(12,10,13.4154)->(12,9,14.0975)->(12,8,14.6654)->(12,7,15.2013)->(12,6,15.7691)->(12,5,16.4513)->(12,4,17.7691)->(12,3,5008.59)->
Agent 20:(19,1,1.3)->(19,2,2.01421)->(19,3,3.33205)->(19,4,4.0641)->(19,5,4.79615)->(19,6,6.11399)->(19,7,9.12371)->(18,7,12.1334)->(17,7,13.4513)->(16,7,14.1334)->(15,7,14.7013)->(14,7,15.2192)->(13,7,15.7192)->(12,7,16.2192)->(11,7,16.7192)->(10,7,17.2192)->(9,7,17.7192)->(8,7,18.2192)->(7,7,18.7192)->(6,7,19.2372)->(5,7,19.805)->(4,7,20.4872)->(3,7,21.805)->(2,7,5010.61)->
Agent 21:(16,17,2.13579)->(15,17,3.68579)->(14,17,5.00362)->(13,17,5.68579)->(12,17,6.25362)->(11,17,6.77157)->(10,17,7.27157)->(9,17,7.77157)->(8,17,8.27157)->(7,17,8.77157)->(6,17,9.27157)->(5,17,9.78952)->(4,17,10.3574)->(3,17,11.0395)->(2,17,12.3574)->(1,17,5005.89)->
Agent 22:(5,11,1.8)->(6,11,3.01421)->(7,11,4.33205)->(8,11,5.01421)->(9,11,5.58205)->(10,11,6.1)->(11,11,6.6)->(12,11,7.11795)->(13,11,7.68579)->(14,11,8.36795)->(15,11,9.68579)->(16,11,11.9)->(16,10,14.1142)->(16,9,15.4321)->(16,8,16.1142)->(16,7,16.7)->(16,6,17.2858)->(16,5,17.9679)->(16,4,19.2858)->(16,3,21.5)->(17,3,23.7142)->(18,3,25.0321)->(19,3,25.7142)->(20,3,26.2821)->(21,3,26.8)->(22,3,27.3179)->(23,3,27.8858)->(24,3,28.5679)->(25,3,29.8858)->(26,3,5014.65)->
Agent 23:(0,17,1.3)->(0,18,2.01421)->(0,19,3.33205)->(0,20,4.01421)->(0,21,4.58205)->(0,22,5.1)->(0,23,5.6)->(0,24,6.1)->(0,25,6.6)->(0,26,7.11795)->(0,27,7.68579)->(0,28,8.36795)->(0,29,9.68579)->(0,30,11.9)->(1,30,14.1142)->(2,30,15.4321)->(3,30,16.1142)->(4,30,16.6821)->(5,30,17.2)->(6,30,17.7)->(7,30,18.2)->(8,30,18.7)->(9,30,19.2)->(10,30,19.7)->(11,30,20.2)->(12,30,20.7)->(13,30,21.2)->(14,30,21.7)->(15,30,22.2)->(16,30,22.7)->(17,30,23.2)->(18,30,23.7)->(19,30,24.2)->(20,30,24.7)->(21,30,25.2)->(22,30,25.7)->(23,30,26.2179)->(24,30,26.7858)->(25,30,27.4679)->(26,30,28.7858)->(27,30,31.4142)->(27,31,5015.9)->
Agent 24:(20,25,1.8)->(19,25,3.01421)->(18,25,4.33205)->(17,25,5.01421)->(16,25,5.58205)->(15,25,6.1)->(14,25,6.6)->(13,25,7.1)->(12,25,7.6)->(11,25,8.1)->(10,25,8.61795)->(9,25,9.18579)->(8,25,9.86795)->(7,25,11.1858)->(6,25,13.4)->(6,24,15.6142)->(6,23,17.0284)->(6,22,18.4426)->(6,21,5008.93)->
Agent 25:(5,5,1.3)->(5,6,2.01421)->(5,7,3.33205)->(5,8,4.01421)->(5,9,4.58205)->(5,10,5.1)->(5,11,5.6)->(5,12,6.1)->(5,13,6.6)->(5,14,7.1)->(5,15,7.6)->(5,16,8.11795)->(5,17,8.68579)->(5,18,9.36795)->(5,19,10.6858)->(5,20,12.9)->(6,20,15.1142)->(7,20,16.4321)->(8,20,17.1142)->(9,20,17.6821)->(10,20,18.2)->(11,20,18.7)->(12,20,19.2)->(13,20,19.7)->(14,20,20.2)->(15,20,20.7)->(16,20,21.2)->(17,20,21.7)->(18,20,22.2)->(19,20,22.7)->(20,20,23.2)->(21,20,23.7179)->(22,20,24.2858)->(23,20,24.9679)->(24,20,26.2858)->(25,20,28.9142)->(25,21,5014.65)->
Agent 26:(30,4,1.3)->(30,5,2.01421)->(30,6,3.33205)->(30,7,4.01421)->(30,8,4.58205)->(30,9,5.1)->(30,10,5.6)->(30,11,6.11795)->(30,12,6.68579)->(30,13,7.36795)->(30,14,8.68579)->(30,15,10.9)->(29,15,13.1142)->(28,15,14.4321)->(27,15,15.1142)->(26,15,15.6821)->(25,15,16.2)->(24,15,16.7)->(23,15,17.2)->(22,15,17.7)->(21,15,18.2)->(20,15,18.7)->(19,15,19.2)->(18,15,19.7)->(17,15,20.2)->(16,15,20.7)->(15,15,21.2)->(14,15,21.7)->(13,15,22.2)->(12,15,22.7)->(11,15,23.2179)->(10,15,23.7858)->(9,15,24.4679)->(8,15,25.7858)->(7,15,28.4142)->(7,16,5014.4)->
Agent 27:(12,25,2.2)->(12,24,3.81421)->(12,23,5.13205)->(12,22,5.81421)->(12,21,6.38205)->(12,20,6.9)->(12,19,7.4)->(12,18,7.9)->(12,17,8.41795)->(12,16,8.98579)->(12,15,9.66795)->(12,14,10.9858)->(12,13,13.6142)->(11,13,17.2142)->(11,12,19.8426)->(11,11,21.1605)->(11,10,21.8426)->(11,9,22.4105)->(11,8,22.9284)->(11,7,23.4284)->(11,6,23.9464)->(11,5,24.5142)->(11,4,25.1964)->(11,3,26.5142)->(11,2,5012.96)->
Agent 28:(18,11,1.3)->(18,12,2.01421)->(18,13,3.33205)->(18,14,4.01421)->(18,15,4.58205)->(18,16,5.11795)->(18,17,5.68579)->(18,18,6.36795)->(18,19,7.68579)->(18,20,10.4642)->(19,20,13.2426)->(20,20,14.5605)->(21,20,15.2426)->(22,20,15.8105)->(23,20,16.3284)->(24,20,16.8464)->(25,20,17.4142)->(26,20,18.0964)->(27,20,19.4142)->(28,20,22.0426)->(28,21,5011.21)->
Agent 29:(27,0,1.4142)->(27,1,2.24261)->(27,2,3.56045)->(27,3,4.24261)->(27,4,4.81045)->(27,5,5.3284)->(27,6,5.8284)->(27,7,6.3284)->(27,8,6.8284)->(27,9,7.3284)->(27,10,7.8284)->(27,11,8.3284)->(27,12,8.8284)->(27,13,9.3284)->(27,14,9.84635)->(27,15,10.4142)->(27,16,11.0963)->(27,17,12.4142)->(27,18,14.6284)->(26,18,16.8426)->(25,18,18.1605)->(24,18,18.8426)->(23,18,19.4105)->(22,18,19.9284)->(21,18,20.4463)->(20,18,21.0142)->(19,18,21.6963)->(18,18,23.0142)->(17,18,25.6426)->(17,19,5013.01)->
