Agent 0:(9,17,2.2)->(9,16,3.81421)->(9,15,5.13205)->(9,14,5.8641)->(9,13,6.59615)->(9,12,7.91399)->(9,11,11.1783)->(10,11,14.4426)->(11,11,15.7605)->(12,11,16.4426)->(13,11,17.0105)->(14,11,17.5284)->(15,11,18.0284)->(16,11,18.5284)->(17,11,19.0284)->(18,11,19.5284)->(19,11,20.0284)->(20,11,20.5284)->(21,11,21.0284)->(22,11,21.5284)->(23,11,22.0284)->(24,11,22.5284)->(25,11,23.0464)->(26,11,23.6142)->(27,11,24.2964)->(28,11,25.6142)->(29,11,5012.51)->
Agent 1:(18,4,1.3)->(18,5,2.01421)->(18,6,3.33205)->(18,7,4.01421)->(18,8,4.58205)->(18,9,5.1)->(18,10,5.6)->(18,11,6.1)->(18,12,6.6)->(18,13,7.1)->(18,14,7.6)->(18,15,8.1)->(18,16,8.6)->(18,17,9.1)->(18,18,9.6)->(18,19,10.1)->(18,20,10.6)->(18,21,11.1179)->(18,22,11.6858)->(18,23,12.3679)->(18,24,13.6858)->(18,25,15.9)->(19,25,18.1495)->(20,25,20.1495)->(21,25,5009.8)->
Agent 2:(9,20,5.51421)->(9,19,10.4426)->(9,18,11.7605)->(9,17,12.4426)->(9,16,13.0105)->(9,15,13.5284)->(9,14,14.0284)->(9,13,14.5284)->(9,12,15.0284)->(9,11,15.5284)->(9,10,16.0284)->(9,9,16.5284)->(9,8,17.0284)->(9,7,17.5284)->(9,6,18.0284)->(9,5,18.5464)->(9,4,19.1142)->(9,3,19.7964)->(9,2,21.1142)->(9,1,23.3284)->(10,1,25.5426)->(11,1,26.8605)->(12,1,27.5426)->(13,1,28.1105)->(14,1,28.6284)->(15,1,29.1284)->(16,1,29.6284)->(17,1,30.1284)->(18,1,30.6284)->(19,1,31.1284)->(20,1,31.6284)->(21,1,32.1284)->(22,1,32.6464)->(23,1,33.2142)->(24,1,33.8964)->(25,1,35.2142)->(26,1,5017.31)->
Agent 3:(28,21,2.2)->(28,20,3.81421)->(28,19,5.13205)->(28,18,5.81421)->(28,17,6.38205)->(28,16,6.9)->(28,15,7.4)->(28,14,7.9)->(28,13,8.41795)->(28,12,8.98579)->(28,11,9.66795)->(28,10,10.9858)->(28,9,13.2)->(27,9,15.4142)->(26,9,16.7321)->(25,9,17.4142)->(24,9,17.9821)->(23,9,18.5)->(22,9,19)->(21,9,19.5)->(20,9,20)->(19,9,20.5)->(18,9,21)->(17,9,21.5)->(16,9,22)->(15,9,22.5)->(14,9,23)->(13,9,23.5)->(12,9,24)->(11,9,24.5)->(10,9,25.0179)->(9,9,25.5858)->(8,9,26.2679)->(7,9,27.5858)->(6,9,5013.5)->
Agent 4:(7,17,2.2)->(7,16,3.81421)->(7,15,5.13205)->(7,14,5.81421)->(7,13,6.38205)->(7,12,6.9)->(7,11,7.4)->(7,10,7.9)->(7,9,8.41795)->(7,8,8.98579)->(7,7,9.66795)->(7,6,10.9858)->(7,5,13.2)->(6,5,16)->(5,5,5008)->
Agent 5:(29,27,3.46421)->(29,26,6.34264)->(29,25,7.66048)->(29,24,8.34264)->(29,23,8.91048)->(29,22,9.42843)->(29,21,9.92843)->(29,20,10.4284)->(29,19,10.9284)->(29,18,11.4284)->(29,17,11.9284)->(29,16,12.4284)->(29,15,12.9284)->(29,14,13.4284)->(29,13,13.9284)->(29,12,14.4284)->(29,11,14.9464)->(29,10,15.5142)->(29,9,16.1964)->(29,8,17.5142)->(29,7,19.7284)->(30,7,22.5284)->(31,7,5011.26)->
Agent 6:(30,22,2.2)->(30,21,3.81421)->(30,20,5.13205)->(30,19,5.82382)->(30,18,6.45949)->(30,17,7.15126)->(30,16,8.4691)->(30,15,11.6559)->(29,15,14.8426)->(28,15,16.1605)->(27,15,16.8426)->(26,15,17.4105)->(25,15,17.9284)->(24,15,18.4464)->(23,15,19.0142)->(22,15,19.6964)->(21,15,21.0142)->(20,15,23.6426)->(20,16,5012.01)->
Agent 7:(7,19,1.3)->(7,20,2.04949)->(7,21,4.04949)->(7,22,7.2637)->(8,22,10.4426)->(9,22,11.7605)->(10,22,12.4426)->(11,22,13.0105)->(12,22,13.5284)->(13,22,14.0284)->(14,22,14.5284)->(15,22,15.0284)->(16,22,15.5284)->(17,22,16.0284)->(18,22,16.5284)->(19,22,17.0284)->(20,22,17.5284)->(21,22,18.0284)->(22,22,18.5284)->(23,22,19.0284)->(24,22,19.5284)->(25,22,20.0284)->(26,22,20.5284)->(27,22,21.0464)->(28,22,21.6142)->(29,22,22.2964)->(30,22,23.6142)->(31,22,5011.51)->
Agent 8:(8,12,1.3)->(8,13,2.01421)->(8,14,3.33205)->(8,15,4.01421)->(8,16,4.6)->(8,17,5.18579)->(8,18,5.86795)->(8,19,7.18579)->(8,20,10.5463)->(9,20,13.9067)->(10,20,15.2246)->(11,20,15.9067)->(12,20,16.4746)->(13,20,16.9925)->(14,20,17.5105)->(15,20,18.0783)->(16,20,18.7605)->(17,20,20.0783)->(18,20,5009.75)->
Agent 9:(22,16,4.71421)->(22,15,8.87792)->(22,14,10.8779)->(22,13,13.1274)->(21,13,15.3416)->(20,13,16.6595)->(19,13,17.3416)->(18,13,17.9095)->(17,13,18.4274)->(16,13,18.9274)->(15,13,19.4454)->(14,13,20.0132)->(13,13,20.6954)->(12,13,22.0132)->(11,13,5010.71)->
Agent 10:(2,9,1.3)->(2,10,2.01421)->(2,11,3.33205)->(2,12,4.01421)->(2,13,4.58205)->(2,14,5.1)->(2,15,5.61795)->(2,16,6.18579)->(2,17,6.86795)->(2,18,8.18579)->(2,19,10.4)->(3,19,12.6142)->(4,19,13.9321)->(5,19,14.6641)->(6,19,15.3962)->(7,19,16.714)->(8,19,5008.06)->
Agent 11:(9,22,5.51421)->(9,21,10.4426)->(9,20,11.7605)->(9,19,12.4522)->(9,18,13.0879)->(9,17,13.7797)->(9,16,15.0975)->(9,15,18.1843)->(10,15,21.2711)->(11,15,22.5889)->(12,15,23.2711)->(13,15,23.8389)->(14,15,24.3569)->(15,15,24.8569)->(16,15,25.3569)->(17,15,25.8569)->(18,15,26.3569)->(19,15,26.8569)->(20,15,27.3569)->(21,15,27.8569)->(22,15,28.3569)->(23,15,28.8569)->(24,15,29.3748)->(25,15,29.9426)->(26,15,30.6248)->(27,15,31.9426)->(28,15,5015.68)->
Agent 12:(1,7,1.3)->(1,8,2.01421)->(1,9,3.33205)->(1,10,4.01421)->(1,11,4.58205)->(1,12,5.1)->(1,13,5.6)->(1,14,6.1)->(1,15,6.6)->(1,16,7.1)->(1,17,7.6)->(1,18,8.1)->(1,19,8.6)->(1,20,9.11795)->(1,21,9.68579)->(1,22,10.3679)->(1,23,11.6858)->(1,24,13.9)->(2,24,16.7)->(3,24,5008.35)->
Agent 13:(13,21,2.2)->(13,20,3.81421)->(13,19,5.13205)->(13,18,5.81421)->(13,17,6.38205)->(13,16,6.9)->(13,15,7.4)->(13,14,7.9)->(13,13,8.4)->(13,12,8.9)->(13,11,9.4)->(13,10,9.9)->(13,9,10.4)->(13,8,10.9)->(13,7,11.4179)->(13,6,11.9858)->(13,5,12.6679)->(13,4,13.9858)->(13,3,16.2)->(12,3,19)->(11,3,5009.5)->
Agent 14:(7,11,2.2)->(7,10,3.81421)->(7,9,5.13205)->(7,8,5.82382)->(7,7,6.45949)->(7,6,7.15126)->(7,5,8.4691)->(7,4,13.7917)->(8,4,19.7)->(9,4,5009.85)->
Agent 15:(22,15,3.71421)->(22,14,6.84264)->(22,13,8.16048)->(22,12,8.84264)->(22,11,9.42843)->(22,10,10.0142)->(22,9,10.6964)->(22,8,12.0142)->(22,7,14.2284)->(21,7,16.4779)->(20,7,18.4779)->(19,7,5008.96)->
Agent 16:(12,20,1.71421)->(12,21,3.81421)->(11,21,7.02843)->(10,21,5003.51)->
Agent 17:(15,6,2.21421)->(14,6,12.1005)->(14,7,22.0505)->(14,8,24.0505)->(14,9,5011.75)->
Agent 18:(11,31,2.26421)->(11,30,3.94264)->(11,29,5.26048)->(11,28,5.94264)->(11,27,6.51048)->(11,26,7.02843)->(11,25,7.52843)->(11,24,8.02843)->(11,23,8.52843)->(11,22,9.02843)->(11,21,9.52843)->(11,20,10.0284)->(11,19,10.5284)->(11,18,11.0284)->(11,17,11.5284)->(11,16,12.0284)->(11,15,12.5284)->(11,14,13.0284)->(11,13,13.5284)->(11,12,14.0284)->(11,11,14.5284)->(11,10,15.0284)->(11,9,15.5284)->(11,8,16.0464)->(11,7,16.6142)->(11,6,17.2964)->(11,5,18.6142)->(11,4,20.8284)->(12,4,23.0426)->(13,4,24.3605)->(14,4,25.0426)->(15,4,25.6105)->(16,4,26.1284)->(17,4,26.6284)->(18,4,27.1464)->(19,4,27.7142)->(20,4,28.3964)->(21,4,29.7142)->(22,4,5014.56)->
Agent 19:(9,8,1.8)->(10,8,3.01421)->(11,8,4.33205)->(12,8,5.01421)->(13,8,5.58205)->(14,8,6.1)->(15,8,6.6)->(16,8,7.1)->(17,8,7.6)->(18,8,8.1)->(19,8,8.6)->(20,8,9.1)->(21,8,9.6)->(22,8,10.1)->(23,8,10.6)->(24,8,11.1)->(25,8,11.6)->(26,8,12.1179)->(27,8,12.6858)->(28,8,13.3679)->(29,8,14.6858)->(30,8,16.9)->(30,9,19.1142)->(30,10,20.4321)->(30,11,21.1142)->(30,12,21.6821)->(30,13,22.2179)->(30,14,22.7858)->(30,15,23.4679)->(30,16,24.7858)->(30,17,5012.1)->
Agent 20:(7,18,3.2)->(7,17,5.81421)->(7,16,7.13205)->(7,15,7.81421)->(7,14,8.38205)->(7,13,8.9)->(7,12,9.41795)->(7,11,9.98579)->(7,10,10.6679)->(7,9,11.9858)->(7,8,14.4642)->(8,8,16.9779)->(9,8,18.9779)->(10,8,5009.21)->
Agent 21:(26,21,2.2)->(26,20,3.81421)->(26,19,5.13205)->(26,18,5.81421)->(26,17,6.38205)->(26,16,6.9)->(26,15,7.4)->(26,14,7.91795)->(26,13,8.48579)->(26,12,9.16795)->(26,11,10.4858)->(26,10,14.4284)->(25,10,18.3711)->(24,10,19.6889)->(23,10,20.3711)->(22,10,20.9389)->(21,10,21.4569)->(20,10,21.9569)->(19,10,22.4569)->(18,10,22.9748)->(17,10,23.5426)->(16,10,24.2248)->(15,10,25.5426)->(14,10,5012.48)->
Agent 22:(5,13,1.3)->(5,14,2.01421)->(5,15,3.33205)->(5,16,4.01421)->(5,17,4.58205)->(5,18,5.1)->(5,19,5.6)->(5,20,6.1)->(5,21,6.6)->(5,22,7.1)->(5,23,7.6)->(5,24,8.1)->(5,25,8.6)->(5,26,9.1)->(5,27,9.61795)->(5,28,10.1858)->(5,29,10.8679)->(5,30,12.1858)->(5,31,14.4)->(6,31,16.6142)->(7,31,17.9321)->(8,31,18.6142)->(9,31,19.1821)->(10,31,19.7)->(11,31,20.2)->(12,31,20.7)->(13,31,21.2)->(14,31,21.7)->(15,31,22.2)->(16,31,22.7179)->(17,31,23.2858)->(18,31,23.9679)->(19,31,25.2858)->(20,31,5012.35)->
Agent 23:(25,1,1.3)->(25,2,2.01421)->(25,3,3.33205)->(25,4,4.01421)->(25,5,4.58205)->(25,6,5.11795)->(25,7,5.68579)->(25,8,6.36795)->(25,9,7.68579)->(25,10,9.9)->(24,10,12.1142)->(23,10,13.4321)->(22,10,14.1142)->(21,10,14.6821)->(20,10,15.2)->(19,10,15.7179)->(18,10,16.2858)->(17,10,16.9679)->(16,10,18.2858)->(15,10,20.9142)->(15,11,5010.65)->
Agent 24:(31,26,2.2)->(31,25,3.81421)->(31,24,5.13205)->(31,23,5.81421)->(31,22,6.38205)->(31,21,6.9)->(31,20,7.41795)->(31,19,7.98579)->(31,18,8.66795)->(31,17,9.98579)->(31,16,12.2)->(30,16,14.4142)->(29,16,15.7321)->(28,16,16.4142)->(27,16,16.9821)->(26,16,17.5)->(25,16,18)->(24,16,18.5)->(23,16,19)->(22,16,19.5)->(21,16,20)->(20,16,20.5)->(19,16,21)->(18,16,21.5)->(17,16,22)->(16,16,22.5)->(15,16,23)->(14,16,23.5179)->(13,16,24.0858)->(12,16,24.7679)->(11,16,26.0858)->(10,16,28.7142)->(10,17,5014.55)->
Agent 25:(6,19,1.3)->(6,20,2.01421)->(6,21,3.33205)->(6,22,4.0641)->(6,23,4.79615)->(6,24,6.11399)->(6,25,8.3282)->(5,25,10.5777)->(4,25,12.5777)->(3,25,5006.01)->
Agent 26:(8,10,2.2)->(8,9,3.81421)->(8,8,5.13205)->(8,7,5.82382)->(8,6,6.45949)->(8,5,7.15126)->(8,4,8.4691)->(8,3,15.6201)->(9,3,5010.26)->
Agent 27:(0,20,1.3)->(0,21,2.01421)->(0,22,3.33205)->(0,23,4.01421)->(0,24,4.58205)->(0,25,5.1)->(0,26,5.61795)->(0,27,6.18579)->(0,28,6.86795)->(0,29,8.18579)->(0,30,10.4)->(1,30,12.6142)->(2,30,13.9321)->(3,30,14.6142)->(4,30,15.1821)->(5,30,15.7)->(6,30,16.2)->(7,30,16.7179)->(8,30,17.2858)->(9,30,17.9679)->(10,30,19.2858)->(11,30,5009.35)->
Agent 28:(5,6,2.2)->(5,5,3.84949)->(5,4,5.84949)->(5,3,5002.65)->
Agent 29:(6,8,1.3)->(6,9,2.01421)->(6,10,3.33205)->(6,11,4.0641)->(6,12,4.79615)->(6,13,6.11399)->(6,14,5002.76)->
