Agent 0:(14,0,1.3)->(14,1,2.01421)->(14,2,3.33205)->(14,3,4.01421)->(14,4,4.58205)->(14,5,5.1)->(14,6,5.6)->(14,7,6.1)->(14,8,6.6)->(14,9,7.1)->(14,10,7.6)->(14,11,8.1)->(14,12,8.6)->(14,13,9.1)->(14,14,9.6)->(14,15,10.1)->(14,16,10.6)->(14,17,11.1)->(14,18,11.6)->(14,19,12.1)->(14,20,12.6)->(14,21,13.1)->(14,22,13.6)->(14,23,14.1179)->(14,24,14.6858)->(14,25,15.3679)->(14,26,16.6858)->(14,27,18.9)->(15,27,21.1142)->(16,27,22.4321)->(17,27,23.1142)->(18,27,23.7)->(19,27,24.2858)->(20,27,24.9679)->(21,27,26.2858)->(22,27,28.9142)->(22,28,5014.65)->
Agent 1:(5,7,1.3)->(5,8,2.01421)->(5,9,3.33205)->(5,10,4.01421)->(5,11,4.58205)->(5,12,5.1)->(5,13,5.6)->(5,14,6.1)->(5,15,6.61795)->(5,16,7.18579)->(5,17,7.86795)->(5,18,9.18579)->(5,19,11.8142)->(4,19,5006.1)->
Agent 2:(17,14,2.21421)->(18,14,4.81421)->(18,13,7.44264)->(18,12,8.76048)->(18,11,9.44264)->(18,10,10.0105)->(18,9,10.5284)->(18,8,11.0284)->(18,7,11.5284)->(18,6,12.0284)->(18,5,12.5284)->(18,4,13.0464)->(18,3,13.6142)->(18,2,14.2964)->(18,1,15.6142)->(18,0,5007.51)->
Agent 3:(20,21,1.8)->(19,21,3.01421)->(18,21,4.33205)->(17,21,5.01421)->(16,21,5.58205)->(15,21,6.1)->(14,21,6.6)->(13,21,7.11795)->(12,21,7.68579)->(11,21,8.36795)->(10,21,9.68579)->(9,21,11.9)->(9,20,14.1142)->(9,19,15.4321)->(9,18,16.1142)->(9,17,16.6821)->(9,16,17.2)->(9,15,17.7)->(9,14,18.2)->(9,13,18.7)->(9,12,19.2)->(9,11,19.7)->(9,10,20.2)->(9,9,20.7179)->(9,8,21.2858)->(9,7,21.9679)->(9,6,23.2858)->(9,5,5011.35)->
Agent 4:(20,15,11.5628)->(19,15,22.5751)->(18,15,24.5751)->(17,15,5012.01)->
Agent 5:(7,0,1.3)->(7,1,2.01421)->(7,2,3.33205)->(7,3,4.01421)->(7,4,4.58205)->(7,5,5.1)->(7,6,5.6)->(7,7,6.1)->(7,8,6.6)->(7,9,7.1)->(7,10,7.6)->(7,11,8.1)->(7,12,8.6)->(7,13,9.1)->(7,14,9.6)->(7,15,10.1)->(7,16,10.6)->(7,17,11.1)->(7,18,11.6)->(7,19,12.1)->(7,20,12.6)->(7,21,13.1)->(7,22,13.6179)->(7,23,14.1858)->(7,24,14.8679)->(7,25,16.1858)->(7,26,18.4)->(6,26,20.6142)->(5,26,21.9321)->(4,26,22.6238)->(3,26,23.2595)->(2,26,23.9513)->(1,26,25.2691)->(0,26,5012.34)->
Agent 6:(3,11,1.3)->(3,12,2.6)->(3,13,5.4)->(2,13,8.2)->(1,13,13.7784)->(2,13,19.3569)->(3,13,5009.68)->
Agent 7:(5,15,1.3)->(5,16,2.01421)->(5,17,3.33205)->(5,18,4.01421)->(5,19,4.58205)->(5,20,5.1)->(5,21,5.6)->(5,22,6.1)->(5,23,6.61795)->(5,24,7.18579)->(5,25,7.86795)->(5,26,9.18579)->(5,27,16.3642)->(6,27,23.5426)->(7,27,24.8605)->(8,27,25.5426)->(9,27,26.1105)->(10,27,26.6284)->(11,27,27.1284)->(12,27,27.6284)->(13,27,28.1284)->(14,27,28.6284)->(15,27,29.1284)->(16,27,29.6284)->(17,27,30.1284)->(18,27,30.6284)->(19,27,31.1284)->(20,27,31.6284)->(21,27,32.1284)->(22,27,32.6284)->(23,27,33.1284)->(24,27,33.6464)->(25,27,34.2142)->(26,27,34.8964)->(27,27,36.2142)->(28,27,5017.81)->
Agent 8:(4,23,2.2)->(4,22,3.81421)->(4,21,5.13205)->(4,20,5.81421)->(4,19,6.38205)->(4,18,6.9)->(4,17,7.4)->(4,16,7.9)->(4,15,8.41795)->(4,14,8.98579)->(4,13,9.66795)->(4,12,10.9858)->(4,11,13.2)->(5,11,15.4142)->(6,11,16.7321)->(7,11,17.4142)->(8,11,17.9821)->(9,11,18.5)->(10,11,19)->(11,11,19.5)->(12,11,20)->(13,11,20.5)->(14,11,21)->(15,11,21.5)->(16,11,22)->(17,11,22.5)->(18,11,23)->(19,11,23.5179)->(20,11,24.0858)->(21,11,24.7679)->(22,11,26.0858)->(23,11,5012.75)->
Agent 9:(0,31,2.2)->(0,30,3.81421)->(0,29,5.13205)->(0,28,5.81421)->(0,27,6.38205)->(0,26,6.9)->(0,25,7.4)->(0,24,7.9)->(0,23,8.4)->(0,22,8.9)->(0,21,9.4)->(0,20,9.9)->(0,19,10.4)->(0,18,10.9)->(0,17,11.4)->(0,16,11.9)->(0,15,12.4)->(0,14,12.9)->(0,13,13.4)->(0,12,13.9)->(0,11,14.4)->(0,10,14.9)->(0,9,15.4)->(0,8,15.9)->(0,7,16.4)->(0,6,16.9179)->(0,5,17.4858)->(0,4,18.1679)->(0,3,19.4858)->(0,2,21.7)->(1,2,23.9142)->(2,2,25.2321)->(3,2,25.9142)->(4,2,26.4821)->(5,2,27)->(6,2,27.5)->(7,2,28)->(8,2,28.5)->(9,2,29)->(10,2,29.5)->(11,2,30)->(12,2,30.5)->(13,2,31)->(14,2,31.5)->(15,2,32)->(16,2,32.5)->(17,2,33)->(18,2,33.5)->(19,2,34)->(20,2,34.5)->(21,2,35)->(22,2,35.5)->(23,2,36)->(24,2,36.5)->(25,2,37)->(26,2,37.5179)->(27,2,38.0858)->(28,2,38.7679)->(29,2,40.0858)->(30,2,5019.75)->
Agent 10:(17,28,8.51228)->(17,27,16.4388)->(17,26,17.7566)->(17,25,18.4388)->(17,24,19.0066)->(17,23,19.5246)->(17,22,20.0246)->(17,21,20.5246)->(17,20,21.0246)->(17,19,21.5246)->(17,18,22.0246)->(17,17,22.5246)->(17,16,23.0246)->(17,15,23.5246)->(17,14,24.0246)->(17,13,24.5246)->(17,12,25.0246)->(17,11,25.5425)->(17,10,26.1103)->(17,9,26.7925)->(17,8,28.1103)->(17,7,30.3246)->(18,7,32.5388)->(19,7,33.8566)->(20,7,34.5388)->(21,7,35.1066)->(22,7,35.6425)->(23,7,36.2103)->(24,7,36.8925)->(25,7,38.2103)->(26,7,5018.81)->
Agent 11:(7,29,1.8)->(6,29,3.01421)->(5,29,4.42843)->(4,29,5.84264)->(3,29,8.05685)->(3,28,10.2711)->(3,27,11.5889)->(3,26,12.2711)->(3,25,12.8389)->(3,24,13.3569)->(3,23,13.8569)->(3,22,14.3569)->(3,21,14.8569)->(3,20,15.3569)->(3,19,15.8569)->(3,18,16.3569)->(3,17,16.8569)->(3,16,17.3569)->(3,15,17.8569)->(3,14,18.3569)->(3,13,18.8569)->(3,12,19.3569)->(3,11,19.8569)->(3,10,20.3748)->(3,9,20.9426)->(3,8,21.6248)->(3,7,22.9426)->(3,6,5011.18)->
Agent 12:(24,21,2.8)->(24,20,5.04949)->(24,19,7.04949)->(24,18,9.29898)->(25,18,12.099)->(26,18,5006.05)->
Agent 13:(15,29,2.2)->(15,28,3.81421)->(15,27,5.13205)->(15,26,5.81421)->(15,25,6.4)->(15,24,6.98579)->(15,23,7.66795)->(15,22,8.98579)->(15,21,12.816)->(14,21,16.6462)->(13,21,17.9641)->(12,21,18.6462)->(11,21,19.2141)->(10,21,19.732)->(9,21,20.232)->(8,21,20.732)->(7,21,21.232)->(6,21,21.732)->(5,21,22.232)->(4,21,22.75)->(3,21,23.3178)->(2,21,24)->(1,21,25.3178)->(0,21,5012.37)->
Agent 14:(16,11,1.3)->(16,12,2.01421)->(16,13,3.34806)->(16,14,4.17649)->(16,15,5.51034)->(16,16,8.1407)->(15,16,10.7711)->(14,16,12.0889)->(13,16,12.7711)->(12,16,13.3389)->(11,16,13.8569)->(10,16,14.3569)->(9,16,14.8569)->(8,16,15.3569)->(7,16,15.8748)->(6,16,16.4426)->(5,16,17.1248)->(4,16,18.4426)->(3,16,5008.93)->
Agent 15:(16,20,1.8)->(17,20,3.01421)->(18,20,4.34806)->(19,20,5.17649)->(20,20,6.51034)->(21,20,17.5348)->(21,21,28.5593)->(21,22,29.8772)->(21,23,30.5689)->(21,24,31.2046)->(21,25,31.8964)->(21,26,33.2142)->(21,27,5016.31)->
Agent 16:(27,29,2.2)->(27,28,3.81421)->(27,27,5.13205)->(27,26,5.81421)->(27,25,6.38205)->(27,24,6.9)->(27,23,7.4)->(27,22,7.9)->(27,21,8.4)->(27,20,8.9)->(27,19,9.4)->(27,18,9.9)->(27,17,10.4)->(27,16,10.9)->(27,15,11.4)->(27,14,11.9)->(27,13,12.4)->(27,12,12.9179)->(27,11,13.4858)->(27,10,14.1679)->(27,9,15.4858)->(27,8,17.7)->(26,8,19.9142)->(25,8,21.2321)->(24,8,21.9238)->(23,8,22.5595)->(22,8,23.2513)->(21,8,24.5691)->(20,8,5011.99)->
Agent 17:(30,10,1.3)->(30,11,2.01421)->(30,12,3.33205)->(30,13,4.01421)->(30,14,4.58205)->(30,15,5.1)->(30,16,5.6)->(30,17,6.1)->(30,18,6.6)->(30,19,7.1)->(30,20,7.6)->(30,21,8.11795)->(30,22,8.68579)->(30,23,9.36795)->(30,24,10.6858)->(30,25,13.65)->(29,25,16.6142)->(28,25,17.9321)->(27,25,18.6142)->(26,25,19.1821)->(25,25,19.7)->(24,25,20.2)->(23,25,20.7)->(22,25,21.2)->(21,25,21.7)->(20,25,22.2)->(19,25,22.7)->(18,25,23.2)->(17,25,23.7)->(16,25,24.2)->(15,25,24.7)->(14,25,25.2)->(13,25,25.7)->(12,25,26.2)->(11,25,26.7179)->(10,25,27.2858)->(9,25,27.9679)->(8,25,29.2858)->(7,25,5014.35)->
Agent 18:(20,7,1.8)->(21,7,3.6)->(22,7,6.4)->(22,8,8.61421)->(22,9,9.93205)->(22,10,10.6142)->(22,11,11.1821)->(22,12,11.7)->(22,13,12.2)->(22,14,12.7)->(22,15,13.2)->(22,16,13.7)->(22,17,14.2)->(22,18,14.7)->(22,19,15.2)->(22,20,15.7)->(22,21,16.2)->(22,22,16.7179)->(22,23,17.2858)->(22,24,17.9679)->(22,25,19.2858)->(22,26,5009.35)->
Agent 19:(4,5,1.8)->(5,5,3.6)->(6,5,6.4)->(6,6,8.61421)->(6,7,9.93205)->(6,8,10.6142)->(6,9,11.2)->(6,10,11.7858)->(6,11,12.4679)->(6,12,13.7858)->(6,13,5006.6)->
Agent 20:(27,30,5)->(27,29,9.41421)->(27,28,10.7321)->(27,27,11.4142)->(27,26,11.9821)->(27,25,12.5)->(27,24,13)->(27,23,13.5)->(27,22,14)->(27,21,14.5)->(27,20,15)->(27,19,15.5)->(27,18,16)->(27,17,16.5)->(27,16,17)->(27,15,17.5)->(27,14,18)->(27,13,18.5)->(27,12,19)->(27,11,19.5)->(27,10,20)->(27,9,20.5179)->(27,8,21.0858)->(27,7,21.7679)->(27,6,23.0858)->(27,5,25.3)->(28,5,27.5142)->(29,5,28.9284)->(30,5,30.3426)->(31,5,5014.88)->
Agent 21:(12,29,2.2)->(12,28,3.81421)->(12,27,5.13205)->(12,26,5.82382)->(12,25,6.45949)->(12,24,7.15126)->(12,23,8.4691)->(12,22,10.9917)->(13,22,13.5142)->(14,22,14.8321)->(15,22,15.5142)->(16,22,16.0821)->(17,22,16.6)->(18,22,17.1)->(19,22,17.6)->(20,22,18.1179)->(21,22,18.6858)->(22,22,19.3679)->(23,22,20.6858)->(24,22,5010.05)->
Agent 22:(25,26,2.61421)->(25,25,6.5)->(24,25,10.0142)->(23,25,11.3321)->(22,25,12.0142)->(21,25,12.5821)->(20,25,13.1)->(19,25,13.6)->(18,25,14.1179)->(17,25,14.6858)->(16,25,15.3679)->(15,25,16.6858)->(14,25,19.3142)->(14,24,24.1142)->(14,25,5012.85)->
Agent 23:(17,8,2.38579)->(17,9,4.18579)->(17,10,5.50362)->(17,11,6.18579)->(17,12,6.75362)->(17,13,7.27157)->(17,14,7.77157)->(17,15,8.27157)->(17,16,8.77157)->(17,17,9.27157)->(17,18,9.77157)->(17,19,10.2895)->(17,20,10.8574)->(17,21,11.5395)->(17,22,12.8574)->(17,23,15.6481)->(16,23,18.4388)->(15,23,19.7566)->(14,23,20.4388)->(13,23,21.0066)->(12,23,21.5246)->(11,23,22.0425)->(10,23,22.6103)->(9,23,23.2925)->(8,23,24.6103)->(7,23,27.2388)->(7,24,5013.81)->
Agent 24:(15,18,2.2)->(15,17,3.81421)->(15,16,5.13205)->(15,15,5.81421)->(15,14,6.38205)->(15,13,6.9)->(15,12,7.4)->(15,11,7.9)->(15,10,8.4)->(15,9,8.91795)->(15,8,9.48579)->(15,7,10.1679)->(15,6,11.4858)->(15,5,13.7)->(16,5,15.9142)->(17,5,17.3284)->(18,5,18.7426)->(19,5,5009.08)->
Agent 25:(8,19,2.2)->(8,18,3.81421)->(8,17,5.13205)->(8,16,5.81421)->(8,15,6.38205)->(8,14,6.9)->(8,13,7.4)->(8,12,7.9)->(8,11,8.4)->(8,10,8.9)->(8,9,9.4)->(8,8,9.9)->(8,7,10.4179)->(8,6,10.9858)->(8,5,11.6679)->(8,4,12.9858)->(8,3,15.2)->(9,3,17.4142)->(10,3,18.7321)->(11,3,19.4142)->(12,3,19.9821)->(13,3,20.5)->(14,3,21)->(15,3,21.5)->(16,3,22)->(17,3,22.5)->(18,3,23)->(19,3,23.5)->(20,3,24)->(21,3,24.5)->(22,3,25)->(23,3,25.5)->(24,3,26)->(25,3,26.5)->(26,3,27)->(27,3,27.5179)->(28,3,28.0858)->(29,3,28.7679)->(30,3,30.0858)->(31,3,5014.75)->
Agent 26:(27,19,1.8)->(26,19,3.01421)->(25,19,4.33205)->(24,19,5.01421)->(23,19,5.58205)->(22,19,6.1)->(21,19,6.6)->(20,19,7.1)->(19,19,7.6)->(18,19,8.1)->(17,19,8.6)->(16,19,9.1)->(15,19,9.61795)->(14,19,10.1858)->(13,19,10.8679)->(12,19,12.1858)->(11,19,14.4)->(11,20,16.6142)->(11,21,17.9481)->(11,22,18.7765)->(11,23,20.1103)->(11,24,5009.76)->
Agent 27:(19,0,1.76228)->(19,1,2.93877)->(19,2,4.25661)->(19,3,4.93877)->(19,4,5.50661)->(19,5,6.02456)->(19,6,6.52456)->(19,7,7.02456)->(19,8,7.52456)->(19,9,8.02456)->(19,10,8.52456)->(19,11,9.02456)->(19,12,9.52456)->(19,13,10.0246)->(19,14,10.5246)->(19,15,11.0246)->(19,16,11.5246)->(19,17,12.0246)->(19,18,12.5246)->(19,19,13.0246)->(19,20,13.5246)->(19,21,14.0246)->(19,22,14.5246)->(19,23,15.0246)->(19,24,15.5425)->(19,25,16.1103)->(19,26,16.7925)->(19,27,18.1103)->(19,28,20.3246)->(18,28,22.5388)->(17,28,23.8566)->(16,28,24.5388)->(15,28,25.1066)->(14,28,25.6246)->(13,28,26.1246)->(12,28,26.6246)->(11,28,27.1246)->(10,28,27.6246)->(9,28,28.1246)->(8,28,28.6246)->(7,28,29.1246)->(6,28,29.6425)->(5,28,30.2103)->(4,28,30.8925)->(3,28,32.2103)->(2,28,5015.81)->
Agent 28:(13,5,1.3)->(13,6,2.01421)->(13,7,3.33205)->(13,8,4.01421)->(13,9,4.58205)->(13,10,5.1)->(13,11,5.6)->(13,12,6.1)->(13,13,6.6)->(13,14,7.1)->(13,15,7.6)->(13,16,8.1)->(13,17,8.6)->(13,18,9.1)->(13,19,9.6)->(13,20,10.1)->(13,21,10.6179)->(13,22,11.1858)->(13,23,11.8679)->(13,24,13.1858)->(13,25,15.4)->(12,25,17.6142)->(11,25,18.9321)->(10,25,19.6142)->(9,25,20.1821)->(8,25,20.7)->(7,25,21.2)->(6,25,21.7179)->(5,25,22.2858)->(4,25,22.9679)->(3,25,24.2858)->(2,25,5011.85)->
Agent 29:(14,11,1.8)->(15,11,3.01421)->(16,11,4.33205)->(17,11,5.01421)->(18,11,5.58205)->(19,11,6.1)->(20,11,6.6)->(21,11,7.1)->(22,11,7.61795)->(23,11,8.18579)->(24,11,8.86795)->(25,11,10.1858)->(26,11,12.4)->(26,10,14.6142)->(26,9,15.9321)->(26,8,16.6641)->(26,7,17.3962)->(26,6,18.714)->(26,5,5009.06)->
