Agent 0:(2,25,2.2)->(2,24,3.81421)->(2,23,5.13205)->(2,22,5.81421)->(2,21,6.38205)->(2,20,6.9)->(2,19,7.4)->(2,18,7.9)->(2,17,8.4)->(2,16,8.9)->(2,15,9.4)->(2,14,9.9)->(2,13,10.4)->(2,12,10.9)->(2,11,11.4)->(2,10,11.9)->(2,9,12.4)->(2,8,12.9)->(2,7,13.4)->(2,6,13.9179)->(2,5,14.4858)->(2,4,15.1679)->(2,3,16.4858)->(2,2,18.7)->(3,2,20.9142)->(4,2,22.2321)->(5,2,22.9142)->(6,2,23.5)->(7,2,24.0858)->(8,2,24.7679)->(9,2,26.0858)->(10,2,5012.75)->
Agent 1:(27,6,1.3)->(27,7,2.01421)->(27,8,3.42843)->(27,9,4.84264)->(27,10,7.05685)->(28,10,9.27107)->(29,10,10.6853)->(30,10,12.0995)->(31,10,5005.76)->
Agent 2:(25,13,2.2)->(25,12,3.81421)->(25,11,5.13205)->(25,10,5.81421)->(25,9,6.38205)->(25,8,6.9)->(25,7,7.4)->(25,6,7.91795)->(25,5,8.48579)->(25,4,9.16795)->(25,3,10.4858)->(25,2,13.4)->(24,2,16.3142)->(23,2,17.6321)->(22,2,18.3142)->(21,2,18.8821)->(20,2,19.4)->(19,2,19.9)->(18,2,20.4)->(17,2,20.9179)->(16,2,21.4858)->(15,2,22.1679)->(14,2,23.4858)->(13,2,5011.45)->
Agent 3:(28,23,2.2)->(28,22,3.84949)->(28,21,5.84949)->(28,20,8.09898)->(27,20,10.3132)->(26,20,11.631)->(25,20,12.3132)->(24,20,12.881)->(23,20,13.399)->(22,20,13.899)->(21,20,14.399)->(20,20,14.899)->(19,20,15.399)->(18,20,15.9169)->(17,20,16.4848)->(16,20,17.1669)->(15,20,18.4848)->(14,20,5008.95)->
Agent 4:(22,23,4.2)->(22,22,7.81421)->(22,21,9.13205)->(22,20,9.81421)->(22,19,10.3821)->(22,18,10.9)->(22,17,11.4)->(22,16,11.9)->(22,15,12.4)->(22,14,12.9)->(22,13,13.4)->(22,12,13.9)->(22,11,14.4)->(22,10,14.9)->(22,9,15.4)->(22,8,15.9)->(22,7,16.4)->(22,6,16.9179)->(22,5,17.4858)->(22,4,18.1679)->(22,3,19.4858)->(22,2,21.9463)->(23,2,24.4067)->(24,2,25.7246)->(25,2,26.4566)->(26,2,27.1887)->(27,2,28.5065)->(28,2,5013.96)->
Agent 5:(18,16,4.51228)->(18,15,8.43877)->(18,14,9.75661)->(18,13,10.4388)->(18,12,11.0066)->(18,11,11.5425)->(18,10,12.1103)->(18,9,12.7925)->(18,8,14.1103)->(18,7,16.3246)->(17,7,18.5388)->(16,7,19.8566)->(15,7,20.5388)->(14,7,21.1066)->(13,7,21.6246)->(12,7,22.1246)->(11,7,22.6246)->(10,7,23.1425)->(9,7,23.7103)->(8,7,24.3925)->(7,7,25.7103)->(6,7,5012.56)->
Agent 6:(26,30,3.68154)->(26,29,6.77729)->(26,28,8.09513)->(26,27,8.77729)->(26,26,9.34513)->(26,25,9.86308)->(26,24,10.381)->(26,23,10.9489)->(26,22,11.631)->(26,21,12.9489)->(26,20,15.1631)->(25,20,17.3773)->(24,20,18.6951)->(23,20,19.3773)->(22,20,19.9451)->(21,20,20.4631)->(20,20,20.981)->(19,20,21.5489)->(18,20,22.231)->(17,20,23.5489)->(16,20,5011.48)->
Agent 7:(30,22,3.29166)->(30,21,5.99753)->(30,20,7.31537)->(30,19,7.99753)->(30,18,8.56537)->(30,17,9.08331)->(30,16,9.60126)->(30,15,10.1691)->(30,14,10.8513)->(30,13,12.1691)->(30,12,14.3833)->(29,12,16.5975)->(28,12,17.9154)->(27,12,18.5975)->(26,12,19.1654)->(25,12,19.6833)->(24,12,20.1833)->(23,12,20.6833)->(22,12,21.1833)->(21,12,21.6833)->(20,12,22.1833)->(19,12,22.6833)->(18,12,23.1833)->(17,12,23.6833)->(16,12,24.1833)->(15,12,24.6833)->(14,12,25.1833)->(13,12,25.7013)->(12,12,26.2691)->(11,12,26.9513)->(10,12,28.2691)->(9,12,5013.84)->
Agent 8:(0,9,1.3)->(0,10,2.6)->(0,11,5.4)->(1,11,7.61421)->(2,11,8.93205)->(3,11,9.61421)->(4,11,10.1821)->(5,11,10.7)->(6,11,11.2)->(7,11,11.7)->(8,11,12.2)->(9,11,12.7)->(10,11,13.2)->(11,11,13.7)->(12,11,14.2179)->(13,11,14.7858)->(14,11,15.4679)->(15,11,16.7858)->(16,11,5008.1)->
Agent 9:(9,24,2.2)->(9,23,3.81421)->(9,22,5.14806)->(9,21,5.97649)->(9,20,7.31034)->(9,19,9.93877)->(10,19,5005.16)->
Agent 10:(23,8,1.8)->(22,8,3.01421)->(21,8,4.34806)->(20,8,5.17649)->(19,8,6.51034)->(18,8,8.72456)->(18,7,11.5246)->(18,6,5005.76)->
Agent 11:(25,24,1.71421)->(25,25,3.81421)->(24,25,6.44264)->(23,25,7.76048)->(22,25,8.44264)->(21,25,9.01048)->(20,25,9.54638)->(19,25,10.1142)->(18,25,10.7964)->(17,25,12.1142)->(16,25,5005.76)->
Agent 12:(22,10,1.80854)->(21,10,3.0313)->(20,10,4.34913)->(19,10,5.0313)->(18,10,5.59913)->(17,10,6.11708)->(16,10,6.61708)->(15,10,7.11708)->(14,10,7.61708)->(13,10,8.11708)->(12,10,8.61708)->(11,10,9.11708)->(10,10,9.63503)->(9,10,10.2029)->(8,10,10.885)->(7,10,12.2029)->(6,10,14.4171)->(6,11,16.6313)->(6,12,17.9491)->(6,13,18.6313)->(6,14,19.1991)->(6,15,19.7171)->(6,16,20.2171)->(6,17,20.7171)->(6,18,21.2171)->(6,19,21.7171)->(6,20,22.2171)->(6,21,22.7171)->(6,22,23.235)->(6,23,23.8029)->(6,24,24.485)->(6,25,25.8029)->(6,26,5012.61)->
Agent 13:(23,21,3.2)->(24,21,5.81421)->(25,21,7.13205)->(26,21,7.8641)->(27,21,8.59615)->(28,21,9.91399)->(29,21,12.1282)->(29,20,14.3424)->(29,19,15.6603)->(29,18,16.3424)->(29,17,16.9103)->(29,16,17.4282)->(29,15,17.9282)->(29,14,18.4282)->(29,13,18.9282)->(29,12,19.4282)->(29,11,19.9282)->(29,10,20.4282)->(29,9,20.9282)->(29,8,21.4282)->(29,7,21.9282)->(29,6,22.4462)->(29,5,23.014)->(29,4,23.6962)->(29,3,25.014)->(29,2,5012.21)->
Agent 14:(24,16,1.8)->(25,16,3.01421)->(26,16,4.33205)->(27,16,5.02382)->(28,16,5.65949)->(29,16,6.35126)->(30,16,7.6691)->(31,16,10.2975)->(31,15,5005.34)->
Agent 15:(9,5,3.30854)->(9,6,6.0313)->(9,7,7.34913)->(9,8,8.0313)->(9,9,8.59913)->(9,10,9.11708)->(9,11,9.61708)->(9,12,10.1171)->(9,13,10.6171)->(9,14,11.1171)->(9,15,11.6171)->(9,16,12.1171)->(9,17,12.635)->(9,18,13.2029)->(9,19,13.885)->(9,20,15.2029)->(9,21,17.4171)->(8,21,19.6313)->(7,21,20.9491)->(6,21,21.6313)->(5,21,22.1991)->(4,21,22.735)->(3,21,23.3029)->(2,21,23.985)->(1,21,25.3029)->(0,21,5012.36)->
Agent 16:(23,31,2.99626)->(23,30,5.40674)->(23,29,6.72458)->(23,28,7.40674)->(23,27,7.97458)->(23,26,8.49253)->(23,25,8.99253)->(23,24,9.49253)->(23,23,9.99253)->(23,22,10.4925)->(23,21,10.9925)->(23,20,11.4925)->(23,19,11.9925)->(23,18,12.4925)->(23,17,12.9925)->(23,16,13.4925)->(23,15,13.9925)->(23,14,14.4925)->(23,13,14.9925)->(23,12,15.4925)->(23,11,15.9925)->(23,10,16.4925)->(23,9,16.9925)->(23,8,17.4925)->(23,7,17.9925)->(23,6,18.4925)->(23,5,19.0105)->(23,4,19.5783)->(23,3,20.2605)->(23,2,21.5783)->(23,1,23.7925)->(22,1,26.0067)->(21,1,27.3246)->(20,1,28.0067)->(19,1,28.5746)->(18,1,29.0925)->(17,1,29.5925)->(16,1,30.0925)->(15,1,30.5925)->(14,1,31.1105)->(13,1,31.6783)->(12,1,32.3605)->(11,1,33.6783)->(10,1,5016.55)->
Agent 17:(25,5,1.8)->(24,5,3.01421)->(23,5,4.33205)->(22,5,5.01421)->(21,5,5.58205)->(20,5,6.1)->(19,5,6.6)->(18,5,7.1)->(17,5,7.6)->(16,5,8.1)->(15,5,8.6)->(14,5,9.1)->(13,5,9.6)->(12,5,10.1)->(11,5,10.6)->(10,5,11.1)->(9,5,11.6)->(8,5,12.1179)->(7,5,12.6858)->(6,5,13.3679)->(5,5,14.6858)->(4,5,16.9)->(4,6,19.1142)->(4,7,20.4321)->(4,8,21.1142)->(4,9,21.6821)->(4,10,22.2)->(4,11,22.7)->(4,12,23.2)->(4,13,23.7)->(4,14,24.2)->(4,15,24.7)->(4,16,25.2)->(4,17,25.7)->(4,18,26.2)->(4,19,26.7)->(4,20,27.2)->(4,21,27.7)->(4,22,28.2)->(4,23,28.7)->(4,24,29.2)->(4,25,29.7179)->(4,26,30.2858)->(4,27,30.9679)->(4,28,32.2858)->(4,29,5015.85)->
Agent 18:(3,0,1.3)->(3,1,2.04949)->(3,2,4.04949)->(3,3,6.29898)->(4,3,8.51319)->(5,3,9.83103)->(6,3,10.5132)->(7,3,11.081)->(8,3,11.599)->(9,3,12.099)->(10,3,12.599)->(11,3,13.099)->(12,3,13.599)->(13,3,14.099)->(14,3,14.6169)->(15,3,15.1848)->(16,3,15.8669)->(17,3,17.1848)->(18,3,5008.3)->
Agent 19:(27,5,3.92843)->(27,6,7.27107)->(27,7,8.58891)->(27,8,9.27107)->(27,9,9.85685)->(27,10,10.4426)->(27,11,11.1248)->(27,12,12.4426)->(27,13,14.6569)->(26,13,16.8711)->(25,13,18.1889)->(24,13,18.8711)->(23,13,19.4389)->(22,13,19.9569)->(21,13,20.4569)->(20,13,20.9569)->(19,13,21.4569)->(18,13,21.9569)->(17,13,22.4569)->(16,13,22.9569)->(15,13,23.4569)->(14,13,23.9569)->(13,13,24.4569)->(12,13,24.9569)->(11,13,25.4569)->(10,13,25.9569)->(9,13,26.4569)->(8,13,26.9569)->(7,13,27.4569)->(6,13,27.9569)->(5,13,28.4569)->(4,13,28.9748)->(3,13,29.5426)->(2,13,30.2248)->(1,13,31.5426)->(0,13,5015.48)->
Agent 20:(24,21,2.2)->(24,20,3.81421)->(24,19,5.13205)->(24,18,5.81421)->(24,17,6.38205)->(24,16,6.9)->(24,15,7.4)->(24,14,7.9)->(24,13,8.4)->(24,12,8.9)->(24,11,9.4)->(24,10,9.9)->(24,9,10.4)->(24,8,10.9)->(24,7,11.4)->(24,6,11.9)->(24,5,12.4)->(24,4,12.9179)->(24,3,13.4858)->(24,2,14.1679)->(24,1,15.4858)->(24,0,17.7)->(23,0,19.9142)->(22,0,21.2321)->(21,0,21.9142)->(20,0,22.4821)->(19,0,23)->(18,0,23.5)->(17,0,24)->(16,0,24.5)->(15,0,25)->(14,0,25.5)->(13,0,26)->(12,0,26.5)->(11,0,27)->(10,0,27.5)->(9,0,28)->(8,0,28.5)->(7,0,29.0179)->(6,0,29.5858)->(5,0,30.2679)->(4,0,31.5858)->(3,0,34.2142)->(3,1,5017.3)->
Agent 21:(16,19,1.3)->(16,20,2.01421)->(16,21,3.33205)->(16,22,4.02382)->(16,23,4.65949)->(16,24,5.35126)->(16,25,6.6691)->(16,26,8.88331)->(17,26,11.0975)->(18,26,12.4154)->(19,26,13.0975)->(20,26,13.6654)->(21,26,14.1833)->(22,26,14.6833)->(23,26,15.1833)->(24,26,15.6833)->(25,26,16.2013)->(26,26,16.7691)->(27,26,17.4513)->(28,26,18.7691)->(29,26,5009.09)->
Agent 22:(11,20,2.54059)->(11,19,4.4954)->(11,18,5.81324)->(11,17,6.4954)->(11,16,7.06324)->(11,15,7.58119)->(11,14,8.08119)->(11,13,8.58119)->(11,12,9.09913)->(11,11,9.66697)->(11,10,10.3491)->(11,9,11.667)->(11,8,13.8812)->(12,8,16.0954)->(13,8,17.4132)->(14,8,18.0954)->(15,8,18.6632)->(16,8,19.1812)->(17,8,19.6812)->(18,8,20.1812)->(19,8,20.6812)->(20,8,21.1812)->(21,8,21.6812)->(22,8,22.1812)->(23,8,22.6812)->(24,8,23.1812)->(25,8,23.6812)->(26,8,24.1991)->(27,8,24.767)->(28,8,25.4491)->(29,8,26.767)->(30,8,5013.09)->
Agent 23:(10,6,1.3)->(10,7,2.01421)->(10,8,3.33205)->(10,9,4.0641)->(10,10,4.79615)->(10,11,6.11399)->(10,12,13.15)->(9,12,20.186)->(8,12,21.5038)->(7,12,22.2359)->(6,12,22.9679)->(5,12,24.2858)->(4,12,28.0106)->(4,13,5014.75)->
Agent 24:(21,15,2.2)->(21,14,3.81421)->(21,13,5.13205)->(21,12,5.81421)->(21,11,6.38205)->(21,10,6.9)->(21,9,7.4)->(21,8,7.91795)->(21,7,8.48579)->(21,6,9.16795)->(21,5,10.4858)->(21,4,15.4)->(22,4,20.3495)->(23,4,22.3495)->(24,4,5010.9)->
Agent 25:(23,13,2.2)->(23,12,3.81421)->(23,11,5.13205)->(23,10,5.81421)->(23,9,6.38205)->(23,8,6.9)->(23,7,7.4)->(23,6,7.9)->(23,5,8.41795)->(23,4,8.98579)->(23,3,9.66795)->(23,2,10.9858)->(23,1,13.2)->(22,1,15.4142)->(21,1,16.8284)->(20,1,18.2426)->(19,1,20.8711)->(19,2,5010.63)->
Agent 26:(2,9,2.2)->(2,8,3.81421)->(2,7,5.13205)->(2,6,5.8641)->(2,5,6.59615)->(2,4,7.91399)->(2,3,10.1282)->(3,3,12.3424)->(4,3,13.6603)->(5,3,14.3424)->(6,3,14.9103)->(7,3,15.4282)->(8,3,15.9282)->(9,3,16.4462)->(10,3,17.014)->(11,3,17.6962)->(12,3,19.014)->(13,3,5009.21)->
Agent 27:(8,8,1.3)->(8,9,2.01421)->(8,10,3.33205)->(8,11,4.0641)->(8,12,4.79615)->(8,13,6.11399)->(8,14,8.74242)->(7,14,5004.56)->
Agent 28:(12,4,1.3)->(12,5,2.01421)->(12,6,3.33205)->(12,7,4.01421)->(12,8,4.58205)->(12,9,5.1)->(12,10,5.6)->(12,11,6.1)->(12,12,6.6)->(12,13,7.1)->(12,14,7.6)->(12,15,8.1)->(12,16,8.6)->(12,17,9.1)->(12,18,9.6)->(12,19,10.1)->(12,20,10.6)->(12,21,11.1)->(12,22,11.6)->(12,23,12.1)->(12,24,12.6)->(12,25,13.1)->(12,26,13.6179)->(12,27,14.1858)->(12,28,14.8679)->(12,29,16.1858)->(12,30,18.4)->(11,30,20.6142)->(10,30,22.0284)->(9,30,23.4426)->(8,30,5011.43)->
Agent 29:(1,10,1.3)->(1,11,2.01421)->(1,12,3.33205)->(1,13,4.01421)->(1,14,4.58205)->(1,15,5.1)->(1,16,5.6)->(1,17,6.1)->(1,18,6.6)->(1,19,7.1)->(1,20,7.6)->(1,21,8.1)->(1,22,8.6)->(1,23,9.1)->(1,24,9.61795)->(1,25,10.1858)->(1,26,10.8679)->(1,27,12.1858)->(1,28,14.4)->(2,28,16.6142)->(3,28,17.9321)->(4,28,18.6142)->(5,28,19.1821)->(6,28,19.7)->(7,28,20.2179)->(8,28,20.7858)->(9,28,21.4679)->(10,28,22.7858)->(11,28,5011.1)->
