Agent 0:(16,6,1.8)->(15,6,3.01421)->(14,6,4.33205)->(13,6,5.0641)->(12,6,5.79615)->(11,6,7.11399)->(10,6,14.8179)->(10,5,22.5219)->(10,4,23.8397)->(10,3,24.5718)->(10,2,25.3038)->(10,1,26.6217)->(10,0,36.1875)->(10,1,5021.76)->
Agent 1:(22,16,5.0859)->(23,16,9.58601)->(24,16,10.9038)->(25,16,11.6359)->(26,16,12.3679)->(27,16,13.6858)->(28,16,15.9)->(28,15,18.7)->(28,14,5009.35)->
Agent 2:(13,1,1.8)->(14,1,3.01421)->(15,1,4.33205)->(16,1,5.01421)->(17,1,5.6)->(18,1,6.18579)->(19,1,6.86795)->(20,1,8.18579)->(21,1,12.5)->(21,2,16.8142)->(21,3,18.2284)->(21,4,19.6426)->(21,5,5009.53)->
Agent 3:(28,7,1.3)->(28,8,2.01421)->(28,9,3.33205)->(28,10,4.01421)->(28,11,4.58205)->(28,12,5.1)->(28,13,5.61795)->(28,14,6.18579)->(28,15,6.86795)->(28,16,8.18579)->(28,17,16.1321)->(29,17,24.6641)->(30,17,5012.33)->
Agent 4:(7,3,3.21421)->(7,4,5.84264)->(7,5,7.16048)->(7,6,7.84264)->(7,7,8.41048)->(7,8,8.92843)->(7,9,9.42843)->(7,10,9.92843)->(7,11,10.4284)->(7,12,10.9464)->(7,13,11.5142)->(7,14,12.1964)->(7,15,13.5142)->(7,16,15.7284)->(8,16,17.9426)->(9,16,19.2605)->(10,16,19.9426)->(11,16,20.5105)->(12,16,21.0464)->(13,16,21.6142)->(14,16,22.2964)->(15,16,23.6142)->(16,16,5011.51)->
Agent 5:(20,15,2.2)->(20,14,3.81421)->(20,13,5.13205)->(20,12,5.81421)->(20,11,6.38205)->(20,10,6.9)->(20,9,7.41795)->(20,8,7.98579)->(20,7,8.66795)->(20,6,9.98579)->(20,5,12.2)->(21,5,14.4142)->(22,5,15.7321)->(23,5,16.4641)->(24,5,17.1962)->(25,5,18.514)->(26,5,22.0425)->(26,4,5011.66)->
Agent 6:(10,17,2.61421)->(10,16,5.61421)->(11,16,8.24264)->(12,16,9.56048)->(13,16,10.2426)->(14,16,10.8105)->(15,16,11.3284)->(16,16,11.8284)->(17,16,12.3464)->(18,16,12.9142)->(19,16,13.5964)->(20,16,14.9142)->(21,16,5007.16)->
Agent 7:(12,24,1.3)->(12,25,2.01421)->(12,26,3.33205)->(12,27,4.02382)->(12,28,4.65949)->(12,29,5.35126)->(12,30,6.6691)->(12,31,10.1417)->(13,31,13.6142)->(14,31,14.9321)->(15,31,15.6142)->(16,31,16.1821)->(17,31,16.7)->(18,31,17.2)->(19,31,17.7)->(20,31,18.2)->(21,31,18.7)->(22,31,19.2)->(23,31,19.7)->(24,31,20.2179)->(25,31,20.7858)->(26,31,21.4679)->(27,31,22.7858)->(28,31,5011.1)->
Agent 8:(31,23,1.3)->(31,24,2.01421)->(31,25,3.33205)->(31,26,4.02382)->(31,27,4.65949)->(31,28,5.35126)->(31,29,6.6691)->(31,30,8.88331)->(30,30,11.0975)->(29,30,12.4154)->(28,30,13.1474)->(27,30,13.8795)->(26,30,15.1973)->(25,30,5007.31)->
Agent 9:(23,3,3.05)->(23,4,5.51421)->(23,5,6.83205)->(23,6,7.51421)->(23,7,8.08205)->(23,8,8.6)->(23,9,9.1)->(23,10,9.6)->(23,11,10.1)->(23,12,10.6)->(23,13,11.1)->(23,14,11.6)->(23,15,12.1)->(23,16,12.6179)->(23,17,13.1858)->(23,18,13.8679)->(23,19,15.1858)->(23,20,17.4)->(22,20,19.6142)->(21,20,20.9321)->(20,20,21.6142)->(19,20,22.2)->(18,20,22.7858)->(17,20,23.4679)->(16,20,24.7858)->(15,20,5012.1)->
Agent 10:(17,2,1.3)->(17,3,2.01421)->(17,4,3.42843)->(17,5,4.84264)->(17,6,12.1643)->(16,6,19.486)->(15,6,20.8038)->(14,6,21.486)->(13,6,22.0538)->(12,6,22.5897)->(11,6,23.1576)->(10,6,23.8397)->(9,6,25.1576)->(8,6,5012.29)->
Agent 11:(29,20,2.2)->(29,19,3.81421)->(29,18,5.22843)->(29,17,6.64264)->(29,16,8.85685)->(30,16,11.6569)->(31,16,5005.83)->
Agent 12:(14,18,1.3)->(14,19,2.01421)->(14,20,3.33205)->(14,21,4.01421)->(14,22,4.58205)->(14,23,5.11795)->(14,24,5.68579)->(14,25,6.36795)->(14,26,7.68579)->(14,27,10.3142)->(13,27,5005.35)->
Agent 13:(10,19,4)->(10,18,7.41421)->(10,17,8.73205)->(10,16,9.41421)->(10,15,10)->(10,14,10.5858)->(10,13,11.2679)->(10,12,12.5858)->(10,11,14.8)->(9,11,17.6)->(8,11,5008.8)->
Agent 14:(23,16,1.3)->(23,17,2.04949)->(23,18,4.04949)->(23,19,6.29898)->(22,19,8.51319)->(21,19,9.83103)->(20,19,10.5132)->(19,19,11.081)->(18,19,11.599)->(17,19,12.099)->(16,19,12.599)->(15,19,13.099)->(14,19,13.599)->(13,19,14.1169)->(12,19,14.6848)->(11,19,15.3669)->(10,19,16.6848)->(9,19,5008.05)->
Agent 15:(5,3,3.45)->(6,3,6.31421)->(7,3,7.63205)->(8,3,8.31421)->(9,3,8.88205)->(10,3,9.4)->(11,3,9.9)->(12,3,10.4)->(13,3,10.9)->(14,3,11.4)->(15,3,11.9)->(16,3,12.4)->(17,3,12.9)->(18,3,13.4179)->(19,3,13.9858)->(20,3,14.6679)->(21,3,15.9858)->(22,3,5007.7)->
Agent 16:(7,23,1.3)->(7,24,2.01421)->(7,25,3.34806)->(7,26,4.17649)->(7,27,5.51034)->(7,28,9.27638)->(8,28,13.0424)->(9,28,14.3603)->(10,28,15.0424)->(11,28,15.6103)->(12,28,16.1282)->(13,28,16.6282)->(14,28,17.1462)->(15,28,17.714)->(16,28,18.3962)->(17,28,19.714)->(18,28,5009.56)->
Agent 17:(22,29,1.8)->(21,29,3.01421)->(20,29,4.33205)->(19,29,5.01421)->(18,29,5.58205)->(17,29,6.1)->(16,29,6.61795)->(15,29,7.18579)->(14,29,7.86795)->(13,29,9.18579)->(12,29,14.0283)->(12,28,5008.31)->
Agent 18:(27,7,4.22832)->(26,7,7.87084)->(25,7,9.18868)->(24,7,9.87084)->(23,7,10.4387)->(22,7,10.9746)->(21,7,11.5424)->(20,7,12.2246)->(19,7,13.5424)->(18,7,15.7566)->(18,8,17.9708)->(18,9,19.2887)->(18,10,19.9708)->(18,11,20.5566)->(18,12,21.1424)->(18,13,21.8246)->(18,14,23.1424)->(18,15,5011.28)->
Agent 19:(15,27,2.2)->(15,26,3.81421)->(15,25,5.13205)->(15,24,5.81421)->(15,23,6.38205)->(15,22,6.9)->(15,21,7.4)->(15,20,7.9)->(15,19,8.4)->(15,18,8.9)->(15,17,9.4)->(15,16,9.9)->(15,15,10.4)->(15,14,10.9)->(15,13,11.4)->(15,12,11.9)->(15,11,12.4179)->(15,10,12.9858)->(15,9,13.6679)->(15,8,14.9858)->(15,7,17.2)->(14,7,19.4142)->(13,7,20.8284)->(12,7,22.2426)->(11,7,5010.83)->
Agent 20:(12,0,2.0141)->(12,1,3.44242)->(12,2,4.76025)->(12,3,5.44242)->(12,4,6.01025)->(12,5,6.5282)->(12,6,7.0282)->(12,7,7.5282)->(12,8,8.0282)->(12,9,8.5282)->(12,10,9.0282)->(12,11,9.54615)->(12,12,10.114)->(12,13,10.7962)->(12,14,12.114)->(12,15,14.7424)->(11,15,19.4925)->(11,16,5010.51)->
Agent 21:(16,14,2.2)->(16,13,3.81421)->(16,12,5.22843)->(16,11,6.64264)->(16,10,10.8142)->(15,10,14.9858)->(14,10,16.3196)->(13,10,17.1481)->(12,10,18.4819)->(11,10,5008.95)->
Agent 22:(22,6,1.3)->(22,7,2.01421)->(22,8,3.33205)->(22,9,4.0641)->(22,10,4.79615)->(22,11,6.11399)->(22,12,8.74242)->(21,12,5004.56)->
Agent 23:(31,31,1.8)->(30,31,3.01421)->(29,31,4.33205)->(28,31,5.01421)->(27,31,5.58205)->(26,31,6.1)->(25,31,6.6)->(24,31,7.1)->(23,31,7.6)->(22,31,8.1)->(21,31,8.61795)->(20,31,9.18579)->(19,31,9.86795)->(18,31,11.1858)->(17,31,13.4)->(17,30,15.6142)->(17,29,16.9321)->(17,28,17.6641)->(17,27,18.3962)->(17,26,19.714)->(17,25,5009.56)->
Agent 24:(13,18,2.2)->(13,17,3.81421)->(13,16,5.13205)->(13,15,5.81421)->(13,14,6.38205)->(13,13,6.9)->(13,12,7.4)->(13,11,7.9)->(13,10,8.4)->(13,9,8.9)->(13,8,9.4)->(13,7,9.91795)->(13,6,10.4858)->(13,5,11.1679)->(13,4,12.4858)->(13,3,14.7)->(14,3,16.9142)->(15,3,18.2321)->(16,3,18.9238)->(17,3,19.5595)->(18,3,20.2513)->(19,3,21.5691)->(20,3,23.7833)->(20,2,26.0328)->(20,1,28.0328)->(20,0,5013.74)->
Agent 25:(27,29,2.63579)->(27,28,4.68579)->(27,27,6.00362)->(27,26,6.68579)->(27,25,7.25362)->(27,24,7.77157)->(27,23,8.27157)->(27,22,8.77157)->(27,21,9.27157)->(27,20,9.77157)->(27,19,10.2716)->(27,18,10.7716)->(27,17,11.2716)->(27,16,11.7716)->(27,15,12.2716)->(27,14,12.7716)->(27,13,13.2716)->(27,12,13.7716)->(27,11,14.2716)->(27,10,14.7716)->(27,9,15.2716)->(27,8,15.7716)->(27,7,16.2716)->(27,6,16.7895)->(27,5,17.3574)->(27,4,18.0395)->(27,3,19.3574)->(27,2,21.6269)->(26,2,23.8965)->(25,2,25.2143)->(24,2,25.8965)->(23,2,26.4643)->(22,2,26.9823)->(21,2,27.4823)->(20,2,27.9823)->(19,2,28.4823)->(18,2,29.0002)->(17,2,29.5681)->(16,2,30.2502)->(15,2,31.5681)->(14,2,34.1965)->(14,1,37.7965)->(13,1,40.4249)->(12,1,41.7428)->(11,1,42.4249)->(10,1,42.9928)->(9,1,43.5287)->(8,1,44.0965)->(7,1,44.7787)->(6,1,46.0965)->(5,1,48.7249)->(5,2,5024.56)->
Agent 26:(9,3,2.31795)->(9,4,4.05011)->(9,5,5.36795)->(9,6,6.05011)->(9,7,6.61795)->(9,8,7.1359)->(9,9,7.6359)->(9,10,8.1359)->(9,11,8.65385)->(9,12,9.22168)->(9,13,9.90385)->(9,14,11.2217)->(9,15,13.4359)->(8,15,15.6501)->(7,15,16.9679)->(6,15,17.7)->(5,15,18.4321)->(4,15,19.7499)->(3,15,5009.58)->
Agent 27:(8,13,2.63579)->(8,12,4.68579)->(8,11,6.00362)->(8,10,6.68579)->(8,9,7.25362)->(8,8,7.77157)->(8,7,8.27157)->(8,6,8.77157)->(8,5,9.28952)->(8,4,9.85736)->(8,3,10.5395)->(8,2,11.8574)->(8,1,14.0716)->(9,1,16.2858)->(10,1,17.6036)->(11,1,18.2858)->(12,1,18.8716)->(13,1,19.4574)->(14,1,20.1395)->(15,1,21.4574)->(16,1,5010.44)->
Agent 28:(2,21,2.2)->(2,20,3.81421)->(2,19,5.13205)->(2,18,5.81421)->(2,17,6.38205)->(2,16,6.9)->(2,15,7.4)->(2,14,7.9)->(2,13,8.4)->(2,12,8.9)->(2,11,9.4)->(2,10,9.9)->(2,9,10.4179)->(2,8,10.9858)->(2,7,11.6679)->(2,6,12.9858)->(2,5,15.2)->(3,5,17.4495)->(4,5,19.4495)->(5,5,5009.45)->
Agent 29:(18,22,2.46795)->(18,21,4.35011)->(18,20,5.66795)->(18,19,6.35011)->(18,18,6.91795)->(18,17,7.4359)->(18,16,7.9359)->(18,15,8.4359)->(18,14,8.9359)->(18,13,9.4359)->(18,12,9.9359)->(18,11,10.4359)->(18,10,10.9359)->(18,9,11.4359)->(18,8,11.9359)->(18,7,12.4359)->(18,6,12.9359)->(18,5,13.4359)->(18,4,13.9538)->(18,3,14.5217)->(18,2,15.2038)->(18,1,16.5217)->(18,0,18.7359)->(17,0,20.9501)->(16,0,22.2679)->(15,0,22.9501)->(14,0,23.5179)->(13,0,24.0359)->(12,0,24.5359)->(11,0,25.0359)->(10,0,25.5359)->(9,0,26.0359)->(8,0,26.5359)->(7,0,27.0359)->(6,0,27.5538)->(5,0,28.1217)->(4,0,28.8038)->(3,0,30.1217)->(2,0,32.7501)->(2,1,5016.57)->
Agent 30:(10,13,1.8)->(11,13,3.01421)->(12,13,4.33205)->(13,13,5.01421)->(14,13,5.58205)->(15,13,6.1)->(16,13,6.6)->(17,13,7.1)->(18,13,7.6)->(19,13,8.1)->(20,13,8.6)->(21,13,9.1)->(22,13,9.6)->(23,13,10.1)->(24,13,10.6)->(25,13,11.1)->(26,13,11.6179)->(27,13,12.1858)->(28,13,12.8679)->(29,13,14.1858)->(30,13,16.4)->(30,14,18.6142)->(30,15,19.9321)->(30,16,20.6142)->(30,17,21.1821)->(30,18,21.7)->(30,19,22.2)->(30,20,22.7)->(30,21,23.2)->(30,22,23.7179)->(30,23,24.2858)->(30,24,24.9679)->(30,25,26.2858)->(30,26,5012.85)->
Agent 31:(30,4,1.3)->(30,5,2.01421)->(30,6,3.33205)->(30,7,4.01421)->(30,8,4.58205)->(30,9,5.1)->(30,10,5.6)->(30,11,6.1)->(30,12,6.6)->(30,13,7.1)->(30,14,7.6)->(30,15,8.1)->(30,16,8.6)->(30,17,9.11795)->(30,18,9.68579)->(30,19,10.3679)->(30,20,11.6858)->(30,21,13.9)->(29,21,16.1142)->(28,21,17.4321)->(27,21,18.1142)->(26,21,18.6821)->(25,21,19.2)->(24,21,19.7)->(23,21,20.2)->(22,21,20.7)->(21,21,21.2)->(20,21,21.7)->(19,21,22.2)->(18,21,22.7)->(17,21,23.2)->(16,21,23.7)->(15,21,24.2)->(14,21,24.7)->(13,21,25.2)->(12,21,25.7)->(11,21,26.2179)->(10,21,26.7858)->(9,21,27.4679)->(8,21,28.7858)->(7,21,5014.1)->
Agent 32:(14,11,2.2)->(14,10,3.81421)->(14,9,5.13205)->(14,8,5.81421)->(14,7,6.38205)->(14,6,6.91795)->(14,5,7.48579)->(14,4,8.16795)->(14,3,9.48579)->(14,2,12.1142)->(13,2,5006.25)->
Agent 33:(8,4,1.8)->(7,4,3.01421)->(6,4,4.33205)->(5,4,5.01421)->(4,4,5.6)->(3,4,6.18579)->(2,4,6.86795)->(1,4,8.18579)->(0,4,10.4)->(0,5,12.6142)->(0,6,13.9321)->(0,7,14.6641)->(0,8,15.3962)->(0,9,16.714)->(0,10,5008.06)->
Agent 34:(19,12,2.2)->(19,11,3.81421)->(19,10,5.13205)->(19,9,5.81421)->(19,8,6.38205)->(19,7,6.9)->(19,6,7.4)->(19,5,7.9)->(19,4,8.41795)->(19,3,8.98579)->(19,2,9.66795)->(19,1,10.9858)->(19,0,16.9679)->(18,0,22.9501)->(17,0,24.2679)->(16,0,25)->(15,0,25.7321)->(14,0,27.0499)->(13,0,5013.23)->
Agent 35:(6,11,1.8)->(5,11,3.6)->(4,11,5001.8)->
Agent 36:(20,6,1.8)->(21,6,3.01421)->(22,6,4.33205)->(23,6,5.01421)->(24,6,5.58205)->(25,6,6.1)->(26,6,6.61795)->(27,6,7.18579)->(28,6,7.86795)->(29,6,9.18579)->(30,6,12.6321)->(30,7,16.0783)->(30,8,17.3962)->(30,9,18.0783)->(30,10,18.6462)->(30,11,19.1641)->(30,12,19.6641)->(30,13,20.1641)->(30,14,20.6821)->(30,15,21.2499)->(30,16,21.9321)->(30,17,23.2499)->(30,18,5011.33)->
Agent 37:(14,8,1.8)->(13,8,3.01421)->(12,8,4.33205)->(11,8,5.01421)->(10,8,5.58205)->(9,8,6.11795)->(8,8,6.68579)->(7,8,7.36795)->(6,8,8.68579)->(5,8,10.9)->(5,9,13.1142)->(5,10,14.4321)->(5,11,15.1142)->(5,12,15.6821)->(5,13,16.2)->(5,14,16.7)->(5,15,17.2)->(5,16,17.7)->(5,17,18.2179)->(5,18,18.7858)->(5,19,19.4679)->(5,20,20.7858)->(5,21,5010.1)->
Agent 38:(22,1,3.47832)->(22,2,6.37084)->(22,3,7.68868)->(22,4,8.37084)->(22,5,8.93868)->(22,6,9.45663)->(22,7,9.95663)->(22,8,10.4566)->(22,9,10.9566)->(22,10,11.4566)->(22,11,11.9566)->(22,12,12.4566)->(22,13,12.9566)->(22,14,13.4566)->(22,15,13.9566)->(22,16,14.4566)->(22,17,14.9566)->(22,18,15.4566)->(22,19,15.9566)->(22,20,16.4566)->(22,21,16.9566)->(22,22,17.4566)->(22,23,17.9566)->(22,24,18.4566)->(22,25,18.9566)->(22,26,19.4566)->(22,27,19.9746)->(22,28,20.5424)->(22,29,21.2246)->(22,30,22.5424)->(22,31,25.1708)->(21,31,5012.78)->
Agent 39:(2,28,1.3)->(2,29,2.6)->(2,30,5.4)->(3,30,7.61421)->(4,30,8.93205)->(5,30,9.6641)->(6,30,10.3962)->(7,30,11.714)->(8,30,5005.56)->
