Agent 0:(15,2,1.8)->(16,2,3.01421)->(17,2,4.33205)->(18,2,5.01421)->(19,2,5.58205)->(20,2,6.1)->(21,2,6.61795)->(22,2,7.18579)->(23,2,7.86795)->(24,2,9.18579)->(25,2,11.4)->(25,1,14.2)->(25,0,20.8495)->(25,1,26.9132)->(25,2,28.3274)->(25,3,29.7416)->(25,4,5014.58)->
Agent 1:(10,12,2.21461)->(10,13,3.87871)->(10,14,5.87871)->(10,15,8.1282)->(11,15,10.3424)->(12,15,11.6603)->(13,15,12.3424)->(14,15,12.9103)->(15,15,13.4282)->(16,15,13.9282)->(17,15,14.4282)->(18,15,14.9282)->(19,15,15.4282)->(20,15,15.9282)->(21,15,16.4282)->(22,15,16.9282)->(23,15,17.4282)->(24,15,17.9282)->(25,15,18.4282)->(26,15,18.9282)->(27,15,19.4462)->(28,15,20.014)->(29,15,20.6962)->(30,15,22.014)->(31,15,5010.71)->
Agent 2:(30,17,2.2)->(30,16,3.84949)->(30,15,5.84949)->(30,14,8.09898)->(29,14,10.3132)->(28,14,11.631)->(27,14,12.3132)->(26,14,12.881)->(25,14,13.399)->(24,14,13.899)->(23,14,14.4169)->(22,14,14.9848)->(21,14,15.6669)->(20,14,16.9848)->(19,14,5008.2)->
Agent 3:(14,28,1.8)->(13,28,3.6)->(12,28,6.4)->(12,29,9.2)->(12,30,5004.6)->
Agent 4:(13,0,1.3)->(13,1,2.01421)->(13,2,3.33205)->(13,3,4.01421)->(13,4,4.58205)->(13,5,5.1)->(13,6,5.6)->(13,7,6.1)->(13,8,6.6)->(13,9,7.1)->(13,10,7.6)->(13,11,8.1)->(13,12,8.6)->(13,13,9.1)->(13,14,9.6)->(13,15,10.1)->(13,16,10.6)->(13,17,11.1)->(13,18,11.6)->(13,19,12.1)->(13,20,12.6)->(13,21,13.1)->(13,22,13.6)->(13,23,14.1)->(13,24,14.6)->(13,25,15.1179)->(13,26,15.6858)->(13,27,16.3679)->(13,28,17.6858)->(13,29,19.9)->(14,29,22.1142)->(15,29,23.4321)->(16,29,24.1142)->(17,29,24.6821)->(18,29,25.2)->(19,29,25.7)->(20,29,26.2)->(21,29,26.7)->(22,29,27.2179)->(23,29,27.7858)->(24,29,28.4679)->(25,29,29.7858)->(26,29,5014.6)->
Agent 5:(10,23,3.7141)->(10,22,6.84242)->(10,21,8.16025)->(10,20,8.84242)->(10,19,9.41025)->(10,18,9.9282)->(10,17,10.4282)->(10,16,10.9282)->(10,15,11.4282)->(10,14,11.9282)->(10,13,12.4282)->(10,12,12.9282)->(10,11,13.4282)->(10,10,13.9282)->(10,9,14.4282)->(10,8,14.9462)->(10,7,15.514)->(10,6,16.1962)->(10,5,17.514)->(10,4,19.7282)->(9,4,21.9424)->(8,4,23.2603)->(7,4,23.9424)->(6,4,24.5282)->(5,4,25.114)->(4,4,25.7962)->(3,4,27.114)->(2,4,5013.26)->
Agent 6:(15,4,1.3)->(15,5,2.01421)->(15,6,3.33205)->(15,7,4.01421)->(15,8,4.58205)->(15,9,5.1)->(15,10,5.6)->(15,11,6.1)->(15,12,6.61795)->(15,13,7.18579)->(15,14,7.86795)->(15,15,9.18579)->(15,16,13.0141)->(14,16,16.8424)->(13,16,18.2566)->(12,16,19.6708)->(11,16,5009.54)->
Agent 7:(11,23,3.87832)->(11,22,7.17084)->(11,21,8.48868)->(11,20,9.17084)->(11,19,9.75663)->(11,18,10.3424)->(11,17,11.0246)->(11,16,12.3424)->(11,15,14.5566)->(10,15,16.7708)->(9,15,18.0887)->(8,15,18.7805)->(7,15,19.4161)->(6,15,20.1079)->(5,15,21.4257)->(4,15,5010.42)->
Agent 8:(3,13,2.2)->(3,12,3.84949)->(3,11,5.84949)->(3,10,13.1514)->(4,10,20.4181)->(5,10,21.7519)->(6,10,22.5804)->(7,10,23.9142)->(8,10,5011.66)->
Agent 9:(0,27,2.2)->(0,26,3.81421)->(0,25,5.22843)->(0,24,6.64264)->(0,23,5003.03)->
Agent 10:(29,22,4.1137)->(29,21,7.64162)->(29,20,8.95946)->(29,19,9.64162)->(29,18,10.2095)->(29,17,10.7274)->(29,16,11.2274)->(29,15,11.7274)->(29,14,12.2274)->(29,13,12.7274)->(29,12,13.2274)->(29,11,13.7274)->(29,10,14.2274)->(29,9,14.7274)->(29,8,15.2274)->(29,7,15.7454)->(29,6,16.3132)->(29,5,16.9954)->(29,4,18.3132)->(29,3,20.5274)->(28,3,22.7416)->(27,3,24.0595)->(26,3,24.7416)->(25,3,25.3095)->(24,3,25.8274)->(23,3,26.3274)->(22,3,26.8274)->(21,3,27.3274)->(20,3,27.8274)->(19,3,28.3274)->(18,3,28.8274)->(17,3,29.3274)->(16,3,29.8274)->(15,3,30.3274)->(14,3,30.8274)->(13,3,31.3274)->(12,3,31.8274)->(11,3,32.3274)->(10,3,32.8274)->(9,3,33.3274)->(8,3,33.8274)->(7,3,34.3454)->(6,3,34.9132)->(5,3,35.5954)->(4,3,36.9132)->(3,3,5018.16)->
Agent 11:(5,31,2.2)->(5,30,3.81421)->(5,29,5.14806)->(5,28,5.97649)->(5,27,7.31034)->(5,26,9.93877)->(4,26,5005.16)->
Agent 12:(23,22,1.71421)->(23,23,3.81421)->(22,23,6.44264)->(21,23,7.76048)->(20,23,8.44264)->(19,23,9.01048)->(18,23,9.52843)->(17,23,10.0284)->(16,23,10.5284)->(15,23,11.0284)->(14,23,11.5284)->(13,23,12.0284)->(12,23,12.5284)->(11,23,13.0284)->(10,23,13.5284)->(9,23,14.0284)->(8,23,14.5284)->(7,23,15.0284)->(6,23,15.5464)->(5,23,16.1142)->(4,23,16.7964)->(3,23,18.1142)->(2,23,5008.76)->
Agent 13:(31,9,2.2)->(31,8,3.81421)->(31,7,5.14806)->(31,6,5.97649)->(31,5,7.31034)->(31,4,14.5407)->(30,4,21.7711)->(29,4,23.0889)->(28,4,23.7711)->(27,4,24.3389)->(26,4,24.8569)->(25,4,25.3569)->(24,4,25.8569)->(23,4,26.3569)->(22,4,26.8569)->(21,4,27.3569)->(20,4,27.8569)->(19,4,28.3569)->(18,4,28.8569)->(17,4,29.3569)->(16,4,29.8569)->(15,4,30.3569)->(14,4,30.8569)->(13,4,31.3569)->(12,4,31.8569)->(11,4,32.3569)->(10,4,32.8748)->(9,4,33.4426)->(8,4,34.1248)->(7,4,35.4426)->(6,4,5017.43)->
Agent 14:(20,6,1.3)->(20,7,2.01421)->(20,8,3.33205)->(20,9,4.01421)->(20,10,4.6)->(20,11,5.18579)->(20,12,5.86795)->(20,13,7.18579)->(20,14,9.4)->(19,14,11.6142)->(18,14,12.9321)->(17,14,13.6142)->(16,14,14.1821)->(15,14,14.7)->(14,14,15.2)->(13,14,15.7)->(12,14,16.2)->(11,14,16.7)->(10,14,17.2179)->(9,14,17.7858)->(8,14,18.4679)->(7,14,19.7858)->(6,14,22)->(6,15,24.8)->(6,16,5012.4)->
Agent 15:(25,14,2.2)->(25,13,3.81421)->(25,12,5.13205)->(25,11,5.81421)->(25,10,6.38205)->(25,9,6.91795)->(25,8,7.48579)->(25,7,8.16795)->(25,6,9.48579)->(25,5,11.7)->(24,5,13.9142)->(23,5,15.2321)->(22,5,15.9142)->(21,5,16.4821)->(20,5,17)->(19,5,17.5)->(18,5,18)->(17,5,18.5)->(16,5,19)->(15,5,19.5)->(14,5,20)->(13,5,20.5)->(12,5,21)->(11,5,21.5)->(10,5,22.0179)->(9,5,22.5858)->(8,5,23.2679)->(7,5,24.5858)->(6,5,27.2142)->(6,4,31.2284)->(5,4,35.6569)->(5,5,5018.23)->
Agent 16:(9,17,1.8)->(10,17,3.01421)->(11,17,4.33205)->(12,17,5.01421)->(13,17,5.58205)->(14,17,6.1)->(15,17,6.6)->(16,17,7.1)->(17,17,7.61795)->(18,17,8.18579)->(19,17,8.86795)->(20,17,10.1858)->(21,17,13.2641)->(21,16,16.3424)->(21,15,17.6603)->(21,14,18.3424)->(21,13,18.9282)->(21,12,19.514)->(21,11,20.1962)->(21,10,21.514)->(21,9,24.1424)->(20,9,28.1566)->(20,10,5014.48)->
Agent 17:(21,20,2.21421)->(20,20,11.9)->(20,21,21.6142)->(20,22,22.9321)->(20,23,23.6142)->(20,24,24.1821)->(20,25,24.7179)->(20,26,25.2858)->(20,27,25.9679)->(20,28,27.2858)->(20,29,5013.35)->
Agent 18:(4,17,1.8)->(5,17,3.01421)->(6,17,4.33205)->(7,17,5.01421)->(8,17,5.58205)->(9,17,6.1)->(10,17,6.6)->(11,17,7.1)->(12,17,7.6)->(13,17,8.1)->(14,17,8.6)->(15,17,9.11795)->(16,17,9.68579)->(17,17,10.3679)->(18,17,11.6858)->(19,17,13.9)->(19,18,16.1142)->(19,19,17.4321)->(19,20,18.1142)->(19,21,18.6821)->(19,22,19.2)->(19,23,19.7179)->(19,24,20.2858)->(19,25,20.9679)->(19,26,22.2858)->(19,27,5010.85)->
Agent 19:(20,22,1.3)->(20,23,2.01421)->(20,24,3.33205)->(20,25,4.0641)->(20,26,4.79615)->(20,27,6.11399)->(20,28,8.3282)->(19,28,10.5424)->(18,28,11.8603)->(17,28,12.5424)->(16,28,13.1103)->(15,28,13.6282)->(14,28,14.1462)->(13,28,14.714)->(12,28,15.3962)->(11,28,16.714)->(10,28,19.3424)->(10,27,24.5783)->(10,28,5013.3)->
Agent 20:(0,20,2.2)->(0,19,3.81421)->(0,18,5.13205)->(0,17,5.81421)->(0,16,6.38205)->(0,15,6.91795)->(0,14,7.48579)->(0,13,8.16795)->(0,12,9.48579)->(0,11,11.7)->(1,11,13.9142)->(2,11,15.2321)->(3,11,15.9142)->(4,11,16.4821)->(5,11,17)->(6,11,17.5)->(7,11,18)->(8,11,18.5)->(9,11,19)->(10,11,19.5)->(11,11,20)->(12,11,20.5)->(13,11,21)->(14,11,21.5)->(15,11,22.0179)->(16,11,22.5858)->(17,11,23.2679)->(18,11,24.5858)->(19,11,5012)->
Agent 21:(15,28,4.7141)->(14,28,8.84242)->(13,28,10.1603)->(12,28,10.8923)->(11,28,11.6244)->(10,28,12.9422)->(9,28,15.1564)->(9,27,17.3706)->(9,26,18.6885)->(9,25,19.3706)->(9,24,19.9385)->(9,23,20.4744)->(9,22,21.0422)->(9,21,21.7244)->(9,20,23.0422)->(9,19,5011.23)->
Agent 22:(30,12,2.2)->(30,11,3.81421)->(30,10,5.13205)->(30,9,5.81421)->(30,8,6.38205)->(30,7,6.91795)->(30,6,7.48579)->(30,5,8.16795)->(30,4,9.48579)->(30,3,17.1137)->(29,3,24.7416)->(28,3,26.0595)->(27,3,26.7416)->(26,3,27.3095)->(25,3,27.8274)->(24,3,28.3274)->(23,3,28.8274)->(22,3,29.3454)->(21,3,29.9132)->(20,3,30.5954)->(19,3,31.9132)->(18,3,5015.66)->
Agent 23:(14,31,2.7141)->(14,30,4.84242)->(14,29,6.16025)->(14,28,6.84242)->(14,27,7.41025)->(14,26,7.9282)->(14,25,8.4282)->(14,24,8.9282)->(14,23,9.4282)->(14,22,9.9282)->(14,21,10.4282)->(14,20,10.9282)->(14,19,11.4462)->(14,18,12.014)->(14,17,12.6962)->(14,16,14.014)->(14,15,18.1783)->(15,15,22.3426)->(16,15,23.6605)->(17,15,24.3426)->(18,15,24.9105)->(19,15,25.4284)->(20,15,25.9284)->(21,15,26.4284)->(22,15,26.9463)->(23,15,27.5142)->(24,15,28.1963)->(25,15,29.5142)->(26,15,32.1426)->(26,16,5016.26)->
Agent 24:(12,15,1.93205)->(11,15,3.27832)->(10,15,4.59615)->(9,15,5.27832)->(8,15,5.84615)->(7,15,6.3641)->(6,15,6.88205)->(5,15,7.44989)->(4,15,8.13205)->(3,15,9.44989)->(2,15,11.6641)->(2,16,14.4641)->(2,17,5007.23)->
Agent 25:(31,14,1.3)->(31,15,2.01421)->(31,16,3.34806)->(31,17,4.17649)->(31,18,5.51034)->(31,19,7.72456)->(30,19,9.93877)->(29,19,11.2566)->(28,19,11.9388)->(27,19,12.5066)->(26,19,13.0425)->(25,19,13.6103)->(24,19,14.2925)->(23,19,15.6103)->(22,19,5007.51)->
Agent 26:(26,14,1.3)->(26,15,2.01421)->(26,16,3.33205)->(26,17,4.01421)->(26,18,4.58205)->(26,19,5.1)->(26,20,5.6)->(26,21,6.1)->(26,22,6.6)->(26,23,7.1)->(26,24,7.6)->(26,25,8.1)->(26,26,8.61795)->(26,27,9.18579)->(26,28,9.86795)->(26,29,11.1858)->(26,30,15.5142)->(26,29,19.8426)->(26,28,21.1605)->(26,27,21.8426)->(26,26,22.4105)->(26,25,22.9284)->(26,24,23.4284)->(26,23,23.9284)->(26,22,24.4284)->(26,21,24.9284)->(26,20,25.4284)->(26,19,25.9284)->(26,18,26.4284)->(26,17,26.9463)->(26,16,27.5142)->(26,15,28.1963)->(26,14,29.5142)->(26,13,32.1426)->(27,13,5016.26)->
Agent 27:(3,29,6.00194)->(3,28,11.4181)->(3,27,12.7359)->(3,26,13.4181)->(3,25,13.9859)->(3,24,14.5039)->(3,23,15.0039)->(3,22,15.5039)->(3,21,16.0039)->(3,20,16.5039)->(3,19,17.0039)->(3,18,17.5039)->(3,17,18.0039)->(3,16,18.5039)->(3,15,19.0039)->(3,14,19.5039)->(3,13,20.0039)->(3,12,20.5039)->(3,11,21.0039)->(3,10,21.5039)->(3,9,22.0218)->(3,8,22.5897)->(3,7,23.2718)->(3,6,24.5897)->(3,5,26.8039)->(4,5,29.0181)->(5,5,30.3359)->(6,5,31.0181)->(7,5,31.5859)->(8,5,32.1039)->(9,5,32.6039)->(10,5,33.1039)->(11,5,33.6039)->(12,5,34.1039)->(13,5,34.6039)->(14,5,35.1039)->(15,5,35.6039)->(16,5,36.1039)->(17,5,36.6039)->(18,5,37.1039)->(19,5,37.6039)->(20,5,38.1039)->(21,5,38.6218)->(22,5,39.1897)->(23,5,39.8718)->(24,5,41.1897)->(25,5,5020.3)->
Agent 28:(8,31,2.2)->(8,30,3.81421)->(8,29,5.13205)->(8,28,5.81421)->(8,27,6.38205)->(8,26,6.9)->(8,25,7.4)->(8,24,7.9)->(8,23,8.4)->(8,22,8.9)->(8,21,9.4)->(8,20,9.9)->(8,19,10.4)->(8,18,10.9)->(8,17,11.4)->(8,16,11.9)->(8,15,12.4)->(8,14,12.9179)->(8,13,13.4858)->(8,12,14.1679)->(8,11,15.4858)->(8,10,17.7)->(9,10,19.9142)->(10,10,21.2321)->(11,10,21.9142)->(12,10,22.4821)->(13,10,23)->(14,10,23.5)->(15,10,24)->(16,10,24.5)->(17,10,25)->(18,10,25.5)->(19,10,26)->(20,10,26.5)->(21,10,27)->(22,10,27.5)->(23,10,28)->(24,10,28.5179)->(25,10,29.0858)->(26,10,29.7679)->(27,10,31.0858)->(28,10,5015.25)->
Agent 29:(26,13,2.4142)->(26,14,4.24261)->(26,15,5.56045)->(26,16,6.24261)->(26,17,6.81045)->(26,18,7.3284)->(26,19,7.8284)->(26,20,8.3284)->(26,21,8.8284)->(26,22,9.3284)->(26,23,9.8284)->(26,24,10.3463)->(26,25,10.9142)->(26,26,11.5963)->(26,27,12.9142)->(26,28,15.1284)->(25,28,17.3426)->(24,28,18.6605)->(23,28,19.3426)->(22,28,19.9105)->(21,28,20.4284)->(20,28,20.9284)->(19,28,21.4284)->(18,28,21.9284)->(17,28,22.4284)->(16,28,22.9284)->(15,28,23.4284)->(14,28,23.9284)->(13,28,24.4284)->(12,28,24.9284)->(11,28,25.4463)->(10,28,26.0142)->(9,28,26.6963)->(8,28,28.0142)->(7,28,30.6426)->(7,29,5015.51)->
Agent 30:(24,27,2.2)->(24,26,3.81421)->(24,25,5.13205)->(24,24,5.81421)->(24,23,6.38205)->(24,22,6.9)->(24,21,7.4)->(24,20,7.9)->(24,19,8.4)->(24,18,8.9)->(24,17,9.4)->(24,16,9.9)->(24,15,10.4179)->(24,14,10.9858)->(24,13,11.6679)->(24,12,12.9858)->(24,11,16.2146)->(23,11,19.4787)->(22,11,21.4787)->(21,11,25.6283)->(21,10,5013.75)->
Agent 31:(9,0,1.3)->(9,1,2.01421)->(9,2,3.33205)->(9,3,4.01421)->(9,4,4.58205)->(9,5,5.1)->(9,6,5.6)->(9,7,6.1)->(9,8,6.6)->(9,9,7.1)->(9,10,7.6)->(9,11,8.1)->(9,12,8.6)->(9,13,9.1)->(9,14,9.6)->(9,15,10.1179)->(9,16,10.6858)->(9,17,11.3679)->(9,18,12.6858)->(9,19,14.9)->(8,19,17.1142)->(7,19,18.4321)->(6,19,19.1142)->(5,19,19.7)->(4,19,20.2858)->(3,19,20.9679)->(2,19,22.2858)->(1,19,24.5)->(1,20,27.3)->(1,21,5013.65)->
Agent 32:(11,20,1.8)->(12,20,3.01421)->(13,20,4.42843)->(14,20,5.84264)->(15,20,8.05685)->(15,21,10.2711)->(15,22,11.5889)->(15,23,12.321)->(15,24,13.053)->(15,25,14.3708)->(15,26,5006.89)->
Agent 33:(30,19,2.2)->(30,18,3.84949)->(30,17,5.84949)->(30,16,9.51319)->(29,16,13.1416)->(28,16,14.4595)->(27,16,15.1416)->(26,16,15.7095)->(25,16,16.2274)->(24,16,16.7274)->(23,16,17.2454)->(22,16,17.8132)->(21,16,18.4954)->(20,16,19.8132)->(19,16,5009.61)->
Agent 34:(5,8,1.3)->(5,9,2.01421)->(5,10,3.33205)->(5,11,4.01421)->(5,12,4.58205)->(5,13,5.1)->(5,14,5.6)->(5,15,6.1)->(5,16,6.61795)->(5,17,7.18579)->(5,18,7.86795)->(5,19,9.18579)->(5,20,11.4)->(6,20,13.6495)->(7,20,15.6495)->(8,20,18.7279)->(8,21,5009.76)->
Agent 35:(17,3,2.3)->(17,4,4.01421)->(17,5,5.33205)->(17,6,6.01421)->(17,7,6.58205)->(17,8,7.1)->(17,9,7.6)->(17,10,8.1)->(17,11,8.6)->(17,12,9.1)->(17,13,9.6)->(17,14,10.1)->(17,15,10.6)->(17,16,11.1)->(17,17,11.6)->(17,18,12.1179)->(17,19,12.6858)->(17,20,13.3679)->(17,21,14.6858)->(17,22,18.4678)->(18,22,22.2499)->(19,22,23.5677)->(20,22,24.2499)->(21,22,24.8177)->(22,22,25.3357)->(23,22,25.8357)->(24,22,26.3357)->(25,22,26.8357)->(26,22,27.3536)->(27,22,27.9215)->(28,22,28.6036)->(29,22,29.9215)->(30,22,5014.67)->
Agent 36:(4,20,2.2)->(4,19,3.81421)->(4,18,5.13205)->(4,17,5.81421)->(4,16,6.38205)->(4,15,6.9)->(4,14,7.41795)->(4,13,7.98579)->(4,12,8.66795)->(4,11,9.98579)->(4,10,14.2019)->(5,10,18.4181)->(6,10,19.7519)->(7,10,20.5804)->(8,10,21.9142)->(9,10,5010.66)->
Agent 37:(29,8,2.2)->(29,7,3.81421)->(29,6,5.13205)->(29,5,5.82382)->(29,4,6.45949)->(29,3,7.15126)->(29,2,8.4691)->(29,1,11.0975)->(28,1,5005.74)->
Agent 38:(16,19,1.3)->(16,20,2.04949)->(16,21,4.04949)->(16,22,8.90997)->(15,22,13.7352)->(14,22,15.053)->(13,22,15.7352)->(12,22,16.303)->(11,22,16.8389)->(10,22,17.4067)->(9,22,18.0889)->(8,22,19.4067)->(7,22,5009.41)->
Agent 39:(31,30,1.8)->(30,30,3.01421)->(29,30,4.33205)->(28,30,5.0641)->(27,30,5.79615)->(26,30,7.11399)->(25,30,5003.26)->
