Agent 0:(9,17,1.8)->(10,17,3.01421)->(11,17,4.33205)->(12,17,5.01421)->(13,17,5.58205)->(14,17,6.1)->(15,17,6.6)->(16,17,7.1)->(17,17,7.6)->(18,17,8.1)->(19,17,8.6)->(20,17,9.11795)->(21,17,9.68579)->(22,17,10.3679)->(23,17,11.6858)->(24,17,13.9)->(24,16,16.1142)->(24,15,17.4321)->(24,14,18.1641)->(24,13,18.8962)->(24,12,20.214)->(24,11,22.4282)->(25,11,24.6424)->(26,11,25.9763)->(27,11,26.8047)->(28,11,28.1385)->(29,11,5013.78)->
Agent 1:(18,4,1.3)->(18,5,2.01421)->(18,6,3.33205)->(18,7,4.01421)->(18,8,4.58205)->(18,9,5.1)->(18,10,5.6)->(18,11,6.1)->(18,12,6.6)->(18,13,7.1)->(18,14,7.6)->(18,15,8.1)->(18,16,8.6)->(18,17,9.1)->(18,18,9.6)->(18,19,10.1)->(18,20,10.6)->(18,21,11.1179)->(18,22,11.6858)->(18,23,12.3679)->(18,24,13.6858)->(18,25,15.9)->(19,25,18.1495)->(20,25,20.1495)->(21,25,5009.8)->
Agent 2:(9,20,3.53205)->(9,19,6.47832)->(9,18,7.79615)->(9,17,8.47832)->(9,16,9.04615)->(9,15,9.5641)->(9,14,10.0641)->(9,13,10.5641)->(9,12,11.0641)->(9,11,11.5641)->(9,10,12.0641)->(9,9,12.5641)->(9,8,13.0821)->(9,7,13.6499)->(9,6,14.3321)->(9,5,15.6499)->(9,4,17.8641)->(10,4,20.0783)->(11,4,21.3962)->(12,4,22.0783)->(13,4,22.6462)->(14,4,23.1641)->(15,4,23.6641)->(16,4,24.1641)->(17,4,24.6641)->(18,4,25.1641)->(19,4,25.6641)->(20,4,26.1641)->(21,4,26.6641)->(22,4,27.1821)->(23,4,27.7499)->(24,4,28.4321)->(25,4,29.7499)->(26,4,31.9641)->(26,3,34.2136)->(26,2,36.2136)->(26,1,5017.83)->
Agent 3:(28,21,2.2)->(28,20,3.81421)->(28,19,5.13205)->(28,18,5.81421)->(28,17,6.38205)->(28,16,6.9)->(28,15,7.4)->(28,14,7.9)->(28,13,8.41795)->(28,12,8.98579)->(28,11,9.66795)->(28,10,10.9858)->(28,9,14.0284)->(27,9,17.0711)->(26,9,18.3889)->(25,9,19.0711)->(24,9,19.6389)->(23,9,20.1569)->(22,9,20.6569)->(21,9,21.1569)->(20,9,21.6569)->(19,9,22.1569)->(18,9,22.6569)->(17,9,23.1569)->(16,9,23.6569)->(15,9,24.1569)->(14,9,24.6569)->(13,9,25.1569)->(12,9,25.6569)->(11,9,26.1569)->(10,9,26.6748)->(9,9,27.2426)->(8,9,27.9248)->(7,9,29.2426)->(6,9,5014.33)->
Agent 4:(7,17,2.2)->(7,16,3.81421)->(7,15,5.13205)->(7,14,5.81421)->(7,13,6.38205)->(7,12,6.9)->(7,11,7.4)->(7,10,7.91795)->(7,9,8.48579)->(7,8,9.16795)->(7,7,10.4858)->(7,6,12.7)->(6,6,15.5)->(5,6,18.7142)->(5,5,5009.55)->
Agent 5:(29,27,1.8)->(30,27,3.6)->(31,27,6.4)->(31,26,8.61421)->(31,25,9.93205)->(31,24,10.6142)->(31,23,11.1821)->(31,22,11.7)->(31,21,12.2)->(31,20,12.7)->(31,19,13.2)->(31,18,13.7)->(31,17,14.2)->(31,16,14.7)->(31,15,15.2)->(31,14,15.7)->(31,13,16.2)->(31,12,16.7)->(31,11,17.2179)->(31,10,17.7858)->(31,9,18.4679)->(31,8,19.7858)->(31,7,5009.6)->
Agent 6:(30,22,2.2)->(30,21,3.81421)->(30,20,5.13205)->(30,19,5.8641)->(30,18,6.59615)->(30,17,7.91399)->(30,16,11.1783)->(29,16,14.4426)->(28,16,15.7605)->(27,16,16.4426)->(26,16,17.0105)->(25,16,17.5284)->(24,16,18.0464)->(23,16,18.6142)->(22,16,19.2964)->(21,16,20.6142)->(20,16,5010.01)->
Agent 7:(7,19,1.8)->(8,19,3.01421)->(9,19,4.33205)->(10,19,5.01421)->(11,19,5.58205)->(12,19,6.1)->(13,19,6.6)->(14,19,7.1)->(15,19,7.6)->(16,19,8.1)->(17,19,8.6)->(18,19,9.1)->(19,19,9.6)->(20,19,10.1)->(21,19,10.6)->(22,19,11.1)->(23,19,11.6)->(24,19,12.1)->(25,19,12.6)->(26,19,13.1)->(27,19,13.6179)->(28,19,14.1858)->(29,19,14.8679)->(30,19,16.1858)->(31,19,18.4)->(31,20,20.6495)->(31,21,22.6495)->(31,22,5011.05)->
Agent 8:(8,12,2.11359)->(8,13,3.6414)->(8,14,4.95923)->(8,15,5.6414)->(8,16,6.22718)->(8,17,6.81297)->(8,18,7.49513)->(8,19,8.81297)->(8,20,11.0272)->(9,20,13.2414)->(10,20,14.5592)->(11,20,15.2414)->(12,20,15.8092)->(13,20,16.3272)->(14,20,16.8451)->(15,20,17.413)->(16,20,18.0951)->(17,20,19.413)->(18,20,5009.41)->
Agent 9:(22,16,1.8)->(21,16,3.01421)->(20,16,4.33205)->(19,16,5.01421)->(18,16,5.58205)->(17,16,6.1)->(16,16,6.6)->(15,16,7.11795)->(14,16,7.68579)->(13,16,8.36795)->(12,16,9.68579)->(11,16,11.9)->(11,15,14.1495)->(11,14,16.1495)->(11,13,5007.8)->
Agent 10:(2,9,1.3)->(2,10,2.01421)->(2,11,3.33205)->(2,12,4.01421)->(2,13,4.58205)->(2,14,5.1)->(2,15,5.61795)->(2,16,6.18579)->(2,17,6.86795)->(2,18,8.18579)->(2,19,10.4)->(3,19,12.6142)->(4,19,13.9321)->(5,19,14.6641)->(6,19,15.3962)->(7,19,16.714)->(8,19,5008.06)->
Agent 11:(9,22,3.64949)->(9,21,6.71319)->(9,20,8.03103)->(9,19,8.7228)->(9,18,9.35847)->(9,17,10.0502)->(9,16,11.3681)->(9,15,16.4554)->(10,15,21.5426)->(11,15,22.8605)->(12,15,23.5426)->(13,15,24.1105)->(14,15,24.6284)->(15,15,25.1284)->(16,15,25.6284)->(17,15,26.1284)->(18,15,26.6284)->(19,15,27.1284)->(20,15,27.6284)->(21,15,28.1284)->(22,15,28.6284)->(23,15,29.1284)->(24,15,29.6464)->(25,15,30.2142)->(26,15,30.8964)->(27,15,32.2142)->(28,15,5015.81)->
Agent 12:(1,7,1.3)->(1,8,2.01421)->(1,9,3.33205)->(1,10,4.01421)->(1,11,4.58205)->(1,12,5.1)->(1,13,5.6)->(1,14,6.1)->(1,15,6.6)->(1,16,7.1)->(1,17,7.6)->(1,18,8.1)->(1,19,8.6)->(1,20,9.11795)->(1,21,9.68579)->(1,22,10.3679)->(1,23,11.6858)->(1,24,13.9)->(2,24,16.7)->(3,24,5008.35)->
Agent 13:(13,21,2.31795)->(13,20,4.05011)->(13,19,5.36795)->(13,18,6.05011)->(13,17,6.61795)->(13,16,7.1359)->(13,15,7.6359)->(13,14,8.1359)->(13,13,8.6359)->(13,12,9.1359)->(13,11,9.6359)->(13,10,10.1359)->(13,9,10.6359)->(13,8,11.1359)->(13,7,11.6538)->(13,6,12.2217)->(13,5,12.9038)->(13,4,14.2217)->(13,3,16.4359)->(12,3,19.2359)->(11,3,5009.62)->
Agent 14:(7,11,2.2)->(7,10,3.81421)->(7,9,5.13205)->(7,8,5.82382)->(7,7,6.45949)->(7,6,7.15126)->(7,5,8.4691)->(7,4,11.0975)->(6,4,15.9417)->(7,4,19.8495)->(8,4,21.8495)->(9,4,5010.65)->
Agent 15:(22,15,5.27843)->(22,14,9.97107)->(22,13,11.2889)->(22,12,11.9711)->(22,11,12.5569)->(22,10,13.1426)->(22,9,13.8248)->(22,8,15.1426)->(22,7,17.3569)->(21,7,19.6063)->(20,7,21.6063)->(19,7,5010.53)->
Agent 16:(12,20,1.71421)->(12,21,11.6679)->(11,21,22.7359)->(10,21,5011.37)->
Agent 17:(15,6,2.21421)->(14,6,12.9289)->(14,7,23.7074)->(14,8,25.7074)->(14,9,5012.58)->
Agent 18:(11,31,2.2)->(11,30,3.81421)->(11,29,5.13205)->(11,28,5.81421)->(11,27,6.38205)->(11,26,6.9)->(11,25,7.4)->(11,24,7.9)->(11,23,8.4)->(11,22,8.9)->(11,21,9.41795)->(11,20,9.98579)->(11,19,10.6679)->(11,18,11.9858)->(11,17,14.2)->(12,17,16.4142)->(13,17,17.7321)->(14,17,18.4142)->(15,17,18.9821)->(16,17,19.5)->(17,17,20)->(18,17,20.5179)->(19,17,21.0858)->(20,17,21.7679)->(21,17,23.0858)->(22,17,25.8142)->(22,16,28.5426)->(22,15,29.8605)->(22,14,30.5426)->(22,13,31.1105)->(22,12,31.6284)->(22,11,32.1284)->(22,10,32.6284)->(22,9,33.1284)->(22,8,33.6464)->(22,7,34.2142)->(22,6,34.8964)->(22,5,36.2142)->(22,4,5017.81)->
Agent 19:(9,8,3.36421)->(10,8,6.14264)->(11,8,7.46048)->(12,8,8.14264)->(13,8,8.71048)->(14,8,9.22843)->(15,8,9.72843)->(16,8,10.2284)->(17,8,10.7284)->(18,8,11.2284)->(19,8,11.7284)->(20,8,12.2284)->(21,8,12.7284)->(22,8,13.2284)->(23,8,13.7284)->(24,8,14.2284)->(25,8,14.7284)->(26,8,15.2464)->(27,8,15.8142)->(28,8,16.4964)->(29,8,17.8142)->(30,8,20.0284)->(30,9,22.2426)->(30,10,23.5605)->(30,11,24.2426)->(30,12,24.8105)->(30,13,25.3464)->(30,14,25.9142)->(30,15,26.5964)->(30,16,27.9142)->(30,17,5013.66)->
Agent 20:(7,18,1.8)->(8,18,3.04949)->(9,18,5.04949)->(10,18,7.29898)->(10,17,9.51319)->(10,16,10.831)->(10,15,11.5132)->(10,14,12.081)->(10,13,12.599)->(10,12,13.1169)->(10,11,13.6848)->(10,10,14.3669)->(10,9,15.6848)->(10,8,5007.55)->
Agent 21:(26,21,2.2)->(26,20,3.81421)->(26,19,5.13205)->(26,18,5.81421)->(26,17,6.38205)->(26,16,6.9)->(26,15,7.4)->(26,14,7.91795)->(26,13,8.48579)->(26,12,9.16795)->(26,11,10.4858)->(26,10,12.7)->(25,10,14.9142)->(24,10,16.2321)->(23,10,16.9142)->(22,10,17.4821)->(21,10,18)->(20,10,18.5)->(19,10,19)->(18,10,19.5179)->(17,10,20.0858)->(16,10,20.7679)->(15,10,22.0858)->(14,10,5010.75)->
Agent 22:(5,13,1.3)->(5,14,2.01421)->(5,15,3.33205)->(5,16,4.01421)->(5,17,4.58205)->(5,18,5.1)->(5,19,5.6)->(5,20,6.1)->(5,21,6.6)->(5,22,7.1)->(5,23,7.6)->(5,24,8.1)->(5,25,8.6)->(5,26,9.1)->(5,27,9.61795)->(5,28,10.1858)->(5,29,10.8679)->(5,30,12.1858)->(5,31,14.4)->(6,31,16.6142)->(7,31,17.9321)->(8,31,18.6142)->(9,31,19.1821)->(10,31,19.7)->(11,31,20.2)->(12,31,20.7)->(13,31,21.2)->(14,31,21.7)->(15,31,22.2)->(16,31,22.7179)->(17,31,23.2858)->(18,31,23.9679)->(19,31,25.2858)->(20,31,5012.35)->
Agent 23:(25,1,2.55)->(25,2,4.51421)->(25,3,5.83205)->(25,4,6.51421)->(25,5,7.08205)->(25,6,7.6)->(25,7,8.11795)->(25,8,8.68579)->(25,9,9.36795)->(25,10,10.6858)->(25,11,12.9)->(24,11,15.1142)->(23,11,16.4321)->(22,11,17.1142)->(21,11,17.6821)->(20,11,18.2)->(19,11,18.7179)->(18,11,19.2858)->(17,11,19.9679)->(16,11,21.2858)->(15,11,5010.35)->
Agent 24:(31,26,1.8)->(30,26,3.01421)->(29,26,4.33205)->(28,26,5.01421)->(27,26,5.58205)->(26,26,6.1)->(25,26,6.6)->(24,26,7.1)->(23,26,7.6)->(22,26,8.1)->(21,26,8.6)->(20,26,9.1)->(19,26,9.6)->(18,26,10.1)->(17,26,10.6)->(16,26,11.1)->(15,26,11.6)->(14,26,12.1179)->(13,26,12.6858)->(12,26,13.3679)->(11,26,14.6858)->(10,26,16.9)->(10,25,19.1142)->(10,24,20.4321)->(10,23,21.1142)->(10,22,21.6821)->(10,21,22.2179)->(10,20,22.7858)->(10,19,23.4679)->(10,18,24.7858)->(10,17,5012.1)->
Agent 25:(6,19,1.3)->(6,20,2.01421)->(6,21,3.33205)->(6,22,4.0641)->(6,23,4.79615)->(6,24,6.11399)->(6,25,8.3282)->(5,25,10.5777)->(4,25,12.5777)->(3,25,5006.01)->
Agent 26:(8,10,2.2)->(8,9,3.81421)->(8,8,5.13205)->(8,7,5.82382)->(8,6,6.45949)->(8,5,7.15126)->(8,4,8.4691)->(8,3,11.0975)->(9,3,5005.74)->
Agent 27:(0,20,1.3)->(0,21,2.01421)->(0,22,3.33205)->(0,23,4.01421)->(0,24,4.58205)->(0,25,5.1)->(0,26,5.61795)->(0,27,6.18579)->(0,28,6.86795)->(0,29,8.18579)->(0,30,10.4)->(1,30,12.6142)->(2,30,13.9321)->(3,30,14.6142)->(4,30,15.1821)->(5,30,15.7)->(6,30,16.2)->(7,30,16.7179)->(8,30,17.2858)->(9,30,17.9679)->(10,30,19.2858)->(11,30,5009.35)->
Agent 28:(5,6,2.2)->(5,5,3.84949)->(5,4,5.84949)->(5,3,5002.65)->
Agent 29:(6,8,1.3)->(6,9,2.01421)->(6,10,3.33205)->(6,11,4.0641)->(6,12,4.79615)->(6,13,6.11399)->(6,14,5002.76)->
Agent 30:(0,12,2.2)->(0,11,3.81421)->(0,10,5.13205)->(0,9,5.81421)->(0,8,6.38205)->(0,7,6.9)->(0,6,7.4)->(0,5,7.91795)->(0,4,8.48579)->(0,3,9.16795)->(0,2,10.4858)->(0,1,12.7)->(1,1,14.9142)->(2,1,16.2321)->(3,1,16.9142)->(4,1,17.4821)->(5,1,18)->(6,1,18.5)->(7,1,19)->(8,1,19.5)->(9,1,20.0179)->(10,1,20.5858)->(11,1,21.2679)->(12,1,22.5858)->(13,1,5011)->
Agent 31:(19,31,2.3)->(19,30,4.01421)->(19,29,5.33205)->(19,28,6.01421)->(19,27,6.58205)->(19,26,7.1)->(19,25,7.6)->(19,24,8.1)->(19,23,8.6)->(19,22,9.1)->(19,21,9.6)->(19,20,10.1)->(19,19,10.6)->(19,18,11.1)->(19,17,11.6)->(19,16,12.1)->(19,15,12.6)->(19,14,13.1)->(19,13,13.6)->(19,12,14.1)->(19,11,14.6)->(19,10,15.1179)->(19,9,15.6858)->(19,8,16.3679)->(19,7,17.6858)->(19,6,19.9)->(18,6,22.1142)->(17,6,23.4321)->(16,6,24.1142)->(15,6,24.6821)->(14,6,25.2)->(13,6,25.7)->(12,6,26.2)->(11,6,26.7179)->(10,6,27.2858)->(9,6,27.9679)->(8,6,29.2858)->(7,6,31.9142)->(7,7,5016.15)->
Agent 32:(29,31,2.2)->(29,30,3.81421)->(29,29,5.13205)->(29,28,5.81421)->(29,27,6.38205)->(29,26,6.9)->(29,25,7.4)->(29,24,7.9)->(29,23,8.4)->(29,22,8.9)->(29,21,9.4)->(29,20,9.9)->(29,19,10.4)->(29,18,10.9)->(29,17,11.4)->(29,16,11.9)->(29,15,12.4)->(29,14,12.9)->(29,13,13.4)->(29,12,13.9)->(29,11,14.4)->(29,10,14.9)->(29,9,15.4)->(29,8,15.9)->(29,7,16.4)->(29,6,16.9)->(29,5,17.4179)->(29,4,17.9858)->(29,3,18.6679)->(29,2,19.9858)->(29,1,22.2)->(28,1,24.4142)->(27,1,25.7321)->(26,1,26.4142)->(25,1,26.9821)->(24,1,27.5)->(23,1,28)->(22,1,28.5179)->(21,1,29.0858)->(20,1,29.7679)->(19,1,31.0858)->(18,1,33.7142)->(18,2,5017.05)->
Agent 33:(10,1,1.8)->(11,1,3.01421)->(12,1,4.33205)->(13,1,5.01421)->(14,1,5.58205)->(15,1,6.1)->(16,1,6.6)->(17,1,7.1)->(18,1,7.6)->(19,1,8.1)->(20,1,8.6)->(21,1,9.1)->(22,1,9.6)->(23,1,10.1)->(24,1,10.6179)->(25,1,11.1858)->(26,1,11.8679)->(27,1,13.1858)->(28,1,15.4)->(28,2,17.6142)->(28,3,18.9321)->(28,4,19.6142)->(28,5,20.1821)->(28,6,20.7)->(28,7,21.2)->(28,8,21.7)->(28,9,22.2)->(28,10,22.7)->(28,11,23.2179)->(28,12,23.7858)->(28,13,24.4679)->(28,14,25.7858)->(28,15,28.4142)->(29,15,5014.4)->
Agent 34:(22,27,5.32843)->(22,26,10.0711)->(22,25,11.3889)->(22,24,12.0711)->(22,23,12.6389)->(22,22,13.1569)->(22,21,13.6569)->(22,20,14.1569)->(22,19,14.6569)->(22,18,15.1569)->(22,17,15.6569)->(22,16,16.1569)->(22,15,16.6569)->(22,14,17.1569)->(22,13,17.6569)->(22,12,18.1569)->(22,11,18.6569)->(22,10,19.1569)->(22,9,19.6569)->(22,8,20.1569)->(22,7,20.6569)->(22,6,21.1569)->(22,5,21.6569)->(22,4,22.1748)->(22,3,22.7426)->(22,2,23.4248)->(22,1,24.7426)->(22,0,26.9569)->(23,0,29.1711)->(24,0,30.4889)->(25,0,31.1711)->(26,0,31.7389)->(27,0,32.2748)->(28,0,32.8426)->(29,0,33.5248)->(30,0,34.8426)->(31,0,5017.13)->
Agent 35:(25,5,3.05)->(25,6,5.51421)->(25,7,6.83205)->(25,8,7.51421)->(25,9,8.08205)->(25,10,8.6)->(25,11,9.1)->(25,12,9.6)->(25,13,10.1)->(25,14,10.6)->(25,15,11.1179)->(25,16,11.6858)->(25,17,12.3679)->(25,18,13.6858)->(25,19,15.9)->(24,19,18.7)->(23,19,5009.35)->
Agent 36:(22,13,2.2)->(22,12,3.81421)->(22,11,5.13205)->(22,10,5.8641)->(22,9,6.59615)->(22,8,7.91399)->(22,7,10.1282)->(21,7,12.3424)->(20,7,13.6603)->(19,7,14.3424)->(18,7,14.9103)->(17,7,15.4282)->(16,7,15.9282)->(15,7,16.4282)->(14,7,16.9282)->(13,7,17.4282)->(12,7,17.9462)->(11,7,18.514)->(10,7,19.1962)->(9,7,20.514)->(8,7,23.1424)->(8,8,5011.76)->
Agent 37:(12,25,2.2)->(12,24,3.84949)->(12,23,5.84949)->(12,22,8.09898)->(13,22,10.3132)->(14,22,11.631)->(15,22,12.3132)->(16,22,12.881)->(17,22,13.399)->(18,22,13.9169)->(19,22,14.4848)->(20,22,15.1669)->(21,22,16.4848)->(22,22,5007.95)->
Agent 38:(21,8,1.3)->(21,9,2.04949)->(21,10,4.04949)->(21,11,6.38477)->(20,11,8.68477)->(19,11,10.0026)->(18,11,10.6848)->(17,11,11.2526)->(16,11,11.7706)->(15,11,12.2706)->(14,11,12.7706)->(13,11,13.2706)->(12,11,13.7706)->(11,11,14.2706)->(10,11,14.7885)->(9,11,15.3563)->(8,11,16.0385)->(7,11,17.3563)->(6,11,5008.39)->
Agent 39:(7,30,2.2)->(7,29,3.81421)->(7,28,5.13205)->(7,27,5.81421)->(7,26,6.38205)->(7,25,6.9)->(7,24,7.4)->(7,23,7.9)->(7,22,8.4)->(7,21,8.9)->(7,20,9.4)->(7,19,9.9)->(7,18,10.4)->(7,17,10.9)->(7,16,11.4)->(7,15,11.9)->(7,14,12.4)->(7,13,12.9)->(7,12,13.4)->(7,11,13.9)->(7,10,14.4)->(7,9,14.9)->(7,8,15.4)->(7,7,15.9)->(7,6,16.4179)->(7,5,16.9858)->(7,4,17.6679)->(7,3,18.9858)->(7,2,21.2)->(8,2,23.4142)->(9,2,24.7321)->(10,2,25.4142)->(11,2,25.9821)->(12,2,26.5)->(13,2,27)->(14,2,27.5)->(15,2,28)->(16,2,28.5)->(17,2,29)->(18,2,29.5)->(19,2,30)->(20,2,30.5)->(21,2,31)->(22,2,31.5)->(23,2,32)->(24,2,32.5179)->(25,2,33.0858)->(26,2,33.7679)->(27,2,35.0858)->(28,2,37.7142)->(28,3,5019.05)->
