Agent 0:(4,8,1.8)->(5,8,3.6)->(6,8,6.4)->(6,7,8.61421)->(6,6,9.94806)->(6,5,10.7765)->(6,4,12.1103)->(6,3,19.5446)->(6,4,26.9788)->(6,5,28.2966)->(6,6,29.0287)->(6,7,29.7607)->(6,8,31.0785)->(6,9,5015.25)->
Agent 1:(7,13,2.61421)->(7,12,5.76795)->(8,12,8.55011)->(9,12,9.86795)->(10,12,10.5597)->(11,12,11.1954)->(12,12,11.8872)->(13,12,13.205)->(14,12,5006.31)->
Agent 2:(8,4,1.3)->(8,5,2.01421)->(8,6,3.33205)->(8,7,4.01421)->(8,8,4.58205)->(8,9,5.1)->(8,10,5.6)->(8,11,6.1)->(8,12,6.61795)->(8,13,7.18579)->(8,14,7.86795)->(8,15,9.18579)->(8,16,13.0642)->(9,16,16.9426)->(10,16,18.2605)->(11,16,18.9426)->(12,16,19.5105)->(13,16,20.0284)->(14,16,20.5284)->(15,16,21.0284)->(16,16,21.5284)->(17,16,22.0284)->(18,16,22.5284)->(19,16,23.0284)->(20,16,23.5284)->(21,16,24.0464)->(22,16,24.6142)->(23,16,25.2964)->(24,16,26.6142)->(25,16,29.2426)->(25,17,5014.81)->
Agent 3:(18,15,1.3)->(18,16,2.01421)->(18,17,3.33205)->(18,18,4.01421)->(18,19,4.58205)->(18,20,5.1)->(18,21,5.61795)->(18,22,6.18579)->(18,23,6.86795)->(18,24,8.18579)->(18,25,10.4)->(19,25,12.6142)->(20,25,13.9321)->(21,25,14.6142)->(22,25,15.1821)->(23,25,15.7)->(24,25,16.2)->(25,25,16.7179)->(26,25,17.2858)->(27,25,17.9679)->(28,25,19.2858)->(29,25,5009.35)->
Agent 4:(4,26,3.46421)->(5,26,6.34264)->(6,26,7.66048)->(7,26,8.34264)->(8,26,8.91048)->(9,26,9.44638)->(10,26,10.0142)->(11,26,10.6964)->(12,26,12.0142)->(13,26,18.9784)->(13,27,5011.85)->
Agent 5:(16,0,1.3)->(16,1,2.01421)->(16,2,3.33205)->(16,3,4.01421)->(16,4,4.58205)->(16,5,5.1)->(16,6,5.6)->(16,7,6.1)->(16,8,6.6)->(16,9,7.1)->(16,10,7.6)->(16,11,8.1)->(16,12,8.6)->(16,13,9.1)->(16,14,9.6)->(16,15,10.1)->(16,16,10.6)->(16,17,11.1)->(16,18,11.6)->(16,19,12.1)->(16,20,12.6)->(16,21,13.1)->(16,22,13.6)->(16,23,14.1179)->(16,24,14.6858)->(16,25,15.3679)->(16,26,16.6858)->(16,27,18.9)->(15,27,21.1142)->(14,27,22.4321)->(13,27,23.1142)->(12,27,23.6821)->(11,27,24.2)->(10,27,24.7)->(9,27,25.2)->(8,27,25.7)->(7,27,26.2)->(6,27,26.7179)->(5,27,27.2858)->(4,27,27.9679)->(3,27,29.2858)->(2,27,31.9142)->(2,28,5016.15)->
Agent 6:(29,15,2.21421)->(30,15,6.51421)->(29,15,11.8142)->(29,16,14.4426)->(29,17,15.8569)->(29,18,17.2711)->(29,19,5008.34)->
Agent 7:(23,6,6.78216)->(23,7,12.9785)->(23,8,14.2964)->(23,9,14.9785)->(23,10,15.5464)->(23,11,16.0823)->(23,12,16.6501)->(23,13,17.3323)->(23,14,18.6501)->(23,15,5009.03)->
Agent 8:(10,10,2.2)->(10,9,3.81421)->(10,8,5.13205)->(10,7,5.81421)->(10,6,6.38205)->(10,5,6.9)->(10,4,7.41795)->(10,3,7.98579)->(10,2,8.66795)->(10,1,9.98579)->(10,0,18)->(9,0,26.6)->(8,0,5013.3)->
Agent 9:(11,18,1.3)->(11,19,2.01421)->(11,20,3.33205)->(11,21,4.01421)->(11,22,4.58205)->(11,23,5.1)->(11,24,5.6)->(11,25,6.11795)->(11,26,6.68579)->(11,27,7.36795)->(11,28,8.68579)->(11,29,10.9)->(12,29,13.1142)->(13,29,14.4321)->(14,29,15.1142)->(15,29,15.6821)->(16,29,16.2)->(17,29,16.7)->(18,29,17.2)->(19,29,17.7)->(20,29,18.2)->(21,29,18.7179)->(22,29,19.2858)->(23,29,19.9679)->(24,29,21.2858)->(25,29,5010.35)->
Agent 10:(13,11,1.3)->(13,12,2.6)->(13,13,5.5)->(12,13,7.81421)->(11,13,9.13205)->(10,13,9.81421)->(9,13,10.3821)->(8,13,10.9)->(7,13,11.4)->(6,13,11.9)->(5,13,12.4)->(4,13,12.9179)->(3,13,13.4858)->(2,13,14.1679)->(1,13,15.4858)->(0,13,5007.45)->
Agent 11:(12,12,1.3)->(12,13,2.01421)->(12,14,3.33205)->(12,15,4.01421)->(12,16,4.58205)->(12,17,5.1)->(12,18,5.6)->(12,19,6.1)->(12,20,6.6)->(12,21,7.1)->(12,22,7.6)->(12,23,8.1)->(12,24,8.61795)->(12,25,9.18579)->(12,26,9.86795)->(12,27,11.1858)->(12,28,19.2358)->(13,28,27.2858)->(14,28,28.6036)->(15,28,29.2858)->(16,28,29.8536)->(17,28,30.3716)->(18,28,30.8716)->(19,28,31.3716)->(20,28,31.8716)->(21,28,32.3716)->(22,28,32.8716)->(23,28,33.3716)->(24,28,33.8716)->(25,28,34.3895)->(26,28,34.9574)->(27,28,35.6395)->(28,28,36.9574)->(29,28,5018.19)->
Agent 12:(9,13,1.98216)->(9,14,3.37854)->(9,15,4.69638)->(9,16,5.37854)->(9,17,5.94638)->(9,18,6.46433)->(9,19,6.96433)->(9,20,7.46433)->(9,21,7.96433)->(9,22,8.46433)->(9,23,8.96433)->(9,24,9.46433)->(9,25,9.96433)->(9,26,10.4643)->(9,27,10.9823)->(9,28,11.5501)->(9,29,12.2323)->(9,30,13.5501)->(9,31,15.7643)->(10,31,17.9785)->(11,31,19.2964)->(12,31,19.9785)->(13,31,20.5464)->(14,31,21.0643)->(15,31,21.5643)->(16,31,22.0643)->(17,31,22.5643)->(18,31,23.0643)->(19,31,23.5643)->(20,31,24.0823)->(21,31,24.6501)->(22,31,25.3323)->(23,31,26.6501)->(24,31,5013.03)->
Agent 13:(30,16,2.3)->(29,16,4.01421)->(28,16,5.33205)->(27,16,6.01421)->(26,16,6.58205)->(25,16,7.1)->(24,16,7.6)->(23,16,8.1)->(22,16,8.6)->(21,16,9.1)->(20,16,9.6)->(19,16,10.1)->(18,16,10.6)->(17,16,11.1179)->(16,16,11.6858)->(15,16,12.3679)->(14,16,13.6858)->(13,16,16.3142)->(13,17,5008.35)->
Agent 14:(27,7,1.3)->(27,8,2.01421)->(27,9,3.33205)->(27,10,4.01421)->(27,11,4.6)->(27,12,5.18579)->(27,13,5.86795)->(27,14,7.18579)->(27,15,9.4)->(26,15,11.6142)->(25,15,12.9321)->(24,15,13.6142)->(23,15,14.1821)->(22,15,14.7)->(21,15,15.2)->(20,15,15.7)->(19,15,16.2)->(18,15,16.7)->(17,15,17.2)->(16,15,17.7)->(15,15,18.2)->(14,15,18.7)->(13,15,19.2)->(12,15,19.7179)->(11,15,20.2858)->(10,15,20.9679)->(9,15,22.2858)->(8,15,5010.85)->
Agent 15:(22,29,2.2)->(22,28,3.81421)->(22,27,5.14806)->(22,26,5.97649)->(22,25,7.31034)->(22,24,9.52456)->(23,24,11.7388)->(24,24,13.0566)->(25,24,13.7887)->(26,24,14.5207)->(27,24,15.8385)->(28,24,5007.63)->
Agent 16:(5,5,1.8)->(4,5,3.01421)->(3,5,4.42843)->(2,5,5.84264)->(1,5,8.05685)->(1,6,10.3063)->(1,7,12.3063)->(1,8,5005.88)->
Agent 17:(7,29,2.2)->(7,28,3.81421)->(7,27,5.13205)->(7,26,5.81421)->(7,25,6.38205)->(7,24,6.9)->(7,23,7.4)->(7,22,7.9)->(7,21,8.4)->(7,20,8.9)->(7,19,9.4)->(7,18,9.91795)->(7,17,10.4858)->(7,16,11.1679)->(7,15,12.4858)->(7,14,14.7)->(8,14,16.9142)->(9,14,18.2321)->(10,14,18.9238)->(11,14,19.5595)->(12,14,20.2513)->(13,14,21.5691)->(14,14,24.1975)->(14,15,5012.29)->
Agent 18:(6,26,2.2)->(6,25,3.81421)->(6,24,5.13205)->(6,23,5.81421)->(6,22,6.38205)->(6,21,6.9)->(6,20,7.4)->(6,19,7.9)->(6,18,8.4)->(6,17,8.9)->(6,16,9.4)->(6,15,9.9)->(6,14,10.4)->(6,13,10.9)->(6,12,11.4179)->(6,11,11.9858)->(6,10,12.6679)->(6,9,13.9858)->(6,8,16.2)->(5,8,19)->(4,8,21.8)->(4,7,24.0142)->(4,6,25.4284)->(4,5,26.8426)->(4,4,5013.13)->
Agent 19:(29,4,1.3)->(29,5,2.01421)->(29,6,3.33205)->(29,7,4.01421)->(29,8,4.58205)->(29,9,5.1)->(29,10,5.6)->(29,11,6.1)->(29,12,6.6)->(29,13,7.1)->(29,14,7.6)->(29,15,8.1)->(29,16,8.6)->(29,17,9.1)->(29,18,9.6)->(29,19,10.1)->(29,20,10.6)->(29,21,11.1)->(29,22,11.6)->(29,23,12.1)->(29,24,12.6)->(29,25,13.1)->(29,26,13.6179)->(29,27,14.1858)->(29,28,14.8679)->(29,29,16.1858)->(29,30,18.4)->(28,30,20.6142)->(27,30,21.9321)->(26,30,22.6142)->(25,30,23.1821)->(24,30,23.7)->(23,30,24.2)->(22,30,24.7)->(21,30,25.2)->(20,30,25.7)->(19,30,26.2)->(18,30,26.7)->(17,30,27.2)->(16,30,27.7)->(15,30,28.2)->(14,30,28.7)->(13,30,29.2)->(12,30,29.7179)->(11,30,30.2858)->(10,30,30.9679)->(9,30,32.2858)->(8,30,5015.85)->
Agent 20:(10,30,2.2)->(10,29,3.81421)->(10,28,5.13205)->(10,27,5.81421)->(10,26,6.38205)->(10,25,6.9)->(10,24,7.41795)->(10,23,7.98579)->(10,22,8.66795)->(10,21,9.98579)->(10,20,12.2)->(9,20,14.4142)->(8,20,15.7321)->(7,20,16.4238)->(6,20,17.0595)->(5,20,17.7513)->(4,20,19.0691)->(3,20,5009.24)->
Agent 21:(31,5,1.3)->(31,6,2.01421)->(31,7,3.33205)->(31,8,4.01421)->(31,9,4.58205)->(31,10,5.1)->(31,11,5.6)->(31,12,6.1)->(31,13,6.6)->(31,14,7.1)->(31,15,7.6)->(31,16,8.1)->(31,17,8.61795)->(31,18,9.18579)->(31,19,9.86795)->(31,20,11.1858)->(31,21,13.4)->(30,21,15.6142)->(29,21,16.9321)->(28,21,17.6142)->(27,21,18.1821)->(26,21,18.7)->(25,21,19.2)->(24,21,19.7)->(23,21,20.2)->(22,21,20.7)->(21,21,21.2)->(20,21,21.7)->(19,21,22.2)->(18,21,22.7)->(17,21,23.2)->(16,21,23.7)->(15,21,24.2)->(14,21,24.7)->(13,21,25.2)->(12,21,25.7)->(11,21,26.2)->(10,21,26.7)->(9,21,27.2)->(8,21,27.7)->(7,21,28.2)->(6,21,28.7)->(5,21,29.2)->(4,21,29.7179)->(3,21,30.2858)->(2,21,30.9679)->(1,21,32.2858)->(0,21,5015.85)->
Agent 22:(17,26,2.2)->(17,25,3.81421)->(17,24,5.13205)->(17,23,5.81421)->(17,22,6.38205)->(17,21,6.9)->(17,20,7.4)->(17,19,7.9)->(17,18,8.4)->(17,17,8.9)->(17,16,9.41795)->(17,15,9.98579)->(17,14,10.6679)->(17,13,11.9858)->(17,12,14.2)->(18,12,16.4142)->(19,12,17.7321)->(20,12,18.4142)->(21,12,19)->(22,12,19.5858)->(23,12,20.2679)->(24,12,21.5858)->(25,12,5010.5)->
Agent 23:(6,27,5.19626)->(6,26,9.80674)->(6,25,11.1246)->(6,24,11.8067)->(6,23,12.3746)->(6,22,12.8925)->(6,21,13.3925)->(6,20,13.8925)->(6,19,14.3925)->(6,18,14.8925)->(6,17,15.4105)->(6,16,15.9783)->(6,15,16.6605)->(6,14,17.9783)->(6,13,20.1925)->(7,13,22.4067)->(8,13,23.7246)->(9,13,24.4067)->(10,13,24.9746)->(11,13,25.4925)->(12,13,25.9925)->(13,13,26.4925)->(14,13,26.9925)->(15,13,27.4925)->(16,13,27.9925)->(17,13,28.4925)->(18,13,29.0105)->(19,13,29.5783)->(20,13,30.2605)->(21,13,31.5783)->(22,13,5015.5)->
Agent 24:(2,23,2.2)->(2,22,3.81421)->(2,21,5.13205)->(2,20,5.81421)->(2,19,6.38205)->(2,18,6.9)->(2,17,7.4)->(2,16,7.9)->(2,15,8.4)->(2,14,8.9)->(2,13,9.4)->(2,12,9.91795)->(2,11,10.4858)->(2,10,11.1679)->(2,9,12.4858)->(2,8,18.25)->(3,8,24.0142)->(4,8,25.3321)->(5,8,26.0142)->(6,8,26.5821)->(7,8,27.1)->(8,8,27.6)->(9,8,28.1)->(10,8,28.6)->(11,8,29.1)->(12,8,29.6)->(13,8,30.1)->(14,8,30.6179)->(15,8,31.1858)->(16,8,31.8679)->(17,8,33.1858)->(18,8,5016.3)->
Agent 25:(26,21,2.55)->(26,20,4.51421)->(26,19,5.83205)->(26,18,6.51421)->(26,17,7.1)->(26,16,7.68579)->(26,15,8.36795)->(26,14,9.68579)->(26,13,5004.55)->
Agent 26:(9,3,1.3)->(9,4,2.01421)->(9,5,3.33205)->(9,6,4.01421)->(9,7,4.6)->(9,8,5.18579)->(9,9,5.86795)->(9,10,7.18579)->(9,11,9.4)->(10,11,11.6142)->(11,11,12.9321)->(12,11,13.6142)->(13,11,14.1821)->(14,11,14.7)->(15,11,15.2)->(16,11,15.7)->(17,11,16.2)->(18,11,16.7)->(19,11,17.2)->(20,11,17.7179)->(21,11,18.2858)->(22,11,18.9679)->(23,11,20.2858)->(24,11,5009.85)->
Agent 27:(19,26,2.2)->(19,25,3.81421)->(19,24,5.13205)->(19,23,5.81421)->(19,22,6.4)->(19,21,6.98579)->(19,20,7.66795)->(19,19,8.98579)->(19,18,11.6142)->(18,18,5006)->
Agent 28:(3,29,2.2)->(3,28,3.81421)->(3,27,5.13205)->(3,26,5.81421)->(3,25,6.38205)->(3,24,6.9)->(3,23,7.4)->(3,22,7.9)->(3,21,8.4)->(3,20,8.9)->(3,19,9.4)->(3,18,9.9)->(3,17,10.4)->(3,16,10.9)->(3,15,11.4)->(3,14,11.9)->(3,13,12.4)->(3,12,12.9)->(3,11,13.4)->(3,10,13.9)->(3,9,14.4)->(3,8,14.9)->(3,7,15.4)->(3,6,15.9)->(3,5,16.4179)->(3,4,16.9858)->(3,3,17.6679)->(3,2,18.9858)->(3,1,21.2)->(4,1,23.4142)->(5,1,24.7321)->(6,1,25.4142)->(7,1,25.9821)->(8,1,26.5)->(9,1,27)->(10,1,27.5)->(11,1,28)->(12,1,28.5)->(13,1,29)->(14,1,29.5)->(15,1,30)->(16,1,30.5179)->(17,1,31.0858)->(18,1,31.7679)->(19,1,33.0858)->(20,1,35.7142)->(20,0,5018.05)->
Agent 29:(20,12,1.3)->(20,13,2.01421)->(20,14,3.33205)->(20,15,4.01421)->(20,16,4.58205)->(20,17,5.1)->(20,18,5.6)->(20,19,6.1)->(20,20,6.61795)->(20,21,7.18579)->(20,22,7.86795)->(20,23,9.18579)->(20,24,11.4)->(19,24,13.6142)->(18,24,14.9321)->(17,24,15.6142)->(16,24,16.1821)->(15,24,16.7)->(14,24,17.2)->(13,24,17.7)->(12,24,18.2)->(11,24,18.7)->(10,24,19.2)->(9,24,19.7)->(8,24,20.2)->(7,24,20.7179)->(6,24,21.2858)->(5,24,21.9679)->(4,24,23.2858)->(3,24,25.9142)->(3,25,5013.15)->
Agent 30:(22,23,2.61421)->(22,22,5.61421)->(21,22,8.24264)->(20,22,9.56048)->(19,22,10.2426)->(18,22,10.8105)->(17,22,11.3284)->(16,22,11.8284)->(15,22,12.3284)->(14,22,12.8284)->(13,22,13.3284)->(12,22,13.8284)->(11,22,14.3284)->(10,22,14.8464)->(9,22,15.4142)->(8,22,16.0964)->(7,22,17.4142)->(6,22,5008.41)->
Agent 31:(17,31,1.8)->(16,31,3.6)->(15,31,6.4)->(15,30,8.64949)->(15,29,10.6495)->(15,28,19.3995)->(15,29,28.7)->(15,30,5014.35)->
Agent 32:(8,10,1.3)->(8,11,2.01421)->(8,12,3.33205)->(8,13,4.01421)->(8,14,4.58205)->(8,15,5.1)->(8,16,5.6)->(8,17,6.1)->(8,18,6.6)->(8,19,7.1)->(8,20,7.6)->(8,21,8.11795)->(8,22,8.68579)->(8,23,9.36795)->(8,24,10.6858)->(8,25,12.9)->(9,25,15.1142)->(10,25,16.4321)->(11,25,17.1142)->(12,25,17.7)->(13,25,18.2858)->(14,25,18.9679)->(15,25,20.2858)->(16,25,5009.85)->
Agent 33:(11,0,1.8)->(10,0,3.6)->(9,0,14.1)->(9,1,24.0142)->(9,2,25.3321)->(9,3,26.0142)->(9,4,26.6)->(9,5,27.1858)->(9,6,27.8679)->(9,7,29.1858)->(9,8,5014.3)->
Agent 34:(0,22,2.2)->(0,21,3.84949)->(0,20,5.84949)->(0,19,8.84575)->(1,19,11.8067)->(2,19,13.1246)->(3,19,13.8067)->(4,19,14.3746)->(5,19,14.8925)->(6,19,15.3925)->(7,19,15.8925)->(8,19,16.3925)->(9,19,16.8925)->(10,19,17.3925)->(11,19,17.8925)->(12,19,18.3925)->(13,19,18.8925)->(14,19,19.3925)->(15,19,19.8925)->(16,19,20.4105)->(17,19,20.9783)->(18,19,21.6605)->(19,19,22.9783)->(20,19,5011.2)->
Agent 35:(17,14,3.62843)->(18,14,6.67107)->(19,14,7.98891)->(20,14,8.67107)->(21,14,9.23891)->(22,14,9.75685)->(23,14,10.2569)->(24,14,10.7569)->(25,14,11.2569)->(26,14,11.7569)->(27,14,12.2748)->(28,14,12.8426)->(29,14,13.5248)->(30,14,14.8426)->(31,14,17.0569)->(31,15,19.2711)->(31,16,20.5889)->(31,17,21.2711)->(31,18,21.8389)->(31,19,22.3569)->(31,20,22.8569)->(31,21,23.3569)->(31,22,23.8569)->(31,23,24.3569)->(31,24,24.8569)->(31,25,25.3569)->(31,26,25.8748)->(31,27,26.4426)->(31,28,27.1248)->(31,29,28.4426)->(31,30,5013.93)->
Agent 36:(27,6,6.05011)->(26,6,11.5144)->(25,6,12.8323)->(24,6,13.5144)->(23,6,14.0823)->(22,6,14.6002)->(21,6,15.1002)->(20,6,15.6002)->(19,6,16.1002)->(18,6,16.6002)->(17,6,17.1002)->(16,6,17.6002)->(15,6,18.1002)->(14,6,18.6002)->(13,6,19.1002)->(12,6,19.6002)->(11,6,20.1002)->(10,6,20.6182)->(9,6,21.186)->(8,6,21.8682)->(7,6,23.186)->(6,6,25.4002)->(6,7,27.6144)->(6,8,28.9323)->(6,9,29.6643)->(6,10,30.3964)->(6,11,31.7142)->(6,12,5015.56)->
Agent 37:(12,11,2.2)->(12,10,3.84949)->(12,9,5.84949)->(12,8,8.09898)->(13,8,10.3132)->(14,8,11.631)->(15,8,12.3132)->(16,8,12.881)->(17,8,13.399)->(18,8,13.899)->(19,8,14.399)->(20,8,14.899)->(21,8,15.399)->(22,8,15.899)->(23,8,16.399)->(24,8,16.899)->(25,8,17.4169)->(26,8,17.9848)->(27,8,18.6669)->(28,8,19.9848)->(29,8,5009.7)->
Agent 38:(30,17,5.71421)->(30,16,10.8426)->(30,15,12.1605)->(30,14,12.8426)->(30,13,13.4284)->(30,12,14.0142)->(30,11,14.6964)->(30,10,16.0142)->(30,9,18.2284)->(29,9,20.4426)->(28,9,21.7605)->(27,9,22.4925)->(26,9,23.2246)->(25,9,24.5424)->(24,9,5011.98)->
Agent 39:(28,2,1.8)->(27,2,3.01421)->(26,2,4.33205)->(25,2,5.01421)->(24,2,5.58205)->(23,2,6.1)->(22,2,6.6)->(21,2,7.1)->(20,2,7.6)->(19,2,8.1)->(18,2,8.6)->(17,2,9.1)->(16,2,9.6)->(15,2,10.1)->(14,2,10.6179)->(13,2,11.1858)->(12,2,11.8679)->(11,2,13.1858)->(10,2,5006.3)->
