Agent 0:(0,23,3.58205)->(1,23,6.57832)->(2,23,7.89615)->(3,23,8.57832)->(4,23,9.14615)->(5,23,9.6641)->(6,23,10.1641)->(7,23,10.6641)->(8,23,11.1641)->(9,23,11.6641)->(10,23,12.1641)->(11,23,12.6641)->(12,23,13.1641)->(13,23,13.6641)->(14,23,14.1821)->(15,23,14.7499)->(16,23,15.4321)->(17,23,16.7499)->(18,23,18.9641)->(18,22,21.1783)->(18,21,22.5122)->(18,20,23.3406)->(18,19,24.6744)->(18,18,5012.04)->
Agent 1:(12,24,1.8)->(13,24,3.04949)->(14,24,5.04949)->(15,24,7.29898)->(15,23,9.51319)->(15,22,10.831)->(15,21,11.5132)->(15,20,12.081)->(15,19,12.599)->(15,18,13.099)->(15,17,13.599)->(15,16,14.099)->(15,15,14.599)->(15,14,15.099)->(15,13,15.599)->(15,12,16.099)->(15,11,16.599)->(15,10,17.099)->(15,9,17.599)->(15,8,18.099)->(15,7,18.599)->(15,6,19.099)->(15,5,19.6169)->(15,4,20.1848)->(15,3,20.8669)->(15,2,22.1848)->(15,1,5010.8)->
Agent 2:(28,28,2.61421)->(28,27,6.02843)->(27,27,5003.41)->
Agent 3:(18,6,2.03205)->(18,7,3.47832)->(18,8,4.79615)->(18,9,5.47832)->(18,10,6.04615)->(18,11,6.5641)->(18,12,7.0641)->(18,13,7.5641)->(18,14,8.08205)->(18,15,8.64989)->(18,16,9.33205)->(18,17,10.6499)->(18,18,13.2783)->(17,18,17.9141)->(17,19,21.5783)->(17,20,22.8962)->(17,21,23.5783)->(17,22,24.1462)->(17,23,24.6641)->(17,24,25.1821)->(17,25,25.7499)->(17,26,26.4321)->(17,27,27.7499)->(17,28,5013.58)->
Agent 4:(13,18,3.05)->(14,18,5.51421)->(15,18,6.83205)->(16,18,7.51421)->(17,18,8.08205)->(18,18,8.6)->(19,18,9.11795)->(20,18,9.68579)->(21,18,10.3679)->(22,18,11.6858)->(23,18,14.8821)->(23,19,18.0783)->(23,20,19.3962)->(23,21,20.0783)->(23,22,20.6462)->(23,23,21.1641)->(23,24,21.6641)->(23,25,22.1641)->(23,26,22.6821)->(23,27,23.2499)->(23,28,23.9321)->(23,29,25.2499)->(23,30,5012.33)->
Agent 5:(15,8,1.71421)->(15,9,3.81421)->(16,9,6.44264)->(17,9,7.76048)->(18,9,8.44264)->(19,9,9.01048)->(20,9,9.52843)->(21,9,10.0284)->(22,9,10.5284)->(23,9,11.0284)->(24,9,11.5284)->(25,9,12.0284)->(26,9,12.5284)->(27,9,13.0464)->(28,9,13.6142)->(29,9,14.2964)->(30,9,15.6142)->(31,9,17.8284)->(31,8,20.6284)->(31,7,30.0284)->(31,8,39.4284)->(31,9,5019.71)->
Agent 6:(6,30,2.2)->(6,29,3.81421)->(6,28,5.13205)->(6,27,5.81421)->(6,26,6.38205)->(6,25,6.9)->(6,24,7.4)->(6,23,7.9)->(6,22,8.4)->(6,21,8.9)->(6,20,9.4)->(6,19,9.9)->(6,18,10.4)->(6,17,10.9)->(6,16,11.4)->(6,15,11.9)->(6,14,12.4)->(6,13,12.9179)->(6,12,13.4858)->(6,11,14.1679)->(6,10,15.4858)->(6,9,17.7)->(7,9,19.9142)->(8,9,21.2321)->(9,9,21.9142)->(10,9,22.4821)->(11,9,23)->(12,9,23.5)->(13,9,24)->(14,9,24.5)->(15,9,25)->(16,9,25.5)->(17,9,26)->(18,9,26.5)->(19,9,27)->(20,9,27.5)->(21,9,28)->(22,9,28.5)->(23,9,29)->(24,9,29.5)->(25,9,30)->(26,9,30.5)->(27,9,31.0179)->(28,9,31.5858)->(29,9,32.2679)->(30,9,33.5858)->(31,9,36.2142)->(31,10,5018.3)->
Agent 7:(1,10,1.3)->(1,11,2.01421)->(1,12,3.33205)->(1,13,4.01421)->(1,14,4.58205)->(1,15,5.1)->(1,16,5.6)->(1,17,6.1)->(1,18,6.6)->(1,19,7.1)->(1,20,7.6)->(1,21,8.1)->(1,22,8.6)->(1,23,9.1)->(1,24,9.6)->(1,25,10.1)->(1,26,10.6)->(1,27,11.1179)->(1,28,11.6858)->(1,29,12.3679)->(1,30,13.6858)->(1,31,15.9)->(2,31,18.1142)->(3,31,19.4321)->(4,31,20.1142)->(5,31,20.6821)->(6,31,21.2)->(7,31,21.7)->(8,31,22.2)->(9,31,22.7)->(10,31,23.2)->(11,31,23.7)->(12,31,24.2)->(13,31,24.7)->(14,31,25.2)->(15,31,25.7)->(16,31,26.2)->(17,31,26.7)->(18,31,27.2)->(19,31,27.7)->(20,31,28.2179)->(21,31,28.7858)->(22,31,29.4679)->(23,31,30.7858)->(24,31,5015.1)->
Agent 8:(6,11,2.2)->(6,10,4.4)->(6,9,7.2)->(7,9,9.41421)->(8,9,10.7321)->(9,9,11.4142)->(10,9,11.9821)->(11,9,12.5)->(12,9,13.0179)->(13,9,13.5858)->(14,9,14.2679)->(15,9,15.5858)->(16,9,18.2142)->(16,8,23.7142)->(16,9,5013)->
Agent 9:(13,22,3.8)->(13,21,7.6)->(13,20,10.4)->(14,20,12.6495)->(15,20,14.6495)->(16,20,5007.05)->
Agent 10:(5,19,2.31795)->(5,18,4.05011)->(5,17,5.36795)->(5,16,6.05011)->(5,15,6.61795)->(5,14,7.1359)->(5,13,7.6359)->(5,12,8.1359)->(5,11,8.65385)->(5,10,9.22168)->(5,9,9.90385)->(5,8,11.2217)->(5,7,13.4359)->(6,7,16.2359)->(7,7,5008.12)->
Agent 11:(10,5,1.8)->(11,5,3.01421)->(12,5,4.33205)->(13,5,5.01421)->(14,5,5.58205)->(15,5,6.1)->(16,5,6.6)->(17,5,7.1)->(18,5,7.6)->(19,5,8.1)->(20,5,8.6)->(21,5,9.1)->(22,5,9.6)->(23,5,10.1179)->(24,5,10.6858)->(25,5,11.3679)->(26,5,12.6858)->(27,5,14.9)->(27,6,17.1142)->(27,7,18.4321)->(27,8,19.1238)->(27,9,19.7595)->(27,10,20.4513)->(27,11,21.7691)->(27,12,5010.59)->
Agent 12:(22,18,3.3)->(22,17,6.01421)->(22,16,7.34806)->(22,15,8.17649)->(22,14,9.51034)->(22,13,11.7246)->(23,13,13.9388)->(24,13,15.2726)->(25,13,16.101)->(26,13,17.4349)->(27,13,5008.42)->
Agent 13:(26,7,3.53154)->(26,8,6.47729)->(26,9,7.79513)->(26,10,8.47729)->(26,11,9.04513)->(26,12,9.56308)->(26,13,10.0631)->(26,14,10.581)->(26,15,11.1489)->(26,16,11.831)->(26,17,13.1489)->(26,18,16.0278)->(25,18,18.9067)->(24,18,20.2246)->(23,18,20.9067)->(22,18,21.4746)->(21,18,21.9925)->(20,18,22.4925)->(19,18,22.9925)->(18,18,23.4925)->(17,18,23.9925)->(16,18,24.4925)->(15,18,24.9925)->(14,18,25.4925)->(13,18,25.9925)->(12,18,26.4925)->(11,18,26.9925)->(10,18,27.5105)->(9,18,28.0783)->(8,18,28.7605)->(7,18,30.0783)->(6,18,5014.75)->
Agent 14:(20,28,2.80834)->(20,27,5.0309)->(20,26,6.34874)->(20,25,7.04051)->(20,24,7.67618)->(20,23,8.36795)->(20,22,9.68579)->(20,21,11.9)->(19,21,14.1142)->(18,21,15.4321)->(17,21,16.1142)->(16,21,16.6821)->(15,21,17.2)->(14,21,17.7)->(13,21,18.2)->(12,21,18.7)->(11,21,19.2179)->(10,21,19.7858)->(9,21,20.4679)->(8,21,21.7858)->(7,21,5010.6)->
Agent 15:(26,8,1.8)->(25,8,3.01421)->(24,8,4.33205)->(23,8,5.01421)->(22,8,5.58205)->(21,8,6.11795)->(20,8,6.68579)->(19,8,7.36795)->(18,8,8.68579)->(17,8,10.9)->(17,7,13.1142)->(17,6,14.5284)->(17,5,15.9426)->(17,4,20.9606)->(17,5,5011.87)->
Agent 16:(31,16,2.2)->(31,15,3.81421)->(31,14,5.13205)->(31,13,5.81421)->(31,12,6.38205)->(31,11,6.9)->(31,10,7.4)->(31,9,7.91795)->(31,8,8.48579)->(31,7,9.16795)->(31,6,10.4858)->(31,5,13.0679)->(30,5,15.6501)->(29,5,16.9679)->(28,5,17.6501)->(27,5,18.2179)->(26,5,18.7359)->(25,5,19.2359)->(24,5,19.7359)->(23,5,20.2359)->(22,5,20.7359)->(21,5,21.2359)->(20,5,21.7359)->(19,5,22.2359)->(18,5,22.7359)->(17,5,23.2359)->(16,5,23.7359)->(15,5,24.2359)->(14,5,24.7359)->(13,5,25.2359)->(12,5,25.7359)->(11,5,26.2359)->(10,5,26.7359)->(9,5,27.2359)->(8,5,27.7359)->(7,5,28.2359)->(6,5,28.7359)->(5,5,29.2538)->(4,5,29.8217)->(3,5,30.5038)->(2,5,31.8217)->(1,5,5015.62)->
Agent 17:(9,14,1.8)->(10,14,3.04949)->(11,14,5.04949)->(12,14,7.29898)->(12,13,10.099)->(12,12,5005.05)->
Agent 18:(10,22,10.6)->(9,22,20.6142)->(8,22,21.9321)->(7,22,22.6142)->(6,22,23.1821)->(5,22,23.7)->(4,22,24.2179)->(3,22,24.7858)->(2,22,25.4679)->(1,22,26.7858)->(0,22,5013.1)->
Agent 19:(21,17,3.53205)->(20,17,6.47832)->(19,17,7.79615)->(18,17,8.47832)->(17,17,9.04615)->(16,17,9.5641)->(15,17,10.0641)->(14,17,10.5641)->(13,17,11.0641)->(12,17,11.5641)->(11,17,12.0821)->(10,17,12.6499)->(9,17,13.3321)->(8,17,14.6499)->(7,17,16.8641)->(7,16,19.0783)->(7,15,20.4925)->(7,14,21.9067)->(7,13,28.3284)->(7,14,35.3359)->(7,15,5017.67)->
Agent 20:(29,30,2.2)->(29,29,3.81421)->(29,28,5.22843)->(29,27,6.64264)->(29,26,8.85685)->(28,26,11.1063)->(27,26,13.1063)->(26,26,5006.28)->
Agent 21:(25,10,1.3)->(25,11,2.01421)->(25,12,3.33205)->(25,13,4.01421)->(25,14,4.58205)->(25,15,5.1)->(25,16,5.6)->(25,17,6.1)->(25,18,6.61795)->(25,19,7.18579)->(25,20,7.86795)->(25,21,9.18579)->(25,22,11.6321)->(24,22,14.0783)->(23,22,15.3962)->(22,22,16.0783)->(21,22,16.6462)->(20,22,17.1641)->(19,22,17.6641)->(18,22,18.1641)->(17,22,18.6641)->(16,22,19.1641)->(15,22,19.6641)->(14,22,20.1641)->(13,22,20.6641)->(12,22,21.1641)->(11,22,21.6641)->(10,22,22.1641)->(9,22,22.6821)->(8,22,23.2499)->(7,22,23.9321)->(6,22,25.2499)->(5,22,27.8783)->(5,23,31.4783)->(4,23,34.142)->(3,23,36.142)->(2,23,5017.8)->
Agent 22:(1,15,1.8)->(2,15,3.01421)->(3,15,4.33205)->(4,15,5.01421)->(5,15,5.58205)->(6,15,6.1)->(7,15,6.6)->(8,15,7.1)->(9,15,7.6)->(10,15,8.1)->(11,15,8.6)->(12,15,9.1)->(13,15,9.6)->(14,15,10.1)->(15,15,10.6)->(16,15,11.1)->(17,15,11.6)->(18,15,12.1179)->(19,15,12.6858)->(20,15,13.3679)->(21,15,14.6858)->(22,15,16.9)->(22,14,19.1142)->(22,13,20.4321)->(22,12,21.1142)->(22,11,21.6821)->(22,10,22.2)->(22,9,22.7)->(22,8,23.2)->(22,7,23.7179)->(22,6,24.2858)->(22,5,24.9679)->(22,4,26.2858)->(22,3,5012.85)->
Agent 23:(23,7,1.55)->(23,8,2.51421)->(23,9,3.83205)->(23,10,4.51421)->(23,11,5.08205)->(23,12,5.6)->(23,13,6.1)->(23,14,6.6)->(23,15,7.11795)->(23,16,7.68579)->(23,17,8.36795)->(23,18,9.68579)->(23,19,12.8821)->(22,19,16.0783)->(21,19,17.3962)->(20,19,18.0783)->(19,19,18.6462)->(18,19,19.1641)->(17,19,19.6641)->(16,19,20.1821)->(15,19,20.7499)->(14,19,21.4321)->(13,19,22.7499)->(12,19,5011.08)->
Agent 24:(23,29,1.8)->(22,29,3.01421)->(21,29,4.34806)->(20,29,5.17649)->(19,29,6.51034)->(18,29,9.29433)->(18,28,12.0783)->(18,27,13.3962)->(18,26,14.0783)->(18,25,14.6462)->(18,24,15.1641)->(18,23,15.6641)->(18,22,16.1641)->(18,21,16.6821)->(18,20,17.2499)->(18,19,17.9321)->(18,18,19.2499)->(18,17,5009.33)->
Agent 25:(28,15,8.6)->(27,15,16.6142)->(26,15,17.9321)->(25,15,18.6142)->(24,15,19.1821)->(23,15,19.7)->(22,15,20.2)->(21,15,20.7)->(20,15,21.2)->(19,15,21.7)->(18,15,22.2)->(17,15,22.7)->(16,15,23.2)->(15,15,23.7)->(14,15,24.2)->(13,15,24.7)->(12,15,25.2)->(11,15,25.7)->(10,15,26.2179)->(9,15,26.7858)->(8,15,27.4679)->(7,15,28.7858)->(6,15,31)->(6,14,33.2495)->(6,13,35.2495)->(6,12,5017.35)->
Agent 26:(16,23,3.70461)->(16,22,6.82343)->(16,21,8.14126)->(16,20,8.83303)->(16,19,9.46871)->(16,18,10.1605)->(16,17,11.4783)->(16,16,13.7458)->(15,16,16.0132)->(14,16,17.331)->(13,16,18.0132)->(12,16,18.599)->(11,16,19.1848)->(10,16,19.8669)->(9,16,21.1848)->(8,16,5010.3)->
Agent 27:(10,21,1.8)->(11,21,3.01421)->(12,21,4.33205)->(13,21,5.01421)->(14,21,5.58205)->(15,21,6.1)->(16,21,6.6)->(17,21,7.1)->(18,21,7.6)->(19,21,8.1)->(20,21,8.6)->(21,21,9.11795)->(22,21,9.68579)->(23,21,10.3679)->(24,21,11.6858)->(25,21,13.9)->(25,22,16.1495)->(25,23,18.1495)->(25,24,5008.8)->
Agent 28:(27,19,2.2)->(27,18,3.81421)->(27,17,5.13205)->(27,16,5.81421)->(27,15,6.38205)->(27,14,6.9)->(27,13,7.4)->(27,12,7.9)->(27,11,8.4)->(27,10,8.9)->(27,9,9.4)->(27,8,9.9)->(27,7,10.4)->(27,6,10.9)->(27,5,11.4)->(27,4,11.9179)->(27,3,12.4858)->(27,2,13.1679)->(27,1,14.4858)->(27,0,16.7)->(26,0,18.9142)->(25,0,20.2321)->(24,0,20.9142)->(23,0,21.4821)->(22,0,22)->(21,0,22.5)->(20,0,23)->(19,0,23.5)->(18,0,24)->(17,0,24.5)->(16,0,25)->(15,0,25.5179)->(14,0,26.0858)->(13,0,26.7679)->(12,0,28.0858)->(11,0,5013.75)->
Agent 29:(23,9,1.55)->(23,10,2.51421)->(23,11,3.83205)->(23,12,4.51421)->(23,13,5.08205)->(23,14,5.6)->(23,15,6.1)->(23,16,6.6)->(23,17,7.1)->(23,18,7.6)->(23,19,8.1)->(23,20,8.6)->(23,21,9.1)->(23,22,9.6)->(23,23,10.1)->(23,24,10.6)->(23,25,11.1)->(23,26,11.6)->(23,27,12.1179)->(23,28,12.6858)->(23,29,13.3679)->(23,30,14.6858)->(23,31,16.9)->(24,31,19.1142)->(25,31,20.4321)->(26,31,21.1238)->(27,31,21.7595)->(28,31,22.4513)->(29,31,23.7691)->(30,31,5011.59)->
Agent 30:(2,0,1.3)->(2,1,2.01421)->(2,2,3.33205)->(2,3,4.01421)->(2,4,4.58205)->(2,5,5.1)->(2,6,5.6)->(2,7,6.1)->(2,8,6.6)->(2,9,7.1)->(2,10,7.6)->(2,11,8.11795)->(2,12,8.68579)->(2,13,9.36795)->(2,14,10.6858)->(2,15,21.2179)->(3,15,31.7501)->(4,15,33.0679)->(5,15,33.7501)->(6,15,34.3179)->(7,15,34.8359)->(8,15,35.3359)->(9,15,35.8359)->(10,15,36.3359)->(11,15,36.8359)->(12,15,37.3359)->(13,15,37.8359)->(14,15,38.3359)->(15,15,38.8359)->(16,15,39.3359)->(17,15,39.8359)->(18,15,40.3538)->(19,15,40.9217)->(20,15,41.6038)->(21,15,42.9217)->(22,15,5021.17)->
Agent 31:(23,5,2.38579)->(23,6,4.18579)->(23,7,5.51964)->(23,8,6.34806)->(23,9,7.68191)->(23,10,9.89613)->(22,10,12.1103)->(21,10,13.4442)->(20,10,14.2726)->(19,10,15.6065)->(18,10,5007.51)->
Agent 32:(3,12,2.2)->(3,11,3.81421)->(3,10,5.13205)->(3,9,5.8641)->(3,8,6.59615)->(3,7,7.91399)->(3,6,10.1282)->(2,6,12.9282)->(1,6,5006.46)->
Agent 33:(1,4,2.61421)->(1,3,5.61421)->(2,3,8.24264)->(3,3,9.56048)->(4,3,10.2426)->(5,3,10.8105)->(6,3,11.3284)->(7,3,11.8284)->(8,3,12.3284)->(9,3,12.8464)->(10,3,13.4142)->(11,3,14.0964)->(12,3,15.4142)->(13,3,18.0426)->(13,2,22.4569)->(13,3,5011.83)->
Agent 34:(11,19,2.24949)->(11,18,3.91319)->(11,17,5.23103)->(11,16,5.91319)->(11,15,6.49898)->(11,14,7.08477)->(11,13,7.76693)->(11,12,9.08477)->(11,11,11.299)->(10,11,13.5132)->(9,11,14.831)->(8,11,15.5132)->(7,11,16.081)->(6,11,16.599)->(5,11,17.099)->(4,11,17.6169)->(3,11,18.1848)->(2,11,18.8669)->(1,11,20.1848)->(0,11,5009.8)->
Agent 35:(8,13,1.8)->(9,13,3.6)->(10,13,5001.8)->
Agent 36:(2,7,1.8)->(3,7,3.01421)->(4,7,4.33205)->(5,7,5.01421)->(6,7,5.58205)->(7,7,6.1)->(8,7,6.6)->(9,7,7.1)->(10,7,7.6)->(11,7,8.1)->(12,7,8.6)->(13,7,9.1)->(14,7,9.6)->(15,7,10.1)->(16,7,10.6)->(17,7,11.1)->(18,7,11.6)->(19,7,12.1179)->(20,7,12.6858)->(21,7,13.3679)->(22,7,14.6858)->(23,7,16.9)->(23,8,19.1142)->(23,9,20.4481)->(23,10,21.2765)->(23,11,22.6103)->(23,12,5011.01)->
Agent 37:(30,13,1.8)->(29,13,3.01421)->(28,13,4.33205)->(27,13,5.01421)->(26,13,5.58205)->(25,13,6.1)->(24,13,6.6)->(23,13,7.1)->(22,13,7.6)->(21,13,8.1)->(20,13,8.6)->(19,13,9.1)->(18,13,9.6)->(17,13,10.1179)->(16,13,10.6858)->(15,13,11.3679)->(14,13,12.6858)->(13,13,17.4716)->(13,12,22.2574)->(13,11,23.6716)->(13,10,25.0858)->(13,9,27.7142)->(12,9,5014.05)->
Agent 38:(27,16,1.8)->(26,16,3.01421)->(25,16,4.33205)->(24,16,5.01421)->(23,16,5.58205)->(22,16,6.1)->(21,16,6.6)->(20,16,7.1)->(19,16,7.6)->(18,16,8.1)->(17,16,8.6)->(16,16,9.1)->(15,16,9.6)->(14,16,10.1)->(13,16,10.6)->(12,16,11.1)->(11,16,11.6)->(10,16,12.1)->(9,16,12.6)->(8,16,13.1)->(7,16,13.6)->(6,16,14.1)->(5,16,14.6)->(4,16,15.1179)->(3,16,15.6858)->(2,16,16.3679)->(1,16,17.6858)->(0,16,19.9)->(0,17,22.1142)->(0,18,23.4321)->(0,19,24.1142)->(0,20,24.6821)->(0,21,25.2)->(0,22,25.7)->(0,23,26.2)->(0,24,26.7)->(0,25,27.2)->(0,26,27.7179)->(0,27,28.2858)->(0,28,28.9679)->(0,29,30.2858)->(0,30,5014.85)->
Agent 39:(9,2,1.3)->(9,3,2.01421)->(9,4,3.33205)->(9,5,4.01421)->(9,6,4.58205)->(9,7,5.1)->(9,8,5.6)->(9,9,6.1)->(9,10,6.6)->(9,11,7.1)->(9,12,7.6)->(9,13,8.1)->(9,14,8.61795)->(9,15,9.18579)->(9,16,9.86795)->(9,17,11.1858)->(9,18,13.4)->(10,18,15.6142)->(11,18,16.9481)->(12,18,17.7765)->(13,18,19.1103)->(14,18,21.7585)->(14,19,5011.08)->
