Agent 0:(20,31,2.2)->(20,30,3.81421)->(20,29,5.13205)->(20,28,5.81421)->(20,27,6.38205)->(20,26,6.9)->(20,25,7.4)->(20,24,7.9)->(20,23,8.4)->(20,22,8.9)->(20,21,9.4)->(20,20,9.9)->(20,19,10.4)->(20,18,10.9179)->(20,17,11.4858)->(20,16,12.1679)->(20,15,13.4858)->(20,14,15.7)->(19,14,17.9142)->(18,14,19.2321)->(17,14,19.9142)->(16,14,20.4821)->(15,14,21)->(14,14,21.5)->(13,14,22)->(12,14,22.5)->(11,14,23)->(10,14,23.5)->(9,14,24)->(8,14,24.5)->(7,14,25.0179)->(6,14,25.5858)->(5,14,26.2679)->(4,14,27.5858)->(3,14,30.2142)->(3,15,5015.3)->
Agent 1:(17,5,2.08256)->(17,6,3.61461)->(17,7,5.61461)->(17,8,8.0359)->(18,8,10.4219)->(19,8,11.7397)->(20,8,12.4718)->(21,8,13.2038)->(22,8,14.5217)->(23,8,5006.97)->
Agent 2:(22,5,5.35961)->(22,6,10.1334)->(22,7,11.4513)->(22,8,12.1334)->(22,9,12.7013)->(22,10,13.2192)->(22,11,13.7192)->(22,12,14.2192)->(22,13,14.7192)->(22,14,15.2192)->(22,15,15.7192)->(22,16,16.2192)->(22,17,16.7192)->(22,18,17.2192)->(22,19,17.7192)->(22,20,18.2192)->(22,21,18.7192)->(22,22,19.2192)->(22,23,19.7192)->(22,24,20.2192)->(22,25,20.7192)->(22,26,21.2192)->(22,27,21.7372)->(22,28,22.305)->(22,29,22.9872)->(22,30,24.305)->(22,31,26.9334)->(23,31,5013.66)->
Agent 3:(22,0,1.8)->(23,0,3.01421)->(24,0,4.33205)->(25,0,5.01421)->(26,0,5.6)->(27,0,6.18579)->(28,0,6.86795)->(29,0,8.18579)->(30,0,10.4)->(30,1,12.6142)->(30,2,13.9321)->(30,3,14.6142)->(30,4,15.1821)->(30,5,15.7)->(30,6,16.2)->(30,7,16.7)->(30,8,17.2)->(30,9,17.7)->(30,10,18.2)->(30,11,18.7)->(30,12,19.2)->(30,13,19.7)->(30,14,20.2)->(30,15,20.7179)->(30,16,21.2858)->(30,17,21.9679)->(30,18,23.2858)->(30,19,5011.35)->
Agent 4:(10,30,2.2)->(10,29,3.81421)->(10,28,5.13205)->(10,27,5.81421)->(10,26,6.38205)->(10,25,6.9)->(10,24,7.4)->(10,23,7.9)->(10,22,8.4)->(10,21,8.9)->(10,20,9.4)->(10,19,9.9)->(10,18,10.4)->(10,17,10.9)->(10,16,11.4179)->(10,15,11.9858)->(10,14,12.6679)->(10,13,13.9858)->(10,12,17.3)->(9,12,20.6142)->(8,12,21.9321)->(7,12,22.6142)->(6,12,23.2)->(5,12,23.7858)->(4,12,24.4679)->(3,12,25.7858)->(2,12,5012.6)->
Agent 5:(10,22,1.8)->(9,22,3.01421)->(8,22,4.33205)->(7,22,5.01421)->(6,22,5.6)->(5,22,6.18579)->(4,22,6.86795)->(3,22,8.18579)->(2,22,10.4)->(2,23,12.6495)->(2,24,14.6495)->(2,25,5007.05)->
Agent 6:(27,23,2.2)->(27,22,3.81421)->(27,21,5.13205)->(27,20,5.81421)->(27,19,6.38205)->(27,18,6.9)->(27,17,7.4)->(27,16,7.9)->(27,15,8.4)->(27,14,8.9)->(27,13,9.4)->(27,12,9.9)->(27,11,10.4179)->(27,10,10.9858)->(27,9,11.6679)->(27,8,12.9858)->(27,7,15.9141)->(26,7,18.8424)->(25,7,20.1603)->(24,7,20.8424)->(23,7,21.4103)->(22,7,21.9282)->(21,7,22.4282)->(20,7,22.9282)->(19,7,23.4282)->(18,7,23.9282)->(17,7,24.4282)->(16,7,24.9282)->(15,7,25.4282)->(14,7,25.9282)->(13,7,26.4282)->(12,7,26.9282)->(11,7,27.4462)->(10,7,28.014)->(9,7,28.6962)->(8,7,30.014)->(7,7,32.6424)->(7,8,5016.51)->
Agent 7:(15,8,5.25)->(15,9,9.91421)->(15,10,11.2321)->(15,11,11.9142)->(15,12,12.4821)->(15,13,13)->(15,14,13.5)->(15,15,14)->(15,16,14.5)->(15,17,15)->(15,18,15.5)->(15,19,16)->(15,20,16.5)->(15,21,17.0179)->(15,22,17.5858)->(15,23,18.2679)->(15,24,19.5858)->(15,25,21.8)->(16,25,24.0142)->(17,25,25.3321)->(18,25,26.0142)->(19,25,26.5821)->(20,25,27.1179)->(21,25,27.6858)->(22,25,28.3679)->(23,25,29.6858)->(24,25,5014.55)->
Agent 8:(26,16,2.2)->(26,15,3.81421)->(26,14,5.13205)->(26,13,5.81421)->(26,12,6.38205)->(26,11,6.9)->(26,10,7.41795)->(26,9,7.98579)->(26,8,8.66795)->(26,7,9.98579)->(26,6,13.6001)->(25,6,17.2144)->(24,6,18.5323)->(23,6,19.2144)->(22,6,19.8002)->(21,6,20.386)->(20,6,21.0682)->(19,6,22.386)->(18,6,25.0144)->(18,7,5012.7)->
Agent 9:(14,31,2.68205)->(14,30,4.77832)->(14,29,6.09615)->(14,28,6.77832)->(14,27,7.34615)->(14,26,7.8641)->(14,25,8.3641)->(14,24,8.8641)->(14,23,9.3641)->(14,22,9.8641)->(14,21,10.3641)->(14,20,10.8821)->(14,19,11.4499)->(14,18,12.1321)->(14,17,13.4499)->(14,16,16.7821)->(13,16,20.1142)->(12,16,21.4321)->(11,16,22.1142)->(10,16,22.6821)->(9,16,23.2)->(8,16,23.7)->(7,16,24.2)->(6,16,24.7)->(5,16,25.2)->(4,16,25.7179)->(3,16,26.2858)->(2,16,26.9679)->(1,16,28.2858)->(0,16,5013.85)->
Agent 10:(3,31,2.8)->(3,30,5.01421)->(3,29,6.33205)->(3,28,7.01421)->(3,27,7.58205)->(3,26,8.1)->(3,25,8.6)->(3,24,9.1)->(3,23,9.6)->(3,22,10.1)->(3,21,10.6)->(3,20,11.1)->(3,19,11.6)->(3,18,12.1)->(3,17,12.6)->(3,16,13.1)->(3,15,13.6)->(3,14,14.1179)->(3,13,14.6858)->(3,12,15.3679)->(3,11,16.6858)->(3,10,18.9)->(4,10,21.1142)->(5,10,22.4321)->(6,10,23.1142)->(7,10,23.6821)->(8,10,24.2)->(9,10,24.7)->(10,10,25.2)->(11,10,25.7)->(12,10,26.2)->(13,10,26.7)->(14,10,27.2)->(15,10,27.7)->(16,10,28.2)->(17,10,28.7)->(18,10,29.2)->(19,10,29.7)->(20,10,30.2)->(21,10,30.7)->(22,10,31.2)->(23,10,31.7)->(24,10,32.2)->(25,10,32.7179)->(26,10,33.2858)->(27,10,33.9679)->(28,10,35.2858)->(29,10,37.9142)->(29,11,41.5142)->(30,11,44.7284)->(31,11,5022.36)->
Agent 11:(1,9,1.3)->(1,10,2.01421)->(1,11,3.33205)->(1,12,4.01421)->(1,13,4.58205)->(1,14,5.1)->(1,15,5.6)->(1,16,6.1)->(1,17,6.6)->(1,18,7.1)->(1,19,7.6)->(1,20,8.11795)->(1,21,8.68579)->(1,22,9.36795)->(1,23,10.6858)->(1,24,14.0995)->(2,24,17.5132)->(3,24,18.831)->(4,24,19.5132)->(5,24,20.081)->(6,24,20.599)->(7,24,21.099)->(8,24,21.599)->(9,24,22.099)->(10,24,22.599)->(11,24,23.099)->(12,24,23.599)->(13,24,24.099)->(14,24,24.599)->(15,24,25.099)->(16,24,25.599)->(17,24,26.099)->(18,24,26.599)->(19,24,27.099)->(20,24,27.6169)->(21,24,28.1848)->(22,24,28.8669)->(23,24,30.1848)->(24,24,5014.8)->
Agent 12:(9,23,3.21421)->(9,22,5.84264)->(9,21,7.16048)->(9,20,7.84264)->(9,19,8.42843)->(9,18,9.01421)->(9,17,9.69638)->(9,16,11.0142)->(9,15,13.2284)->(10,15,15.4426)->(11,15,16.7605)->(12,15,17.4426)->(13,15,18.0105)->(14,15,18.5284)->(15,15,19.0284)->(16,15,19.5284)->(17,15,20.0284)->(18,15,20.5284)->(19,15,21.0284)->(20,15,21.5284)->(21,15,22.0284)->(22,15,22.5284)->(23,15,23.0284)->(24,15,23.5464)->(25,15,24.1142)->(26,15,24.7964)->(27,15,26.1142)->(28,15,5012.76)->
Agent 13:(7,7,2.8)->(7,6,5.01421)->(7,5,6.42843)->(7,4,7.84264)->(7,3,10.238)->(8,3,12.6334)->(9,3,13.9513)->(10,3,14.6334)->(11,3,15.2013)->(12,3,15.7192)->(13,3,16.2192)->(14,3,16.7192)->(15,3,17.2192)->(16,3,17.7192)->(17,3,18.2192)->(18,3,18.7192)->(19,3,19.2372)->(20,3,19.805)->(21,3,20.4872)->(22,3,21.805)->(23,3,5010.61)->
Agent 14:(31,7,2.2)->(31,6,3.81421)->(31,5,5.13205)->(31,4,5.82382)->(31,3,6.45949)->(31,2,7.15126)->(31,1,8.4691)->(31,0,11.5417)->(30,0,14.6142)->(29,0,15.9321)->(28,0,16.6142)->(27,0,17.1821)->(26,0,17.7)->(25,0,18.2)->(24,0,18.7179)->(23,0,19.2858)->(22,0,19.9679)->(21,0,21.2858)->(20,0,5010.35)->
Agent 15:(24,26,1.8)->(25,26,3.6)->(26,26,6.4)->(26,25,8.61421)->(26,24,10.0284)->(26,23,11.4426)->(26,22,17.9426)->(26,23,5011.1)->
Agent 16:(5,31,2.7)->(5,30,4.81421)->(5,29,6.13205)->(5,28,6.81421)->(5,27,7.38205)->(5,26,7.9)->(5,25,8.4)->(5,24,8.9)->(5,23,9.4)->(5,22,9.9)->(5,21,10.4)->(5,20,10.9)->(5,19,11.4)->(5,18,11.9)->(5,17,12.4)->(5,16,12.9)->(5,15,13.4)->(5,14,13.9)->(5,13,14.4)->(5,12,14.9)->(5,11,15.4)->(5,10,15.9)->(5,9,16.4179)->(5,8,16.9858)->(5,7,17.6679)->(5,6,18.9858)->(5,5,21.6501)->(6,5,24.3144)->(7,5,25.6323)->(8,5,26.3144)->(9,5,26.8823)->(10,5,27.4002)->(11,5,27.9002)->(12,5,28.4002)->(13,5,28.9002)->(14,5,29.4002)->(15,5,29.9002)->(16,5,30.4002)->(17,5,30.9002)->(18,5,31.4002)->(19,5,31.9002)->(20,5,32.4182)->(21,5,32.986)->(22,5,33.6682)->(23,5,34.986)->(24,5,5017.2)->
Agent 17:(30,15,2.21795)->(29,15,3.85011)->(28,15,5.16795)->(27,15,5.85011)->(26,15,6.41795)->(25,15,6.95385)->(24,15,7.52168)->(23,15,8.20385)->(22,15,9.52168)->(21,15,13.1821)->(21,14,16.8424)->(21,13,18.1603)->(21,12,18.8424)->(21,11,19.4103)->(21,10,19.9282)->(21,9,20.4282)->(21,8,20.9282)->(21,7,21.4282)->(21,6,21.9462)->(21,5,22.514)->(21,4,23.1962)->(21,3,24.514)->(21,2,26.7282)->(20,2,28.9777)->(19,2,30.9777)->(18,2,5015.21)->
Agent 18:(21,22,3.10556)->(21,21,5.62533)->(21,20,6.95918)->(21,19,7.78761)->(21,18,9.12146)->(21,17,13.1358)->(20,17,17.1501)->(19,17,18.4679)->(18,17,19.1501)->(17,17,19.7179)->(16,17,20.2359)->(15,17,20.7359)->(14,17,21.2359)->(13,17,21.7359)->(12,17,22.2359)->(11,17,22.7359)->(10,17,23.2359)->(9,17,23.7359)->(8,17,24.2359)->(7,17,24.7359)->(6,17,25.2359)->(5,17,25.7359)->(4,17,26.2538)->(3,17,26.8217)->(2,17,27.5038)->(1,17,28.8217)->(0,17,5014.12)->
Agent 19:(21,19,2.2)->(21,18,3.81421)->(21,17,5.14806)->(21,16,5.97649)->(21,15,7.31034)->(21,14,9.52456)->(22,14,12.3246)->(23,14,19.3407)->(23,15,5011.76)->
Agent 20:(30,27,2.2)->(30,26,3.81421)->(30,25,5.13205)->(30,24,5.82382)->(30,23,6.45949)->(30,22,7.15126)->(30,21,8.4691)->(30,20,11.3274)->(29,20,14.1858)->(28,20,15.5196)->(27,20,16.3481)->(26,20,17.6819)->(25,20,5008.55)->
Agent 21:(18,21,2.21421)->(19,21,4.83579)->(19,20,7.48579)->(19,19,8.80362)->(19,18,9.48579)->(19,17,10.0536)->(19,16,10.5716)->(19,15,11.0716)->(19,14,11.5716)->(19,13,12.0716)->(19,12,12.5716)->(19,11,13.0716)->(19,10,13.5716)->(19,9,14.0716)->(19,8,14.5716)->(19,7,15.0716)->(19,6,15.5716)->(19,5,16.0716)->(19,4,16.5895)->(19,3,17.1574)->(19,2,17.8395)->(19,1,19.1574)->(19,0,5009.29)->
Agent 22:(24,19,2.2)->(24,18,3.81421)->(24,17,5.13205)->(24,16,5.81421)->(24,15,6.4)->(24,14,6.98579)->(24,13,7.66795)->(24,12,8.98579)->(24,11,11.4)->(23,11,13.8142)->(22,11,15.1321)->(21,11,15.8142)->(20,11,16.3821)->(19,11,16.9)->(18,11,17.4)->(17,11,17.9)->(16,11,18.4)->(15,11,18.9)->(14,11,19.4)->(13,11,19.9)->(12,11,20.4)->(11,11,20.9)->(10,11,21.4)->(9,11,21.9)->(8,11,22.4)->(7,11,22.9)->(6,11,23.4179)->(5,11,23.9858)->(4,11,24.6679)->(3,11,25.9858)->(2,11,28.6142)->(2,10,5014.5)->
Agent 23:(29,1,1.3)->(29,2,2.01421)->(29,3,3.33205)->(29,4,4.01421)->(29,5,4.58205)->(29,6,5.1)->(29,7,5.6)->(29,8,6.1)->(29,9,6.6)->(29,10,7.1)->(29,11,7.6)->(29,12,8.1)->(29,13,8.6)->(29,14,9.1)->(29,15,9.6)->(29,16,10.1)->(29,17,10.6)->(29,18,11.1)->(29,19,11.6179)->(29,20,12.1858)->(29,21,12.8679)->(29,22,14.1858)->(29,23,16.9)->(28,23,19.6142)->(27,23,20.9321)->(26,23,21.6142)->(25,23,22.1821)->(24,23,22.7)->(23,23,23.2)->(22,23,23.7)->(21,23,24.2)->(20,23,24.7)->(19,23,25.2)->(18,23,25.7)->(17,23,26.2)->(16,23,26.7)->(15,23,27.2)->(14,23,27.7)->(13,23,28.2)->(12,23,28.7)->(11,23,29.2179)->(10,23,29.7858)->(9,23,30.4679)->(8,23,31.7858)->(7,23,5015.6)->
Agent 24:(6,20,3.01228)->(6,19,5.43877)->(6,18,6.75661)->(6,17,7.43877)->(6,16,8.00661)->(6,15,8.52456)->(6,14,9.02456)->(6,13,9.52456)->(6,12,10.0246)->(6,11,10.5246)->(6,10,11.0246)->(6,9,11.5246)->(6,8,12.0246)->(6,7,12.5425)->(6,6,13.1103)->(6,5,13.7925)->(6,4,15.1103)->(6,3,17.7388)->(7,3,25.3123)->(7,4,5014.84)->
Agent 25:(7,15,1.3)->(7,16,2.01421)->(7,17,3.33205)->(7,18,4.01421)->(7,19,4.6)->(7,20,5.18579)->(7,21,5.86795)->(7,22,7.18579)->(7,23,11.7212)->(6,23,16.2566)->(5,23,17.5744)->(4,23,18.3065)->(3,23,19.0385)->(2,23,20.3563)->(1,23,5009.89)->
Agent 26:(24,13,1.8)->(23,13,3.01421)->(22,13,4.33205)->(21,13,5.01421)->(20,13,5.58205)->(19,13,6.1)->(18,13,6.6)->(17,13,7.1)->(16,13,7.61795)->(15,13,8.18579)->(14,13,8.86795)->(13,13,10.1858)->(12,13,12.4)->(12,14,14.6142)->(12,15,15.9321)->(12,16,16.6641)->(12,17,17.3962)->(12,18,18.714)->(12,19,21.4058)->(11,19,24.6833)->(10,19,5012.34)->
Agent 27:(12,20,2.21421)->(11,20,4.81421)->(11,19,7.44264)->(11,18,8.76048)->(11,17,9.45225)->(11,16,10.0879)->(11,15,10.7797)->(11,14,12.0975)->(11,13,14.8701)->(10,13,5007.7)->
Agent 28:(3,1,1.3)->(3,2,2.01421)->(3,3,3.34806)->(3,4,4.17649)->(3,5,5.51034)->(3,6,13.0766)->(4,6,20.6429)->(5,6,21.9607)->(6,6,22.6429)->(7,6,23.2107)->(8,6,23.7287)->(9,6,24.2287)->(10,6,24.7287)->(11,6,25.2287)->(12,6,25.7287)->(13,6,26.2287)->(14,6,26.7287)->(15,6,27.2287)->(16,6,27.7287)->(17,6,28.2287)->(18,6,28.7466)->(19,6,29.3144)->(20,6,29.9966)->(21,6,31.3144)->(22,6,33.9429)->(22,7,5017.16)->
Agent 29:(12,3,1.3)->(12,4,2.01421)->(12,5,3.33205)->(12,6,4.02382)->(12,7,4.65949)->(12,8,5.35126)->(12,9,6.6691)->(12,10,9.60949)->(13,10,12.5499)->(14,10,13.8677)->(15,10,14.5499)->(16,10,15.1177)->(17,10,15.6357)->(18,10,16.1357)->(19,10,16.6357)->(20,10,17.1357)->(21,10,17.6357)->(22,10,18.1357)->(23,10,18.6357)->(24,10,19.1357)->(25,10,19.6357)->(26,10,20.1536)->(27,10,20.7215)->(28,10,21.4036)->(29,10,22.7215)->(30,10,5011.07)->
Agent 30:(17,20,2.79166)->(17,19,4.99753)->(17,18,6.31537)->(17,17,6.99753)->(17,16,7.56537)->(17,15,8.08331)->(17,14,8.58331)->(17,13,9.10126)->(17,12,9.6691)->(17,11,10.3513)->(17,10,11.6691)->(17,9,13.8833)->(16,9,16.0975)->(15,9,17.4154)->(14,9,18.0975)->(13,9,18.6654)->(12,9,19.1833)->(11,9,19.6833)->(10,9,20.1833)->(9,9,20.7013)->(8,9,21.2691)->(7,9,21.9513)->(6,9,23.2691)->(5,9,25.8975)->(5,8,5013.14)->
Agent 31:(22,13,1.3)->(22,14,2.01421)->(22,15,3.33205)->(22,16,4.01421)->(22,17,4.58205)->(22,18,5.1)->(22,19,5.6)->(22,20,6.1)->(22,21,6.6)->(22,22,7.1)->(22,23,7.61795)->(22,24,8.18579)->(22,25,8.86795)->(22,26,10.1858)->(22,27,15.4096)->(21,27,20.6334)->(20,27,21.9513)->(19,27,22.6334)->(18,27,23.2013)->(17,27,23.7192)->(16,27,24.2192)->(15,27,24.7372)->(14,27,25.305)->(13,27,25.9872)->(12,27,27.305)->(11,27,5013.36)->
Agent 32:(11,12,1.8)->(12,12,3.01421)->(13,12,4.33205)->(14,12,5.02382)->(15,12,5.65949)->(16,12,6.35126)->(17,12,7.6691)->(18,12,13.9059)->(18,11,5008.95)->
Agent 33:(18,0,1.8)->(17,0,3.01421)->(16,0,4.33205)->(15,0,5.02382)->(14,0,5.65949)->(13,0,6.35126)->(12,0,7.6691)->(11,0,9.88331)->(11,1,12.0975)->(11,2,13.4154)->(11,3,14.0975)->(11,4,14.6654)->(11,5,15.1833)->(11,6,15.6833)->(11,7,16.1833)->(11,8,16.6833)->(11,9,17.1833)->(11,10,17.6833)->(11,11,18.1833)->(11,12,18.6833)->(11,13,19.1833)->(11,14,19.6833)->(11,15,20.1833)->(11,16,20.6833)->(11,17,21.1833)->(11,18,21.6833)->(11,19,22.1833)->(11,20,22.6833)->(11,21,23.1833)->(11,22,23.6833)->(11,23,24.1833)->(11,24,24.6833)->(11,25,25.1833)->(11,26,25.6833)->(11,27,26.2013)->(11,28,26.7691)->(11,29,27.4513)->(11,30,28.7691)->(11,31,5014.09)->
Agent 34:(15,24,2.2)->(15,23,3.81421)->(15,22,5.13205)->(15,21,5.81421)->(15,20,6.4)->(15,19,6.98579)->(15,18,7.66795)->(15,17,8.98579)->(15,16,11.2)->(16,16,13.4142)->(17,16,14.7321)->(18,16,15.4142)->(19,16,15.9821)->(20,16,16.5)->(21,16,17.0179)->(22,16,17.5858)->(23,16,18.2679)->(24,16,19.5858)->(25,16,23.2642)->(25,15,5012.35)->
Agent 35:(4,5,1.8)->(5,5,3.01421)->(6,5,4.33205)->(7,5,5.01421)->(8,5,5.58205)->(9,5,6.1)->(10,5,6.6)->(11,5,7.1)->(12,5,7.6)->(13,5,8.11795)->(14,5,8.68579)->(15,5,9.36795)->(16,5,10.6858)->(17,5,13.05)->(17,6,15.4142)->(17,7,16.7321)->(17,8,17.4142)->(17,9,17.9821)->(17,10,18.5179)->(17,11,19.0858)->(17,12,19.7679)->(17,13,21.0858)->(17,14,5010.25)->
Agent 36:(23,26,2.2)->(23,25,3.81421)->(23,24,5.13205)->(23,23,5.81421)->(23,22,6.38205)->(23,21,6.9)->(23,20,7.4)->(23,19,7.9)->(23,18,8.4)->(23,17,8.9)->(23,16,9.4)->(23,15,9.9)->(23,14,10.4)->(23,13,10.9)->(23,12,11.4)->(23,11,11.9)->(23,10,12.4)->(23,9,12.9)->(23,8,13.4179)->(23,7,13.9858)->(23,6,14.6679)->(23,5,15.9858)->(23,4,18.2)->(22,4,20.4142)->(21,4,21.7321)->(20,4,22.4142)->(19,4,22.9821)->(18,4,23.5)->(17,4,24)->(16,4,24.5)->(15,4,25)->(14,4,25.5)->(13,4,26)->(12,4,26.5)->(11,4,27)->(10,4,27.5)->(9,4,28)->(8,4,28.5179)->(7,4,29.0858)->(6,4,29.7679)->(5,4,31.0858)->(4,4,5015.25)->
Agent 37:(23,4,1.8)->(22,4,3.01421)->(21,4,4.33205)->(20,4,5.01421)->(19,4,5.58205)->(18,4,6.1)->(17,4,6.6)->(16,4,7.1)->(15,4,7.6)->(14,4,8.1)->(13,4,8.6)->(12,4,9.11795)->(11,4,9.68579)->(10,4,10.3679)->(9,4,11.6858)->(8,4,13.9)->(8,5,16.1142)->(8,6,17.4321)->(8,7,18.1142)->(8,8,18.6821)->(8,9,19.2)->(8,10,19.7)->(8,11,20.2)->(8,12,20.7)->(8,13,21.2)->(8,14,21.7)->(8,15,22.2)->(8,16,22.7)->(8,17,23.2179)->(8,18,23.7858)->(8,19,24.4679)->(8,20,25.7858)->(8,21,5012.6)->
Agent 38:(27,17,2.51784)->(26,17,4.44989)->(25,17,5.76773)->(24,17,6.44989)->(23,17,7.01773)->(22,17,7.53567)->(21,17,8.03567)->(20,17,8.53567)->(19,17,9.03567)->(18,17,9.53567)->(17,17,10.0357)->(16,17,10.5357)->(15,17,11.0357)->(14,17,11.5357)->(13,17,12.0357)->(12,17,12.5357)->(11,17,13.0357)->(10,17,13.5536)->(9,17,14.1215)->(8,17,14.8036)->(7,17,16.1215)->(6,17,18.6358)->(6,16,21.1501)->(6,15,22.4679)->(6,14,23.1501)->(6,13,23.7179)->(6,12,24.2538)->(6,11,24.8217)->(6,10,25.5038)->(6,9,26.8217)->(6,8,5013.12)->
Agent 39:(1,27,8.63528)->(1,26,16.6848)->(1,25,18.0026)->(1,24,18.6848)->(1,23,19.2526)->(1,22,19.7706)->(1,21,20.2706)->(1,20,20.7706)->(1,19,21.2706)->(1,18,21.7706)->(1,17,22.2706)->(1,16,22.7706)->(1,15,23.2706)->(1,14,23.7706)->(1,13,24.2706)->(1,12,24.7706)->(1,11,25.2706)->(1,10,25.7706)->(1,9,26.2706)->(1,8,26.7706)->(1,7,27.2706)->(1,6,27.7706)->(1,5,28.2885)->(1,4,28.8563)->(1,3,29.5385)->(1,2,30.8563)->(1,1,33.0706)->(2,1,35.2848)->(3,1,36.6026)->(4,1,37.2848)->(5,1,37.8526)->(6,1,38.3706)->(7,1,38.8706)->(8,1,39.3706)->(9,1,39.8706)->(10,1,40.3706)->(11,1,40.8706)->(12,1,41.3706)->(13,1,41.8706)->(14,1,42.3706)->(15,1,42.8706)->(16,1,43.3706)->(17,1,43.8706)->(18,1,44.3706)->(19,1,44.8706)->(20,1,45.3706)->(21,1,45.8706)->(22,1,46.3706)->(23,1,46.8706)->(24,1,47.3885)->(25,1,47.9563)->(26,1,48.6385)->(27,1,49.9563)->(28,1,5024.69)->
