Agent 0:(24,25,5.54264)->(24,24,10.4995)->(24,23,11.8173)->(24,22,12.4995)->(24,21,13.0673)->(24,20,13.5853)->(24,19,14.0853)->(24,18,14.5853)->(24,17,15.0853)->(24,16,15.5853)->(24,15,16.0853)->(24,14,16.5853)->(24,13,17.0853)->(24,12,17.5853)->(24,11,18.0853)->(24,10,18.5853)->(24,9,19.0853)->(24,8,19.5853)->(24,7,20.0853)->(24,6,20.6032)->(24,5,21.1711)->(24,4,21.8532)->(24,3,23.1711)->(24,2,25.3853)->(25,2,28.1853)->(26,2,5014.09)->
Agent 1:(14,24,16.9519)->(14,25,33.3181)->(14,26,34.6519)->(14,27,35.4804)->(14,28,36.8142)->(14,29,5018.11)->
Agent 2:(14,15,1.71421)->(14,16,6.86421)->(15,16,12.5426)->(16,16,13.8605)->(17,16,14.5426)->(18,16,15.1105)->(19,16,15.6284)->(20,16,16.1284)->(21,16,16.6464)->(22,16,17.2142)->(23,16,17.8964)->(24,16,19.2142)->(25,16,5009.31)->
Agent 3:(19,23,1.3)->(19,24,2.04949)->(19,25,4.04949)->(19,26,6.29898)->(20,26,8.51319)->(21,26,9.83103)->(22,26,10.5132)->(23,26,11.081)->(24,26,11.599)->(25,26,12.1169)->(26,26,12.6848)->(27,26,13.3669)->(28,26,14.6848)->(29,26,5007.05)->
Agent 4:(2,12,4.98952)->(2,11,9.39326)->(2,10,10.7111)->(2,9,11.3933)->(2,8,11.9611)->(2,7,12.479)->(2,6,12.997)->(2,5,13.5648)->(2,4,14.247)->(2,3,15.5648)->(2,2,17.779)->(3,2,20.0285)->(4,2,22.0285)->(5,2,5010.74)->
Agent 5:(24,10,2.2)->(24,9,3.81421)->(24,8,5.22843)->(24,7,6.64264)->(24,6,8.85685)->(23,6,11.6569)->(22,6,5005.83)->
Agent 6:(21,31,2.2)->(21,30,3.81421)->(21,29,5.13205)->(21,28,5.81421)->(21,27,6.38205)->(21,26,6.9)->(21,25,7.4)->(21,24,7.9)->(21,23,8.4)->(21,22,8.9)->(21,21,9.4)->(21,20,9.9)->(21,19,10.4)->(21,18,10.9)->(21,17,11.4)->(21,16,11.9)->(21,15,12.4179)->(21,14,12.9858)->(21,13,13.6679)->(21,12,14.9858)->(21,11,17.2)->(20,11,19.4142)->(19,11,20.7321)->(18,11,21.4142)->(17,11,21.9821)->(16,11,22.5)->(15,11,23)->(14,11,23.5)->(13,11,24)->(12,11,24.5179)->(11,11,25.0858)->(10,11,25.7679)->(9,11,27.0858)->(8,11,29.3)->(8,10,31.5142)->(8,9,32.8481)->(8,8,33.6765)->(8,7,35.0103)->(8,6,5017.21)->
Agent 7:(24,21,2.32843)->(24,20,4.07107)->(24,19,5.38891)->(24,18,6.07107)->(24,17,6.63891)->(24,16,7.15685)->(24,15,7.65685)->(24,14,8.15685)->(24,13,8.65685)->(24,12,9.15685)->(24,11,9.65685)->(24,10,10.1569)->(24,9,10.6569)->(24,8,11.1569)->(24,7,11.6569)->(24,6,12.1569)->(24,5,12.6569)->(24,4,13.1748)->(24,3,13.7426)->(24,2,14.4248)->(24,1,15.7426)->(24,0,17.9569)->(23,0,20.1711)->(22,0,21.4889)->(21,0,22.1711)->(20,0,22.7389)->(19,0,23.2569)->(18,0,23.7569)->(17,0,24.2569)->(16,0,24.7569)->(15,0,25.2569)->(14,0,25.7569)->(13,0,26.2569)->(12,0,26.7569)->(11,0,27.2748)->(10,0,27.8426)->(9,0,28.5248)->(8,0,29.8426)->(7,0,5014.63)->
Agent 8:(26,29,2.2)->(26,28,3.81421)->(26,27,5.13205)->(26,26,5.81421)->(26,25,6.38205)->(26,24,6.91795)->(26,23,7.48579)->(26,22,8.16795)->(26,21,9.48579)->(26,20,12.7142)->(25,20,15.9426)->(24,20,17.2605)->(23,20,17.9426)->(22,20,18.5105)->(21,20,19.0284)->(20,20,19.5284)->(19,20,20.0284)->(18,20,20.5284)->(17,20,21.0284)->(16,20,21.5284)->(15,20,22.0284)->(14,20,22.5284)->(13,20,23.0284)->(12,20,23.5284)->(11,20,24.0284)->(10,20,24.5284)->(9,20,25.0284)->(8,20,25.5284)->(7,20,26.0284)->(6,20,26.5284)->(5,20,27.0464)->(4,20,27.6142)->(3,20,28.2964)->(2,20,29.6142)->(1,20,32.2426)->(1,21,5016.31)->
Agent 9:(5,6,1.8)->(6,6,3.01421)->(7,6,4.42843)->(8,6,5.84264)->(9,6,8.05685)->(9,7,10.2711)->(9,8,11.5889)->(9,9,12.2711)->(9,10,12.8389)->(9,11,13.3569)->(9,12,13.8569)->(9,13,14.3569)->(9,14,14.8569)->(9,15,15.3569)->(9,16,15.8569)->(9,17,16.3569)->(9,18,16.8569)->(9,19,17.3569)->(9,20,17.8569)->(9,21,18.3569)->(9,22,18.8748)->(9,23,19.4426)->(9,24,20.1248)->(9,25,21.4426)->(9,26,5010.43)->
Agent 10:(27,23,3.24264)->(27,22,5.89949)->(27,21,7.21733)->(27,20,7.89949)->(27,19,8.46733)->(27,18,8.98528)->(27,17,9.48528)->(27,16,9.98528)->(27,15,10.4853)->(27,14,10.9853)->(27,13,11.4853)->(27,12,12.0032)->(27,11,12.5711)->(27,10,13.2532)->(27,9,14.5711)->(27,8,16.7853)->(26,8,18.9995)->(25,8,20.3173)->(24,8,20.9995)->(23,8,21.5673)->(22,8,22.0853)->(21,8,22.5853)->(20,8,23.0853)->(19,8,23.5853)->(18,8,24.0853)->(17,8,24.5853)->(16,8,25.0853)->(15,8,25.6032)->(14,8,26.1711)->(13,8,26.8532)->(12,8,28.1711)->(11,8,30.7995)->(11,9,5015.59)->
Agent 11:(12,15,1.8)->(11,15,3.01421)->(10,15,4.33205)->(9,15,5.01421)->(8,15,5.58205)->(7,15,6.1)->(6,15,6.61795)->(5,15,7.18579)->(4,15,7.86795)->(3,15,9.18579)->(2,15,11.4)->(2,16,13.6142)->(2,17,15.0284)->(2,18,16.4426)->(2,19,5007.93)->
Agent 12:(12,8,1.3)->(12,9,2.01421)->(12,10,3.33205)->(12,11,4.01421)->(12,12,4.58205)->(12,13,5.1)->(12,14,5.6)->(12,15,6.1)->(12,16,6.6)->(12,17,7.11795)->(12,18,7.68579)->(12,19,8.36795)->(12,20,9.68579)->(12,21,12.1142)->(13,21,14.5426)->(14,21,15.8605)->(15,21,16.5426)->(16,21,17.1105)->(17,21,17.6284)->(18,21,18.1284)->(19,21,18.6284)->(20,21,19.1284)->(21,21,19.6284)->(22,21,20.1284)->(23,21,20.6284)->(24,21,21.1284)->(25,21,21.6284)->(26,21,22.1464)->(27,21,22.7142)->(28,21,23.3964)->(29,21,24.7142)->(30,21,5012.06)->
Agent 13:(29,29,2.2)->(29,28,3.81421)->(29,27,5.13205)->(29,26,5.82382)->(29,25,6.45949)->(29,24,7.15126)->(29,23,8.4691)->(29,22,11.0596)->(28,22,13.6501)->(27,22,14.9679)->(26,22,15.6501)->(25,22,16.2179)->(24,22,16.7359)->(23,22,17.2359)->(22,22,17.7359)->(21,22,18.2359)->(20,22,18.7359)->(19,22,19.2359)->(18,22,19.7359)->(17,22,20.2359)->(16,22,20.7359)->(15,22,21.2538)->(14,22,21.8217)->(13,22,22.5038)->(12,22,23.8217)->(11,22,26.4501)->(11,21,30.0501)->(10,21,32.6785)->(9,21,33.9964)->(8,21,34.6881)->(7,21,35.3238)->(6,21,36.0156)->(5,21,37.3334)->(4,21,39.9619)->(4,22,5020.17)->
Agent 14:(26,8,2.21421)->(25,8,4.81421)->(25,9,7.44264)->(25,10,8.76048)->(25,11,9.44264)->(25,12,10.0105)->(25,13,10.5284)->(25,14,11.0284)->(25,15,11.5284)->(25,16,12.0284)->(25,17,12.5284)->(25,18,13.0284)->(25,19,13.5284)->(25,20,14.0284)->(25,21,14.5464)->(25,22,15.1142)->(25,23,15.7964)->(25,24,17.1142)->(25,25,19.3284)->(24,25,22.1284)->(23,25,5011.06)->
Agent 15:(23,28,3.09638)->(23,27,5.60697)->(23,26,6.9248)->(23,25,7.60697)->(23,24,8.1748)->(23,23,8.69275)->(23,22,9.19275)->(23,21,9.69275)->(23,20,10.1928)->(23,19,10.6928)->(23,18,11.1928)->(23,17,11.6928)->(23,16,12.1928)->(23,15,12.6928)->(23,14,13.1928)->(23,13,13.6928)->(23,12,14.1928)->(23,11,14.6928)->(23,10,15.1928)->(23,9,15.7107)->(23,8,16.2785)->(23,7,16.9607)->(23,6,18.2785)->(23,5,20.4928)->(22,5,22.707)->(21,5,24.0248)->(20,5,24.707)->(19,5,25.2748)->(18,5,25.7928)->(17,5,26.2928)->(16,5,26.7928)->(15,5,27.2928)->(14,5,27.7928)->(13,5,28.2928)->(12,5,28.7928)->(11,5,29.2928)->(10,5,29.7928)->(9,5,30.2928)->(8,5,30.7928)->(7,5,31.2928)->(6,5,31.8107)->(5,5,32.3785)->(4,5,33.0607)->(3,5,34.3785)->(2,5,37.007)->(2,4,5018.7)->
Agent 16:(24,0,1.8)->(25,0,3.01421)->(26,0,4.33205)->(27,0,5.02382)->(28,0,5.65949)->(29,0,6.35126)->(30,0,7.6691)->(31,0,9.88331)->(31,1,12.0975)->(31,2,13.4154)->(31,3,14.0975)->(31,4,14.6654)->(31,5,15.1833)->(31,6,15.6833)->(31,7,16.1833)->(31,8,16.6833)->(31,9,17.1833)->(31,10,17.6833)->(31,11,18.1833)->(31,12,18.6833)->(31,13,19.1833)->(31,14,19.6833)->(31,15,20.1833)->(31,16,20.6833)->(31,17,21.2013)->(31,18,21.7691)->(31,19,22.4513)->(31,20,23.7691)->(31,21,5011.59)->
Agent 17:(12,11,1.3)->(12,12,2.01421)->(12,13,3.33205)->(12,14,4.01421)->(12,15,4.58205)->(12,16,5.1)->(12,17,5.6)->(12,18,6.1)->(12,19,6.61795)->(12,20,7.18579)->(12,21,7.86795)->(12,22,9.18579)->(12,23,11.8642)->(12,22,15.1284)->(12,21,18.3426)->(13,21,5009.36)->
Agent 18:(28,5,1.3)->(28,6,2.01421)->(28,7,3.34806)->(28,8,4.17649)->(28,9,5.51034)->(28,10,8.30865)->(27,10,11.107)->(26,10,12.4248)->(25,10,13.107)->(24,10,13.6748)->(23,10,14.1928)->(22,10,14.6928)->(21,10,15.1928)->(20,10,15.6928)->(19,10,16.1928)->(18,10,16.7107)->(17,10,17.2785)->(16,10,17.9607)->(15,10,19.2785)->(14,10,5009.35)->
Agent 19:(7,12,1.8)->(6,12,3.01421)->(5,12,4.42843)->(4,12,5.84264)->(3,12,8.05685)->(3,13,10.2711)->(3,14,11.6049)->(3,15,12.4333)->(3,16,13.7672)->(3,17,5006.59)->
Agent 20:(18,19,3.0859)->(17,19,5.58601)->(16,19,6.90385)->(15,19,7.6359)->(14,19,8.36795)->(13,19,9.68579)->(12,19,17.9784)->(12,20,5012.01)->
Agent 21:(19,19,1.3)->(19,20,2.04949)->(19,21,4.04949)->(19,22,8.79575)->(18,22,13.5067)->(17,22,14.8246)->(16,22,15.5067)->(15,22,16.0746)->(14,22,16.6105)->(13,22,17.1783)->(12,22,17.8605)->(11,22,19.1783)->(10,22,5009.3)->
Agent 22:(17,24,2.50011)->(17,23,4.41444)->(17,22,5.73227)->(17,21,6.41444)->(17,20,6.98227)->(17,19,7.50022)->(17,18,8.01817)->(17,17,8.58601)->(17,16,9.26817)->(17,15,10.586)->(17,14,12.8002)->(16,14,15.0144)->(15,14,16.3323)->(14,14,17.0144)->(13,14,17.5823)->(12,14,18.1002)->(11,14,18.6002)->(10,14,19.1182)->(9,14,19.686)->(8,14,20.3682)->(7,14,21.686)->(6,14,5010.55)->
Agent 23:(26,19,2.2)->(26,18,3.81421)->(26,17,5.13205)->(26,16,5.81421)->(26,15,6.38205)->(26,14,6.9)->(26,13,7.4)->(26,12,7.9)->(26,11,8.4)->(26,10,8.9)->(26,9,9.41795)->(26,8,9.98579)->(26,7,10.6679)->(26,6,11.9858)->(26,5,17.0964)->(25,5,22.207)->(24,5,23.5248)->(23,5,24.207)->(22,5,24.7748)->(21,5,25.2928)->(20,5,25.7928)->(19,5,26.2928)->(18,5,26.7928)->(17,5,27.2928)->(16,5,27.7928)->(15,5,28.2928)->(14,5,28.8107)->(13,5,29.3785)->(12,5,30.0607)->(11,5,31.3785)->(10,5,5015.4)->
Agent 24:(4,9,3.21421)->(4,10,5.84264)->(4,11,7.16048)->(4,12,7.84264)->(4,13,8.41048)->(4,14,8.92843)->(4,15,9.42843)->(4,16,9.92843)->(4,17,10.4284)->(4,18,10.9284)->(4,19,11.4284)->(4,20,11.9284)->(4,21,12.4284)->(4,22,12.9284)->(4,23,13.4464)->(4,24,14.0142)->(4,25,14.6964)->(4,26,16.0142)->(4,27,18.2284)->(5,27,21.0284)->(6,27,5010.51)->
Agent 25:(7,28,2.48952)->(7,27,4.39326)->(7,26,5.71109)->(7,25,6.39326)->(7,24,6.96109)->(7,23,7.47904)->(7,22,7.97904)->(7,21,8.47904)->(7,20,8.97904)->(7,19,9.47904)->(7,18,9.97904)->(7,17,10.479)->(7,16,10.979)->(7,15,11.479)->(7,14,11.979)->(7,13,12.479)->(7,12,12.979)->(7,11,13.479)->(7,10,13.979)->(7,9,14.479)->(7,8,14.979)->(7,7,15.479)->(7,6,15.979)->(7,5,16.497)->(7,4,17.0648)->(7,3,17.747)->(7,2,19.0648)->(7,1,21.279)->(8,1,23.4933)->(9,1,24.8111)->(10,1,25.4933)->(11,1,26.0611)->(12,1,26.579)->(13,1,27.079)->(14,1,27.579)->(15,1,28.079)->(16,1,28.597)->(17,1,29.1648)->(18,1,29.847)->(19,1,31.1648)->(20,1,33.7933)->(20,0,5017.09)->
Agent 26:(7,11,2.2)->(7,10,3.81421)->(7,9,5.22843)->(7,8,6.64264)->(7,7,9.43216)->(6,7,12.2217)->(5,7,13.5395)->(4,7,14.2313)->(3,7,14.867)->(2,7,15.5587)->(1,7,16.8766)->(0,7,5008.15)->
Agent 27:(9,8,1.8)->(8,8,3.01421)->(7,8,4.33205)->(6,8,5.01421)->(5,8,5.6)->(4,8,6.18579)->(3,8,6.86795)->(2,8,8.18579)->(1,8,5003.8)->
Agent 28:(2,10,2.2)->(2,9,3.81421)->(2,8,5.22843)->(2,7,6.64264)->(2,6,9.26795)->(3,6,11.8933)->(4,6,13.2111)->(5,6,13.8933)->(6,6,14.4611)->(7,6,14.979)->(8,6,15.479)->(9,6,15.979)->(10,6,16.479)->(11,6,16.997)->(12,6,17.5648)->(13,6,18.247)->(14,6,19.5648)->(15,6,5009.49)->
Agent 29:(18,3,1.3)->(18,4,2.01421)->(18,5,3.33205)->(18,6,4.0641)->(18,7,4.79615)->(18,8,6.11399)->(18,9,8.3282)->(19,9,10.5777)->(20,9,12.5777)->(21,9,15.2742)->(21,10,5007.85)->
Agent 30:(3,8,2.2)->(3,7,3.81421)->(3,6,5.14806)->(3,5,5.97649)->(3,4,7.31034)->(3,3,17.4549)->(4,3,27.5995)->(5,3,28.9173)->(6,3,29.5995)->(7,3,30.1673)->(8,3,30.6853)->(9,3,31.1853)->(10,3,31.6853)->(11,3,32.1853)->(12,3,32.6853)->(13,3,33.1853)->(14,3,33.6853)->(15,3,34.1853)->(16,3,34.6853)->(17,3,35.1853)->(18,3,35.6853)->(19,3,36.2032)->(20,3,36.7711)->(21,3,37.4532)->(22,3,38.7711)->(23,3,5019.09)->
Agent 31:(12,29,1.8)->(13,29,3.01421)->(14,29,4.34806)->(15,29,5.17649)->(16,29,6.51034)->(17,29,10.2765)->(17,28,14.0426)->(17,27,15.3605)->(17,26,16.0426)->(17,25,16.6105)->(17,24,17.1284)->(17,23,17.6284)->(17,22,18.1464)->(17,21,18.7142)->(17,20,19.3964)->(17,19,20.7142)->(17,18,5010.06)->
Agent 32:(25,3,5.81421)->(25,4,11.0426)->(25,5,12.3605)->(25,6,13.0426)->(25,7,13.6105)->(25,8,14.1284)->(25,9,14.6284)->(25,10,15.1284)->(25,11,15.6284)->(25,12,16.1284)->(25,13,16.6284)->(25,14,17.1284)->(25,15,17.6284)->(25,16,18.1284)->(25,17,18.6284)->(25,18,19.1284)->(25,19,19.6284)->(25,20,20.1284)->(25,21,20.6284)->(25,22,21.1284)->(25,23,21.6284)->(25,24,22.1284)->(25,25,22.6464)->(25,26,23.2142)->(25,27,23.8964)->(25,28,25.2142)->(25,29,27.4284)->(24,29,29.6426)->(23,29,30.9605)->(22,29,31.6426)->(21,29,32.2105)->(20,29,32.7284)->(19,29,33.2284)->(18,29,33.7284)->(17,29,34.2284)->(16,29,34.7284)->(15,29,35.2284)->(14,29,35.7284)->(13,29,36.2284)->(12,29,36.7284)->(11,29,37.2284)->(10,29,37.7284)->(9,29,38.2284)->(8,29,38.7464)->(7,29,39.3142)->(6,29,39.9964)->(5,29,41.3142)->(4,29,5020.36)->
Agent 33:(1,5,1.3)->(1,6,2.01421)->(1,7,3.33205)->(1,8,4.0641)->(1,9,4.79615)->(1,10,6.11399)->(1,11,17.3141)->(2,11,28.5142)->(3,11,29.8321)->(4,11,30.5142)->(5,11,31.0821)->(6,11,31.6)->(7,11,32.1)->(8,11,32.6)->(9,11,33.1)->(10,11,33.6)->(11,11,34.1)->(12,11,34.6)->(13,11,35.1)->(14,11,35.6)->(15,11,36.1)->(16,11,36.6)->(17,11,37.1)->(18,11,37.6)->(19,11,38.1)->(20,11,38.6)->(21,11,39.1)->(22,11,39.6)->(23,11,40.1)->(24,11,40.6)->(25,11,41.1)->(26,11,41.6179)->(27,11,42.1858)->(28,11,42.8679)->(29,11,44.1858)->(30,11,5021.8)->
Agent 34:(20,4,2.21421)->(19,4,5000.8)->
Agent 35:(5,19,3.15374)->(5,18,5.72168)->(5,17,7.03952)->(5,16,7.72168)->(5,15,8.28952)->(5,14,8.80747)->(5,13,9.30747)->(5,12,9.80747)->(5,11,10.3075)->(5,10,10.8075)->(5,9,11.3075)->(5,8,11.8075)->(5,7,12.3075)->(5,6,12.8075)->(5,5,13.3254)->(5,4,13.8933)->(5,3,14.5754)->(5,2,15.8933)->(5,1,18.5217)->(6,1,5009.45)->
Agent 36:(31,9,1.3)->(31,10,2.01421)->(31,11,3.33205)->(31,12,4.01421)->(31,13,4.58205)->(31,14,5.1)->(31,15,5.6)->(31,16,6.1)->(31,17,6.6)->(31,18,7.1)->(31,19,7.61795)->(31,20,8.18579)->(31,21,8.86795)->(31,22,10.1858)->(31,23,12.4)->(30,23,14.6142)->(29,23,15.9321)->(28,23,16.6142)->(27,23,17.1821)->(26,23,17.7)->(25,23,18.2)->(24,23,18.7)->(23,23,19.2)->(22,23,19.7)->(21,23,20.2179)->(20,23,20.7858)->(19,23,21.4679)->(18,23,22.7858)->(17,23,5011.1)->
Agent 37:(29,7,2.2)->(29,6,3.81421)->(29,5,5.14806)->(29,4,5.97649)->(29,3,7.31034)->(29,2,9.77843)->(28,2,12.2465)->(27,2,13.5804)->(26,2,14.4088)->(25,2,15.7426)->(24,2,18.3711)->(24,1,24.8853)->(24,2,5014.09)->
Agent 38:(24,22,3.32843)->(24,21,6.07107)->(24,20,7.38891)->(24,19,8.07107)->(24,18,8.63891)->(24,17,9.15685)->(24,16,9.65685)->(24,15,10.1569)->(24,14,10.6569)->(24,13,11.1569)->(24,12,11.6569)->(24,11,12.1569)->(24,10,12.6569)->(24,9,13.1569)->(24,8,13.6569)->(24,7,14.1748)->(24,6,14.7426)->(24,5,15.4248)->(24,4,16.7426)->(24,3,18.9569)->(23,3,21.1711)->(22,3,22.4889)->(21,3,23.1711)->(20,3,23.7389)->(19,3,24.2569)->(18,3,24.7748)->(17,3,25.3426)->(16,3,26.0248)->(15,3,27.3426)->(14,3,29.9711)->(14,4,5015.18)->
Agent 39:(16,19,2.2)->(16,18,3.81421)->(16,17,5.13205)->(16,16,5.81421)->(16,15,6.38205)->(16,14,6.9)->(16,13,7.41795)->(16,12,7.98579)->(16,11,8.66795)->(16,10,9.98579)->(16,9,12.9606)->(17,9,15.9354)->(18,9,17.2532)->(19,9,17.9354)->(20,9,18.5032)->(21,9,19.0212)->(22,9,19.5212)->(23,9,20.0391)->(24,9,20.607)->(25,9,21.2891)->(26,9,22.607)->(27,9,25.2354)->(27,10,5012.81)->
