Agent 0:(2,25,1.8)->(3,25,3.01421)->(4,25,4.33205)->(5,25,5.01421)->(6,25,5.6)->(7,25,6.18579)->(8,25,6.86795)->(9,25,8.18579)->(10,25,11.4358)->(10,24,14.6858)->(10,23,16.0036)->(10,22,16.6858)->(10,21,17.2536)->(10,20,17.7716)->(10,19,18.2716)->(10,18,18.7716)->(10,17,19.2716)->(10,16,19.7716)->(10,15,20.2716)->(10,14,20.7716)->(10,13,21.2716)->(10,12,21.7716)->(10,11,22.2716)->(10,10,22.7716)->(10,9,23.2716)->(10,8,23.7716)->(10,7,24.2716)->(10,6,24.7895)->(10,5,25.3574)->(10,4,26.0395)->(10,3,27.3574)->(10,2,5013.39)->
Agent 1:(27,6,1.3)->(27,7,2.01421)->(27,8,3.33205)->(27,9,4.01421)->(27,10,4.6)->(27,11,5.18579)->(27,12,5.86795)->(27,13,7.18579)->(27,14,9.4)->(28,14,11.6142)->(29,14,13.0284)->(30,14,14.4426)->(31,14,16.6569)->(31,13,18.8711)->(31,12,20.2853)->(31,11,21.6995)->(31,10,5010.56)->
Agent 2:(25,13,1.8)->(24,13,3.01421)->(23,13,4.33205)->(22,13,5.01421)->(21,13,5.58205)->(20,13,6.1)->(19,13,6.6)->(18,13,7.1)->(17,13,7.61795)->(16,13,8.18579)->(15,13,8.86795)->(14,13,10.1858)->(13,13,12.4)->(13,12,14.6142)->(13,11,15.9321)->(13,10,16.6142)->(13,9,17.1821)->(13,8,17.7)->(13,7,18.2)->(13,6,18.7179)->(13,5,19.2858)->(13,4,19.9679)->(13,3,21.2858)->(13,2,5010.35)->
Agent 3:(28,23,1.8)->(27,23,3.01421)->(26,23,4.33205)->(25,23,5.01421)->(24,23,5.58205)->(23,23,6.1)->(22,23,6.6)->(21,23,7.1)->(20,23,7.6)->(19,23,8.1)->(18,23,8.61795)->(17,23,9.18579)->(16,23,9.86795)->(15,23,11.1858)->(14,23,13.4)->(14,22,15.6495)->(14,21,17.6495)->(14,20,5008.55)->
Agent 4:(22,23,2.2)->(22,22,3.81421)->(22,21,5.13205)->(22,20,5.81421)->(22,19,6.38205)->(22,18,6.9)->(22,17,7.4)->(22,16,7.9)->(22,15,8.4)->(22,14,8.9)->(22,13,9.4)->(22,12,9.9)->(22,11,10.4)->(22,10,10.9)->(22,9,11.4)->(22,8,11.9)->(22,7,12.4)->(22,6,12.9179)->(22,5,13.4858)->(22,4,14.1679)->(22,3,15.4858)->(22,2,19.25)->(23,2,23.0142)->(24,2,24.3321)->(25,2,25.0641)->(26,2,25.7962)->(27,2,27.114)->(28,2,5013.26)->
Agent 5:(18,16,4.51228)->(18,15,8.43877)->(18,14,9.75661)->(18,13,10.4388)->(18,12,11.0066)->(18,11,11.5425)->(18,10,12.1103)->(18,9,12.7925)->(18,8,14.1103)->(18,7,16.3246)->(17,7,18.5388)->(16,7,19.8566)->(15,7,20.5388)->(14,7,21.1066)->(13,7,21.6246)->(12,7,22.1246)->(11,7,22.6246)->(10,7,23.1425)->(9,7,23.7103)->(8,7,24.3925)->(7,7,25.7103)->(6,7,5012.56)->
Agent 6:(26,30,2.2)->(26,29,3.81421)->(26,28,5.13205)->(26,27,5.81421)->(26,26,6.38205)->(26,25,6.9)->(26,24,7.41795)->(26,23,7.98579)->(26,22,8.66795)->(26,21,9.98579)->(26,20,13.3464)->(25,20,16.707)->(24,20,18.0248)->(23,20,18.707)->(22,20,19.2748)->(21,20,19.7928)->(20,20,20.3107)->(19,20,20.8785)->(18,20,21.5607)->(17,20,22.8785)->(16,20,5011.15)->
Agent 7:(30,22,1.8)->(29,22,3.01421)->(28,22,4.33205)->(27,22,5.01421)->(26,22,5.58205)->(25,22,6.1)->(24,22,6.6)->(23,22,7.1)->(22,22,7.6)->(21,22,8.1)->(20,22,8.6)->(19,22,9.1)->(18,22,9.6)->(17,22,10.1)->(16,22,10.6)->(15,22,11.1)->(14,22,11.6)->(13,22,12.1179)->(12,22,12.6858)->(11,22,13.3679)->(10,22,14.6858)->(9,22,16.9)->(9,21,19.1142)->(9,20,20.4321)->(9,19,21.1142)->(9,18,21.6821)->(9,17,22.2)->(9,16,22.7179)->(9,15,23.2858)->(9,14,23.9679)->(9,13,25.2858)->(9,12,5012.35)->
Agent 8:(0,9,1.8)->(1,9,3.01421)->(2,9,4.33205)->(3,9,5.01421)->(4,9,5.58205)->(5,9,6.1)->(6,9,6.6)->(7,9,7.1)->(8,9,7.6)->(9,9,8.1)->(10,9,8.6)->(11,9,9.1)->(12,9,9.61795)->(13,9,10.1858)->(14,9,10.8679)->(15,9,12.1858)->(16,9,14.4)->(16,10,17.2)->(16,11,5008.6)->
Agent 9:(9,24,2.2)->(9,23,3.81421)->(9,22,5.14806)->(9,21,5.97649)->(9,20,7.31034)->(9,19,9.52456)->(10,19,12.3246)->(11,19,16.9623)->(10,19,5009.39)->
Agent 10:(23,8,1.8)->(22,8,3.01421)->(21,8,4.34806)->(20,8,5.17649)->(19,8,6.51034)->(18,8,8.72456)->(18,7,11.5246)->(18,6,5005.76)->
Agent 11:(25,24,1.71421)->(25,25,3.81421)->(24,25,6.44264)->(23,25,7.76048)->(22,25,8.44264)->(21,25,9.01048)->(20,25,9.54638)->(19,25,10.1142)->(18,25,10.7964)->(17,25,12.1142)->(16,25,5005.76)->
Agent 12:(22,10,1.8)->(21,10,3.01421)->(20,10,4.33205)->(19,10,5.01421)->(18,10,5.58205)->(17,10,6.1)->(16,10,6.6)->(15,10,7.1)->(14,10,7.6)->(13,10,8.1)->(12,10,8.6)->(11,10,9.1)->(10,10,9.61795)->(9,10,10.1858)->(8,10,10.8679)->(7,10,12.1858)->(6,10,14.4)->(6,11,16.6142)->(6,12,17.9321)->(6,13,18.6142)->(6,14,19.1821)->(6,15,19.7)->(6,16,20.2)->(6,17,20.7)->(6,18,21.2)->(6,19,21.7)->(6,20,22.2)->(6,21,22.7)->(6,22,23.2179)->(6,23,23.7858)->(6,24,24.4679)->(6,25,25.7858)->(6,26,5012.6)->
Agent 13:(23,21,2.2)->(23,20,3.81421)->(23,19,5.13205)->(23,18,5.81421)->(23,17,6.38205)->(23,16,6.9)->(23,15,7.4)->(23,14,7.9)->(23,13,8.4)->(23,12,8.9)->(23,11,9.4)->(23,10,9.9)->(23,9,10.4)->(23,8,10.9)->(23,7,11.4)->(23,6,11.9179)->(23,5,12.4858)->(23,4,13.1679)->(23,3,14.4858)->(23,2,17.75)->(24,2,21.0142)->(25,2,22.3321)->(26,2,23.0641)->(27,2,23.7962)->(28,2,25.114)->(29,2,5012.26)->
Agent 14:(24,16,2.61421)->(24,15,6.25)->(25,15,9.51421)->(26,15,10.8321)->(27,15,11.5238)->(28,15,12.1595)->(29,15,12.8513)->(30,15,14.1691)->(31,15,5006.79)->
Agent 15:(9,5,1.8)->(8,5,3.01421)->(7,5,4.33205)->(6,5,5.01421)->(5,5,5.58205)->(4,5,6.11795)->(3,5,6.68579)->(2,5,7.36795)->(1,5,8.68579)->(0,5,10.9)->(0,6,13.1142)->(0,7,14.4321)->(0,8,15.1142)->(0,9,15.6821)->(0,10,16.2)->(0,11,16.7)->(0,12,17.2)->(0,13,17.7)->(0,14,18.2)->(0,15,18.7)->(0,16,19.2)->(0,17,19.7179)->(0,18,20.2858)->(0,19,20.9679)->(0,20,22.2858)->(0,21,5010.85)->
Agent 16:(23,31,5.12843)->(23,30,9.67107)->(23,29,10.9889)->(23,28,11.6711)->(23,27,12.2389)->(23,26,12.7569)->(23,25,13.2569)->(23,24,13.7569)->(23,23,14.2569)->(23,22,14.7569)->(23,21,15.2569)->(23,20,15.7569)->(23,19,16.2569)->(23,18,16.7569)->(23,17,17.2569)->(23,16,17.7569)->(23,15,18.2569)->(23,14,18.7569)->(23,13,19.2569)->(23,12,19.7569)->(23,11,20.2569)->(23,10,20.7569)->(23,9,21.2569)->(23,8,21.7569)->(23,7,22.2569)->(23,6,22.7569)->(23,5,23.2748)->(23,4,23.8426)->(23,3,24.5248)->(23,2,25.8426)->(23,1,28.0569)->(22,1,30.2711)->(21,1,31.5889)->(20,1,32.2711)->(19,1,32.8389)->(18,1,33.3569)->(17,1,33.8569)->(16,1,34.3569)->(15,1,34.8569)->(14,1,35.3748)->(13,1,35.9426)->(12,1,36.6248)->(11,1,37.9426)->(10,1,5018.68)->
Agent 17:(25,5,1.3)->(25,6,2.01421)->(25,7,3.33205)->(25,8,4.01421)->(25,9,4.58205)->(25,10,5.1)->(25,11,5.6)->(25,12,6.1)->(25,13,6.6)->(25,14,7.1)->(25,15,7.6)->(25,16,8.1)->(25,17,8.6)->(25,18,9.1)->(25,19,9.6)->(25,20,10.1)->(25,21,10.6)->(25,22,11.1)->(25,23,11.6)->(25,24,12.1)->(25,25,12.6179)->(25,26,13.1858)->(25,27,13.8679)->(25,28,15.1858)->(25,29,19.8642)->(24,29,24.5426)->(23,29,25.8605)->(22,29,26.5426)->(21,29,27.1105)->(20,29,27.6284)->(19,29,28.1284)->(18,29,28.6284)->(17,29,29.1284)->(16,29,29.6284)->(15,29,30.1284)->(14,29,30.6284)->(13,29,31.1284)->(12,29,31.6284)->(11,29,32.1284)->(10,29,32.6284)->(9,29,33.1284)->(8,29,33.6464)->(7,29,34.2142)->(6,29,34.8964)->(5,29,36.2142)->(4,29,5017.81)->
Agent 18:(3,0,1.3)->(3,1,2.04949)->(3,2,4.04949)->(3,3,6.29898)->(4,3,8.51319)->(5,3,9.83103)->(6,3,10.5132)->(7,3,11.081)->(8,3,11.599)->(9,3,12.099)->(10,3,12.599)->(11,3,13.099)->(12,3,13.599)->(13,3,14.099)->(14,3,14.6169)->(15,3,15.1848)->(16,3,15.8669)->(17,3,17.1848)->(18,3,5008.3)->
Agent 19:(27,5,2.4142)->(27,6,4.24261)->(27,7,5.56045)->(27,8,6.24261)->(27,9,6.8284)->(27,10,7.41419)->(27,11,8.09635)->(27,12,9.41419)->(27,13,13.5606)->(26,13,17.707)->(25,13,19.0248)->(24,13,19.707)->(23,13,20.2748)->(22,13,20.7928)->(21,13,21.2928)->(20,13,21.7928)->(19,13,22.2928)->(18,13,22.7928)->(17,13,23.2928)->(16,13,23.7928)->(15,13,24.2928)->(14,13,24.7928)->(13,13,25.2928)->(12,13,25.7928)->(11,13,26.2928)->(10,13,26.7928)->(9,13,27.2928)->(8,13,27.7928)->(7,13,28.2928)->(6,13,28.7928)->(5,13,29.2928)->(4,13,29.8107)->(3,13,30.3785)->(2,13,31.0607)->(1,13,32.3785)->(0,13,5015.9)->
Agent 20:(24,21,3.8)->(24,20,7.01421)->(24,19,8.33205)->(24,18,9.01421)->(24,17,9.58205)->(24,16,10.1)->(24,15,10.6)->(24,14,11.1)->(24,13,11.6)->(24,12,12.1)->(24,11,12.6)->(24,10,13.1)->(24,9,13.6)->(24,8,14.1)->(24,7,14.6)->(24,6,15.1)->(24,5,15.6179)->(24,4,16.1858)->(24,3,16.8679)->(24,2,18.1858)->(24,1,20.4)->(23,1,22.6142)->(22,1,23.9321)->(21,1,24.6142)->(20,1,25.1821)->(19,1,25.7)->(18,1,26.2)->(17,1,26.7)->(16,1,27.2)->(15,1,27.7)->(14,1,28.2)->(13,1,28.7)->(12,1,29.2)->(11,1,29.7)->(10,1,30.2)->(9,1,30.7)->(8,1,31.2)->(7,1,31.7179)->(6,1,32.2858)->(5,1,32.9679)->(4,1,34.2858)->(3,1,5016.85)->
Agent 21:(16,19,1.3)->(16,20,2.01421)->(16,21,3.33205)->(16,22,4.02382)->(16,23,4.65949)->(16,24,5.35126)->(16,25,6.6691)->(16,26,8.88331)->(17,26,11.0975)->(18,26,12.4154)->(19,26,13.0975)->(20,26,13.6654)->(21,26,14.1833)->(22,26,14.6833)->(23,26,15.1833)->(24,26,15.6833)->(25,26,16.2013)->(26,26,16.7691)->(27,26,17.4513)->(28,26,18.7691)->(29,26,5009.09)->
Agent 22:(11,20,2.53205)->(11,19,4.47832)->(11,18,5.79615)->(11,17,6.47832)->(11,16,7.04615)->(11,15,7.5641)->(11,14,8.0641)->(11,13,8.5641)->(11,12,9.08205)->(11,11,9.64989)->(11,10,10.3321)->(11,9,11.6499)->(11,8,14.6321)->(12,8,17.6142)->(13,8,18.9321)->(14,8,19.6142)->(15,8,20.1821)->(16,8,20.7)->(17,8,21.2)->(18,8,21.7)->(19,8,22.2)->(20,8,22.7)->(21,8,23.2)->(22,8,23.7)->(23,8,24.2)->(24,8,24.7)->(25,8,25.2)->(26,8,25.7179)->(27,8,26.2858)->(28,8,26.9679)->(29,8,28.2858)->(30,8,5013.85)->
Agent 23:(10,6,1.8)->(9,6,3.01421)->(8,6,4.33205)->(7,6,5.0641)->(6,6,5.79615)->(5,6,7.11399)->(4,6,16.6868)->(4,7,26.2595)->(4,8,27.5774)->(4,9,28.2692)->(4,10,28.9048)->(4,11,29.5966)->(4,12,30.9144)->(4,13,5015.16)->
Agent 24:(21,15,1.3)->(21,16,2.01421)->(21,17,3.34806)->(21,18,4.17649)->(21,19,5.51034)->(21,20,7.72456)->(22,20,9.97405)->(23,20,11.974)->(24,20,14.3581)->(24,19,16.707)->(24,18,18.0248)->(24,17,18.707)->(24,16,19.2748)->(24,15,19.7928)->(24,14,20.2928)->(24,13,20.7928)->(24,12,21.2928)->(24,11,21.7928)->(24,10,22.2928)->(24,9,22.7928)->(24,8,23.3107)->(24,7,23.8785)->(24,6,24.5607)->(24,5,25.8785)->(24,4,5012.65)->
Agent 25:(23,13,1.71421)->(23,14,3.81421)->(22,14,6.44264)->(21,14,7.85685)->(20,14,9.27107)->(19,14,11.4853)->(19,13,13.6995)->(19,12,15.0173)->(19,11,15.6995)->(19,10,16.2673)->(19,9,16.7853)->(19,8,17.2853)->(19,7,17.7853)->(19,6,18.3032)->(19,5,18.8711)->(19,4,19.5532)->(19,3,20.8711)->(19,2,5010.14)->
Agent 26:(2,9,1.71421)->(2,10,4.21421)->(2,9,7.24264)->(2,8,8.56048)->(2,7,9.25225)->(2,6,9.88792)->(2,5,10.5797)->(2,4,11.8975)->(2,3,14.2559)->(3,3,16.6142)->(4,3,17.9321)->(5,3,18.6142)->(6,3,19.1821)->(7,3,19.7)->(8,3,20.2)->(9,3,20.7179)->(10,3,21.2858)->(11,3,21.9679)->(12,3,23.2858)->(13,3,5011.35)->
Agent 27:(8,8,1.3)->(8,9,2.01421)->(8,10,3.33205)->(8,11,4.0641)->(8,12,4.79615)->(8,13,6.11399)->(8,14,8.74242)->(7,14,5004.56)->
Agent 28:(12,4,1.3)->(12,5,2.01421)->(12,6,3.33205)->(12,7,4.01421)->(12,8,4.58205)->(12,9,5.1)->(12,10,5.6)->(12,11,6.1)->(12,12,6.6)->(12,13,7.1)->(12,14,7.6)->(12,15,8.1)->(12,16,8.6)->(12,17,9.1)->(12,18,9.6)->(12,19,10.1)->(12,20,10.6)->(12,21,11.1)->(12,22,11.6)->(12,23,12.1)->(12,24,12.6)->(12,25,13.1)->(12,26,13.6179)->(12,27,14.1858)->(12,28,14.8679)->(12,29,16.1858)->(12,30,18.4)->(11,30,20.6142)->(10,30,22.0284)->(9,30,23.4426)->(8,30,5011.43)->
Agent 29:(1,10,1.3)->(1,11,2.01421)->(1,12,3.33205)->(1,13,4.01421)->(1,14,4.58205)->(1,15,5.1)->(1,16,5.6)->(1,17,6.1)->(1,18,6.6)->(1,19,7.1)->(1,20,7.6)->(1,21,8.1)->(1,22,8.6)->(1,23,9.1)->(1,24,9.61795)->(1,25,10.1858)->(1,26,10.8679)->(1,27,12.1858)->(1,28,14.4)->(2,28,16.6142)->(3,28,17.9321)->(4,28,18.6142)->(5,28,19.1821)->(6,28,19.7)->(7,28,20.2179)->(8,28,20.7858)->(9,28,21.4679)->(10,28,22.7858)->(11,28,5011.1)->
Agent 30:(2,11,1.8)->(3,11,3.01421)->(4,11,4.33205)->(5,11,5.0641)->(6,11,5.79615)->(7,11,7.11399)->(8,11,17.4105)->(8,12,28.2928)->(8,13,5014.15)->
Agent 31:(18,25,1.3)->(18,26,2.01421)->(18,27,3.33205)->(18,28,4.0641)->(18,29,4.79615)->(18,30,6.11399)->(18,31,8.3282)->(19,31,10.5424)->(20,31,11.8603)->(21,31,12.5424)->(22,31,13.1103)->(23,31,13.6282)->(24,31,14.1282)->(25,31,14.6282)->(26,31,15.1462)->(27,31,15.714)->(28,31,16.3962)->(29,31,17.714)->(30,31,5008.56)->
Agent 32:(30,9,1.3)->(30,10,2.01421)->(30,11,3.33205)->(30,12,4.01421)->(30,13,4.58205)->(30,14,5.1)->(30,15,5.6)->(30,16,6.1)->(30,17,6.6)->(30,18,7.1)->(30,19,7.6)->(30,20,8.1)->(30,21,8.6)->(30,22,9.1)->(30,23,9.6)->(30,24,10.1)->(30,25,10.6179)->(30,26,11.1858)->(30,27,11.8679)->(30,28,13.1858)->(30,29,18.1142)->(29,29,23.0426)->(28,29,24.3605)->(27,29,25.0426)->(26,29,25.6105)->(25,29,26.1284)->(24,29,26.6284)->(23,29,27.1284)->(22,29,27.6284)->(21,29,28.1284)->(20,29,28.6284)->(19,29,29.1284)->(18,29,29.6284)->(17,29,30.1284)->(16,29,30.6284)->(15,29,31.1284)->(14,29,31.6284)->(13,29,32.1284)->(12,29,32.6284)->(11,29,33.1464)->(10,29,33.7142)->(9,29,34.3964)->(8,29,35.7142)->(7,29,5017.56)->
Agent 33:(16,12,3.28205)->(16,13,5.97832)->(16,14,7.29615)->(16,15,7.97832)->(16,16,8.54615)->(16,17,9.0641)->(16,18,9.5641)->(16,19,10.0641)->(16,20,10.5821)->(16,21,11.1499)->(16,22,11.8321)->(16,23,13.1499)->(16,24,15.3641)->(17,24,17.5783)->(18,24,18.8962)->(19,24,19.5783)->(20,24,20.1641)->(21,24,20.7499)->(22,24,21.4321)->(23,24,22.7499)->(24,24,5011.08)->
Agent 34:(31,9,1.3)->(31,10,2.01421)->(31,11,3.33205)->(31,12,4.01421)->(31,13,4.58205)->(31,14,5.1)->(31,15,5.6)->(31,16,6.1)->(31,17,6.6)->(31,18,7.1)->(31,19,7.6)->(31,20,8.1)->(31,21,8.6)->(31,22,9.1)->(31,23,9.61795)->(31,24,10.1858)->(31,25,10.8679)->(31,26,12.1858)->(31,27,14.4)->(30,27,16.6142)->(29,27,17.9321)->(28,27,18.6142)->(27,27,19.1821)->(26,27,19.7)->(25,27,20.2)->(24,27,20.7)->(23,27,21.2)->(22,27,21.7)->(21,27,22.2)->(20,27,22.7)->(19,27,23.2)->(18,27,23.7)->(17,27,24.2)->(16,27,24.7)->(15,27,25.2)->(14,27,25.7)->(13,27,26.2)->(12,27,26.7)->(11,27,27.2179)->(10,27,27.7858)->(9,27,28.4679)->(8,27,29.7858)->(7,27,5014.6)->
Agent 35:(2,14,1.3)->(2,15,2.01421)->(2,16,3.33205)->(2,17,4.01421)->(2,18,4.58205)->(2,19,5.1)->(2,20,5.6)->(2,21,6.1)->(2,22,6.6)->(2,23,7.1)->(2,24,7.6)->(2,25,8.11795)->(2,26,8.68579)->(2,27,9.36795)->(2,28,10.6858)->(2,29,12.9)->(3,29,15.1142)->(4,29,16.4321)->(5,29,17.1142)->(6,29,17.6821)->(7,29,18.2)->(8,29,18.7)->(9,29,19.2)->(10,29,19.7)->(11,29,20.2)->(12,29,20.7179)->(13,29,21.2858)->(14,29,21.9679)->(15,29,23.2858)->(16,29,25.9142)->(16,30,5013.15)->
Agent 36:(2,8,1.8)->(3,8,3.01421)->(4,8,4.33205)->(5,8,5.01421)->(6,8,5.58205)->(7,8,6.1)->(8,8,6.6)->(9,8,7.1)->(10,8,7.6)->(11,8,8.1)->(12,8,8.6)->(13,8,9.11795)->(14,8,9.68579)->(15,8,10.3679)->(16,8,11.6858)->(17,8,14.3142)->(17,9,5007.35)->
Agent 37:(21,12,1.3)->(21,13,2.01421)->(21,14,3.33205)->(21,15,4.0641)->(21,16,4.79615)->(21,17,6.11399)->(21,18,8.3282)->(22,18,10.5424)->(23,18,11.8763)->(24,18,12.7047)->(25,18,14.0385)->(26,18,5006.73)->
Agent 38:(21,6,2.8141)->(21,7,5.04242)->(21,8,6.36025)->(21,9,7.04242)->(21,10,7.61025)->(21,11,8.1282)->(21,12,8.6282)->(21,13,9.1282)->(21,14,9.6282)->(21,15,10.1282)->(21,16,10.6282)->(21,17,11.1282)->(21,18,11.6282)->(21,19,12.1462)->(21,20,12.714)->(21,21,13.3962)->(21,22,14.714)->(21,23,16.9282)->(22,23,19.1424)->(23,23,20.4603)->(24,23,21.1424)->(25,23,21.7103)->(26,23,22.2282)->(27,23,22.7462)->(28,23,23.314)->(29,23,23.9962)->(30,23,25.314)->(31,23,5012.36)->
Agent 39:(9,30,3.8)->(9,29,7.01421)->(9,28,8.33205)->(9,27,9.01421)->(9,26,9.58205)->(9,25,10.1)->(9,24,10.6)->(9,23,11.1)->(9,22,11.6)->(9,21,12.1)->(9,20,12.6)->(9,19,13.1)->(9,18,13.6)->(9,17,14.1)->(9,16,14.6)->(9,15,15.1)->(9,14,15.6)->(9,13,16.1)->(9,12,16.6)->(9,11,17.1)->(9,10,17.6)->(9,9,18.1179)->(9,8,18.6858)->(9,7,19.3679)->(9,6,20.6858)->(9,5,24.0216)->(10,5,27.3574)->(11,5,28.6752)->(12,5,29.3574)->(13,5,29.9252)->(14,5,30.4431)->(15,5,30.9431)->(16,5,31.4431)->(17,5,31.9431)->(18,5,32.4431)->(19,5,32.9431)->(20,5,33.4431)->(21,5,33.9431)->(22,5,34.4431)->(23,5,34.9431)->(24,5,35.4431)->(25,5,35.9431)->(26,5,36.4431)->(27,5,36.9611)->(28,5,37.5289)->(29,5,38.2111)->(30,5,39.5289)->(31,5,5019.47)->
