Agent 0:(23,16,2.74264)->(22,16,4.89949)->(21,16,6.21733)->(20,16,6.89949)->(19,16,7.46733)->(18,16,7.98528)->(17,16,8.48528)->(16,16,8.98528)->(15,16,9.48528)->(14,16,9.98528)->(13,16,10.4853)->(12,16,11.0032)->(11,16,11.5711)->(10,16,12.2532)->(9,16,13.5711)->(8,16,5006.49)->
Agent 1:(14,0,1.3)->(14,1,2.01421)->(14,2,3.33205)->(14,3,4.0641)->(14,4,4.79615)->(14,5,6.11399)->(14,6,11.1783)->(15,6,16.2426)->(16,6,17.6569)->(17,6,19.0711)->(18,6,5009.24)->
Agent 2:(11,10,1.8)->(10,10,3.01421)->(9,10,4.42843)->(8,10,5.84264)->(7,10,11.1747)->(7,11,16.5067)->(7,12,17.8246)->(7,13,18.5067)->(7,14,19.0746)->(7,15,19.5925)->(7,16,20.0925)->(7,17,20.5925)->(7,18,21.0925)->(7,19,21.5925)->(7,20,22.0925)->(7,21,22.5925)->(7,22,23.0925)->(7,23,23.6105)->(7,24,24.1783)->(7,25,24.8605)->(7,26,26.1783)->(7,27,5012.8)->
Agent 3:(3,15,1.8)->(2,15,3.6)->(1,15,6.4)->(1,14,8.61421)->(1,13,9.93205)->(1,12,10.6641)->(1,11,11.3962)->(1,10,12.714)->(1,9,5006.06)->
Agent 4:(11,7,6.35)->(11,8,12.1142)->(11,9,13.4321)->(11,10,14.1142)->(11,11,14.6821)->(11,12,15.2)->(11,13,15.7)->(11,14,16.2)->(11,15,16.7)->(11,16,17.2)->(11,17,17.7)->(11,18,18.2)->(11,19,18.7)->(11,20,19.2)->(11,21,19.7)->(11,22,20.2)->(11,23,20.7)->(11,24,21.2)->(11,25,21.7)->(11,26,22.2)->(11,27,22.7179)->(11,28,23.2858)->(11,29,23.9679)->(11,30,25.2858)->(11,31,27.5)->(12,31,29.7142)->(13,31,31.0321)->(14,31,31.7142)->(15,31,32.2821)->(16,31,32.8)->(17,31,33.3)->(18,31,33.8179)->(19,31,34.3858)->(20,31,35.0679)->(21,31,36.3858)->(22,31,5017.9)->
Agent 5:(12,22,2.21421)->(13,22,5.04264)->(13,21,7.89949)->(13,20,9.21733)->(13,19,9.89949)->(13,18,10.4673)->(13,17,10.9853)->(13,16,11.4853)->(13,15,11.9853)->(13,14,12.4853)->(13,13,12.9853)->(13,12,13.4853)->(13,11,13.9853)->(13,10,14.4853)->(13,9,14.9853)->(13,8,15.4853)->(13,7,15.9853)->(13,6,16.5032)->(13,5,17.0711)->(13,4,17.7532)->(13,3,19.0711)->(13,2,21.2853)->(14,2,23.5348)->(15,2,25.5348)->(16,2,5012.49)->
Agent 6:(14,25,1.8)->(13,25,3.01421)->(12,25,4.33205)->(11,25,5.01421)->(10,25,5.58205)->(9,25,6.1)->(8,25,6.6)->(7,25,7.1)->(6,25,7.61795)->(5,25,8.18579)->(4,25,8.86795)->(3,25,10.1858)->(2,25,12.85)->(2,24,16.1)->(2,23,19.3142)->(1,23,5009.85)->
Agent 7:(15,28,2.2)->(15,27,3.81421)->(15,26,5.22843)->(15,25,6.64264)->(15,24,8.85685)->(14,24,11.0711)->(13,24,12.3889)->(12,24,13.0711)->(11,24,13.6389)->(10,24,14.1569)->(9,24,14.6569)->(8,24,15.1748)->(7,24,15.7426)->(6,24,16.4248)->(5,24,17.7426)->(4,24,20.7711)->(5,24,5010.78)->
Agent 8:(18,24,1.8)->(17,24,3.01421)->(16,24,4.33205)->(15,24,5.01421)->(14,24,5.58205)->(13,24,6.1)->(12,24,6.6)->(11,24,7.1)->(10,24,7.6)->(9,24,8.1)->(8,24,8.6)->(7,24,9.1)->(6,24,9.6)->(5,24,10.1179)->(4,24,10.6858)->(3,24,11.3679)->(2,24,12.6858)->(1,24,14.9)->(1,25,17.1142)->(1,26,18.5284)->(1,27,19.9426)->(1,28,5009.68)->
Agent 9:(3,10,7.81421)->(4,10,15.0426)->(5,10,16.3605)->(6,10,17.0426)->(7,10,17.6105)->(8,10,18.1284)->(9,10,18.6284)->(10,10,19.1284)->(11,10,19.6284)->(12,10,20.1284)->(13,10,20.6284)->(14,10,21.1284)->(15,10,21.6284)->(16,10,22.1284)->(17,10,22.6284)->(18,10,23.1284)->(19,10,23.6284)->(20,10,24.1284)->(21,10,24.6464)->(22,10,25.2142)->(23,10,25.8964)->(24,10,27.2142)->(25,10,29.4284)->(25,11,31.6779)->(25,12,33.6779)->(25,13,5016.56)->
Agent 10:(17,23,2.61421)->(17,22,5.61421)->(16,22,8.24264)->(15,22,9.56048)->(14,22,10.2426)->(13,22,10.8284)->(12,22,11.4142)->(11,22,12.0964)->(10,22,13.4142)->(9,22,16.4211)->(9,23,5008.59)->
Agent 11:(16,11,1.8)->(17,11,3.01421)->(18,11,4.34806)->(19,11,5.17649)->(20,11,6.51034)->(21,11,9.0407)->(21,12,11.5711)->(21,13,12.8889)->(21,14,13.5711)->(21,15,14.1389)->(21,16,14.6569)->(21,17,15.1748)->(21,18,15.7426)->(21,19,16.4248)->(21,20,17.7426)->(21,21,5008.58)->
Agent 12:(18,27,2.74264)->(18,26,4.89949)->(18,25,6.21733)->(18,24,6.89949)->(18,23,7.46733)->(18,22,7.98528)->(18,21,8.48528)->(18,20,8.98528)->(18,19,9.48528)->(18,18,9.98528)->(18,17,10.4853)->(18,16,10.9853)->(18,15,11.4853)->(18,14,11.9853)->(18,13,12.4853)->(18,12,12.9853)->(18,11,13.4853)->(18,10,13.9853)->(18,9,14.5032)->(18,8,15.0711)->(18,7,15.7532)->(18,6,17.0711)->(18,5,19.2853)->(17,5,21.4995)->(16,5,22.8173)->(15,5,23.5494)->(14,5,24.2814)->(13,5,25.5993)->(12,5,5012.51)->
Agent 13:(8,29,3.55)->(8,28,6.51421)->(8,27,7.83205)->(8,26,8.51421)->(8,25,9.08205)->(8,24,9.6)->(8,23,10.1)->(8,22,10.6179)->(8,21,11.1858)->(8,20,11.8679)->(8,19,13.1858)->(8,18,15.4)->(9,18,17.6142)->(10,18,18.9321)->(11,18,19.6142)->(12,18,20.1821)->(13,18,20.7)->(14,18,21.2)->(15,18,21.7)->(16,18,22.2)->(17,18,22.7)->(18,18,23.2)->(19,18,23.7)->(20,18,24.2)->(21,18,24.7)->(22,18,25.2)->(23,18,25.7)->(24,18,26.2)->(25,18,26.7179)->(26,18,27.2858)->(27,18,27.9679)->(28,18,29.2858)->(29,18,31.9142)->(29,19,5016.15)->
Agent 14:(25,22,1.8)->(24,22,3.6)->(23,22,13.3426)->(23,23,22.4995)->(23,24,23.8173)->(23,25,24.4995)->(23,26,25.0853)->(23,27,25.6711)->(23,28,26.3532)->(23,29,27.6711)->(23,30,5013.54)->
Agent 15:(10,23,2.15685)->(11,23,3.72792)->(12,23,5.04576)->(13,23,5.72792)->(14,23,6.29576)->(15,23,6.83166)->(16,23,7.39949)->(17,23,8.08166)->(18,23,9.39949)->(19,23,11.6137)->(19,22,13.8279)->(19,21,15.1458)->(19,20,15.8778)->(19,19,16.6099)->(19,18,17.9277)->(19,17,5008.67)->
Agent 16:(24,0,3.74264)->(24,1,6.89949)->(24,2,8.21733)->(24,3,8.89949)->(24,4,9.46733)->(24,5,9.98528)->(24,6,10.4853)->(24,7,10.9853)->(24,8,11.4853)->(24,9,11.9853)->(24,10,12.5032)->(24,11,13.0711)->(24,12,13.7532)->(24,13,15.0711)->(24,14,17.2853)->(23,14,19.4995)->(22,14,20.8173)->(21,14,21.4995)->(20,14,22.0673)->(19,14,22.5853)->(18,14,23.0853)->(17,14,23.5853)->(16,14,24.0853)->(15,14,24.5853)->(14,14,25.0853)->(13,14,25.5853)->(12,14,26.0853)->(11,14,26.5853)->(10,14,27.0853)->(9,14,27.5853)->(8,14,28.0853)->(7,14,28.5853)->(6,14,29.0853)->(5,14,29.6032)->(4,14,30.1711)->(3,14,30.8532)->(2,14,32.1711)->(1,14,5015.79)->
Agent 17:(2,2,1.8)->(3,2,3.01421)->(4,2,4.33205)->(5,2,5.01421)->(6,2,5.58205)->(7,2,6.1)->(8,2,6.6)->(9,2,7.1)->(10,2,7.6)->(11,2,8.1)->(12,2,8.6)->(13,2,9.1)->(14,2,9.6)->(15,2,10.1)->(16,2,10.6)->(17,2,11.1)->(18,2,11.6)->(19,2,12.1)->(20,2,12.6)->(21,2,13.1)->(22,2,13.6)->(23,2,14.1)->(24,2,14.6)->(25,2,15.1179)->(26,2,15.6858)->(27,2,16.3679)->(28,2,17.6858)->(29,2,19.9)->(29,3,22.1495)->(29,4,24.1495)->(29,5,5011.8)->
Agent 18:(8,10,1.3)->(8,11,2.04949)->(8,12,4.04949)->(8,13,6.29898)->(9,13,8.51319)->(10,13,9.83103)->(11,13,10.5132)->(12,13,11.081)->(13,13,11.599)->(14,13,12.099)->(15,13,12.599)->(16,13,13.099)->(17,13,13.599)->(18,13,14.099)->(19,13,14.599)->(20,13,15.099)->(21,13,15.599)->(22,13,16.099)->(23,13,16.599)->(24,13,17.099)->(25,13,17.599)->(26,13,18.099)->(27,13,18.6169)->(28,13,19.1848)->(29,13,19.8669)->(30,13,21.1848)->(31,13,23.399)->(31,14,26.199)->(31,15,5013.1)->
Agent 19:(16,31,5.23891)->(16,30,9.89202)->(16,29,11.2099)->(16,28,11.892)->(16,27,12.4599)->(16,26,12.9778)->(16,25,13.4958)->(16,24,14.0636)->(16,23,14.7458)->(16,22,16.0636)->(16,21,18.692)->(15,21,5009.54)->
Agent 20:(2,11,1.8)->(3,11,3.01421)->(4,11,4.34806)->(5,11,5.17649)->(6,11,6.51034)->(7,11,8.72456)->(7,12,10.9388)->(7,13,12.2566)->(7,14,12.9388)->(7,15,13.5066)->(7,16,14.0246)->(7,17,14.5246)->(7,18,15.0246)->(7,19,15.5246)->(7,20,16.0246)->(7,21,16.5246)->(7,22,17.0246)->(7,23,17.5246)->(7,24,18.0246)->(7,25,18.5425)->(7,26,19.1103)->(7,27,19.7925)->(7,28,21.1103)->(7,29,5010.26)->
Agent 21:(18,8,1.99264)->(17,8,3.39949)->(16,8,4.71733)->(15,8,5.44938)->(14,8,6.18143)->(13,8,7.49927)->(12,8,10.2562)->(12,9,13.0132)->(12,10,14.331)->(12,11,15.0132)->(12,12,15.581)->(12,13,16.1169)->(12,14,16.6848)->(12,15,17.3669)->(12,16,18.6848)->(12,17,5009.05)->
Agent 22:(6,6,4.08205)->(6,7,7.57832)->(6,8,8.89615)->(6,9,9.57832)->(6,10,10.1462)->(6,11,10.6641)->(6,12,11.1641)->(6,13,11.6641)->(6,14,12.1641)->(6,15,12.6641)->(6,16,13.1641)->(6,17,13.6641)->(6,18,14.1641)->(6,19,14.6641)->(6,20,15.1821)->(6,21,15.7499)->(6,22,16.4321)->(6,23,17.7499)->(6,24,19.9641)->(7,24,22.1783)->(8,24,23.4962)->(9,24,24.1783)->(10,24,24.7462)->(11,24,25.2821)->(12,24,25.8499)->(13,24,26.5321)->(14,24,27.8499)->(15,24,5013.63)->
Agent 23:(9,29,7.83036)->(10,29,15.0749)->(11,29,16.4088)->(12,29,17.2372)->(13,29,18.5711)->(14,29,5008.99)->
Agent 24:(15,19,6.49626)->(15,20,12.4067)->(15,21,13.821)->(15,22,15.2352)->(15,23,5007.32)->
Agent 25:(14,6,1.99264)->(14,7,3.39949)->(14,8,4.71733)->(14,9,5.39949)->(14,10,5.96733)->(14,11,6.48528)->(14,12,6.98528)->(14,13,7.48528)->(14,14,7.98528)->(14,15,8.48528)->(14,16,8.98528)->(14,17,9.48528)->(14,18,9.98528)->(14,19,10.4853)->(14,20,10.9853)->(14,21,11.4853)->(14,22,11.9853)->(14,23,12.4853)->(14,24,12.9853)->(14,25,13.4853)->(14,26,14.0032)->(14,27,14.5711)->(14,28,15.2532)->(14,29,16.5711)->(14,30,18.7853)->(15,30,20.9995)->(16,30,22.3173)->(17,30,22.9995)->(18,30,23.5673)->(19,30,24.0853)->(20,30,24.5853)->(21,30,25.1032)->(22,30,25.6711)->(23,30,26.3532)->(24,30,27.6711)->(25,30,5013.54)->
Agent 26:(7,14,2.74264)->(8,14,4.89949)->(9,14,6.21733)->(10,14,6.89949)->(11,14,7.46733)->(12,14,7.98528)->(13,14,8.48528)->(14,14,8.98528)->(15,14,9.48528)->(16,14,9.98528)->(17,14,10.4853)->(18,14,10.9853)->(19,14,11.4853)->(20,14,11.9853)->(21,14,12.4853)->(22,14,12.9853)->(23,14,13.4853)->(24,14,13.9853)->(25,14,14.4853)->(26,14,15.0032)->(27,14,15.5711)->(28,14,16.2532)->(29,14,17.5711)->(30,14,19.7853)->(30,15,22.5853)->(30,16,5011.29)->
Agent 27:(4,10,1.3)->(4,11,2.01421)->(4,12,3.33205)->(4,13,4.01421)->(4,14,4.58205)->(4,15,5.1)->(4,16,5.61795)->(4,17,6.18579)->(4,18,6.86795)->(4,19,8.18579)->(4,20,10.4)->(5,20,12.6142)->(6,20,13.9321)->(7,20,14.6142)->(8,20,15.1821)->(9,20,15.7)->(10,20,16.2179)->(11,20,16.7858)->(12,20,17.4679)->(13,20,18.7858)->(14,20,5009.1)->
Agent 28:(7,3,8.04626)->(7,4,15.5067)->(7,5,16.8246)->(7,6,17.5067)->(7,7,18.0746)->(7,8,18.5925)->(7,9,19.0925)->(7,10,19.5925)->(7,11,20.0925)->(7,12,20.5925)->(7,13,21.0925)->(7,14,21.5925)->(7,15,22.0925)->(7,16,22.5925)->(7,17,23.0925)->(7,18,23.5925)->(7,19,24.0925)->(7,20,24.5925)->(7,21,25.0925)->(7,22,25.6105)->(7,23,26.1783)->(7,24,26.8605)->(7,25,28.1783)->(7,26,30.3925)->(8,26,32.6067)->(9,26,33.9246)->(10,26,34.6067)->(11,26,35.1746)->(12,26,35.6925)->(13,26,36.1925)->(14,26,36.6925)->(15,26,37.1925)->(16,26,37.6925)->(17,26,38.1925)->(18,26,38.6925)->(19,26,39.1925)->(20,26,39.6925)->(21,26,40.1925)->(22,26,40.6925)->(23,26,41.1925)->(24,26,41.6925)->(25,26,42.2105)->(26,26,42.7783)->(27,26,43.4605)->(28,26,44.7783)->(29,26,5022.1)->
Agent 29:(11,29,2.8)->(11,28,5.01421)->(11,27,6.33205)->(11,26,7.01421)->(11,25,7.58205)->(11,24,8.1)->(11,23,8.6)->(11,22,9.1)->(11,21,9.61795)->(11,20,10.1858)->(11,19,10.8679)->(11,18,12.1858)->(11,17,14.4)->(12,17,16.6495)->(13,17,18.6495)->(14,17,5009.05)->
Agent 30:(23,4,1.3)->(23,5,2.01421)->(23,6,3.33205)->(23,7,4.01421)->(23,8,4.58205)->(23,9,5.1)->(23,10,5.6)->(23,11,6.11795)->(23,12,6.68579)->(23,13,7.36795)->(23,14,8.68579)->(23,15,10.9)->(24,15,13.1142)->(25,15,14.4481)->(26,15,15.2765)->(27,15,16.6103)->(28,15,19.2388)->(28,16,5009.81)->
Agent 31:(20,3,2.2)->(20,2,3.84949)->(20,1,5.84949)->(20,0,8.09898)->(19,0,10.3132)->(18,0,11.631)->(17,0,12.3132)->(16,0,12.899)->(15,0,13.4848)->(14,0,14.1669)->(13,0,15.4848)->(12,0,5007.45)->
Agent 32:(10,8,1.71421)->(10,9,3.81421)->(11,9,6.44264)->(12,9,7.76048)->(13,9,8.44264)->(14,9,9.01048)->(15,9,9.52843)->(16,9,10.0284)->(17,9,10.5284)->(18,9,11.0284)->(19,9,11.5284)->(20,9,12.0284)->(21,9,12.5284)->(22,9,13.0284)->(23,9,13.5284)->(24,9,14.0284)->(25,9,14.5464)->(26,9,15.1142)->(27,9,15.7964)->(28,9,17.1142)->(29,9,5008.26)->
Agent 33:(6,2,1.3)->(6,3,2.04949)->(6,4,4.04949)->(6,5,8.83626)->(7,5,13.5878)->(8,5,14.9056)->(9,5,15.5974)->(10,5,16.233)->(11,5,16.9248)->(12,5,18.2426)->(13,5,20.4569)->(13,6,22.6711)->(13,7,23.9889)->(13,8,24.721)->(13,9,25.453)->(13,10,26.7708)->(13,11,5013.09)->
Agent 34:(12,27,3.13579)->(12,26,5.68579)->(12,25,7.1)->(12,24,8.51421)->(12,23,10.7284)->(11,23,12.9426)->(10,23,14.3569)->(9,23,15.7711)->(8,23,5007.59)->
Agent 35:(13,10,1.8)->(14,10,3.01421)->(15,10,4.33205)->(16,10,5.01421)->(17,10,5.58205)->(18,10,6.1)->(19,10,6.6)->(20,10,7.1)->(21,10,7.61795)->(22,10,8.18579)->(23,10,8.86795)->(24,10,10.1858)->(25,10,13.4353)->(25,11,16.6848)->(25,12,18.0026)->(25,13,18.6848)->(25,14,19.2526)->(25,15,19.7885)->(25,16,20.3563)->(25,17,21.0385)->(25,18,22.3563)->(25,19,5010.89)->
Agent 36:(6,22,1.8)->(5,22,3.01421)->(4,22,4.42843)->(3,22,5.84264)->(2,22,8.05685)->(2,21,10.8569)->(2,20,5005.43)->
Agent 37:(24,16,1.55)->(24,17,2.51421)->(24,18,3.83205)->(24,19,4.51421)->(24,20,5.08205)->(24,21,5.6)->(24,22,6.1)->(24,23,6.6)->(24,24,7.11795)->(24,25,7.68579)->(24,26,8.36795)->(24,27,9.68579)->(24,28,13.4)->(23,28,17.1142)->(22,28,18.4321)->(21,28,19.1142)->(20,28,19.6821)->(19,28,20.2)->(18,28,20.7)->(17,28,21.2)->(16,28,21.7)->(15,28,22.2)->(14,28,22.7179)->(13,28,23.2858)->(12,28,23.9679)->(11,28,25.2858)->(10,28,5012.35)->
Agent 38:(2,5,2.2)->(2,4,3.84949)->(2,3,5.84949)->(2,2,8.09898)->(3,2,10.3132)->(4,2,11.631)->(5,2,12.3132)->(6,2,12.881)->(7,2,13.399)->(8,2,13.899)->(9,2,14.399)->(10,2,14.899)->(11,2,15.399)->(12,2,15.899)->(13,2,16.399)->(14,2,16.899)->(15,2,17.399)->(16,2,17.899)->(17,2,18.399)->(18,2,18.899)->(19,2,19.399)->(20,2,19.899)->(21,2,20.399)->(22,2,20.9169)->(23,2,21.4848)->(24,2,22.1669)->(25,2,23.4848)->(26,2,5011.45)->
Agent 39:(31,27,2.2)->(31,26,3.81421)->(31,25,5.13205)->(31,24,5.81421)->(31,23,6.38205)->(31,22,6.9)->(31,21,7.4)->(31,20,7.91795)->(31,19,8.48579)->(31,18,9.16795)->(31,17,10.4858)->(31,16,12.7)->(30,16,14.9142)->(29,16,16.2321)->(28,16,16.9142)->(27,16,17.4821)->(26,16,18)->(25,16,18.5)->(24,16,19)->(23,16,19.5)->(22,16,20.0179)->(21,16,20.5858)->(20,16,21.2679)->(19,16,22.5858)->(18,16,25.2142)->(18,17,5012.8)->
