Agent 0:(14,0,2.76421)->(14,1,4.94264)->(14,2,6.26048)->(14,3,6.94264)->(14,4,7.51048)->(14,5,8.02843)->(14,6,8.52843)->(14,7,9.02843)->(14,8,9.52843)->(14,9,10.0284)->(14,10,10.5284)->(14,11,11.0284)->(14,12,11.5284)->(14,13,12.0284)->(14,14,12.5284)->(14,15,13.0284)->(14,16,13.5284)->(14,17,14.0284)->(14,18,14.5284)->(14,19,15.0284)->(14,20,15.5284)->(14,21,16.0284)->(14,22,16.5284)->(14,23,17.0284)->(14,24,17.5464)->(14,25,18.1142)->(14,26,18.7964)->(14,27,20.1142)->(14,28,22.3284)->(15,28,24.5426)->(16,28,25.8605)->(17,28,26.5426)->(18,28,27.1284)->(19,28,27.7142)->(20,28,28.3964)->(21,28,29.7142)->(22,28,5014.56)->
Agent 1:(5,7,1.3)->(5,8,2.01421)->(5,9,3.33205)->(5,10,4.01421)->(5,11,4.58205)->(5,12,5.1)->(5,13,5.6)->(5,14,6.1)->(5,15,6.61795)->(5,16,7.18579)->(5,17,7.86795)->(5,18,9.18579)->(5,19,11.8142)->(4,19,5006.1)->
Agent 2:(17,14,2.21421)->(18,14,4.81421)->(18,13,7.44264)->(18,12,8.76048)->(18,11,9.44264)->(18,10,10.0105)->(18,9,10.5284)->(18,8,11.0284)->(18,7,11.5284)->(18,6,12.0284)->(18,5,12.5284)->(18,4,13.0464)->(18,3,13.6142)->(18,2,14.2964)->(18,1,15.6142)->(18,0,5007.51)->
Agent 3:(20,21,1.8)->(19,21,3.6)->(18,21,6.4)->(18,20,8.61421)->(18,19,9.93205)->(18,18,10.6142)->(18,17,11.1821)->(18,16,11.7)->(18,15,12.2)->(18,14,12.7)->(18,13,13.2)->(18,12,13.7)->(18,11,14.2)->(18,10,14.7)->(18,9,15.2179)->(18,8,15.7858)->(18,7,16.4679)->(18,6,17.7858)->(18,5,20)->(17,5,22.2142)->(16,5,23.5321)->(15,5,24.2142)->(14,5,24.7821)->(13,5,25.3179)->(12,5,25.8858)->(11,5,26.5679)->(10,5,27.8858)->(9,5,5013.65)->
Agent 4:(20,15,11.5628)->(19,15,22.5751)->(18,15,24.5751)->(17,15,5012.01)->
Agent 5:(7,0,1.99626)->(7,1,3.40674)->(7,2,4.72458)->(7,3,5.40674)->(7,4,5.97458)->(7,5,6.49253)->(7,6,6.99253)->(7,7,7.49253)->(7,8,7.99253)->(7,9,8.49253)->(7,10,8.99253)->(7,11,9.49253)->(7,12,9.99253)->(7,13,10.4925)->(7,14,10.9925)->(7,15,11.4925)->(7,16,11.9925)->(7,17,12.4925)->(7,18,12.9925)->(7,19,13.4925)->(7,20,13.9925)->(7,21,14.4925)->(7,22,15.0105)->(7,23,15.5783)->(7,24,16.2605)->(7,25,17.5783)->(7,26,19.7925)->(6,26,22.0067)->(5,26,23.3246)->(4,26,24.0163)->(3,26,24.652)->(2,26,25.3438)->(1,26,26.6616)->(0,26,5013.04)->
Agent 6:(3,11,1.3)->(3,12,2.6)->(3,13,5.4)->(2,13,8.2)->(1,13,13.7784)->(2,13,19.3569)->(3,13,5009.68)->
Agent 7:(5,15,1.3)->(5,16,2.01421)->(5,17,3.33205)->(5,18,4.01421)->(5,19,4.58205)->(5,20,5.1)->(5,21,5.6)->(5,22,6.11795)->(5,23,6.68579)->(5,24,7.36795)->(5,25,8.68579)->(5,26,11.8142)->(6,26,14.9426)->(7,26,16.2605)->(8,26,16.9426)->(9,26,17.5105)->(10,26,18.0284)->(11,26,18.5284)->(12,26,19.0284)->(13,26,19.5284)->(14,26,20.0284)->(15,26,20.5284)->(16,26,21.0284)->(17,26,21.5284)->(18,26,22.0284)->(19,26,22.5284)->(20,26,23.0284)->(21,26,23.5284)->(22,26,24.0284)->(23,26,24.5284)->(24,26,25.0464)->(25,26,25.6142)->(26,26,26.2964)->(27,26,27.6142)->(28,26,30.2426)->(28,27,5015.31)->
Agent 8:(4,23,2.2)->(4,22,3.81421)->(4,21,5.13205)->(4,20,5.81421)->(4,19,6.38205)->(4,18,6.9)->(4,17,7.4)->(4,16,7.9)->(4,15,8.41795)->(4,14,8.98579)->(4,13,9.66795)->(4,12,10.9858)->(4,11,13.2)->(5,11,15.4142)->(6,11,16.7321)->(7,11,17.4142)->(8,11,17.9821)->(9,11,18.5)->(10,11,19)->(11,11,19.5)->(12,11,20)->(13,11,20.5)->(14,11,21)->(15,11,21.5)->(16,11,22)->(17,11,22.5)->(18,11,23)->(19,11,23.5179)->(20,11,24.0858)->(21,11,24.7679)->(22,11,26.0858)->(23,11,5012.75)->
Agent 9:(0,31,2.2)->(0,30,3.81421)->(0,29,5.13205)->(0,28,5.81421)->(0,27,6.38205)->(0,26,6.9)->(0,25,7.4)->(0,24,7.9)->(0,23,8.4)->(0,22,8.9)->(0,21,9.4)->(0,20,9.9)->(0,19,10.4)->(0,18,10.9)->(0,17,11.4)->(0,16,11.9)->(0,15,12.4)->(0,14,12.9)->(0,13,13.4)->(0,12,13.9)->(0,11,14.4)->(0,10,14.9)->(0,9,15.4)->(0,8,15.9)->(0,7,16.4)->(0,6,16.9179)->(0,5,17.4858)->(0,4,18.1679)->(0,3,19.4858)->(0,2,21.7)->(1,2,23.9142)->(2,2,25.2321)->(3,2,25.9142)->(4,2,26.4821)->(5,2,27)->(6,2,27.5)->(7,2,28)->(8,2,28.5)->(9,2,29)->(10,2,29.5)->(11,2,30)->(12,2,30.5)->(13,2,31)->(14,2,31.5)->(15,2,32)->(16,2,32.5)->(17,2,33)->(18,2,33.5)->(19,2,34)->(20,2,34.5)->(21,2,35)->(22,2,35.5)->(23,2,36)->(24,2,36.5)->(25,2,37)->(26,2,37.5179)->(27,2,38.0858)->(28,2,38.7679)->(29,2,40.0858)->(30,2,5019.75)->
Agent 10:(17,28,8.51228)->(17,27,16.4388)->(17,26,17.7566)->(17,25,18.4388)->(17,24,19.0066)->(17,23,19.5246)->(17,22,20.0246)->(17,21,20.5246)->(17,20,21.0246)->(17,19,21.5246)->(17,18,22.0246)->(17,17,22.5246)->(17,16,23.0246)->(17,15,23.5246)->(17,14,24.0246)->(17,13,24.5246)->(17,12,25.0246)->(17,11,25.5425)->(17,10,26.1103)->(17,9,26.7925)->(17,8,28.1103)->(17,7,30.3246)->(18,7,32.5388)->(19,7,33.8566)->(20,7,34.5388)->(21,7,35.1066)->(22,7,35.6425)->(23,7,36.2103)->(24,7,36.8925)->(25,7,38.2103)->(26,7,5018.81)->
Agent 11:(7,29,1.8)->(6,29,3.01421)->(5,29,4.42843)->(4,29,5.84264)->(3,29,8.05685)->(3,28,10.2711)->(3,27,11.5889)->(3,26,12.2711)->(3,25,12.8389)->(3,24,13.3569)->(3,23,13.8569)->(3,22,14.3569)->(3,21,14.8569)->(3,20,15.3569)->(3,19,15.8569)->(3,18,16.3569)->(3,17,16.8569)->(3,16,17.3569)->(3,15,17.8569)->(3,14,18.3569)->(3,13,18.8569)->(3,12,19.3569)->(3,11,19.8569)->(3,10,20.3748)->(3,9,20.9426)->(3,8,21.6248)->(3,7,22.9426)->(3,6,5011.18)->
Agent 12:(24,21,1.8)->(25,21,3.6)->(26,21,7.53205)->(26,20,10.9136)->(26,19,12.9136)->(26,18,5006.18)->
Agent 13:(15,29,2.55)->(15,28,4.51421)->(15,27,5.83205)->(15,26,6.51421)->(15,25,7.1)->(15,24,7.68579)->(15,23,8.36795)->(15,22,9.68579)->(15,21,11.9)->(14,21,14.1142)->(13,21,15.4321)->(12,21,16.1142)->(11,21,16.6821)->(10,21,17.2)->(9,21,17.7)->(8,21,18.2)->(7,21,18.7)->(6,21,19.2)->(5,21,19.7)->(4,21,20.2179)->(3,21,20.7858)->(2,21,21.4679)->(1,21,22.7858)->(0,21,5011.1)->
Agent 14:(16,11,1.3)->(16,12,2.01421)->(16,13,3.34806)->(16,14,4.17649)->(16,15,5.51034)->(16,16,8.1407)->(15,16,10.7711)->(14,16,12.0889)->(13,16,12.7711)->(12,16,13.3389)->(11,16,13.8569)->(10,16,14.3569)->(9,16,14.8569)->(8,16,15.3569)->(7,16,15.8748)->(6,16,16.4426)->(5,16,17.1248)->(4,16,18.4426)->(3,16,5008.93)->
Agent 15:(16,20,1.8)->(17,20,3.01421)->(18,20,4.34806)->(19,20,5.17649)->(20,20,6.51034)->(21,20,11.5527)->(21,21,16.595)->(21,22,17.9128)->(21,23,18.6046)->(21,24,19.2403)->(21,25,19.9321)->(21,26,21.2499)->(21,27,5010.33)->
Agent 16:(27,29,6.32792)->(27,28,12.07)->(27,27,13.3879)->(27,26,14.07)->(27,25,14.6379)->(27,24,15.1558)->(27,23,15.6558)->(27,22,16.1558)->(27,21,16.6558)->(27,20,17.1558)->(27,19,17.6558)->(27,18,18.1558)->(27,17,18.6558)->(27,16,19.1558)->(27,15,19.6558)->(27,14,20.1558)->(27,13,20.6558)->(27,12,21.1738)->(27,11,21.7416)->(27,10,22.4238)->(27,9,23.7416)->(27,8,25.9558)->(26,8,28.17)->(25,8,29.4879)->(24,8,30.1797)->(23,8,30.8153)->(22,8,31.5071)->(21,8,32.8249)->(20,8,5016.12)->
Agent 17:(30,10,1.3)->(30,11,2.01421)->(30,12,3.33205)->(30,13,4.01421)->(30,14,4.58205)->(30,15,5.1)->(30,16,5.6)->(30,17,6.1)->(30,18,6.6)->(30,19,7.1)->(30,20,7.61795)->(30,21,8.18579)->(30,22,8.86795)->(30,23,10.1858)->(30,24,12.7178)->(29,24,15.2499)->(28,24,16.5677)->(27,24,17.2499)->(26,24,17.8177)->(25,24,18.3357)->(24,24,18.8357)->(23,24,19.3357)->(22,24,19.8357)->(21,24,20.3357)->(20,24,20.8357)->(19,24,21.3357)->(18,24,21.8357)->(17,24,22.3357)->(16,24,22.8536)->(15,24,23.4215)->(14,24,24.1036)->(13,24,25.4215)->(12,24,28.0499)->(12,25,31.6499)->(11,25,34.2783)->(10,25,35.6122)->(9,25,36.4406)->(8,25,37.7744)->(7,25,5018.59)->
Agent 18:(20,7,2.21421)->(21,7,8.06421)->(21,8,13.9426)->(21,9,15.2605)->(21,10,15.9426)->(21,11,16.5105)->(21,12,17.0284)->(21,13,17.5284)->(21,14,18.0284)->(21,15,18.5284)->(21,16,19.0284)->(21,17,19.5284)->(21,18,20.0284)->(21,19,20.5284)->(21,20,21.0284)->(21,21,21.5284)->(21,22,22.0464)->(21,23,22.6142)->(21,24,23.2964)->(21,25,24.6142)->(21,26,27.2426)->(22,26,5013.81)->
Agent 19:(4,5,1.8)->(5,5,3.6)->(6,5,6.4)->(6,6,8.61421)->(6,7,9.93205)->(6,8,10.6142)->(6,9,11.2)->(6,10,11.7858)->(6,11,12.4679)->(6,12,13.7858)->(6,13,5006.6)->
Agent 20:(27,30,9.12792)->(27,29,17.67)->(27,28,18.9879)->(27,27,19.67)->(27,26,20.2379)->(27,25,20.7558)->(27,24,21.2558)->(27,23,21.7558)->(27,22,22.2558)->(27,21,22.7558)->(27,20,23.2558)->(27,19,23.7558)->(27,18,24.2558)->(27,17,24.7558)->(27,16,25.2558)->(27,15,25.7558)->(27,14,26.2558)->(27,13,26.7558)->(27,12,27.2558)->(27,11,27.7558)->(27,10,28.2558)->(27,9,28.7738)->(27,8,29.3416)->(27,7,30.0238)->(27,6,31.3416)->(27,5,33.5558)->(28,5,35.77)->(29,5,37.1843)->(30,5,38.5985)->(31,5,5019.01)->
Agent 21:(12,29,3.51058)->(12,28,6.43537)->(12,27,7.7532)->(12,26,8.44497)->(12,25,9.08065)->(12,24,9.77242)->(12,23,11.0903)->(12,22,18.4287)->(13,22,25.7672)->(14,22,27.085)->(15,22,27.7672)->(16,22,28.335)->(17,22,28.853)->(18,22,29.353)->(19,22,29.853)->(20,22,30.3709)->(21,22,30.9388)->(22,22,31.6209)->(23,22,32.9388)->(24,22,5016.18)->
Agent 22:(25,26,1.8)->(24,26,3.01421)->(23,26,4.33205)->(22,26,5.01421)->(21,26,5.58205)->(20,26,6.1)->(19,26,6.61795)->(18,26,7.18579)->(17,26,7.86795)->(16,26,9.18579)->(15,26,11.8142)->(15,25,16.8642)->(14,25,5009.35)->
Agent 23:(17,8,2.05)->(17,9,3.51421)->(17,10,4.83205)->(17,11,5.51421)->(17,12,6.08205)->(17,13,6.6)->(17,14,7.1)->(17,15,7.6)->(17,16,8.1)->(17,17,8.6)->(17,18,9.1)->(17,19,9.61795)->(17,20,10.1858)->(17,21,10.8679)->(17,22,12.1858)->(17,23,15.3123)->(16,23,18.4388)->(15,23,19.7566)->(14,23,20.4388)->(13,23,21.0066)->(12,23,21.5246)->(11,23,22.0425)->(10,23,22.6103)->(9,23,23.2925)->(8,23,24.6103)->(7,23,27.2388)->(7,24,5013.81)->
Agent 24:(15,18,2.2)->(15,17,3.81421)->(15,16,5.13205)->(15,15,5.81421)->(15,14,6.38205)->(15,13,6.9)->(15,12,7.4)->(15,11,7.9)->(15,10,8.4)->(15,9,8.9)->(15,8,9.41795)->(15,7,9.98579)->(15,6,10.6679)->(15,5,11.9858)->(15,4,14.2)->(16,4,16.4142)->(17,4,17.8284)->(18,4,19.2426)->(19,4,21.8711)->(19,5,5011.13)->
Agent 25:(8,19,2.2)->(8,18,3.81421)->(8,17,5.13205)->(8,16,5.81421)->(8,15,6.38205)->(8,14,6.9)->(8,13,7.4)->(8,12,7.9)->(8,11,8.4)->(8,10,8.9)->(8,9,9.4)->(8,8,9.9)->(8,7,10.4179)->(8,6,10.9858)->(8,5,11.6679)->(8,4,12.9858)->(8,3,15.2)->(9,3,17.4142)->(10,3,18.7321)->(11,3,19.4142)->(12,3,19.9821)->(13,3,20.5)->(14,3,21)->(15,3,21.5)->(16,3,22)->(17,3,22.5)->(18,3,23)->(19,3,23.5)->(20,3,24)->(21,3,24.5)->(22,3,25)->(23,3,25.5)->(24,3,26)->(25,3,26.5)->(26,3,27)->(27,3,27.5179)->(28,3,28.0858)->(29,3,28.7679)->(30,3,30.0858)->(31,3,5014.75)->
Agent 26:(27,19,1.8)->(26,19,3.01421)->(25,19,4.33205)->(24,19,5.01421)->(23,19,5.58205)->(22,19,6.1)->(21,19,6.6)->(20,19,7.1)->(19,19,7.6)->(18,19,8.1)->(17,19,8.6)->(16,19,9.1)->(15,19,9.61795)->(14,19,10.1858)->(13,19,10.8679)->(12,19,12.1858)->(11,19,14.4)->(11,20,16.6142)->(11,21,17.9481)->(11,22,18.7765)->(11,23,20.1103)->(11,24,5009.76)->
Agent 27:(19,0,1.63579)->(19,1,2.68579)->(19,2,4.00362)->(19,3,4.68579)->(19,4,5.25362)->(19,5,5.77157)->(19,6,6.27157)->(19,7,6.77157)->(19,8,7.27157)->(19,9,7.77157)->(19,10,8.27157)->(19,11,8.77157)->(19,12,9.27157)->(19,13,9.77157)->(19,14,10.2716)->(19,15,10.7716)->(19,16,11.2716)->(19,17,11.7716)->(19,18,12.2716)->(19,19,12.7716)->(19,20,13.2716)->(19,21,13.7716)->(19,22,14.2716)->(19,23,14.7895)->(19,24,15.3574)->(19,25,16.0395)->(19,26,17.3574)->(19,27,19.5716)->(18,27,21.7858)->(17,27,23.1036)->(16,27,23.7858)->(15,27,24.3536)->(14,27,24.8716)->(13,27,25.3716)->(12,27,25.8716)->(11,27,26.3716)->(10,27,26.8716)->(9,27,27.3716)->(8,27,27.8716)->(7,27,28.3716)->(6,27,28.8895)->(5,27,29.4574)->(4,27,30.1395)->(3,27,31.4574)->(2,27,34.0858)->(2,28,5017.24)->
Agent 28:(13,5,1.3)->(13,6,2.01421)->(13,7,3.33205)->(13,8,4.01421)->(13,9,4.58205)->(13,10,5.1)->(13,11,5.6)->(13,12,6.1)->(13,13,6.6)->(13,14,7.11795)->(13,15,7.68579)->(13,16,8.36795)->(13,17,9.68579)->(13,18,11.9)->(12,18,14.1142)->(11,18,15.4321)->(10,18,16.1142)->(9,18,16.6821)->(8,18,17.2)->(7,18,17.7)->(6,18,18.2179)->(5,18,18.7858)->(4,18,19.4679)->(3,18,20.7858)->(2,18,23)->(2,19,25.2142)->(2,20,26.5321)->(2,21,27.2238)->(2,22,27.8595)->(2,23,28.5513)->(2,24,29.8691)->(2,25,5014.64)->
Agent 29:(14,11,2.63579)->(15,11,4.68579)->(16,11,6.00362)->(17,11,6.68579)->(18,11,7.25362)->(19,11,7.77157)->(20,11,8.27157)->(21,11,8.77157)->(22,11,9.28952)->(23,11,9.85736)->(24,11,10.5395)->(25,11,11.8574)->(26,11,14.0716)->(26,10,16.2858)->(26,9,17.6036)->(26,8,18.3357)->(26,7,19.0677)->(26,6,20.3856)->(26,5,5009.9)->
Agent 30:(10,25,1.3)->(10,26,2.6)->(10,27,5.8)->(10,26,8.41421)->(10,25,9.74806)->(10,24,10.5765)->(10,23,11.9103)->(10,22,18.8388)->(11,22,25.7672)->(12,22,27.085)->(13,22,27.7672)->(14,22,28.353)->(15,22,28.9388)->(16,22,29.6209)->(17,22,30.9388)->(18,22,5015.18)->
Agent 31:(25,31,2.2)->(25,30,3.81421)->(25,29,5.22843)->(25,28,6.64264)->(25,27,5003.03)->
Agent 32:(9,25,2.4142)->(10,25,4.24261)->(11,25,5.65683)->(12,25,7.07104)->(13,25,9.28525)->(13,24,11.5347)->(13,23,13.5347)->(13,22,18.6686)->(13,23,5010.76)->
Agent 33:(0,22,2.2)->(0,21,3.81421)->(0,20,5.13205)->(0,19,5.81421)->(0,18,6.38205)->(0,17,6.9)->(0,16,7.4)->(0,15,7.9)->(0,14,8.4)->(0,13,8.9)->(0,12,9.4)->(0,11,9.9)->(0,10,10.4)->(0,9,10.9)->(0,8,11.4)->(0,7,11.9)->(0,6,12.4)->(0,5,12.9179)->(0,4,13.4858)->(0,3,14.1679)->(0,2,15.4858)->(0,1,17.7)->(1,1,19.9142)->(2,1,21.2321)->(3,1,21.9142)->(4,1,22.4821)->(5,1,23)->(6,1,23.5)->(7,1,24)->(8,1,24.5)->(9,1,25.0179)->(10,1,25.5858)->(11,1,26.2679)->(12,1,27.5858)->(13,1,30.6642)->(13,2,5015.75)->
Agent 34:(5,21,1.8)->(6,21,3.01421)->(7,21,4.33205)->(8,21,5.01421)->(9,21,5.58205)->(10,21,6.1)->(11,21,6.6)->(12,21,7.1)->(13,21,7.6)->(14,21,8.1)->(15,21,8.6)->(16,21,9.1)->(17,21,9.6)->(18,21,10.1179)->(19,21,10.6858)->(20,21,11.3679)->(21,21,12.6858)->(22,21,14.9)->(22,20,17.1495)->(22,19,19.1495)->(22,18,5009.3)->
Agent 35:(24,13,1.3)->(24,14,2.04949)->(24,15,4.04949)->(24,16,6.63528)->(23,16,9.18579)->(22,16,10.5036)->(21,16,11.1858)->(20,16,11.7536)->(19,16,12.2716)->(18,16,12.7716)->(17,16,13.2716)->(16,16,13.7716)->(15,16,14.2716)->(14,16,14.7895)->(13,16,15.3574)->(12,16,16.0395)->(11,16,17.3574)->(10,16,5008.39)->
Agent 36:(28,21,2.2)->(28,20,3.84949)->(28,19,5.84949)->(28,18,8.09898)->(27,18,10.3132)->(26,18,11.631)->(25,18,12.3132)->(24,18,12.881)->(23,18,13.399)->(22,18,13.899)->(21,18,14.399)->(20,18,14.899)->(19,18,15.399)->(18,18,15.899)->(17,18,16.399)->(16,18,16.899)->(15,18,17.399)->(14,18,17.899)->(13,18,18.399)->(12,18,18.899)->(11,18,19.399)->(10,18,19.9169)->(9,18,20.4848)->(8,18,21.1669)->(7,18,22.4848)->(6,18,5010.95)->
Agent 37:(11,7,1.3)->(11,8,2.01421)->(11,9,3.33205)->(11,10,4.01421)->(11,11,4.58205)->(11,12,5.1)->(11,13,5.61795)->(11,14,6.18579)->(11,15,6.86795)->(11,16,8.18579)->(11,17,11.5642)->(12,17,14.9426)->(13,17,16.2605)->(14,17,16.9426)->(15,17,17.5105)->(16,17,18.0284)->(17,17,18.5284)->(18,17,19.0284)->(19,17,19.5284)->(20,17,20.0284)->(21,17,20.5284)->(22,17,21.0284)->(23,17,21.5284)->(24,17,22.0284)->(25,17,22.5284)->(26,17,23.0464)->(27,17,23.6142)->(28,17,24.2964)->(29,17,25.6142)->(30,17,28.2426)->(30,18,5014.31)->
Agent 38:(20,11,1.8)->(21,11,3.01421)->(22,11,4.33205)->(23,11,5.02382)->(24,11,5.65949)->(25,11,6.35126)->(26,11,7.6691)->(27,11,9.88331)->(27,10,12.0975)->(27,9,13.4154)->(27,8,14.1071)->(27,7,14.7428)->(27,6,15.4346)->(27,5,16.7524)->(27,4,18.9666)->(26,4,21.1808)->(25,4,22.4987)->(24,4,23.1808)->(23,4,23.7487)->(22,4,24.2666)->(21,4,24.7846)->(20,4,25.3524)->(19,4,26.0346)->(18,4,27.3524)->(17,4,5013.38)->
Agent 39:(27,24,4.53626)->(27,23,8.48673)->(27,22,9.80457)->(27,21,10.4963)->(27,20,11.132)->(27,19,11.8238)->(27,18,13.1416)->(27,17,15.3558)->(28,17,17.57)->(29,17,18.9843)->(30,17,20.3985)->(31,17,5009.91)->
