Agent 0:(15,12,1.37843)->(15,13,2.17107)->(15,14,3.48891)->(15,15,4.17107)->(15,16,4.73891)->(15,17,5.25685)->(15,18,5.75685)->(15,19,6.25685)->(15,20,6.75685)->(15,21,7.25685)->(15,22,7.75685)->(15,23,8.25685)->(15,24,8.75685)->(15,25,9.25685)->(15,26,9.75685)->(15,27,10.2748)->(15,28,10.8426)->(15,29,11.5248)->(15,30,12.8426)->(15,31,15.0569)->(14,31,17.2711)->(13,31,18.5889)->(12,31,19.2711)->(11,31,19.8389)->(10,31,20.3569)->(9,31,20.8569)->(8,31,21.3748)->(7,31,21.9426)->(6,31,22.6248)->(5,31,23.9426)->(4,31,5011.68)->
Agent 1:(8,26,2.2)->(8,25,4.4)->(8,24,7.61421)->(9,24,5004)->
Agent 2:(13,28,5.01615)->(13,27,9.44651)->(13,26,10.7804)->(13,25,11.6088)->(13,24,12.9426)->(13,23,15.1569)->(12,23,17.3711)->(11,23,18.6889)->(10,23,19.3711)->(9,23,19.9389)->(8,23,20.4569)->(7,23,20.9569)->(6,23,21.4748)->(5,23,22.0426)->(4,23,22.7248)->(3,23,24.0426)->(2,23,5011.73)->
Agent 3:(23,29,2.46421)->(23,28,4.34264)->(23,27,5.66048)->(23,26,6.34264)->(23,25,6.91048)->(23,24,7.42843)->(23,23,7.94638)->(23,22,8.51421)->(23,21,9.19638)->(23,20,10.5142)->(23,19,17.7284)->(22,19,24.9426)->(21,19,26.2605)->(20,19,26.9426)->(19,19,27.5105)->(18,19,28.0284)->(17,19,28.5284)->(16,19,29.0284)->(15,19,29.5284)->(14,19,30.0464)->(13,19,30.6142)->(12,19,31.2964)->(11,19,32.6142)->(10,19,35.2426)->(10,20,5017.81)->
Agent 4:(25,1,1.3)->(25,2,2.01421)->(25,3,3.33205)->(25,4,4.01421)->(25,5,4.58205)->(25,6,5.1)->(25,7,5.6)->(25,8,6.1)->(25,9,6.6)->(25,10,7.1)->(25,11,7.6)->(25,12,8.11795)->(25,13,8.68579)->(25,14,9.36795)->(25,15,10.6858)->(25,16,12.9)->(26,16,15.1495)->(27,16,17.1495)->(28,16,5008.3)->
Agent 5:(14,20,1.8)->(15,20,3.01421)->(16,20,4.33205)->(17,20,5.01421)->(18,20,5.58205)->(19,20,6.1)->(20,20,6.6)->(21,20,7.11795)->(22,20,7.68579)->(23,20,8.36795)->(24,20,9.68579)->(25,20,11.9)->(25,19,14.1142)->(25,18,15.4321)->(25,17,16.1142)->(25,16,16.6821)->(25,15,17.2179)->(25,14,17.7858)->(25,13,18.4679)->(25,12,19.7858)->(25,11,5009.6)->
Agent 6:(16,14,2.2)->(16,13,4.4)->(16,12,7.2)->(17,12,9.41421)->(18,12,10.7321)->(19,12,11.4142)->(20,12,11.9821)->(21,12,12.5)->(22,12,13)->(23,12,13.5)->(24,12,14)->(25,12,14.5)->(26,12,15)->(27,12,15.5179)->(28,12,16.0858)->(29,12,16.7679)->(30,12,18.0858)->(31,12,5008.75)->
Agent 7:(7,11,2.2)->(7,10,3.84949)->(7,9,5.84949)->(7,8,8.09898)->(8,8,10.3132)->(9,8,11.631)->(10,8,12.3132)->(11,8,12.881)->(12,8,13.399)->(13,8,13.899)->(14,8,14.399)->(15,8,14.899)->(16,8,15.399)->(17,8,15.899)->(18,8,16.399)->(19,8,16.899)->(20,8,17.399)->(21,8,17.899)->(22,8,18.4169)->(23,8,18.9848)->(24,8,19.6669)->(25,8,20.9848)->(26,8,5010.2)->
Agent 8:(11,30,2.2)->(11,29,3.81421)->(11,28,5.13205)->(11,27,5.81421)->(11,26,6.38205)->(11,25,6.9)->(11,24,7.4)->(11,23,7.9)->(11,22,8.4)->(11,21,8.91795)->(11,20,9.48579)->(11,19,10.1679)->(11,18,11.4858)->(11,17,13.7)->(12,17,15.9142)->(13,17,17.3284)->(14,17,18.7426)->(15,17,5009.08)->
Agent 9:(11,1,2.71421)->(12,1,4.84264)->(13,1,6.16048)->(14,1,6.84264)->(15,1,7.41048)->(16,1,7.92843)->(17,1,8.42843)->(18,1,8.92843)->(19,1,9.42843)->(20,1,9.92843)->(21,1,10.4284)->(22,1,10.9284)->(23,1,11.4284)->(24,1,11.9284)->(25,1,12.4284)->(26,1,12.9284)->(27,1,13.4464)->(28,1,14.0142)->(29,1,14.6964)->(30,1,16.0142)->(31,1,18.6426)->(31,2,5009.51)->
Agent 10:(18,27,2.2)->(18,26,3.81421)->(18,25,5.14806)->(18,24,5.97649)->(18,23,7.31034)->(18,22,9.83396)->(19,22,12.3576)->(20,22,13.6754)->(21,22,14.3576)->(22,22,14.9434)->(23,22,15.5292)->(24,22,16.2113)->(25,22,17.5292)->(26,22,5008.47)->
Agent 11:(18,29,1.8)->(17,29,3.01421)->(16,29,4.42843)->(15,29,5.84264)->(14,29,8.05685)->(14,28,10.2711)->(14,27,11.5889)->(14,26,12.2711)->(14,25,12.8569)->(14,24,13.4426)->(14,23,14.1248)->(14,22,15.4426)->(14,21,22.4069)->(14,22,29.9569)->(14,23,5014.98)->
Agent 12:(22,30,1.8)->(21,30,3.01421)->(20,30,4.33205)->(19,30,5.01421)->(18,30,5.58205)->(17,30,6.1)->(16,30,6.6)->(15,30,7.1)->(14,30,7.6)->(13,30,8.1)->(12,30,8.6)->(11,30,9.1)->(10,30,9.6)->(9,30,10.1)->(8,30,10.6)->(7,30,11.1)->(6,30,11.6)->(5,30,12.1)->(4,30,12.6179)->(3,30,13.1858)->(2,30,13.8679)->(1,30,15.1858)->(0,30,17.4)->(0,29,19.6142)->(0,28,20.9321)->(0,27,21.6142)->(0,26,22.1821)->(0,25,22.7)->(0,24,23.2)->(0,23,23.7)->(0,22,24.2)->(0,21,24.7)->(0,20,25.2)->(0,19,25.7)->(0,18,26.2)->(0,17,26.7)->(0,16,27.2)->(0,15,27.7)->(0,14,28.2)->(0,13,28.7)->(0,12,29.2)->(0,11,29.7)->(0,10,30.2)->(0,9,30.7)->(0,8,31.2)->(0,7,31.7)->(0,6,32.2)->(0,5,32.7179)->(0,4,33.2858)->(0,3,33.9679)->(0,2,35.2858)->(0,1,5017.35)->
Agent 13:(15,22,1.8)->(16,22,3.01421)->(17,22,4.33205)->(18,22,5.02382)->(19,22,5.65949)->(20,22,6.35126)->(21,22,7.6691)->(22,22,9.88331)->(22,23,12.0975)->(22,24,13.4154)->(22,25,14.1474)->(22,26,14.8795)->(22,27,16.1973)->(22,28,5007.81)->
Agent 14:(30,9,1.3)->(30,10,2.01421)->(30,11,3.33205)->(30,12,4.01421)->(30,13,4.58205)->(30,14,5.1)->(30,15,5.6)->(30,16,6.1)->(30,17,6.6)->(30,18,7.1)->(30,19,7.6)->(30,20,8.11795)->(30,21,8.68579)->(30,22,9.36795)->(30,23,10.6858)->(30,24,12.9)->(29,24,15.1142)->(28,24,16.4321)->(27,24,17.1142)->(26,24,17.7)->(25,24,18.2858)->(24,24,18.9679)->(23,24,20.2858)->(22,24,5009.85)->
Agent 15:(1,15,1.8)->(2,15,3.01421)->(3,15,4.42843)->(4,15,5.84264)->(5,15,8.05685)->(5,16,10.2711)->(5,17,11.5889)->(5,18,12.2711)->(5,19,12.8389)->(5,20,13.3569)->(5,21,13.8569)->(5,22,14.3569)->(5,23,14.8569)->(5,24,15.3569)->(5,25,15.8748)->(5,26,16.4426)->(5,27,17.1248)->(5,28,18.4426)->(5,29,20.6569)->(6,29,22.8711)->(7,29,24.1889)->(8,29,24.8711)->(9,29,25.4389)->(10,29,25.9569)->(11,29,26.4569)->(12,29,26.9569)->(13,29,27.4569)->(14,29,27.9569)->(15,29,28.4569)->(16,29,28.9569)->(17,29,29.4569)->(18,29,29.9569)->(19,29,30.4569)->(20,29,30.9569)->(21,29,31.4569)->(22,29,31.9748)->(23,29,32.5426)->(24,29,33.2248)->(25,29,34.5426)->(26,29,5016.98)->
Agent 16:(14,9,1.3)->(14,10,2.01421)->(14,11,3.33205)->(14,12,4.01421)->(14,13,4.58205)->(14,14,5.1)->(14,15,5.6)->(14,16,6.1)->(14,17,6.61795)->(14,18,7.18579)->(14,19,7.86795)->(14,20,9.18579)->(14,21,11.4)->(15,21,13.6495)->(16,21,15.6495)->(17,21,17.899)->(17,22,20.1132)->(17,23,21.447)->(17,24,22.2755)->(17,25,23.6093)->(17,26,5011.51)->
Agent 17:(7,21,1.3)->(7,22,2.6)->(7,23,5.72843)->(8,23,8.27107)->(9,23,9.58891)->(10,23,10.2711)->(11,23,10.8389)->(12,23,11.3569)->(13,23,11.8569)->(14,23,12.3569)->(15,23,12.8569)->(16,23,13.3569)->(17,23,13.8569)->(18,23,14.3569)->(19,23,14.8569)->(20,23,15.3748)->(21,23,15.9426)->(22,23,16.6248)->(23,23,17.9426)->(24,23,20.5711)->(24,22,5010.48)->
Agent 18:(18,5,1.3)->(18,6,2.01421)->(18,7,3.33205)->(18,8,4.0641)->(18,9,4.79615)->(18,10,6.11399)->(18,11,8.3282)->(19,11,10.5424)->(20,11,11.8603)->(21,11,12.5923)->(22,11,13.3244)->(23,11,14.6422)->(24,11,5007.03)->
Agent 19:(13,18,1.38579)->(13,19,2.18579)->(13,20,3.6)->(13,21,5.01421)->(13,22,7.75)->(12,22,10.4858)->(11,22,11.8036)->(10,22,12.4954)->(9,22,13.1311)->(8,22,13.8228)->(7,22,15.1407)->(6,22,5007.28)->
Agent 20:(10,16,2.55194)->(11,16,4.51809)->(12,16,5.85194)->(13,16,6.68036)->(14,16,8.01421)->(15,16,10.2284)->(15,17,12.4426)->(15,18,13.7765)->(15,19,14.6049)->(15,20,15.9388)->(15,21,5007.68)->
Agent 21:(4,29,3.16421)->(4,28,5.74264)->(4,27,7.06048)->(4,26,7.74264)->(4,25,8.31048)->(4,24,8.82843)->(4,23,9.32843)->(4,22,9.82843)->(4,21,10.3284)->(4,20,10.8284)->(4,19,11.3284)->(4,18,11.8284)->(4,17,12.3284)->(4,16,12.8284)->(4,15,13.3284)->(4,14,13.8284)->(4,13,14.3284)->(4,12,14.8284)->(4,11,15.3284)->(4,10,15.8284)->(4,9,16.3284)->(4,8,16.8284)->(4,7,17.3284)->(4,6,17.8284)->(4,5,18.3284)->(4,4,18.8464)->(4,3,19.4142)->(4,2,20.0964)->(4,1,21.4142)->(4,0,31.6001)->(4,1,5019.77)->
Agent 22:(12,1,1.71421)->(12,2,8.71421)->(11,2,16.2426)->(10,2,17.5605)->(9,2,18.2426)->(8,2,18.8284)->(7,2,19.4142)->(6,2,20.0964)->(5,2,21.4142)->(4,2,5010.41)->
Agent 23:(6,16,1.3)->(6,17,2.01421)->(6,18,3.33205)->(6,19,4.01421)->(6,20,4.58205)->(6,21,5.1)->(6,22,5.61795)->(6,23,6.18579)->(6,24,6.86795)->(6,25,8.18579)->(6,26,10.4)->(7,26,12.6142)->(8,26,13.9321)->(9,26,14.6142)->(10,26,15.1821)->(11,26,15.7)->(12,26,16.2)->(13,26,16.7)->(14,26,17.2)->(15,26,17.7)->(16,26,18.2)->(17,26,18.7)->(18,26,19.2)->(19,26,19.7)->(20,26,20.2)->(21,26,20.7)->(22,26,21.2)->(23,26,21.7)->(24,26,22.2179)->(25,26,22.7858)->(26,26,23.4679)->(27,26,24.7858)->(28,26,5012.1)->
Agent 24:(23,2,2.2)->(23,1,4.4)->(23,0,7.2)->(24,0,9.44949)->(25,0,11.4495)->(26,0,5005.45)->
Agent 25:(12,30,2.2)->(12,29,3.81421)->(12,28,5.13205)->(12,27,5.81421)->(12,26,6.38205)->(12,25,6.9)->(12,24,7.4)->(12,23,7.91795)->(12,22,8.48579)->(12,21,9.16795)->(12,20,10.4858)->(12,19,12.7)->(13,19,14.9142)->(14,19,16.2321)->(15,19,16.9641)->(16,19,17.6962)->(17,19,19.014)->(18,19,22.9783)->(18,20,5012.35)->
Agent 26:(7,20,2.2)->(7,19,3.81421)->(7,18,5.13205)->(7,17,5.81421)->(7,16,6.38205)->(7,15,6.9)->(7,14,7.41795)->(7,13,7.98579)->(7,12,8.66795)->(7,11,9.98579)->(7,10,12.2858)->(8,10,14.5858)->(9,10,15.9036)->(10,10,16.5858)->(11,10,17.1716)->(12,10,17.7574)->(13,10,18.4395)->(14,10,19.7574)->(15,10,5009.59)->
Agent 27:(20,9,3.37843)->(20,8,6.17107)->(20,7,7.48891)->(20,6,8.17107)->(20,5,8.73891)->(20,4,9.2748)->(20,3,9.84264)->(20,2,10.5248)->(20,1,11.8426)->(20,0,23.0643)->(19,0,34.286)->(18,0,35.6038)->(17,0,36.286)->(16,0,36.8538)->(15,0,37.3718)->(14,0,37.8718)->(13,0,38.3718)->(12,0,38.8718)->(11,0,39.3718)->(10,0,39.8718)->(9,0,40.3718)->(8,0,40.8718)->(7,0,41.3718)->(6,0,41.8718)->(5,0,42.3718)->(4,0,42.8897)->(3,0,43.4576)->(2,0,44.1397)->(1,0,45.4576)->(0,0,5022.44)->
Agent 28:(22,3,1.3)->(22,4,2.01421)->(22,5,3.33205)->(22,6,4.01421)->(22,7,4.58205)->(22,8,5.1)->(22,9,5.6)->(22,10,6.1)->(22,11,6.61795)->(22,12,7.18579)->(22,13,7.86795)->(22,14,9.18579)->(22,15,12.7537)->(23,15,16.3217)->(24,15,17.7359)->(25,15,19.1501)->(26,15,5009.28)->
Agent 29:(10,23,4.41421)->(10,22,8.24264)->(10,21,9.56048)->(10,20,10.2426)->(10,19,10.8105)->(10,18,11.3284)->(10,17,11.8284)->(10,16,12.3284)->(10,15,12.8284)->(10,14,13.3284)->(10,13,13.8284)->(10,12,14.3284)->(10,11,14.8464)->(10,10,15.4142)->(10,9,16.0964)->(10,8,17.4142)->(10,7,19.6284)->(11,7,21.8426)->(12,7,23.1605)->(13,7,23.8925)->(14,7,24.6246)->(15,7,25.9424)->(16,7,5012.68)->
Agent 30:(24,2,1.71421)->(24,3,7.04264)->(23,3,12.8995)->(22,3,14.2173)->(21,3,14.8995)->(20,3,15.4673)->(19,3,15.9853)->(18,3,16.4853)->(17,3,16.9853)->(16,3,17.4853)->(15,3,17.9853)->(14,3,18.5032)->(13,3,19.0711)->(12,3,19.7532)->(11,3,21.0711)->(10,3,5010.24)->
Agent 31:(27,23,11.4784)->(26,23,22.3711)->(25,23,23.6889)->(24,23,24.3711)->(23,23,24.9389)->(22,23,25.4569)->(21,23,25.9569)->(20,23,26.4569)->(19,23,26.9569)->(18,23,27.4569)->(17,23,27.9569)->(16,23,28.4569)->(15,23,28.9569)->(14,23,29.4569)->(13,23,29.9569)->(12,23,30.4569)->(11,23,30.9569)->(10,23,31.4569)->(9,23,31.9569)->(8,23,32.4569)->(7,23,32.9748)->(6,23,33.5426)->(5,23,34.2248)->(4,23,35.5426)->(3,23,38.1711)->(3,24,5019.28)->
Agent 32:(12,22,1.8)->(13,22,3.01421)->(14,22,4.42843)->(15,22,5.84264)->(16,22,8.05685)->(16,23,10.8569)->(16,24,5005.43)->
Agent 33:(1,17,2.2)->(1,16,3.81421)->(1,15,5.13205)->(1,14,5.81421)->(1,13,6.38205)->(1,12,6.9)->(1,11,7.4)->(1,10,7.9)->(1,9,8.4)->(1,8,8.9)->(1,7,9.4)->(1,6,9.9)->(1,5,10.4179)->(1,4,10.9858)->(1,3,11.6679)->(1,2,12.9858)->(1,1,15.2)->(2,1,17.4142)->(3,1,18.7321)->(4,1,19.4142)->(5,1,19.9821)->(6,1,20.5)->(7,1,21)->(8,1,21.5)->(9,1,22)->(10,1,22.5179)->(11,1,23.0858)->(12,1,23.7679)->(13,1,25.0858)->(14,1,27.7142)->(14,0,32.7179)->(14,1,5017.25)->
Agent 34:(10,22,2.61421)->(10,21,5.61421)->(9,21,8.24264)->(8,21,9.56048)->(7,21,10.2522)->(6,21,10.8879)->(5,21,11.5797)->(4,21,12.8975)->(3,21,5006.16)->
Agent 35:(3,3,1.3)->(3,4,2.01421)->(3,5,3.33205)->(3,6,4.01421)->(3,7,4.58205)->(3,8,5.1)->(3,9,5.6)->(3,10,6.1)->(3,11,6.6)->(3,12,7.1)->(3,13,7.6)->(3,14,8.1)->(3,15,8.6)->(3,16,9.11795)->(3,17,9.68579)->(3,18,10.3679)->(3,19,11.6858)->(3,20,13.9)->(4,20,16.1142)->(5,20,17.4321)->(6,20,18.1142)->(7,20,18.6821)->(8,20,19.2)->(9,20,19.7)->(10,20,20.2)->(11,20,20.7)->(12,20,21.2)->(13,20,21.7)->(14,20,22.2)->(15,20,22.7)->(16,20,23.2)->(17,20,23.7)->(18,20,24.2)->(19,20,24.7)->(20,20,25.2)->(21,20,25.7)->(22,20,26.2)->(23,20,26.7179)->(24,20,27.2858)->(25,20,27.9679)->(26,20,29.2858)->(27,20,31.9142)->(27,21,5016.15)->
Agent 36:(31,23,2.2)->(31,22,3.81421)->(31,21,5.13205)->(31,20,5.8641)->(31,19,6.59615)->(31,18,7.91399)->(31,17,10.7641)->(30,17,13.6142)->(29,17,14.9321)->(28,17,15.6142)->(27,17,16.1821)->(26,17,16.7)->(25,17,17.2)->(24,17,17.7)->(23,17,18.2)->(22,17,18.7)->(21,17,19.2179)->(20,17,19.7858)->(19,17,20.4679)->(18,17,21.7858)->(17,17,5010.6)->
Agent 37:(11,18,4.82843)->(11,17,9.07107)->(11,16,10.3889)->(11,15,11.0711)->(11,14,11.6389)->(11,13,12.1569)->(11,12,12.6569)->(11,11,13.1569)->(11,10,13.6569)->(11,9,14.1569)->(11,8,14.6569)->(11,7,15.1569)->(11,6,15.6748)->(11,5,16.2426)->(11,4,16.9248)->(11,3,18.2426)->(11,2,20.4569)->(12,2,22.6711)->(13,2,23.9889)->(14,2,24.6711)->(15,2,25.2389)->(16,2,25.7569)->(17,2,26.2569)->(18,2,26.7569)->(19,2,27.2569)->(20,2,27.7569)->(21,2,28.2748)->(22,2,28.8426)->(23,2,29.5248)->(24,2,30.8426)->(25,2,5015.13)->
Agent 38:(15,1,1.3)->(15,2,2.01421)->(15,3,3.34806)->(15,4,4.17649)->(15,5,5.51034)->(15,6,7.72456)->(16,6,9.97405)->(17,6,11.974)->(18,6,5005.71)->
Agent 39:(20,1,2.61421)->(20,0,5.61421)->(21,0,8.82843)->(22,0,21.8501)->(21,0,34.286)->(20,0,35.6038)->(19,0,36.286)->(18,0,36.8538)->(17,0,37.3718)->(16,0,37.8718)->(15,0,38.3718)->(14,0,38.8718)->(13,0,39.3718)->(12,0,39.8718)->(11,0,40.3718)->(10,0,40.8897)->(9,0,41.4576)->(8,0,42.1397)->(7,0,43.4576)->(6,0,5021.44)->
