Agent 0:(15,27,2.2)->(15,26,4.4)->(15,25,7.2)->(14,25,9.41421)->(13,25,10.7321)->(12,25,11.4641)->(11,25,12.1962)->(10,25,13.514)->(9,25,21.9783)->(9,24,30.4426)->(9,23,31.7605)->(9,22,32.4426)->(9,21,33.0105)->(9,20,33.5284)->(9,19,34.0284)->(9,18,34.5284)->(9,17,35.0284)->(9,16,35.5284)->(9,15,36.0284)->(9,14,36.5284)->(9,13,37.0284)->(9,12,37.5464)->(9,11,38.1142)->(9,10,38.7964)->(9,9,40.1142)->(9,8,42.3284)->(8,8,44.5779)->(7,8,46.5779)->(6,8,5023.01)->
Agent 1:(31,19,1.8)->(30,19,3.01421)->(29,19,4.33205)->(28,19,5.01421)->(27,19,5.58205)->(26,19,6.1)->(25,19,6.61795)->(24,19,7.18579)->(23,19,7.86795)->(22,19,9.18579)->(21,19,11.4)->(21,20,14.2)->(21,21,17.6784)->(20,21,21.9569)->(20,22,28.0063)->(19,22,32.67)->(18,22,33.9879)->(17,22,34.67)->(16,22,35.2379)->(15,22,35.7558)->(14,22,36.2558)->(13,22,36.7558)->(12,22,37.2558)->(11,22,37.7558)->(10,22,38.2558)->(9,22,38.7558)->(8,22,39.2558)->(7,22,39.7558)->(6,22,40.2558)->(5,22,40.7558)->(4,22,41.2738)->(3,22,41.8416)->(2,22,42.5238)->(1,22,43.8416)->(0,22,5021.63)->
Agent 2:(2,19,2.61421)->(2,18,6.02843)->(1,18,5003.41)->
Agent 3:(29,27,1.4142)->(29,28,2.8284)->(29,29,5.6284)->(28,29,7.84261)->(27,29,9.25683)->(26,29,10.671)->(25,29,15.2152)->(25,28,19.7593)->(25,27,21.0932)->(25,26,21.9216)->(25,25,23.2555)->(25,24,25.4697)->(24,24,28.2697)->(23,24,5014.13)->
Agent 4:(31,11,1.71421)->(31,12,3.81421)->(30,12,6.44264)->(29,12,7.76048)->(28,12,8.45225)->(27,12,9.08792)->(26,12,9.77969)->(25,12,11.0975)->(24,12,13.6384)->(24,11,16.2146)->(24,10,18.2146)->(24,9,20.8783)->(23,9,5010.63)->
Agent 5:(4,5,2.2)->(4,4,4.4)->(4,3,7.2)->(5,3,9.41421)->(6,3,10.7321)->(7,3,11.4142)->(8,3,11.9821)->(9,3,12.5)->(10,3,13.0179)->(11,3,13.5858)->(12,3,14.2679)->(13,3,15.5858)->(14,3,18.2142)->(14,2,25.1142)->(14,3,5014.4)->
Agent 6:(21,1,1.8)->(22,1,3.01421)->(23,1,4.34806)->(24,1,5.17649)->(25,1,6.51034)->(26,1,8.72456)->(26,2,10.9388)->(26,3,12.2566)->(26,4,12.9388)->(26,5,13.5066)->(26,6,14.0246)->(26,7,14.5425)->(26,8,15.1103)->(26,9,15.7925)->(26,10,17.1103)->(26,11,20.1388)->(26,10,5010.46)->
Agent 7:(24,11,1.8)->(25,11,3.01421)->(26,11,4.33205)->(27,11,5.02382)->(28,11,5.65949)->(29,11,6.35126)->(30,11,7.6691)->(31,11,9.88331)->(31,10,12.6833)->(31,9,5006.34)->
Agent 8:(19,8,2.21421)->(20,8,5.85)->(20,7,9.51421)->(20,6,10.8481)->(20,5,11.6765)->(20,4,13.0103)->(20,3,15.2246)->(21,3,17.4388)->(22,3,18.7726)->(23,3,19.601)->(24,3,20.9349)->(25,3,5010.17)->
Agent 9:(20,5,1.71421)->(20,6,4.22843)->(19,6,13.6784)->(19,7,21.7426)->(19,8,23.0605)->(19,9,23.7426)->(19,10,24.3105)->(19,11,24.8284)->(19,12,25.3284)->(19,13,25.8284)->(19,14,26.3284)->(19,15,26.8284)->(19,16,27.3284)->(19,17,27.8464)->(19,18,28.4142)->(19,19,29.0964)->(19,20,30.4142)->(19,21,33.2063)->(18,21,5016.88)->
Agent 10:(31,25,2.21421)->(30,25,4.81421)->(30,26,7.44264)->(30,27,8.77649)->(30,28,9.60492)->(30,29,10.9388)->(30,30,13.153)->(29,30,15.3672)->(28,30,16.685)->(27,30,17.3672)->(26,30,17.935)->(25,30,18.453)->(24,30,18.9709)->(23,30,19.5388)->(22,30,20.2209)->(21,30,21.5388)->(20,30,24.0585)->(20,29,26.5783)->(20,28,27.9122)->(20,27,28.7406)->(20,26,30.0744)->(20,25,32.2887)->(19,25,34.5029)->(18,25,35.8207)->(17,25,36.5029)->(16,25,37.0707)->(15,25,37.5887)->(14,25,38.0887)->(13,25,38.6066)->(12,25,39.1744)->(11,25,39.8566)->(10,25,41.1744)->(9,25,43.3887)->(9,24,45.6029)->(9,23,46.9207)->(9,22,47.6029)->(9,21,48.1707)->(9,20,48.6887)->(9,19,49.1887)->(9,18,49.6887)->(9,17,50.1887)->(9,16,50.6887)->(9,15,51.1887)->(9,14,51.6887)->(9,13,52.1887)->(9,12,52.6887)->(9,11,53.1887)->(9,10,53.6887)->(9,9,54.2066)->(9,8,54.7744)->(9,7,55.4566)->(9,6,56.7744)->(9,5,58.9887)->(8,5,61.2029)->(7,5,62.6171)->(6,5,64.0313)->(5,5,5031.72)->
Agent 11:(21,25,1.71421)->(21,26,3.81421)->(22,26,6.44264)->(23,26,7.76048)->(24,26,8.45225)->(25,26,9.08792)->(26,26,9.77969)->(27,26,11.0975)->(28,26,13.3117)->(28,27,15.526)->(28,28,16.8598)->(28,29,17.6882)->(28,30,19.0221)->(28,31,5009.22)->
Agent 12:(29,29,1.3)->(29,30,2.6)->(29,31,9.56421)->(28,31,15.9426)->(27,31,17.2605)->(26,31,17.9426)->(25,31,18.5105)->(24,31,19.0284)->(23,31,19.5284)->(22,31,20.0464)->(21,31,20.6142)->(20,31,21.2964)->(19,31,22.6142)->(18,31,25.1421)->(18,30,27.67)->(18,29,28.9879)->(18,28,29.67)->(18,27,30.2379)->(18,26,30.7558)->(18,25,31.2558)->(18,24,31.7558)->(18,23,32.2558)->(18,22,32.7558)->(18,21,33.2558)->(18,20,33.7558)->(18,19,34.2558)->(18,18,34.7558)->(18,17,35.2558)->(18,16,35.7558)->(18,15,36.2558)->(18,14,36.7558)->(18,13,37.2558)->(18,12,37.7558)->(18,11,38.2738)->(18,10,38.8416)->(18,9,39.5238)->(18,8,40.8416)->(18,7,43.47)->(17,7,5021.93)->
Agent 13:(5,18,1.3)->(5,19,2.6)->(5,20,6.21421)->(5,19,13.1343)->(5,20,18.6829)->(5,21,20.0007)->(5,22,20.6925)->(5,23,21.3281)->(5,24,22.0199)->(5,25,23.3377)->(5,26,25.552)->(6,26,27.7662)->(7,26,29.084)->(8,26,29.7662)->(9,26,30.334)->(10,26,30.852)->(11,26,31.352)->(12,26,31.852)->(13,26,32.352)->(14,26,32.852)->(15,26,33.352)->(16,26,33.852)->(17,26,34.352)->(18,26,34.852)->(19,26,35.352)->(20,26,35.852)->(21,26,36.352)->(22,26,36.852)->(23,26,37.3699)->(24,26,37.9377)->(25,26,38.6199)->(26,26,39.9377)->(27,26,5019.68)->
Agent 14:(27,22,3.21421)->(27,21,6.81421)->(28,21,10.0284)->(29,21,13.5142)->(29,20,16.4142)->(29,19,17.7321)->(29,18,18.4142)->(29,17,18.9821)->(29,16,19.5)->(29,15,20)->(29,14,20.5)->(29,13,21)->(29,12,21.5179)->(29,11,22.0858)->(29,10,22.7679)->(29,9,24.0858)->(29,8,26.3)->(28,8,28.5495)->(27,8,30.5495)->(26,8,5015)->
Agent 15:(6,9,1.93409)->(6,10,3.28238)->(6,11,4.61623)->(6,12,5.44466)->(6,13,6.77851)->(6,14,13.1086)->(7,14,20.0246)->(8,14,30.0518)->(7,14,40.079)->(6,14,5020.04)->
Agent 16:(30,27,1.71421)->(30,28,3.81421)->(29,28,6.47792)->(28,28,8.47792)->(27,28,15.8843)->(27,27,23.2555)->(27,26,24.5733)->(27,25,25.2555)->(27,24,25.8233)->(27,23,26.3412)->(27,22,26.8592)->(27,21,27.427)->(27,20,28.1092)->(27,19,29.427)->(27,18,32.1952)->(26,18,34.9986)->(25,18,36.9986)->(24,18,39.2481)->(24,17,41.4623)->(24,16,42.7801)->(24,15,43.4623)->(24,14,44.0301)->(24,13,44.5481)->(24,12,45.0481)->(24,11,45.5481)->(24,10,46.0481)->(24,9,46.5481)->(24,8,47.0481)->(24,7,47.566)->(24,6,48.1339)->(24,5,48.816)->(24,4,50.1339)->(24,3,52.7623)->(23,3,56.3623)->(23,2,59.5765)->(23,1,5029.79)->
Agent 17:(18,1,4.3407)->(17,1,8.09562)->(16,1,9.41346)->(15,1,10.0956)->(14,1,10.6635)->(13,1,11.1814)->(12,1,11.6814)->(11,1,12.1994)->(10,1,12.7672)->(9,1,13.4494)->(8,1,14.7672)->(7,1,19.4728)->(7,2,24.1783)->(7,3,25.4962)->(7,4,26.2282)->(7,5,26.9603)->(7,6,28.2781)->(7,7,5013.85)->
Agent 18:(23,2,2.3)->(23,3,4.01421)->(23,4,5.33205)->(23,5,6.01421)->(23,6,6.58205)->(23,7,7.1)->(23,8,7.6)->(23,9,8.1)->(23,10,8.6)->(23,11,9.1)->(23,12,9.6)->(23,13,10.1179)->(23,14,10.6858)->(23,15,11.3679)->(23,16,12.6858)->(23,17,15.8858)->(22,17,19.0858)->(21,17,20.4036)->(20,17,21.0858)->(19,17,21.6536)->(18,17,22.1716)->(17,17,22.6716)->(16,17,23.1716)->(15,17,23.6716)->(14,17,24.1716)->(13,17,24.6716)->(12,17,25.1716)->(11,17,25.6716)->(10,17,26.1716)->(9,17,26.6895)->(8,17,27.2574)->(7,17,27.9395)->(6,17,29.2574)->(5,17,31.9173)->(5,18,34.5773)->(5,19,35.8951)->(5,20,36.5773)->(5,21,37.1631)->(5,22,37.7489)->(5,23,38.431)->(5,24,39.7489)->(5,25,43.56)->(4,25,48.7569)->(4,26,5024.78)->
Agent 19:(17,22,4.2)->(18,22,7.84949)->(19,22,9.84949)->(20,22,13.3995)->(20,21,16.9142)->(20,20,18.2321)->(20,19,18.9142)->(20,18,19.4821)->(20,17,20)->(20,16,20.5)->(20,15,21)->(20,14,21.5)->(20,13,22)->(20,12,22.5)->(20,11,23)->(20,10,23.5)->(20,9,24)->(20,8,24.5)->(20,7,25)->(20,6,25.5)->(20,5,26)->(20,4,26.5179)->(20,3,27.0858)->(20,2,27.7679)->(20,1,29.0858)->(20,0,31.3)->(21,0,33.5142)->(22,0,34.9284)->(23,0,36.3426)->(24,0,5017.88)->
Agent 20:(2,24,1.3)->(2,25,2.01421)->(2,26,3.33205)->(2,27,4.0641)->(2,28,4.79615)->(2,29,6.11399)->(2,30,8.7282)->(2,29,11.3424)->(2,28,12.6603)->(2,27,13.3424)->(2,26,13.9282)->(2,25,14.514)->(2,24,15.1962)->(2,23,16.514)->(2,22,18.7282)->(1,22,21.5282)->(0,22,24.7424)->(0,21,29.5778)->(1,21,34.4132)->(1,20,37.6274)->(1,19,5018.81)->
Agent 21:(10,13,1.3)->(10,14,2.04949)->(10,15,4.04949)->(10,16,6.29898)->(11,16,8.51319)->(12,16,9.92741)->(13,16,11.3416)->(14,16,16.4647)->(14,15,21.5878)->(14,14,22.9056)->(14,13,23.5878)->(14,12,24.1556)->(14,11,24.6735)->(14,10,25.1735)->(14,9,25.6915)->(14,8,26.2593)->(14,7,26.9415)->(14,6,28.2593)->(14,5,30.4735)->(15,5,33.2735)->(16,5,5016.64)->
Agent 22:(15,7,3.21421)->(15,8,6.42843)->(15,9,9.46048)->(16,9,11.9067)->(17,9,13.2246)->(18,9,13.9067)->(19,9,14.4746)->(20,9,14.9925)->(21,9,15.4925)->(22,9,15.9925)->(23,9,16.5105)->(24,9,17.0783)->(25,9,17.7605)->(26,9,19.0783)->(27,9,21.2925)->(27,10,23.5067)->(27,11,24.8246)->(27,12,25.5566)->(27,13,26.2887)->(27,14,27.6065)->(27,15,5013.51)->
Agent 23:(13,21,2.2)->(13,20,3.84949)->(13,19,5.84949)->(13,18,8.44949)->(14,18,11.0142)->(15,18,12.3321)->(16,18,13.0142)->(17,18,13.5821)->(18,18,14.1)->(19,18,14.6)->(20,18,15.1)->(21,18,15.6)->(22,18,16.1)->(23,18,16.6)->(24,18,17.1179)->(25,18,17.6858)->(26,18,18.3679)->(27,18,19.6858)->(28,18,22.3142)->(28,17,25.9142)->(29,17,28.5779)->(30,17,30.5779)->(31,17,32.8274)->(31,18,35.0416)->(31,19,36.3755)->(31,20,37.2039)->(31,21,38.5377)->(31,22,5018.98)->
Agent 24:(25,17,2.2)->(25,16,3.81421)->(25,15,5.13205)->(25,14,5.81421)->(25,13,6.38205)->(25,12,6.9)->(25,11,7.4)->(25,10,7.9)->(25,9,8.4)->(25,8,8.9)->(25,7,9.4)->(25,6,9.91795)->(25,5,10.4858)->(25,4,11.1679)->(25,3,12.4858)->(25,2,19.2642)->(24,2,26.0426)->(23,2,27.3605)->(22,2,28.0426)->(21,2,28.6105)->(20,2,29.1284)->(19,2,29.6284)->(18,2,30.1284)->(17,2,30.6284)->(16,2,31.1284)->(15,2,31.6284)->(14,2,32.1284)->(13,2,32.6284)->(12,2,33.1284)->(11,2,33.6464)->(10,2,34.2142)->(9,2,34.8964)->(8,2,36.2142)->(7,2,38.8426)->(7,3,5019.61)->
Agent 25:(16,6,6.01228)->(15,6,11.4388)->(14,6,12.7566)->(13,6,13.4388)->(12,6,14.0246)->(11,6,14.6103)->(10,6,15.2925)->(9,6,16.6103)->(8,6,18.8246)->(8,7,21.0388)->(8,8,22.3566)->(8,9,23.0887)->(8,10,23.8207)->(8,11,25.1385)->(8,12,5012.28)->
Agent 26:(6,27,2.2)->(6,26,3.84949)->(6,25,5.84949)->(6,24,8.64575)->(7,24,17.1762)->(7,23,24.6025)->(7,22,25.9203)->(7,21,26.6121)->(7,20,27.2478)->(7,19,27.9395)->(7,18,29.2574)->(7,17,31.9173)->(6,17,34.6126)->(5,17,36.6126)->(4,17,5018.03)->
Agent 27:(8,19,2.01421)->(8,20,3.44264)->(8,21,4.76048)->(8,22,5.44264)->(8,23,6.02843)->(8,24,6.61421)->(8,25,7.29638)->(8,26,8.61421)->(8,27,12.8091)->(9,27,17.0392)->(10,27,19.0392)->(11,27,21.7029)->(11,26,26.1171)->(11,27,5013.66)->
Agent 28:(15,31,3.8)->(14,31,7.04949)->(13,31,9.04949)->(12,31,12.3476)->(12,30,15.6103)->(12,29,16.9282)->(12,28,17.6103)->(12,27,18.1782)->(12,26,18.6961)->(12,25,19.1961)->(12,24,19.6961)->(12,23,20.1961)->(12,22,20.7141)->(12,21,21.2819)->(12,20,21.9641)->(12,19,23.2819)->(12,18,25.4961)->(13,18,28.2961)->(14,18,31.0961)->(14,17,33.8961)->(14,16,5016.95)->
Agent 29:(24,13,1.8)->(25,13,3.6)->(26,13,6.4)->(26,14,9.2)->(26,15,5004.6)->
Agent 30:(9,24,1.8)->(10,24,3.01421)->(11,24,4.33205)->(12,24,5.01421)->(13,24,5.58205)->(14,24,6.11795)->(15,24,6.68579)->(16,24,7.36795)->(17,24,8.68579)->(18,24,11.3784)->(18,23,14.0711)->(18,22,15.3889)->(18,21,16.0711)->(18,20,16.6389)->(18,19,17.1569)->(18,18,17.6748)->(18,17,18.2426)->(18,16,18.9248)->(18,15,20.2426)->(18,14,27.1113)->(19,14,33.98)->(20,14,35.2978)->(21,14,35.9896)->(22,14,36.6253)->(23,14,37.3171)->(24,14,38.6349)->(25,14,41.2633)->(25,15,5020.82)->
Agent 31:(12,5,1.3)->(12,6,2.01421)->(12,7,3.34806)->(12,8,4.17649)->(12,9,5.51034)->(12,10,8.99444)->(13,10,12.4785)->(14,10,13.7964)->(15,10,14.4785)->(16,10,15.0464)->(17,10,15.5643)->(18,10,16.0823)->(19,10,16.6501)->(20,10,17.3323)->(21,10,18.6501)->(22,10,20.8643)->(22,11,23.0785)->(22,12,24.3964)->(22,13,25.0785)->(22,14,25.6464)->(22,15,26.1643)->(22,16,26.6643)->(22,17,27.1643)->(22,18,27.6823)->(22,19,28.2501)->(22,20,28.9323)->(22,21,30.2501)->(22,22,5014.83)->
Agent 32:(9,10,2.61421)->(9,9,7.37649)->(10,9,11.7672)->(11,9,13.085)->(12,9,13.7768)->(13,9,14.4125)->(14,9,15.1042)->(15,9,16.4221)->(16,9,19.4201)->(16,10,22.4181)->(16,11,23.7519)->(16,12,24.5804)->(16,13,25.9142)->(16,14,29.9471)->(17,14,33.98)->(18,14,35.3942)->(19,14,36.8084)->(20,14,39.0227)->(20,15,41.8227)->(20,16,5020.91)->
Agent 33:(30,5,3.29166)->(30,6,5.99753)->(30,7,7.31537)->(30,8,7.99753)->(30,9,8.56537)->(30,10,9.08331)->(30,11,9.58331)->(30,12,10.0833)->(30,13,10.5833)->(30,14,11.0833)->(30,15,11.5833)->(30,16,12.0833)->(30,17,12.5833)->(30,18,13.0833)->(30,19,13.5833)->(30,20,14.0833)->(30,21,14.5833)->(30,22,15.1013)->(30,23,15.6691)->(30,24,16.3513)->(30,25,17.6691)->(30,26,22.2917)->(31,26,27.8858)->(31,27,31.1)->(31,28,5015.55)->
Agent 34:(14,27,2.21421)->(13,27,10.6301)->(14,27,19.0744)->(15,27,20.3923)->(16,27,21.0744)->(17,27,21.6423)->(18,27,22.1602)->(19,27,22.6602)->(20,27,23.1602)->(21,27,23.6602)->(22,27,24.1602)->(23,27,24.6782)->(24,27,25.246)->(25,27,25.9282)->(26,27,27.246)->(27,27,29.4602)->(27,26,31.6744)->(27,25,32.9923)->(27,24,33.6744)->(27,23,34.2423)->(27,22,34.7602)->(27,21,35.2782)->(27,20,35.846)->(27,19,36.5282)->(27,18,37.846)->(27,17,5018.63)->
Agent 35:(19,21,1.3)->(19,22,2.01421)->(19,23,3.33205)->(19,24,4.01421)->(19,25,4.58205)->(19,26,5.1)->(19,27,5.61795)->(19,28,6.18579)->(19,29,6.86795)->(19,30,8.18579)->(19,31,10.4)->(18,31,12.6142)->(17,31,13.9321)->(16,31,14.6142)->(15,31,15.1821)->(14,31,15.7)->(13,31,16.2)->(12,31,16.7)->(11,31,17.2)->(10,31,17.7179)->(9,31,18.2858)->(8,31,18.9679)->(7,31,20.2858)->(6,31,22.5)->(6,30,25.3)->(6,29,28.9142)->(6,30,5014.85)->
Agent 36:(1,17,2.2)->(1,16,3.81421)->(1,15,5.13205)->(1,14,5.82382)->(1,13,6.45949)->(1,12,7.15126)->(1,11,8.4691)->(1,10,11.4539)->(2,10,14.4388)->(3,10,15.7566)->(4,10,16.4388)->(5,10,17.0066)->(6,10,17.5246)->(7,10,18.0425)->(8,10,18.6103)->(9,10,19.2925)->(10,10,20.6103)->(11,10,28.5067)->(11,11,5017.08)->
Agent 37:(23,30,4.35461)->(23,29,8.12343)->(23,28,9.44126)->(23,27,10.133)->(23,26,10.7687)->(23,25,11.4605)->(23,24,12.7783)->(23,23,16.3358)->(22,23,19.8933)->(21,23,21.2111)->(20,23,21.8933)->(19,23,22.4611)->(18,23,22.979)->(17,23,23.479)->(16,23,23.979)->(15,23,24.479)->(14,23,24.979)->(13,23,25.479)->(12,23,25.979)->(11,23,26.479)->(10,23,26.997)->(9,23,27.5648)->(8,23,28.247)->(7,23,29.5648)->(6,23,31.779)->(6,22,33.9933)->(6,21,35.3111)->(6,20,35.9933)->(6,19,36.5611)->(6,18,37.079)->(6,17,37.579)->(6,16,38.097)->(6,15,38.6648)->(6,14,39.347)->(6,13,40.6648)->(6,12,42.879)->(5,12,45.679)->(4,12,48.479)->(4,11,50.6933)->(4,10,52.0111)->(4,9,52.6933)->(4,8,53.2611)->(4,7,53.779)->(4,6,54.297)->(4,5,54.8648)->(4,4,55.547)->(4,3,56.8648)->(4,2,59.4933)->(3,2,5029.94)->
Agent 38:(15,6,3.94626)->(15,5,8.27832)->(16,5,10.9067)->(17,5,12.2246)->(18,5,12.9163)->(19,5,13.552)->(20,5,14.2438)->(21,5,15.5616)->(22,5,18.5701)->(22,6,21.5785)->(22,7,22.8964)->(22,8,23.5785)->(22,9,24.1464)->(22,10,24.6643)->(22,11,25.1643)->(22,12,25.6643)->(22,13,26.1643)->(22,14,26.6643)->(22,15,27.1643)->(22,16,27.6823)->(22,17,28.2501)->(22,18,28.9323)->(22,19,30.2501)->(22,20,32.6784)->(23,20,35.1067)->(24,20,36.521)->(25,20,37.9352)->(26,20,40.1494)->(26,21,42.3636)->(26,22,43.6814)->(26,23,44.3636)->(26,24,44.9314)->(26,25,45.4494)->(26,26,45.9494)->(26,27,46.4673)->(26,28,47.0352)->(26,29,47.7173)->(26,30,49.0352)->(26,31,5024.22)->
Agent 39:(2,9,1.71421)->(2,10,5.95854)->(3,10,10.7313)->(4,10,12.0491)->(5,10,12.7313)->(6,10,13.2991)->(7,10,13.8171)->(8,10,14.335)->(9,10,14.9029)->(10,10,15.585)->(11,10,16.9029)->(12,10,19.6548)->(12,9,26.8943)->(12,10,33.6246)->(12,11,36.8388)->(13,11,5018.61)->
Agent 40:(4,13,1.9501)->(5,13,3.31441)->(6,13,4.63225)->(7,13,5.3643)->(8,13,6.09635)->(9,13,7.41419)->(10,13,9.84069)->(10,12,12.2672)->(10,11,13.585)->(10,10,14.2672)->(10,9,14.853)->(10,8,15.4388)->(10,7,16.1209)->(10,6,17.4388)->(10,5,21.0133)->(11,5,24.5878)->(12,5,25.9056)->(13,5,26.5878)->(14,5,27.1556)->(15,5,27.6735)->(16,5,28.1735)->(17,5,28.6735)->(18,5,29.1735)->(19,5,29.6735)->(20,5,30.1735)->(21,5,30.6735)->(22,5,31.1915)->(23,5,31.7593)->(24,5,32.4415)->(25,5,33.7593)->(26,5,36.3878)->(26,4,5018.39)->
Agent 41:(14,6,2.21421)->(13,6,4.90997)->(13,7,7.63415)->(13,8,8.95199)->(13,9,9.63415)->(13,10,10.202)->(13,11,10.7199)->(13,12,11.2199)->(13,13,11.7199)->(13,14,12.2379)->(13,15,12.8057)->(13,16,13.4879)->(13,17,14.8057)->(13,18,17.3722)->(14,18,19.9388)->(15,18,21.2566)->(16,18,21.9484)->(17,18,22.584)->(18,18,23.2758)->(19,18,24.5937)->(20,18,26.8079)->(20,19,29.6079)->(20,20,32.6502)->(21,20,35.142)->(22,20,37.142)->(23,20,5018.3)->
Agent 42:(24,28,2.61421)->(25,28,5.22843)->(26,28,8.02843)->(26,27,10.2779)->(26,26,12.2779)->(26,25,19.1985)->(25,25,26.1192)->(24,25,28.1192)->(23,25,5013.78)->
Agent 43:(8,23,2.2)->(7,23,3.81421)->(6,23,5.13205)->(5,23,5.8641)->(4,23,6.59615)->(3,23,7.91399)->(2,23,10.1282)->(2,22,12.3424)->(2,21,13.6603)->(2,20,14.3424)->(2,19,14.9103)->(2,18,15.4462)->(2,17,16.014)->(2,16,16.6962)->(2,15,18.014)->(2,14,27.9963)->(3,14,38.5643)->(4,14,41.7785)->(4,15,5021.08)->
Agent 44:(8,24,2.85194)->(8,25,5.11809)->(8,26,6.45194)->(8,27,7.28036)->(8,28,8.61421)->(8,29,10.8284)->(7,29,13.0426)->(6,29,14.3605)->(5,29,15.0426)->(4,29,15.6284)->(3,29,16.2142)->(2,29,16.8964)->(1,29,18.2142)->(0,29,5008.81)->
Agent 45:(20,25,3.06795)->(20,24,5.55011)->(20,23,6.86795)->(20,22,7.55011)->(20,21,8.11795)->(20,20,8.6359)->(20,19,9.1359)->(20,18,9.6359)->(20,17,10.1359)->(20,16,10.6359)->(20,15,11.1538)->(20,14,11.7217)->(20,13,12.4038)->(20,12,13.7217)->(20,11,15.9359)->(19,11,18.1501)->(18,11,19.4679)->(17,11,20.1501)->(16,11,20.7179)->(15,11,21.2359)->(14,11,21.7359)->(13,11,22.2538)->(12,11,22.8217)->(11,11,23.5038)->(10,11,24.8217)->(9,11,27.0359)->(9,10,29.8359)->(9,9,32.6359)->(8,9,34.8501)->(7,9,36.1679)->(6,9,36.9)->(5,9,37.6321)->(4,9,38.9499)->(3,9,5019.18)->
Agent 46:(22,6,4.55)->(22,7,8.51421)->(22,8,9.83205)->(22,9,10.5142)->(22,10,11.0821)->(22,11,11.6)->(22,12,12.1)->(22,13,12.6)->(22,14,13.1)->(22,15,13.6)->(22,16,14.1)->(22,17,14.6)->(22,18,15.1)->(22,19,15.6)->(22,20,16.1)->(22,21,16.6)->(22,22,17.1)->(22,23,17.6)->(22,24,18.1179)->(22,25,18.6858)->(22,26,19.3679)->(22,27,20.6858)->(22,28,22.9)->(21,28,25.1142)->(20,28,26.4321)->(19,28,27.1142)->(18,28,27.6821)->(17,28,28.2)->(16,28,28.7)->(15,28,29.2)->(14,28,29.7)->(13,28,30.2)->(12,28,30.7)->(11,28,31.2)->(10,28,31.7179)->(9,28,32.2858)->(8,28,32.9679)->(7,28,34.2858)->(6,28,5016.85)->
Agent 47:(9,23,2.2)->(9,22,3.81421)->(9,21,5.22843)->(9,20,6.64264)->(9,19,8.85685)->(10,19,11.0711)->(11,19,12.3889)->(12,19,13.0711)->(13,19,13.6389)->(14,19,14.1569)->(15,19,14.6569)->(16,19,15.1569)->(17,19,15.6569)->(18,19,16.1569)->(19,19,16.6569)->(20,19,17.1569)->(21,19,17.6569)->(22,19,18.1748)->(23,19,18.7426)->(24,19,19.4248)->(25,19,20.7426)->(26,19,23.3711)->(26,18,27.3853)->(25,18,31.8672)->(25,17,34.9633)->(25,16,36.2812)->(25,15,36.9633)->(25,14,37.5312)->(25,13,38.0491)->(25,12,38.5491)->(25,11,39.0491)->(25,10,39.5671)->(25,9,40.1349)->(25,8,40.8171)->(25,7,42.1349)->(25,6,5020.77)->
Agent 48:(12,13,1.8)->(13,13,3.6)->(14,13,7.1)->(14,12,10.0142)->(14,11,11.3321)->(14,10,12.0142)->(14,9,12.5821)->(14,8,13.1179)->(14,7,13.6858)->(14,6,14.3679)->(14,5,15.6858)->(14,4,20.3083)->(15,4,24.9309)->(16,4,26.2487)->(17,4,26.9309)->(18,4,27.4987)->(19,4,28.0167)->(20,4,28.5346)->(21,4,29.1025)->(22,4,29.7846)->(23,4,31.1025)->(24,4,33.3167)->(24,3,36.1167)->(24,2,5018.06)->
Agent 49:(31,18,2.21421)->(30,18,4.81421)->(30,19,7.44264)->(30,20,8.76048)->(30,21,9.44264)->(30,22,10.0105)->(30,23,10.5464)->(30,24,11.1142)->(30,25,11.7964)->(30,26,13.1142)->(30,27,21.9801)->(29,27,30.846)->(28,27,32.1639)->(27,27,32.846)->(26,27,33.4139)->(25,27,33.9498)->(24,27,34.5176)->(23,27,35.1998)->(22,27,36.5176)->(21,27,5017.97)->
Agent 50:(17,10,1.8)->(16,10,3.6)->(15,10,6.81421)->(15,11,11.3623)->(14,11,14.9388)->(13,11,16.2566)->(12,11,16.9388)->(11,11,17.5066)->(10,11,18.0246)->(9,11,18.5246)->(8,11,19.0246)->(7,11,19.5246)->(6,11,20.0246)->(5,11,20.5425)->(4,11,21.1103)->(3,11,21.7925)->(2,11,23.1103)->(1,11,5011.26)->
Agent 51:(21,2,1.8)->(20,2,3.01421)->(19,2,4.33205)->(18,2,5.01421)->(17,2,5.58205)->(16,2,6.1)->(15,2,6.6)->(14,2,7.1)->(13,2,7.6)->(12,2,8.1)->(11,2,8.6)->(10,2,9.1)->(9,2,9.6)->(8,2,10.1179)->(7,2,10.6858)->(6,2,11.3679)->(5,2,12.6858)->(4,2,20.0642)->(4,3,27.4426)->(4,4,28.7605)->(4,5,29.4426)->(4,6,30.0105)->(4,7,30.5284)->(4,8,31.0284)->(4,9,31.5284)->(4,10,32.0284)->(4,11,32.5284)->(4,12,33.0284)->(4,13,33.5284)->(4,14,34.0284)->(4,15,34.5284)->(4,16,35.0284)->(4,17,35.5284)->(4,18,36.0284)->(4,19,36.5284)->(4,20,37.0284)->(4,21,37.5464)->(4,22,38.1142)->(4,23,38.7964)->(4,24,40.1142)->(4,25,42.3284)->(3,25,45.1284)->(2,25,5022.56)->
Agent 52:(14,31,2.2)->(14,30,3.81421)->(14,29,5.14806)->(14,28,5.97649)->(14,27,7.31034)->(14,26,9.52456)->(15,26,11.774)->(16,26,13.774)->(17,26,19.6797)->(17,25,25.5501)->(17,24,26.884)->(17,23,27.7124)->(17,22,29.0462)->(17,21,5014.23)->
Agent 53:(21,6,1.3)->(21,7,2.01421)->(21,8,3.34806)->(21,9,4.17649)->(21,10,5.51034)->(21,11,7.72456)->(20,11,9.93877)->(19,11,11.353)->(18,11,12.7672)->(17,11,14.9814)->(17,12,17.2309)->(17,13,19.2309)->(17,14,21.5902)->(16,14,23.9142)->(15,14,25.2481)->(14,14,26.0765)->(13,14,27.4103)->(12,14,31.8296)->(12,15,36.2489)->(12,16,37.5667)->(12,17,38.2489)->(12,18,38.8347)->(12,19,39.4204)->(12,20,40.1026)->(12,21,41.4204)->(12,22,44.0489)->(11,22,48.0631)->(11,23,5024.43)->
Agent 54:(22,29,1.8)->(21,29,3.01421)->(20,29,4.33205)->(19,29,5.02382)->(18,29,5.65949)->(17,29,6.35126)->(16,29,7.6691)->(15,29,10.8039)->(15,28,13.9388)->(15,27,15.2566)->(15,26,15.9388)->(15,25,16.5066)->(15,24,17.0246)->(15,23,17.5246)->(15,22,18.0246)->(15,21,18.5246)->(15,20,19.0246)->(15,19,19.5246)->(15,18,20.0246)->(15,17,20.5246)->(15,16,21.0246)->(15,15,21.5425)->(15,14,22.1103)->(15,13,22.7925)->(15,12,24.1103)->(15,11,26.3246)->(14,11,28.5388)->(13,11,29.8566)->(12,11,30.5388)->(11,11,31.1066)->(10,11,31.6425)->(9,11,32.2103)->(8,11,32.8925)->(7,11,34.2103)->(6,11,5016.81)->
Agent 55:(25,24,2.61421)->(25,23,6.56421)->(26,23,11.1142)->(26,22,13.7779)->(26,21,15.7779)->(26,20,20.0363)->(25,20,24.2946)->(24,20,26.2946)->(23,20,28.9583)->(23,21,5014.67)->
Agent 56:(14,5,1.8)->(13,5,3.01421)->(12,5,4.33205)->(11,5,5.01421)->(10,5,5.58205)->(9,5,6.1)->(8,5,6.6)->(7,5,7.1)->(6,5,7.6)->(5,5,8.1)->(4,5,8.61795)->(3,5,9.18579)->(2,5,9.86795)->(1,5,11.1858)->(0,5,13.4)->(0,6,15.6142)->(0,7,16.9321)->(0,8,17.6142)->(0,9,18.1821)->(0,10,18.7)->(0,11,19.2)->(0,12,19.7)->(0,13,20.2)->(0,14,20.7)->(0,15,21.2179)->(0,16,21.7858)->(0,17,22.4679)->(0,18,23.7858)->(0,19,27.6815)->(1,19,31.5773)->(2,19,32.8951)->(3,19,33.5773)->(4,19,34.1451)->(5,19,34.6631)->(6,19,35.1631)->(7,19,35.6631)->(8,19,36.1631)->(9,19,36.6631)->(10,19,37.1631)->(11,19,37.681)->(12,19,38.2489)->(13,19,38.931)->(14,19,40.2489)->(15,19,42.8773)->(15,20,5021.63)->
Agent 57:(0,11,1.3)->(0,12,2.01421)->(0,13,3.33205)->(0,14,4.01421)->(0,15,4.58205)->(0,16,5.1)->(0,17,5.6)->(0,18,6.1)->(0,19,6.6)->(0,20,7.1)->(0,21,7.6)->(0,22,8.1)->(0,23,8.6)->(0,24,9.11795)->(0,25,9.68579)->(0,26,10.3679)->(0,27,11.6858)->(0,28,13.9)->(1,28,16.7)->(2,28,19.9142)->(2,29,5010.15)->
Agent 58:(5,22,2.61421)->(5,21,5.61421)->(4,21,8.24264)->(3,21,9.65685)->(2,21,11.0711)->(1,21,14.0995)->(2,21,5007.44)->
Agent 59:(20,15,2.21421)->(19,15,8.65)->(19,14,15.7)->(19,13,20.5142)->(20,13,5011.25)->
Agent 60:(15,22,6.05)->(15,21,11.5142)->(15,20,12.8321)->(15,19,13.5142)->(15,18,14.0821)->(15,17,14.6)->(15,16,15.1)->(15,15,15.6)->(15,14,16.1)->(15,13,16.6)->(15,12,17.1)->(15,11,17.6)->(15,10,18.1179)->(15,9,18.6858)->(15,8,19.3679)->(15,7,20.6858)->(15,6,27.4907)->(16,6,34.2956)->(17,6,35.6135)->(18,6,36.2956)->(19,6,36.8814)->(20,6,37.4672)->(21,6,38.1494)->(22,6,39.4672)->(23,6,5019.44)->
Agent 61:(26,22,2.21421)->(25,22,4.81421)->(25,21,7.44264)->(25,20,8.76048)->(25,19,9.44264)->(25,18,10.0105)->(25,17,10.5284)->(25,16,11.0284)->(25,15,11.5284)->(25,14,12.0284)->(25,13,12.5284)->(25,12,13.0464)->(25,11,13.6142)->(25,10,14.2964)->(25,9,15.6142)->(25,8,17.8284)->(24,8,20.6284)->(23,8,5010.31)->
Agent 62:(25,20,2.2)->(25,19,3.81421)->(25,18,5.13205)->(25,17,5.81421)->(25,16,6.38205)->(25,15,6.9)->(25,14,7.4)->(25,13,7.9)->(25,12,8.4)->(25,11,8.9)->(25,10,9.41795)->(25,9,9.98579)->(25,8,10.6679)->(25,7,11.9858)->(25,6,15.2501)->(26,6,18.5144)->(27,6,19.8323)->(28,6,20.5643)->(29,6,21.2964)->(30,6,22.6142)->(31,6,5011.01)->
Agent 63:(27,21,1.8)->(26,21,3.01421)->(25,21,4.33205)->(24,21,5.01421)->(23,21,5.58205)->(22,21,6.1)->(21,21,6.6)->(20,21,7.1)->(19,21,7.6)->(18,21,8.1)->(17,21,8.6)->(16,21,9.1)->(15,21,9.6)->(14,21,10.1)->(13,21,10.6179)->(12,21,11.1858)->(11,21,11.8679)->(10,21,13.1858)->(9,21,16.15)->(9,20,19.1142)->(9,19,20.4321)->(9,18,21.1142)->(9,17,21.6821)->(9,16,22.2179)->(9,15,22.7858)->(9,14,23.4679)->(9,13,24.7858)->(9,12,27.4142)->(10,12,5013.9)->
Agent 64:(22,12,5.2142)->(21,12,9.84261)->(20,12,11.1605)->(19,12,11.8925)->(18,12,12.6246)->(17,12,13.9424)->(16,12,17.0999)->(16,13,20.2574)->(16,14,21.6716)->(16,15,23.0858)->(16,16,5011.25)->
Agent 65:(31,2,1.8)->(30,2,3.01421)->(29,2,4.33205)->(28,2,5.01421)->(27,2,5.58205)->(26,2,6.1)->(25,2,6.6)->(24,2,7.1)->(23,2,7.6)->(22,2,8.1)->(21,2,8.6)->(20,2,9.1)->(19,2,9.6)->(18,2,10.1)->(17,2,10.6)->(16,2,11.1)->(15,2,11.6)->(14,2,12.1)->(13,2,12.6)->(12,2,13.1)->(11,2,13.6)->(10,2,14.1)->(9,2,14.6179)->(8,2,15.1858)->(7,2,15.8679)->(6,2,17.1858)->(5,2,19.4)->(5,3,21.6142)->(5,4,22.9321)->(5,5,23.6142)->(5,6,24.1821)->(5,7,24.7)->(5,8,25.2)->(5,9,25.7)->(5,10,26.2179)->(5,11,26.7858)->(5,12,27.4679)->(5,13,28.7858)->(5,14,5014.1)->
Agent 66:(21,31,1.8)->(22,31,3.04949)->(23,31,5.04949)->(24,31,10.2578)->(24,30,15.4309)->(24,29,16.7487)->(24,28,17.4309)->(24,27,17.9987)->(24,26,18.5167)->(24,25,19.0167)->(24,24,19.5167)->(24,23,20.0167)->(24,22,20.5167)->(24,21,21.0167)->(24,20,21.5167)->(24,19,22.0167)->(24,18,22.5167)->(24,17,23.0167)->(24,16,23.5167)->(24,15,24.0167)->(24,14,24.5167)->(24,13,25.0167)->(24,12,25.5167)->(24,11,26.0167)->(24,10,26.5167)->(24,9,27.0167)->(24,8,27.5167)->(24,7,28.0167)->(24,6,28.5346)->(24,5,29.1025)->(24,4,29.7846)->(24,3,31.1025)->(24,2,33.3167)->(23,2,35.5309)->(22,2,36.9451)->(21,2,38.3593)->(20,2,5018.89)->
Agent 67:(24,4,1.3)->(24,5,2.01421)->(24,6,3.33205)->(24,7,4.01421)->(24,8,4.58205)->(24,9,5.1)->(24,10,5.6)->(24,11,6.1)->(24,12,6.6)->(24,13,7.1)->(24,14,7.6)->(24,15,8.1)->(24,16,8.6)->(24,17,9.1)->(24,18,9.6)->(24,19,10.1179)->(24,20,10.6858)->(24,21,11.3679)->(24,22,12.6858)->(24,23,15.8083)->(25,23,18.9309)->(26,23,20.2487)->(27,23,20.9405)->(28,23,21.5762)->(29,23,22.2679)->(30,23,23.5858)->(31,23,5011.5)->
Agent 68:(3,5,1.8)->(2,5,3.04949)->(1,5,5.04949)->(0,5,7.34949)->(0,6,9.61421)->(0,7,10.9321)->(0,8,11.6142)->(0,9,12.1821)->(0,10,12.7)->(0,11,13.2)->(0,12,13.7)->(0,13,14.2)->(0,14,14.7)->(0,15,15.2)->(0,16,15.7)->(0,17,16.2)->(0,18,16.7)->(0,19,17.2179)->(0,20,17.7858)->(0,21,18.4679)->(0,22,19.7858)->(0,23,30.0587)->(1,23,40.3315)->(2,23,41.6494)->(3,23,42.3315)->(4,23,42.8994)->(5,23,43.4173)->(6,23,43.9173)->(7,23,44.4173)->(8,23,44.9173)->(9,23,45.4173)->(10,23,45.9173)->(11,23,46.4173)->(12,23,46.9173)->(13,23,47.4173)->(14,23,47.9173)->(15,23,48.4173)->(16,23,48.9173)->(17,23,49.4173)->(18,23,49.9173)->(19,23,50.4173)->(20,23,50.9173)->(21,23,51.4173)->(22,23,51.9173)->(23,23,52.4173)->(24,23,52.9173)->(25,23,53.4173)->(26,23,53.9353)->(27,23,54.5031)->(28,23,55.1853)->(29,23,56.5031)->(30,23,59.1315)->(30,24,5029.76)->
Agent 69:(21,23,4.98216)->(20,23,9.37854)->(19,23,10.6964)->(18,23,11.3785)->(17,23,11.9643)->(16,23,12.5501)->(15,23,13.2323)->(14,23,14.5501)->(13,23,19.4717)->(13,22,24.4285)->(13,21,26.4285)->(13,20,5012.94)->
Agent 70:(29,13,1.3)->(29,14,2.01421)->(29,15,3.33205)->(29,16,4.01421)->(29,17,4.58205)->(29,18,5.1)->(29,19,5.6)->(29,20,6.1)->(29,21,6.6)->(29,22,7.11795)->(29,23,7.68579)->(29,24,8.36795)->(29,25,9.68579)->(29,26,12.3679)->(29,25,15.0501)->(29,24,16.3679)->(29,23,17.0501)->(29,22,17.6179)->(29,21,18.1359)->(29,20,18.6359)->(29,19,19.1359)->(29,18,19.6359)->(29,17,20.1359)->(29,16,20.6538)->(29,15,21.2217)->(29,14,21.9038)->(29,13,23.2217)->(29,12,5011.32)->
Agent 71:(27,31,8.26421)->(26,31,15.9426)->(25,31,17.2605)->(24,31,17.9426)->(23,31,18.5105)->(22,31,19.0284)->(21,31,19.5284)->(20,31,20.0284)->(19,31,20.5284)->(18,31,21.0284)->(17,31,21.5284)->(16,31,22.0284)->(15,31,22.5284)->(14,31,23.0284)->(13,31,23.5464)->(12,31,24.1142)->(11,31,24.7964)->(10,31,26.1142)->(9,31,28.3284)->(9,30,31.1284)->(9,29,33.9284)->(8,29,36.1426)->(7,29,37.4605)->(6,29,38.1925)->(5,29,38.9246)->(4,29,40.2424)->(3,29,42.8708)->(3,30,46.4708)->(2,30,49.6851)->(1,30,5024.84)->
Agent 72:(3,14,1.4142)->(3,15,2.24261)->(3,16,3.56045)->(3,17,4.2925)->(3,18,5.02455)->(3,19,6.34239)->(3,20,11.6146)->(2,20,16.9221)->(1,20,18.9221)->(0,20,29.195)->(0,21,39.4678)->(0,22,41.4678)->(0,23,5020.46)->
Agent 73:(17,5,1.8)->(16,5,3.01421)->(15,5,4.33205)->(14,5,5.01421)->(13,5,5.58205)->(12,5,6.1)->(11,5,6.6)->(10,5,7.1)->(9,5,7.6)->(8,5,8.1)->(7,5,8.61795)->(6,5,9.18579)->(5,5,9.86795)->(4,5,11.1858)->(3,5,16.7339)->(3,6,22.2819)->(3,7,23.5998)->(3,8,24.2819)->(3,9,24.8498)->(3,10,25.3677)->(3,11,25.8677)->(3,12,26.3677)->(3,13,26.8677)->(3,14,27.3677)->(3,15,27.8677)->(3,16,28.3857)->(3,17,28.9535)->(3,18,29.6357)->(3,19,30.9535)->(3,20,5015.18)->
Agent 74:(18,15,1.8)->(17,15,3.01421)->(16,15,4.33205)->(15,15,5.01421)->(14,15,5.6)->(13,15,6.18579)->(12,15,6.86795)->(11,15,8.18579)->(10,15,10.4)->(10,16,12.6495)->(10,17,14.6495)->(10,18,5007.05)->
Agent 75:(3,0,1.3)->(3,1,2.01421)->(3,2,3.33205)->(3,3,4.01421)->(3,4,4.58205)->(3,5,5.1)->(3,6,5.6)->(3,7,6.1)->(3,8,6.6)->(3,9,7.1)->(3,10,7.6)->(3,11,8.11795)->(3,12,8.68579)->(3,13,9.36795)->(3,14,10.6858)->(3,15,14.4)->(4,15,18.1142)->(5,15,19.4321)->(6,15,20.1142)->(7,15,20.6821)->(8,15,21.2)->(9,15,21.7)->(10,15,22.2)->(11,15,22.7)->(12,15,23.2179)->(13,15,23.7858)->(14,15,24.4679)->(15,15,25.7858)->(16,15,5012.6)->
Agent 76:(16,28,1.8)->(17,28,3.01421)->(18,28,4.33205)->(19,28,5.01421)->(20,28,5.58205)->(21,28,6.11795)->(22,28,6.68579)->(23,28,7.36795)->(24,28,8.68579)->(25,28,13.2226)->(25,27,17.7593)->(25,26,19.0772)->(25,25,19.7593)->(25,24,20.3272)->(25,23,20.8451)->(25,22,21.3451)->(25,21,21.8451)->(25,20,22.3451)->(25,19,22.8451)->(25,18,23.3451)->(25,17,23.8451)->(25,16,24.3451)->(25,15,24.8451)->(25,14,25.3451)->(25,13,25.8451)->(25,12,26.3451)->(25,11,26.8451)->(25,10,27.3451)->(25,9,27.8451)->(25,8,28.3631)->(25,7,28.9309)->(25,6,29.6131)->(25,5,30.9309)->(25,4,5015.17)->
Agent 77:(28,25,2.61421)->(28,24,7.54806)->(27,24,12.1103)->(26,24,13.4282)->(25,24,14.1103)->(24,24,14.6782)->(23,24,15.1961)->(22,24,15.6961)->(21,24,16.1961)->(20,24,16.6961)->(19,24,17.1961)->(18,24,17.6961)->(17,24,18.1961)->(16,24,18.6961)->(15,24,19.1961)->(14,24,19.7141)->(13,24,20.2819)->(12,24,20.9641)->(11,24,22.2819)->(10,24,5010.85)->
Agent 78:(4,9,1.8)->(3,9,3.6)->(2,9,6.4)->(2,8,8.61421)->(2,7,9.93205)->(2,6,10.6142)->(2,5,11.2)->(2,4,11.7858)->(2,3,12.4679)->(2,2,13.7858)->(2,1,16)->(1,1,18.8)->(0,1,5009.4)->
Agent 79:(13,0,1.8)->(14,0,3.01421)->(15,0,4.33205)->(16,0,5.01421)->(17,0,5.58205)->(18,0,6.1)->(19,0,6.6)->(20,0,7.1)->(21,0,7.6)->(22,0,8.1)->(23,0,8.6)->(24,0,9.1)->(25,0,9.6)->(26,0,10.1179)->(27,0,10.6858)->(28,0,11.3679)->(29,0,12.6858)->(30,0,14.9)->(30,1,17.1142)->(30,2,18.4321)->(30,3,19.1142)->(30,4,19.6821)->(30,5,20.2)->(30,6,20.7)->(30,7,21.2)->(30,8,21.7)->(30,9,22.2)->(30,10,22.7)->(30,11,23.2)->(30,12,23.7)->(30,13,24.2)->(30,14,24.7)->(30,15,25.2179)->(30,16,25.7858)->(30,17,26.4679)->(30,18,27.7858)->(30,19,5013.6)->
Agent 80:(5,23,1.91882)->(5,24,3.25185)->(5,25,4.56969)->(5,26,5.26146)->(5,27,5.89714)->(5,28,6.58891)->(5,29,7.90674)->(5,30,10.121)->(6,30,12.3352)->(7,30,13.669)->(8,30,14.4974)->(9,30,15.8313)->(10,30,22.8012)->(10,31,5013.76)->
Agent 81:(19,3,1.8)->(18,3,3.01421)->(17,3,4.33205)->(16,3,5.02382)->(15,3,5.65949)->(14,3,6.35126)->(13,3,7.6691)->(12,3,10.2975)->(12,4,16.6422)->(12,3,22.0505)->(12,2,24.0505)->(12,1,5011.75)->
Agent 82:(15,12,1.71421)->(15,13,6.9)->(16,13,12.6142)->(17,13,13.9321)->(18,13,14.6142)->(19,13,15.1821)->(20,13,15.7)->(21,13,16.2)->(22,13,16.7179)->(23,13,17.2858)->(24,13,17.9679)->(25,13,19.2858)->(26,13,5009.35)->
Agent 83:(3,16,1.3)->(3,17,2.01421)->(3,18,3.33205)->(3,19,4.0641)->(3,20,4.79615)->(3,21,6.11399)->(3,22,9.36217)->(4,22,12.6103)->(5,22,13.9282)->(6,22,14.6103)->(7,22,15.1782)->(8,22,15.6961)->(9,22,16.1961)->(10,22,16.6961)->(11,22,17.1961)->(12,22,17.6961)->(13,22,18.1961)->(14,22,18.6961)->(15,22,19.1961)->(16,22,19.6961)->(17,22,20.1961)->(18,22,20.6961)->(19,22,21.1961)->(20,22,21.6961)->(21,22,22.1961)->(22,22,22.6961)->(23,22,23.1961)->(24,22,23.6961)->(25,22,24.1961)->(26,22,24.7141)->(27,22,25.2819)->(28,22,25.9641)->(29,22,27.2819)->(30,22,5013.35)->
Agent 84:(7,30,2.83205)->(7,29,5.07832)->(7,28,6.39615)->(7,27,7.07832)->(7,26,7.64615)->(7,25,8.1641)->(7,24,8.6641)->(7,23,9.1641)->(7,22,9.6641)->(7,21,10.1641)->(7,20,10.6641)->(7,19,11.1641)->(7,18,11.6641)->(7,17,12.1641)->(7,16,12.6641)->(7,15,13.1641)->(7,14,13.6641)->(7,13,14.1641)->(7,12,14.6641)->(7,11,15.1641)->(7,10,15.6641)->(7,9,16.1641)->(7,8,16.6641)->(7,7,17.1821)->(7,6,17.7499)->(7,5,18.4321)->(7,4,19.7499)->(7,3,21.9641)->(8,3,24.1783)->(9,3,25.4962)->(10,3,26.1783)->(11,3,26.7462)->(12,3,27.2641)->(13,3,27.7641)->(14,3,28.2821)->(15,3,28.8499)->(16,3,29.5321)->(17,3,30.8499)->(18,3,5015.13)->
Agent 85:(30,16,3.9142)->(29,16,7.8284)->(28,16,12.0489)->(28,17,15.6837)->(28,18,17.0015)->(28,19,17.6837)->(28,20,18.2515)->(28,21,18.7694)->(28,22,19.2694)->(28,23,19.7694)->(28,24,20.2694)->(28,25,20.7874)->(28,26,21.3552)->(28,27,22.0374)->(28,28,23.3552)->(28,29,5011.38)->
Agent 86:(17,31,1.8)->(18,31,3.01421)->(19,31,4.33205)->(20,31,5.0641)->(21,31,5.79615)->(22,31,7.11399)->(23,31,12.0264)->(23,30,16.9388)->(23,29,18.2566)->(23,28,18.9388)->(23,27,19.5066)->(23,26,20.0246)->(23,25,20.5246)->(23,24,21.0246)->(23,23,21.5425)->(23,22,22.1103)->(23,21,22.7925)->(23,20,24.1103)->(23,19,5011.76)->
Agent 87:(18,23,2.08205)->(17,23,3.57832)->(16,23,4.89615)->(15,23,5.57832)->(14,23,6.14615)->(13,23,6.6641)->(12,23,7.1641)->(11,23,7.68205)->(10,23,8.24989)->(9,23,8.93205)->(8,23,10.2499)->(7,23,14.0943)->(7,22,17.9388)->(7,21,19.2566)->(7,20,19.9388)->(7,19,20.5066)->(7,18,21.0246)->(7,17,21.5246)->(7,16,22.0425)->(7,15,22.6103)->(7,14,23.2925)->(7,13,24.6103)->(7,12,26.8246)->(6,12,29.6246)->(5,12,32.8388)->(5,11,5016.61)->
Agent 88:(21,30,9.81228)->(21,29,19.0388)->(21,28,20.3566)->(21,27,21.0388)->(21,26,21.6066)->(21,25,22.1246)->(21,24,22.6246)->(21,23,23.1246)->(21,22,23.6246)->(21,21,24.1246)->(21,20,24.6246)->(21,19,25.1246)->(21,18,25.6246)->(21,17,26.1246)->(21,16,26.6246)->(21,15,27.1246)->(21,14,27.6246)->(21,13,28.1246)->(21,12,28.6246)->(21,11,29.1246)->(21,10,29.6425)->(21,9,30.2103)->(21,8,30.8925)->(21,7,32.2103)->(21,6,34.4246)->(22,6,36.6388)->(23,6,37.9726)->(24,6,38.801)->(25,6,40.1349)->(26,6,5019.77)->
Agent 89:(3,29,2.51421)->(4,29,4.44264)->(5,29,5.76048)->(6,29,6.44264)->(7,29,7.01048)->(8,29,7.52843)->(9,29,8.02843)->(10,29,8.54638)->(11,29,9.11421)->(12,29,9.79638)->(13,29,11.1142)->(14,29,13.3623)->(14,28,15.6103)->(14,27,16.9282)->(14,26,17.6103)->(14,25,18.1782)->(14,24,18.6961)->(14,23,19.1961)->(14,22,19.7141)->(14,21,20.2819)->(14,20,20.9641)->(14,19,22.2819)->(14,18,24.9103)->(15,18,5012.65)->
Agent 90:(29,25,3.61421)->(28,25,6.64264)->(27,25,7.96048)->(26,25,8.64264)->(25,25,9.21048)->(24,25,9.72843)->(23,25,10.2284)->(22,25,10.7284)->(21,25,11.2464)->(20,25,11.8142)->(19,25,12.4964)->(18,25,13.8142)->(17,25,18.6822)->(17,24,23.5501)->(17,23,24.8679)->(17,22,25.5501)->(17,21,26.1179)->(17,20,26.6359)->(17,19,27.1359)->(17,18,27.6359)->(17,17,28.1538)->(17,16,28.7217)->(17,15,29.4038)->(17,14,30.7217)->(17,13,32.9359)->(16,13,35.7359)->(15,13,5017.87)->
Agent 91:(12,19,3.06795)->(12,18,5.55011)->(12,17,6.86795)->(12,16,7.6)->(12,15,8.33205)->(12,14,9.64989)->(12,13,13.7584)->(11,13,17.867)->(10,13,19.1848)->(9,13,19.867)->(8,13,20.4528)->(7,13,21.0385)->(6,13,21.7207)->(5,13,23.0385)->(4,13,27.7406)->(5,13,5015.1)->
Agent 92:(28,11,2.2)->(28,10,3.81421)->(28,9,5.13205)->(28,8,5.81421)->(28,7,6.38205)->(28,6,6.9)->(28,5,7.41795)->(28,4,7.98579)->(28,3,8.66795)->(28,2,9.98579)->(28,1,12.2)->(27,1,14.4142)->(26,1,15.7321)->(25,1,16.4142)->(24,1,16.9821)->(23,1,17.5)->(22,1,18)->(21,1,18.5)->(20,1,19)->(19,1,19.5)->(18,1,20)->(17,1,20.5)->(16,1,21)->(15,1,21.5)->(14,1,22)->(13,1,22.5)->(12,1,23)->(11,1,23.5)->(10,1,24)->(9,1,24.5179)->(8,1,25.0858)->(7,1,25.7679)->(6,1,27.0858)->(5,1,29.7142)->(5,2,5015.05)->
Agent 93:(26,29,2.2)->(26,28,3.81421)->(26,27,5.13205)->(26,26,5.81421)->(26,25,6.38205)->(26,24,6.9)->(26,23,7.4)->(26,22,7.9)->(26,21,8.4)->(26,20,8.91795)->(26,19,9.48579)->(26,18,10.1679)->(26,17,11.4858)->(26,16,13.7)->(25,16,15.9142)->(24,16,17.2321)->(23,16,17.9142)->(22,16,18.4821)->(21,16,19)->(20,16,19.5)->(19,16,20)->(18,16,20.5179)->(17,16,21.0858)->(16,16,21.7679)->(15,16,23.0858)->(14,16,25.7142)->(14,15,29.3142)->(13,15,31.9426)->(12,15,33.2605)->(11,15,33.9426)->(10,15,34.5105)->(9,15,35.0284)->(8,15,35.5284)->(7,15,36.0284)->(6,15,36.5284)->(5,15,37.0284)->(4,15,37.5464)->(3,15,38.1142)->(2,15,38.7964)->(1,15,40.1142)->(0,15,5019.76)->
Agent 94:(13,30,1.8)->(12,30,3.6)->(11,30,7.65)->(11,29,11.1142)->(11,28,12.4321)->(11,27,13.1142)->(11,26,13.6821)->(11,25,14.2)->(11,24,14.7)->(11,23,15.2179)->(11,22,15.7858)->(11,21,16.4679)->(11,20,17.7858)->(11,19,22.1981)->(11,20,5012.18)->
Agent 95:(21,19,4.04263)->(21,18,7.49947)->(21,17,8.81731)->(21,16,9.49947)->(21,15,10.0853)->(21,14,10.671)->(21,13,11.3532)->(21,12,12.671)->(21,11,20.3549)->(20,11,28.0388)->(19,11,29.3566)->(18,11,30.0388)->(17,11,30.6066)->(16,11,31.1246)->(15,11,31.6246)->(14,11,32.1246)->(13,11,32.6246)->(12,11,33.1246)->(11,11,33.6425)->(10,11,34.2103)->(9,11,34.8925)->(8,11,36.2103)->(7,11,5017.81)->
Agent 96:(11,0,1.8)->(10,0,3.04949)->(9,0,5.04949)->(8,0,8.51177)->(8,1,11.9388)->(8,2,13.2566)->(8,3,13.9388)->(8,4,14.5066)->(8,5,15.0246)->(8,6,15.5246)->(8,7,16.0246)->(8,8,16.5246)->(8,9,17.0246)->(8,10,17.5246)->(8,11,18.0246)->(8,12,18.5246)->(8,13,19.0246)->(8,14,19.5246)->(8,15,20.0246)->(8,16,20.5246)->(8,17,21.0246)->(8,18,21.5246)->(8,19,22.0246)->(8,20,22.5246)->(8,21,23.0246)->(8,22,23.5246)->(8,23,24.0246)->(8,24,24.5246)->(8,25,25.0246)->(8,26,25.5246)->(8,27,26.0425)->(8,28,26.6103)->(8,29,27.2925)->(8,30,28.6103)->(8,31,5014.01)->
Agent 97:(7,4,1.8)->(8,4,3.01421)->(9,4,4.33205)->(10,4,5.01421)->(11,4,5.58205)->(12,4,6.1)->(13,4,6.6)->(14,4,7.1)->(15,4,7.6)->(16,4,8.1)->(17,4,8.6)->(18,4,9.1)->(19,4,9.61795)->(20,4,10.1858)->(21,4,10.8679)->(22,4,12.1858)->(23,4,14.4)->(23,5,16.6142)->(23,6,17.9321)->(23,7,18.6142)->(23,8,19.1821)->(23,9,19.7)->(23,10,20.2)->(23,11,20.7)->(23,12,21.2)->(23,13,21.7)->(23,14,22.2179)->(23,15,22.7858)->(23,16,23.4679)->(23,17,24.7858)->(23,18,27.4142)->(24,18,31.0142)->(24,19,33.6426)->(24,20,34.9605)->(24,21,35.6522)->(24,22,36.2879)->(24,23,36.9797)->(24,24,38.2975)->(24,25,40.926)->(25,25,5020.66)->
Agent 98:(27,2,1.3)->(27,3,2.01421)->(27,4,3.33205)->(27,5,4.01421)->(27,6,4.58205)->(27,7,5.1)->(27,8,5.6)->(27,9,6.1)->(27,10,6.6)->(27,11,7.1)->(27,12,7.6)->(27,13,8.1)->(27,14,8.6)->(27,15,9.1)->(27,16,9.6)->(27,17,10.1179)->(27,18,10.6858)->(27,19,11.3679)->(27,20,12.6858)->(27,21,17.2226)->(26,21,21.7593)->(25,21,23.0772)->(24,21,23.8092)->(23,21,24.5413)->(22,21,25.8591)->(21,21,28.4875)->(21,22,5014.44)->
Agent 99:(0,7,1.3)->(0,8,2.6)->(0,9,7.13205)->(1,9,11.0783)->(2,9,12.3962)->(3,9,13.0783)->(4,9,13.6462)->(5,9,14.1641)->(6,9,14.6641)->(7,9,15.1641)->(8,9,15.6641)->(9,9,16.1821)->(10,9,16.7499)->(11,9,17.4321)->(12,9,18.7499)->(13,9,5009.08)->
Agent 100:(17,8,2.21421)->(17,9,3.84264)->(17,10,5.16048)->(17,11,5.84264)->(17,12,6.41048)->(17,13,6.92843)->(17,14,7.42843)->(17,15,7.92843)->(17,16,8.44638)->(17,17,9.01421)->(17,18,9.69638)->(17,19,11.0142)->(17,20,15.6481)->(16,20,20.2819)->(15,20,21.5998)->(14,20,22.2819)->(13,20,22.8498)->(12,20,23.3677)->(11,20,23.8677)->(10,20,24.3677)->(9,20,24.8677)->(8,20,25.3677)->(7,20,25.8677)->(6,20,26.3857)->(5,20,26.9535)->(4,20,27.6357)->(3,20,28.9535)->(2,20,5014.18)->
Agent 101:(10,16,1.3)->(10,17,2.01421)->(10,18,3.33205)->(10,19,4.01421)->(10,20,4.58205)->(10,21,5.1)->(10,22,5.61795)->(10,23,6.18579)->(10,24,6.86795)->(10,25,8.18579)->(10,26,11.8482)->(9,26,15.5106)->(8,26,16.8284)->(7,26,17.5605)->(6,26,18.2925)->(5,26,19.6103)->(4,26,25.1025)->(5,26,5014.18)->
Agent 102:(2,22,1.4142)->(2,23,2.24261)->(2,24,3.56045)->(2,25,4.2925)->(2,26,5.02455)->(2,27,6.34239)->(2,28,8.62263)->(3,28,10.9029)->(4,28,12.2207)->(5,28,12.9029)->(6,28,13.4707)->(7,28,13.9887)->(8,28,14.4887)->(9,28,14.9887)->(10,28,15.4887)->(11,28,15.9887)->(12,28,16.5066)->(13,28,17.0744)->(14,28,17.7566)->(15,28,19.0744)->(16,28,21.7029)->(16,29,5011.04)->
Agent 103:(4,8,3.76228)->(4,9,6.93877)->(4,10,8.25661)->(4,11,8.93877)->(4,12,9.50661)->(4,13,10.0246)->(4,14,10.5246)->(4,15,11.0246)->(4,16,11.5246)->(4,17,12.0246)->(4,18,12.5246)->(4,19,13.0246)->(4,20,13.5246)->(4,21,14.0246)->(4,22,14.5246)->(4,23,15.0425)->(4,24,15.6103)->(4,25,16.2925)->(4,26,17.6103)->(4,27,19.8477)->(5,27,22.085)->(6,27,23.4028)->(7,27,24.085)->(8,27,24.6528)->(9,27,25.1887)->(10,27,25.7566)->(11,27,26.4387)->(12,27,27.7566)->(13,27,5013.59)->
Agent 104:(16,8,1.8)->(15,8,3.01421)->(14,8,4.34806)->(13,8,5.17649)->(12,8,6.51034)->(11,8,8.72456)->(11,9,10.9388)->(11,10,12.2566)->(11,11,12.9887)->(11,12,13.7207)->(11,13,15.0385)->(11,14,5007.23)->
Agent 105:(28,27,2.82841)->(29,27,10.2321)->(29,26,17.0501)->(29,25,18.3679)->(29,24,19.0597)->(29,23,19.6954)->(29,22,20.3872)->(29,21,21.705)->(29,20,24.3334)->(28,20,5012.36)->
Agent 106:(18,25,2.2)->(18,24,3.81421)->(18,23,5.13205)->(18,22,5.81421)->(18,21,6.4)->(18,20,6.98579)->(18,19,7.66795)->(18,18,8.98579)->(18,17,11.7123)->(17,17,14.4388)->(16,17,15.7566)->(15,17,16.4388)->(14,17,17.0066)->(13,17,17.5246)->(12,17,18.0246)->(11,17,18.5246)->(10,17,19.0246)->(9,17,19.5246)->(8,17,20.0246)->(7,17,20.5246)->(6,17,21.0425)->(5,17,21.6103)->(4,17,22.2925)->(3,17,23.6103)->(2,17,5011.51)->
Agent 107:(19,18,1.3)->(19,19,2.01421)->(19,20,3.33205)->(19,21,4.01421)->(19,22,4.58205)->(19,23,5.1)->(19,24,5.6)->(19,25,6.11795)->(19,26,6.68579)->(19,27,7.36795)->(19,28,8.68579)->(19,29,11.5142)->(18,29,14.3426)->(17,29,15.6605)->(16,29,16.3426)->(15,29,16.9105)->(14,29,17.4464)->(13,29,18.0142)->(12,29,18.6964)->(11,29,20.0142)->(10,29,5009.71)->
Agent 108:(6,23,2.2)->(6,22,3.81421)->(6,21,5.22843)->(6,20,6.64264)->(6,19,10.0407)->(7,19,13.4388)->(8,19,14.7566)->(9,19,15.4388)->(10,19,16.0066)->(11,19,16.5246)->(12,19,17.0246)->(13,19,17.5246)->(14,19,18.0246)->(15,19,18.5246)->(16,19,19.0246)->(17,19,19.5246)->(18,19,20.0246)->(19,19,20.5246)->(20,19,21.0246)->(21,19,21.5425)->(22,19,22.1103)->(23,19,22.7925)->(24,19,24.1103)->(25,19,5011.76)->
Agent 109:(16,7,3.12843)->(16,8,5.67107)->(16,9,6.98891)->(16,10,7.67107)->(16,11,8.23891)->(16,12,8.75685)->(16,13,9.25685)->(16,14,9.75685)->(16,15,10.2569)->(16,16,10.7569)->(16,17,11.2569)->(16,18,11.7569)->(16,19,12.2569)->(16,20,12.7569)->(16,21,13.2569)->(16,22,13.7569)->(16,23,14.2569)->(16,24,14.7569)->(16,25,15.2569)->(16,26,15.7748)->(16,27,16.3426)->(16,28,17.0248)->(16,29,18.3426)->(16,30,20.5569)->(17,30,22.8063)->(18,30,24.8063)->(19,30,5012.13)->
Agent 110:(31,31,2.2)->(31,30,3.81421)->(31,29,5.13205)->(31,28,5.81421)->(31,27,6.38205)->(31,26,6.9)->(31,25,7.4)->(31,24,7.9)->(31,23,8.4)->(31,22,8.9)->(31,21,9.41795)->(31,20,9.98579)->(31,19,10.6679)->(31,18,11.9858)->(31,17,14.2)->(30,17,16.4142)->(29,17,17.7321)->(28,17,18.4142)->(27,17,18.9821)->(26,17,19.5)->(25,17,20)->(24,17,20.5179)->(23,17,21.0858)->(22,17,21.7679)->(21,17,23.0858)->(20,17,5011.25)->
Agent 111:(17,14,3.21421)->(17,15,5.84264)->(17,16,7.16048)->(17,17,7.84264)->(17,18,8.41048)->(17,19,8.92843)->(17,20,9.42843)->(17,21,9.92843)->(17,22,10.4284)->(17,23,10.9284)->(17,24,11.4284)->(17,25,11.9284)->(17,26,12.4284)->(17,27,12.9464)->(17,28,13.5142)->(17,29,14.1964)->(17,30,15.5142)->(17,31,17.7284)->(16,31,19.9426)->(15,31,21.2605)->(14,31,21.9426)->(13,31,22.5105)->(12,31,23.0284)->(11,31,23.5284)->(10,31,24.0284)->(9,31,24.5284)->(8,31,25.0284)->(7,31,25.5464)->(6,31,26.1142)->(5,31,26.7964)->(4,31,28.1142)->(3,31,5013.76)->
Agent 112:(4,22,1.3)->(4,23,2.04949)->(4,24,4.04949)->(4,25,6.71319)->(3,25,13.0618)->(4,25,18.474)->(5,25,20.474)->(6,25,5009.96)->
Agent 113:(2,2,2.2)->(2,1,4.4)->(2,0,7.21228)->(3,0,9.43877)->(4,0,10.7566)->(5,0,11.4388)->(6,0,12.0066)->(7,0,12.5246)->(8,0,13.0246)->(9,0,13.5246)->(10,0,14.0246)->(11,0,14.5246)->(12,0,15.0246)->(13,0,15.5246)->(14,0,16.0246)->(15,0,16.5246)->(16,0,17.0246)->(17,0,17.5246)->(18,0,18.0246)->(19,0,18.5246)->(20,0,19.0425)->(21,0,19.6103)->(22,0,20.2925)->(23,0,21.6103)->(24,0,24.2388)->(24,1,5012.31)->
Agent 114:(31,16,9.5)->(31,17,18.4142)->(31,18,19.7321)->(31,19,20.4142)->(31,20,20.9821)->(31,21,21.5)->(31,22,22)->(31,23,22.5)->(31,24,23)->(31,25,23.5179)->(31,26,24.0858)->(31,27,24.7679)->(31,28,26.0858)->(31,29,5012.75)->
Agent 115:(29,11,1.4142)->(29,12,2.24261)->(29,13,3.56045)->(29,14,4.24261)->(29,15,4.81045)->(29,16,5.3284)->(29,17,5.8284)->(29,18,6.3284)->(29,19,6.8284)->(29,20,7.34635)->(29,21,7.91419)->(29,22,8.59635)->(29,23,9.91419)->(29,24,12.4821)->(28,24,15.0501)->(27,24,16.3679)->(26,24,17.0501)->(25,24,17.6179)->(24,24,18.1359)->(23,24,18.6359)->(22,24,19.1359)->(21,24,19.6359)->(20,24,20.1359)->(19,24,20.6359)->(18,24,21.1359)->(17,24,21.6359)->(16,24,22.1359)->(15,24,22.6538)->(14,24,23.2217)->(13,24,23.9038)->(12,24,25.2217)->(11,24,27.8501)->(11,23,31.4501)->(10,23,34.0785)->(9,23,35.4124)->(8,23,36.2408)->(7,23,37.5747)->(6,23,40.2031)->(6,24,5020.29)->
Agent 116:(9,13,2.4142)->(10,13,4.8284)->(11,13,7.6284)->(11,14,9.84261)->(11,15,11.1765)->(11,16,12.0049)->(11,17,13.3387)->(11,18,5006.38)->
Agent 117:(4,18,2.4142)->(5,18,4.24261)->(6,18,5.57646)->(7,18,6.40489)->(8,18,7.73874)->(9,18,9.95296)->(9,17,12.1672)->(9,16,13.485)->(9,15,14.1672)->(9,14,14.735)->(9,13,15.253)->(9,12,15.753)->(9,11,16.253)->(9,10,16.753)->(9,9,17.253)->(9,8,17.753)->(9,7,18.253)->(9,6,18.753)->(9,5,19.253)->(9,4,19.7709)->(9,3,20.3387)->(9,2,21.0209)->(9,1,22.3387)->(9,0,24.553)->(10,0,26.8024)->(11,0,28.8024)->(12,0,5014.13)->
Agent 118:(26,7,2.3)->(25,7,4.01421)->(24,7,5.33205)->(23,7,6.01421)->(22,7,6.58205)->(21,7,7.1)->(20,7,7.6)->(19,7,8.1)->(18,7,8.6)->(17,7,9.11795)->(16,7,9.68579)->(15,7,10.3679)->(14,7,11.6858)->(13,7,13.9)->(13,8,16.1142)->(13,9,17.4321)->(13,10,18.1142)->(13,11,18.6821)->(13,12,19.2179)->(13,13,19.7858)->(13,14,20.4679)->(13,15,21.7858)->(13,16,5010.6)->
Agent 119:(7,28,1.8)->(8,28,3.01421)->(9,28,4.34806)->(10,28,5.17649)->(11,28,6.51034)->(12,28,8.72456)->(12,27,10.9388)->(12,26,12.2566)->(12,25,12.9388)->(12,24,13.5066)->(12,23,14.0246)->(12,22,14.5246)->(12,21,15.0246)->(12,20,15.5246)->(12,19,16.0246)->(12,18,16.5246)->(12,17,17.0246)->(12,16,17.5425)->(12,15,18.1103)->(12,14,18.7925)->(12,13,20.1103)->(12,12,22.7388)->(13,12,5011.56)->
