Agent 0:(12,8,1.3)->(12,9,2.01421)->(12,10,3.42843)->(12,11,4.84264)->(12,12,12.1228)->(13,12,19.4029)->(14,12,20.7207)->(15,12,21.4029)->(16,12,21.9707)->(17,12,22.4887)->(18,12,22.9887)->(19,12,23.4887)->(20,12,23.9887)->(21,12,24.4887)->(22,12,24.9887)->(23,12,25.4887)->(24,12,25.9887)->(25,12,26.5066)->(26,12,27.0744)->(27,12,27.7566)->(28,12,29.0744)->(29,12,5014.24)->
Agent 1:(13,19,2.21421)->(12,19,6.08941)->(12,20,9.99303)->(12,21,11.3269)->(12,22,12.1553)->(12,23,13.4892)->(12,24,18.9159)->(12,23,24.9284)->(12,22,29.8463)->(13,22,34.7641)->(14,22,5017.38)->
Agent 2:(4,29,1.8)->(5,29,3.01421)->(6,29,4.42843)->(7,29,5.84264)->(8,29,8.47107)->(8,30,12.7784)->(8,29,16.1142)->(8,28,17.4321)->(8,27,18.1142)->(8,26,18.6821)->(8,25,19.2)->(8,24,19.7)->(8,23,20.2)->(8,22,20.7)->(8,21,21.2)->(8,20,21.7)->(8,19,22.2179)->(8,18,22.7858)->(8,17,23.4679)->(8,16,24.7858)->(8,15,27)->(9,15,29.8)->(10,15,32.6284)->(10,14,34.8711)->(10,13,36.1889)->(10,12,36.8711)->(10,11,37.4389)->(10,10,37.9569)->(10,9,38.4748)->(10,8,39.0426)->(10,7,39.7248)->(10,6,41.0426)->(10,5,43.2569)->(9,5,46.0569)->(8,5,49.2711)->(8,4,5024.83)->
Agent 3:(17,21,1.8)->(16,21,3.04949)->(15,21,5.04949)->(14,21,7.29898)->(14,20,9.54847)->(14,19,11.5485)->(14,18,14.2433)->(13,18,16.9029)->(12,18,18.3171)->(11,18,19.7313)->(10,18,22.3597)->(10,17,32.2012)->(10,18,41.0711)->(10,19,42.4853)->(10,20,43.8995)->(10,21,5021.66)->
Agent 4:(15,0,1.8)->(14,0,3.01421)->(13,0,4.33205)->(12,0,5.01421)->(11,0,5.58205)->(10,0,6.1)->(9,0,6.61795)->(8,0,7.18579)->(7,0,7.86795)->(6,0,9.18579)->(5,0,13.2821)->(5,1,17.3783)->(5,2,18.6962)->(5,3,19.3783)->(5,4,19.9462)->(5,5,20.4641)->(5,6,20.9641)->(5,7,21.4641)->(5,8,21.9641)->(5,9,22.4641)->(5,10,22.9641)->(5,11,23.4641)->(5,12,23.9641)->(5,13,24.4641)->(5,14,24.9641)->(5,15,25.4641)->(5,16,25.9641)->(5,17,26.4641)->(5,18,26.9641)->(5,19,27.4641)->(5,20,27.9641)->(5,21,28.4641)->(5,22,28.9821)->(5,23,29.5499)->(5,24,30.2321)->(5,25,31.5499)->(5,26,34.1783)->(6,26,37.7783)->(6,27,40.9925)->(6,28,44.2067)->(5,28,5022.3)->
Agent 5:(14,31,1.8)->(15,31,3.01421)->(16,31,4.33205)->(17,31,5.01421)->(18,31,5.58205)->(19,31,6.1)->(20,31,6.6)->(21,31,7.1)->(22,31,7.6)->(23,31,8.1)->(24,31,8.6)->(25,31,9.1)->(26,31,9.61795)->(27,31,10.1858)->(28,31,10.8679)->(29,31,12.1858)->(30,31,17.1784)->(30,30,22.1711)->(30,29,23.4889)->(30,28,24.1711)->(30,27,24.7389)->(30,26,25.2569)->(30,25,25.7569)->(30,24,26.2569)->(30,23,26.7569)->(30,22,27.2569)->(30,21,27.7569)->(30,20,28.2748)->(30,19,28.8426)->(30,18,29.5248)->(30,17,30.8426)->(30,16,33.4711)->(29,16,5016.93)->
Agent 6:(30,21,2.2)->(30,20,3.81421)->(30,19,5.13205)->(30,18,5.81421)->(30,17,6.38205)->(30,16,6.9)->(30,15,7.4)->(30,14,7.9)->(30,13,8.4)->(30,12,8.9)->(30,11,9.41795)->(30,10,9.98579)->(30,9,10.6679)->(30,8,11.9858)->(30,7,15.6142)->(29,7,19.2426)->(28,7,20.5605)->(27,7,21.2426)->(26,7,21.8105)->(25,7,22.3284)->(24,7,22.8284)->(23,7,23.3284)->(22,7,23.8284)->(21,7,24.3284)->(20,7,24.8284)->(19,7,25.3284)->(18,7,25.8284)->(17,7,26.3284)->(16,7,26.8284)->(15,7,27.3464)->(14,7,27.9142)->(13,7,28.5964)->(12,7,29.9142)->(11,7,32.5426)->(11,6,5016.46)->
Agent 7:(24,30,1.8)->(25,30,3.04949)->(26,30,5.04949)->(27,30,7.29898)->(27,29,10.099)->(27,28,5005.05)->
Agent 8:(30,26,2.2)->(30,25,3.81421)->(30,24,5.13205)->(30,23,5.8641)->(30,22,6.59615)->(30,21,7.91399)->(30,20,14.3425)->(29,20,20.7711)->(28,20,22.0889)->(27,20,22.7711)->(26,20,23.3389)->(25,20,23.8748)->(24,20,24.4426)->(23,20,25.1248)->(22,20,26.4426)->(21,20,31.0069)->(21,21,36.1569)->(21,22,5018.08)->
Agent 9:(18,4,1.8)->(17,4,3.01421)->(16,4,4.42843)->(15,4,5.84264)->(14,4,8.05685)->(14,5,10.2711)->(14,6,11.5889)->(14,7,12.2711)->(14,8,12.8389)->(14,9,13.3569)->(14,10,13.8569)->(14,11,14.3569)->(14,12,14.8569)->(14,13,15.3569)->(14,14,15.8748)->(14,15,16.4426)->(14,16,17.1248)->(14,17,18.4426)->(14,18,23.2547)->(13,18,28.0668)->(12,18,29.3846)->(11,18,30.0764)->(10,18,30.7121)->(9,18,31.4038)->(8,18,32.7217)->(7,18,35.3501)->(7,17,39.7643)->(7,18,5020.48)->
Agent 10:(6,5,3.26846)->(5,5,5.98641)->(4,5,7.98641)->(3,5,11.8964)->(3,6,15.7711)->(3,7,17.0889)->(3,8,17.7711)->(3,9,18.3389)->(3,10,18.8569)->(3,11,19.3569)->(3,12,19.8569)->(3,13,20.3569)->(3,14,20.8569)->(3,15,21.3569)->(3,16,21.8569)->(3,17,22.3748)->(3,18,22.9426)->(3,19,23.6248)->(3,20,24.9426)->(3,21,27.1569)->(2,21,29.9569)->(1,21,39.8043)->(2,21,49.6517)->(3,21,5024.83)->
Agent 11:(17,15,2.70556)->(16,15,4.82533)->(15,15,6.15918)->(14,15,6.98761)->(13,15,8.32146)->(12,15,10.9499)->(12,14,14.9641)->(11,14,24.0188)->(11,13,31.6878)->(11,12,33.0056)->(11,11,33.6974)->(11,10,34.333)->(11,9,35.0248)->(11,8,36.3426)->(11,7,5017.88)->
Agent 12:(5,9,1.8)->(6,9,3.01421)->(7,9,4.33205)->(8,9,5.0641)->(9,9,5.79615)->(10,9,7.11399)->(11,9,9.3282)->(11,10,11.5424)->(11,11,12.8603)->(11,12,13.5424)->(11,13,14.1282)->(11,14,14.714)->(11,15,15.3962)->(11,16,16.714)->(11,17,24.6463)->(11,16,32.5785)->(11,15,33.9928)->(11,14,35.407)->(11,13,5017.41)->
Agent 13:(17,20,5.55)->(16,20,10.5142)->(15,20,11.8321)->(14,20,12.5142)->(13,20,13.0821)->(12,20,13.6)->(11,20,14.1)->(10,20,14.6)->(9,20,15.1)->(8,20,15.6179)->(7,20,16.1858)->(6,20,16.8679)->(5,20,18.1858)->(4,20,20.4)->(4,19,22.6142)->(4,18,23.9321)->(4,17,24.6142)->(4,16,25.1821)->(4,15,25.7179)->(4,14,26.2858)->(4,13,26.9679)->(4,12,28.2858)->(4,11,5013.85)->
Agent 14:(0,27,1.8)->(1,27,3.01421)->(2,27,4.42843)->(3,27,5.84264)->(4,27,9.05685)->(4,26,12.2711)->(4,25,13.5889)->(4,24,14.2711)->(4,23,14.8389)->(4,22,15.3569)->(4,21,15.8569)->(4,20,16.3569)->(4,19,16.8569)->(4,18,17.3569)->(4,17,17.8569)->(4,16,18.3569)->(4,15,18.8569)->(4,14,19.3569)->(4,13,19.8748)->(4,12,20.4426)->(4,11,21.1248)->(4,10,22.4426)->(4,9,29.8537)->(5,9,37.2648)->(6,9,38.5827)->(7,9,39.2648)->(8,9,39.8327)->(9,9,40.3506)->(10,9,40.8506)->(11,9,41.3506)->(12,9,41.8506)->(13,9,42.3506)->(14,9,42.8506)->(15,9,43.3506)->(16,9,43.8506)->(17,9,44.3506)->(18,9,44.8686)->(19,9,45.4364)->(20,9,46.1186)->(21,9,47.4364)->(22,9,50.0648)->(22,8,5025.23)->
Agent 15:(3,24,3.21421)->(3,23,5.84264)->(3,22,7.16048)->(3,21,7.85225)->(3,20,8.48792)->(3,19,9.17969)->(3,18,10.4975)->(3,17,13.2201)->(4,17,15.9426)->(5,17,17.2605)->(6,17,17.9925)->(7,17,18.7246)->(8,17,20.0424)->(9,17,5009.73)->
Agent 16:(13,16,1.8)->(12,16,3.01421)->(11,16,4.33205)->(10,16,5.01421)->(9,16,5.6)->(8,16,6.18579)->(7,16,6.86795)->(6,16,8.18579)->(5,16,10.8142)->(5,15,16.5284)->(4,15,21.3063)->(3,15,23.3063)->(2,15,25.97)->(2,16,5013.18)->
Agent 17:(3,22,3.20362)->(4,22,5.82146)->(5,22,7.1393)->(6,22,7.82146)->(7,22,8.3893)->(8,22,8.90725)->(9,22,9.40725)->(10,22,9.90725)->(11,22,10.4072)->(12,22,10.9072)->(13,22,11.4252)->(14,22,11.993)->(15,22,12.6752)->(16,22,13.993)->(17,22,20.8678)->(17,21,27.7426)->(17,20,29.0605)->(17,19,29.7426)->(17,18,30.3105)->(17,17,30.8284)->(17,16,31.3284)->(17,15,31.8284)->(17,14,32.3284)->(17,13,32.8284)->(17,12,33.3284)->(17,11,33.8284)->(17,10,34.3284)->(17,9,34.8284)->(17,8,35.3284)->(17,7,35.8284)->(17,6,36.3284)->(17,5,36.8464)->(17,4,37.4142)->(17,3,38.0964)->(17,2,39.4142)->(17,1,41.6284)->(18,1,43.8426)->(19,1,45.1765)->(20,1,46.0049)->(21,1,47.3388)->(22,1,5023.38)->
Agent 18:(28,5,1.71421)->(28,6,3.91421)->(27,6,6.64264)->(26,6,8.05685)->(25,6,9.47107)->(24,6,11.7426)->(24,7,14.0142)->(24,8,15.4284)->(24,9,16.8426)->(24,10,20.2069)->(23,10,24.7443)->(23,11,27.5744)->(23,12,28.9887)->(23,13,30.4029)->(23,14,5014.91)->
Agent 19:(16,17,2.21421)->(15,17,5.22843)->(15,16,9.24264)->(14,16,12.4569)->(13,16,15.2569)->(13,15,18.0569)->(13,14,20.8569)->(14,14,23.6569)->(15,14,26.4569)->(15,13,28.6711)->(15,12,30.0853)->(15,11,31.4995)->(15,10,33.7137)->(16,10,36.5137)->(17,10,42.0964)->(17,9,5022.43)->
Agent 20:(2,17,2.26806)->(3,17,3.95034)->(4,17,5.26817)->(5,17,6.00022)->(6,17,6.73227)->(7,17,8.05011)->(8,17,10.2643)->(8,16,12.4785)->(8,15,13.7964)->(8,14,14.4785)->(8,13,15.0643)->(8,12,15.6501)->(8,11,16.3323)->(8,10,17.6501)->(8,9,21.4407)->(9,9,26.6171)->(9,10,5013.71)->
Agent 21:(14,11,1.3)->(14,12,2.01421)->(14,13,3.33205)->(14,14,4.0641)->(14,15,4.79615)->(14,16,6.11399)->(14,17,9.67832)->(15,17,13.2426)->(16,17,14.5605)->(17,17,15.2426)->(18,17,15.8105)->(19,17,16.3284)->(20,17,16.8284)->(21,17,17.3284)->(22,17,17.8284)->(23,17,18.3284)->(24,17,18.8284)->(25,17,19.3464)->(26,17,19.9142)->(27,17,20.5964)->(28,17,21.9142)->(29,17,24.1284)->(29,18,26.3426)->(29,19,27.6605)->(29,20,28.3426)->(29,21,28.9284)->(29,22,29.5142)->(29,23,30.1964)->(29,24,31.5142)->(29,25,34.1426)->(30,25,5017.26)->
Agent 22:(20,14,1.8)->(19,14,3.01421)->(18,14,4.33205)->(17,14,5.01421)->(16,14,5.58205)->(15,14,6.11795)->(14,14,6.68579)->(13,14,7.36795)->(12,14,8.68579)->(11,14,10.9)->(11,15,13.1142)->(11,16,14.4321)->(11,17,15.1142)->(11,18,15.6821)->(11,19,16.2)->(11,20,16.7)->(11,21,17.2179)->(11,22,17.7858)->(11,23,18.4679)->(11,24,19.7858)->(11,25,22.4142)->(10,25,5011.4)->
Agent 23:(23,27,1.8)->(22,27,3.6)->(21,27,6.59039)->(21,26,8.995)->(21,25,10.3128)->(21,24,11.0046)->(21,23,11.6403)->(21,22,12.3321)->(21,21,13.6499)->(21,20,15.8641)->(20,20,18.0783)->(19,20,19.3962)->(18,20,20.0783)->(17,20,20.6462)->(16,20,21.1641)->(15,20,21.6641)->(14,20,22.1641)->(13,20,22.6821)->(12,20,23.2499)->(11,20,23.9321)->(10,20,25.2499)->(9,20,27.8783)->(9,21,5014.13)->
Agent 24:(21,16,2.2)->(21,15,3.81421)->(21,14,5.13205)->(21,13,5.81421)->(21,12,6.38205)->(21,11,6.9)->(21,10,7.4)->(21,9,7.9)->(21,8,8.4)->(21,7,8.9)->(21,6,9.4)->(21,5,9.9)->(21,4,10.4179)->(21,3,10.9858)->(21,2,11.6679)->(21,1,12.9858)->(21,0,15.2)->(22,0,17.4495)->(23,0,19.4495)->(24,0,26.1637)->(23,0,32.8426)->(22,0,34.1605)->(21,0,34.8426)->(20,0,35.4284)->(19,0,36.0142)->(18,0,36.6964)->(17,0,38.0142)->(16,0,5018.71)->
Agent 25:(18,27,2.21421)->(17,27,4.96421)->(17,26,7.74264)->(17,25,9.06048)->(17,24,9.74264)->(17,23,10.3105)->(17,22,10.8284)->(17,21,11.3284)->(17,20,11.8284)->(17,19,12.3284)->(17,18,12.8284)->(17,17,13.3284)->(17,16,13.8284)->(17,15,14.3284)->(17,14,14.8284)->(17,13,15.3464)->(17,12,15.9142)->(17,11,16.5964)->(17,10,17.9142)->(17,9,22.1585)->(16,9,26.4029)->(15,9,27.7207)->(14,9,28.4125)->(13,9,29.0482)->(12,9,29.7399)->(11,9,31.0578)->(10,9,33.272)->(10,8,35.4862)->(10,7,36.82)->(10,6,37.6485)->(10,5,38.9823)->(10,4,5019.2)->
Agent 26:(18,22,2.61421)->(18,21,5.61421)->(17,21,8.82843)->(16,21,13.6585)->(16,20,17.9029)->(16,19,19.2207)->(16,18,19.9029)->(16,17,20.4707)->(16,16,20.9887)->(16,15,21.4887)->(16,14,21.9887)->(16,13,22.4887)->(16,12,22.9887)->(16,11,23.4887)->(16,10,23.9887)->(16,9,24.4887)->(16,8,24.9887)->(16,7,25.4887)->(16,6,26.0066)->(16,5,26.5744)->(16,4,27.2566)->(16,3,28.5744)->(16,2,31.2029)->(15,2,35.7085)->(15,1,39.8284)->(15,0,43.0426)->(14,0,5021.71)->
Agent 27:(13,3,1.8)->(14,3,3.01421)->(15,3,4.33205)->(16,3,5.0641)->(17,3,5.79615)->(18,3,7.11399)->(19,3,9.3282)->(19,4,11.5424)->(19,5,12.8603)->(19,6,13.5424)->(19,7,14.1103)->(19,8,14.6282)->(19,9,15.1282)->(19,10,15.6282)->(19,11,16.1282)->(19,12,16.6282)->(19,13,17.1282)->(19,14,17.6462)->(19,15,18.214)->(19,16,18.8962)->(19,17,20.214)->(19,18,22.4282)->(20,18,24.6777)->(21,18,26.6777)->(22,18,28.9272)->(22,19,31.1414)->(22,20,32.4592)->(22,21,33.1414)->(22,22,33.7092)->(22,23,34.2451)->(22,24,34.813)->(22,25,35.4951)->(22,26,36.813)->(22,27,39.4414)->(21,27,5019.91)->
Agent 28:(7,28,2.4142)->(6,28,4.24261)->(5,28,5.56045)->(4,28,6.2925)->(3,28,7.02455)->(2,28,8.34239)->(1,28,10.5566)->(1,27,12.7708)->(1,26,14.0887)->(1,25,14.7708)->(1,24,15.3387)->(1,23,15.8566)->(1,22,16.3566)->(1,21,16.8566)->(1,20,17.3566)->(1,19,17.8566)->(1,18,18.3566)->(1,17,18.8566)->(1,16,19.3566)->(1,15,19.8566)->(1,14,20.3566)->(1,13,20.8566)->(1,12,21.3566)->(1,11,21.8566)->(1,10,22.3566)->(1,9,22.8566)->(1,8,23.3746)->(1,7,23.9424)->(1,6,24.6246)->(1,5,25.9424)->(1,4,28.1566)->(2,4,30.4061)->(3,4,32.4061)->(4,4,5015.93)->
Agent 29:(12,29,1.71421)->(12,30,4.97843)->(13,30,8.77107)->(14,30,10.0889)->(15,30,10.7711)->(16,30,11.3389)->(17,30,11.8569)->(18,30,12.3569)->(19,30,12.8569)->(20,30,13.3569)->(21,30,13.8569)->(22,30,14.3569)->(23,30,14.8569)->(24,30,15.3569)->(25,30,15.8748)->(26,30,16.4426)->(27,30,17.1248)->(28,30,18.4426)->(29,30,20.6569)->(29,29,23.4569)->(29,28,5011.73)->
Agent 30:(14,8,1.71421)->(14,9,4.22843)->(15,9,10.7284)->(15,10,15.8426)->(15,11,17.1605)->(15,12,17.8426)->(15,13,18.4284)->(15,14,19.0142)->(15,15,19.6963)->(15,16,21.0142)->(15,17,25.5926)->(14,17,5013.96)->
Agent 31:(0,17,1.3)->(0,18,2.01421)->(0,19,3.33205)->(0,20,4.0641)->(0,21,4.79615)->(0,22,6.11399)->(0,23,9.8641)->(1,23,13.6142)->(2,23,14.9321)->(3,23,15.6142)->(4,23,16.1821)->(5,23,16.7)->(6,23,17.2)->(7,23,17.7)->(8,23,18.2)->(9,23,18.7)->(10,23,19.2)->(11,23,19.7)->(12,23,20.2179)->(13,23,20.7858)->(14,23,21.4679)->(15,23,22.7858)->(16,23,25.4142)->(16,22,29.4784)->(17,22,32.5711)->(18,22,33.8889)->(19,22,34.5711)->(20,22,35.1389)->(21,22,35.6569)->(22,22,36.1748)->(23,22,36.7426)->(24,22,37.4248)->(25,22,38.7426)->(26,22,40.9569)->(26,23,43.7569)->(26,24,46.5569)->(27,24,48.7711)->(28,24,50.1853)->(29,24,51.5995)->(30,24,5025.51)->
Agent 32:(24,25,2.61421)->(24,24,6.55051)->(23,24,10.1505)->(22,24,12.1505)->(21,24,14.4)->(21,23,16.6142)->(21,22,17.9321)->(21,21,18.6142)->(21,20,19.2)->(21,19,19.7858)->(21,18,20.4679)->(21,17,21.7858)->(21,16,26)->(20,16,30.2142)->(19,16,31.5321)->(18,16,32.2142)->(17,16,32.7821)->(16,16,33.3)->(15,16,33.8)->(14,16,34.3)->(13,16,34.8)->(12,16,35.3)->(11,16,35.8)->(10,16,36.3)->(9,16,36.8179)->(8,16,37.3858)->(7,16,38.0679)->(6,16,39.3858)->(5,16,41.6)->(5,15,43.8142)->(5,14,45.1321)->(5,13,45.8142)->(5,12,46.4)->(5,11,46.9858)->(5,10,47.6679)->(5,9,48.9858)->(5,8,51.6142)->(6,8,5026)->
Agent 33:(9,20,2.61421)->(9,19,6.02843)->(8,19,11.8784)->(9,19,5007.05)->
Agent 34:(8,30,2.74949)->(7,30,4.91319)->(6,30,6.23103)->(5,30,6.9228)->(4,30,7.55847)->(3,30,8.25024)->(2,30,9.56808)->(1,30,11.7823)->(1,29,13.9965)->(1,28,15.3143)->(1,27,15.9965)->(1,26,16.5643)->(1,25,17.0823)->(1,24,17.5823)->(1,23,18.0823)->(1,22,18.5823)->(1,21,19.0823)->(1,20,19.5823)->(1,19,20.0823)->(1,18,20.5823)->(1,17,21.0823)->(1,16,21.5823)->(1,15,22.0823)->(1,14,22.5823)->(1,13,23.1002)->(1,12,23.6681)->(1,11,24.3502)->(1,10,25.6681)->(1,9,27.8823)->(2,9,30.6823)->(3,9,33.4823)->(3,8,35.6965)->(3,7,37.0143)->(3,6,37.6965)->(3,5,38.2643)->(3,4,38.8002)->(3,3,39.3681)->(3,2,40.0502)->(3,1,41.3681)->(3,0,43.9965)->(4,0,48.0107)->(4,1,5024.41)->
Agent 35:(2,23,1.8)->(3,23,3.01421)->(4,23,4.33205)->(5,23,5.01421)->(6,23,5.6)->(7,23,6.18579)->(8,23,6.86795)->(9,23,8.18579)->(10,23,10.9358)->(10,22,13.6858)->(10,21,15.0036)->(10,20,15.6858)->(10,19,16.2536)->(10,18,16.7716)->(10,17,17.2716)->(10,16,17.7716)->(10,15,18.2716)->(10,14,18.7716)->(10,13,19.2716)->(10,12,19.7716)->(10,11,20.2716)->(10,10,20.7716)->(10,9,21.2716)->(10,8,21.7895)->(10,7,22.3574)->(10,6,23.0395)->(10,5,24.3574)->(10,4,26.5716)->(11,4,28.8211)->(12,4,30.8211)->(13,4,33.1)->(13,3,35.3789)->(13,2,37.3789)->(13,1,39.9928)->(14,1,42.5713)->(15,1,43.8891)->(16,1,44.6212)->(17,1,45.3532)->(18,1,46.6711)->(19,1,5023.04)->
Agent 36:(18,5,4.55)->(18,6,8.51421)->(18,7,9.83205)->(18,8,10.5142)->(18,9,11.0821)->(18,10,11.6)->(18,11,12.1179)->(18,12,12.6858)->(18,13,13.3679)->(18,14,14.6858)->(18,15,17.3142)->(17,15,21.8642)->(18,15,26.4142)->(18,16,29.6284)->(18,17,5014.81)->
Agent 37:(25,9,2.2)->(25,8,3.81421)->(25,7,5.22843)->(25,6,6.64264)->(25,5,9.07843)->(24,5,11.5142)->(23,5,12.8321)->(22,5,13.5641)->(21,5,14.2962)->(20,5,15.614)->(19,5,18.2424)->(19,4,23.1821)->(19,5,27.7359)->(19,6,5013.87)->
Agent 38:(6,13,2.2)->(6,12,3.81421)->(6,11,5.13205)->(6,10,5.81421)->(6,9,6.38205)->(6,8,6.9)->(6,7,7.41795)->(6,6,7.98579)->(6,5,8.66795)->(6,4,9.98579)->(6,3,15.05)->(7,3,20.1142)->(8,3,21.4321)->(9,3,22.1142)->(10,3,22.7)->(11,3,23.2858)->(12,3,23.9679)->(13,3,25.2858)->(14,3,27.9142)->(14,2,5014.15)->
Agent 39:(27,14,2.2)->(27,13,3.81421)->(27,12,5.13205)->(27,11,5.81421)->(27,10,6.4)->(27,9,6.98579)->(27,8,7.66795)->(27,7,8.98579)->(27,6,13.4443)->(26,6,17.9029)->(25,6,19.2207)->(24,6,19.9029)->(23,6,20.4707)->(22,6,20.9887)->(21,6,21.4887)->(20,6,21.9887)->(19,6,22.4887)->(18,6,22.9887)->(17,6,23.4887)->(16,6,24.0066)->(15,6,24.5744)->(14,6,25.2566)->(13,6,26.5744)->(12,6,5012.99)->
Agent 40:(16,26,1.71421)->(16,27,6.71421)->(16,26,12.2426)->(16,25,13.6569)->(16,24,15.0711)->(16,23,17.6995)->(17,23,24.2069)->(17,22,29.7426)->(17,21,31.0605)->(17,20,31.7426)->(17,19,32.3105)->(17,18,32.8284)->(17,17,33.3284)->(17,16,33.8464)->(17,15,34.4142)->(17,14,35.0964)->(17,13,36.4142)->(17,12,39.0426)->(18,12,5019.71)->
Agent 41:(12,23,2.21421)->(13,23,5.02256)->(13,24,7.85933)->(13,25,9.17716)->(13,26,9.86893)->(13,27,10.5046)->(13,28,11.1964)->(13,29,12.5142)->(13,30,16.5732)->(14,30,20.6322)->(15,30,21.95)->(16,30,22.6322)->(17,30,23.2)->(18,30,23.718)->(19,30,24.218)->(20,30,24.718)->(21,30,25.218)->(22,30,25.7359)->(23,30,26.3038)->(24,30,26.9859)->(25,30,28.3038)->(26,30,30.518)->(26,29,32.7322)->(26,28,34.05)->(26,27,34.7322)->(26,26,35.3)->(26,25,35.818)->(26,24,36.318)->(26,23,36.818)->(26,22,37.318)->(26,21,37.818)->(26,20,38.3359)->(26,19,38.9038)->(26,18,39.5859)->(26,17,40.9038)->(26,16,43.5322)->(27,16,5021.96)->
Agent 42:(6,16,2.2)->(6,15,3.81421)->(6,14,5.14806)->(6,13,5.97649)->(6,12,7.31034)->(6,11,9.93877)->(7,11,13.5388)->(7,10,16.1672)->(7,9,17.485)->(7,8,18.1768)->(7,7,18.8125)->(7,6,19.5042)->(7,5,20.8221)->(7,4,23.5466)->(6,4,27.6569)->(6,3,5014.23)->
Agent 43:(20,8,2.03205)->(20,9,3.47832)->(20,10,4.79615)->(20,11,5.47832)->(20,12,6.04615)->(20,13,6.5641)->(20,14,7.08205)->(20,15,7.64989)->(20,16,8.33205)->(20,17,9.64989)->(20,18,11.8641)->(19,18,14.1136)->(18,18,16.1136)->(17,18,18.7773)->(17,19,22.7915)->(16,19,32.4421)->(16,20,5019.23)->
Agent 44:(24,31,2.21421)->(25,31,4.81421)->(25,30,7.47792)->(25,29,9.47792)->(25,28,19.3227)->(25,29,29.718)->(25,30,5014.86)->
Agent 45:(30,17,2.2)->(30,16,3.81421)->(30,15,5.13205)->(30,14,5.81421)->(30,13,6.38205)->(30,12,6.9)->(30,11,7.4)->(30,10,7.9)->(30,9,8.4)->(30,8,8.9)->(30,7,9.4)->(30,6,9.91795)->(30,5,10.4858)->(30,4,11.1679)->(30,3,12.4858)->(30,2,15.0963)->(29,2,17.7067)->(28,2,19.0246)->(27,2,19.7067)->(26,2,20.2746)->(25,2,20.7925)->(24,2,21.2925)->(23,2,21.7925)->(22,2,22.2925)->(21,2,22.7925)->(20,2,23.2925)->(19,2,23.7925)->(18,2,24.2925)->(17,2,24.7925)->(16,2,25.2925)->(15,2,25.8105)->(14,2,26.3783)->(13,2,27.0605)->(12,2,28.3783)->(11,2,33.2247)->(11,1,39.0426)->(10,1,41.6711)->(9,1,42.9889)->(8,1,43.6711)->(7,1,44.2389)->(6,1,44.7569)->(5,1,45.2569)->(4,1,45.7748)->(3,1,46.3426)->(2,1,47.0248)->(1,1,48.3426)->(0,1,5023.88)->
Agent 46:(26,8,1.3)->(26,9,2.01421)->(26,10,3.34806)->(26,11,4.17649)->(26,12,5.51034)->(26,13,8.13877)->(27,13,11.7388)->(27,14,14.4025)->(27,15,16.4025)->(27,16,18.652)->(26,16,21.452)->(25,16,24.252)->(25,17,26.4662)->(25,18,27.8804)->(25,19,29.2946)->(25,20,5014.35)->
Agent 47:(16,24,2.61784)->(16,23,4.64989)->(16,22,5.96773)->(16,21,6.64989)->(16,20,7.21773)->(16,19,7.73567)->(16,18,8.23567)->(16,17,8.73567)->(16,16,9.23567)->(16,15,9.73567)->(16,14,10.2357)->(16,13,10.7357)->(16,12,11.2357)->(16,11,11.7357)->(16,10,12.2357)->(16,9,12.7357)->(16,8,13.2357)->(16,7,13.7536)->(16,6,14.3215)->(16,5,15.0036)->(16,4,16.3215)->(16,3,18.9499)->(15,3,22.9641)->(15,4,5011.88)->
Agent 48:(20,15,2.55)->(20,16,4.51421)->(20,17,5.83205)->(20,18,6.51421)->(20,19,7.08205)->(20,20,7.6)->(20,21,8.1)->(20,22,8.6)->(20,23,9.1)->(20,24,9.61795)->(20,25,10.1858)->(20,26,10.8679)->(20,27,12.1858)->(20,28,14.4)->(19,28,16.6142)->(18,28,17.9321)->(17,28,18.6238)->(16,28,19.2595)->(15,28,19.9513)->(14,28,21.2691)->(13,28,5010.34)->
Agent 49:(4,18,4.00011)->(4,17,7.41444)->(4,16,8.73227)->(4,15,9.41444)->(4,14,9.98227)->(4,13,10.5002)->(4,12,11.0002)->(4,11,11.5002)->(4,10,12.0002)->(4,9,12.5002)->(4,8,13.0002)->(4,7,13.5002)->(4,6,14.0002)->(4,5,14.5002)->(4,4,15.0182)->(4,3,15.586)->(4,2,16.2682)->(4,1,17.586)->(4,0,19.8002)->(5,0,22.0144)->(6,0,23.3323)->(7,0,24.0144)->(8,0,24.6002)->(9,0,25.186)->(10,0,25.8682)->(11,0,27.186)->(12,0,29.4002)->(12,1,32.2002)->(12,2,38.1785)->(12,1,5020.66)->
Agent 50:(13,12,1.95362)->(13,13,3.32146)->(13,14,4.6393)->(13,15,5.32146)->(13,16,5.8893)->(13,17,6.40725)->(13,18,6.90725)->(13,19,7.40725)->(13,20,7.90725)->(13,21,8.40725)->(13,22,8.90725)->(13,23,9.4252)->(13,24,9.99303)->(13,25,10.6752)->(13,26,11.993)->(13,27,14.2072)->(12,27,16.4215)->(11,27,17.7393)->(10,27,18.4215)->(9,27,19.0072)->(8,27,19.593)->(7,27,20.2752)->(6,27,21.593)->(5,27,5010.5)->
Agent 51:(29,14,2.2)->(29,13,3.81421)->(29,12,5.13205)->(29,11,5.81421)->(29,10,6.38205)->(29,9,6.9)->(29,8,7.4)->(29,7,7.9)->(29,6,8.41795)->(29,5,8.98579)->(29,4,9.66795)->(29,3,10.9858)->(29,2,13.2)->(28,2,15.4142)->(27,2,16.7321)->(26,2,17.4142)->(25,2,17.9821)->(24,2,18.5)->(23,2,19)->(22,2,19.5)->(21,2,20)->(20,2,20.5)->(19,2,21)->(18,2,21.5)->(17,2,22)->(16,2,22.5)->(15,2,23)->(14,2,23.5)->(13,2,24)->(12,2,24.5)->(11,2,25)->(10,2,25.5)->(9,2,26.0179)->(8,2,26.5858)->(7,2,27.2679)->(6,2,28.5858)->(5,2,31.2142)->(5,3,5015.8)->
Agent 52:(28,3,1.8)->(27,3,3.6)->(26,3,6.4)->(26,4,8.61421)->(26,5,9.93205)->(26,6,10.6142)->(26,7,11.1821)->(26,8,11.7)->(26,9,12.2)->(26,10,12.7179)->(26,11,13.2858)->(26,12,13.9679)->(26,13,15.2858)->(26,14,17.9142)->(27,14,26.2784)->(27,15,5015.71)->
Agent 53:(18,24,1.8)->(18,25,3.01421)->(18,26,4.42843)->(18,27,5.84264)->(18,28,8.05685)->(17,28,10.2711)->(16,28,11.5889)->(15,28,12.2807)->(14,28,12.9163)->(13,28,13.6081)->(12,28,14.926)->(11,28,17.1402)->(11,29,19.9402)->(11,30,5009.97)->
Agent 54:(23,30,5.41421)->(23,29,10.2426)->(23,28,11.5605)->(23,27,12.2426)->(23,26,12.8105)->(23,25,13.3284)->(23,24,13.8284)->(23,23,14.3284)->(23,22,14.8284)->(23,21,15.3284)->(23,20,15.8284)->(23,19,16.3284)->(23,18,16.8284)->(23,17,17.3284)->(23,16,17.8284)->(23,15,18.3284)->(23,14,18.8284)->(23,13,19.3284)->(23,12,19.8284)->(23,11,20.3284)->(23,10,20.8284)->(23,9,21.3284)->(23,8,21.8284)->(23,7,22.3284)->(23,6,22.8284)->(23,5,23.3284)->(23,4,23.8464)->(23,3,24.4142)->(23,2,25.0964)->(23,1,26.4142)->(23,0,28.6284)->(22,0,30.8426)->(21,0,32.1605)->(20,0,32.8426)->(19,0,33.4105)->(18,0,33.9284)->(17,0,34.4284)->(16,0,34.9284)->(15,0,35.4284)->(14,0,35.9284)->(13,0,36.4284)->(12,0,36.9284)->(11,0,37.4464)->(10,0,38.0142)->(9,0,38.6964)->(8,0,40.0142)->(7,0,5019.71)->
Agent 55:(6,28,1.3)->(6,29,2.04949)->(6,30,4.04949)->(6,31,6.29898)->(5,31,9.09898)->(4,31,12.4353)->(4,30,15.1858)->(4,29,16.5036)->(4,28,17.2357)->(4,27,17.9677)->(4,26,19.2856)->(4,25,24.5782)->(4,26,5013.81)->
Agent 56:(1,11,1.8)->(2,11,3.01421)->(3,11,4.42843)->(4,11,5.84264)->(5,11,8.05685)->(5,12,10.3063)->(5,13,12.3063)->(5,14,16.7206)->(6,14,5009.43)->
Agent 57:(23,1,1.8)->(22,1,3.01421)->(21,1,4.33205)->(20,1,5.01421)->(19,1,5.58205)->(18,1,6.1)->(17,1,6.6)->(16,1,7.1)->(15,1,7.6)->(14,1,8.1)->(13,1,8.61795)->(12,1,9.18579)->(11,1,9.86795)->(10,1,11.1858)->(9,1,13.5443)->(9,2,15.9029)->(9,3,17.2207)->(9,4,17.9029)->(9,5,18.4707)->(9,6,19.0066)->(9,7,19.5744)->(9,8,20.2566)->(9,9,21.5744)->(9,10,23.7887)->(8,10,26.0029)->(7,10,27.3207)->(6,10,28.0528)->(5,10,28.7848)->(4,10,30.1026)->(3,10,36.5862)->(3,11,43.0698)->(3,12,44.3877)->(3,13,45.0698)->(3,14,45.6377)->(3,15,46.1736)->(3,16,46.7414)->(3,17,47.4236)->(3,18,48.7414)->(3,19,5024.08)->
Agent 58:(28,15,2.2)->(28,14,3.81421)->(28,13,5.13205)->(28,12,5.82382)->(28,11,6.45949)->(28,10,7.15126)->(28,9,8.4691)->(28,8,10.6833)->(29,8,13.4833)->(30,8,5006.74)->
Agent 59:(31,2,1.3)->(31,3,2.01421)->(31,4,3.33205)->(31,5,4.01421)->(31,6,4.58205)->(31,7,5.1)->(31,8,5.6)->(31,9,6.11795)->(31,10,6.68579)->(31,11,7.36795)->(31,12,8.68579)->(31,13,16.1926)->(30,13,23.6995)->(29,13,25.0173)->(28,13,25.6995)->(27,13,26.2673)->(26,13,26.7853)->(25,13,27.2853)->(24,13,27.7853)->(23,13,28.2853)->(22,13,28.7853)->(21,13,29.2853)->(20,13,29.7853)->(19,13,30.2853)->(18,13,30.7853)->(17,13,31.2853)->(16,13,31.7853)->(15,13,32.2853)->(14,13,32.7853)->(13,13,33.2853)->(12,13,33.7853)->(11,13,34.3032)->(10,13,34.8711)->(9,13,35.5532)->(8,13,36.8711)->(7,13,39.0853)->(7,14,41.8853)->(7,15,5020.94)->
Agent 60:(23,29,2.2)->(23,28,3.81421)->(23,27,5.13205)->(23,26,5.81421)->(23,25,6.38205)->(23,24,6.9)->(23,23,7.4)->(23,22,7.9)->(23,21,8.4)->(23,20,8.9)->(23,19,9.4)->(23,18,9.91795)->(23,17,10.4858)->(23,16,11.1679)->(23,15,12.4858)->(23,14,15.1142)->(24,14,5007.75)->
Agent 61:(27,27,5.68216)->(26,27,10.7785)->(25,27,12.0964)->(24,27,12.7785)->(23,27,13.3464)->(22,27,13.8643)->(21,27,14.3643)->(20,27,14.8643)->(19,27,15.3643)->(18,27,15.8643)->(17,27,16.3643)->(16,27,16.8643)->(15,27,17.3643)->(14,27,17.8643)->(13,27,18.3643)->(12,27,18.8643)->(11,27,19.3823)->(10,27,19.9501)->(9,27,20.6323)->(8,27,21.9501)->(7,27,24.1643)->(7,26,26.3785)->(7,25,27.6964)->(7,24,28.3785)->(7,23,28.9464)->(7,22,29.4643)->(7,21,29.9643)->(7,20,30.4643)->(7,19,30.9823)->(7,18,31.5501)->(7,17,32.2323)->(7,16,33.5501)->(7,15,35.7643)->(6,15,37.9785)->(5,15,39.2964)->(4,15,39.9881)->(3,15,40.6238)->(2,15,41.3156)->(1,15,42.6334)->(0,15,5021.02)->
Agent 62:(21,26,2.21421)->(22,26,4.81421)->(22,25,7.44264)->(22,24,8.76048)->(22,23,9.49253)->(22,22,10.2246)->(22,21,11.5424)->(22,20,14.5708)->(22,21,22.5247)->(21,21,29.107)->(20,21,30.4248)->(19,21,31.1569)->(18,21,31.8889)->(17,21,33.2067)->(16,21,5016.31)->
Agent 63:(24,9,2.21421)->(23,9,4.81421)->(23,8,7.44264)->(23,7,8.76048)->(23,6,9.49253)->(23,5,10.2246)->(23,4,11.5424)->(23,3,14.1708)->(24,3,20.7783)->(23,3,26.4142)->(22,3,27.7321)->(21,3,28.4142)->(20,3,28.9821)->(19,3,29.5)->(18,3,30)->(17,3,30.5)->(16,3,31)->(15,3,31.5)->(14,3,32)->(13,3,32.5)->(12,3,33)->(11,3,33.5179)->(10,3,34.0858)->(9,3,34.7679)->(8,3,36.0858)->(7,3,5017.75)->
Agent 64:(28,18,2.21421)->(29,18,4.81421)->(29,17,7.44264)->(29,16,8.76048)->(29,15,9.44264)->(29,14,10.0105)->(29,13,10.5464)->(29,12,11.1142)->(29,11,11.7964)->(29,10,13.1142)->(29,9,16.0142)->(28,9,18.9142)->(27,9,20.2321)->(26,9,20.9142)->(25,9,21.5)->(24,9,22.0858)->(23,9,22.7679)->(22,9,24.0858)->(21,9,27.2142)->(21,8,30.3426)->(21,7,31.6605)->(21,6,32.3426)->(21,5,32.9105)->(21,4,33.4464)->(21,3,34.0142)->(21,2,34.6964)->(21,1,36.0142)->(21,0,38.2284)->(20,0,41.0284)->(19,0,5020.51)->
Agent 65:(27,24,2.2)->(27,23,3.81421)->(27,22,5.13205)->(27,21,5.8641)->(27,20,6.59615)->(27,19,7.91399)->(27,18,18.5277)->(26,18,29.1414)->(25,18,30.4592)->(24,18,31.1414)->(23,18,31.7092)->(22,18,32.2272)->(21,18,32.7272)->(20,18,33.2272)->(19,18,33.7272)->(18,18,34.2272)->(17,18,34.7272)->(16,18,35.2272)->(15,18,35.7272)->(14,18,36.2272)->(13,18,36.7272)->(12,18,37.2272)->(11,18,37.7272)->(10,18,38.2272)->(9,18,38.7272)->(8,18,39.2272)->(7,18,39.7451)->(6,18,40.313)->(5,18,40.9951)->(4,18,42.313)->(3,18,44.5272)->(3,19,46.7414)->(3,20,48.0752)->(3,21,48.9037)->(3,22,50.2375)->(3,23,5024.83)->
Agent 66:(26,3,1.3)->(26,4,2.01421)->(26,5,3.33205)->(26,6,4.01421)->(26,7,4.58205)->(26,8,5.11795)->(26,9,5.68579)->(26,10,6.36795)->(26,11,7.68579)->(26,12,9.94626)->(27,12,12.2067)->(28,12,13.621)->(29,12,15.0352)->(30,12,21.1958)->(30,13,28.7421)->(29,13,5014.77)->
Agent 67:(27,0,1.71421)->(27,1,3.81421)->(26,1,6.44264)->(25,1,7.76048)->(24,1,8.44264)->(23,1,9.01048)->(22,1,9.52843)->(21,1,10.0284)->(20,1,10.5284)->(19,1,11.0284)->(18,1,11.5464)->(17,1,12.1142)->(16,1,12.7964)->(15,1,14.1142)->(14,1,16.3284)->(14,2,18.5426)->(14,3,19.8605)->(14,4,20.5426)->(14,5,21.1105)->(14,6,21.6284)->(14,7,22.1464)->(14,8,22.7142)->(14,9,23.3964)->(14,10,24.7142)->(14,11,27.3426)->(13,11,30.9426)->(13,12,33.5711)->(13,13,34.8889)->(13,14,35.5807)->(13,15,36.2163)->(13,16,36.9081)->(13,17,38.226)->(13,18,5018.82)->
Agent 68:(31,16,5.2142)->(30,16,9.84261)->(29,16,11.1605)->(28,16,11.8426)->(27,16,12.4105)->(26,16,12.9284)->(25,16,13.4284)->(24,16,13.9284)->(23,16,14.4284)->(22,16,14.9284)->(21,16,15.4284)->(20,16,15.9284)->(19,16,16.4284)->(18,16,16.9284)->(17,16,17.4284)->(16,16,17.9284)->(15,16,18.4284)->(14,16,18.9284)->(13,16,19.4284)->(12,16,19.9284)->(11,16,20.4284)->(10,16,20.9463)->(9,16,21.5142)->(8,16,22.1963)->(7,16,23.5142)->(6,16,26.4483)->(6,17,29.3824)->(6,18,30.7163)->(6,19,31.5447)->(6,20,32.8785)->(6,21,35.507)->(5,21,5017.95)->
Agent 69:(9,7,1.8)->(10,7,3.01421)->(11,7,4.33205)->(12,7,5.01421)->(13,7,5.58205)->(14,7,6.1)->(15,7,6.6)->(16,7,7.11795)->(17,7,7.68579)->(18,7,8.36795)->(19,7,9.68579)->(20,7,11.9)->(20,8,14.1495)->(20,9,16.1495)->(20,10,5007.8)->
Agent 70:(29,22,2.2)->(29,21,4.4)->(29,20,11.3784)->(28,20,17.7711)->(27,20,19.0889)->(26,20,19.7711)->(25,20,20.3389)->(24,20,20.8569)->(23,20,21.3569)->(22,20,21.8569)->(21,20,22.3569)->(20,20,22.8569)->(19,20,23.3569)->(18,20,23.8569)->(17,20,24.3569)->(16,20,24.8748)->(15,20,25.4426)->(14,20,26.1248)->(13,20,27.4426)->(12,20,30.0711)->(12,21,33.6711)->(11,21,36.8853)->(10,21,40.0995)->(10,22,5020.24)->
Agent 71:(25,14,3.77469)->(26,14,8.34938)->(26,15,19.8747)->(27,15,30.0142)->(28,15,31.4284)->(29,15,32.8426)->(30,15,5016.13)->
Agent 72:(0,10,1.3)->(0,11,2.04949)->(0,12,4.04949)->(0,13,10.1779)->(1,13,16.2711)->(2,13,17.5889)->(3,13,18.2711)->(4,13,18.8389)->(5,13,19.3569)->(6,13,19.8569)->(7,13,20.3569)->(8,13,20.8569)->(9,13,21.3569)->(10,13,21.8569)->(11,13,22.3569)->(12,13,22.8748)->(13,13,23.4426)->(14,13,24.1248)->(15,13,25.4426)->(16,13,28.0711)->(16,14,5014.23)->
Agent 73:(29,25,8.17843)->(29,24,15.7711)->(29,23,17.0889)->(29,22,17.7711)->(29,21,18.3389)->(29,20,18.8569)->(29,19,19.3569)->(29,18,19.8569)->(29,17,20.3569)->(29,16,20.8569)->(29,15,21.3569)->(29,14,21.8569)->(29,13,22.3569)->(29,12,22.8569)->(29,11,23.3569)->(29,10,23.8569)->(29,9,24.3569)->(29,8,24.8569)->(29,7,25.3569)->(29,6,25.8569)->(29,5,26.3569)->(29,4,26.8748)->(29,3,27.4426)->(29,2,28.1248)->(29,1,29.4426)->(29,0,31.6569)->(28,0,33.8711)->(27,0,35.1889)->(26,0,35.921)->(25,0,36.653)->(24,0,37.9708)->(23,0,5018.69)->
Agent 74:(7,10,1.3)->(7,11,2.01421)->(7,12,3.33205)->(7,13,4.01421)->(7,14,4.58205)->(7,15,5.1)->(7,16,5.6)->(7,17,6.11795)->(7,18,6.68579)->(7,19,7.36795)->(7,20,8.68579)->(7,21,13.2642)->(8,21,17.8426)->(9,21,19.1605)->(10,21,19.8426)->(11,21,20.4284)->(12,21,21.0142)->(13,21,21.6963)->(14,21,23.0142)->(15,21,5011.21)->
Agent 75:(31,24,1.3)->(31,25,2.01421)->(31,26,3.34806)->(31,27,4.17649)->(31,28,5.51034)->(31,29,10.8801)->(30,29,16.2499)->(29,29,17.5677)->(28,29,18.2499)->(27,29,18.8177)->(26,29,19.3357)->(25,29,19.8357)->(24,29,20.3357)->(23,29,20.8357)->(22,29,21.3357)->(21,29,21.8357)->(20,29,22.3357)->(19,29,22.8357)->(18,29,23.3357)->(17,29,23.8357)->(16,29,24.3357)->(15,29,24.8357)->(14,29,25.3357)->(13,29,25.8357)->(12,29,26.3357)->(11,29,26.8357)->(10,29,27.3357)->(9,29,27.8357)->(8,29,28.3357)->(7,29,28.8357)->(6,29,29.3357)->(5,29,29.8536)->(4,29,30.4215)->(3,29,31.1036)->(2,29,32.4215)->(1,29,35.0499)->(1,30,5017.72)->
Agent 76:(23,19,2.2)->(23,18,3.81421)->(23,17,5.13205)->(23,16,5.8641)->(23,15,6.59615)->(23,14,7.91399)->(23,13,10.1282)->(22,13,12.9282)->(21,13,15.7282)->(21,14,18.5282)->(21,15,5009.26)->
Agent 77:(6,18,2.2)->(6,17,3.81421)->(6,16,5.22843)->(6,15,6.64264)->(6,14,11.9549)->(7,14,17.853)->(8,14,5008.93)->
Agent 78:(1,3,2.4142)->(2,3,4.24261)->(3,3,5.56045)->(4,3,6.24261)->(5,3,6.81045)->(6,3,7.34635)->(7,3,7.91419)->(8,3,8.59635)->(9,3,9.91419)->(10,3,13.9142)->(10,2,18.5)->(10,1,23.6642)->(10,2,5013)->
Agent 79:(10,26,2.31795)->(10,25,4.05011)->(10,24,5.36795)->(10,23,6.05011)->(10,22,6.61795)->(10,21,7.1359)->(10,20,7.6359)->(10,19,8.1359)->(10,18,8.6359)->(10,17,9.1359)->(10,16,9.6359)->(10,15,10.1359)->(10,14,10.6359)->(10,13,11.1359)->(10,12,11.6359)->(10,11,12.1359)->(10,10,12.6359)->(10,9,13.1538)->(10,8,13.7217)->(10,7,14.4038)->(10,6,15.7217)->(10,5,17.9359)->(11,5,20.1501)->(12,5,21.4679)->(13,5,22.1501)->(14,5,22.7179)->(15,5,23.2359)->(16,5,23.7359)->(17,5,24.2359)->(18,5,24.7359)->(19,5,25.2359)->(20,5,25.7359)->(21,5,26.2359)->(22,5,26.7359)->(23,5,27.2359)->(24,5,27.7538)->(25,5,28.3217)->(26,5,29.0038)->(27,5,30.3217)->(28,5,32.5359)->(28,6,35.3359)->(28,7,5017.67)->
Agent 80:(28,16,5.14626)->(28,15,9.70674)->(28,14,11.0246)->(28,13,11.7067)->(28,12,12.2746)->(28,11,12.7925)->(28,10,13.2925)->(28,9,13.7925)->(28,8,14.2925)->(28,7,14.7925)->(28,6,15.2925)->(28,5,15.7925)->(28,4,16.3105)->(28,3,16.8783)->(28,2,17.5605)->(28,1,18.8783)->(28,0,23.4463)->(28,1,28.6)->(28,2,5014.3)->
Agent 81:(24,8,1.8)->(23,8,3.01421)->(22,8,4.33205)->(21,8,5.01421)->(20,8,5.58205)->(19,8,6.1)->(18,8,6.6)->(17,8,7.1)->(16,8,7.6)->(15,8,8.1)->(14,8,8.6)->(13,8,9.11795)->(12,8,9.68579)->(11,8,10.3679)->(10,8,11.6858)->(9,8,14.5948)->(9,9,17.5392)->(9,10,19.5392)->(9,11,5009.49)->
Agent 82:(2,5,1.3)->(2,6,2.01421)->(2,7,3.33205)->(2,8,4.01421)->(2,9,4.58205)->(2,10,5.1)->(2,11,5.6)->(2,12,6.1)->(2,13,6.6)->(2,14,7.1)->(2,15,7.6)->(2,16,8.1)->(2,17,8.6)->(2,18,9.11795)->(2,19,9.68579)->(2,20,10.3679)->(2,21,11.6858)->(2,22,13.9)->(3,22,16.1142)->(4,22,17.4321)->(5,22,18.1142)->(6,22,18.6821)->(7,22,19.2)->(8,22,19.7)->(9,22,20.2)->(10,22,20.7179)->(11,22,21.2858)->(12,22,21.9679)->(13,22,23.2858)->(14,22,25.5)->(14,21,28.3)->(14,20,31.1)->(15,20,33.3142)->(16,20,34.6321)->(17,20,35.3142)->(18,20,35.9)->(19,20,36.4858)->(20,20,37.1679)->(21,20,38.4858)->(22,20,5018.95)->
Agent 83:(17,18,2.6642)->(17,17,4.74261)->(17,16,6.06045)->(17,15,6.74261)->(17,14,7.31045)->(17,13,7.8284)->(17,12,8.3284)->(17,11,8.8284)->(17,10,9.34635)->(17,9,9.91419)->(17,8,10.5963)->(17,7,11.9142)->(17,6,14.5926)->(16,6,17.2711)->(15,6,18.5889)->(14,6,19.2711)->(13,6,19.8389)->(12,6,20.3569)->(11,6,20.8569)->(10,6,21.3569)->(9,6,21.8569)->(8,6,22.3569)->(7,6,22.8569)->(6,6,23.3569)->(5,6,23.8748)->(4,6,24.4426)->(3,6,25.1248)->(2,6,26.4426)->(1,6,5012.93)->
Agent 84:(7,17,2.48952)->(8,17,4.39326)->(9,17,5.71109)->(10,17,6.44315)->(11,17,7.1752)->(12,17,8.49303)->(13,17,15.1394)->(13,18,21.7858)->(13,19,23.2)->(13,20,24.6142)->(13,21,5012.01)->
Agent 85:(24,1,1.3)->(24,2,2.01421)->(24,3,3.33205)->(24,4,4.01421)->(24,5,4.58205)->(24,6,5.1)->(24,7,5.6)->(24,8,6.1)->(24,9,6.6)->(24,10,7.1)->(24,11,7.6)->(24,12,8.1)->(24,13,8.6)->(24,14,9.1)->(24,15,9.6)->(24,16,10.1)->(24,17,10.6179)->(24,18,11.1858)->(24,19,11.8679)->(24,20,13.1858)->(24,21,15.6)->(25,21,18.0142)->(26,21,19.3321)->(27,21,20.0238)->(28,21,20.6595)->(29,21,21.3513)->(30,21,22.6691)->(31,21,24.8833)->(31,22,27.0975)->(31,23,28.5117)->(31,24,29.926)->(31,25,5014.67)->
Agent 86:(17,23,1.71421)->(17,24,3.91784)->(16,24,6.68516)->(15,24,8.68516)->(14,24,10.9347)->(14,25,13.1489)->(14,26,14.4667)->(14,27,15.1585)->(14,28,15.7941)->(14,29,16.4859)->(14,30,17.8038)->(14,31,20.018)->(13,31,22.2322)->(12,31,23.55)->(11,31,24.2821)->(10,31,25.0141)->(9,31,26.332)->(8,31,5012.87)->
Agent 87:(6,1,1.71421)->(6,2,3.81421)->(7,2,6.44264)->(8,2,7.76048)->(9,2,8.44264)->(10,2,9.01048)->(11,2,9.52843)->(12,2,10.0284)->(13,2,10.5284)->(14,2,11.0284)->(15,2,11.5284)->(16,2,12.0464)->(17,2,12.6142)->(18,2,13.2964)->(19,2,14.6142)->(20,2,16.8284)->(20,3,19.6284)->(20,4,5009.81)->
Agent 88:(2,3,1.4142)->(2,4,2.24261)->(2,5,3.56045)->(2,6,4.24261)->(2,7,4.81045)->(2,8,5.3284)->(2,9,5.8284)->(2,10,6.3284)->(2,11,6.8284)->(2,12,7.3284)->(2,13,7.8284)->(2,14,8.3284)->(2,15,8.8284)->(2,16,9.34635)->(2,17,9.91419)->(2,18,10.5963)->(2,19,11.9142)->(2,20,20.1464)->(3,20,28.3785)->(4,20,29.6964)->(5,20,30.3785)->(6,20,30.9464)->(7,20,31.4643)->(8,20,31.9643)->(9,20,32.4643)->(10,20,32.9643)->(11,20,33.4643)->(12,20,33.9643)->(13,20,34.4823)->(14,20,35.0501)->(15,20,35.7323)->(16,20,37.0501)->(17,20,39.2643)->(17,21,42.0643)->(17,22,5021.03)->
Agent 89:(27,19,2.2)->(27,18,3.81421)->(27,17,5.13205)->(27,16,5.81421)->(27,15,6.38205)->(27,14,6.9)->(27,13,7.4)->(27,12,7.9)->(27,11,8.41795)->(27,10,8.98579)->(27,9,9.66795)->(27,8,10.9858)->(27,7,13.6943)->(26,7,16.4029)->(25,7,17.7207)->(24,7,18.4029)->(23,7,18.9707)->(22,7,19.4887)->(21,7,19.9887)->(20,7,20.4887)->(19,7,20.9887)->(18,7,21.4887)->(17,7,21.9887)->(16,7,22.4887)->(15,7,22.9887)->(14,7,23.4887)->(13,7,23.9887)->(12,7,24.4887)->(11,7,24.9887)->(10,7,25.4887)->(9,7,25.9887)->(8,7,26.4887)->(7,7,26.9887)->(6,7,27.5066)->(5,7,28.0744)->(4,7,28.7566)->(3,7,30.0744)->(2,7,32.2887)->(2,6,34.5381)->(2,5,36.5381)->(2,4,5017.99)->
Agent 90:(11,22,2.2)->(11,21,3.81421)->(11,20,5.22843)->(11,19,6.64264)->(11,18,9.27107)->(12,18,13.5728)->(12,17,16.9029)->(12,16,18.2207)->(12,15,18.9029)->(12,14,19.4707)->(12,13,19.9887)->(12,12,20.4887)->(12,11,20.9887)->(12,10,21.4887)->(12,9,22.0066)->(12,8,22.5744)->(12,7,23.2566)->(12,6,24.5744)->(12,5,27.2029)->(13,5,5013.79)->
Agent 91:(18,28,2.21421)->(19,28,4.81421)->(19,27,7.44264)->(19,26,8.76048)->(19,25,9.49253)->(19,24,10.2246)->(19,23,11.5424)->(19,22,14.1708)->(20,22,19.2241)->(20,23,5010.53)->
Agent 92:(23,10,2.4142)->(22,10,4.24261)->(21,10,5.56045)->(20,10,6.24261)->(19,10,6.8284)->(18,10,7.41419)->(17,10,8.09635)->(16,10,9.41419)->(15,10,11.6284)->(15,11,13.8426)->(15,12,15.1605)->(15,13,15.8426)->(15,14,16.4105)->(15,15,16.9284)->(15,16,17.4284)->(15,17,17.9284)->(15,18,18.4463)->(15,19,19.0142)->(15,20,19.6963)->(15,21,21.0142)->(15,22,5010.21)->
Agent 93:(2,29,1.8)->(3,29,3.01421)->(4,29,4.42843)->(5,29,5.84264)->(6,29,8.05685)->(6,28,10.2711)->(6,27,11.5889)->(6,26,12.2711)->(6,25,12.8389)->(6,24,13.3569)->(6,23,13.8569)->(6,22,14.3569)->(6,21,14.8569)->(6,20,15.3569)->(6,19,15.8569)->(6,18,16.3569)->(6,17,16.8569)->(6,16,17.3569)->(6,15,17.8569)->(6,14,18.3569)->(6,13,18.8569)->(6,12,19.3569)->(6,11,19.8569)->(6,10,20.3569)->(6,9,20.8569)->(6,8,21.3569)->(6,7,21.8569)->(6,6,22.3569)->(6,5,22.8748)->(6,4,23.4426)->(6,3,24.1248)->(6,2,25.4426)->(6,1,28.8426)->(7,1,32.2426)->(8,1,33.5605)->(9,1,34.2426)->(10,1,34.8105)->(11,1,35.3284)->(12,1,35.8284)->(13,1,36.3284)->(14,1,36.8284)->(15,1,37.3284)->(16,1,37.8284)->(17,1,38.3284)->(18,1,38.8284)->(19,1,39.3284)->(20,1,39.8284)->(21,1,40.3284)->(22,1,40.8464)->(23,1,41.4142)->(24,1,42.0964)->(25,1,43.4142)->(26,1,5021.41)->
Agent 94:(3,3,1.8)->(4,3,3.01421)->(5,3,4.33205)->(6,3,5.01421)->(7,3,5.58205)->(8,3,6.1)->(9,3,6.6)->(10,3,7.1)->(11,3,7.6)->(12,3,8.1)->(13,3,8.6)->(14,3,9.11795)->(15,3,9.68579)->(16,3,10.3679)->(17,3,11.6858)->(18,3,13.9)->(18,4,16.1142)->(18,5,17.4321)->(18,6,18.1142)->(18,7,18.6821)->(18,8,19.2)->(18,9,19.7)->(18,10,20.2)->(18,11,20.7)->(18,12,21.2)->(18,13,21.7)->(18,14,22.2)->(18,15,22.7)->(18,16,23.2)->(18,17,23.7)->(18,18,24.2)->(18,19,24.7)->(18,20,25.2)->(18,21,25.7)->(18,22,26.2179)->(18,23,26.7858)->(18,24,27.4679)->(18,25,28.7858)->(18,26,5014.1)->
Agent 95:(17,10,1.8)->(16,10,3.01421)->(15,10,4.33205)->(14,10,5.01421)->(13,10,5.58205)->(12,10,6.1)->(11,10,6.61795)->(10,10,7.18579)->(9,10,7.86795)->(8,10,9.18579)->(7,10,11.4)->(7,9,13.6142)->(7,8,14.9321)->(7,7,15.6142)->(7,6,16.1821)->(7,5,16.7179)->(7,4,17.2858)->(7,3,17.9679)->(7,2,19.2858)->(7,1,24.7642)->(7,2,5014)->
Agent 96:(9,0,2.05)->(9,1,3.51421)->(9,2,4.83205)->(9,3,5.51421)->(9,4,6.08205)->(9,5,6.6)->(9,6,7.1)->(9,7,7.6)->(9,8,8.1)->(9,9,8.6)->(9,10,9.1)->(9,11,9.6)->(9,12,10.1)->(9,13,10.6)->(9,14,11.1)->(9,15,11.6)->(9,16,12.1)->(9,17,12.6)->(9,18,13.1)->(9,19,13.6)->(9,20,14.1)->(9,21,14.6)->(9,22,15.1179)->(9,23,15.6858)->(9,24,16.3679)->(9,25,17.6858)->(9,26,19.9)->(8,26,22.1142)->(7,26,23.4321)->(6,26,24.1641)->(5,26,24.8962)->(4,26,26.214)->(3,26,28.8424)->(3,27,5014.61)->
Agent 97:(0,8,2.9142)->(1,8,5.27789)->(2,8,7.27789)->(3,8,11.7921)->(3,9,16.2711)->(3,10,17.5889)->(3,11,18.2711)->(3,12,18.8389)->(3,13,19.3569)->(3,14,19.8569)->(3,15,20.3569)->(3,16,20.8569)->(3,17,21.3569)->(3,18,21.8569)->(3,19,22.3569)->(3,20,22.8569)->(3,21,23.3748)->(3,22,23.9426)->(3,23,24.6248)->(3,24,25.9426)->(3,25,5012.68)->
Agent 98:(25,28,2.2)->(25,27,3.81421)->(25,26,5.14806)->(25,25,5.97649)->(25,24,7.31034)->(25,23,10.7765)->(24,23,14.8284)->(23,23,19.7105)->(23,24,5010.88)->
Agent 99:(24,23,1.8)->(23,23,3.01421)->(22,23,4.33205)->(21,23,5.01421)->(20,23,5.58205)->(19,23,6.11795)->(18,23,6.68579)->(17,23,7.36795)->(16,23,8.68579)->(15,23,10.9)->(15,24,13.1495)->(15,25,15.1495)->(15,26,5007.3)->
Agent 100:(26,13,1.94626)->(26,14,3.30674)->(26,15,4.62458)->(26,16,5.30674)->(26,17,5.87458)->(26,18,6.39253)->(26,19,6.89253)->(26,20,7.41048)->(26,21,7.97832)->(26,22,8.66048)->(26,23,9.97832)->(26,24,14.5783)->(25,24,19.1783)->(24,24,20.4962)->(23,24,21.1783)->(22,24,21.7462)->(21,24,22.2641)->(20,24,22.7641)->(19,24,23.2641)->(18,24,23.7641)->(17,24,24.2641)->(16,24,24.7641)->(15,24,25.2641)->(14,24,25.7821)->(13,24,26.3499)->(12,24,27.0321)->(11,24,28.3499)->(10,24,5013.88)->
Agent 101:(9,25,6.97205)->(10,25,13.3583)->(11,25,14.6761)->(12,25,15.3679)->(13,25,16.0036)->(14,25,16.6954)->(15,25,18.0132)->(16,25,5008.71)->
Agent 102:(27,29,1.8)->(26,29,3.01421)->(25,29,4.33205)->(24,29,5.01421)->(23,29,5.58205)->(22,29,6.1)->(21,29,6.6)->(20,29,7.1)->(19,29,7.6)->(18,29,8.1)->(17,29,8.6)->(16,29,9.1)->(15,29,9.6)->(14,29,10.1)->(13,29,10.6)->(12,29,11.1)->(11,29,11.6)->(10,29,12.1)->(9,29,12.6)->(8,29,13.1)->(7,29,13.6)->(6,29,14.1)->(5,29,14.6179)->(4,29,15.1858)->(3,29,15.8679)->(2,29,17.1858)->(1,29,19.4)->(1,28,21.6142)->(1,27,22.9321)->(1,26,23.6142)->(1,25,24.1821)->(1,24,24.7)->(1,23,25.2)->(1,22,25.7)->(1,21,26.2)->(1,20,26.7179)->(1,19,27.2858)->(1,18,27.9679)->(1,17,29.2858)->(1,16,5014.35)->
Agent 103:(22,4,6.05)->(22,5,11.5142)->(22,6,12.8321)->(22,7,13.5142)->(22,8,14.0821)->(22,9,14.6)->(22,10,15.1)->(22,11,15.6)->(22,12,16.1179)->(22,13,16.6858)->(22,14,17.3679)->(22,15,18.6858)->(22,16,5009.05)->
Agent 104:(1,17,2.2)->(1,16,3.81421)->(1,15,5.13205)->(1,14,5.8641)->(1,13,6.59615)->(1,12,7.91399)->(1,11,10.9084)->(2,11,13.9029)->(3,11,15.2207)->(4,11,15.9029)->(5,11,16.4707)->(6,11,16.9887)->(7,11,17.4887)->(8,11,17.9887)->(9,11,18.4887)->(10,11,18.9887)->(11,11,19.4887)->(12,11,19.9887)->(13,11,20.4887)->(14,11,20.9887)->(15,11,21.4887)->(16,11,21.9887)->(17,11,22.4887)->(18,11,22.9887)->(19,11,23.4887)->(20,11,23.9887)->(21,11,24.4887)->(22,11,25.0066)->(23,11,25.5744)->(24,11,26.2566)->(25,11,27.5744)->(26,11,5013.49)->
Agent 105:(20,13,1.8)->(19,13,3.01421)->(18,13,4.33205)->(17,13,5.01421)->(16,13,5.58205)->(15,13,6.1)->(14,13,6.6)->(13,13,7.1)->(12,13,7.6)->(11,13,8.11795)->(10,13,8.68579)->(9,13,9.36795)->(8,13,10.6858)->(7,13,14.0443)->(7,12,17.9887)->(7,11,5008.99)->
Agent 106:(24,0,1.8)->(25,0,3.04949)->(26,0,5.04949)->(27,0,7.29898)->(27,1,9.54847)->(27,2,11.5485)->(27,3,5005.5)->
Agent 107:(13,25,1.71421)->(13,26,4.71421)->(14,26,8.24264)->(15,26,9.56048)->(16,26,10.2426)->(17,26,10.8105)->(18,26,11.3284)->(19,26,11.8284)->(20,26,12.3284)->(21,26,12.8284)->(22,26,13.3284)->(23,26,13.8284)->(24,26,14.3284)->(25,26,14.8464)->(26,26,15.4142)->(27,26,16.0964)->(28,26,17.4142)->(29,26,5008.41)->
Agent 108:(25,24,2.44626)->(25,23,4.30674)->(25,22,5.62458)->(25,21,6.30674)->(25,20,6.87458)->(25,19,7.39253)->(25,18,7.89253)->(25,17,8.39253)->(25,16,8.89253)->(25,15,9.39253)->(25,14,9.89253)->(25,13,10.3925)->(25,12,10.9105)->(25,11,11.4783)->(25,10,12.1605)->(25,9,13.4783)->(25,8,15.6925)->(24,8,17.9067)->(23,8,19.2246)->(22,8,19.9067)->(21,8,20.4746)->(20,8,20.9925)->(19,8,21.4925)->(18,8,21.9925)->(17,8,22.4925)->(16,8,22.9925)->(15,8,23.4925)->(14,8,23.9925)->(13,8,24.4925)->(12,8,24.9925)->(11,8,25.4925)->(10,8,25.9925)->(9,8,26.4925)->(8,8,26.9925)->(7,8,27.4925)->(6,8,27.9925)->(5,8,28.5105)->(4,8,29.0783)->(3,8,29.7605)->(2,8,31.0783)->(1,8,5015.25)->
Agent 109:(18,9,2.78205)->(18,10,4.97832)->(18,11,6.29615)->(18,12,6.97832)->(18,13,7.54615)->(18,14,8.0641)->(18,15,8.5641)->(18,16,9.0641)->(18,17,9.5641)->(18,18,10.0641)->(18,19,10.5821)->(18,20,11.1499)->(18,21,11.8321)->(18,22,13.1499)->(18,23,15.3641)->(19,23,17.6136)->(20,23,19.6136)->(21,23,5009.53)->
Agent 110:(28,23,5)->(28,22,9.41421)->(28,21,10.7321)->(28,20,11.4142)->(28,19,11.9821)->(28,18,12.5)->(28,17,13)->(28,16,13.5)->(28,15,14)->(28,14,14.5)->(28,13,15)->(28,12,15.5)->(28,11,16)->(28,10,16.5)->(28,9,17)->(28,8,17.5)->(28,7,18)->(28,6,18.5)->(28,5,19.0179)->(28,4,19.5858)->(28,3,20.2679)->(28,2,21.5858)->(28,1,23.8)->(29,1,26.0495)->(30,1,28.0495)->(31,1,5013.75)->
Agent 111:(25,15,2.03205)->(24,15,3.47832)->(23,15,4.79615)->(22,15,5.47832)->(21,15,6.04615)->(20,15,6.5641)->(19,15,7.0641)->(18,15,7.5641)->(17,15,8.08205)->(16,15,8.64989)->(15,15,9.33205)->(14,15,10.6499)->(13,15,12.8641)->(13,14,15.0783)->(13,13,16.4122)->(13,12,17.2406)->(13,11,18.5744)->(13,10,5008.99)->
Agent 112:(13,8,1.45362)->(13,9,2.32146)->(13,10,3.6393)->(13,11,4.32146)->(13,12,4.8893)->(13,13,5.40725)->(13,14,5.90725)->(13,15,6.40725)->(13,16,6.90725)->(13,17,7.40725)->(13,18,7.90725)->(13,19,8.40725)->(13,20,8.9252)->(13,21,9.49303)->(13,22,10.1752)->(13,23,11.493)->(13,24,13.7072)->(14,24,15.9215)->(15,24,17.3357)->(16,24,18.7499)->(17,24,20.9641)->(17,25,23.7641)->(17,26,5011.88)->
Agent 113:(3,10,2.2)->(3,9,3.81421)->(3,8,5.13205)->(3,7,5.81421)->(3,6,6.38205)->(3,5,6.91795)->(3,4,7.48579)->(3,3,8.16795)->(3,2,9.48579)->(3,1,11.7)->(4,1,13.9142)->(5,1,15.2321)->(6,1,15.9142)->(7,1,16.4821)->(8,1,17)->(9,1,17.5)->(10,1,18)->(11,1,18.5)->(12,1,19)->(13,1,19.5)->(14,1,20)->(15,1,20.5179)->(16,1,21.0858)->(17,1,21.7679)->(18,1,23.0858)->(19,1,25.7142)->(19,2,5013.05)->
Agent 114:(22,10,1.3)->(22,11,2.6)->(22,12,5.8)->(22,11,9)->(22,10,11.8)->(23,10,14.0142)->(24,10,15.4284)->(25,10,16.8426)->(26,10,5008.13)->
Agent 115:(20,16,1.55)->(20,17,2.51421)->(20,18,3.83205)->(20,19,4.51421)->(20,20,5.08205)->(20,21,5.6)->(20,22,6.1)->(20,23,6.6)->(20,24,7.1)->(20,25,7.6)->(20,26,8.1)->(20,27,8.61795)->(20,28,9.18579)->(20,29,9.86795)->(20,30,11.1858)->(20,31,13.4)->(21,31,16.2)->(22,31,5008.1)->
Agent 116:(30,19,1.94626)->(29,19,3.30674)->(28,19,4.62458)->(27,19,5.30674)->(26,19,5.87458)->(25,19,6.39253)->(24,19,6.89253)->(23,19,7.41048)->(22,19,7.97832)->(21,19,8.66048)->(20,19,9.97832)->(19,19,5004.7)->
Agent 117:(6,22,1.8)->(7,22,3.01421)->(8,22,4.33205)->(9,22,5.01421)->(10,22,5.58205)->(11,22,6.1)->(12,22,6.6)->(13,22,7.1)->(14,22,7.6)->(15,22,8.1)->(16,22,8.6)->(17,22,9.1)->(18,22,9.6)->(19,22,10.1)->(20,22,10.6)->(21,22,11.1)->(22,22,11.6)->(23,22,12.1)->(24,22,12.6179)->(25,22,13.1858)->(26,22,13.8679)->(27,22,15.1858)->(28,22,5007.3)->
Agent 118:(15,29,2.2)->(15,28,3.81421)->(15,27,5.22843)->(15,26,6.64264)->(15,25,8.85685)->(16,25,11.0711)->(17,25,12.3889)->(18,25,13.0711)->(19,25,13.6389)->(20,25,14.1569)->(21,25,14.6569)->(22,25,15.1569)->(23,25,15.6569)->(24,25,16.1569)->(25,25,16.6569)->(26,25,17.1748)->(27,25,17.7426)->(28,25,18.4248)->(29,25,19.7426)->(30,25,21.9569)->(30,24,24.1711)->(30,23,25.4889)->(30,22,26.1711)->(30,21,26.7389)->(30,20,27.2569)->(30,19,27.7569)->(30,18,28.2748)->(30,17,28.8426)->(30,16,29.5248)->(30,15,30.8426)->(30,14,5015.13)->
Agent 119:(28,26,2.21421)->(27,26,4.81421)->(27,25,7.44264)->(27,24,8.77649)->(27,23,9.60492)->(27,22,10.9388)->(27,21,14.8907)->(27,22,5008.3)->
