Agent 0:(15,12,1.8)->(14,12,3.01421)->(13,12,4.34806)->(12,12,5.17649)->(11,12,6.51034)->(10,12,8.91228)->(10,13,11.3142)->(10,14,12.6321)->(10,15,13.3142)->(10,16,13.9)->(10,17,14.4858)->(10,18,15.1679)->(10,19,16.4858)->(10,20,19.75)->(9,20,23.0142)->(8,20,24.332)->(7,20,25.0641)->(6,20,25.7961)->(5,20,27.114)->(4,20,30.0604)->(4,21,33.0067)->(4,22,34.3246)->(4,23,35.0067)->(4,24,35.5746)->(4,25,36.0925)->(4,26,36.5925)->(4,27,37.1105)->(4,28,37.6783)->(4,29,38.3605)->(4,30,39.6783)->(4,31,5019.55)->
Agent 1:(8,26,2.21421)->(9,26,4.81421)->(9,27,7.47792)->(9,28,9.47792)->(9,29,18.5797)->(9,28,27.6463)->(9,27,28.9801)->(9,26,29.8086)->(9,25,31.1424)->(9,24,5015.28)->
Agent 2:(13,28,2.21421)->(14,28,5.74166)->(14,27,9.29753)->(14,26,10.7117)->(14,25,12.126)->(14,24,15.5417)->(13,24,18.9574)->(12,24,20.2752)->(11,24,20.9574)->(10,24,21.5252)->(9,24,22.0431)->(8,24,22.5431)->(7,24,23.0611)->(6,24,23.6289)->(5,24,24.3111)->(4,24,25.6289)->(3,24,28.2574)->(3,23,36.2123)->(2,23,5020.48)->
Agent 3:(23,29,3.67832)->(22,29,6.77084)->(21,29,8.08868)->(20,29,8.77084)->(19,29,9.33868)->(18,29,9.85663)->(17,29,10.3566)->(16,29,10.8566)->(15,29,11.3746)->(14,29,11.9424)->(13,29,12.6246)->(12,29,13.9424)->(11,29,20.5604)->(11,28,27.1783)->(11,27,28.4962)->(11,26,29.1783)->(11,25,29.7462)->(11,24,30.2821)->(11,23,30.8499)->(11,22,31.5321)->(11,21,32.8499)->(11,20,35.4783)->(10,20,5017.93)->
Agent 4:(25,1,1.8)->(26,1,3.6)->(27,1,8.0859)->(27,2,11.986)->(27,3,13.3038)->(27,4,13.986)->(27,5,14.5538)->(27,6,15.0718)->(27,7,15.5718)->(27,8,16.0718)->(27,9,16.5718)->(27,10,17.0897)->(27,11,17.6576)->(27,12,18.3397)->(27,13,19.6576)->(27,14,22.8859)->(28,14,27.0858)->(28,15,30.3)->(28,16,5015.15)->
Agent 5:(14,20,2.21421)->(15,20,4.81421)->(15,19,7.44264)->(15,18,8.76048)->(15,17,9.44264)->(15,16,10.0284)->(15,15,10.6142)->(15,14,11.2964)->(15,13,12.6142)->(15,12,14.8284)->(16,12,17.0426)->(17,12,18.3765)->(18,12,19.2049)->(19,12,20.5388)->(20,12,23.1672)->(20,11,26.7672)->(21,11,29.3956)->(22,11,30.7295)->(23,11,31.5579)->(24,11,32.8918)->(25,11,5016.15)->
Agent 6:(16,14,1.8)->(17,14,3.01421)->(18,14,4.33205)->(19,14,5.01421)->(20,14,5.58205)->(21,14,6.11795)->(22,14,6.68579)->(23,14,7.36795)->(24,14,8.68579)->(25,14,10.9)->(25,13,13.7)->(25,12,16.6501)->(26,12,19.0144)->(27,12,20.3323)->(28,12,21.0643)->(29,12,21.7964)->(30,12,23.1142)->(31,12,5011.26)->
Agent 7:(7,11,1.71421)->(7,12,4.22843)->(8,12,8.24264)->(8,13,11.4569)->(8,14,14.3284)->(9,14,16.6142)->(10,14,17.9321)->(11,14,18.6641)->(12,14,19.3962)->(13,14,20.714)->(14,14,22.9282)->(14,13,25.1424)->(14,12,26.4763)->(14,11,27.3047)->(14,10,28.6385)->(14,9,32.2048)->(15,9,35.7711)->(16,9,37.0889)->(17,9,37.7711)->(18,9,38.3389)->(19,9,38.8569)->(20,9,39.3569)->(21,9,39.8569)->(22,9,40.3748)->(23,9,40.9426)->(24,9,41.6248)->(25,9,42.9426)->(26,9,45.5711)->(26,8,5022.98)->
Agent 8:(11,30,1.71421)->(11,31,3.81421)->(12,31,7.02843)->(13,31,17.6642)->(13,30,27.7142)->(13,29,29.0321)->(13,28,29.7142)->(13,27,30.2821)->(13,26,30.8)->(13,25,31.3)->(13,24,31.8)->(13,23,32.3)->(13,22,32.8)->(13,21,33.3179)->(13,20,33.8858)->(13,19,34.5679)->(13,18,35.8858)->(13,17,38.1)->(14,17,40.9)->(15,17,5020.45)->
Agent 9:(11,1,1.71421)->(11,2,3.81421)->(12,2,6.44264)->(13,2,7.76048)->(14,2,8.44264)->(15,2,9.01048)->(16,2,9.52843)->(17,2,10.0284)->(18,2,10.5284)->(19,2,11.0284)->(20,2,11.5284)->(21,2,12.0284)->(22,2,12.5284)->(23,2,13.0284)->(24,2,13.5284)->(25,2,14.0284)->(26,2,14.5284)->(27,2,15.0464)->(28,2,15.6142)->(29,2,16.2964)->(30,2,17.6142)->(31,2,5008.51)->
Agent 10:(18,27,1.8)->(19,27,3.01421)->(20,27,4.33205)->(21,27,5.02382)->(22,27,5.65949)->(23,27,6.35126)->(24,27,7.6691)->(25,27,9.88331)->(25,26,12.0975)->(25,25,13.4314)->(25,24,14.2598)->(25,23,15.5937)->(25,22,23.4824)->(26,22,5014.56)->
Agent 11:(18,29,1.8)->(17,29,3.04949)->(16,29,5.04949)->(15,29,7.29898)->(15,28,9.51319)->(15,27,10.831)->(15,26,11.5132)->(15,25,12.099)->(15,24,12.6848)->(15,23,13.3669)->(15,22,14.6848)->(15,21,17.3132)->(14,21,24.9815)->(14,22,32.2641)->(14,23,5016.13)->
Agent 12:(22,30,4.2641)->(21,30,7.94242)->(20,30,9.26025)->(19,30,9.94242)->(18,30,10.5103)->(17,30,11.0282)->(16,30,11.5282)->(15,30,12.0282)->(14,30,12.5282)->(13,30,13.0282)->(12,30,13.5282)->(11,30,14.0282)->(10,30,14.5282)->(9,30,15.0282)->(8,30,15.5282)->(7,30,16.0282)->(6,30,16.5462)->(5,30,17.114)->(4,30,17.7962)->(3,30,19.114)->(2,30,24.7419)->(2,29,30.3698)->(2,28,31.6877)->(2,27,32.3698)->(2,26,32.9377)->(2,25,33.4556)->(2,24,33.9556)->(2,23,34.4556)->(2,22,34.9556)->(2,21,35.4556)->(2,20,35.9556)->(2,19,36.4556)->(2,18,36.9556)->(2,17,37.4556)->(2,16,37.9556)->(2,15,38.4556)->(2,14,38.9556)->(2,13,39.4556)->(2,12,39.9556)->(2,11,40.4556)->(2,10,40.9556)->(2,9,41.4556)->(2,8,41.9556)->(2,7,42.4556)->(2,6,42.9556)->(2,5,43.4736)->(2,4,44.0414)->(2,3,44.7236)->(2,2,46.0414)->(2,1,51.3341)->(1,1,57.2127)->(0,1,5028.61)->
Agent 13:(15,22,1.3)->(15,23,2.04949)->(15,24,4.04949)->(15,25,6.29898)->(16,25,8.51319)->(17,25,9.83103)->(18,25,10.5228)->(19,25,11.1585)->(20,25,11.8502)->(21,25,13.1681)->(22,25,15.3823)->(22,26,17.5965)->(22,27,19.0107)->(22,28,20.4249)->(22,29,25.1586)->(22,28,5013.82)->
Agent 14:(30,9,1.3)->(30,10,2.01421)->(30,11,3.33205)->(30,12,4.01421)->(30,13,4.58205)->(30,14,5.1)->(30,15,5.6)->(30,16,6.1)->(30,17,6.6)->(30,18,7.1)->(30,19,7.61795)->(30,20,8.18579)->(30,21,8.86795)->(30,22,10.1858)->(30,23,12.4)->(29,23,14.6142)->(28,23,15.9321)->(27,23,16.6142)->(26,23,17.2)->(25,23,17.7858)->(24,23,18.4679)->(23,23,19.7858)->(22,23,24.4179)->(22,24,5013.4)->
Agent 15:(1,15,1.88677)->(2,15,3.18775)->(3,15,4.50559)->(4,15,5.19736)->(5,15,5.83303)->(6,15,6.5248)->(7,15,7.84264)->(8,15,10.9353)->(8,16,14.0279)->(8,17,15.3458)->(8,18,16.0279)->(8,19,16.5958)->(8,20,17.1137)->(8,21,17.6137)->(8,22,18.1137)->(8,23,18.6137)->(8,24,19.1137)->(8,25,19.6137)->(8,26,20.1317)->(8,27,20.6995)->(8,28,21.3817)->(8,29,22.6995)->(8,30,24.9137)->(9,30,27.1279)->(10,30,28.4458)->(11,30,29.1279)->(12,30,29.6958)->(13,30,30.2137)->(14,30,30.7137)->(15,30,31.2137)->(16,30,31.7137)->(17,30,32.2137)->(18,30,32.7137)->(19,30,33.2137)->(20,30,33.7137)->(21,30,34.2137)->(22,30,34.7317)->(23,30,35.2995)->(24,30,35.9817)->(25,30,37.2995)->(26,30,39.9279)->(26,29,5020.16)->
Agent 16:(14,9,2.73023)->(15,9,4.87467)->(16,9,6.1925)->(17,9,6.87467)->(18,9,7.4425)->(19,9,7.96045)->(20,9,8.46045)->(21,9,8.96045)->(22,9,9.46045)->(23,9,9.96045)->(24,9,10.4784)->(25,9,11.0462)->(26,9,11.7284)->(27,9,13.0462)->(28,9,16.666)->(28,10,20.2858)->(28,11,21.6036)->(28,12,22.2858)->(28,13,22.8536)->(28,14,23.3716)->(28,15,23.8716)->(28,16,24.3716)->(28,17,24.8895)->(28,18,25.4574)->(28,19,26.1395)->(28,20,27.4574)->(28,21,30.6001)->(27,21,33.7429)->(26,21,35.0607)->(25,21,35.7429)->(24,21,36.3107)->(23,21,36.8287)->(22,21,37.3287)->(21,21,37.8466)->(20,21,38.4144)->(19,21,39.0966)->(18,21,40.4144)->(17,21,42.6287)->(17,22,44.8429)->(17,23,46.1767)->(17,24,47.0051)->(17,25,48.339)->(17,26,5023.88)->
Agent 17:(7,21,1.71421)->(7,22,3.81421)->(8,22,6.44264)->(9,22,7.76048)->(10,22,8.44264)->(11,22,9.01048)->(12,22,9.52843)->(13,22,10.0284)->(14,22,10.5464)->(15,22,11.1142)->(16,22,11.7964)->(17,22,13.1142)->(18,22,15.7426)->(18,21,21.2823)->(19,21,25.8503)->(20,21,27.1682)->(21,21,27.9002)->(22,21,28.6323)->(23,21,29.9501)->(24,21,32.5785)->(24,22,5016.48)->
Agent 18:(18,5,1.3)->(18,6,2.01421)->(18,7,3.34806)->(18,8,4.17649)->(18,9,5.51034)->(18,10,8.5407)->(19,10,11.5711)->(20,10,12.8889)->(21,10,13.621)->(22,10,14.353)->(23,10,15.6708)->(24,10,18.2993)->(24,9,26.4955)->(24,10,34.306)->(24,11,5017.15)->
Agent 19:(13,18,1.71421)->(13,19,4.75)->(12,19,8.31421)->(11,19,9.63205)->(10,19,10.3641)->(9,19,11.0962)->(8,19,12.414)->(7,19,14.6282)->(7,20,17.4282)->(7,21,20.6424)->(6,21,24.6566)->(6,22,5012.73)->
Agent 20:(10,16,1.3)->(10,17,2.01421)->(10,18,3.42843)->(10,19,4.84264)->(10,20,7.32843)->(11,20,9.81421)->(12,20,11.1481)->(13,20,11.9765)->(14,20,13.3103)->(15,20,16.3388)->(14,20,21.6623)->(15,20,27)->(15,21,5013.9)->
Agent 21:(4,29,10.6074)->(4,28,20.6289)->(4,27,21.9468)->(4,26,22.6289)->(4,25,23.1968)->(4,24,23.7147)->(4,23,24.2147)->(4,22,24.7147)->(4,21,25.2147)->(4,20,25.7147)->(4,19,26.2147)->(4,18,26.7147)->(4,17,27.2147)->(4,16,27.7147)->(4,15,28.2147)->(4,14,28.7147)->(4,13,29.2147)->(4,12,29.7147)->(4,11,30.2147)->(4,10,30.7147)->(4,9,31.2147)->(4,8,31.7147)->(4,7,32.2147)->(4,6,32.7147)->(4,5,33.2327)->(4,4,33.8005)->(4,3,34.4827)->(4,2,35.8005)->(4,1,5017.61)->
Agent 22:(12,1,2.71421)->(11,1,4.84264)->(10,1,6.16048)->(9,1,6.89253)->(8,1,7.62458)->(7,1,8.94242)->(6,1,18.6425)->(6,2,31.6574)->(5,2,37.2147)->(4,2,5018.61)->
Agent 23:(6,16,1.8)->(7,16,3.01421)->(8,16,4.42843)->(9,16,5.84264)->(10,16,8.05685)->(10,17,10.2711)->(10,18,11.5889)->(10,19,12.2711)->(10,20,12.8389)->(10,21,13.3748)->(10,22,13.9426)->(10,23,14.6248)->(10,24,15.9426)->(10,25,18.1569)->(11,25,20.3711)->(12,25,21.6889)->(13,25,22.3711)->(14,25,22.9389)->(15,25,23.4569)->(16,25,23.9569)->(17,25,24.4569)->(18,25,24.9569)->(19,25,25.4569)->(20,25,25.9569)->(21,25,26.4569)->(22,25,26.9569)->(23,25,27.4569)->(24,25,27.9748)->(25,25,28.5426)->(26,25,29.2248)->(27,25,30.5426)->(28,25,33.1711)->(28,26,5016.78)->
Agent 24:(23,2,2.2)->(23,1,4.4)->(23,0,7.2)->(24,0,9.41421)->(25,0,10.7481)->(26,0,11.5765)->(27,0,12.9103)->(28,0,18.1943)->(27,0,24.0641)->(26,0,5012.03)->
Agent 25:(12,30,3.73205)->(12,29,6.87832)->(12,28,8.19615)->(12,27,8.87832)->(12,26,9.4641)->(12,25,10.0499)->(12,24,10.7321)->(12,23,12.0499)->(12,22,14.9105)->(13,22,17.7711)->(14,22,19.0889)->(15,22,19.821)->(16,22,20.553)->(17,22,21.8708)->(18,22,24.8606)->(18,21,27.8856)->(18,20,29.8856)->(18,19,34.0676)->(18,20,5017.99)->
Agent 26:(7,20,3.96795)->(7,19,7.35011)->(7,18,8.66795)->(7,17,9.35011)->(7,16,9.91795)->(7,15,10.4538)->(7,14,11.0217)->(7,13,11.7038)->(7,12,13.0217)->(7,11,15.55)->(8,11,18.6641)->(9,11,24.0322)->(9,10,30.0661)->(10,10,32.9747)->(11,10,34.2925)->(12,10,35.0246)->(13,10,35.7566)->(14,10,37.0744)->(15,10,5018.24)->
Agent 27:(20,9,2.2)->(20,8,3.84949)->(20,7,5.84949)->(20,6,8.09898)->(21,6,10.899)->(22,6,13.699)->(22,7,15.9485)->(22,8,17.9485)->(22,9,20.3773)->(21,9,22.7708)->(20,9,24.0887)->(19,9,24.7708)->(18,9,25.3387)->(17,9,25.8566)->(16,9,26.3566)->(15,9,26.8566)->(14,9,27.3566)->(13,9,27.8566)->(12,9,28.3566)->(11,9,28.8566)->(10,9,29.3566)->(9,9,29.8566)->(8,9,30.3746)->(7,9,30.9424)->(6,9,31.6246)->(5,9,32.9424)->(4,9,35.1566)->(4,8,37.3708)->(4,7,38.6887)->(4,6,39.4207)->(4,5,40.1528)->(4,4,41.4706)->(4,3,43.9708)->(3,3,46.4711)->(2,3,47.8853)->(1,3,49.2995)->(0,3,51.5137)->(0,2,53.7632)->(0,1,55.7632)->(0,0,5027.61)->
Agent 28:(22,3,4.3)->(22,4,8.01421)->(22,5,9.33205)->(22,6,10.0142)->(22,7,10.5821)->(22,8,11.1)->(22,9,11.6)->(22,10,12.1)->(22,11,12.6179)->(22,12,13.1858)->(22,13,13.8679)->(22,14,15.1858)->(22,15,17.4)->(23,15,19.6142)->(24,15,21.0284)->(25,15,22.4426)->(26,15,5010.93)->
Agent 29:(10,23,2.46795)->(11,23,4.35011)->(12,23,5.66795)->(13,23,6.4)->(14,23,7.13205)->(15,23,8.44989)->(16,23,11.5963)->(16,24,19.1925)->(16,23,25.2993)->(16,22,26.6171)->(16,21,27.2993)->(16,20,27.8671)->(16,19,28.3851)->(16,18,28.8851)->(16,17,29.3851)->(16,16,29.8851)->(16,15,30.3851)->(16,14,30.8851)->(16,13,31.3851)->(16,12,31.8851)->(16,11,32.403)->(16,10,32.9708)->(16,9,33.653)->(16,8,34.9708)->(16,7,5017.19)->
Agent 30:(24,2,2.61421)->(24,1,6.32649)->(23,1,9.6672)->(22,1,10.985)->(21,1,11.6672)->(20,1,12.235)->(19,1,12.753)->(18,1,13.253)->(17,1,13.753)->(16,1,14.253)->(15,1,14.753)->(14,1,15.2709)->(13,1,15.8388)->(12,1,16.5209)->(11,1,17.8388)->(10,1,20.053)->(10,2,22.853)->(10,3,5011.43)->
Agent 31:(27,23,2.21421)->(28,23,6.0641)->(27,23,9.94242)->(26,23,11.2603)->(25,23,11.9424)->(24,23,12.5103)->(23,23,13.0282)->(22,23,13.5282)->(21,23,14.0282)->(20,23,14.5282)->(19,23,15.0282)->(18,23,15.5282)->(17,23,16.0282)->(16,23,16.5462)->(15,23,17.114)->(14,23,17.7962)->(13,23,19.114)->(12,23,21.7424)->(12,24,25.3424)->(11,24,27.9708)->(10,24,29.2887)->(9,24,29.9708)->(8,24,30.5387)->(7,24,31.0746)->(6,24,31.6424)->(5,24,32.3246)->(4,24,33.6424)->(3,24,5016.53)->
Agent 32:(12,22,3.8)->(13,22,7.01421)->(14,22,8.33205)->(15,22,9.01421)->(16,22,9.58205)->(17,22,10.1179)->(18,22,10.6858)->(19,22,11.3679)->(20,22,12.6858)->(21,22,15.3142)->(21,23,18.9142)->(20,23,21.5426)->(19,23,22.9569)->(18,23,24.3711)->(17,23,26.9995)->(17,24,31.0137)->(16,24,5015.91)->
Agent 33:(1,17,3.21421)->(2,17,6.42843)->(3,17,9.22843)->(3,16,11.4426)->(3,15,12.7605)->(3,14,13.4522)->(3,13,14.0879)->(3,12,14.7797)->(3,11,16.0975)->(3,10,19.2738)->(4,10,22.4501)->(5,10,23.7679)->(6,10,24.4501)->(7,10,25.0179)->(8,10,25.5359)->(9,10,26.0538)->(10,10,26.6217)->(11,10,27.3038)->(12,10,28.6217)->(13,10,31.5302)->(13,9,34.4388)->(13,8,35.7566)->(13,7,36.4388)->(13,6,37.0066)->(13,5,37.5425)->(13,4,38.1103)->(13,3,38.7925)->(13,2,40.1103)->(13,1,42.7388)->(14,1,5021.56)->
Agent 34:(10,22,2.61421)->(10,21,5.61421)->(9,21,8.24264)->(8,21,9.56048)->(7,21,10.2426)->(6,21,10.8284)->(5,21,11.4142)->(4,21,12.0964)->(3,21,13.4142)->(2,21,16.4426)->(3,21,5008.61)->
Agent 35:(3,3,1.3)->(3,4,2.01421)->(3,5,3.42843)->(3,6,4.84264)->(3,7,7.05685)->(4,7,9.27107)->(5,7,10.5889)->(6,7,11.2807)->(7,7,11.9163)->(8,7,12.6081)->(9,7,13.926)->(10,7,16.2701)->(10,8,18.6142)->(10,9,19.9321)->(10,10,20.6142)->(10,11,21.1821)->(10,12,21.7)->(10,13,22.2)->(10,14,22.7)->(10,15,23.2)->(10,16,23.7179)->(10,17,24.2858)->(10,18,24.9679)->(10,19,26.2858)->(10,20,28.5)->(11,20,30.7142)->(12,20,32.0321)->(13,20,32.7142)->(14,20,33.2821)->(15,20,33.8)->(16,20,34.3)->(17,20,34.8179)->(18,20,35.3858)->(19,20,36.0679)->(20,20,37.3858)->(21,20,40.0142)->(21,21,43.6142)->(22,21,46.2426)->(23,21,47.5605)->(24,21,48.2925)->(25,21,49.0246)->(26,21,50.3424)->(27,21,5024.88)->
Agent 36:(31,23,2.2)->(31,22,3.84949)->(31,21,5.84949)->(31,20,8.49949)->(30,20,11.1142)->(29,20,12.4321)->(28,20,13.1142)->(27,20,13.6821)->(26,20,14.2)->(25,20,14.7)->(24,20,15.2)->(23,20,15.7)->(22,20,16.2179)->(21,20,16.7858)->(20,20,17.4679)->(19,20,18.7858)->(18,20,21.2179)->(18,19,23.6854)->(18,18,25.6854)->(18,17,33.1243)->(17,17,5019.14)->
Agent 37:(11,18,2.71228)->(11,17,4.83877)->(11,16,6.15661)->(11,15,6.83877)->(11,14,7.40661)->(11,13,7.92456)->(11,12,8.42456)->(11,11,8.92456)->(11,10,9.42456)->(11,9,9.92456)->(11,8,10.4246)->(11,7,10.9246)->(11,6,11.4246)->(11,5,11.9246)->(11,4,12.4425)->(11,3,13.0103)->(11,2,13.6925)->(11,1,15.0103)->(11,0,17.2246)->(12,0,19.4388)->(13,0,20.853)->(14,0,22.2672)->(15,0,24.8956)->(15,1,28.4956)->(16,1,31.1241)->(17,1,32.4419)->(18,1,33.1241)->(19,1,33.6919)->(20,1,34.2098)->(21,1,34.7278)->(22,1,35.2956)->(23,1,35.9778)->(24,1,37.2956)->(25,1,39.9241)->(25,2,5020.15)->
Agent 38:(15,1,2.61421)->(15,0,5.61421)->(16,0,8.24264)->(17,0,9.57649)->(18,0,10.4049)->(19,0,11.7388)->(20,0,17.1642)->(20,1,22.5897)->(20,2,23.9235)->(20,3,24.7519)->(20,4,26.0858)->(20,5,28.3)->(19,5,30.5495)->(18,5,32.5495)->(17,5,35.7458)->(17,6,40.2925)->(18,6,5020.55)->
Agent 39:(20,1,1.92832)->(19,1,3.27084)->(18,1,4.58868)->(17,1,5.27084)->(16,1,5.83868)->(15,1,6.35663)->(14,1,6.85663)->(13,1,7.35663)->(12,1,7.85663)->(11,1,8.37458)->(10,1,8.94242)->(9,1,9.62458)->(8,1,10.9424)->(7,1,13.5708)->(7,0,17.5851)->(6,0,25.071)->(6,1,33.2463)->(6,0,5017.37)->
Agent 40:(17,24,2.21421)->(18,24,5.11795)->(18,23,8.05011)->(18,22,9.36795)->(18,21,10.0501)->(18,20,10.6179)->(18,19,11.1359)->(18,18,11.6359)->(18,17,12.1359)->(18,16,12.6359)->(18,15,13.1538)->(18,14,13.7217)->(18,13,14.4038)->(18,12,15.7217)->(18,11,21.0464)->(17,11,26.3711)->(16,11,27.6889)->(15,11,28.3711)->(14,11,28.9389)->(13,11,29.4569)->(12,11,29.9569)->(11,11,30.4569)->(10,11,30.9569)->(9,11,31.4569)->(8,11,31.9569)->(7,11,32.4748)->(6,11,33.0426)->(5,11,33.7248)->(4,11,35.0426)->(3,11,37.2569)->(3,10,39.4711)->(3,9,40.7889)->(3,8,41.4711)->(3,7,42.0389)->(3,6,42.5569)->(3,5,43.0748)->(3,4,43.6426)->(3,3,44.3248)->(3,2,45.6426)->(3,1,5022.53)->
Agent 41:(9,27,2.2)->(10,27,3.81421)->(11,27,5.13205)->(12,27,5.81421)->(13,27,6.38205)->(14,27,6.9)->(15,27,7.4)->(16,27,7.91795)->(17,27,8.48579)->(18,27,9.16795)->(19,27,10.4858)->(20,27,13.1142)->(20,28,17.7407)->(20,27,21.3956)->(20,26,22.7135)->(20,25,23.3956)->(20,24,23.9635)->(20,23,24.4814)->(20,22,24.9814)->(20,21,25.4814)->(20,20,25.9814)->(20,19,26.4814)->(20,18,26.9814)->(20,17,27.4814)->(20,16,27.9814)->(20,15,28.4814)->(20,14,28.9814)->(20,13,29.4814)->(20,12,29.9994)->(20,11,30.5672)->(20,10,31.2494)->(20,9,32.5672)->(20,8,35.1956)->(21,8,38.7956)->(21,7,41.4241)->(21,6,42.7419)->(21,5,43.4739)->(21,4,44.206)->(21,3,45.5238)->(21,2,5022.47)->
Agent 42:(19,12,2.15011)->(18,12,3.71444)->(17,12,5.03227)->(16,12,5.76433)->(15,12,6.49638)->(14,12,7.81421)->(13,12,11.0368)->(13,11,14.2593)->(13,10,15.5772)->(13,9,16.2593)->(13,8,16.8272)->(13,7,17.3451)->(13,6,17.8451)->(13,5,18.3631)->(13,4,18.9309)->(13,3,19.6131)->(13,2,20.9309)->(13,1,23.1451)->(12,1,25.3593)->(11,1,26.6932)->(10,1,27.5216)->(9,1,28.8555)->(8,1,5014.13)->
Agent 43:(5,31,2.21421)->(6,31,6.72843)->(6,30,11.2711)->(6,29,12.5889)->(6,28,13.2711)->(6,27,13.8389)->(6,26,14.3569)->(6,25,14.8569)->(6,24,15.3569)->(6,23,15.8569)->(6,22,16.3569)->(6,21,16.8569)->(6,20,17.3569)->(6,19,17.8569)->(6,18,18.3748)->(6,17,18.9426)->(6,16,19.6248)->(6,15,20.9426)->(6,14,24.8606)->(7,14,32.2822)->(7,15,38.0284)->(7,16,5019.01)->
Agent 44:(11,28,10.4784)->(11,27,20.3711)->(11,26,21.6889)->(11,25,22.3711)->(11,24,22.9389)->(11,23,23.4569)->(11,22,23.9569)->(11,21,24.4569)->(11,20,24.9569)->(11,19,25.4569)->(11,18,25.9569)->(11,17,26.4569)->(11,16,26.9569)->(11,15,27.4569)->(11,14,27.9569)->(11,13,28.4569)->(11,12,28.9569)->(11,11,29.4569)->(11,10,29.9569)->(11,9,30.4569)->(11,8,30.9569)->(11,7,31.4569)->(11,6,31.9569)->(11,5,32.4569)->(11,4,32.9748)->(11,3,33.5426)->(11,2,34.2248)->(11,1,35.5426)->(11,0,37.7569)->(12,0,40.5569)->(13,0,5020.28)->
Agent 45:(23,16,1.3)->(23,17,2.01421)->(23,18,3.33205)->(23,19,4.0641)->(23,20,4.79615)->(23,21,6.11399)->(23,22,9.37244)->(24,22,12.6309)->(25,22,13.9487)->(26,22,14.6405)->(27,22,15.2762)->(28,22,15.9679)->(29,22,17.2858)->(30,22,19.5822)->(30,23,21.8785)->(30,24,23.1964)->(30,25,23.9284)->(30,26,24.6605)->(30,27,25.9783)->(30,28,5012.7)->
Agent 46:(16,26,2.2)->(16,25,3.81421)->(16,24,5.13205)->(16,23,5.81421)->(16,22,6.38205)->(16,21,6.9)->(16,20,7.4)->(16,19,7.9)->(16,18,8.4)->(16,17,8.9)->(16,16,9.4)->(16,15,9.9)->(16,14,10.4)->(16,13,10.9)->(16,12,11.4)->(16,11,11.9)->(16,10,12.4)->(16,9,12.9)->(16,8,13.4)->(16,7,13.9179)->(16,6,14.4858)->(16,5,15.1679)->(16,4,16.4858)->(16,3,18.7)->(15,3,20.9142)->(14,3,22.3284)->(13,3,23.7426)->(12,3,27.5426)->(12,2,5014.55)->
Agent 47:(19,5,2.4142)->(18,5,4.24261)->(17,5,5.56045)->(16,5,6.24261)->(15,5,6.81045)->(14,5,7.3284)->(13,5,7.8284)->(12,5,8.3284)->(11,5,8.84635)->(10,5,9.41419)->(9,5,10.0963)->(8,5,11.4142)->(7,5,13.6284)->(7,6,15.8426)->(7,7,17.1605)->(7,8,17.8426)->(7,9,18.4105)->(7,10,18.9284)->(7,11,19.4284)->(7,12,19.9284)->(7,13,20.4284)->(7,14,20.9284)->(7,15,21.4284)->(7,16,21.9284)->(7,17,22.4284)->(7,18,22.9284)->(7,19,23.4284)->(7,20,23.9284)->(7,21,24.4284)->(7,22,24.9284)->(7,23,25.4284)->(7,24,25.9284)->(7,25,26.4284)->(7,26,26.9463)->(7,27,27.5142)->(7,28,28.1963)->(7,29,29.5142)->(7,30,5014.46)->
Agent 48:(29,3,3.66421)->(28,3,6.74264)->(27,3,8.06048)->(26,3,8.74264)->(25,3,9.31048)->(24,3,9.82843)->(23,3,10.3284)->(22,3,10.8284)->(21,3,11.3284)->(20,3,11.8284)->(19,3,12.3284)->(18,3,12.8284)->(17,3,13.3284)->(16,3,13.8284)->(15,3,14.3284)->(14,3,14.8284)->(13,3,15.3284)->(12,3,15.8284)->(11,3,16.3284)->(10,3,16.8284)->(9,3,17.3464)->(8,3,17.9142)->(7,3,18.5964)->(6,3,19.9142)->(5,3,22.7641)->(5,4,25.614)->(5,5,26.9318)->(5,6,27.614)->(5,7,28.1818)->(5,8,28.6998)->(5,9,29.2177)->(5,10,29.7856)->(5,11,30.4677)->(5,12,31.7856)->(5,13,5015.6)->
Agent 49:(9,30,1.8)->(8,30,3.01421)->(7,30,4.33205)->(6,30,5.01421)->(5,30,5.58205)->(4,30,6.11795)->(3,30,6.68579)->(2,30,7.36795)->(1,30,8.68579)->(0,30,10.9)->(0,29,13.1142)->(0,28,14.4321)->(0,27,15.1142)->(0,26,15.6821)->(0,25,16.2)->(0,24,16.7)->(0,23,17.2)->(0,22,17.7)->(0,21,18.2)->(0,20,18.7)->(0,19,19.2)->(0,18,19.7)->(0,17,20.2)->(0,16,20.7)->(0,15,21.2)->(0,14,21.7)->(0,13,22.2)->(0,12,22.7)->(0,11,23.2179)->(0,10,23.7858)->(0,9,24.4679)->(0,8,25.7858)->(0,7,28.4142)->(1,7,33.4925)->(0,7,38.9851)->(0,6,5019.89)->
Agent 50:(13,13,5.67843)->(13,14,10.7711)->(13,15,12.0889)->(13,16,12.7711)->(13,17,13.3389)->(13,18,13.8569)->(13,19,14.3569)->(13,20,14.8569)->(13,21,15.3569)->(13,22,15.8569)->(13,23,16.3569)->(13,24,16.8569)->(13,25,17.3748)->(13,26,17.9426)->(13,27,18.6248)->(13,28,19.9426)->(13,29,22.1569)->(14,29,24.3711)->(15,29,25.7853)->(16,29,27.1995)->(17,29,5013.31)->
Agent 51:(8,13,2.17894)->(8,14,3.80736)->(8,15,5.80736)->(8,16,8.30685)->(9,16,10.7711)->(10,16,12.0889)->(11,16,12.7711)->(12,16,13.3389)->(13,16,13.8569)->(14,16,14.3569)->(15,16,14.8569)->(16,16,15.3569)->(17,16,15.8569)->(18,16,16.3569)->(19,16,16.8569)->(20,16,17.3569)->(21,16,17.8569)->(22,16,18.3569)->(23,16,18.8569)->(24,16,19.3569)->(25,16,19.8569)->(26,16,20.3748)->(27,16,20.9426)->(28,16,21.6248)->(29,16,22.9426)->(30,16,25.5711)->(30,15,5012.98)->
Agent 52:(16,10,1.8)->(15,10,3.01421)->(14,10,4.33205)->(13,10,5.01421)->(12,10,5.6)->(11,10,6.18579)->(10,10,6.86795)->(9,10,8.18579)->(8,10,11.5321)->(8,9,14.8783)->(8,8,16.1962)->(8,7,16.8783)->(8,6,17.4462)->(8,5,17.9821)->(8,4,18.5499)->(8,3,19.2321)->(8,2,20.5499)->(8,1,23.1783)->(7,1,30.2463)->(7,0,37.3142)->(8,0,39.9426)->(9,0,41.2765)->(10,0,42.1049)->(11,0,43.4388)->(12,0,5021.43)->
Agent 53:(21,10,3.21421)->(21,11,5.84264)->(21,12,7.16048)->(21,13,7.85225)->(21,14,8.48792)->(21,15,9.17969)->(21,16,10.4975)->(21,17,18.5058)->(22,17,26.514)->(23,17,27.8318)->(24,17,28.5639)->(25,17,29.2959)->(26,17,30.6138)->(27,17,5015.01)->
Agent 54:(12,3,1.61784)->(12,4,2.64989)->(12,5,3.96773)->(12,6,4.64989)->(12,7,5.21773)->(12,8,5.73567)->(12,9,6.25362)->(12,10,6.82146)->(12,11,7.50362)->(12,12,8.82146)->(12,13,11.0357)->(13,13,13.2499)->(14,13,14.5677)->(15,13,15.2998)->(16,13,16.0318)->(17,13,17.3497)->(18,13,19.5639)->(18,14,21.8134)->(18,15,23.8134)->(18,16,5011.63)->
Agent 55:(31,10,2.2)->(31,9,3.81421)->(31,8,5.13205)->(31,7,5.81421)->(31,6,6.38205)->(31,5,6.91795)->(31,4,7.48579)->(31,3,8.16795)->(31,2,9.48579)->(31,1,11.7)->(30,1,13.9142)->(29,1,15.2321)->(28,1,15.9142)->(27,1,16.4821)->(26,1,17)->(25,1,17.5)->(24,1,18)->(23,1,18.5)->(22,1,19)->(21,1,19.5)->(20,1,20)->(19,1,20.5)->(18,1,21.0179)->(17,1,21.5858)->(16,1,22.2679)->(15,1,23.5858)->(14,1,27.9642)->(14,2,5015.05)->
Agent 56:(20,30,3.62832)->(19,30,6.67084)->(18,30,7.98868)->(17,30,8.67084)->(16,30,9.23868)->(15,30,9.75663)->(14,30,10.2566)->(13,30,10.7566)->(12,30,11.2566)->(11,30,11.7566)->(10,30,12.2566)->(9,30,12.7566)->(8,30,13.2566)->(7,30,13.7566)->(6,30,14.2566)->(5,30,14.7566)->(4,30,15.2746)->(3,30,15.8424)->(2,30,16.5246)->(1,30,17.8424)->(0,30,20.0566)->(0,29,22.2708)->(0,28,23.5887)->(0,27,24.2708)->(0,26,24.8387)->(0,25,25.3566)->(0,24,25.8566)->(0,23,26.3566)->(0,22,26.8566)->(0,21,27.3566)->(0,20,27.8566)->(0,19,28.3566)->(0,18,28.8566)->(0,17,29.3566)->(0,16,29.8566)->(0,15,30.3566)->(0,14,30.8566)->(0,13,31.3566)->(0,12,31.8566)->(0,11,32.3566)->(0,10,32.8566)->(0,9,33.3746)->(0,8,33.9424)->(0,7,34.6246)->(0,6,35.9424)->(0,5,5017.68)->
Agent 57:(3,11,2.74949)->(4,11,4.91319)->(5,11,6.24704)->(6,11,7.07547)->(7,11,8.40932)->(8,11,12.2438)->(8,12,16.0783)->(8,13,17.3962)->(8,14,18.0783)->(8,15,18.6462)->(8,16,19.1641)->(8,17,19.6641)->(8,18,20.1641)->(8,19,20.6821)->(8,20,21.2499)->(8,21,21.9321)->(8,22,23.2499)->(8,23,25.4641)->(9,23,27.6783)->(10,23,28.9962)->(11,23,29.6783)->(12,23,30.2641)->(13,23,30.8499)->(14,23,31.5321)->(15,23,32.8499)->(16,23,5016.13)->
Agent 58:(3,9,1.8)->(4,9,3.01421)->(5,9,4.33205)->(6,9,5.01421)->(7,9,5.58205)->(8,9,6.1)->(9,9,6.6)->(10,9,7.1)->(11,9,7.6)->(12,9,8.1)->(13,9,8.6)->(14,9,9.1)->(15,9,9.6)->(16,9,10.1)->(17,9,10.6)->(18,9,11.1)->(19,9,11.6)->(20,9,12.1)->(21,9,12.6179)->(22,9,13.1858)->(23,9,13.8679)->(24,9,15.1858)->(25,9,17.9784)->(25,10,20.7711)->(25,11,22.0889)->(25,12,22.7711)->(25,13,23.3389)->(25,14,23.8748)->(25,15,24.4426)->(25,16,25.1248)->(25,17,26.4426)->(25,18,5012.93)->
Agent 59:(30,30,6.1)->(30,29,11.6142)->(30,28,12.9321)->(30,27,13.6142)->(30,26,14.1821)->(30,25,14.7)->(30,24,15.2)->(30,23,15.7)->(30,22,16.2)->(30,21,16.7)->(30,20,17.2)->(30,19,17.7)->(30,18,18.2)->(30,17,18.7)->(30,16,19.2)->(30,15,19.7)->(30,14,20.2)->(30,13,20.7)->(30,12,21.2)->(30,11,21.7)->(30,10,22.2)->(30,9,22.7)->(30,8,23.2)->(30,7,23.7179)->(30,6,24.2858)->(30,5,24.9679)->(30,4,26.2858)->(30,3,28.5)->(29,3,30.7142)->(28,3,32.0321)->(27,3,32.7641)->(26,3,33.4962)->(25,3,34.814)->(24,3,5017.11)->
Agent 60:(1,22,1.8)->(1,23,3.01421)->(1,24,4.42843)->(1,25,5.84264)->(1,26,8.05685)->(2,26,10.2711)->(3,26,11.5889)->(4,26,12.2711)->(5,26,12.8389)->(6,26,13.3569)->(7,26,13.8569)->(8,26,14.3569)->(9,26,14.8569)->(10,26,15.3569)->(11,26,15.8569)->(12,26,16.3569)->(13,26,16.8569)->(14,26,17.3569)->(15,26,17.8748)->(16,26,18.4426)->(17,26,19.1248)->(18,26,20.4426)->(19,26,5009.93)->
Agent 61:(4,8,2.35051)->(3,8,4.15051)->(2,8,6.15051)->(1,8,10.15)->(1,9,14.1142)->(1,10,15.4321)->(1,11,16.1238)->(1,12,16.7595)->(1,13,17.4513)->(1,14,18.7691)->(1,15,21.2133)->(2,15,23.6576)->(3,15,24.9754)->(4,15,25.7075)->(5,15,26.4395)->(6,15,27.7574)->(7,15,30.3858)->(7,16,34.4)->(8,16,5017.6)->
Agent 62:(7,1,1.71421)->(7,2,5.0141)->(8,2,8.84242)->(9,2,10.1603)->(10,2,10.8424)->(11,2,11.4103)->(12,2,11.9282)->(13,2,12.4282)->(14,2,12.9282)->(15,2,13.4282)->(16,2,13.9282)->(17,2,14.4282)->(18,2,14.9282)->(19,2,15.4282)->(20,2,15.9282)->(21,2,16.4282)->(22,2,16.9282)->(23,2,17.4282)->(24,2,17.9462)->(25,2,18.514)->(26,2,19.1962)->(27,2,20.514)->(28,2,22.7282)->(28,3,25.5282)->(28,4,5012.76)->
Agent 63:(4,20,1.53579)->(4,21,2.48579)->(4,22,3.80362)->(4,23,4.48579)->(4,24,5.07157)->(4,25,5.65736)->(4,26,6.33952)->(4,27,7.65736)->(4,28,12.6106)->(5,28,17.5638)->(6,28,18.8817)->(7,28,19.5638)->(8,28,20.1317)->(9,28,20.6496)->(10,28,21.1496)->(11,28,21.6496)->(12,28,22.1496)->(13,28,22.6496)->(14,28,23.1496)->(15,28,23.6496)->(16,28,24.1496)->(17,28,24.6496)->(18,28,25.1496)->(19,28,25.6496)->(20,28,26.1496)->(21,28,26.6496)->(22,28,27.1496)->(23,28,27.6496)->(24,28,28.1496)->(25,28,28.6676)->(26,28,29.2354)->(27,28,29.9176)->(28,28,31.2354)->(29,28,33.8638)->(29,29,37.878)->(30,29,5019.34)->
Agent 64:(4,23,1.95)->(5,23,3.31421)->(6,23,4.63205)->(7,23,5.31421)->(8,23,5.88205)->(9,23,6.4)->(10,23,6.91795)->(11,23,7.48579)->(12,23,8.16795)->(13,23,9.48579)->(14,23,11.7)->(14,22,13.9142)->(14,21,15.2321)->(14,20,15.9142)->(14,19,16.4821)->(14,18,17)->(14,17,17.5)->(14,16,18)->(14,15,18.5)->(14,14,19)->(14,13,19.5)->(14,12,20)->(14,11,20.5)->(14,10,21)->(14,9,21.5)->(14,8,22)->(14,7,22.5179)->(14,6,23.0858)->(14,5,23.7679)->(14,4,25.0858)->(14,3,27.7142)->(15,3,31.3142)->(15,2,33.9779)->(15,1,35.9779)->(15,0,5017.71)->
Agent 65:(25,10,1.8)->(24,10,3.6)->(23,10,6.4)->(23,11,8.61421)->(23,12,9.93205)->(23,13,10.6142)->(23,14,11.1821)->(23,15,11.7)->(23,16,12.2)->(23,17,12.7)->(23,18,13.2179)->(23,19,13.7858)->(23,20,14.4679)->(23,21,15.7858)->(23,22,18)->(22,22,20.2142)->(21,22,21.6284)->(20,22,23.0426)->(19,22,25.6711)->(19,23,5013.03)->
Agent 66:(14,24,1.8)->(13,24,3.6)->(12,24,6.8)->(13,24,9.41421)->(14,24,10.7321)->(15,24,11.4142)->(16,24,11.9821)->(17,24,12.5)->(18,24,13)->(19,24,13.5)->(20,24,14)->(21,24,14.5)->(22,24,15)->(23,24,15.5179)->(24,24,16.0858)->(25,24,16.7679)->(26,24,18.0858)->(27,24,20.3)->(27,23,22.5142)->(27,22,23.8321)->(27,21,24.5142)->(27,20,25.0821)->(27,19,25.6)->(27,18,26.1)->(27,17,26.6)->(27,16,27.1)->(27,15,27.6)->(27,14,28.1)->(27,13,28.6)->(27,12,29.1)->(27,11,29.6)->(27,10,30.1)->(27,9,30.6)->(27,8,31.1179)->(27,7,31.6858)->(27,6,32.3679)->(27,5,33.6858)->(27,4,5016.55)->
Agent 67:(2,16,1.3)->(2,17,2.01421)->(2,18,3.42843)->(2,19,4.84264)->(2,20,7.05685)->(3,20,9.27107)->(4,20,10.5889)->(5,20,11.2711)->(6,20,11.8389)->(7,20,12.3569)->(8,20,12.8569)->(9,20,13.3748)->(10,20,13.9426)->(11,20,14.6248)->(12,20,15.9426)->(13,20,18.1569)->(13,21,20.3711)->(13,22,21.7049)->(13,23,22.5333)->(13,24,23.8672)->(13,25,26.0814)->(14,25,28.2956)->(15,25,29.6135)->(16,25,30.2956)->(17,25,30.8635)->(18,25,31.3814)->(19,25,31.8814)->(20,25,32.3994)->(21,25,32.9672)->(22,25,33.6494)->(23,25,34.9672)->(24,25,5017.19)->
Agent 68:(26,11,1.3)->(26,12,2.6)->(26,13,7.28205)->(26,12,11.3783)->(26,11,12.6962)->(26,10,13.3783)->(26,9,13.9462)->(26,8,14.4641)->(26,7,14.9641)->(26,6,15.4641)->(26,5,15.9641)->(26,4,16.4821)->(26,3,17.0499)->(26,2,17.7321)->(26,1,19.0499)->(26,0,21.2641)->(25,0,23.4783)->(24,0,24.7962)->(23,0,25.4783)->(22,0,26.0462)->(21,0,26.5641)->(20,0,27.0641)->(19,0,27.5641)->(18,0,28.0641)->(17,0,28.5641)->(16,0,29.0641)->(15,0,29.5641)->(14,0,30.0641)->(13,0,30.5641)->(12,0,31.0641)->(11,0,31.5641)->(10,0,32.0641)->(9,0,32.5641)->(8,0,33.0641)->(7,0,33.5821)->(6,0,34.1499)->(5,0,34.8321)->(4,0,36.1499)->(3,0,5017.78)->
Agent 69:(6,29,4.93772)->(6,28,9.28966)->(6,27,10.6075)->(6,26,11.2897)->(6,25,11.8575)->(6,24,12.3754)->(6,23,12.8754)->(6,22,13.3754)->(6,21,13.8754)->(6,20,14.3754)->(6,19,14.8754)->(6,18,15.3754)->(6,17,15.8754)->(6,16,16.3754)->(6,15,16.8754)->(6,14,17.3754)->(6,13,17.8754)->(6,12,18.3754)->(6,11,18.8934)->(6,10,19.4612)->(6,9,20.1434)->(6,8,21.4612)->(6,7,23.6754)->(7,7,25.8897)->(8,7,27.2075)->(9,7,27.8897)->(10,7,28.4575)->(11,7,28.9754)->(12,7,29.4754)->(13,7,29.9754)->(14,7,30.4754)->(15,7,30.9754)->(16,7,31.4754)->(17,7,31.9754)->(18,7,32.4934)->(19,7,33.0612)->(20,7,33.7434)->(21,7,35.0612)->(22,7,5017.24)->
Agent 70:(10,31,2.21421)->(9,31,14.2179)->(10,31,26.2501)->(11,31,27.5679)->(12,31,28.3)->(13,31,29.0321)->(14,31,30.3499)->(15,31,5014.88)->
Agent 71:(4,0,1.88579)->(4,1,3.18579)->(4,2,4.50362)->(4,3,5.18579)->(4,4,5.75362)->(4,5,6.27157)->(4,6,6.77157)->(4,7,7.27157)->(4,8,7.77157)->(4,9,8.27157)->(4,10,8.77157)->(4,11,9.27157)->(4,12,9.77157)->(4,13,10.2716)->(4,14,10.7716)->(4,15,11.2716)->(4,16,11.7716)->(4,17,12.2716)->(4,18,12.7716)->(4,19,13.2716)->(4,20,13.7716)->(4,21,14.2895)->(4,22,14.8574)->(4,23,15.5395)->(4,24,16.8574)->(4,25,19.0716)->(3,25,21.3211)->(2,25,23.3211)->(1,25,25.9848)->(1,26,5013.19)->
Agent 72:(26,23,2.72244)->(25,23,4.8591)->(24,23,6.17694)->(23,23,6.86871)->(22,23,7.50438)->(21,23,8.19615)->(20,23,9.51399)->(19,23,11.7282)->(19,22,13.9424)->(19,21,15.2603)->(19,20,15.9923)->(19,19,16.7244)->(19,18,18.0422)->(19,17,5008.73)->
Agent 73:(27,6,1.71421)->(27,7,3.81421)->(26,7,6.44264)->(25,7,7.76048)->(24,7,8.44264)->(23,7,9.01048)->(22,7,9.52843)->(21,7,10.0284)->(20,7,10.5284)->(19,7,11.0284)->(18,7,11.5284)->(17,7,12.0284)->(16,7,12.5464)->(15,7,13.1142)->(14,7,13.7964)->(13,7,15.1142)->(12,7,17.3284)->(12,8,19.5426)->(12,9,20.8605)->(12,10,21.5925)->(12,11,22.3246)->(12,12,23.6424)->(12,13,26.7567)->(12,12,29.8711)->(12,11,31.1889)->(12,10,31.8711)->(12,9,32.4389)->(12,8,32.9569)->(12,7,33.4748)->(12,6,34.0426)->(12,5,34.7248)->(12,4,36.0426)->(12,3,38.6711)->(11,3,42.2711)->(11,2,44.9348)->(11,1,46.9348)->(11,0,5023.19)->
Agent 74:(4,14,4.2)->(5,14,7.81421)->(6,14,9.13205)->(7,14,9.81421)->(8,14,10.3821)->(9,14,10.9)->(10,14,11.4)->(11,14,11.9)->(12,14,12.4)->(13,14,12.9)->(14,14,13.4)->(15,14,13.9)->(16,14,14.4)->(17,14,14.9)->(18,14,15.4179)->(19,14,15.9858)->(20,14,16.6679)->(21,14,17.9858)->(22,14,20.2)->(22,15,22.4142)->(22,16,23.7321)->(22,17,24.4641)->(22,18,25.1962)->(22,19,26.514)->(22,20,5012.96)->
Agent 75:(6,19,2.2)->(6,18,3.84949)->(6,17,5.84949)->(6,16,10.5872)->(5,16,15.2897)->(4,16,16.6235)->(3,16,17.4519)->(2,16,18.7858)->(1,16,5009.1)->
Agent 76:(21,30,3.2641)->(21,29,5.94242)->(21,28,7.26025)->(21,27,7.94242)->(21,26,8.51025)->(21,25,9.0282)->(21,24,9.5282)->(21,23,10.0462)->(21,22,10.614)->(21,21,11.2962)->(21,20,12.614)->(21,19,16.1224)->(20,19,19.6309)->(19,19,20.9487)->(18,19,21.6405)->(17,19,22.2762)->(16,19,22.9679)->(15,19,24.2858)->(14,19,5011.85)->
Agent 77:(19,31,2.2141)->(19,30,3.84242)->(19,29,5.16025)->(19,28,5.84242)->(19,27,6.41025)->(19,26,6.9282)->(19,25,7.4282)->(19,24,7.9282)->(19,23,8.4282)->(19,22,8.9282)->(19,21,9.4282)->(19,20,9.9282)->(19,19,10.4282)->(19,18,10.9282)->(19,17,11.4282)->(19,16,11.9282)->(19,15,12.4282)->(19,14,12.9282)->(19,13,13.4462)->(19,12,14.014)->(19,11,14.6962)->(19,10,16.014)->(19,9,18.2282)->(18,9,20.4424)->(17,9,21.7603)->(16,9,22.4424)->(15,9,23.0103)->(14,9,23.5282)->(13,9,24.0282)->(12,9,24.5282)->(11,9,25.0282)->(10,9,25.5282)->(9,9,26.0282)->(8,9,26.5282)->(7,9,27.0282)->(6,9,27.5462)->(5,9,28.114)->(4,9,28.7962)->(3,9,30.114)->(2,9,32.3282)->(2,8,34.5777)->(2,7,36.5777)->(2,6,39.2414)->(1,6,5019.81)->
Agent 78:(21,1,1.8)->(21,2,3.01421)->(21,3,4.33205)->(21,4,5.01421)->(21,5,5.58205)->(21,6,6.1)->(21,7,6.6)->(21,8,7.1)->(21,9,7.6)->(21,10,8.1)->(21,11,8.61795)->(21,12,9.18579)->(21,13,9.86795)->(21,14,11.1858)->(21,15,13.4)->(20,15,15.6142)->(19,15,16.9321)->(18,15,17.6142)->(17,15,18.1821)->(16,15,18.7)->(15,15,19.2)->(14,15,19.7)->(13,15,20.2)->(12,15,20.7179)->(11,15,21.2858)->(10,15,21.9679)->(9,15,23.2858)->(8,15,5011.35)->
Agent 79:(25,12,1.3)->(25,13,2.01421)->(25,14,3.34806)->(25,15,4.17649)->(25,16,5.51034)->(25,17,8.13877)->(26,17,17.2407)->(26,18,25.3711)->(26,19,26.6889)->(26,20,27.3711)->(26,21,27.9569)->(26,22,28.5426)->(26,23,29.2248)->(26,24,30.5426)->(26,25,5014.98)->
Agent 80:(3,18,2.8)->(3,17,5.01421)->(3,16,6.33205)->(3,15,7.01421)->(3,14,7.58205)->(3,13,8.1)->(3,12,8.6)->(3,11,9.11795)->(3,10,9.68579)->(3,9,10.3679)->(3,8,11.6858)->(3,7,13.9)->(4,7,16.1142)->(5,7,17.4321)->(6,7,18.1641)->(7,7,18.8962)->(8,7,20.214)->(9,7,22.4282)->(9,6,25.2282)->(9,5,29.0925)->(10,5,32.9569)->(11,5,5016.48)->
Agent 81:(11,3,1.71421)->(11,4,3.81421)->(10,4,6.44264)->(9,4,7.85685)->(8,4,9.27107)->(7,4,14.8426)->(7,5,20.4142)->(7,6,21.7321)->(7,7,22.4142)->(7,8,22.9821)->(7,9,23.5)->(7,10,24)->(7,11,24.5)->(7,12,25)->(7,13,25.5)->(7,14,26.0179)->(7,15,26.5858)->(7,16,27.2679)->(7,17,28.5858)->(7,18,5014)->
Agent 82:(10,26,3.61421)->(11,26,6.64264)->(12,26,7.96048)->(13,26,8.65225)->(14,26,9.28792)->(15,26,9.97969)->(16,26,11.2975)->(17,26,13.5117)->(17,25,15.726)->(17,24,17.0438)->(17,23,17.726)->(17,22,18.2938)->(17,21,18.8117)->(17,20,19.3117)->(17,19,19.8117)->(17,18,20.3117)->(17,17,20.8117)->(17,16,21.3117)->(17,15,21.8117)->(17,14,22.3117)->(17,13,22.8117)->(17,12,23.3117)->(17,11,23.8117)->(17,10,24.3117)->(17,9,24.8117)->(17,8,25.3117)->(17,7,25.8297)->(17,6,26.3975)->(17,5,27.0797)->(17,4,28.3975)->(17,3,31.026)->(18,3,5015.71)->
Agent 83:(30,0,1.3)->(30,1,2.01421)->(30,2,3.34806)->(30,3,4.17649)->(30,4,5.51034)->(30,5,8.48023)->(29,5,11.4501)->(28,5,12.7679)->(27,5,13.4501)->(26,5,14.0179)->(25,5,14.5359)->(24,5,15.0359)->(23,5,15.5538)->(22,5,16.1217)->(21,5,16.8038)->(20,5,18.1217)->(19,5,20.7501)->(19,4,28.1679)->(19,5,35.2)->(19,6,5017.6)->
Agent 84:(17,27,2.2)->(17,26,3.81421)->(17,25,5.13205)->(17,24,5.81421)->(17,23,6.38205)->(17,22,6.9)->(17,21,7.4)->(17,20,7.9)->(17,19,8.4)->(17,18,8.9)->(17,17,9.4)->(17,16,9.9)->(17,15,10.4)->(17,14,10.9179)->(17,13,11.4858)->(17,12,12.1679)->(17,11,13.4858)->(17,10,15.7)->(16,10,18.5)->(15,10,26.0142)->(15,9,32.9426)->(15,8,34.2605)->(15,7,34.9925)->(15,6,35.7246)->(15,5,37.0424)->(15,4,5018.23)->
Agent 85:(17,28,1.8)->(18,28,3.01421)->(19,28,4.33205)->(20,28,5.0641)->(21,28,5.79615)->(22,28,7.11399)->(23,28,9.3282)->(23,27,12.1282)->(23,26,5006.06)->
Agent 86:(5,5,1.71421)->(5,6,3.81421)->(6,6,6.44264)->(7,6,7.76048)->(8,6,8.44264)->(9,6,9.01048)->(10,6,9.52843)->(11,6,10.0284)->(12,6,10.5284)->(13,6,11.0284)->(14,6,11.5284)->(15,6,12.0284)->(16,6,12.5284)->(17,6,13.0464)->(18,6,13.6142)->(19,6,14.2964)->(20,6,15.6142)->(21,6,19.5142)->(21,7,24)->(21,8,26.8)->(20,8,29.6)->(19,8,5014.8)->
Agent 87:(31,26,2.2)->(31,25,4.4)->(31,24,13.0179)->(30,24,21.0501)->(29,24,22.3679)->(28,24,23.0501)->(27,24,23.6179)->(26,24,24.1359)->(25,24,24.6359)->(24,24,25.1359)->(23,24,25.6538)->(22,24,26.2217)->(21,24,26.9038)->(20,24,28.2217)->(19,24,5013.82)->
Agent 88:(1,25,2.21421)->(2,25,4.81421)->(2,24,7.44264)->(2,23,8.76048)->(2,22,9.44264)->(2,21,10.0105)->(2,20,10.5284)->(2,19,11.0284)->(2,18,11.5284)->(2,17,12.0284)->(2,16,12.5284)->(2,15,13.0284)->(2,14,13.5284)->(2,13,14.0464)->(2,12,14.6142)->(2,11,15.2964)->(2,10,16.6142)->(2,9,19.2426)->(1,9,5009.81)->
Agent 89:(21,11,2.21421)->(20,11,5.58216)->(20,10,8.97854)->(20,9,10.2964)->(20,8,10.9785)->(20,7,11.5643)->(20,6,12.1501)->(20,5,12.8323)->(20,4,14.1501)->(20,3,16.3643)->(21,3,18.5785)->(22,3,19.8964)->(23,3,20.5881)->(24,3,21.2238)->(25,3,21.9156)->(26,3,23.2334)->(27,3,25.4476)->(27,2,28.2476)->(27,1,31.0476)->(28,1,33.2971)->(29,1,35.2971)->(30,1,5017.37)->
Agent 90:(14,15,2.2)->(14,14,3.81421)->(14,13,5.13205)->(14,12,5.81421)->(14,11,6.38205)->(14,10,6.9)->(14,9,7.4)->(14,8,7.91795)->(14,7,8.48579)->(14,6,9.16795)->(14,5,10.4858)->(14,4,13.7083)->(13,4,16.9309)->(12,4,18.2487)->(11,4,18.9405)->(10,4,19.5762)->(9,4,20.2679)->(8,4,21.5858)->(7,4,24.2142)->(7,5,5012.3)->
Agent 91:(17,23,2.28205)->(17,22,3.97832)->(17,21,5.29615)->(17,20,5.97832)->(17,19,6.54615)->(17,18,7.0641)->(17,17,7.5641)->(17,16,8.0641)->(17,15,8.5641)->(17,14,9.0641)->(17,13,9.5641)->(17,12,10.0641)->(17,11,10.5821)->(17,10,11.1499)->(17,9,11.8321)->(17,8,13.1499)->(17,7,15.3641)->(16,7,17.5783)->(15,7,18.8962)->(14,7,19.5879)->(13,7,20.2236)->(12,7,20.9154)->(11,7,22.2332)->(10,7,24.4474)->(10,6,26.6969)->(10,5,28.6969)->(10,4,30.9464)->(9,4,33.7464)->(8,4,5016.87)->
Agent 92:(5,9,1.3)->(5,10,2.04949)->(5,11,4.04949)->(5,12,6.71319)->(6,12,12.2353)->(5,12,17.7574)->(5,13,20.3858)->(5,14,21.7196)->(5,15,22.5481)->(5,16,23.8819)->(5,17,5011.65)->
Agent 93:(5,8,2.46795)->(6,8,4.35011)->(7,8,5.66795)->(8,8,6.35011)->(9,8,6.91795)->(10,8,7.4359)->(11,8,7.9359)->(12,8,8.4359)->(13,8,8.9359)->(14,8,9.4359)->(15,8,9.9359)->(16,8,10.4359)->(17,8,10.9359)->(18,8,11.4359)->(19,8,11.9538)->(20,8,12.5217)->(21,8,13.2038)->(22,8,14.5217)->(23,8,16.7359)->(23,9,18.9501)->(23,10,20.2679)->(23,11,20.9501)->(23,12,21.5179)->(23,13,22.0359)->(23,14,22.5359)->(23,15,23.0359)->(23,16,23.5359)->(23,17,24.0359)->(23,18,24.5538)->(23,19,25.1217)->(23,20,25.8038)->(23,21,27.1217)->(23,22,5013.27)->
Agent 94:(13,21,6.49689)->(12,21,12.4433)->(11,21,14.4433)->(10,21,5006.95)->
Agent 95:(29,26,2.2)->(29,25,3.81421)->(29,24,5.13205)->(29,23,5.81421)->(29,22,6.38205)->(29,21,6.9)->(29,20,7.4)->(29,19,7.9)->(29,18,8.4)->(29,17,8.9)->(29,16,9.4)->(29,15,9.9)->(29,14,10.4)->(29,13,10.9)->(29,12,11.4179)->(29,11,11.9858)->(29,10,12.6679)->(29,9,13.9858)->(29,8,16.2)->(28,8,18.4142)->(27,8,19.7321)->(26,8,20.4142)->(25,8,20.9821)->(24,8,21.5)->(23,8,22.0179)->(22,8,22.5858)->(21,8,23.2679)->(20,8,24.5858)->(19,8,26.8)->(19,7,29.6)->(19,6,32.4)->(18,6,34.6142)->(17,6,35.9321)->(16,6,36.6142)->(15,6,37.1821)->(14,6,37.7)->(13,6,38.2)->(12,6,38.7)->(11,6,39.2179)->(10,6,39.7858)->(9,6,40.4679)->(8,6,41.7858)->(7,6,5020.6)->
Agent 96:(27,11,2.4142)->(26,11,4.27789)->(25,11,6.27789)->(24,11,12.9637)->(24,12,19.6142)->(24,13,21.0284)->(24,14,22.4426)->(24,15,5010.93)->
Agent 97:(24,4,2.38579)->(23,4,4.18579)->(22,4,5.50362)->(21,4,6.18579)->(20,4,6.75362)->(19,4,7.28952)->(18,4,7.85736)->(17,4,8.53952)->(16,4,9.85736)->(15,4,12.0716)->(15,5,14.2858)->(15,6,15.6036)->(15,7,16.2858)->(15,8,16.8536)->(15,9,17.3716)->(15,10,17.8716)->(15,11,18.3716)->(15,12,18.8716)->(15,13,19.3716)->(15,14,19.8716)->(15,15,20.3716)->(15,16,20.8716)->(15,17,21.3716)->(15,18,21.8716)->(15,19,22.3716)->(15,20,22.8716)->(15,21,23.3716)->(15,22,23.8716)->(15,23,24.3716)->(15,24,24.8716)->(15,25,25.3895)->(15,26,25.9574)->(15,27,26.6395)->(15,28,27.9574)->(15,29,5013.69)->
Agent 98:(18,11,2.8)->(17,11,5.04949)->(16,11,7.04949)->(15,11,9.71319)->(15,10,13.3132)->(14,10,16.5274)->(13,10,21.5278)->(13,9,25.9424)->(13,8,27.2603)->(13,7,27.9424)->(13,6,28.5103)->(13,5,29.0282)->(13,4,29.5462)->(13,3,30.114)->(13,2,30.7962)->(13,1,32.114)->(13,0,34.7424)->(14,0,5017.56)->
Agent 99:(7,17,1.71421)->(7,18,4.26795)->(8,18,7.35011)->(9,18,8.66795)->(10,18,9.35011)->(11,18,9.91795)->(12,18,10.4359)->(13,18,10.9359)->(14,18,11.4359)->(15,18,11.9359)->(16,18,12.4359)->(17,18,12.9359)->(18,18,13.4359)->(19,18,13.9359)->(20,18,14.4359)->(21,18,14.9359)->(22,18,15.4359)->(23,18,15.9359)->(24,18,16.4359)->(25,18,16.9359)->(26,18,17.4359)->(27,18,17.9538)->(28,18,18.5217)->(29,18,19.2038)->(30,18,20.5217)->(31,18,23.1501)->(31,19,5011.77)->
Agent 100:(31,18,2.2)->(31,17,3.81421)->(31,16,5.13205)->(31,15,5.81421)->(31,14,6.38205)->(31,13,6.9)->(31,12,7.4)->(31,11,7.91795)->(31,10,8.48579)->(31,9,9.16795)->(31,8,10.4858)->(31,7,12.7)->(30,7,14.9142)->(29,7,16.2321)->(28,7,16.9142)->(27,7,17.4821)->(26,7,18)->(25,7,18.5)->(24,7,19)->(23,7,19.5)->(22,7,20)->(21,7,20.5)->(20,7,21)->(19,7,21.5179)->(18,7,22.0858)->(17,7,22.7679)->(16,7,24.0858)->(15,7,26.7142)->(15,8,30.3142)->(14,8,32.9426)->(13,8,34.2765)->(12,8,35.1049)->(11,8,36.4388)->(10,8,5017.93)->
Agent 101:(28,21,3.21421)->(28,20,5.84264)->(28,19,7.16048)->(28,18,7.84264)->(28,17,8.42843)->(28,16,9.01421)->(28,15,9.69638)->(28,14,11.0142)->(28,13,13.2284)->(27,13,15.4426)->(26,13,16.7605)->(25,13,17.4925)->(24,13,18.2246)->(23,13,19.5424)->(22,13,22.1708)->(22,12,5011.28)->
Agent 102:(19,19,2.2)->(19,18,3.81421)->(19,17,5.13205)->(19,16,5.8641)->(19,15,6.59615)->(19,14,7.91399)->(19,13,10.1282)->(20,13,12.9282)->(21,13,17.5783)->(21,14,5009.7)->
Agent 103:(5,25,3.75362)->(5,24,6.92146)->(5,23,8.2393)->(5,22,8.92146)->(5,21,9.4893)->(5,20,10.0072)->(5,19,10.5072)->(5,18,11.0072)->(5,17,11.5072)->(5,16,12.0072)->(5,15,12.5072)->(5,14,13.0072)->(5,13,13.5072)->(5,12,14.0252)->(5,11,14.593)->(5,10,15.2752)->(5,9,16.593)->(5,8,20.4413)->(6,8,24.2897)->(7,8,25.7039)->(8,8,27.1181)->(9,8,5013.27)->
Agent 104:(26,21,2.21421)->(25,21,4.85)->(25,20,8.1)->(25,19,28.9283)->(25,20,49.7566)->(25,21,5024.88)->
Agent 105:(27,16,1.8)->(27,17,3.01421)->(27,18,4.33205)->(27,19,5.01421)->(27,20,5.58205)->(27,21,6.1)->(27,22,6.6)->(27,23,7.11795)->(27,24,7.68579)->(27,25,8.36795)->(27,26,9.68579)->(27,27,11.9)->(26,27,14.1142)->(25,27,15.4321)->(24,27,16.1142)->(23,27,16.6821)->(22,27,17.2)->(21,27,17.7)->(20,27,18.2)->(19,27,18.7)->(18,27,19.2)->(17,27,19.7)->(16,27,20.2)->(15,27,20.7)->(14,27,21.2)->(13,27,21.7)->(12,27,22.2)->(11,27,22.7)->(10,27,23.2)->(9,27,23.7)->(8,27,24.2)->(7,27,24.7)->(6,27,25.2)->(5,27,25.7)->(4,27,26.2179)->(3,27,26.7858)->(2,27,27.4679)->(1,27,28.7858)->(0,27,5014.1)->
Agent 106:(1,3,1.3)->(1,4,2.01421)->(1,5,3.33205)->(1,6,4.01421)->(1,7,4.58205)->(1,8,5.1)->(1,9,5.6)->(1,10,6.1)->(1,11,6.6)->(1,12,7.1)->(1,13,7.6)->(1,14,8.1)->(1,15,8.6)->(1,16,9.1)->(1,17,9.6)->(1,18,10.1)->(1,19,10.6)->(1,20,11.1)->(1,21,11.6)->(1,22,12.1179)->(1,23,12.6858)->(1,24,13.3679)->(1,25,14.6858)->(1,26,17.0716)->(2,26,19.4574)->(3,26,20.7752)->(4,26,21.4574)->(5,26,22.0252)->(6,26,22.5431)->(7,26,23.0431)->(8,26,23.5431)->(9,26,24.0431)->(10,26,24.5431)->(11,26,25.0431)->(12,26,25.5431)->(13,26,26.0431)->(14,26,26.5611)->(15,26,27.1289)->(16,26,27.8111)->(17,26,29.1289)->(18,26,31.7574)->(18,27,35.3574)->(19,27,37.9858)->(20,27,39.3036)->(21,27,39.9858)->(22,27,40.5536)->(23,27,41.0716)->(24,27,41.5716)->(25,27,42.0716)->(26,27,42.5895)->(27,27,43.1574)->(28,27,43.8395)->(29,27,45.1574)->(30,27,5022.29)->
Agent 107:(17,19,2.2)->(17,18,3.81421)->(17,17,5.13205)->(17,16,5.81421)->(17,15,6.38205)->(17,14,6.9)->(17,13,7.4)->(17,12,7.9)->(17,11,8.4)->(17,10,8.9)->(17,9,9.4)->(17,8,9.91795)->(17,7,10.4858)->(17,6,11.1679)->(17,5,12.4858)->(17,4,16.3142)->(16,4,5008.95)->
Agent 108:(29,28,1.3)->(29,29,2.6)->(29,30,5.4)->(28,30,7.61421)->(27,30,8.93205)->(26,30,9.61421)->(25,30,10.1821)->(24,30,10.7)->(23,30,11.2179)->(22,30,11.7858)->(21,30,12.4679)->(20,30,13.7858)->(19,30,16)->(19,29,18.2495)->(19,28,20.2495)->(19,27,26.2569)->(19,28,32.2642)->(19,29,34.2642)->(19,30,5016.86)->
Agent 109:(5,12,1.71421)->(5,13,6.80362)->(6,13,12.4215)->(7,13,13.8357)->(8,13,15.2499)->(9,13,5007.33)->
Agent 110:(17,11,1.8)->(16,11,3.01421)->(15,11,4.33205)->(14,11,5.01421)->(13,11,5.6)->(12,11,6.18579)->(11,11,6.86795)->(10,11,8.18579)->(9,11,10.4)->(9,12,12.6142)->(9,13,13.9321)->(9,14,14.6142)->(9,15,15.1821)->(9,16,15.7)->(9,17,16.2)->(9,18,16.7179)->(9,19,17.2858)->(9,20,17.9679)->(9,21,19.2858)->(9,22,5009.35)->
Agent 111:(29,20,1.8)->(28,20,3.01421)->(27,20,4.33205)->(26,20,5.01421)->(25,20,5.58205)->(24,20,6.1)->(23,20,6.6)->(22,20,7.1)->(21,20,7.6)->(20,20,8.11795)->(19,20,8.68579)->(18,20,9.36795)->(17,20,10.6858)->(16,20,12.9)->(16,19,15.7)->(16,18,20.45)->(15,18,5011.19)->
Agent 112:(12,10,1.8)->(11,10,3.01421)->(10,10,4.33205)->(9,10,5.01421)->(8,10,5.58205)->(7,10,6.1)->(6,10,6.6)->(5,10,7.11795)->(4,10,7.68579)->(3,10,8.36795)->(2,10,9.68579)->(1,10,11.9)->(1,11,14.1142)->(1,12,15.4321)->(1,13,16.1142)->(1,14,16.6821)->(1,15,17.2)->(1,16,17.7)->(1,17,18.2)->(1,18,18.7)->(1,19,19.2)->(1,20,19.7)->(1,21,20.2)->(1,22,20.7)->(1,23,21.2)->(1,24,21.7)->(1,25,22.2)->(1,26,22.7)->(1,27,23.2179)->(1,28,23.7858)->(1,29,24.4679)->(1,30,25.7858)->(1,31,5012.6)->
Agent 113:(14,26,2.2)->(14,25,3.81421)->(14,24,5.13205)->(14,23,5.81421)->(14,22,6.38205)->(14,21,6.9)->(14,20,7.4)->(14,19,7.9)->(14,18,8.4)->(14,17,8.9)->(14,16,9.4)->(14,15,9.9)->(14,14,10.4)->(14,13,10.9)->(14,12,11.4179)->(14,11,11.9858)->(14,10,12.6679)->(14,9,13.9858)->(14,8,16.3858)->(15,8,18.7858)->(16,8,20.2)->(17,8,21.6142)->(18,8,5010.51)->
Agent 114:(17,16,1.8)->(16,16,3.01421)->(15,16,4.34806)->(14,16,5.17649)->(13,16,6.51034)->(12,16,9.13877)->(12,17,5004.76)->
Agent 115:(21,3,1.8)->(20,3,3.01421)->(19,3,4.33205)->(18,3,5.01421)->(17,3,5.58205)->(16,3,6.1)->(15,3,6.6)->(14,3,7.1)->(13,3,7.6)->(12,3,8.1)->(11,3,8.6)->(10,3,9.11795)->(9,3,9.68579)->(8,3,10.3679)->(7,3,11.6858)->(6,3,14.8)->(6,4,17.9495)->(6,5,19.9495)->(6,6,5009.7)->
Agent 116:(0,18,4.5)->(0,17,8.41421)->(0,16,9.73205)->(0,15,10.4142)->(0,14,10.9821)->(0,13,11.5)->(0,12,12)->(0,11,12.5)->(0,10,13)->(0,9,13.5)->(0,8,14)->(0,7,14.5)->(0,6,15.0179)->(0,5,15.5858)->(0,4,16.2679)->(0,3,17.5858)->(0,2,19.8)->(1,2,22.0142)->(2,2,23.3321)->(3,2,24.0142)->(4,2,24.5821)->(5,2,25.1)->(6,2,25.6)->(7,2,26.1)->(8,2,26.6)->(9,2,27.1)->(10,2,27.6)->(11,2,28.1)->(12,2,28.6)->(13,2,29.1)->(14,2,29.6)->(15,2,30.1179)->(16,2,30.6858)->(17,2,31.3679)->(18,2,32.6858)->(19,2,5016.05)->
Agent 117:(11,27,2.2)->(11,26,3.81421)->(11,25,5.13205)->(11,24,5.81421)->(11,23,6.38205)->(11,22,6.9)->(11,21,7.4)->(11,20,7.9)->(11,19,8.4)->(11,18,8.9)->(11,17,9.4)->(11,16,9.9)->(11,15,10.4)->(11,14,10.9)->(11,13,11.4)->(11,12,11.9)->(11,11,12.4)->(11,10,12.9179)->(11,9,13.4858)->(11,8,14.1679)->(11,7,15.4858)->(11,6,17.7)->(12,6,19.9142)->(13,6,21.2321)->(14,6,21.9142)->(15,6,22.4821)->(16,6,23)->(17,6,23.5)->(18,6,24)->(19,6,24.5)->(20,6,25.0179)->(21,6,25.5858)->(22,6,26.2679)->(23,6,27.5858)->(24,6,5013.5)->
Agent 118:(0,15,2.2)->(0,14,3.81421)->(0,13,5.13205)->(0,12,5.81421)->(0,11,6.38205)->(0,10,6.9)->(0,9,7.41795)->(0,8,7.98579)->(0,7,8.66795)->(0,6,9.98579)->(0,5,12.2)->(1,5,14.4142)->(2,5,15.7321)->(3,5,16.4142)->(4,5,16.9821)->(5,5,17.5)->(6,5,18)->(7,5,18.5)->(8,5,19)->(9,5,19.5)->(10,5,20)->(11,5,20.5)->(12,5,21)->(13,5,21.5)->(14,5,22)->(15,5,22.5)->(16,5,23)->(17,5,23.5)->(18,5,24)->(19,5,24.5)->(20,5,25)->(21,5,25.5)->(22,5,26)->(23,5,26.5)->(24,5,27)->(25,5,27.5)->(26,5,28.0179)->(27,5,28.5858)->(28,5,29.2679)->(29,5,30.5858)->(30,5,33.2142)->(30,6,5016.8)->
Agent 119:(22,16,2.2)->(22,15,3.81421)->(22,14,5.22843)->(22,13,6.64264)->(22,12,9.32843)->(21,12,5004.89)->
