Agent 0:(4,8,1.8)->(3,8,3.6)->(2,8,6.81421)->(2,9,15.6563)->(3,9,23.5268)->(4,9,24.941)->(5,9,26.3552)->(6,9,5012.88)->
Agent 1:(7,13,1.8)->(8,13,3.01421)->(9,13,4.42843)->(10,13,5.84264)->(11,13,8.47107)->(11,12,12.5284)->(12,12,15.6495)->(13,12,17.6495)->(14,12,5008.55)->
Agent 2:(8,4,2.21421)->(9,4,4.81421)->(9,5,7.47792)->(9,6,9.47792)->(9,7,17.4421)->(10,7,25.3711)->(11,7,26.6889)->(12,7,27.3711)->(13,7,27.9389)->(14,7,28.4569)->(15,7,28.9569)->(16,7,29.4569)->(17,7,29.9569)->(18,7,30.4569)->(19,7,30.9569)->(20,7,31.4569)->(21,7,31.9748)->(22,7,32.5426)->(23,7,33.2248)->(24,7,34.5426)->(25,7,36.7569)->(25,8,38.9711)->(25,9,40.2889)->(25,10,40.9711)->(25,11,41.5389)->(25,12,42.0569)->(25,13,42.5748)->(25,14,43.1426)->(25,15,43.8248)->(25,16,45.1426)->(25,17,5022.28)->
Agent 3:(18,15,1.35949)->(18,16,2.1332)->(18,17,3.45104)->(18,18,4.1332)->(18,19,4.70104)->(18,20,5.21899)->(18,21,5.73694)->(18,22,6.30478)->(18,23,6.98694)->(18,24,8.30478)->(18,25,11.1594)->(19,25,14.014)->(20,25,15.3318)->(21,25,16.014)->(22,25,16.5818)->(23,25,17.0998)->(24,25,17.5998)->(25,25,18.0998)->(26,25,18.5998)->(27,25,19.1177)->(28,25,19.6856)->(29,25,20.3677)->(30,25,21.6856)->(31,25,30.6819)->(30,25,40.2641)->(29,25,5020.13)->
Agent 4:(4,26,1.71421)->(4,27,4.22843)->(3,27,13.3385)->(4,27,21.0627)->(5,27,22.3805)->(6,27,23.0627)->(7,27,23.6305)->(8,27,24.1485)->(9,27,24.6664)->(10,27,25.2343)->(11,27,25.9164)->(12,27,27.2343)->(13,27,5013.32)->
Agent 5:(16,0,1.8)->(15,0,3.01421)->(14,0,4.33205)->(13,0,5.01421)->(12,0,5.58205)->(11,0,6.1)->(10,0,6.6)->(9,0,7.1)->(8,0,7.6)->(7,0,8.1)->(6,0,8.6)->(5,0,9.11795)->(4,0,9.68579)->(3,0,10.3679)->(2,0,11.6858)->(1,0,16.6)->(1,1,21.5142)->(1,2,22.8321)->(1,3,23.5142)->(1,4,24.0821)->(1,5,24.6)->(1,6,25.1)->(1,7,25.6)->(1,8,26.1)->(1,9,26.6)->(1,10,27.1)->(1,11,27.6)->(1,12,28.1)->(1,13,28.6)->(1,14,29.1)->(1,15,29.6)->(1,16,30.1)->(1,17,30.6)->(1,18,31.1)->(1,19,31.6)->(1,20,32.1)->(1,21,32.6)->(1,22,33.1)->(1,23,33.6)->(1,24,34.1179)->(1,25,34.6858)->(1,26,35.3679)->(1,27,36.6858)->(1,28,39.3142)->(2,28,5019.85)->
Agent 6:(29,15,6.58579)->(29,16,12.5858)->(29,17,14)->(29,18,15.4142)->(29,19,5007.41)->
Agent 7:(23,6,1.3)->(23,7,2.04949)->(23,8,4.04949)->(23,9,7.3591)->(24,9,10.6687)->(25,9,12.6687)->(26,9,16.9356)->(26,10,21.1672)->(26,11,22.485)->(26,12,23.2171)->(26,13,23.9491)->(26,14,25.267)->(26,15,32.2251)->(25,15,39.2185)->(24,15,41.2185)->(23,15,5020.33)->
Agent 8:(10,10,2.2)->(10,9,3.81421)->(10,8,5.13205)->(10,7,5.81421)->(10,6,6.38205)->(10,5,6.9)->(10,4,7.41795)->(10,3,7.98579)->(10,2,8.66795)->(10,1,9.98579)->(10,0,12.2)->(9,0,14.4142)->(8,0,15.7481)->(7,0,16.5765)->(6,0,17.9103)->(5,0,23.4789)->(6,0,29.0828)->(7,0,31.0828)->(8,0,5015.27)->
Agent 9:(11,18,2.47051)->(12,18,4.35523)->(13,18,5.67307)->(14,18,6.35523)->(15,18,6.92307)->(16,18,7.44102)->(17,18,7.94102)->(18,18,8.44102)->(19,18,8.94102)->(20,18,9.44102)->(21,18,9.94102)->(22,18,10.459)->(23,18,11.0268)->(24,18,11.709)->(25,18,13.0268)->(26,18,18.0448)->(26,19,23.0627)->(26,20,24.3805)->(26,21,25.0627)->(26,22,25.6305)->(26,23,26.1485)->(26,24,26.6485)->(26,25,27.1664)->(26,26,27.7343)->(26,27,28.4164)->(26,28,29.7343)->(26,29,32.3627)->(25,29,5016.37)->
Agent 10:(13,11,2.2)->(13,10,3.81421)->(13,9,5.14806)->(13,8,5.97649)->(13,7,7.31034)->(13,6,9.52456)->(12,6,11.7388)->(11,6,13.0566)->(10,6,13.7388)->(9,6,14.3066)->(8,6,14.8246)->(7,6,15.3246)->(6,6,15.8425)->(5,6,16.4103)->(4,6,17.0925)->(3,6,18.4103)->(2,6,23.2864)->(2,7,28.1625)->(2,8,29.4803)->(2,9,30.1721)->(2,10,30.8078)->(2,11,31.4995)->(2,12,32.8174)->(2,13,36.9621)->(1,13,41.6925)->(0,13,5020.85)->
Agent 11:(12,12,2.21421)->(13,12,5.30051)->(13,13,8.45051)->(13,14,10.4505)->(13,15,13.25)->(14,15,16.0142)->(15,15,17.3321)->(16,15,18.0142)->(17,15,18.5821)->(18,15,19.1)->(19,15,19.6)->(20,15,20.1)->(21,15,20.6)->(22,15,21.1)->(23,15,21.6)->(24,15,22.1179)->(25,15,22.6858)->(26,15,23.3679)->(27,15,24.6858)->(28,15,26.9)->(28,16,29.1142)->(28,17,30.4321)->(28,18,31.1142)->(28,19,31.6821)->(28,20,32.2)->(28,21,32.7)->(28,22,33.2)->(28,23,33.7)->(28,24,34.2179)->(28,25,34.7858)->(28,26,35.4679)->(28,27,36.7858)->(28,28,39.4142)->(29,28,5019.9)->
Agent 12:(9,13,1.3)->(9,14,2.01421)->(9,15,3.42843)->(9,16,4.84264)->(9,17,7.05685)->(10,17,9.85685)->(11,17,12.7527)->(11,18,15.0627)->(11,19,16.3805)->(11,20,17.0627)->(11,21,17.6305)->(11,22,18.1485)->(11,23,18.6485)->(11,24,19.1485)->(11,25,19.6485)->(11,26,20.1664)->(11,27,20.7343)->(11,28,21.4164)->(11,29,22.7343)->(11,30,24.9485)->(12,30,27.1627)->(13,30,28.4805)->(14,30,29.1627)->(15,30,29.7305)->(16,30,30.2485)->(17,30,30.7485)->(18,30,31.2485)->(19,30,31.7485)->(20,30,32.2664)->(21,30,32.8343)->(22,30,33.5164)->(23,30,34.8343)->(24,30,37.4627)->(24,31,5018.92)->
Agent 13:(30,16,1.8)->(29,16,3.01421)->(28,16,4.33205)->(27,16,5.01421)->(26,16,5.58205)->(25,16,6.1)->(24,16,6.6)->(23,16,7.1)->(22,16,7.6)->(21,16,8.1)->(20,16,8.6)->(19,16,9.1)->(18,16,9.6)->(17,16,10.1179)->(16,16,10.6858)->(15,16,11.3679)->(14,16,12.6858)->(13,16,16.9105)->(13,17,5009.45)->
Agent 14:(27,7,1.8)->(26,7,3.01421)->(25,7,4.33205)->(24,7,5.01421)->(23,7,5.58205)->(22,7,6.11795)->(21,7,6.68579)->(20,7,7.36795)->(19,7,8.68579)->(18,7,12.5623)->(18,8,16.4388)->(18,9,17.7566)->(18,10,18.4388)->(18,11,19.0246)->(18,12,19.6103)->(18,13,20.2925)->(18,14,21.6103)->(18,15,24.3943)->(17,15,27.1783)->(16,15,28.4962)->(15,15,29.1783)->(14,15,29.7462)->(13,15,30.2641)->(12,15,30.7821)->(11,15,31.3499)->(10,15,32.0321)->(9,15,33.3499)->(8,15,5016.38)->
Agent 15:(22,29,1.8)->(23,29,3.01421)->(24,29,4.34806)->(25,29,5.17649)->(26,29,6.51034)->(27,29,13.6425)->(27,28,20.7747)->(27,27,22.1086)->(27,26,22.937)->(27,25,24.2708)->(27,24,30.6247)->(28,24,5017.37)->
Agent 16:(5,5,1.3)->(5,6,2.04949)->(5,7,4.04949)->(5,8,6.29949)->(6,8,9.1)->(7,8,16.46)->(6,8,23.2343)->(5,8,24.5521)->(4,8,25.2842)->(3,8,26.0162)->(2,8,27.3341)->(1,8,5013.37)->
Agent 17:(7,29,4.81784)->(8,29,9.04989)->(9,29,10.3837)->(10,29,11.2122)->(11,29,12.546)->(12,29,15.6401)->(12,28,18.7343)->(12,27,20.0521)->(12,26,20.7343)->(12,25,21.3021)->(12,24,21.8201)->(12,23,22.3201)->(12,22,22.8201)->(12,21,23.3201)->(12,20,23.838)->(12,19,24.4058)->(12,18,25.088)->(12,17,26.4058)->(12,16,28.6201)->(13,16,31.4201)->(14,16,34.6343)->(14,15,5017.51)->
Agent 18:(6,26,1.8)->(5,26,3.6)->(4,26,9.35629)->(4,25,14.5268)->(4,24,15.8446)->(4,23,16.5268)->(4,22,17.0946)->(4,21,17.6126)->(4,20,18.1126)->(4,19,18.6126)->(4,18,19.1126)->(4,17,19.6126)->(4,16,20.1126)->(4,15,20.6126)->(4,14,21.1126)->(4,13,21.6126)->(4,12,22.1126)->(4,11,22.6126)->(4,10,23.1126)->(4,9,23.6126)->(4,8,24.1305)->(4,7,24.6984)->(4,6,25.3805)->(4,5,26.6984)->(4,4,5013.06)->
Agent 19:(29,4,2.01784)->(28,4,3.44989)->(27,4,4.76773)->(26,4,5.44989)->(25,4,6.01773)->(24,4,6.53567)->(23,4,7.03567)->(22,4,7.53567)->(21,4,8.03567)->(20,4,8.53567)->(19,4,9.03567)->(18,4,9.53567)->(17,4,10.0357)->(16,4,10.5357)->(15,4,11.0357)->(14,4,11.5357)->(13,4,12.0357)->(12,4,12.5536)->(11,4,13.1215)->(10,4,13.8036)->(9,4,15.1215)->(8,4,17.3783)->(8,5,19.6352)->(8,6,20.953)->(8,7,21.6352)->(8,8,22.203)->(8,9,22.721)->(8,10,23.221)->(8,11,23.721)->(8,12,24.221)->(8,13,24.721)->(8,14,25.221)->(8,15,25.721)->(8,16,26.221)->(8,17,26.721)->(8,18,27.221)->(8,19,27.721)->(8,20,28.221)->(8,21,28.721)->(8,22,29.221)->(8,23,29.721)->(8,24,30.221)->(8,25,30.721)->(8,26,31.2389)->(8,27,31.8067)->(8,28,32.4889)->(8,29,33.8067)->(8,30,5016.61)->
Agent 20:(10,30,3.14626)->(9,30,5.70674)->(8,30,7.02458)->(7,30,7.75663)->(6,30,8.48868)->(5,30,9.80652)->(4,30,12.0207)->(4,29,14.2349)->(4,28,15.5528)->(4,27,16.2349)->(4,26,16.8028)->(4,25,17.3207)->(4,24,17.8387)->(4,23,18.4065)->(4,22,19.0887)->(4,21,20.4065)->(4,20,23.0349)->(3,20,5011.71)->
Agent 21:(31,5,1.8)->(30,5,3.01421)->(29,5,4.33205)->(28,5,5.01421)->(27,5,5.58205)->(26,5,6.1)->(25,5,6.6)->(24,5,7.1)->(23,5,7.6)->(22,5,8.1)->(21,5,8.6)->(20,5,9.1)->(19,5,9.6)->(18,5,10.1)->(17,5,10.6)->(16,5,11.1)->(15,5,11.6)->(14,5,12.1)->(13,5,12.6)->(12,5,13.1)->(11,5,13.6)->(10,5,14.1)->(9,5,14.6)->(8,5,15.1)->(7,5,15.6)->(6,5,16.1)->(5,5,16.6)->(4,5,17.1179)->(3,5,17.6858)->(2,5,18.3679)->(1,5,19.6858)->(0,5,21.9)->(0,6,24.1142)->(0,7,25.4321)->(0,8,26.1142)->(0,9,26.6821)->(0,10,27.2)->(0,11,27.7)->(0,12,28.2)->(0,13,28.7)->(0,14,29.2)->(0,15,29.7)->(0,16,30.2)->(0,17,30.7179)->(0,18,31.2858)->(0,19,31.9679)->(0,20,33.2858)->(0,21,35.9142)->(1,21,42.0142)->(0,21,5022.45)->
Agent 22:(17,26,1.3)->(17,27,2.04949)->(17,28,4.04949)->(17,29,7.42792)->(17,28,10.7711)->(17,27,12.0889)->(17,26,12.821)->(17,25,13.553)->(17,24,14.8708)->(17,23,17.0851)->(18,23,19.2993)->(19,23,20.6171)->(20,23,21.3492)->(21,23,22.0812)->(22,23,23.399)->(23,23,29.4048)->(23,22,35.4106)->(23,21,36.7285)->(23,20,37.4106)->(23,19,37.9785)->(23,18,38.4964)->(23,17,38.9964)->(23,16,39.5143)->(23,15,40.0822)->(23,14,40.7643)->(23,13,42.0822)->(23,12,44.2964)->(24,12,47.0964)->(25,12,5023.55)->
Agent 23:(6,27,3.98205)->(7,27,7.37832)->(8,27,8.69615)->(9,27,9.37832)->(10,27,9.94615)->(11,27,10.4641)->(12,27,10.9641)->(13,27,11.4641)->(14,27,11.9641)->(15,27,12.4641)->(16,27,12.9641)->(17,27,13.4821)->(18,27,14.0499)->(19,27,14.7321)->(20,27,16.0499)->(21,27,18.5821)->(21,26,21.1142)->(21,25,22.4321)->(21,24,23.1142)->(21,23,23.6821)->(21,22,24.2)->(21,21,24.7)->(21,20,25.2)->(21,19,25.7)->(21,18,26.2)->(21,17,26.7179)->(21,16,27.2858)->(21,15,27.9679)->(21,14,29.2858)->(21,13,31.9142)->(22,13,5016.15)->
Agent 24:(2,23,1.8)->(3,23,3.6)->(4,23,6.4)->(4,22,8.61421)->(4,21,9.93205)->(4,20,10.6142)->(4,19,11.1821)->(4,18,11.7)->(4,17,12.2)->(4,16,12.7)->(4,15,13.2)->(4,14,13.7)->(4,13,14.2179)->(4,12,14.7858)->(4,11,15.4679)->(4,10,16.7858)->(4,9,19)->(5,9,21.2142)->(6,9,22.5321)->(7,9,23.2142)->(8,9,23.7821)->(9,9,24.3)->(10,9,24.8179)->(11,9,25.3858)->(12,9,26.0679)->(13,9,27.3858)->(14,9,30.0142)->(14,8,33.6142)->(15,8,36.2426)->(16,8,37.6569)->(17,8,39.0711)->(18,8,5019.24)->
Agent 25:(26,21,2.21421)->(27,21,5.93216)->(27,20,9.67854)->(27,19,10.9964)->(27,18,11.6785)->(27,17,12.2643)->(27,16,12.8501)->(27,15,13.5323)->(27,14,14.8501)->(27,13,19.6371)->(28,13,29.8332)->(27,13,37.4851)->(26,13,5018.74)->
Agent 26:(9,3,1.8)->(10,3,3.6)->(11,3,9.65362)->(11,4,15.7072)->(11,5,20.1177)->(12,5,23.9424)->(13,5,25.2603)->(14,5,25.9424)->(15,5,26.5103)->(16,5,27.0282)->(17,5,27.5282)->(18,5,28.0282)->(19,5,28.5282)->(20,5,29.0282)->(21,5,29.5462)->(22,5,30.114)->(23,5,30.7962)->(24,5,32.114)->(25,5,35.5425)->(25,6,38.9711)->(25,7,40.2889)->(25,8,41.021)->(25,9,41.753)->(25,10,43.0708)->(25,11,45.6993)->(24,11,5023.04)->
Agent 27:(19,26,1.71421)->(19,27,4.22843)->(20,27,8.24264)->(20,26,10.8711)->(20,25,12.2049)->(20,24,13.0333)->(20,23,14.3672)->(20,22,16.5814)->(19,22,19.3814)->(18,22,23.0728)->(18,21,26.1783)->(18,20,27.5925)->(18,19,29.0067)->(18,18,5014.21)->
Agent 28:(3,29,1.8)->(4,29,3.04949)->(5,29,5.04949)->(6,29,7.29898)->(6,28,9.51319)->(6,27,10.831)->(6,26,11.5132)->(6,25,12.081)->(6,24,12.599)->(6,23,13.099)->(6,22,13.599)->(6,21,14.099)->(6,20,14.599)->(6,19,15.1169)->(6,18,15.6848)->(6,17,16.3669)->(6,16,17.6848)->(6,15,19.899)->(7,15,22.1132)->(8,15,23.5274)->(9,15,24.9416)->(10,15,27.1558)->(10,14,29.37)->(10,13,30.6879)->(10,12,31.37)->(10,11,31.9379)->(10,10,32.4558)->(10,9,32.9558)->(10,8,33.4558)->(10,7,33.9558)->(10,6,34.4558)->(10,5,34.9738)->(10,4,35.5416)->(10,3,36.2238)->(10,2,37.5416)->(10,1,39.7558)->(11,1,41.97)->(12,1,43.2879)->(13,1,43.97)->(14,1,44.5379)->(15,1,45.0558)->(16,1,45.5738)->(17,1,46.1416)->(18,1,46.8238)->(19,1,48.1416)->(20,1,50.77)->(20,0,5025.58)->
Agent 29:(20,12,1.8)->(19,12,3.6)->(18,12,6.81421)->(18,13,11.1563)->(17,13,14.5268)->(16,13,15.8446)->(15,13,16.5268)->(14,13,17.0946)->(13,13,17.6126)->(12,13,18.1126)->(11,13,18.6126)->(10,13,19.1126)->(9,13,19.6126)->(8,13,20.1305)->(7,13,20.6984)->(6,13,21.3805)->(5,13,22.6984)->(4,13,28.2242)->(4,14,33.7501)->(4,15,35.0679)->(4,16,35.7501)->(4,17,36.3179)->(4,18,36.8359)->(4,19,37.3359)->(4,20,37.8359)->(4,21,38.3538)->(4,22,38.9217)->(4,23,39.6038)->(4,24,40.9217)->(4,25,43.5501)->(3,25,5021.97)->
Agent 30:(22,23,1.8)->(21,23,3.01421)->(20,23,4.33205)->(19,23,5.02382)->(18,23,5.65949)->(17,23,6.35126)->(16,23,7.6691)->(15,23,11.0559)->(15,22,16.2358)->(14,22,19.6858)->(13,22,21.0036)->(12,22,21.6858)->(11,22,22.2536)->(10,22,22.7895)->(9,22,23.3574)->(8,22,24.0395)->(7,22,25.3574)->(6,22,5012.39)->
Agent 31:(17,31,2.8)->(16,31,5.6)->(15,31,8.4)->(15,30,10.6495)->(15,29,12.6495)->(15,28,21.1737)->(15,29,30.2485)->(15,30,5015.12)->
Agent 32:(8,10,2.2)->(9,10,3.84949)->(10,10,5.84949)->(11,10,13.26)->(11,11,20.6352)->(11,12,21.953)->(11,13,22.6352)->(11,14,23.203)->(11,15,23.721)->(11,16,24.221)->(11,17,24.721)->(11,18,25.221)->(11,19,25.721)->(11,20,26.221)->(11,21,26.7389)->(11,22,27.3067)->(11,23,27.9889)->(11,24,29.3067)->(11,25,31.521)->(12,25,33.7352)->(13,25,35.069)->(14,25,35.8974)->(15,25,37.2313)->(16,25,5018.32)->
Agent 33:(11,0,1.3)->(11,1,2.6)->(11,2,10.25)->(10,2,17.9)->(9,2,21.1885)->(9,3,23.8911)->(9,4,25.209)->(9,5,25.941)->(9,6,26.6731)->(9,7,27.9909)->(9,8,5013.7)->
Agent 34:(0,22,2.2)->(0,21,4.4)->(0,20,8.8)->(1,20,12.6142)->(2,20,13.9321)->(3,20,14.6142)->(4,20,15.1821)->(5,20,15.7)->(6,20,16.2)->(7,20,16.7)->(8,20,17.2)->(9,20,17.7179)->(10,20,18.2858)->(11,20,18.9679)->(12,20,20.2858)->(13,20,24.6067)->(13,19,29.8993)->(14,19,32.5277)->(15,19,33.8455)->(16,19,34.5373)->(17,19,35.173)->(18,19,35.8647)->(19,19,37.1826)->(20,19,5018.3)->
Agent 35:(17,14,2.21421)->(18,14,6.0141)->(18,15,9.84242)->(18,16,11.1603)->(18,17,11.8424)->(18,18,12.4103)->(18,19,12.9282)->(18,20,13.4282)->(18,21,13.9282)->(18,22,14.4282)->(18,23,14.9282)->(18,24,15.4282)->(18,25,15.9462)->(18,26,16.514)->(18,27,17.1962)->(18,28,18.514)->(18,29,20.7282)->(19,29,22.9424)->(20,29,24.2603)->(21,29,24.9424)->(22,29,25.5103)->(23,29,26.0282)->(24,29,26.5282)->(25,29,27.0282)->(26,29,27.5282)->(27,29,28.0462)->(28,29,28.614)->(29,29,29.2962)->(30,29,30.614)->(31,29,33.2424)->(31,30,5016.81)->
Agent 36:(27,6,1.8)->(26,6,3.6)->(25,6,6.4)->(25,7,8.61421)->(25,8,9.93205)->(25,9,10.6238)->(25,10,11.2595)->(25,11,11.9513)->(25,12,13.2691)->(25,13,15.4833)->(24,13,17.6975)->(23,13,19.0154)->(22,13,19.6975)->(21,13,20.2654)->(20,13,20.7833)->(19,13,21.2833)->(18,13,21.7833)->(17,13,22.2833)->(16,13,22.7833)->(15,13,23.2833)->(14,13,23.7833)->(13,13,24.2833)->(12,13,24.7833)->(11,13,25.2833)->(10,13,25.8013)->(9,13,26.3691)->(8,13,27.0513)->(7,13,28.3691)->(6,13,31.4218)->(6,12,5016.12)->
Agent 37:(12,11,2.2)->(12,10,3.81421)->(12,9,5.22843)->(12,8,6.64264)->(12,7,9.27107)->(11,7,14.9284)->(12,7,19.6142)->(13,7,20.9321)->(14,7,21.6142)->(15,7,22.1821)->(16,7,22.7)->(17,7,23.2)->(18,7,23.7)->(19,7,24.2)->(20,7,24.7179)->(21,7,25.2858)->(22,7,25.9679)->(23,7,27.2858)->(24,7,29.9142)->(24,8,33.5142)->(25,8,36.1426)->(26,8,37.4765)->(27,8,38.3049)->(28,8,39.6388)->(29,8,5019.53)->
Agent 38:(30,17,4.70194)->(29,17,8.81809)->(28,17,10.1519)->(27,17,10.9804)->(26,17,12.3142)->(25,17,20.1142)->(25,16,27.9142)->(25,15,29.2321)->(25,14,29.9142)->(25,13,30.5)->(25,12,31.0858)->(25,11,31.7679)->(25,10,33.0858)->(25,9,35.7142)->(24,9,5018.05)->
Agent 39:(28,2,1.8)->(27,2,3.01421)->(26,2,4.33205)->(25,2,5.01421)->(24,2,5.58205)->(23,2,6.1)->(22,2,6.6)->(21,2,7.1)->(20,2,7.6)->(19,2,8.11795)->(18,2,8.68579)->(17,2,9.36795)->(16,2,10.6858)->(15,2,13.3142)->(15,1,17.3284)->(14,1,26.0833)->(14,2,34.4241)->(13,2,37.0525)->(12,2,38.4667)->(11,2,39.8809)->(10,2,5019.65)->
Agent 40:(19,14,3.67051)->(19,13,6.75523)->(19,12,8.07307)->(19,11,8.75523)->(19,10,9.32307)->(19,9,9.84102)->(19,8,10.359)->(19,7,10.9268)->(19,6,11.609)->(19,5,12.9268)->(19,4,15.141)->(18,4,17.3552)->(17,4,18.6731)->(16,4,19.3552)->(15,4,19.9231)->(14,4,20.441)->(13,4,20.941)->(12,4,21.441)->(11,4,21.941)->(10,4,22.441)->(9,4,22.941)->(8,4,23.441)->(7,4,23.941)->(6,4,24.441)->(5,4,24.959)->(4,4,25.5268)->(3,4,26.209)->(2,4,27.5268)->(1,4,5013.47)->
Agent 41:(1,31,2.2)->(1,30,3.81421)->(1,29,5.13205)->(1,28,5.81421)->(1,27,6.4)->(1,26,6.98579)->(1,25,7.66795)->(1,24,8.98579)->(1,23,11.6142)->(2,23,16.0284)->(1,23,22.2141)->(2,23,26.614)->(3,23,27.9318)->(4,23,28.614)->(5,23,29.1998)->(6,23,29.7856)->(7,23,30.4677)->(8,23,31.7856)->(9,23,5015.6)->
Agent 42:(31,14,2.21421)->(30,14,4.81421)->(30,13,7.44264)->(30,12,8.77649)->(30,11,9.60492)->(30,10,10.9388)->(30,9,14.0407)->(31,9,21.95)->(30,9,28.4142)->(29,9,29.7321)->(28,9,30.4142)->(27,9,30.9821)->(26,9,31.5)->(25,9,32)->(24,9,32.5)->(23,9,33)->(22,9,33.5179)->(21,9,34.0858)->(20,9,34.7679)->(19,9,36.0858)->(18,9,5017.75)->
Agent 43:(5,20,4.23205)->(6,20,7.87832)->(7,20,9.19615)->(8,20,9.87832)->(9,20,10.4462)->(10,20,10.9641)->(11,20,11.4641)->(12,20,11.9641)->(13,20,12.4641)->(14,20,12.9641)->(15,20,13.4641)->(16,20,13.9641)->(17,20,14.4641)->(18,20,14.9641)->(19,20,15.4641)->(20,20,15.9641)->(21,20,16.4641)->(22,20,16.9641)->(23,20,17.4641)->(24,20,17.9641)->(25,20,18.4641)->(26,20,18.9641)->(27,20,19.4821)->(28,20,20.0499)->(29,20,20.7321)->(30,20,22.0499)->(31,20,24.2641)->(31,19,26.4783)->(31,18,27.7962)->(31,17,28.4879)->(31,16,29.1236)->(31,15,29.8154)->(31,14,31.1332)->(31,13,5015.27)->
Agent 44:(26,22,1.8)->(25,22,3.01421)->(24,22,4.42843)->(23,22,5.84264)->(22,22,8.05685)->(22,23,10.8569)->(22,24,14.9784)->(21,24,18.5142)->(20,24,19.8321)->(19,24,20.5142)->(18,24,21.0821)->(17,24,21.6)->(16,24,22.1)->(15,24,22.6)->(14,24,23.1)->(13,24,23.6)->(12,24,24.1)->(11,24,24.6)->(10,24,25.1)->(9,24,25.6)->(8,24,26.1179)->(7,24,26.6858)->(6,24,27.3679)->(5,24,28.6858)->(4,24,31.3142)->(4,23,34.9142)->(3,23,37.5779)->(2,23,39.5779)->(1,23,42.2416)->(1,24,5021.31)->
Agent 45:(29,29,2.2)->(29,28,3.81421)->(29,27,5.14806)->(29,26,5.97649)->(29,25,7.31034)->(29,24,14.4728)->(28,24,21.6352)->(27,24,22.953)->(26,24,23.6352)->(25,24,24.203)->(24,24,24.721)->(23,24,25.221)->(22,24,25.721)->(21,24,26.221)->(20,24,26.721)->(19,24,27.221)->(18,24,27.721)->(17,24,28.221)->(16,24,28.721)->(15,24,29.221)->(14,24,29.721)->(13,24,30.221)->(12,24,30.7389)->(11,24,31.3067)->(10,24,31.9889)->(9,24,33.3067)->(8,24,35.521)->(8,23,37.7352)->(8,22,39.1494)->(8,21,40.5636)->(8,20,5019.99)->
Agent 46:(12,20,4.85)->(12,19,9.11421)->(12,18,10.4321)->(12,17,11.1142)->(12,16,11.6821)->(12,15,12.2)->(12,14,12.7)->(12,13,13.2)->(12,12,13.7)->(12,11,14.2)->(12,10,14.7)->(12,9,15.2)->(12,8,15.7)->(12,7,16.2)->(12,6,16.7)->(12,5,17.2179)->(12,4,17.7858)->(12,3,18.4679)->(12,2,19.7858)->(12,1,24.2451)->(11,1,28.7044)->(10,1,30.0222)->(9,1,30.7044)->(8,1,31.2902)->(7,1,31.876)->(6,1,32.5581)->(5,1,33.876)->(4,1,36.5044)->(4,0,5018.45)->
Agent 47:(10,24,5.12832)->(10,23,9.67084)->(10,22,10.9887)->(10,21,11.6708)->(10,20,12.2387)->(10,19,12.7566)->(10,18,13.2566)->(10,17,13.7566)->(10,16,14.2746)->(10,15,14.8424)->(10,14,15.5246)->(10,13,16.8424)->(10,12,20.4708)->(11,12,24.1345)->(12,12,26.1345)->(13,12,5012.79)->
Agent 48:(19,30,1.8)->(18,30,3.01421)->(17,30,4.34806)->(16,30,5.17649)->(15,30,6.51034)->(14,30,8.72456)->(14,29,11.5246)->(14,28,5005.76)->
Agent 49:(31,19,2.72051)->(31,18,4.85523)->(31,17,6.17307)->(31,16,6.85523)->(31,15,7.42307)->(31,14,7.94102)->(31,13,8.44102)->(31,12,8.94102)->(31,11,9.44102)->(31,10,9.94102)->(31,9,10.441)->(31,8,10.959)->(31,7,11.5268)->(31,6,12.209)->(31,5,13.5268)->(31,4,17.4846)->(30,4,21.4424)->(29,4,22.7603)->(28,4,23.4424)->(27,4,24.0103)->(26,4,24.5282)->(25,4,25.0462)->(24,4,25.614)->(23,4,26.2962)->(22,4,27.614)->(21,4,32.245)->(21,5,5017.32)->
Agent 50:(7,28,1.92843)->(8,28,3.27107)->(9,28,4.58891)->(10,28,5.27107)->(11,28,5.83891)->(12,28,6.35685)->(13,28,6.85685)->(14,28,7.35685)->(15,28,7.85685)->(16,28,8.35685)->(17,28,8.85685)->(18,28,9.35685)->(19,28,9.85685)->(20,28,10.3748)->(21,28,10.9426)->(22,28,11.6248)->(23,28,12.9426)->(24,28,15.1569)->(24,27,17.3711)->(24,26,18.6889)->(24,25,19.3711)->(24,24,19.9389)->(24,23,20.4569)->(24,22,20.9569)->(24,21,21.4569)->(24,20,21.9569)->(24,19,22.4569)->(24,18,22.9569)->(24,17,23.4748)->(24,16,24.0426)->(24,15,24.7248)->(24,14,26.0426)->(24,13,5012.73)->
Agent 51:(24,18,2.21421)->(23,18,6.02051)->(23,17,9.85523)->(23,16,11.1731)->(23,15,11.8552)->(23,14,12.4231)->(23,13,12.941)->(23,12,13.441)->(23,11,13.941)->(23,10,14.441)->(23,9,14.941)->(23,8,15.459)->(23,7,16.0268)->(23,6,16.709)->(23,5,18.0268)->(23,4,20.6484)->(22,4,23.27)->(21,4,24.5879)->(20,4,25.27)->(19,4,25.8379)->(18,4,26.3558)->(17,4,26.8558)->(16,4,27.3558)->(15,4,27.8738)->(14,4,28.4416)->(13,4,29.1238)->(12,4,30.4416)->(11,4,36.1706)->(11,3,41.9348)->(11,2,43.9348)->(11,1,46.1843)->(10,1,48.3985)->(9,1,49.7163)->(8,1,50.3985)->(7,1,50.9663)->(6,1,51.5022)->(5,1,52.07)->(4,1,52.7522)->(3,1,54.07)->(2,1,5026.74)->
Agent 52:(19,22,2.2)->(19,21,3.81421)->(19,20,5.13205)->(19,19,5.81421)->(19,18,6.38205)->(19,17,6.9)->(19,16,7.4)->(19,15,7.9)->(19,14,8.4)->(19,13,8.9)->(19,12,9.4)->(19,11,9.91795)->(19,10,10.4858)->(19,9,11.1679)->(19,8,12.4858)->(19,7,14.7)->(20,7,16.9142)->(21,7,18.2321)->(22,7,18.9238)->(23,7,19.5595)->(24,7,20.2513)->(25,7,21.5691)->(26,7,23.7833)->(26,6,26.0328)->(26,5,28.0328)->(26,4,5013.74)->
Agent 53:(30,6,2.21421)->(29,6,4.81421)->(29,5,7.44264)->(29,4,8.77649)->(29,3,9.60492)->(29,2,10.9388)->(29,1,13.153)->(30,1,15.953)->(31,1,19.1672)->(31,2,5009.78)->
Agent 54:(11,15,1.71421)->(11,16,5.16421)->(10,16,10.1142)->(10,15,12.7426)->(10,14,14.0605)->(10,13,14.7426)->(10,12,15.3105)->(10,11,15.8284)->(10,10,16.3284)->(10,9,16.8284)->(10,8,17.3284)->(10,7,17.8464)->(10,6,18.4142)->(10,5,19.0964)->(10,4,20.4142)->(10,3,22.6284)->(11,3,24.8426)->(12,3,26.1765)->(13,3,27.0049)->(14,3,28.3388)->(15,3,30.7314)->(15,2,33.1593)->(15,1,35.1593)->(15,0,37.4088)->(16,0,39.6583)->(17,0,41.6583)->(18,0,5020.55)->
Agent 55:(19,29,2.21421)->(20,29,7.66059)->(20,28,5005.45)->
Agent 56:(26,19,1.8)->(25,19,3.01421)->(24,19,4.34806)->(23,19,5.17649)->(22,19,6.51034)->(21,19,12.8585)->(21,20,20.1783)->(20,20,22.8067)->(19,20,24.1406)->(18,20,24.969)->(17,20,26.3029)->(16,20,5012.86)->
Agent 57:(0,31,5.82424)->(0,30,11.0627)->(0,29,12.3805)->(0,28,13.0627)->(0,27,13.6305)->(0,26,14.1485)->(0,25,14.6485)->(0,24,15.1485)->(0,23,15.6485)->(0,22,16.1485)->(0,21,16.6485)->(0,20,17.1485)->(0,19,17.6485)->(0,18,18.1485)->(0,17,18.6485)->(0,16,19.1664)->(0,15,19.7343)->(0,14,20.4164)->(0,13,21.7343)->(0,12,23.9485)->(1,12,26.1627)->(2,12,27.4805)->(3,12,28.1723)->(4,12,28.808)->(5,12,29.4998)->(6,12,30.8176)->(7,12,33.0318)->(7,11,35.8318)->(7,10,5017.92)->
Agent 58:(8,31,2.73205)->(8,30,4.87832)->(8,29,6.19615)->(8,28,6.87832)->(8,27,7.44615)->(8,26,7.9641)->(8,25,8.4641)->(8,24,8.9641)->(8,23,9.4641)->(8,22,9.9641)->(8,21,10.4641)->(8,20,10.9641)->(8,19,11.4821)->(8,18,12.0499)->(8,17,12.7321)->(8,16,14.0499)->(8,15,16.6783)->(9,15,20.2783)->(9,14,22.9067)->(9,13,24.2406)->(9,12,25.069)->(9,11,26.4029)->(9,10,5012.91)->
Agent 59:(2,6,2.21421)->(1,6,4.81421)->(1,7,7.44264)->(1,8,8.76048)->(1,9,9.44264)->(1,10,10.0105)->(1,11,10.5284)->(1,12,11.0284)->(1,13,11.5284)->(1,14,12.0284)->(1,15,12.5284)->(1,16,13.0284)->(1,17,13.5284)->(1,18,14.0284)->(1,19,14.5284)->(1,20,15.0284)->(1,21,15.5284)->(1,22,16.0284)->(1,23,16.5284)->(1,24,17.0284)->(1,25,17.5464)->(1,26,18.1142)->(1,27,18.7964)->(1,28,20.1142)->(1,29,22.7304)->(2,29,25.3465)->(3,29,26.7607)->(4,29,28.1749)->(5,29,30.8034)->(5,30,5015.59)->
Agent 60:(2,24,1.3)->(2,25,2.01421)->(2,26,3.33205)->(2,27,4.0641)->(2,28,4.79615)->(2,29,6.11399)->(2,30,10.1745)->(3,30,14.2349)->(4,30,15.5528)->(5,30,16.2446)->(6,30,16.8802)->(7,30,17.572)->(8,30,18.8898)->(9,30,21.5183)->(9,31,5010.95)->
Agent 61:(24,27,1.8)->(25,27,3.01421)->(26,27,4.42843)->(27,27,5.84264)->(28,27,9.96913)->(28,26,14.0956)->(28,25,15.4135)->(28,24,16.0956)->(28,23,16.6635)->(28,22,17.1814)->(28,21,17.6814)->(28,20,18.1814)->(28,19,18.6814)->(28,18,19.1814)->(28,17,19.6814)->(28,16,20.1814)->(28,15,20.6814)->(28,14,21.1814)->(28,13,21.6814)->(28,12,22.1994)->(28,11,22.7672)->(28,10,23.4494)->(28,9,24.7672)->(28,8,27.3956)->(29,8,30.9956)->(29,7,33.6241)->(29,6,34.9419)->(29,5,35.6241)->(29,4,36.2098)->(29,3,36.7956)->(29,2,37.4778)->(29,1,38.7956)->(29,0,5019.1)->
Agent 62:(11,3,1.3)->(11,4,2.01421)->(11,5,3.34806)->(11,6,4.17649)->(11,7,5.51034)->(11,8,7.72456)->(12,8,9.93877)->(13,8,11.2566)->(14,8,11.9388)->(15,8,12.5066)->(16,8,13.0425)->(17,8,13.6103)->(18,8,14.2925)->(19,8,15.6103)->(20,8,18.5463)->(20,9,21.4822)->(20,10,22.8)->(20,11,23.4822)->(20,12,24.068)->(20,13,24.6538)->(20,14,25.3359)->(20,15,26.6538)->(20,16,5013.03)->
Agent 63:(4,10,2.61421)->(4,9,5.61421)->(5,9,8.24264)->(6,9,9.56048)->(7,9,10.2426)->(8,9,10.8105)->(9,9,11.3284)->(10,9,11.8284)->(11,9,12.3284)->(12,9,12.8284)->(13,9,13.3284)->(14,9,13.8284)->(15,9,14.3284)->(16,9,14.8284)->(17,9,15.3284)->(18,9,15.8284)->(19,9,16.3464)->(20,9,16.9142)->(21,9,17.5964)->(22,9,18.9142)->(23,9,21.3624)->(23,10,23.8106)->(23,11,25.1285)->(23,12,25.8106)->(23,13,26.3785)->(23,14,26.8964)->(23,15,27.3964)->(23,16,27.8964)->(23,17,28.4143)->(23,18,28.9822)->(23,19,29.6643)->(23,20,30.9822)->(23,21,33.1964)->(24,21,35.4106)->(25,21,36.8248)->(26,21,38.239)->(27,21,5018.83)->
Agent 64:(19,31,3.67843)->(19,30,6.77107)->(19,29,8.08891)->(19,28,8.77107)->(19,27,9.33891)->(19,26,9.85685)->(19,25,10.3569)->(19,24,10.8569)->(19,23,11.3569)->(19,22,11.8569)->(19,21,12.3569)->(19,20,12.8569)->(19,19,13.3569)->(19,18,13.8569)->(19,17,14.3569)->(19,16,14.8569)->(19,15,15.3569)->(19,14,15.8569)->(19,13,16.3569)->(19,12,16.8569)->(19,11,17.3569)->(19,10,17.8569)->(19,9,18.3569)->(19,8,18.8569)->(19,7,19.3569)->(19,6,19.8569)->(19,5,20.3569)->(19,4,20.8748)->(19,3,21.4426)->(19,2,22.1248)->(19,1,23.4426)->(19,0,25.6569)->(18,0,27.8711)->(17,0,29.2049)->(16,0,30.0333)->(15,0,31.3672)->(14,0,5015.39)->
Agent 65:(13,9,2.2)->(13,8,3.81421)->(13,7,5.13205)->(13,6,5.81421)->(13,5,6.38205)->(13,4,6.91795)->(13,3,7.48579)->(13,2,8.16795)->(13,1,9.48579)->(13,0,11.7)->(14,0,13.9142)->(15,0,15.2321)->(16,0,15.9142)->(17,0,16.5)->(18,0,17.0858)->(19,0,17.7679)->(20,0,19.0858)->(21,0,21.3)->(21,1,23.5142)->(21,2,24.8321)->(21,3,25.5641)->(21,4,26.2962)->(21,5,27.614)->(21,6,5013.51)->
Agent 66:(13,29,1.8)->(12,29,3.04949)->(11,29,5.04949)->(10,29,7.48154)->(10,28,10.4641)->(10,27,17.5563)->(10,28,24.6485)->(10,29,5012.32)->
Agent 67:(2,22,1.8)->(3,22,3.04949)->(4,22,5.04949)->(5,22,7.29898)->(5,21,9.51319)->(5,20,10.9274)->(5,19,12.3416)->(5,18,5005.88)->
Agent 68:(20,10,1.71421)->(20,11,5.5641)->(20,10,9.94242)->(20,9,11.2763)->(20,8,12.1047)->(20,7,13.4385)->(20,6,15.6528)->(19,6,17.867)->(18,6,19.2008)->(17,6,20.0292)->(16,6,21.3631)->(15,6,26.9553)->(15,5,32.5828)->(15,4,34.5828)->(15,3,5017.02)->
Agent 69:(2,12,1.3)->(2,13,2.01421)->(2,14,3.33205)->(2,15,4.01421)->(2,16,4.58205)->(2,17,5.1)->(2,18,5.6)->(2,19,6.1)->(2,20,6.6)->(2,21,7.1)->(2,22,7.6)->(2,23,8.1)->(2,24,8.6)->(2,25,9.11795)->(2,26,9.68579)->(2,27,10.3679)->(2,28,11.6858)->(2,29,15.6242)->(3,29,19.5627)->(4,29,20.8805)->(5,29,21.5627)->(6,29,22.1305)->(7,29,22.6485)->(8,29,23.1485)->(9,29,23.6485)->(10,29,24.1485)->(11,29,24.6485)->(12,29,25.1485)->(13,29,25.6485)->(14,29,26.1485)->(15,29,26.6485)->(16,29,27.1664)->(17,29,27.7343)->(18,29,28.4164)->(19,29,29.7343)->(20,29,32.3807)->(20,30,5016.39)->
Agent 70:(0,30,2.2)->(0,29,3.81421)->(0,28,5.22843)->(0,27,6.64264)->(0,26,9.85267)->(1,26,13.0627)->(2,26,14.3805)->(3,26,15.0627)->(4,26,15.6305)->(5,26,16.1485)->(6,26,16.6485)->(7,26,17.1485)->(8,26,17.6485)->(9,26,18.1485)->(10,26,18.6485)->(11,26,19.1485)->(12,26,19.6485)->(13,26,20.1485)->(14,26,20.6485)->(15,26,21.1485)->(16,26,21.6485)->(17,26,22.1485)->(18,26,22.6485)->(19,26,23.1485)->(20,26,23.6485)->(21,26,24.1485)->(22,26,24.6485)->(23,26,25.1485)->(24,26,25.6485)->(25,26,26.1485)->(26,26,26.6485)->(27,26,27.1664)->(28,26,27.7343)->(29,26,28.4164)->(30,26,29.7343)->(31,26,5014.57)->
Agent 71:(23,21,1.8)->(24,21,3.6)->(25,21,6.81421)->(25,22,10.4142)->(26,22,13.6284)->(27,22,23.4142)->(27,23,5015.19)->
Agent 72:(16,31,1.8)->(15,31,3.01421)->(14,31,4.33205)->(13,31,5.01421)->(12,31,5.58205)->(11,31,6.1)->(10,31,6.6)->(9,31,7.1)->(8,31,7.6)->(7,31,8.1)->(6,31,8.6)->(5,31,9.11795)->(4,31,9.68579)->(3,31,10.3679)->(2,31,11.6858)->(1,31,14.3142)->(1,30,22.1161)->(2,30,29.5323)->(3,30,5014.77)->
Agent 73:(8,5,3.21421)->(8,4,5.87792)->(8,3,7.87792)->(8,2,10.5416)->(9,2,14.1416)->(9,1,17.3558)->(9,0,20.1558)->(10,0,22.37)->(11,0,23.7843)->(12,0,25.1985)->(13,0,27.8269)->(13,1,32.4108)->(14,1,36.023)->(15,1,37.3409)->(16,1,38.023)->(17,1,38.5909)->(18,1,39.1088)->(19,1,39.6088)->(20,1,40.1088)->(21,1,40.6268)->(22,1,41.1946)->(23,1,41.8768)->(24,1,43.1946)->(25,1,5021.3)->
Agent 74:(15,19,1.3)->(15,20,2.01421)->(15,21,3.33205)->(15,22,4.0641)->(15,23,4.79615)->(15,24,6.11399)->(15,25,12.8821)->(16,25,19.6501)->(17,25,20.9679)->(18,25,21.7)->(19,25,22.4321)->(20,25,23.7499)->(21,25,26.3783)->(21,26,5013.38)->
Agent 75:(6,24,5.51666)->(6,23,10.4475)->(6,22,11.7654)->(6,21,12.4475)->(6,20,13.0154)->(6,19,13.5333)->(6,18,14.0333)->(6,17,14.5333)->(6,16,15.0333)->(6,15,15.5333)->(6,14,16.0333)->(6,13,16.5333)->(6,12,17.0333)->(6,11,17.5333)->(6,10,18.0333)->(6,9,18.5513)->(6,8,19.1191)->(6,7,19.8013)->(6,6,21.1191)->(6,5,23.3333)->(7,5,25.5475)->(8,5,26.8654)->(9,5,27.5475)->(10,5,28.1154)->(11,5,28.6333)->(12,5,29.1333)->(13,5,29.6333)->(14,5,30.1333)->(15,5,30.6333)->(16,5,31.1333)->(17,5,31.6333)->(18,5,32.1333)->(19,5,32.6513)->(20,5,33.2191)->(21,5,33.9013)->(22,5,35.2191)->(23,5,5017.32)->
Agent 76:(12,19,1.8)->(13,19,3.01421)->(14,19,4.34806)->(15,19,5.17649)->(16,19,6.51034)->(17,19,8.72456)->(17,20,10.974)->(17,21,12.974)->(17,22,5006.21)->
Agent 77:(27,14,5.13579)->(27,13,9.68579)->(27,12,11.0036)->(27,11,11.6858)->(27,10,12.2716)->(27,9,12.8574)->(27,8,13.5395)->(27,7,14.8574)->(27,6,17.0716)->(26,6,19.2858)->(25,6,20.6036)->(24,6,21.2858)->(23,6,21.8536)->(22,6,22.3716)->(21,6,22.8895)->(20,6,23.4574)->(19,6,24.1395)->(18,6,25.4574)->(17,6,5012.44)->
Agent 78:(30,3,1.8)->(29,3,3.01421)->(28,3,4.33205)->(27,3,5.01421)->(26,3,5.58205)->(25,3,6.1)->(24,3,6.6)->(23,3,7.1)->(22,3,7.6)->(21,3,8.1)->(20,3,8.6)->(19,3,9.1)->(18,3,9.6)->(17,3,10.1179)->(16,3,10.6858)->(15,3,11.3679)->(14,3,12.6858)->(13,3,14.9)->(13,4,17.1142)->(13,5,18.4321)->(13,6,19.1142)->(13,7,19.6821)->(13,8,20.2)->(13,9,20.7)->(13,10,21.2)->(13,11,21.7179)->(13,12,22.2858)->(13,13,22.9679)->(13,14,24.2858)->(13,15,26.5)->(12,15,28.7142)->(11,15,30.0321)->(10,15,30.7142)->(9,15,31.2821)->(8,15,31.8)->(7,15,32.3)->(6,15,32.8)->(5,15,33.3)->(4,15,33.8179)->(3,15,34.3858)->(2,15,35.0679)->(1,15,36.3858)->(0,15,38.6)->(0,16,40.8142)->(0,17,42.1321)->(0,18,42.8142)->(0,19,43.3821)->(0,20,43.9)->(0,21,44.4)->(0,22,44.9179)->(0,23,45.4858)->(0,24,46.1679)->(0,25,47.4858)->(0,26,5023.45)->
Agent 79:(31,28,2.2)->(31,27,3.81421)->(31,26,5.13205)->(31,25,5.81421)->(31,24,6.38205)->(31,23,6.9)->(31,22,7.4)->(31,21,7.9)->(31,20,8.4)->(31,19,8.9)->(31,18,9.4)->(31,17,9.9)->(31,16,10.4)->(31,15,10.9)->(31,14,11.4)->(31,13,11.9)->(31,12,12.4)->(31,11,12.9179)->(31,10,13.4858)->(31,9,14.1679)->(31,8,15.4858)->(31,7,19.5794)->(30,7,23.673)->(29,7,25.0068)->(28,7,25.8353)->(27,7,27.1691)->(26,7,5013.29)->
Agent 80:(20,14,1.3)->(20,15,2.01421)->(20,16,3.34806)->(20,17,4.17649)->(20,18,5.51034)->(20,19,13.8048)->(19,19,22.0993)->(18,19,23.4171)->(17,19,24.0993)->(16,19,24.6671)->(15,19,25.1851)->(14,19,25.6851)->(13,19,26.1851)->(12,19,26.6851)->(11,19,27.1851)->(10,19,27.703)->(9,19,28.2708)->(8,19,28.953)->(7,19,30.2708)->(6,19,32.8993)->(6,20,5016.64)->
Agent 81:(15,26,1.8)->(16,26,3.01421)->(17,26,4.33205)->(18,26,5.01421)->(19,26,5.58205)->(20,26,6.1)->(21,26,6.6)->(22,26,7.11795)->(23,26,7.68579)->(24,26,8.36795)->(25,26,9.68579)->(26,26,11.9)->(26,27,14.1142)->(26,28,15.4481)->(26,29,16.2765)->(26,30,17.6103)->(26,31,20.2388)->(27,31,5010.31)->
Agent 82:(17,13,1.93846)->(18,13,3.29113)->(19,13,4.60897)->(20,13,5.30074)->(21,13,5.93641)->(22,13,6.62818)->(23,13,7.94602)->(24,13,10.1602)->(24,12,12.3744)->(24,11,13.7887)->(24,10,15.2029)->(24,9,18.2313)->(24,10,5009.51)->
Agent 83:(15,10,1.8)->(16,10,3.01421)->(17,10,4.33205)->(18,10,5.0641)->(19,10,5.79615)->(20,10,7.11399)->(21,10,9.3282)->(21,9,12.1282)->(21,8,5006.06)->
Agent 84:(28,16,1.71421)->(28,17,4.21421)->(28,16,7.24264)->(28,15,8.57649)->(28,14,9.40492)->(28,13,10.7388)->(28,12,12.953)->(27,12,15.1672)->(26,12,16.485)->(25,12,17.1672)->(24,12,17.735)->(23,12,18.2709)->(22,12,18.8388)->(21,12,19.5209)->(20,12,20.8388)->(19,12,5010.13)->
Agent 85:(14,4,1.8)->(15,4,3.6)->(16,4,6.4)->(16,5,8.61421)->(16,6,9.93205)->(16,7,10.6142)->(16,8,11.1821)->(16,9,11.7)->(16,10,12.2)->(16,11,12.7)->(16,12,13.2)->(16,13,13.7)->(16,14,14.2)->(16,15,14.7)->(16,16,15.2)->(16,17,15.7179)->(16,18,16.2858)->(16,19,16.9679)->(16,20,18.2858)->(16,21,20.5)->(17,21,22.7142)->(18,21,24.0321)->(19,21,24.7142)->(20,21,25.2821)->(21,21,25.8)->(22,21,26.3)->(23,21,26.8)->(24,21,27.3)->(25,21,27.8179)->(26,21,28.3858)->(27,21,29.0679)->(28,21,30.3858)->(29,21,32.6)->(29,22,34.8142)->(29,23,36.1321)->(29,24,36.8142)->(29,25,37.3821)->(29,26,37.9)->(29,27,38.4179)->(29,28,38.9858)->(29,29,39.6679)->(29,30,40.9858)->(29,31,5020.2)->
Agent 86:(5,10,2.8)->(5,11,5.01421)->(5,12,6.42843)->(5,13,7.84264)->(5,14,23.5804)->(4,14,39.3181)->(3,14,40.6519)->(2,14,41.4804)->(1,14,42.8142)->(0,14,5021.11)->
Agent 87:(26,18,3.38579)->(26,17,6.18579)->(26,16,7.50362)->(26,15,8.18579)->(26,14,8.75362)->(26,13,9.27157)->(26,12,9.77157)->(26,11,10.2716)->(26,10,10.7716)->(26,9,11.2716)->(26,8,11.7716)->(26,7,12.2716)->(26,6,12.7716)->(26,5,13.2716)->(26,4,13.7895)->(26,3,14.3574)->(26,2,15.0395)->(26,1,16.3574)->(26,0,18.5716)->(25,0,20.7858)->(24,0,22.2)->(23,0,23.6142)->(22,0,5011.51)->
Agent 88:(22,15,2.2)->(22,14,3.81421)->(22,13,5.14806)->(22,12,5.97649)->(22,11,7.31034)->(22,10,11.9113)->(23,10,16.5123)->(24,10,17.8301)->(25,10,18.5219)->(26,10,19.1576)->(27,10,19.8494)->(28,10,21.1672)->(29,10,5010.29)->
Agent 89:(7,24,2.61421)->(7,23,7.18205)->(8,23,11.3783)->(9,23,12.6962)->(10,23,13.3783)->(11,23,13.9462)->(12,23,14.4821)->(13,23,15.0499)->(14,23,15.7321)->(15,23,17.0499)->(16,23,5008.23)->
Agent 90:(4,20,2.2)->(4,19,3.81421)->(4,18,5.13205)->(4,17,5.81421)->(4,16,6.38205)->(4,15,6.9)->(4,14,7.4)->(4,13,7.9)->(4,12,8.4)->(4,11,8.9)->(4,10,9.4)->(4,9,9.9)->(4,8,10.4)->(4,7,10.9)->(4,6,11.4179)->(4,5,11.9858)->(4,4,12.6679)->(4,3,13.9858)->(4,2,19.5549)->(5,2,25.1241)->(6,2,26.4419)->(7,2,27.1241)->(8,2,27.6919)->(9,2,28.2098)->(10,2,28.7098)->(11,2,29.2098)->(12,2,29.7098)->(13,2,30.2098)->(14,2,30.7098)->(15,2,31.2098)->(16,2,31.7098)->(17,2,32.2098)->(18,2,32.7098)->(19,2,33.2098)->(20,2,33.7098)->(21,2,34.2098)->(22,2,34.7098)->(23,2,35.2098)->(24,2,35.7098)->(25,2,36.2278)->(26,2,36.7956)->(27,2,37.4778)->(28,2,38.7956)->(29,2,41.4241)->(29,3,5020.9)->
Agent 91:(14,6,2.63579)->(15,6,4.68579)->(16,6,6.00362)->(17,6,6.68579)->(18,6,7.25362)->(19,6,7.77157)->(20,6,8.27157)->(21,6,8.77157)->(22,6,9.27157)->(23,6,9.77157)->(24,6,10.2895)->(25,6,10.8574)->(26,6,11.5395)->(27,6,12.8574)->(28,6,5006.14)->
Agent 92:(28,22,5.62649)->(28,21,10.6672)->(28,20,11.985)->(28,19,12.6672)->(28,18,13.235)->(28,17,13.753)->(28,16,14.253)->(28,15,14.753)->(28,14,15.253)->(28,13,15.7709)->(28,12,16.3388)->(28,11,17.0209)->(28,10,18.3388)->(28,9,20.553)->(27,9,22.7672)->(26,9,24.085)->(25,9,24.7672)->(24,9,25.335)->(23,9,25.853)->(22,9,26.353)->(21,9,26.853)->(20,9,27.353)->(19,9,27.8709)->(18,9,28.4388)->(17,9,29.1209)->(16,9,30.4388)->(15,9,5014.93)->
Agent 93:(17,20,2.2)->(17,19,3.84949)->(17,18,5.84949)->(17,17,10.0779)->(18,17,14.8569)->(19,17,18.7031)->(19,16,5009.86)->
Agent 94:(3,3,1.8)->(4,3,3.6)->(5,3,10.35)->(5,4,17.1)->(5,5,23.0309)->(6,5,5013.07)->
Agent 95:(21,20,1.3)->(21,21,2.6)->(21,22,5.4)->(20,22,7.61421)->(19,22,8.93205)->(18,22,9.61421)->(17,22,10.2)->(16,22,10.7858)->(15,22,11.4679)->(14,22,12.7858)->(13,22,15.4142)->(13,23,5007.9)->
Agent 96:(8,18,2.2)->(8,17,3.81421)->(8,16,5.13205)->(8,15,5.81421)->(8,14,6.38205)->(8,13,6.9)->(8,12,7.4)->(8,11,7.9)->(8,10,8.4)->(8,9,8.9)->(8,8,9.4)->(8,7,9.91795)->(8,6,10.4858)->(8,5,11.1679)->(8,4,12.4858)->(8,3,14.8179)->(9,3,17.1501)->(10,3,18.4679)->(11,3,19.1501)->(12,3,19.7179)->(13,3,20.2538)->(14,3,20.8217)->(15,3,21.5038)->(16,3,22.8217)->(17,3,5011.12)->
Agent 97:(15,6,1.3)->(15,7,2.01421)->(15,8,3.33205)->(15,9,4.01421)->(15,10,4.58205)->(15,11,5.1)->(15,12,5.6)->(15,13,6.1)->(15,14,6.6)->(15,15,7.11795)->(15,16,7.68579)->(15,17,8.36795)->(15,18,9.68579)->(15,19,14.2642)->(14,19,20.2284)->(14,20,5010.51)->
Agent 98:(5,11,1.8)->(6,11,3.01421)->(7,11,4.33205)->(8,11,5.01421)->(9,11,5.58205)->(10,11,6.1)->(11,11,6.61795)->(12,11,7.18579)->(13,11,7.86795)->(14,11,9.18579)->(15,11,13.9982)->(15,12,18.8106)->(15,13,20.1445)->(15,14,20.9729)->(15,15,22.3067)->(15,16,5010.86)->
Agent 99:(30,27,2.2)->(30,26,3.81421)->(30,25,5.13205)->(30,24,5.81421)->(30,23,6.4)->(30,22,6.98579)->(30,21,7.66795)->(30,20,8.98579)->(30,19,11.2)->(29,19,13.4142)->(28,19,14.7481)->(27,19,15.5765)->(26,19,16.9103)->(25,19,19.5388)->(25,20,5009.96)->
Agent 100:(8,21,2.37256)->(8,20,4.15933)->(8,19,5.47716)->(8,18,6.16893)->(8,17,6.80461)->(8,16,7.49638)->(8,15,8.81421)->(8,14,12.3809)->(7,14,16.5333)->(6,14,5008.27)->
Agent 101:(17,0,1.3)->(17,1,2.01421)->(17,2,3.33205)->(17,3,4.01421)->(17,4,4.58205)->(17,5,5.1)->(17,6,5.6)->(17,7,6.1)->(17,8,6.6)->(17,9,7.1)->(17,10,7.61795)->(17,11,8.18579)->(17,12,8.86795)->(17,13,10.1858)->(17,14,12.9784)->(18,14,15.8063)->(19,14,17.8063)->(20,14,20.0558)->(20,15,22.3053)->(20,16,24.3053)->(20,17,5011.88)->
Agent 102:(3,15,2.2)->(4,15,3.81421)->(5,15,5.13205)->(6,15,5.81421)->(7,15,6.38205)->(8,15,6.9)->(9,15,7.4)->(10,15,7.9)->(11,15,8.4)->(12,15,8.9)->(13,15,9.4)->(14,15,9.9)->(15,15,10.4)->(16,15,10.9)->(17,15,11.4)->(18,15,11.9)->(19,15,12.4)->(20,15,12.9)->(21,15,13.4)->(22,15,13.9)->(23,15,14.4)->(24,15,14.9)->(25,15,15.4)->(26,15,15.9179)->(27,15,16.4858)->(28,15,17.1679)->(29,15,18.4858)->(30,15,20.7)->(30,14,22.9142)->(30,13,24.2321)->(30,12,24.9142)->(30,11,25.4821)->(30,10,26)->(30,9,26.5)->(30,8,27)->(30,7,27.5)->(30,6,28)->(30,5,28.5179)->(30,4,29.0858)->(30,3,29.7679)->(30,2,31.0858)->(30,1,5015.25)->
Agent 103:(26,25,2.2)->(26,24,3.81421)->(26,23,5.13205)->(26,22,5.81421)->(26,21,6.38205)->(26,20,6.91795)->(26,19,7.48579)->(26,18,8.16795)->(26,17,9.48579)->(26,16,12.3105)->(25,16,15.1352)->(24,16,16.453)->(23,16,17.1352)->(22,16,17.703)->(21,16,18.221)->(20,16,18.721)->(19,16,19.221)->(18,16,19.721)->(17,16,20.221)->(16,16,20.721)->(15,16,21.221)->(14,16,21.721)->(13,16,22.221)->(12,16,22.721)->(11,16,23.221)->(10,16,23.7389)->(9,16,24.3067)->(8,16,24.9889)->(7,16,26.3067)->(6,16,5012.86)->
Agent 104:(29,1,1.8)->(28,1,3.01421)->(27,1,4.33205)->(26,1,5.01421)->(25,1,5.58205)->(24,1,6.1)->(23,1,6.6)->(22,1,7.1)->(21,1,7.6)->(20,1,8.1)->(19,1,8.6)->(18,1,9.1)->(17,1,9.6)->(16,1,10.1)->(15,1,10.6)->(14,1,11.1)->(13,1,11.6)->(12,1,12.1)->(11,1,12.6)->(10,1,13.1)->(9,1,13.6)->(8,1,14.1)->(7,1,14.6)->(6,1,15.1)->(5,1,15.6)->(4,1,16.1179)->(3,1,16.6858)->(2,1,17.3679)->(1,1,18.6858)->(0,1,26.6463)->(0,2,34.6067)->(0,3,35.9246)->(0,4,36.6067)->(0,5,37.1746)->(0,6,37.6925)->(0,7,38.1925)->(0,8,38.6925)->(0,9,39.1925)->(0,10,39.6925)->(0,11,40.1925)->(0,12,40.6925)->(0,13,41.1925)->(0,14,41.7105)->(0,15,42.2783)->(0,16,42.9605)->(0,17,44.2783)->(0,18,5021.85)->
Agent 105:(16,5,1.66784)->(16,6,2.74989)->(16,7,4.06773)->(16,8,4.74989)->(16,9,5.31773)->(16,10,5.83567)->(16,11,6.33567)->(16,12,6.83567)->(16,13,7.33567)->(16,14,7.83567)->(16,15,8.33567)->(16,16,8.83567)->(16,17,9.33567)->(16,18,9.83567)->(16,19,10.3357)->(16,20,10.8536)->(16,21,11.4215)->(16,22,12.1036)->(16,23,13.4215)->(16,24,16.9678)->(15,24,20.5142)->(14,24,21.8321)->(13,24,22.5142)->(12,24,23.0821)->(11,24,23.6)->(10,24,24.1)->(9,24,24.6)->(8,24,25.1)->(7,24,25.6)->(6,24,26.1179)->(5,24,26.6858)->(4,24,27.3679)->(3,24,28.6858)->(2,24,31.3142)->(2,25,5015.85)->
Agent 106:(6,19,6.26666)->(6,18,11.9475)->(6,17,13.2654)->(6,16,13.9475)->(6,15,14.5154)->(6,14,15.0333)->(6,13,15.5333)->(6,12,16.0333)->(6,11,16.5333)->(6,10,17.0333)->(6,9,17.5333)->(6,8,18.0333)->(6,7,18.5333)->(6,6,19.0333)->(6,5,19.5333)->(6,4,20.0513)->(6,3,20.6191)->(6,2,21.3013)->(6,1,22.6191)->(6,0,24.8333)->(7,0,27.0475)->(8,0,28.4617)->(9,0,29.876)->(10,0,5014.65)->
Agent 107:(10,20,2.2)->(10,19,3.81421)->(10,18,5.13205)->(10,17,5.81421)->(10,16,6.38205)->(10,15,6.9)->(10,14,7.4)->(10,13,7.9)->(10,12,8.4)->(10,11,8.9)->(10,10,9.4)->(10,9,9.9)->(10,8,10.4)->(10,7,10.9)->(10,6,11.4)->(10,5,11.9179)->(10,4,12.4858)->(10,3,13.1679)->(10,2,14.4858)->(10,1,18.2186)->(9,1,21.9514)->(8,1,23.2853)->(7,1,24.1137)->(6,1,25.4475)->(5,1,28.6617)->(5,0,5014.82)->
Agent 108:(31,9,2.2)->(31,8,3.81421)->(31,7,5.14806)->(31,6,5.97649)->(31,5,7.31034)->(31,4,9.83279)->(30,4,12.3552)->(29,4,13.6731)->(28,4,14.3552)->(27,4,14.9231)->(26,4,15.441)->(25,4,15.941)->(24,4,16.441)->(23,4,16.941)->(22,4,17.441)->(21,4,17.941)->(20,4,18.441)->(19,4,18.941)->(18,4,19.441)->(17,4,19.941)->(16,4,20.441)->(15,4,20.941)->(14,4,21.441)->(13,4,21.941)->(12,4,22.441)->(11,4,22.941)->(10,4,23.441)->(9,4,23.959)->(8,4,24.5268)->(7,4,25.209)->(6,4,26.5268)->(5,4,5012.97)->
Agent 109:(9,22,1.71421)->(9,23,4.21421)->(9,22,7.24264)->(9,21,8.56048)->(9,20,9.29253)->(9,19,10.0246)->(9,18,11.3424)->(9,17,13.5566)->(10,17,15.7708)->(11,17,17.0887)->(12,17,17.7708)->(13,17,18.3566)->(14,17,18.9424)->(15,17,19.6246)->(16,17,20.9424)->(17,17,23.5708)->(17,18,5011.98)->
Agent 110:(15,27,1.8)->(16,27,3.04949)->(17,27,5.04949)->(18,27,8.17792)->(18,28,11.2711)->(18,29,12.6853)->(18,30,14.0995)->(18,31,5006.76)->
Agent 111:(12,16,2.8359)->(12,15,5.08601)->(12,14,6.40385)->(12,13,7.1359)->(12,12,7.86795)->(12,11,9.18579)->(12,10,11.4)->(13,10,13.6142)->(14,10,14.9481)->(15,10,15.7765)->(16,10,17.1103)->(17,10,20.3747)->(17,11,5010.7)->
Agent 112:(12,2,1.8)->(13,2,3.6)->(14,2,6.4)->(14,3,8.61421)->(14,4,9.94806)->(14,5,10.7765)->(14,6,12.1103)->(14,7,15.1388)->(14,6,19.1388)->(13,6,21.7672)->(12,6,23.085)->(11,6,23.7768)->(10,6,24.4125)->(9,6,25.1042)->(8,6,26.4221)->(7,6,28.6363)->(7,5,30.8858)->(7,4,32.8858)->(7,3,35.5495)->(8,3,5017.97)->
Agent 113:(6,0,1.3)->(6,1,2.01421)->(6,2,3.33205)->(6,3,4.01421)->(6,4,4.58205)->(6,5,5.1)->(6,6,5.6)->(6,7,6.1)->(6,8,6.6)->(6,9,7.11795)->(6,10,7.68579)->(6,11,8.36795)->(6,12,9.68579)->(6,13,12.0667)->(5,13,14.4828)->(4,13,16.4828)->(3,13,5007.97)->
Agent 114:(14,5,4.55)->(14,6,8.51421)->(14,7,9.83205)->(14,8,10.5142)->(14,9,11.0821)->(14,10,11.6)->(14,11,12.1)->(14,12,12.6)->(14,13,13.1)->(14,14,13.6)->(14,15,14.1)->(14,16,14.6)->(14,17,15.1)->(14,18,15.6)->(14,19,16.1)->(14,20,16.6)->(14,21,17.1179)->(14,22,17.6858)->(14,23,18.3679)->(14,24,19.6858)->(14,25,21.9)->(13,25,24.1142)->(12,25,25.4321)->(11,25,26.1142)->(10,25,26.7)->(9,25,27.2858)->(8,25,27.9679)->(7,25,29.2858)->(6,25,5014.35)->
Agent 115:(3,7,6.21615)->(3,8,11.8465)->(3,9,13.1643)->(3,10,13.8465)->(3,11,14.4143)->(3,12,14.9323)->(3,13,15.4323)->(3,14,15.9323)->(3,15,16.4323)->(3,16,16.9323)->(3,17,17.4323)->(3,18,17.9323)->(3,19,18.4323)->(3,20,18.9323)->(3,21,19.4323)->(3,22,19.9323)->(3,23,20.4323)->(3,24,20.9323)->(3,25,21.4323)->(3,26,21.9502)->(3,27,22.5181)->(3,28,23.2002)->(3,29,24.5181)->(3,30,26.7323)->(4,30,28.9465)->(5,30,30.2643)->(6,30,30.9465)->(7,30,31.5143)->(8,30,32.0323)->(9,30,32.5502)->(10,30,33.1181)->(11,30,33.8002)->(12,30,35.1181)->(13,30,5017.27)->
Agent 116:(7,2,1.3)->(7,3,2.01421)->(7,4,3.33205)->(7,5,4.01421)->(7,6,4.58205)->(7,7,5.1)->(7,8,5.6)->(7,9,6.1)->(7,10,6.6)->(7,11,7.1)->(7,12,7.6)->(7,13,8.1)->(7,14,8.61795)->(7,15,9.18579)->(7,16,9.86795)->(7,17,11.1858)->(7,18,13.4)->(8,18,15.6142)->(9,18,16.9321)->(10,18,17.6142)->(11,18,18.1821)->(12,18,18.7)->(13,18,19.2)->(14,18,19.7)->(15,18,20.2)->(16,18,20.7)->(17,18,21.2)->(18,18,21.7179)->(19,18,22.2858)->(20,18,22.9679)->(21,18,24.2858)->(22,18,5011.85)->
Agent 117:(11,22,1.8)->(10,22,3.01421)->(9,22,4.42843)->(8,22,5.84264)->(7,22,9.9)->(7,21,13.9574)->(7,20,15.3716)->(7,19,16.7858)->(7,18,5008.1)->
Agent 118:(3,17,2.2)->(3,16,3.81421)->(3,15,5.13205)->(3,14,5.8641)->(3,13,6.59615)->(3,12,7.91399)->(3,11,10.6123)->(4,11,13.3106)->(5,11,14.6285)->(6,11,15.3106)->(7,11,15.8785)->(8,11,16.3964)->(9,11,16.8964)->(10,11,17.3964)->(11,11,17.8964)->(12,11,18.3964)->(13,11,18.8964)->(14,11,19.3964)->(15,11,19.8964)->(16,11,20.3964)->(17,11,20.8964)->(18,11,21.3964)->(19,11,21.8964)->(20,11,22.3964)->(21,11,22.8964)->(22,11,23.3964)->(23,11,23.8964)->(24,11,24.3964)->(25,11,24.8964)->(26,11,25.3964)->(27,11,25.9143)->(28,11,26.4822)->(29,11,27.1643)->(30,11,28.4822)->(31,11,5013.95)->
Agent 119:(30,11,2.2)->(30,10,3.81421)->(30,9,5.13205)->(30,8,5.81421)->(30,7,6.38205)->(30,6,6.91795)->(30,5,7.48579)->(30,4,8.16795)->(30,3,9.48579)->(30,2,11.7)->(29,2,13.9142)->(28,2,15.2321)->(27,2,15.9142)->(26,2,16.4821)->(25,2,17)->(24,2,17.5)->(23,2,18)->(22,2,18.5)->(21,2,19)->(20,2,19.5179)->(19,2,20.0858)->(18,2,20.7679)->(17,2,22.0858)->(16,2,24.7142)->(16,3,5012.55)->
