Agent 0:(24,4,2.21421)->(25,4,5.22843)->(25,3,11.6)->(24,3,17.1716)->(23,3,21.2857)->(23,4,24.814)->(23,5,26.2282)->(23,6,27.6424)->(23,7,5013.53)->
Agent 1:(16,26,1.8)->(15,26,3.01421)->(14,26,4.33205)->(13,26,5.01421)->(12,26,5.58205)->(11,26,6.1)->(10,26,6.6)->(9,26,7.11795)->(8,26,7.68579)->(7,26,8.36795)->(6,26,9.68579)->(5,26,11.9)->(5,25,14.1142)->(5,24,15.4321)->(5,23,16.1142)->(5,22,16.7)->(5,21,17.2858)->(5,20,17.9679)->(5,19,19.2858)->(5,18,21.5)->(4,18,23.7142)->(3,18,25.0481)->(2,18,25.8765)->(1,18,27.2103)->(0,18,31.7185)->(1,18,5016.99)->
Agent 2:(21,30,2.8)->(21,29,5.01421)->(21,28,6.42843)->(21,27,7.84264)->(21,26,11.3161)->(20,26,14.7897)->(19,26,16.1235)->(18,26,16.9519)->(17,26,18.2858)->(16,26,21.7783)->(16,27,27.9283)->(15,27,32.2779)->(14,27,34.2779)->(13,27,5016.86)->
Agent 3:(3,18,2.2)->(3,17,3.81421)->(3,16,5.13205)->(3,15,5.81421)->(3,14,6.38205)->(3,13,6.9)->(3,12,7.4)->(3,11,7.91795)->(3,10,8.48579)->(3,9,9.16795)->(3,8,10.4858)->(3,7,13.9815)->(4,7,17.4773)->(5,7,18.7951)->(6,7,19.4773)->(7,7,20.0451)->(8,7,20.5631)->(9,7,21.0631)->(10,7,21.5631)->(11,7,22.0631)->(12,7,22.5631)->(13,7,23.0631)->(14,7,23.581)->(15,7,24.1489)->(16,7,24.831)->(17,7,26.1489)->(18,7,31.4315)->(17,7,37.3)->(16,7,43.1964)->(16,8,5023.13)->
Agent 4:(11,24,3.16048)->(11,23,5.73517)->(11,22,7.05301)->(11,21,7.73517)->(11,20,8.32096)->(11,19,8.90674)->(11,18,9.58891)->(11,17,10.9067)->(11,16,14.071)->(12,16,17.2352)->(13,16,18.553)->(14,16,19.2352)->(15,16,19.803)->(16,16,20.321)->(17,16,20.821)->(18,16,21.321)->(19,16,21.821)->(20,16,22.321)->(21,16,22.821)->(22,16,23.321)->(23,16,23.821)->(24,16,24.321)->(25,16,24.821)->(26,16,25.321)->(27,16,25.8389)->(28,16,26.4067)->(29,16,27.0889)->(30,16,28.4067)->(31,16,30.621)->(31,15,32.8704)->(31,14,34.8704)->(31,13,5017.16)->
Agent 5:(16,20,1.3)->(16,21,2.01421)->(16,22,3.33205)->(16,23,4.0641)->(16,24,4.79615)->(16,25,6.11399)->(16,26,9.13194)->(15,26,12.7357)->(14,26,19.9319)->(14,27,27.1282)->(14,28,5013.56)->
Agent 6:(21,12,1.8)->(22,12,3.6)->(23,12,6.83216)->(23,11,9.47854)->(23,10,10.7964)->(23,9,11.4785)->(23,8,12.0464)->(23,7,12.5643)->(23,6,13.0643)->(23,5,13.5823)->(23,4,14.1501)->(23,3,14.8323)->(23,2,16.1501)->(23,1,18.3643)->(24,1,21.1643)->(25,1,24.3785)->(25,0,30.7091)->(26,0,5016.91)->
Agent 7:(18,16,1.8)->(19,16,3.6)->(20,16,8.10374)->(20,15,12.0217)->(20,14,13.3395)->(20,13,14.0217)->(20,12,14.5895)->(20,11,15.1075)->(20,10,15.6075)->(20,9,16.1075)->(20,8,16.6075)->(20,7,17.1254)->(20,6,17.6933)->(20,5,18.3754)->(20,4,19.6933)->(20,3,21.9075)->(19,3,24.1217)->(18,3,25.4395)->(17,3,26.1217)->(16,3,26.6895)->(15,3,27.2254)->(14,3,27.7933)->(13,3,28.4754)->(12,3,29.7933)->(11,3,32.5822)->(11,2,5016.56)->
Agent 8:(19,3,2.21421)->(18,3,10.8642)->(18,4,19.5426)->(18,5,20.8605)->(18,6,21.5426)->(18,7,22.1105)->(18,8,22.6284)->(18,9,23.1284)->(18,10,23.6284)->(18,11,24.1284)->(18,12,24.6284)->(18,13,25.1284)->(18,14,25.6284)->(18,15,26.1284)->(18,16,26.6284)->(18,17,27.1284)->(18,18,27.6284)->(18,19,28.1284)->(18,20,28.6284)->(18,21,29.1284)->(18,22,29.6284)->(18,23,30.1464)->(18,24,30.7142)->(18,25,31.3964)->(18,26,32.7142)->(18,27,35.3426)->(19,27,5017.86)->
Agent 9:(20,31,1.8)->(19,31,3.6)->(18,31,7.54433)->(18,30,10.9029)->(18,29,12.2207)->(18,28,12.9029)->(18,27,13.4707)->(18,26,13.9887)->(18,25,14.4887)->(18,24,14.9887)->(18,23,15.4887)->(18,22,15.9887)->(18,21,16.5066)->(18,20,17.0744)->(18,19,17.7566)->(18,18,19.0744)->(18,17,22.5585)->(17,17,5011.9)->
Agent 10:(30,30,9.74626)->(30,29,18.9067)->(30,28,20.2246)->(30,27,20.9067)->(30,26,21.4746)->(30,25,21.9925)->(30,24,22.4925)->(30,23,22.9925)->(30,22,23.4925)->(30,21,23.9925)->(30,20,24.4925)->(30,19,24.9925)->(30,18,25.4925)->(30,17,25.9925)->(30,16,26.4925)->(30,15,26.9925)->(30,14,27.4925)->(30,13,27.9925)->(30,12,28.4925)->(30,11,28.9925)->(30,10,29.4925)->(30,9,29.9925)->(30,8,30.5105)->(30,7,31.0783)->(30,6,31.7605)->(30,5,33.0783)->(30,4,35.2925)->(29,4,38.0925)->(28,4,5019.05)->
Agent 11:(0,21,2.2)->(0,20,3.81421)->(0,19,5.13205)->(0,18,5.81421)->(0,17,6.38205)->(0,16,6.9)->(0,15,7.4)->(0,14,7.9)->(0,13,8.4)->(0,12,8.9)->(0,11,9.4)->(0,10,9.9)->(0,9,10.4)->(0,8,10.9179)->(0,7,11.4858)->(0,6,12.1679)->(0,5,13.4858)->(0,4,20.35)->(1,4,27.2142)->(2,4,28.5321)->(3,4,29.2142)->(4,4,29.7821)->(5,4,30.3)->(6,4,30.8)->(7,4,31.3)->(8,4,31.8)->(9,4,32.3)->(10,4,32.8)->(11,4,33.3)->(12,4,33.8)->(13,4,34.3)->(14,4,34.8)->(15,4,35.3)->(16,4,35.8)->(17,4,36.3)->(18,4,36.8)->(19,4,37.3179)->(20,4,37.8858)->(21,4,38.5679)->(22,4,39.8858)->(23,4,42.5142)->(23,3,5021.45)->
Agent 12:(22,0,1.3)->(22,1,2.01421)->(22,2,3.33205)->(22,3,4.01421)->(22,4,4.58205)->(22,5,5.11795)->(22,6,5.68579)->(22,7,6.36795)->(22,8,7.68579)->(22,9,9.9)->(21,9,12.1142)->(20,9,13.4321)->(19,9,14.1142)->(18,9,14.6821)->(17,9,15.2179)->(16,9,15.7858)->(15,9,16.4679)->(14,9,17.7858)->(13,9,20.3815)->(13,8,23.5631)->(13,7,26.3631)->(12,7,29.1631)->(11,7,32.3773)->(11,6,5016.38)->
Agent 13:(14,11,2.03205)->(13,11,3.47832)->(12,11,4.79615)->(11,11,5.47832)->(10,11,6.04615)->(9,11,6.58205)->(8,11,7.14989)->(7,11,7.83205)->(6,11,9.14989)->(5,11,11.3641)->(5,10,13.6136)->(5,9,15.6136)->(5,8,5007.53)->
Agent 14:(20,8,1.3)->(20,9,2.01421)->(20,10,3.33205)->(20,11,4.0641)->(20,12,4.79615)->(20,13,6.11399)->(20,14,8.92458)->(19,14,11.7352)->(18,14,13.053)->(17,14,13.7352)->(16,14,14.303)->(15,14,14.8389)->(14,14,15.4067)->(13,14,16.0889)->(12,14,17.4067)->(11,14,21.6569)->(12,14,27.2928)->(12,13,5014.05)->
Agent 15:(3,29,1.8)->(4,29,3.6)->(5,29,6.8)->(4,29,10)->(3,29,13.2142)->(3,30,17.5091)->(3,29,20.8324)->(3,28,22.1502)->(3,27,22.8324)->(3,26,23.4002)->(3,25,23.9182)->(3,24,24.4182)->(3,23,24.9182)->(3,22,25.4182)->(3,21,25.9182)->(3,20,26.4182)->(3,19,26.9182)->(3,18,27.4182)->(3,17,27.9182)->(3,16,28.4182)->(3,15,28.9182)->(3,14,29.4182)->(3,13,29.9182)->(3,12,30.4182)->(3,11,30.9182)->(3,10,31.4182)->(3,9,31.9182)->(3,8,32.4182)->(3,7,32.9182)->(3,6,33.4361)->(3,5,34.004)->(3,4,34.6861)->(3,3,36.004)->(3,2,38.6324)->(2,2,42.2324)->(2,1,45.4466)->(2,0,5022.72)->
Agent 16:(6,14,2.61421)->(6,13,5.98216)->(7,13,8.97854)->(8,13,10.2964)->(9,13,10.9785)->(10,13,11.5464)->(11,13,12.0823)->(12,13,12.6501)->(13,13,13.3323)->(14,13,14.6501)->(15,13,16.8643)->(15,14,19.0785)->(15,15,20.3964)->(15,16,21.0785)->(15,17,21.6464)->(15,18,22.1643)->(15,19,22.6643)->(15,20,23.1643)->(15,21,23.6823)->(15,22,24.2501)->(15,23,24.9323)->(15,24,26.2501)->(15,25,29.2785)->(15,24,34.8106)->(15,25,38.9711)->(15,26,40.3049)->(15,27,41.1333)->(15,28,42.4672)->(15,29,5020.94)->
Agent 17:(14,19,2.21421)->(13,19,4.81421)->(13,18,7.44264)->(13,17,8.76048)->(13,16,9.44264)->(13,15,10.0105)->(13,14,10.5464)->(13,13,11.1142)->(13,12,11.7964)->(13,11,13.1142)->(13,10,19.15)->(12,10,25.1858)->(11,10,26.5196)->(10,10,27.3481)->(9,10,28.6819)->(8,10,5014.05)->
Agent 18:(17,0,1.8)->(16,0,3.6)->(15,0,9.71421)->(15,1,15.2426)->(15,2,16.5605)->(15,3,17.2426)->(15,4,17.8105)->(15,5,18.3284)->(15,6,18.8284)->(15,7,19.3284)->(15,8,19.8284)->(15,9,20.3284)->(15,10,20.8284)->(15,11,21.3284)->(15,12,21.8284)->(15,13,22.3284)->(15,14,22.8284)->(15,15,23.3464)->(15,16,23.9142)->(15,17,24.5964)->(15,18,25.9142)->(15,19,28.1284)->(14,19,30.3426)->(13,19,31.6605)->(12,19,32.3426)->(11,19,32.9284)->(10,19,33.5142)->(9,19,34.1964)->(8,19,35.5142)->(7,19,37.7284)->(7,20,39.9426)->(7,21,41.2765)->(7,22,42.1049)->(7,23,43.4388)->(7,24,46.0672)->(6,24,5023.23)->
Agent 19:(26,13,3.74626)->(26,12,6.90674)->(26,11,8.22458)->(26,10,8.90674)->(26,9,9.47458)->(26,8,9.99253)->(26,7,10.4925)->(26,6,10.9925)->(26,5,11.4925)->(26,4,12.0105)->(26,3,12.5783)->(26,2,13.2605)->(26,1,14.5783)->(26,0,23.909)->(27,0,33.2397)->(28,0,34.6539)->(29,0,36.0681)->(30,0,5017.74)->
Agent 20:(25,10,2.21421)->(24,10,4.81421)->(24,11,7.44264)->(24,12,8.85685)->(24,13,10.2711)->(24,14,18.3889)->(23,14,26.5067)->(22,14,27.8246)->(21,14,28.5067)->(20,14,29.0746)->(19,14,29.5925)->(18,14,30.0925)->(17,14,30.5925)->(16,14,31.0925)->(15,14,31.5925)->(14,14,32.0925)->(13,14,32.5925)->(12,14,33.0925)->(11,14,33.5925)->(10,14,34.0925)->(9,14,34.5925)->(8,14,35.0925)->(7,14,35.5925)->(6,14,36.0925)->(5,14,36.6105)->(4,14,37.1783)->(3,14,37.8605)->(2,14,39.1783)->(1,14,5019.3)->
Agent 21:(2,6,3.80374)->(3,6,7.02168)->(4,6,8.33952)->(5,6,9.02168)->(6,6,9.58952)->(7,6,10.1075)->(8,6,10.6075)->(9,6,11.1075)->(10,6,11.6075)->(11,6,12.1075)->(12,6,12.6075)->(13,6,13.1075)->(14,6,13.6075)->(15,6,14.1075)->(16,6,14.6075)->(17,6,15.1075)->(18,6,15.6075)->(19,6,16.1075)->(20,6,16.6075)->(21,6,17.1254)->(22,6,17.6933)->(23,6,18.3754)->(24,6,19.6933)->(25,6,24.5952)->(25,7,29.4971)->(25,8,30.831)->(25,9,31.6594)->(25,10,32.9933)->(25,11,35.2075)->(26,11,37.4217)->(27,11,38.8359)->(28,11,40.2501)->(29,11,5019.83)->
Agent 22:(30,20,3.02193)->(29,20,5.45808)->(28,20,6.77592)->(27,20,7.46769)->(26,20,8.10336)->(25,20,8.79513)->(24,20,10.113)->(23,20,14.8456)->(23,21,19.5783)->(23,22,20.8962)->(23,23,21.5783)->(23,24,22.1462)->(23,25,22.6641)->(23,26,23.1641)->(23,27,23.6821)->(23,28,24.2499)->(23,29,24.9321)->(23,30,26.2499)->(23,31,28.4641)->(22,31,30.6783)->(21,31,31.9962)->(20,31,32.6879)->(19,31,33.3236)->(18,31,34.0154)->(17,31,35.3332)->(16,31,5017.37)->
Agent 23:(19,8,2.4004)->(19,9,4.25029)->(19,10,6.25029)->(19,11,8.49978)->(20,11,11.2998)->(21,11,5005.65)->
Agent 24:(29,8,2.21421)->(28,8,4.81421)->(28,7,7.47792)->(28,6,9.47792)->(28,5,13.01)->(27,5,16.5067)->(26,5,17.8246)->(25,5,18.5067)->(24,5,19.0746)->(23,5,19.5925)->(22,5,20.0925)->(21,5,20.5925)->(20,5,21.0925)->(19,5,21.5925)->(18,5,22.0925)->(17,5,22.6105)->(16,5,23.1783)->(15,5,23.8605)->(14,5,25.1783)->(13,5,34.0907)->(13,4,43.9747)->(12,4,46.6031)->(11,4,47.9209)->(10,4,48.653)->(9,4,49.385)->(8,4,50.7029)->(7,4,5025.06)->
Agent 25:(13,26,2.2)->(13,25,3.81421)->(13,24,5.13205)->(13,23,5.8641)->(13,22,6.59615)->(13,21,7.91399)->(13,20,10.1282)->(12,20,12.3424)->(11,20,13.6603)->(10,20,14.352)->(9,20,14.9877)->(8,20,15.6795)->(7,20,16.9973)->(6,20,20.968)->(6,19,24.9388)->(6,18,26.2566)->(6,17,26.9388)->(6,16,27.5066)->(6,15,28.0246)->(6,14,28.5425)->(6,13,29.1103)->(6,12,29.7925)->(6,11,31.1103)->(6,10,33.3246)->(5,10,35.5388)->(4,10,36.953)->(3,10,38.3672)->(2,10,5018.89)->
Agent 26:(8,4,1.8)->(9,4,3.01421)->(10,4,4.33205)->(11,4,5.0641)->(12,4,5.79615)->(13,4,7.11399)->(14,4,11.9058)->(14,5,16.6975)->(14,6,18.0154)->(14,7,18.7474)->(14,8,19.4795)->(14,9,20.7973)->(14,10,23.0115)->(15,10,25.261)->(16,10,27.261)->(17,10,29.9247)->(17,11,36.9874)->(17,10,5020.42)->
Agent 27:(23,15,2.61421)->(23,14,5.61421)->(24,14,8.24264)->(25,14,9.65685)->(26,14,11.0711)->(27,14,18.4711)->(26,14,25.8711)->(25,14,27.1889)->(24,14,27.921)->(23,14,28.653)->(22,14,29.9708)->(21,14,5014.69)->
Agent 28:(12,18,1.8)->(13,18,3.01421)->(14,18,4.42843)->(15,18,5.84264)->(16,18,8.05685)->(16,17,10.2711)->(16,16,11.5889)->(16,15,12.321)->(16,14,13.053)->(16,13,14.3708)->(16,12,16.5851)->(17,12,18.8345)->(18,12,20.8345)->(19,12,5010.14)->
Agent 29:(20,13,2.21421)->(19,13,6.60638)->(19,12,11.0623)->(19,11,13.0623)->(19,10,25.2243)->(18,10,37.3864)->(17,10,39.3864)->(16,10,5019.42)->
Agent 30:(0,31,2.2)->(0,30,3.84949)->(0,29,5.84949)->(0,28,8.19949)->(1,28,10.5495)->(2,28,12.5495)->(3,28,16.7086)->(3,27,20.8324)->(3,26,22.1502)->(3,25,22.8324)->(3,24,23.4002)->(3,23,23.9182)->(3,22,24.4182)->(3,21,24.9182)->(3,20,25.4182)->(3,19,25.9182)->(3,18,26.4182)->(3,17,26.9182)->(3,16,27.4182)->(3,15,27.9182)->(3,14,28.4182)->(3,13,28.9182)->(3,12,29.4182)->(3,11,29.9182)->(3,10,30.4182)->(3,9,30.9182)->(3,8,31.4182)->(3,7,31.9182)->(3,6,32.4182)->(3,5,32.9182)->(3,4,33.4361)->(3,3,34.004)->(3,2,34.6861)->(3,1,36.004)->(3,0,5017.71)->
Agent 31:(0,27,2.2)->(0,26,4.4)->(0,25,9.31046)->(1,25,13.6351)->(2,25,14.953)->(3,25,15.6351)->(4,25,16.203)->(5,25,16.7209)->(6,25,17.2209)->(7,25,17.7209)->(8,25,18.2389)->(9,25,18.8067)->(10,25,19.4889)->(11,25,20.8067)->(12,25,23.0209)->(12,24,25.8209)->(12,23,28.6209)->(13,23,30.8351)->(14,23,32.153)->(15,23,32.8351)->(16,23,33.403)->(17,23,33.9209)->(18,23,34.4209)->(19,23,34.9209)->(20,23,35.4389)->(21,23,36.0067)->(22,23,36.6889)->(23,23,38.0067)->(24,23,40.6351)->(24,24,5020.51)->
Agent 32:(26,29,1.3)->(26,30,2.6)->(26,31,5.4)->(25,31,7.61421)->(24,31,8.93205)->(23,31,9.61421)->(22,31,10.1821)->(21,31,10.7)->(20,31,11.2)->(19,31,11.7)->(18,31,12.2)->(17,31,12.7)->(16,31,13.2)->(15,31,13.7)->(14,31,14.2)->(13,31,14.7)->(12,31,15.2)->(11,31,15.7)->(10,31,16.2)->(9,31,16.7)->(8,31,17.2)->(7,31,17.7179)->(6,31,18.2858)->(5,31,18.9679)->(4,31,20.2858)->(3,31,22.5)->(3,30,24.7142)->(3,29,26.0321)->(3,28,26.7142)->(3,27,27.2821)->(3,26,27.8)->(3,25,28.3)->(3,24,28.8)->(3,23,29.3)->(3,22,29.8)->(3,21,30.3)->(3,20,30.8)->(3,19,31.3)->(3,18,31.8)->(3,17,32.3)->(3,16,32.8)->(3,15,33.3)->(3,14,33.8)->(3,13,34.3)->(3,12,34.8)->(3,11,35.3)->(3,10,35.8179)->(3,9,36.3858)->(3,8,37.0679)->(3,7,38.3858)->(3,6,41.0142)->(4,6,5020.7)->
Agent 33:(2,20,2.2)->(2,19,3.81421)->(2,18,5.13205)->(2,17,5.81421)->(2,16,6.38205)->(2,15,6.9)->(2,14,7.4)->(2,13,7.9)->(2,12,8.4)->(2,11,8.9)->(2,10,9.4)->(2,9,9.9)->(2,8,10.4)->(2,7,10.9179)->(2,6,11.4858)->(2,5,12.1679)->(2,4,13.4858)->(2,3,16.1142)->(1,3,23.9605)->(2,3,30.8352)->(3,3,32.153)->(4,3,32.8352)->(5,3,33.403)->(6,3,33.921)->(7,3,34.421)->(8,3,34.921)->(9,3,35.4389)->(10,3,36.0067)->(11,3,36.6889)->(12,3,38.0067)->(13,3,5018.71)->
Agent 34:(7,5,3.96795)->(8,5,7.35011)->(9,5,8.66795)->(10,5,9.35011)->(11,5,9.91795)->(12,5,10.4359)->(13,5,10.9359)->(14,5,11.4359)->(15,5,11.9538)->(16,5,12.5217)->(17,5,13.2038)->(18,5,14.5217)->(19,5,16.7359)->(19,6,19.5359)->(19,7,29.4179)->(18,7,39.3)->(17,7,5019.65)->
Agent 35:(22,26,3.37843)->(22,25,6.17107)->(22,24,7.48891)->(22,23,8.17107)->(22,22,8.73891)->(22,21,9.25685)->(22,20,9.75685)->(22,19,10.2569)->(22,18,10.7748)->(22,17,11.3426)->(22,16,12.0248)->(22,15,13.3426)->(22,14,16.9605)->(21,14,20.5783)->(20,14,21.8962)->(19,14,22.5783)->(18,14,23.1641)->(17,14,23.7499)->(16,14,24.4321)->(15,14,25.7499)->(14,14,28.3783)->(14,13,5014.38)->
Agent 36:(10,14,2.4142)->(10,15,4.24261)->(10,16,5.56045)->(10,17,6.24261)->(10,18,6.81045)->(10,19,7.3284)->(10,20,7.8284)->(10,21,8.34635)->(10,22,8.91419)->(10,23,9.59635)->(10,24,10.9142)->(10,25,13.1284)->(11,25,15.3779)->(12,25,17.3779)->(13,25,5008.41)->
Agent 37:(28,16,1.3)->(28,17,2.01421)->(28,18,3.33205)->(28,19,4.01421)->(28,20,4.58205)->(28,21,5.1)->(28,22,5.6)->(28,23,6.11795)->(28,24,6.68579)->(28,25,7.36795)->(28,26,8.68579)->(28,27,12.3141)->(27,27,15.9424)->(26,27,17.2603)->(25,27,17.9424)->(24,27,18.5103)->(23,27,19.0282)->(22,27,19.5282)->(21,27,20.0282)->(20,27,20.5282)->(19,27,21.0282)->(18,27,21.5282)->(17,27,22.0282)->(16,27,22.5282)->(15,27,23.0462)->(14,27,23.614)->(13,27,24.2962)->(12,27,25.614)->(11,27,5012.51)->
Agent 38:(18,18,1.71421)->(18,19,3.81421)->(19,19,7.02843)->(20,19,10.7233)->(19,19,13.8324)->(18,19,15.1502)->(17,19,15.8324)->(16,19,16.4002)->(15,19,16.9182)->(14,19,17.4182)->(13,19,17.9182)->(12,19,18.4182)->(11,19,18.9182)->(10,19,19.4182)->(9,19,19.9182)->(8,19,20.4182)->(7,19,20.9182)->(6,19,21.4361)->(5,19,22.004)->(4,19,22.6861)->(3,19,24.004)->(2,19,26.2182)->(2,20,29.0182)->(2,21,31.8182)->(3,21,34.6182)->(4,21,37.8324)->(4,22,5019.11)->
Agent 39:(16,7,1.71421)->(16,8,3.81421)->(17,8,6.44264)->(18,8,7.76048)->(19,8,8.44264)->(20,8,9.01048)->(21,8,9.54638)->(22,8,10.1142)->(23,8,10.7964)->(24,8,12.1142)->(25,8,20.8057)->(25,9,29.4971)->(25,10,30.831)->(25,11,31.6594)->(25,12,32.9933)->(25,13,5016.2)->
Agent 40:(10,15,1.3)->(10,16,2.01421)->(10,17,3.33205)->(10,18,4.01421)->(10,19,4.58205)->(10,20,5.1)->(10,21,5.6)->(10,22,6.11795)->(10,23,6.68579)->(10,24,7.36795)->(10,25,8.68579)->(10,26,13.0142)->(10,25,17.3426)->(10,24,18.6605)->(10,23,19.3925)->(10,22,20.1246)->(10,21,21.4424)->(10,20,5010.43)->
Agent 41:(12,8,5.46795)->(13,8,10.3501)->(14,8,11.6679)->(15,8,12.3501)->(16,8,12.9179)->(17,8,13.4359)->(18,8,13.9538)->(19,8,14.5217)->(20,8,15.2038)->(21,8,16.5217)->(22,8,22.8821)->(22,9,29.2424)->(22,10,30.5603)->(22,11,31.2424)->(22,12,31.8282)->(22,13,32.414)->(22,14,33.0962)->(22,15,34.414)->(22,16,5016.91)->
Agent 42:(4,25,2.2)->(4,24,3.81421)->(4,23,5.13205)->(4,22,5.81421)->(4,21,6.38205)->(4,20,6.9)->(4,19,7.4)->(4,18,7.9)->(4,17,8.4)->(4,16,8.9)->(4,15,9.4)->(4,14,9.9)->(4,13,10.4)->(4,12,10.9)->(4,11,11.4)->(4,10,11.9)->(4,9,12.4)->(4,8,12.9)->(4,7,13.4)->(4,6,13.9179)->(4,5,14.4858)->(4,4,15.1679)->(4,3,16.4858)->(4,2,18.7)->(5,2,20.9142)->(6,2,22.2321)->(7,2,22.9142)->(8,2,23.4821)->(9,2,24)->(10,2,24.5)->(11,2,25)->(12,2,25.5)->(13,2,26)->(14,2,26.5)->(15,2,27)->(16,2,27.5)->(17,2,28)->(18,2,28.5)->(19,2,29)->(20,2,29.5)->(21,2,30)->(22,2,30.5)->(23,2,31.0179)->(24,2,31.5858)->(25,2,32.2679)->(26,2,33.5858)->(27,2,37.6426)->(27,1,5019.73)->
Agent 43:(5,9,4.38952)->(5,8,8.19326)->(5,7,9.60747)->(5,6,11.0217)->(5,5,13.6637)->(6,5,16.8915)->(7,5,24.3365)->(7,6,5014.48)->
Agent 44:(24,28,1.8)->(23,28,3.01421)->(22,28,4.33205)->(21,28,5.01421)->(20,28,5.58205)->(19,28,6.1)->(18,28,6.6)->(17,28,7.1)->(16,28,7.6)->(15,28,8.1)->(14,28,8.6)->(13,28,9.1)->(12,28,9.6)->(11,28,10.1179)->(10,28,10.6858)->(9,28,11.3679)->(8,28,12.6858)->(7,28,15.3981)->(7,27,18.1103)->(7,26,19.4282)->(7,25,20.1103)->(7,24,20.6782)->(7,23,21.1961)->(7,22,21.6961)->(7,21,22.1961)->(7,20,22.6961)->(7,19,23.2141)->(7,18,23.7819)->(7,17,24.4641)->(7,16,25.7819)->(7,15,5012.6)->
Agent 45:(17,16,3.21421)->(18,16,6.81421)->(18,15,9.44264)->(18,14,10.7765)->(18,13,11.6049)->(18,12,12.9388)->(18,11,15.5672)->(17,11,23.1085)->(17,12,29.6783)->(17,13,31.0925)->(17,14,32.5067)->(17,15,5015.96)->
Agent 46:(31,22,1.3)->(31,23,2.04949)->(31,24,4.04949)->(31,25,6.29898)->(30,25,9.09898)->(29,25,14.0817)->(29,24,18.4785)->(29,23,19.7964)->(29,22,20.4785)->(29,21,21.0464)->(29,20,21.5643)->(29,19,22.0643)->(29,18,22.5643)->(29,17,23.0643)->(29,16,23.5643)->(29,15,24.0643)->(29,14,24.5643)->(29,13,25.0643)->(29,12,25.5823)->(29,11,26.1501)->(29,10,26.8323)->(29,9,28.1501)->(29,8,30.3643)->(28,8,32.5785)->(27,8,33.8964)->(26,8,34.5785)->(25,8,35.1464)->(24,8,35.6643)->(23,8,36.1643)->(22,8,36.6643)->(21,8,37.1643)->(20,8,37.6643)->(19,8,38.1643)->(18,8,38.6823)->(17,8,39.2501)->(16,8,39.9323)->(15,8,41.2501)->(14,8,43.4643)->(14,7,45.6785)->(14,6,46.9964)->(14,5,47.6785)->(14,4,48.2643)->(14,3,48.8501)->(14,2,49.5323)->(14,1,50.8501)->(14,0,5025.13)->
Agent 47:(24,27,4.54949)->(24,26,8.51319)->(24,25,9.92741)->(24,24,11.3416)->(24,23,17.1814)->(25,23,23.6069)->(26,23,5011.8)->
Agent 48:(1,20,1.3)->(1,21,2.01421)->(1,22,3.33205)->(1,23,4.01421)->(1,24,4.58205)->(1,25,5.11795)->(1,26,5.68579)->(1,27,6.36795)->(1,28,7.68579)->(1,29,11.8142)->(2,29,15.9426)->(3,29,17.2605)->(4,29,17.9426)->(5,29,18.5105)->(6,29,19.0284)->(7,29,19.5284)->(8,29,20.0284)->(9,29,20.5284)->(10,29,21.0284)->(11,29,21.5284)->(12,29,22.0284)->(13,29,22.5284)->(14,29,23.0284)->(15,29,23.5284)->(16,29,24.0284)->(17,29,24.5284)->(18,29,25.0284)->(19,29,25.5284)->(20,29,26.0284)->(21,29,26.5284)->(22,29,27.0284)->(23,29,27.5464)->(24,29,28.1142)->(25,29,28.7964)->(26,29,30.1142)->(27,29,32.3284)->(27,30,35.1284)->(27,31,5017.56)->
Agent 49:(11,16,2.15011)->(12,16,3.71444)->(13,16,5.03227)->(14,16,5.76433)->(15,16,6.49638)->(16,16,7.81421)->(17,16,10.0284)->(17,17,12.2426)->(17,18,13.5765)->(17,19,14.4049)->(17,20,15.7388)->(17,21,5007.58)->
Agent 50:(14,8,1.61784)->(14,9,2.64989)->(14,10,3.96773)->(14,11,4.64989)->(14,12,5.21773)->(14,13,5.73567)->(14,14,6.23567)->(14,15,6.73567)->(14,16,7.23567)->(14,17,7.73567)->(14,18,8.23567)->(14,19,8.73567)->(14,20,9.23567)->(14,21,9.73567)->(14,22,10.2357)->(14,23,10.7357)->(14,24,11.2357)->(14,25,11.7357)->(14,26,12.2357)->(14,27,12.7536)->(14,28,13.3215)->(14,29,14.0036)->(14,30,15.3215)->(14,31,17.5357)->(15,31,19.7499)->(16,31,21.0677)->(17,31,21.7499)->(18,31,22.3177)->(19,31,22.8357)->(20,31,23.3357)->(21,31,23.8357)->(22,31,24.3357)->(23,31,24.8357)->(24,31,25.3357)->(25,31,25.8357)->(26,31,26.3536)->(27,31,26.9215)->(28,31,27.6036)->(29,31,28.9215)->(30,31,5014.17)->
Agent 51:(26,4,5.74626)->(25,4,10.9067)->(24,4,12.2246)->(23,4,12.9067)->(22,4,13.4746)->(21,4,13.9925)->(20,4,14.5105)->(19,4,15.0783)->(18,4,15.7605)->(17,4,17.0783)->(16,4,25.8963)->(16,5,34.7142)->(16,6,36.0321)->(16,7,36.7142)->(16,8,37.2821)->(16,9,37.8)->(16,10,38.3179)->(16,11,38.8858)->(16,12,39.5679)->(16,13,40.8858)->(16,14,5020.15)->
Agent 52:(3,31,2.2)->(3,30,3.81421)->(3,29,5.13205)->(3,28,5.81421)->(3,27,6.38205)->(3,26,6.9)->(3,25,7.4)->(3,24,7.9)->(3,23,8.4)->(3,22,8.9)->(3,21,9.4)->(3,20,9.9)->(3,19,10.4)->(3,18,10.9)->(3,17,11.4179)->(3,16,11.9858)->(3,15,12.6679)->(3,14,13.9858)->(3,13,16.2822)->(4,13,18.5785)->(5,13,19.8964)->(6,13,20.5785)->(7,13,21.1464)->(8,13,21.6643)->(9,13,22.1643)->(10,13,22.6643)->(11,13,23.1643)->(12,13,23.6643)->(13,13,24.1643)->(14,13,24.6643)->(15,13,25.1643)->(16,13,25.6643)->(17,13,26.1643)->(18,13,26.6643)->(19,13,27.1643)->(20,13,27.6643)->(21,13,28.1643)->(22,13,28.6643)->(23,13,29.1643)->(24,13,29.6643)->(25,13,30.1643)->(26,13,30.6823)->(27,13,31.2501)->(28,13,31.9323)->(29,13,33.2501)->(30,13,5016.33)->
Agent 53:(12,4,1.71421)->(12,5,4.5641)->(12,4,7.97769)->(12,3,9.97769)->(12,2,12.9456)->(13,2,15.8783)->(14,2,17.2925)->(15,2,18.7067)->(16,2,20.921)->(16,1,23.721)->(16,0,29.6747)->(16,1,35.6284)->(16,2,42.9464)->(15,2,50.2643)->(14,2,5025.13)->
Agent 54:(8,9,1.3)->(8,10,2.01421)->(8,11,3.33205)->(8,12,4.01421)->(8,13,4.58205)->(8,14,5.1)->(8,15,5.6)->(8,16,6.11795)->(8,17,6.68579)->(8,18,7.36795)->(8,19,8.68579)->(8,20,11.3)->(8,19,13.9142)->(8,18,15.3284)->(8,17,16.7426)->(8,16,19.6625)->(9,16,22.5824)->(10,16,23.9163)->(11,16,24.7447)->(12,16,26.0785)->(13,16,30.3517)->(13,17,34.6249)->(13,18,35.9428)->(13,19,36.6748)->(13,20,37.4069)->(13,21,38.7247)->(13,22,5019.07)->
Agent 55:(26,19,1.8)->(25,19,3.6)->(24,19,6.4)->(24,18,8.61421)->(24,17,10.0284)->(24,16,11.4426)->(24,15,14.4784)->(25,15,17.5495)->(26,15,19.5495)->(27,15,23.7279)->(27,14,27.8711)->(27,13,29.1889)->(27,12,29.8711)->(27,11,30.4389)->(27,10,30.9569)->(27,9,31.4569)->(27,8,31.9569)->(27,7,32.4748)->(27,6,33.0426)->(27,5,33.7248)->(27,4,35.0426)->(27,3,37.6711)->(28,3,41.2711)->(28,2,44.4853)->(28,1,5022.24)->
Agent 56:(24,30,2.2)->(24,29,4.4)->(24,28,7.91421)->(25,28,10.8426)->(26,28,12.2569)->(27,28,13.6711)->(28,28,15.8853)->(28,27,18.1348)->(28,26,20.1348)->(28,25,5009.79)->
Agent 57:(20,3,1.3)->(20,4,2.01421)->(20,5,3.33205)->(20,6,4.02382)->(20,7,4.65949)->(20,8,5.35126)->(20,9,6.6691)->(20,10,8.88331)->(19,10,11.0975)->(18,10,12.4154)->(17,10,13.1474)->(16,10,13.8795)->(15,10,15.1973)->(14,10,17.4115)->(14,11,19.6257)->(14,12,20.9436)->(14,13,21.6257)->(14,14,22.1936)->(14,15,22.7115)->(14,16,23.2295)->(14,17,23.7973)->(14,18,24.4795)->(14,19,25.7973)->(14,20,28.4257)->(13,20,32.0257)->(13,21,34.6894)->(13,22,36.6894)->(13,23,5018.07)->
Agent 58:(7,28,2.2)->(7,27,3.81421)->(7,26,5.14806)->(7,25,5.97649)->(7,24,7.31034)->(7,23,9.52456)->(6,23,11.774)->(5,23,13.774)->(4,23,5006.61)->
Agent 59:(1,11,1.3)->(1,12,2.01421)->(1,13,3.42843)->(1,14,4.84264)->(1,15,7.05685)->(2,15,9.27107)->(3,15,10.5889)->(4,15,11.2711)->(5,15,11.8389)->(6,15,12.3569)->(7,15,12.8569)->(8,15,13.3569)->(9,15,13.8569)->(10,15,14.3569)->(11,15,14.8569)->(12,15,15.3569)->(13,15,15.8569)->(14,15,16.3569)->(15,15,16.8569)->(16,15,17.3569)->(17,15,17.8748)->(18,15,18.4426)->(19,15,19.1248)->(20,15,20.4426)->(21,15,23.5926)->(21,16,26.7426)->(21,17,28.0605)->(21,18,28.7426)->(21,19,29.3105)->(21,20,29.8284)->(21,21,30.3284)->(21,22,30.8284)->(21,23,31.3284)->(21,24,31.8284)->(21,25,32.3284)->(21,26,32.8464)->(21,27,33.4142)->(21,28,34.0964)->(21,29,35.4142)->(21,30,38.0426)->(22,30,5019.21)->
Agent 60:(31,26,1.71421)->(31,27,3.81421)->(30,27,7.02843)->(29,27,15.3464)->(29,26,23.0785)->(29,25,24.3964)->(29,24,25.0785)->(29,23,25.6464)->(29,22,26.1643)->(29,21,26.6643)->(29,20,27.1643)->(29,19,27.6643)->(29,18,28.1643)->(29,17,28.6643)->(29,16,29.1643)->(29,15,29.6643)->(29,14,30.1643)->(29,13,30.6643)->(29,12,31.1823)->(29,11,31.7501)->(29,10,32.4323)->(29,9,33.7501)->(29,8,36.2143)->(28,8,38.6785)->(27,8,39.9964)->(26,8,40.6785)->(25,8,41.2464)->(24,8,41.7643)->(23,8,42.2643)->(22,8,42.7643)->(21,8,43.2643)->(20,8,43.7643)->(19,8,44.2643)->(18,8,44.7643)->(17,8,45.2643)->(16,8,45.7643)->(15,8,46.2643)->(14,8,46.7643)->(13,8,47.2643)->(12,8,47.7643)->(11,8,48.2643)->(10,8,48.7823)->(9,8,49.3501)->(8,8,50.0323)->(7,8,51.3501)->(6,8,53.9785)->(6,9,57.5785)->(5,9,60.207)->(4,9,61.6212)->(3,9,63.0354)->(2,9,5031.22)->
Agent 61:(26,21,2.4142)->(25,21,4.24261)->(24,21,5.56045)->(23,21,6.24261)->(22,21,6.81045)->(21,21,7.3284)->(20,21,7.8284)->(19,21,8.3284)->(18,21,8.8284)->(17,21,9.34635)->(16,21,9.91419)->(15,21,10.5963)->(14,21,11.9142)->(13,21,15.4265)->(13,20,19.5246)->(13,19,24.0944)->(12,19,28.0785)->(11,19,29.3964)->(10,19,30.0785)->(9,19,30.6464)->(8,19,31.1643)->(7,19,31.6643)->(6,19,32.1643)->(5,19,32.6643)->(4,19,33.1823)->(3,19,33.7501)->(2,19,34.4323)->(1,19,35.7501)->(0,19,38.3785)->(0,20,5019.38)->
Agent 62:(25,1,1.8)->(24,1,3.01421)->(23,1,4.42843)->(22,1,5.84264)->(21,1,10.4002)->(21,2,14.9578)->(21,3,16.2756)->(21,4,17.0077)->(21,5,17.7397)->(21,6,19.0576)->(21,7,28.8859)->(20,7,39.3)->(19,7,5019.65)->
Agent 63:(1,0,4.5)->(1,1,8.41421)->(1,2,9.73205)->(1,3,10.4142)->(1,4,10.9821)->(1,5,11.5)->(1,6,12)->(1,7,12.5)->(1,8,13)->(1,9,13.5)->(1,10,14)->(1,11,14.5)->(1,12,15)->(1,13,15.5)->(1,14,16)->(1,15,16.5)->(1,16,17)->(1,17,17.5)->(1,18,18)->(1,19,18.5)->(1,20,19)->(1,21,19.5)->(1,22,20)->(1,23,20.5)->(1,24,21)->(1,25,21.5179)->(1,26,22.0858)->(1,27,22.7679)->(1,28,24.0858)->(1,29,26.3)->(2,29,28.5142)->(3,29,29.8321)->(4,29,30.5142)->(5,29,31.0821)->(6,29,31.6)->(7,29,32.1)->(8,29,32.6)->(9,29,33.1)->(10,29,33.6)->(11,29,34.1)->(12,29,34.6)->(13,29,35.1)->(14,29,35.6)->(15,29,36.1)->(16,29,36.6179)->(17,29,37.1858)->(18,29,37.8679)->(19,29,39.1858)->(20,29,5019.3)->
Agent 64:(28,24,2.21421)->(27,24,9.02883)->(27,25,15.9071)->(27,26,17.9071)->(27,27,20.5708)->(26,27,5010.48)->
Agent 65:(1,31,2.21421)->(2,31,4.81421)->(2,30,7.44264)->(2,29,8.76048)->(2,28,9.44264)->(2,27,10.0105)->(2,26,10.5284)->(2,25,11.0284)->(2,24,11.5284)->(2,23,12.0284)->(2,22,12.5284)->(2,21,13.0284)->(2,20,13.5284)->(2,19,14.0284)->(2,18,14.5284)->(2,17,15.0284)->(2,16,15.5284)->(2,15,16.0284)->(2,14,16.5284)->(2,13,17.0284)->(2,12,17.5284)->(2,11,18.0284)->(2,10,18.5284)->(2,9,19.0284)->(2,8,19.5284)->(2,7,20.0284)->(2,6,20.5464)->(2,5,21.1142)->(2,4,21.7964)->(2,3,23.1142)->(2,2,25.3284)->(3,2,27.5426)->(4,2,28.8605)->(5,2,29.5426)->(6,2,30.1105)->(7,2,30.6284)->(8,2,31.1284)->(9,2,31.6284)->(10,2,32.1284)->(11,2,32.6284)->(12,2,33.1284)->(13,2,33.6284)->(14,2,34.1284)->(15,2,34.6284)->(16,2,35.1284)->(17,2,35.6464)->(18,2,36.2142)->(19,2,36.8964)->(20,2,38.2142)->(21,2,5018.81)->
Agent 66:(29,30,2.2)->(29,29,3.81421)->(29,28,5.13205)->(29,27,5.81421)->(29,26,6.4)->(29,25,6.98579)->(29,24,7.66795)->(29,23,8.98579)->(29,22,11.2)->(28,22,13.4142)->(27,22,14.7321)->(26,22,15.4142)->(25,22,15.9821)->(24,22,16.5)->(23,22,17)->(22,22,17.5)->(21,22,18)->(20,22,18.5)->(19,22,19)->(18,22,19.5)->(17,22,20)->(16,22,20.5)->(15,22,21)->(14,22,21.5)->(13,22,22)->(12,22,22.5)->(11,22,23)->(10,22,23.5179)->(9,22,24.0858)->(8,22,24.7679)->(7,22,26.0858)->(6,22,28.7142)->(6,21,5014.55)->
Agent 67:(6,23,1.71421)->(6,24,6.08154)->(5,24,10.9773)->(4,24,12.3915)->(3,24,13.8057)->(2,24,16.4341)->(2,23,20.0341)->(1,23,23.2484)->(0,23,26.4626)->(0,24,5013.42)->
Agent 68:(25,7,4.5)->(25,8,8.41421)->(25,9,9.73205)->(25,10,10.4142)->(25,11,10.9821)->(25,12,11.5)->(25,13,12)->(25,14,12.5)->(25,15,13)->(25,16,13.5)->(25,17,14)->(25,18,14.5179)->(25,19,15.0858)->(25,20,15.7679)->(25,21,17.0858)->(25,22,20.6999)->(24,22,24.314)->(23,22,25.6318)->(22,22,26.314)->(21,22,26.8818)->(20,22,27.3998)->(19,22,27.8998)->(18,22,28.3998)->(17,22,28.8998)->(16,22,29.3998)->(15,22,29.8998)->(14,22,30.3998)->(13,22,30.8998)->(12,22,31.3998)->(11,22,31.8998)->(10,22,32.3998)->(9,22,32.8998)->(8,22,33.3998)->(7,22,33.8998)->(6,22,34.3998)->(5,22,34.9177)->(4,22,35.4856)->(3,22,36.1677)->(2,22,37.4856)->(1,22,5018.45)->
Agent 69:(11,30,1.8)->(12,30,3.01421)->(13,30,4.42843)->(14,30,5.84264)->(15,30,5002.63)->
Agent 70:(16,11,1.8)->(17,11,3.01421)->(18,11,4.33205)->(19,11,5.0641)->(20,11,5.79615)->(21,11,7.11399)->(22,11,10.2321)->(22,10,13.3501)->(22,9,14.6679)->(22,8,15.3501)->(22,7,15.9359)->(22,6,16.5217)->(22,5,17.2038)->(22,4,18.5217)->(22,3,5008.97)->
Agent 71:(30,14,1.3)->(30,15,2.01421)->(30,16,3.34806)->(30,17,4.17649)->(30,18,5.51034)->(30,19,7.72456)->(29,19,9.93877)->(28,19,11.2566)->(27,19,11.9388)->(26,19,12.5066)->(25,19,13.0246)->(24,19,13.5246)->(23,19,14.0246)->(22,19,14.5246)->(21,19,15.0246)->(20,19,15.5246)->(19,19,16.0246)->(18,19,16.5246)->(17,19,17.0246)->(16,19,17.5246)->(15,19,18.0246)->(14,19,18.5246)->(13,19,19.0246)->(12,19,19.5246)->(11,19,20.0246)->(10,19,20.5246)->(9,19,21.0246)->(8,19,21.5425)->(7,19,22.1103)->(6,19,22.7925)->(5,19,24.1103)->(4,19,26.7388)->(4,20,5013.56)->
Agent 72:(30,7,2.21421)->(29,7,5000.8)->
Agent 73:(30,5,2.21421)->(30,6,3.84264)->(30,7,5.16048)->(30,8,5.84264)->(30,9,6.41048)->(30,10,6.92843)->(30,11,7.42843)->(30,12,7.92843)->(30,13,8.42843)->(30,14,8.92843)->(30,15,9.44638)->(30,16,10.0142)->(30,17,10.6964)->(30,18,12.0142)->(30,19,14.2284)->(29,19,16.4426)->(28,19,17.7605)->(27,19,18.4426)->(26,19,19.0105)->(25,19,19.5284)->(24,19,20.0284)->(23,19,20.5464)->(22,19,21.1142)->(21,19,21.7964)->(20,19,23.1142)->(19,19,28.0284)->(20,19,5015.35)->
Agent 74:(25,29,2.82841)->(26,29,6.7142)->(26,28,10.0142)->(26,27,11.3321)->(26,26,12.0142)->(26,25,12.5821)->(26,24,13.1)->(26,23,13.6)->(26,22,14.1)->(26,21,14.6)->(26,20,15.1)->(26,19,15.6)->(26,18,16.1)->(26,17,16.6)->(26,16,17.1)->(26,15,17.6)->(26,14,18.1)->(26,13,18.6)->(26,12,19.1)->(26,11,19.6)->(26,10,20.1)->(26,9,20.6179)->(26,8,21.1858)->(26,7,21.8679)->(26,6,23.1858)->(26,5,25.4)->(27,5,28.2)->(28,5,5014.1)->
Agent 75:(16,30,7.6)->(16,29,14.6142)->(16,28,15.9321)->(16,27,16.6142)->(16,26,17.1821)->(16,25,17.7)->(16,24,18.2)->(16,23,18.7)->(16,22,19.2)->(16,21,19.7)->(16,20,20.2)->(16,19,20.7)->(16,18,21.2)->(16,17,21.7)->(16,16,22.2)->(16,15,22.7)->(16,14,23.2)->(16,13,23.7)->(16,12,24.2)->(16,11,24.7)->(16,10,25.2)->(16,9,25.7179)->(16,8,26.2858)->(16,7,26.9679)->(16,6,28.2858)->(16,5,30.5)->(17,5,32.7142)->(18,5,34.0481)->(19,5,34.8765)->(20,5,36.2103)->(21,5,5017.81)->
Agent 76:(0,3,3.01784)->(1,3,5.44989)->(2,3,6.76773)->(3,3,7.44989)->(4,3,8.03567)->(5,3,8.62146)->(6,3,9.30362)->(7,3,10.6215)->(8,3,12.8357)->(8,2,15.0852)->(8,1,17.0852)->(8,0,25.5283)->(8,1,33.9715)->(8,2,35.9715)->(8,3,5017.71)->
Agent 77:(18,12,5.29949)->(17,12,10.0132)->(16,12,11.331)->(15,12,12.0132)->(14,12,12.581)->(13,12,13.099)->(12,12,13.599)->(11,12,14.099)->(10,12,14.599)->(9,12,15.099)->(8,12,15.6169)->(7,12,16.1848)->(6,12,16.8669)->(5,12,18.1848)->(4,12,20.399)->(4,13,22.6132)->(4,14,23.931)->(4,15,24.6631)->(4,16,25.3951)->(4,17,26.713)->(4,18,5013.06)->
Agent 78:(18,6,2.21421)->(19,6,4.81421)->(19,5,7.44264)->(19,4,8.77649)->(19,3,9.60492)->(19,2,10.9388)->(19,1,13.5672)->(18,1,5006.98)->
Agent 79:(12,27,2.21421)->(13,27,7.57157)->(13,28,12.9574)->(13,29,14.3716)->(13,30,15.7858)->(13,31,5007.6)->
Agent 80:(1,8,1.93205)->(2,8,3.27832)->(3,8,4.59615)->(4,8,5.27832)->(5,8,5.84615)->(6,8,6.38205)->(7,8,6.94989)->(8,8,7.63205)->(9,8,8.94989)->(10,8,11.1641)->(10,9,13.3783)->(10,10,14.6962)->(10,11,15.3879)->(10,12,16.0236)->(10,13,16.7154)->(10,14,18.0332)->(10,15,20.8059)->(11,15,23.5785)->(12,15,24.8964)->(13,15,25.5785)->(14,15,26.1464)->(15,15,26.6643)->(16,15,27.1643)->(17,15,27.6823)->(18,15,28.2501)->(19,15,28.9323)->(20,15,30.2501)->(21,15,33.1605)->(21,16,36.0708)->(21,17,37.3887)->(21,18,38.0708)->(21,19,38.6387)->(21,20,39.1566)->(21,21,39.6566)->(21,22,40.1566)->(21,23,40.6566)->(21,24,41.1566)->(21,25,41.6746)->(21,26,42.2424)->(21,27,42.9246)->(21,28,44.2424)->(21,29,5021.83)->
Agent 81:(23,5,2.21421)->(24,5,4.81421)->(24,6,7.44264)->(24,7,8.76048)->(24,8,9.45225)->(24,9,10.0879)->(24,10,10.7797)->(24,11,12.0975)->(24,12,14.726)->(23,12,24.5163)->(23,13,33.3351)->(23,14,34.653)->(23,15,35.3351)->(23,16,35.903)->(23,17,36.4209)->(23,18,36.9209)->(23,19,37.4389)->(23,20,38.0067)->(23,21,38.6889)->(23,22,40.0067)->(23,23,5019.71)->
Agent 82:(28,11,1.75398)->(28,12,2.92218)->(28,13,4.24002)->(28,14,4.92218)->(28,15,5.49002)->(28,16,6.00797)->(28,17,6.50797)->(28,18,7.00797)->(28,19,7.52592)->(28,20,8.09376)->(28,21,8.77592)->(28,22,10.0938)->(28,23,12.308)->(27,23,14.5575)->(26,23,16.5575)->(25,23,18.8069)->(25,24,21.0212)->(25,25,22.4354)->(25,26,23.8496)->(25,27,5011.63)->
Agent 83:(7,2,1.8)->(8,2,3.01421)->(9,2,4.33205)->(10,2,5.01421)->(11,2,5.58205)->(12,2,6.1)->(13,2,6.61795)->(14,2,7.18579)->(15,2,7.86795)->(16,2,9.18579)->(17,2,11.4)->(17,3,13.6142)->(17,4,14.9321)->(17,5,15.6238)->(17,6,16.2595)->(17,7,16.9513)->(17,8,18.2691)->(17,9,5008.84)->
Agent 84:(21,1,2.0141)->(21,2,3.44242)->(21,3,4.76025)->(21,4,5.44242)->(21,5,6.01025)->(21,6,6.5282)->(21,7,7.0282)->(21,8,7.5282)->(21,9,8.0282)->(21,10,8.5282)->(21,11,9.0282)->(21,12,9.5282)->(21,13,10.0282)->(21,14,10.5282)->(21,15,11.0282)->(21,16,11.5282)->(21,17,12.0282)->(21,18,12.5282)->(21,19,13.0282)->(21,20,13.5282)->(21,21,14.0282)->(21,22,14.5282)->(21,23,15.0282)->(21,24,15.5462)->(21,25,16.114)->(21,26,16.7962)->(21,27,18.114)->(21,28,20.3282)->(20,28,22.5424)->(19,28,23.8603)->(18,28,24.5424)->(17,28,25.1103)->(16,28,25.6282)->(15,28,26.1282)->(14,28,26.6282)->(13,28,27.1282)->(12,28,27.6282)->(11,28,28.1282)->(10,28,28.6282)->(9,28,29.1282)->(8,28,29.6282)->(7,28,30.1462)->(6,28,30.714)->(5,28,31.3962)->(4,28,32.714)->(3,28,34.9282)->(3,29,37.7282)->(3,30,5018.86)->
Agent 85:(11,10,3.3)->(10,10,6.01421)->(9,10,7.34806)->(8,10,8.17649)->(7,10,9.51034)->(6,10,12.7458)->(6,9,15.9812)->(6,8,17.315)->(6,7,18.1434)->(6,6,19.4773)->(6,5,24.9222)->(6,6,5014.06)->
Agent 86:(7,25,1.94575)->(8,25,3.30572)->(9,25,4.62356)->(10,25,5.30572)->(11,25,5.87356)->(12,25,6.39151)->(13,25,6.89151)->(14,25,7.39151)->(15,25,7.89151)->(16,25,8.39151)->(17,25,8.89151)->(18,25,9.39151)->(19,25,9.89151)->(20,25,10.3915)->(21,25,10.8915)->(22,25,11.4095)->(23,25,11.9773)->(24,25,12.6595)->(25,25,13.9773)->(26,25,5006.7)->
Agent 87:(25,21,1.3)->(25,22,2.04949)->(25,23,4.04949)->(25,24,6.29898)->(24,24,8.51319)->(23,24,9.83103)->(22,24,10.5132)->(21,24,11.081)->(20,24,11.599)->(19,24,12.099)->(18,24,12.599)->(17,24,13.099)->(16,24,13.599)->(15,24,14.099)->(14,24,14.599)->(13,24,15.099)->(12,24,15.599)->(11,24,16.099)->(10,24,16.599)->(9,24,17.099)->(8,24,17.6169)->(7,24,18.1848)->(6,24,18.8669)->(5,24,20.1848)->(4,24,22.8132)->(4,25,30.6815)->(4,24,5017.67)->
Agent 88:(7,21,2.2)->(7,20,3.84949)->(7,19,5.84949)->(7,18,8.09898)->(8,18,10.3132)->(9,18,11.631)->(10,18,12.3132)->(11,18,12.881)->(12,18,13.399)->(13,18,13.899)->(14,18,14.399)->(15,18,14.899)->(16,18,15.399)->(17,18,15.899)->(18,18,16.399)->(19,18,16.899)->(20,18,17.399)->(21,18,17.899)->(22,18,18.399)->(23,18,18.899)->(24,18,19.4169)->(25,18,19.9848)->(26,18,20.6669)->(27,18,21.9848)->(28,18,5010.7)->
Agent 89:(25,11,1.53154)->(25,12,2.47729)->(25,13,3.79513)->(25,14,4.47729)->(25,15,5.04513)->(25,16,5.56308)->(25,17,6.06308)->(25,18,6.56308)->(25,19,7.06308)->(25,20,7.56308)->(25,21,8.06308)->(25,22,8.58103)->(25,23,9.14887)->(25,24,9.83103)->(25,25,11.1489)->(25,26,13.7773)->(26,26,5007.08)->
Agent 90:(23,0,2.4142)->(22,0,4.24261)->(21,0,5.65683)->(20,0,7.07104)->(19,0,13.0475)->(19,1,5008.39)->
Agent 91:(30,25,2.2)->(30,24,3.81421)->(30,23,5.22843)->(30,22,6.64264)->(30,21,12.8784)->(29,21,19.1142)->(28,21,20.4321)->(27,21,21.1142)->(26,21,21.6821)->(25,21,22.2)->(24,21,22.7)->(23,21,23.2179)->(22,21,23.7858)->(21,21,24.4679)->(20,21,25.7858)->(19,21,5012.6)->
Agent 92:(9,29,2.21421)->(8,29,9.76228)->(8,28,17.3388)->(8,27,18.6566)->(8,26,19.3388)->(8,25,19.9066)->(8,24,20.4246)->(8,23,20.9246)->(8,22,21.4246)->(8,21,21.9246)->(8,20,22.4246)->(8,19,22.9246)->(8,18,23.4246)->(8,17,23.9246)->(8,16,24.4246)->(8,15,24.9246)->(8,14,25.4246)->(8,13,25.9246)->(8,12,26.4246)->(8,11,26.9425)->(8,10,27.5103)->(8,9,28.1925)->(8,8,29.5103)->(8,7,32.1388)->(7,7,5016.26)->
Agent 93:(28,19,1.3)->(28,20,2.01421)->(28,21,3.33205)->(28,22,4.01421)->(28,23,4.58205)->(28,24,5.1)->(28,25,5.61795)->(28,26,6.18579)->(28,27,6.86795)->(28,28,8.18579)->(28,29,10.4)->(27,29,12.6142)->(26,29,13.9321)->(25,29,14.6641)->(24,29,15.3962)->(23,29,16.714)->(22,29,18.9282)->(22,28,21.1424)->(22,27,22.4603)->(22,26,23.1424)->(22,25,23.7103)->(22,24,24.2282)->(22,23,24.7282)->(22,22,25.2282)->(22,21,25.7282)->(22,20,26.2462)->(22,19,26.814)->(22,18,27.4962)->(22,17,28.814)->(22,16,31.0282)->(21,16,33.2424)->(20,16,34.5603)->(19,16,35.2424)->(18,16,35.8103)->(17,16,36.3282)->(16,16,36.8282)->(15,16,37.3282)->(14,16,37.8282)->(13,16,38.3282)->(12,16,38.8462)->(11,16,39.414)->(10,16,40.0962)->(9,16,41.414)->(8,16,5020.41)->
Agent 94:(8,6,1.3)->(8,7,2.01421)->(8,8,3.33205)->(8,9,4.01421)->(8,10,4.58205)->(8,11,5.1)->(8,12,5.6)->(8,13,6.11795)->(8,14,6.68579)->(8,15,7.36795)->(8,16,8.68579)->(8,17,10.9)->(9,17,13.1142)->(10,17,14.4321)->(11,17,15.1142)->(12,17,15.6821)->(13,17,16.2179)->(14,17,16.7858)->(15,17,17.4679)->(16,17,18.7858)->(17,17,21)->(17,18,23.8)->(17,19,5011.9)->
Agent 95:(10,28,1.8)->(9,28,3.6)->(8,28,6.4)->(8,27,8.61421)->(8,26,9.93205)->(8,25,10.6238)->(8,24,11.2595)->(8,23,11.9513)->(8,22,13.2691)->(8,21,15.4833)->(7,21,17.7328)->(6,21,19.7328)->(5,21,5009.59)->
Agent 96:(14,15,2.21421)->(15,15,5.84949)->(15,16,9.51319)->(15,17,10.831)->(15,18,11.5132)->(15,19,12.081)->(15,20,12.6169)->(15,21,13.1848)->(15,22,13.8669)->(15,23,15.1848)->(15,24,18.0637)->(16,24,22.3284)->(16,25,5011.56)->
Agent 97:(12,19,2.21421)->(11,19,4.81421)->(11,18,7.44264)->(11,17,8.76048)->(11,16,9.44264)->(11,15,10.0105)->(11,14,10.5284)->(11,13,11.0464)->(11,12,11.6142)->(11,11,12.2964)->(11,10,13.6142)->(11,9,16.2426)->(10,9,5008.31)->
Agent 98:(1,7,2.2)->(2,7,3.81421)->(3,7,5.13205)->(4,7,5.81421)->(5,7,6.38205)->(6,7,6.9)->(7,7,7.4)->(8,7,7.9)->(9,7,8.4)->(10,7,8.9)->(11,7,9.4)->(12,7,9.9)->(13,7,10.4)->(14,7,10.9)->(15,7,11.4)->(16,7,11.9)->(17,7,12.4)->(18,7,12.9)->(19,7,13.4)->(20,7,13.9)->(21,7,14.4)->(22,7,14.9)->(23,7,15.4)->(24,7,15.9179)->(25,7,16.4858)->(26,7,17.1679)->(27,7,18.4858)->(28,7,20.7)->(28,6,22.9142)->(28,5,24.2321)->(28,4,24.9238)->(28,3,25.5595)->(28,2,26.2513)->(28,1,27.5691)->(28,0,29.7833)->(29,0,32.0328)->(30,0,34.0328)->(31,0,5016.74)->
Agent 99:(17,18,3.62843)->(18,18,6.67107)->(19,18,7.98891)->(20,18,8.67107)->(21,18,9.23891)->(22,18,9.75685)->(23,18,10.2569)->(24,18,10.7569)->(25,18,11.2569)->(26,18,11.7569)->(27,18,12.2748)->(28,18,12.8426)->(29,18,13.5248)->(30,18,14.8426)->(31,18,17.0569)->(31,17,19.2711)->(31,16,20.5889)->(31,15,21.2711)->(31,14,21.8389)->(31,13,22.3748)->(31,12,22.9426)->(31,11,23.6248)->(31,10,24.9426)->(31,9,5012.18)->
Agent 100:(8,14,2.21421)->(9,14,4.81421)->(9,13,7.44264)->(9,12,8.76048)->(9,11,9.44264)->(9,10,10.0105)->(9,9,10.5464)->(9,8,11.1142)->(9,7,11.7964)->(9,6,13.1142)->(9,5,15.3284)->(10,5,17.5779)->(11,5,19.5779)->(12,5,5009.51)->
Agent 101:(10,0,7.80492)->(11,0,15.0241)->(12,0,16.3419)->(13,0,17.0241)->(14,0,17.5919)->(15,0,18.1098)->(16,0,18.6098)->(17,0,19.1098)->(18,0,19.6098)->(19,0,20.1098)->(20,0,20.6278)->(21,0,21.1956)->(22,0,21.8778)->(23,0,23.1956)->(24,0,5011.3)->
Agent 102:(30,26,8.85)->(30,25,17.1142)->(30,24,18.4321)->(30,23,19.1142)->(30,22,19.6821)->(30,21,20.2)->(30,20,20.7)->(30,19,21.2)->(30,18,21.7)->(30,17,22.2)->(30,16,22.7)->(30,15,23.2)->(30,14,23.7)->(30,13,24.2)->(30,12,24.7)->(30,11,25.2)->(30,10,25.7)->(30,9,26.2)->(30,8,26.7)->(30,7,27.2)->(30,6,27.7)->(30,5,28.2179)->(30,4,28.7858)->(30,3,29.4679)->(30,2,30.7858)->(30,1,33)->(29,1,35.2142)->(28,1,36.6284)->(27,1,38.0426)->(26,1,5018.73)->
Agent 103:(31,6,1.3)->(31,7,2.01421)->(31,8,3.33205)->(31,9,4.01421)->(31,10,4.58205)->(31,11,5.1)->(31,12,5.6)->(31,13,6.1)->(31,14,6.6)->(31,15,7.1)->(31,16,7.6)->(31,17,8.1)->(31,18,8.6)->(31,19,9.1)->(31,20,9.61795)->(31,21,10.1858)->(31,22,10.8679)->(31,23,12.1858)->(31,24,16.3821)->(30,24,20.5783)->(29,24,21.8962)->(28,24,22.5783)->(27,24,23.1462)->(26,24,23.6641)->(25,24,24.1641)->(24,24,24.6641)->(23,24,25.1641)->(22,24,25.6641)->(21,24,26.1641)->(20,24,26.6641)->(19,24,27.1641)->(18,24,27.6641)->(17,24,28.1641)->(16,24,28.6641)->(15,24,29.1641)->(14,24,29.6641)->(13,24,30.1641)->(12,24,30.6641)->(11,24,31.1641)->(10,24,31.6641)->(9,24,32.1641)->(8,24,32.6641)->(7,24,33.1641)->(6,24,33.6641)->(5,24,34.1821)->(4,24,34.7499)->(3,24,35.4321)->(2,24,36.7499)->(1,24,5018.08)->
Agent 104:(18,22,3.47256)->(17,22,6.35933)->(16,22,7.67716)->(15,22,8.36893)->(14,22,9.00461)->(13,22,9.69638)->(12,22,11.0142)->(11,22,13.2284)->(11,21,16.0284)->(11,20,5008.01)->
Agent 105:(20,23,2.2)->(20,22,3.84949)->(20,21,5.84949)->(20,20,16.0315)->(21,20,26.7641)->(22,20,5013.38)->
Agent 106:(6,27,1.3)->(6,28,2.04949)->(6,29,4.04949)->(6,30,6.29898)->(5,30,8.51319)->(4,30,9.83103)->(3,30,10.5631)->(2,30,11.2951)->(1,30,12.613)->(0,30,14.8272)->(0,29,17.0414)->(0,28,18.3592)->(0,27,19.0414)->(0,26,19.6092)->(0,25,20.1272)->(0,24,20.6272)->(0,23,21.1451)->(0,22,21.713)->(0,21,22.3951)->(0,20,23.713)->(0,19,26.3414)->(1,19,29.9414)->(1,18,32.5698)->(1,17,33.8877)->(1,16,34.5698)->(1,15,35.1556)->(1,14,35.7414)->(1,13,36.4236)->(1,12,37.7414)->(1,11,40.3698)->(0,11,5020.38)->
Agent 107:(7,29,4.91228)->(7,28,9.23877)->(7,27,10.5566)->(7,26,11.2388)->(7,25,11.8066)->(7,24,12.3246)->(7,23,12.8246)->(7,22,13.3246)->(7,21,13.8246)->(7,20,14.3246)->(7,19,14.8246)->(7,18,15.3246)->(7,17,15.8246)->(7,16,16.3425)->(7,15,16.9103)->(7,14,17.5925)->(7,13,18.9103)->(7,12,21.1246)->(8,12,23.9246)->(9,12,5011.96)->
Agent 108:(1,6,3.2)->(1,7,5.81421)->(1,8,7.13205)->(1,9,7.81421)->(1,10,8.38205)->(1,11,8.9)->(1,12,9.4)->(1,13,9.9)->(1,14,10.4)->(1,15,10.9)->(1,16,11.4)->(1,17,11.9)->(1,18,12.4)->(1,19,12.9)->(1,20,13.4)->(1,21,13.9)->(1,22,14.4)->(1,23,14.9)->(1,24,15.4)->(1,25,15.9179)->(1,26,16.4858)->(1,27,17.1679)->(1,28,18.4858)->(1,29,20.7)->(2,29,22.9142)->(3,29,24.2321)->(4,29,24.9142)->(5,29,25.4821)->(6,29,26)->(7,29,26.5)->(8,29,27)->(9,29,27.5)->(10,29,28)->(11,29,28.5)->(12,29,29)->(13,29,29.5)->(14,29,30)->(15,29,30.5)->(16,29,31)->(17,29,31.5)->(18,29,32)->(19,29,32.5)->(20,29,33)->(21,29,33.5)->(22,29,34)->(23,29,34.5)->(24,29,35)->(25,29,35.5)->(26,29,36)->(27,29,36.5179)->(28,29,37.0858)->(29,29,37.7679)->(30,29,39.0858)->(31,29,41.7142)->(31,30,5021.05)->
Agent 109:(17,2,2.67843)->(17,3,4.77107)->(17,4,6.08891)->(17,5,6.77107)->(17,6,7.33891)->(17,7,7.8748)->(17,8,8.44264)->(17,9,9.1248)->(17,10,10.4426)->(17,11,12.6907)->(16,11,14.9388)->(15,11,16.2566)->(14,11,16.9388)->(13,11,17.5066)->(12,11,18.0246)->(11,11,18.5246)->(10,11,19.0246)->(9,11,19.5246)->(8,11,20.0246)->(7,11,20.5246)->(6,11,21.0425)->(5,11,21.6103)->(4,11,22.2925)->(3,11,23.6103)->(2,11,5011.51)->
Agent 110:(7,26,1.8)->(6,26,3.04949)->(5,26,5.04949)->(4,26,7.29898)->(4,25,9.51319)->(4,24,10.831)->(4,23,11.5132)->(4,22,12.081)->(4,21,12.599)->(4,20,13.099)->(4,19,13.599)->(4,18,14.099)->(4,17,14.599)->(4,16,15.099)->(4,15,15.599)->(4,14,16.099)->(4,13,16.599)->(4,12,17.099)->(4,11,17.599)->(4,10,18.099)->(4,9,18.599)->(4,8,19.099)->(4,7,19.599)->(4,6,20.099)->(4,5,20.599)->(4,4,21.1169)->(4,3,21.6848)->(4,2,22.3669)->(4,1,23.6848)->(4,0,5011.55)->
Agent 111:(6,10,2.2)->(6,9,3.81421)->(6,8,5.13205)->(6,7,5.81421)->(6,6,6.38205)->(6,5,6.9)->(6,4,7.41795)->(6,3,7.98579)->(6,2,8.66795)->(6,1,9.98579)->(6,0,12.2)->(7,0,14.4142)->(8,0,15.7321)->(9,0,16.4142)->(10,0,16.9821)->(11,0,17.5)->(12,0,18)->(13,0,18.5179)->(14,0,19.0858)->(15,0,19.7679)->(16,0,21.0858)->(17,0,23.7142)->(17,1,5012.05)->
Agent 112:(10,7,1.3)->(10,8,2.01421)->(10,9,3.33205)->(10,10,4.01421)->(10,11,4.58205)->(10,12,5.1)->(10,13,5.6)->(10,14,6.1)->(10,15,6.61795)->(10,16,7.18579)->(10,17,7.86795)->(10,18,9.18579)->(10,19,11.8142)->(9,19,15.4142)->(9,20,18.0426)->(9,21,19.3605)->(9,22,20.0426)->(9,23,20.6105)->(9,24,21.1284)->(9,25,21.6284)->(9,26,22.1464)->(9,27,22.7142)->(9,28,23.3964)->(9,29,24.7142)->(9,30,5012.06)->
Agent 113:(1,28,1.8)->(2,28,3.01421)->(3,28,4.34806)->(4,28,5.17649)->(5,28,6.51034)->(6,28,8.72456)->(6,27,10.9388)->(6,26,12.2566)->(6,25,12.9388)->(6,24,13.5066)->(6,23,14.0246)->(6,22,14.5246)->(6,21,15.0246)->(6,20,15.5246)->(6,19,16.0246)->(6,18,16.5246)->(6,17,17.0246)->(6,16,17.5246)->(6,15,18.0246)->(6,14,18.5246)->(6,13,19.0246)->(6,12,19.5246)->(6,11,20.0246)->(6,10,20.5425)->(6,9,21.1103)->(6,8,21.7925)->(6,7,23.1103)->(6,6,25.3246)->(7,6,27.5388)->(8,6,28.8566)->(9,6,29.5388)->(10,6,30.1066)->(11,6,30.6246)->(12,6,31.1246)->(13,6,31.6246)->(14,6,32.1246)->(15,6,32.6246)->(16,6,33.1246)->(17,6,33.6246)->(18,6,34.1246)->(19,6,34.6246)->(20,6,35.1246)->(21,6,35.6246)->(22,6,36.1425)->(23,6,36.7103)->(24,6,37.3925)->(25,6,38.7103)->(26,6,5019.06)->
Agent 114:(27,29,1.71421)->(27,30,3.81421)->(26,30,6.44264)->(25,30,7.76048)->(24,30,8.45225)->(23,30,9.08792)->(22,30,9.77969)->(21,30,11.0975)->(20,30,17.6059)->(20,29,24.1142)->(20,28,25.4321)->(20,27,26.1142)->(20,26,26.6821)->(20,25,27.2)->(20,24,27.7)->(20,23,28.2)->(20,22,28.7)->(20,21,29.2)->(20,20,29.7)->(20,19,30.2)->(20,18,30.7)->(20,17,31.2)->(20,16,31.7)->(20,15,32.2)->(20,14,32.7179)->(20,13,33.2858)->(20,12,33.9679)->(20,11,35.2858)->(20,10,5017.35)->
Agent 115:(12,9,1.3)->(12,10,2.01421)->(12,11,3.33205)->(12,12,4.01421)->(12,13,4.58205)->(12,14,5.1)->(12,15,5.6)->(12,16,6.1)->(12,17,6.6)->(12,18,7.1)->(12,19,7.6)->(12,20,8.1)->(12,21,8.6)->(12,22,9.1)->(12,23,9.6)->(12,24,10.1)->(12,25,10.6179)->(12,26,11.1858)->(12,27,11.8679)->(12,28,13.1858)->(12,29,15.4)->(13,29,17.6142)->(14,29,18.9321)->(15,29,19.6142)->(16,29,20.1821)->(17,29,20.7)->(18,29,21.2)->(19,29,21.7)->(20,29,22.2)->(21,29,22.7)->(22,29,23.2)->(23,29,23.7)->(24,29,24.2)->(25,29,24.7)->(26,29,25.2)->(27,29,25.7179)->(28,29,26.2858)->(29,29,26.9679)->(30,29,28.2858)->(31,29,30.5)->(31,28,33.3)->(31,27,39.1142)->(31,28,44.9284)->(31,29,5022.46)->
Agent 116:(10,27,2.2)->(9,27,3.81421)->(8,27,5.13205)->(7,27,5.81421)->(6,27,6.38205)->(5,27,6.9)->(4,27,7.41795)->(3,27,7.98579)->(2,27,8.66795)->(1,27,9.98579)->(0,27,12.2)->(0,26,14.4142)->(0,25,15.7321)->(0,24,16.4142)->(0,23,16.9821)->(0,22,17.5)->(0,21,18)->(0,20,18.5)->(0,19,19.0179)->(0,18,19.5858)->(0,17,20.2679)->(0,16,21.5858)->(0,15,5010.5)->
Agent 117:(14,14,2.21421)->(15,14,5.62843)->(14,14,10.1317)->(14,15,12.8491)->(14,16,14.1669)->(14,17,14.8587)->(14,18,15.4944)->(14,19,16.1861)->(14,20,17.504)->(14,21,5008.46)->
Agent 118:(16,19,2.2)->(16,18,3.81421)->(16,17,5.13205)->(16,16,5.81421)->(16,15,6.38205)->(16,14,6.9)->(16,13,7.4)->(16,12,7.9)->(16,11,8.4)->(16,10,8.9)->(16,9,9.4)->(16,8,9.9)->(16,7,10.4)->(16,6,10.9)->(16,5,11.4179)->(16,4,11.9858)->(16,3,12.6679)->(16,2,13.9858)->(16,1,16.4995)->(15,1,19.0132)->(14,1,20.331)->(13,1,21.0132)->(12,1,21.581)->(11,1,22.099)->(10,1,22.599)->(9,1,23.099)->(8,1,23.599)->(7,1,24.099)->(6,1,24.599)->(5,1,25.099)->(4,1,25.6169)->(3,1,26.1848)->(2,1,26.8669)->(1,1,28.1848)->(0,1,30.8132)->(0,0,5015.6)->
Agent 119:(13,2,1.3)->(13,3,2.01421)->(13,4,3.33205)->(13,5,4.02382)->(13,6,4.65949)->(13,7,5.35126)->(13,8,6.6691)->(13,9,11.5738)->(12,9,17.4501)->(12,10,20.0785)->(12,11,21.3964)->(12,12,22.0785)->(12,13,22.6464)->(12,14,23.1643)->(12,15,23.6643)->(12,16,24.1643)->(12,17,24.6823)->(12,18,25.2501)->(12,19,25.9323)->(12,20,27.2501)->(12,21,5013.33)->
