Agent 0:(37,53,2.2)->(37,52,4.4)->(37,51,7.2)->(36,51,9.41421)->(35,51,10.7481)->(34,51,11.5765)->(33,51,12.9103)->(32,51,15.5388)->(32,50,19.1388)->(31,50,22.353)->(30,50,5011.18)->
Agent 1:(35,50,1.3)->(35,51,2.6)->(35,52,5.8)->(35,51,8.41421)->(35,50,9.73205)->(35,49,10.4142)->(35,48,10.9821)->(35,47,11.5)->(35,46,12)->(35,45,12.5179)->(35,44,13.0858)->(35,43,13.7679)->(35,42,15.0858)->(35,41,17.3)->(36,41,19.5142)->(37,41,20.8321)->(38,41,21.5641)->(39,41,22.2962)->(40,41,23.614)->(41,41,27.1782)->(41,40,30.7424)->(41,39,32.0603)->(41,38,32.7424)->(41,37,33.3103)->(41,36,33.8282)->(41,35,34.3282)->(41,34,34.8282)->(41,33,35.3282)->(41,32,35.8282)->(41,31,36.3282)->(41,30,36.8282)->(41,29,37.3282)->(41,28,37.8282)->(41,27,38.3282)->(41,26,38.8282)->(41,25,39.3282)->(41,24,39.8282)->(41,23,40.3282)->(41,22,40.8282)->(41,21,41.3282)->(41,20,41.8282)->(41,19,42.3462)->(41,18,42.914)->(41,17,43.5962)->(41,16,44.914)->(41,15,47.1282)->(40,15,49.3777)->(39,15,51.3777)->(38,15,53.6272)->(38,14,55.8414)->(38,13,57.1592)->(38,12,57.8414)->(38,11,58.4092)->(38,10,58.9272)->(38,9,59.4272)->(38,8,59.9451)->(38,7,60.513)->(38,6,61.1951)->(38,5,62.513)->(38,4,65.1414)->(39,4,5032.76)->
Agent 2:(25,32,2.71795)->(26,32,4.85011)->(27,32,6.16795)->(28,32,6.85011)->(29,32,7.41795)->(30,32,7.95385)->(31,32,8.52168)->(32,32,9.20385)->(33,32,10.5217)->(34,32,12.7359)->(34,31,14.9501)->(34,30,16.2679)->(34,29,17)->(34,28,17.7321)->(34,27,19.0499)->(34,26,21.2641)->(35,26,23.4783)->(36,26,24.7962)->(37,26,25.4783)->(38,26,26.0462)->(39,26,26.5821)->(40,26,27.1499)->(41,26,27.8321)->(42,26,29.1499)->(43,26,31.3641)->(43,25,34.1641)->(43,24,36.9642)->(44,24,39.1785)->(45,24,40.4964)->(46,24,41.2284)->(47,24,41.9605)->(48,24,43.2783)->(49,24,48.0938)->(49,25,52.9446)->(49,26,54.9446)->(49,27,5027.2)->
Agent 3:(10,4,2.21421)->(11,4,5.65)->(11,5,9.11421)->(11,6,10.4321)->(11,7,11.1142)->(11,8,11.6821)->(11,9,12.2)->(11,10,12.7)->(11,11,13.2)->(11,12,13.7)->(11,13,14.2)->(11,14,14.7)->(11,15,15.2)->(11,16,15.7)->(11,17,16.2)->(11,18,16.7)->(11,19,17.2)->(11,20,17.7)->(11,21,18.2)->(11,22,18.7)->(11,23,19.2)->(11,24,19.7179)->(11,25,20.2858)->(11,26,20.9679)->(11,27,22.2858)->(11,28,24.9142)->(10,28,28.5142)->(10,29,31.1426)->(10,30,32.4605)->(10,31,33.1426)->(10,32,33.7105)->(10,33,34.2284)->(10,34,34.7464)->(10,35,35.3142)->(10,36,35.9964)->(10,37,37.3142)->(10,38,39.9426)->(11,38,5020.16)->
Agent 4:(30,17,1.3)->(30,18,2.01421)->(30,19,3.33205)->(30,20,4.0641)->(30,21,4.79615)->(30,22,6.11399)->(30,23,9.2923)->(29,23,12.4706)->(28,23,13.7885)->(27,23,14.4706)->(26,23,15.0564)->(25,23,15.6422)->(24,23,16.3244)->(23,23,17.6422)->(22,23,5008.53)->
Agent 5:(47,26,2.2)->(47,25,3.81421)->(47,24,5.14806)->(47,23,5.97649)->(47,22,7.31034)->(47,21,9.52456)->(46,21,11.7388)->(45,21,13.0566)->(44,21,13.7388)->(43,21,14.3246)->(42,21,14.9103)->(41,21,15.5925)->(40,21,16.9103)->(39,21,5008.16)->
Agent 6:(11,48,1.3)->(11,49,2.01421)->(11,50,3.33205)->(11,51,4.01421)->(11,52,4.6)->(11,53,5.18579)->(11,54,5.86795)->(11,55,7.18579)->(11,56,15.5426)->(12,56,23.8995)->(13,56,25.2173)->(14,56,25.8995)->(15,56,26.4673)->(16,56,26.9853)->(17,56,27.4853)->(18,56,27.9853)->(19,56,28.4853)->(20,56,28.9853)->(21,56,29.4853)->(22,56,29.9853)->(23,56,30.4853)->(24,56,30.9853)->(25,56,31.4853)->(26,56,31.9853)->(27,56,32.4853)->(28,56,32.9853)->(29,56,33.4853)->(30,56,33.9853)->(31,56,34.4853)->(32,56,34.9853)->(33,56,35.4853)->(34,56,35.9853)->(35,56,36.5032)->(36,56,37.0711)->(37,56,37.7532)->(38,56,39.0711)->(39,56,41.2853)->(39,57,43.4995)->(39,58,44.9137)->(39,59,46.3279)->(39,60,5022.87)->
Agent 7:(63,50,2.61421)->(63,49,8.56795)->(62,49,14.1501)->(61,49,15.4679)->(60,49,16.1501)->(59,49,16.7179)->(58,49,17.2359)->(57,49,17.7359)->(56,49,18.2359)->(55,49,18.7359)->(54,49,19.2359)->(53,49,19.7359)->(52,49,20.2359)->(51,49,20.7359)->(50,49,21.2359)->(49,49,21.7359)->(48,49,22.2359)->(47,49,22.7359)->(46,49,23.2359)->(45,49,23.7359)->(44,49,24.2359)->(43,49,24.7359)->(42,49,25.2359)->(41,49,25.7359)->(40,49,26.2359)->(39,49,26.7538)->(38,49,27.3217)->(37,49,28.0038)->(36,49,29.3217)->(35,49,31.5359)->(35,48,33.7501)->(35,47,35.0679)->(35,46,35.7597)->(35,45,36.3954)->(35,44,37.0872)->(35,43,38.405)->(35,42,41.0214)->(34,42,43.6377)->(33,42,44.9556)->(32,42,45.6377)->(31,42,46.2056)->(30,42,46.7235)->(29,42,47.2235)->(28,42,47.7235)->(27,42,48.2235)->(26,42,48.7235)->(25,42,49.2235)->(24,42,49.7235)->(23,42,50.2235)->(22,42,50.7235)->(21,42,51.2235)->(20,42,51.7235)->(19,42,52.2235)->(18,42,52.7235)->(17,42,53.2415)->(16,42,53.8093)->(15,42,54.4915)->(14,42,55.8093)->(13,42,58.4377)->(13,43,5029.41)->
Agent 8:(41,20,2.2)->(41,19,3.81421)->(41,18,5.14806)->(41,17,5.97649)->(41,16,7.31034)->(41,15,9.52456)->(40,15,11.774)->(39,15,13.774)->(38,15,19.3098)->(38,14,24.8103)->(38,13,26.1282)->(38,12,26.8103)->(38,11,27.3782)->(38,10,27.8961)->(38,9,28.3961)->(38,8,28.8961)->(38,7,29.3961)->(38,6,29.9141)->(38,5,30.4819)->(38,4,31.1641)->(38,3,32.4819)->(38,2,36.5118)->(37,2,40.5416)->(36,2,41.8595)->(35,2,42.5416)->(34,2,43.1095)->(33,2,43.6274)->(32,2,44.1274)->(31,2,44.6454)->(30,2,45.2132)->(29,2,45.8954)->(28,2,47.2132)->(27,2,49.4274)->(27,3,52.2274)->(27,4,5026.11)->
Agent 9:(27,52,2.2)->(27,51,3.81421)->(27,50,5.13205)->(27,49,5.8641)->(27,48,6.59615)->(27,47,7.91399)->(27,46,10.5424)->(28,46,15.6857)->(28,45,19.8574)->(28,44,21.1912)->(28,43,22.0196)->(28,42,23.3535)->(28,41,5011.38)->
Agent 10:(39,39,1.8)->(40,39,3.01421)->(41,39,4.33205)->(42,39,5.0641)->(43,39,5.79615)->(44,39,7.11399)->(45,39,9.3282)->(45,40,11.5424)->(45,41,12.8763)->(45,42,13.7047)->(45,43,15.0385)->(45,44,23.618)->(46,44,32.7833)->(47,44,5016.39)->
Agent 11:(35,46,1.8)->(34,46,3.01421)->(33,46,4.42843)->(32,46,5.84264)->(31,46,8.05685)->(31,47,10.2711)->(31,48,11.6853)->(31,49,13.0995)->(31,50,15.3137)->(30,50,17.5279)->(29,50,18.8458)->(28,50,19.5279)->(27,50,20.0958)->(26,50,20.6137)->(25,50,21.1137)->(24,50,21.6317)->(23,50,22.1995)->(22,50,22.8817)->(21,50,24.1995)->(20,50,26.4137)->(20,49,29.2137)->(20,48,32.0137)->(19,48,34.2279)->(18,48,35.5458)->(17,48,36.2279)->(16,48,36.7958)->(15,48,37.3137)->(14,48,37.8137)->(13,48,38.3137)->(12,48,38.8137)->(11,48,39.3137)->(10,48,39.8317)->(9,48,40.3995)->(8,48,41.0817)->(7,48,42.3995)->(6,48,45.0279)->(6,49,5022.71)->
Agent 12:(35,31,2.2)->(35,30,3.81421)->(35,29,5.13205)->(35,28,5.81421)->(35,27,6.38205)->(35,26,6.91795)->(35,25,7.48579)->(35,24,8.16795)->(35,23,9.48579)->(35,22,11.7495)->(34,22,14.0132)->(33,22,15.331)->(32,22,16.0132)->(31,22,16.581)->(30,22,17.1169)->(29,22,17.6848)->(28,22,18.3669)->(27,22,19.6848)->(26,22,21.899)->(26,21,24.1132)->(26,20,25.431)->(26,19,26.1228)->(26,18,26.7585)->(26,17,27.4502)->(26,16,28.7681)->(26,15,31.3965)->(25,15,34.9965)->(25,14,37.6249)->(25,13,38.9428)->(25,12,39.6249)->(25,11,40.1928)->(25,10,40.7107)->(25,9,41.2107)->(25,8,41.7107)->(25,7,42.2107)->(25,6,42.7107)->(25,5,43.2107)->(25,4,43.7287)->(25,3,44.2965)->(25,2,44.9787)->(25,1,46.2965)->(25,0,48.5107)->(24,0,50.7249)->(23,0,52.1391)->(22,0,53.5534)->(21,0,5026.48)->
Agent 13:(61,10,1.3)->(61,11,2.01421)->(61,12,3.33205)->(61,13,4.01421)->(61,14,4.58205)->(61,15,5.1)->(61,16,5.6)->(61,17,6.1)->(61,18,6.6)->(61,19,7.11795)->(61,20,7.68579)->(61,21,8.36795)->(61,22,9.68579)->(61,23,11.9)->(60,23,14.1142)->(59,23,15.5284)->(58,23,16.9426)->(57,23,19.1569)->(57,24,21.9569)->(57,25,24.7569)->(56,25,26.9711)->(55,25,28.2889)->(54,25,28.9711)->(53,25,29.5389)->(52,25,30.0569)->(51,25,30.5569)->(50,25,31.0569)->(49,25,31.5569)->(48,25,32.0748)->(47,25,32.6426)->(46,25,33.3248)->(45,25,34.6426)->(44,25,36.8569)->(44,26,39.0711)->(44,27,40.3889)->(44,28,41.0711)->(44,29,41.6389)->(44,30,42.1569)->(44,31,42.6569)->(44,32,43.1569)->(44,33,43.6748)->(44,34,44.2426)->(44,35,44.9248)->(44,36,46.2426)->(44,37,48.4569)->(43,37,50.6711)->(42,37,51.9889)->(41,37,52.6711)->(40,37,53.2389)->(39,37,53.7748)->(38,37,54.3426)->(37,37,55.0248)->(36,37,56.3426)->(35,37,58.5569)->(35,38,60.7711)->(35,39,62.0889)->(35,40,62.7711)->(35,41,63.3389)->(35,42,63.8569)->(35,43,64.3569)->(35,44,64.8569)->(35,45,65.3569)->(35,46,65.8569)->(35,47,66.3569)->(35,48,66.8569)->(35,49,67.3569)->(35,50,67.8569)->(35,51,68.3569)->(35,52,68.8748)->(35,53,69.4426)->(35,54,70.1248)->(35,55,71.4426)->(35,56,73.6569)->(34,56,75.8711)->(33,56,77.1889)->(32,56,77.8711)->(31,56,78.4389)->(30,56,78.9569)->(29,56,79.4748)->(28,56,80.0426)->(27,56,80.7248)->(26,56,82.0426)->(25,56,84.6711)->(25,57,5042.53)->
Agent 14:(59,44,2.74626)->(58,44,5.49253)->(57,44,8.36037)->(57,43,10.6424)->(57,42,11.9603)->(57,41,12.6424)->(57,40,13.2103)->(57,39,13.7282)->(57,38,14.2282)->(57,37,14.7282)->(57,36,15.2282)->(57,35,15.7282)->(57,34,16.2282)->(57,33,16.7282)->(57,32,17.2462)->(57,31,17.814)->(57,30,18.4962)->(57,29,19.814)->(57,28,22.0282)->(56,28,24.2424)->(55,28,25.5763)->(54,28,26.4047)->(53,28,27.7385)->(52,28,29.9528)->(52,27,32.7528)->(52,26,35.5528)->(51,26,37.767)->(50,26,39.0848)->(49,26,39.767)->(48,26,40.3348)->(47,26,40.8528)->(46,26,41.3528)->(45,26,41.8528)->(44,26,42.3528)->(43,26,42.8528)->(42,26,43.3528)->(41,26,43.8528)->(40,26,44.3528)->(39,26,44.8528)->(38,26,45.3528)->(37,26,45.8528)->(36,26,46.3528)->(35,26,46.8528)->(34,26,47.3528)->(33,26,47.8528)->(32,26,48.3528)->(31,26,48.8528)->(30,26,49.3528)->(29,26,49.8528)->(28,26,50.3528)->(27,26,50.8528)->(26,26,51.3528)->(25,26,51.8707)->(24,26,52.4385)->(23,26,53.1207)->(22,26,54.4385)->(21,26,56.9387)->(21,25,59.4388)->(21,24,60.7566)->(21,23,61.4484)->(21,22,62.084)->(21,21,62.7758)->(21,20,64.0937)->(21,19,66.3079)->(20,19,68.5574)->(19,19,70.5574)->(18,19,72.8068)->(18,18,75.0211)->(18,17,76.3389)->(18,16,77.0211)->(18,15,77.5889)->(18,14,78.1068)->(18,13,78.6068)->(18,12,79.1068)->(18,11,79.6248)->(18,10,80.1926)->(18,9,80.8748)->(18,8,82.1926)->(18,7,84.8211)->(17,7,5042.6)->
Agent 15:(7,35,2.2)->(7,34,3.81421)->(7,33,5.14806)->(7,32,5.97649)->(7,31,7.31034)->(7,30,12.7424)->(8,30,18.1744)->(9,30,19.4923)->(10,30,20.1744)->(11,30,20.7423)->(12,30,21.2602)->(13,30,21.7602)->(14,30,22.2602)->(15,30,22.7602)->(16,30,23.2602)->(17,30,23.7602)->(18,30,24.2602)->(19,30,24.7602)->(20,30,25.2602)->(21,30,25.7602)->(22,30,26.2602)->(23,30,26.7782)->(24,30,27.346)->(25,30,28.0282)->(26,30,29.346)->(27,30,31.9746)->(27,29,34.6031)->(27,28,35.9209)->(27,27,36.6031)->(27,26,37.1709)->(27,25,37.7068)->(27,24,38.2747)->(27,23,38.9568)->(27,22,40.2747)->(27,21,47.0444)->(28,21,53.8142)->(29,21,55.1321)->(30,21,55.8238)->(31,21,56.4595)->(32,21,57.1513)->(33,21,58.4691)->(34,21,61.5117)->(34,20,5031.16)->
Agent 16:(11,40,1.8)->(10,40,3.6)->(9,40,6.4)->(9,39,8.61421)->(9,38,10.0284)->(9,37,11.4426)->(9,36,5005.43)->
Agent 17:(42,11,2.4142)->(41,11,4.24261)->(40,11,5.56045)->(39,11,6.24261)->(38,11,6.81045)->(37,11,7.3284)->(36,11,7.8284)->(35,11,8.34635)->(34,11,8.91419)->(33,11,9.59635)->(32,11,10.9142)->(31,11,13.5426)->(31,12,18.7765)->(30,12,23.0388)->(29,12,24.3566)->(28,12,25.0388)->(27,12,25.6066)->(26,12,26.1246)->(25,12,26.6246)->(24,12,27.1246)->(23,12,27.6246)->(22,12,28.1246)->(21,12,28.6246)->(20,12,29.1425)->(19,12,29.7103)->(18,12,30.3925)->(17,12,31.7103)->(16,12,33.9246)->(16,13,36.1388)->(16,14,37.4566)->(16,15,38.1388)->(16,16,38.7066)->(16,17,39.2425)->(16,18,39.8103)->(16,19,40.4925)->(16,20,41.8103)->(16,21,44.4388)->(17,21,48.0388)->(17,22,50.6672)->(17,23,51.985)->(17,24,52.6672)->(17,25,53.235)->(17,26,53.753)->(17,27,54.253)->(17,28,54.753)->(17,29,55.253)->(17,30,55.753)->(17,31,56.253)->(17,32,56.753)->(17,33,57.253)->(17,34,57.753)->(17,35,58.253)->(17,36,58.753)->(17,37,59.2709)->(17,38,59.8388)->(17,39,60.5209)->(17,40,61.8388)->(17,41,64.4672)->(18,41,5032.43)->
Agent 18:(33,24,1.71421)->(33,25,3.81421)->(32,25,6.44264)->(31,25,7.85685)->(30,25,9.27107)->(29,25,12.8426)->(29,26,16.4142)->(29,27,17.7321)->(29,28,18.4142)->(29,29,18.9821)->(29,30,19.5)->(29,31,20)->(29,32,20.5)->(29,33,21)->(29,34,21.5)->(29,35,22)->(29,36,22.5)->(29,37,23)->(29,38,23.5)->(29,39,24)->(29,40,24.5)->(29,41,25)->(29,42,25.5)->(29,43,26)->(29,44,26.5179)->(29,45,27.0858)->(29,46,27.7679)->(29,47,29.0858)->(29,48,31.3)->(28,48,33.5495)->(27,48,35.5495)->(26,48,37.799)->(26,49,40.0132)->(26,50,41.331)->(26,51,42.0132)->(26,52,42.581)->(26,53,43.099)->(26,54,43.599)->(26,55,44.099)->(26,56,44.599)->(26,57,45.099)->(26,58,45.6169)->(26,59,46.1848)->(26,60,46.8669)->(26,61,48.1848)->(26,62,50.399)->(27,62,53.199)->(28,62,5026.6)->
Agent 19:(40,53,3.33205)->(40,52,6.07832)->(40,51,7.39615)->(40,50,8.07832)->(40,49,8.64615)->(40,48,9.1641)->(40,47,9.6641)->(40,46,10.1641)->(40,45,10.6641)->(40,44,11.1641)->(40,43,11.6641)->(40,42,12.1641)->(40,41,12.6641)->(40,40,13.1821)->(40,39,13.7499)->(40,38,14.4321)->(40,37,15.7499)->(40,36,18.3783)->(41,36,21.9783)->(41,35,24.6067)->(41,34,25.9246)->(41,33,26.6067)->(41,32,27.1746)->(41,31,27.6925)->(41,30,28.1925)->(41,29,28.6925)->(41,28,29.1925)->(41,27,29.6925)->(41,26,30.1925)->(41,25,30.6925)->(41,24,31.1925)->(41,23,31.6925)->(41,22,32.1925)->(41,21,32.6925)->(41,20,33.2105)->(41,19,33.7783)->(41,18,34.4605)->(41,17,35.7783)->(41,16,39.2105)->(42,16,42.6426)->(43,16,43.9605)->(44,16,44.6426)->(45,16,45.2105)->(46,16,45.7284)->(47,16,46.2284)->(48,16,46.7284)->(49,16,47.2284)->(50,16,47.7464)->(51,16,48.3142)->(52,16,48.9964)->(53,16,50.3142)->(54,16,52.5284)->(54,15,54.7426)->(54,14,56.0765)->(54,13,56.9049)->(54,12,58.2388)->(54,11,5028.83)->
Agent 20:(21,34,1.71421)->(21,35,3.81421)->(22,35,6.44264)->(23,35,7.76048)->(24,35,8.44264)->(25,35,9.01048)->(26,35,9.52843)->(27,35,10.0284)->(28,35,10.5284)->(29,35,11.0284)->(30,35,11.5284)->(31,35,12.0284)->(32,35,12.5284)->(33,35,13.0284)->(34,35,13.5284)->(35,35,14.0284)->(36,35,14.5284)->(37,35,15.0284)->(38,35,15.5284)->(39,35,16.0284)->(40,35,16.5464)->(41,35,17.1142)->(42,35,17.7964)->(43,35,19.1142)->(44,35,21.7426)->(44,36,25.3426)->(45,36,27.9711)->(46,36,29.2889)->(47,36,29.9711)->(48,36,30.5389)->(49,36,31.0569)->(50,36,31.5569)->(51,36,32.0569)->(52,36,32.5569)->(53,36,33.0569)->(54,36,33.5569)->(55,36,34.0748)->(56,36,34.6426)->(57,36,35.3248)->(58,36,36.6426)->(59,36,38.8569)->(59,37,41.0711)->(59,38,42.3889)->(59,39,43.0711)->(59,40,43.6389)->(59,41,44.1569)->(59,42,44.6569)->(59,43,45.1569)->(59,44,45.6569)->(59,45,46.1569)->(59,46,46.6569)->(59,47,47.1569)->(59,48,47.6569)->(59,49,48.1569)->(59,50,48.6748)->(59,51,49.2426)->(59,52,49.9248)->(59,53,51.2426)->(59,54,53.4569)->(60,54,56.2569)->(61,54,5028.13)->
Agent 21:(22,49,2.2)->(22,48,3.81421)->(22,47,5.22843)->(22,46,6.64264)->(22,45,10.5)->(23,45,14.3574)->(24,45,15.6752)->(25,45,16.3574)->(26,45,16.9252)->(27,45,17.4431)->(28,45,17.9431)->(29,45,18.4611)->(30,45,19.0289)->(31,45,19.7111)->(32,45,21.0289)->(33,45,25.2461)->(33,44,29.4633)->(33,43,30.7812)->(33,42,31.4633)->(33,41,32.0312)->(33,40,32.5491)->(33,39,33.0491)->(33,38,33.5491)->(33,37,34.0671)->(33,36,34.6349)->(33,35,35.3171)->(33,34,36.6349)->(33,33,39.1842)->(34,33,42.3192)->(35,33,56.6897)->(35,34,71.0602)->(35,35,5035.53)->
Agent 22:(9,39,1.8)->(10,39,3.04949)->(11,39,5.04949)->(12,39,9.76177)->(12,40,14.4388)->(12,41,15.7566)->(12,42,16.4388)->(12,43,17.0066)->(12,44,17.5246)->(12,45,18.0246)->(12,46,18.5246)->(12,47,19.0246)->(12,48,19.5246)->(12,49,20.0246)->(12,50,20.5425)->(12,51,21.1103)->(12,52,21.7925)->(12,53,23.1103)->(12,54,5011.26)->
Agent 23:(60,1,2.42843)->(60,2,4.27107)->(60,3,5.58891)->(60,4,6.27107)->(60,5,6.83891)->(60,6,7.35685)->(60,7,7.85685)->(60,8,8.35685)->(60,9,8.85685)->(60,10,9.35685)->(60,11,9.85685)->(60,12,10.3569)->(60,13,10.8569)->(60,14,11.3569)->(60,15,11.8569)->(60,16,12.3569)->(60,17,12.8569)->(60,18,13.3569)->(60,19,13.8569)->(60,20,14.3748)->(60,21,14.9426)->(60,22,15.6248)->(60,23,16.9426)->(60,24,19.1569)->(59,24,21.9569)->(58,24,5010.98)->
Agent 24:(20,28,1.3)->(20,29,2.01421)->(20,30,3.33205)->(20,31,4.02382)->(20,32,4.65949)->(20,33,5.35126)->(20,34,6.6691)->(20,35,14.6091)->(21,35,22.5491)->(22,35,23.8669)->(23,35,24.5491)->(24,35,25.1169)->(25,35,25.6349)->(26,35,26.1349)->(27,35,26.6349)->(28,35,27.1349)->(29,35,27.6349)->(30,35,28.1349)->(31,35,28.6349)->(32,35,29.1349)->(33,35,29.6349)->(34,35,30.1349)->(35,35,30.6349)->(36,35,31.1528)->(37,35,31.7207)->(38,35,32.4028)->(39,35,33.7207)->(40,35,36.2091)->(40,36,38.6975)->(40,37,40.0154)->(40,38,40.6975)->(40,39,41.2654)->(40,40,41.7833)->(40,41,42.2833)->(40,42,42.7833)->(40,43,43.2833)->(40,44,43.7833)->(40,45,44.3013)->(40,46,44.8691)->(40,47,45.5513)->(40,48,46.8691)->(40,49,49.0833)->(41,49,51.2975)->(42,49,52.6154)->(43,49,53.2975)->(44,49,53.8654)->(45,49,54.3833)->(46,49,54.9013)->(47,49,55.4691)->(48,49,56.1513)->(49,49,57.4691)->(50,49,5028.44)->
Agent 25:(59,0,1.71421)->(59,1,4.81421)->(58,1,8.44264)->(57,1,9.76048)->(56,1,10.4426)->(55,1,11.0105)->(54,1,11.5284)->(53,1,12.0284)->(52,1,12.5284)->(51,1,13.0284)->(50,1,13.5284)->(49,1,14.0284)->(48,1,14.5284)->(47,1,15.0284)->(46,1,15.5284)->(45,1,16.0284)->(44,1,16.5284)->(43,1,17.0284)->(42,1,17.5284)->(41,1,18.0284)->(40,1,18.5284)->(39,1,19.0284)->(38,1,19.5284)->(37,1,20.0284)->(36,1,20.5284)->(35,1,21.0284)->(34,1,21.5284)->(33,1,22.0284)->(32,1,22.5464)->(31,1,23.1142)->(30,1,23.7964)->(29,1,25.1142)->(28,1,27.3284)->(28,2,29.5426)->(28,3,30.8605)->(28,4,31.5426)->(28,5,32.1105)->(28,6,32.6284)->(28,7,33.1284)->(28,8,33.6284)->(28,9,34.1284)->(28,10,34.6464)->(28,11,35.2142)->(28,12,35.8964)->(28,13,37.2142)->(28,14,5018.31)->
Agent 26:(18,55,1.8)->(19,55,3.01421)->(20,55,4.33205)->(21,55,5.0641)->(22,55,5.79615)->(23,55,7.11399)->(24,55,9.3282)->(24,56,12.1282)->(24,57,15.8924)->(25,57,19.0708)->(26,57,20.3887)->(27,57,21.0708)->(28,57,21.6387)->(29,57,22.1566)->(30,57,22.6566)->(31,57,23.1566)->(32,57,23.6566)->(33,57,24.1566)->(34,57,24.6566)->(35,57,25.1566)->(36,57,25.6566)->(37,57,26.1566)->(38,57,26.6566)->(39,57,27.1566)->(40,57,27.6566)->(41,57,28.1566)->(42,57,28.6566)->(43,57,29.1566)->(44,57,29.6566)->(45,57,30.1566)->(46,57,30.6566)->(47,57,31.1566)->(48,57,31.6566)->(49,57,32.1566)->(50,57,32.6566)->(51,57,33.1566)->(52,57,33.6746)->(53,57,34.2424)->(54,57,34.9246)->(55,57,36.2424)->(56,57,38.8708)->(56,56,5019.63)->
Agent 27:(51,4,2.21421)->(50,4,6.80587)->(50,5,11.426)->(50,6,12.7438)->(50,7,13.426)->(50,8,13.9938)->(50,9,14.5117)->(50,10,15.0117)->(50,11,15.5117)->(50,12,16.0117)->(50,13,16.5117)->(50,14,17.0117)->(50,15,17.5297)->(50,16,18.0975)->(50,17,18.7797)->(50,18,20.0975)->(50,19,5009.76)->
Agent 28:(27,48,1.8)->(28,48,3.6)->(29,48,6.4)->(29,47,8.61421)->(29,46,9.93205)->(29,45,10.6142)->(29,44,11.1821)->(29,43,11.7)->(29,42,12.2)->(29,41,12.7)->(29,40,13.2)->(29,39,13.7179)->(29,38,14.2858)->(29,37,14.9679)->(29,36,16.2858)->(29,35,18.5)->(30,35,20.7142)->(31,35,22.0481)->(32,35,22.8765)->(33,35,24.2103)->(34,35,26.4246)->(34,34,28.6388)->(34,33,29.9566)->(34,32,30.6388)->(34,31,31.2246)->(34,30,31.8103)->(34,29,32.4925)->(34,28,33.8103)->(34,27,38.3956)->(35,27,42.9809)->(36,27,44.2987)->(37,27,44.9809)->(38,27,45.5487)->(39,27,46.0667)->(40,27,46.5667)->(41,27,47.0667)->(42,27,47.5667)->(43,27,48.0667)->(44,27,48.5667)->(45,27,49.0667)->(46,27,49.5667)->(47,27,50.0667)->(48,27,50.5667)->(49,27,51.0846)->(50,27,51.6525)->(51,27,52.3346)->(52,27,53.6525)->(53,27,56.2809)->(53,28,59.8809)->(54,28,62.5093)->(55,28,63.8272)->(56,28,64.5189)->(57,28,65.1546)->(58,28,65.8464)->(59,28,67.1642)->(60,28,69.7926)->(60,27,5035.09)->
Agent 29:(47,13,1.71421)->(47,14,4.65)->(48,14,8.11421)->(49,14,9.43205)->(50,14,10.1142)->(51,14,10.6821)->(52,14,11.2)->(53,14,11.7179)->(54,14,12.2858)->(55,14,12.9679)->(56,14,14.2858)->(57,14,16.5)->(57,13,18.7142)->(57,12,20.0321)->(57,11,20.7142)->(57,10,21.2821)->(57,9,21.8179)->(57,8,22.3858)->(57,7,23.0679)->(57,6,24.3858)->(57,5,5011.9)->
Agent 30:(15,34,2.21421)->(16,34,4.81421)->(16,33,7.44264)->(16,32,8.76048)->(16,31,9.44264)->(16,30,10.0105)->(16,29,10.5284)->(16,28,11.0284)->(16,27,11.5284)->(16,26,12.0284)->(16,25,12.5284)->(16,24,13.0284)->(16,23,13.5284)->(16,22,14.0284)->(16,21,14.5284)->(16,20,15.0284)->(16,19,15.5284)->(16,18,16.0284)->(16,17,16.5284)->(16,16,17.0284)->(16,15,17.5284)->(16,14,18.0284)->(16,13,18.5284)->(16,12,19.0284)->(16,11,19.5284)->(16,10,20.0284)->(16,9,20.5284)->(16,8,21.0284)->(16,7,21.5464)->(16,6,22.1142)->(16,5,22.7964)->(16,4,24.1142)->(16,3,26.3284)->(17,3,28.5426)->(18,3,29.8605)->(19,3,30.5426)->(20,3,31.1105)->(21,3,31.6284)->(22,3,32.1284)->(23,3,32.6284)->(24,3,33.1284)->(25,3,33.6284)->(26,3,34.1284)->(27,3,34.6284)->(28,3,35.1464)->(29,3,35.7142)->(30,3,36.3964)->(31,3,37.7142)->(32,3,39.9284)->(32,2,42.1779)->(32,1,44.1779)->(32,0,46.4274)->(33,0,48.6416)->(34,0,49.9595)->(35,0,50.6416)->(36,0,51.2095)->(37,0,51.7274)->(38,0,52.2274)->(39,0,52.7274)->(40,0,53.2274)->(41,0,53.7274)->(42,0,54.2274)->(43,0,54.7454)->(44,0,55.3132)->(45,0,55.9954)->(46,0,57.3132)->(47,0,62.0563)->(47,1,67.7711)->(48,1,70.3995)->(49,1,71.7173)->(50,1,72.4091)->(51,1,73.0448)->(52,1,73.7365)->(53,1,75.0544)->(54,1,5037.23)->
Agent 31:(57,36,1.8)->(56,36,3.01421)->(55,36,4.33205)->(54,36,5.0641)->(53,36,5.79615)->(52,36,7.11399)->(51,36,9.3282)->(51,37,11.5424)->(51,38,12.8603)->(51,39,13.5424)->(51,40,14.1103)->(51,41,14.6282)->(51,42,15.1282)->(51,43,15.6282)->(51,44,16.1282)->(51,45,16.6282)->(51,46,17.1282)->(51,47,17.6282)->(51,48,18.1282)->(51,49,18.6282)->(51,50,19.1462)->(51,51,19.714)->(51,52,20.3962)->(51,53,21.714)->(51,54,24.3424)->(52,54,27.9424)->(52,55,30.5708)->(52,56,31.8887)->(52,57,32.5708)->(52,58,33.1387)->(52,59,33.6746)->(52,60,34.2424)->(52,61,34.9246)->(52,62,36.2424)->(52,63,5017.83)->
Agent 32:(28,15,1.8)->(29,15,3.01421)->(30,15,4.33205)->(31,15,5.01421)->(32,15,5.58205)->(33,15,6.11795)->(34,15,6.68579)->(35,15,7.36795)->(36,15,8.68579)->(37,15,12.8623)->(37,16,17.0388)->(37,17,18.3566)->(37,18,19.0388)->(37,19,19.6066)->(37,20,20.1246)->(37,21,20.6246)->(37,22,21.1246)->(37,23,21.6246)->(37,24,22.1246)->(37,25,22.6246)->(37,26,23.1246)->(37,27,23.6246)->(37,28,24.1246)->(37,29,24.6246)->(37,30,25.1246)->(37,31,25.6246)->(37,32,26.1246)->(37,33,26.6246)->(37,34,27.1246)->(37,35,27.6425)->(37,36,28.2103)->(37,37,28.8925)->(37,38,30.2103)->(37,39,32.6906)->(38,39,35.1708)->(39,39,36.4887)->(40,39,37.1708)->(41,39,37.7387)->(42,39,38.2566)->(43,39,38.7566)->(44,39,39.2566)->(45,39,39.7566)->(46,39,40.2566)->(47,39,40.7746)->(48,39,41.3424)->(49,39,42.0246)->(50,39,43.3424)->(51,39,46.0695)->(51,40,48.7965)->(51,41,50.1143)->(51,42,50.7965)->(51,43,51.3643)->(51,44,51.8823)->(51,45,52.3823)->(51,46,52.8823)->(51,47,53.3823)->(51,48,53.8823)->(51,49,54.4002)->(51,50,54.9681)->(51,51,55.6502)->(51,52,56.9681)->(51,53,59.5965)->(52,53,63.1965)->(52,54,65.8249)->(52,55,67.1428)->(52,56,67.8249)->(52,57,68.3928)->(52,58,68.9287)->(52,59,69.4965)->(52,60,70.1787)->(52,61,71.4965)->(52,62,5035.46)->
Agent 33:(57,62,1.8)->(58,62,3.6)->(59,62,6.4)->(59,61,8.61421)->(59,60,9.93205)->(59,59,10.6142)->(59,58,11.1821)->(59,57,11.7)->(59,56,12.2)->(59,55,12.7)->(59,54,13.2)->(59,53,13.7)->(59,52,14.2)->(59,51,14.7)->(59,50,15.2)->(59,49,15.7)->(59,48,16.2)->(59,47,16.7)->(59,46,17.2)->(59,45,17.7)->(59,44,18.2)->(59,43,18.7)->(59,42,19.2)->(59,41,19.7179)->(59,40,20.2858)->(59,39,20.9679)->(59,38,22.2858)->(59,37,25.4917)->(58,37,28.6975)->(57,37,30.0154)->(56,37,30.6975)->(55,37,31.2654)->(54,37,31.7833)->(53,37,32.2833)->(52,37,32.7833)->(51,37,33.2833)->(50,37,33.7833)->(49,37,34.2833)->(48,37,34.7833)->(47,37,35.2833)->(46,37,35.7833)->(45,37,36.2833)->(44,37,36.7833)->(43,37,37.2833)->(42,37,37.7833)->(41,37,38.2833)->(40,37,38.7833)->(39,37,39.2833)->(38,37,39.8013)->(37,37,40.3691)->(36,37,41.0513)->(35,37,42.3691)->(34,37,44.5833)->(34,36,46.7975)->(34,35,48.1154)->(34,34,48.7975)->(34,33,49.3654)->(34,32,49.8833)->(34,31,50.3833)->(34,30,50.8833)->(34,29,51.3833)->(34,28,51.8833)->(34,27,52.3833)->(34,26,52.8833)->(34,25,53.3833)->(34,24,53.9013)->(34,23,54.4691)->(34,22,55.1513)->(34,21,56.4691)->(34,20,59.0975)->(33,20,5029.74)->
Agent 34:(32,2,1.3)->(32,3,2.01421)->(32,4,3.33205)->(32,5,4.01421)->(32,6,4.58205)->(32,7,5.1)->(32,8,5.6)->(32,9,6.1)->(32,10,6.6)->(32,11,7.11795)->(32,12,7.68579)->(32,13,8.36795)->(32,14,9.68579)->(32,15,12.3142)->(33,15,15.9142)->(33,16,19.1284)->(33,17,5009.56)->
Agent 35:(5,4,1.8)->(6,4,3.6)->(7,4,6.4)->(7,5,8.61421)->(7,6,9.93205)->(7,7,10.6142)->(7,8,11.1821)->(7,9,11.7)->(7,10,12.2)->(7,11,12.7)->(7,12,13.2)->(7,13,13.7)->(7,14,14.2)->(7,15,14.7)->(7,16,15.2)->(7,17,15.7)->(7,18,16.2)->(7,19,16.7)->(7,20,17.2)->(7,21,17.7)->(7,22,18.2)->(7,23,18.7)->(7,24,19.2179)->(7,25,19.7858)->(7,26,20.4679)->(7,27,21.7858)->(7,28,24.4142)->(6,28,28.0142)->(6,29,30.6426)->(6,30,31.9605)->(6,31,32.6426)->(6,32,33.2105)->(6,33,33.7284)->(6,34,34.2284)->(6,35,34.7464)->(6,36,35.3142)->(6,37,35.9964)->(6,38,37.3142)->(6,39,39.5284)->(5,39,41.7779)->(4,39,43.7779)->(3,39,47.2458)->(3,40,50.6783)->(3,41,51.9962)->(3,42,52.6879)->(3,43,53.3236)->(3,44,54.0154)->(3,45,55.3332)->(3,46,5027.37)->
Agent 36:(48,59,3.8)->(48,58,7.6)->(48,57,10.4)->(47,57,12.6142)->(46,57,13.9321)->(45,57,14.6142)->(44,57,15.1821)->(43,57,15.7)->(42,57,16.2)->(41,57,16.7179)->(40,57,17.2858)->(39,57,17.9679)->(38,57,19.2858)->(37,57,21.9679)->(37,56,24.6501)->(37,55,25.9679)->(37,54,26.6501)->(37,53,27.2179)->(37,52,27.7359)->(37,51,28.2359)->(37,50,28.7359)->(37,49,29.2538)->(37,48,29.8217)->(37,47,30.5038)->(37,46,31.8217)->(37,45,34.1133)->(36,45,36.405)->(35,45,37.7228)->(34,45,38.405)->(33,45,38.9908)->(32,45,39.5766)->(31,45,40.2587)->(30,45,41.5766)->(29,45,43.9429)->(29,44,46.3093)->(29,43,47.6272)->(29,42,48.3093)->(29,41,48.8772)->(29,40,49.3951)->(29,39,49.8951)->(29,38,50.3951)->(29,37,50.8951)->(29,36,51.3951)->(29,35,51.8951)->(29,34,52.3951)->(29,33,52.8951)->(29,32,53.3951)->(29,31,53.8951)->(29,30,54.3951)->(29,29,54.9131)->(29,28,55.4809)->(29,27,56.1631)->(29,26,57.4809)->(29,25,60.1093)->(30,25,63.7093)->(30,24,66.3377)->(30,23,67.6556)->(30,22,68.3377)->(30,21,68.9056)->(30,20,69.4235)->(30,19,69.9235)->(30,18,70.4235)->(30,17,70.9235)->(30,16,71.4235)->(30,15,71.9235)->(30,14,72.4235)->(30,13,72.9235)->(30,12,73.4235)->(30,11,73.9235)->(30,10,74.4235)->(30,9,74.9235)->(30,8,75.4235)->(30,7,75.9235)->(30,6,76.4235)->(30,5,76.9235)->(30,4,77.4415)->(30,3,78.0093)->(30,2,78.6915)->(30,1,80.0093)->(30,0,82.2235)->(31,0,85.0235)->(32,0,5042.51)->
Agent 37:(48,41,1.8)->(47,41,3.01421)->(46,41,4.33205)->(45,41,5.0641)->(44,41,5.79615)->(43,41,7.11399)->(42,41,9.3282)->(42,42,11.5424)->(42,43,12.8603)->(42,44,13.5424)->(42,45,14.1103)->(42,46,14.6282)->(42,47,15.1282)->(42,48,15.6282)->(42,49,16.1282)->(42,50,16.6282)->(42,51,17.1462)->(42,52,17.714)->(42,53,18.3962)->(42,54,19.714)->(42,55,21.9282)->(41,55,24.1424)->(40,55,25.4603)->(39,55,26.1424)->(38,55,26.7103)->(37,55,27.2282)->(36,55,27.7282)->(35,55,28.2462)->(34,55,28.814)->(33,55,29.4962)->(32,55,30.814)->(31,55,5015.11)->
Agent 38:(38,59,2.2)->(38,58,3.81421)->(38,57,5.13205)->(38,56,5.81421)->(38,55,6.38205)->(38,54,6.91795)->(38,53,7.48579)->(38,52,8.16795)->(38,51,9.48579)->(38,50,12.2821)->(39,50,15.0783)->(40,50,16.3962)->(41,50,17.0783)->(42,50,17.6462)->(43,50,18.1821)->(44,50,18.7499)->(45,50,19.4321)->(46,50,20.7499)->(47,50,24.4463)->(47,49,28.1426)->(47,48,29.4605)->(47,47,30.1426)->(47,46,30.7105)->(47,45,31.2284)->(47,44,31.7284)->(47,43,32.2464)->(47,42,32.8142)->(47,41,33.4964)->(47,40,34.8142)->(47,39,37.0284)->(48,39,39.2426)->(49,39,40.5605)->(50,39,41.2426)->(51,39,41.8105)->(52,39,42.3284)->(53,39,42.8284)->(54,39,43.3284)->(55,39,43.8284)->(56,39,44.3464)->(57,39,44.9142)->(58,39,45.5964)->(59,39,46.9142)->(60,39,49.1284)->(60,40,51.9284)->(60,41,5025.96)->
Agent 39:(10,35,2.21421)->(11,35,4.81421)->(11,36,7.44264)->(11,37,8.76048)->(11,38,9.45225)->(11,39,10.0879)->(11,40,10.7797)->(11,41,12.0975)->(11,42,15.2681)->(12,42,18.4388)->(13,42,19.7566)->(14,42,20.4388)->(15,42,21.0066)->(16,42,21.5246)->(17,42,22.0246)->(18,42,22.5246)->(19,42,23.0246)->(20,42,23.5246)->(21,42,24.0246)->(22,42,24.5246)->(23,42,25.0246)->(24,42,25.5246)->(25,42,26.0246)->(26,42,26.5246)->(27,42,27.0246)->(28,42,27.5246)->(29,42,28.0246)->(30,42,28.5246)->(31,42,29.0246)->(32,42,29.5246)->(33,42,30.0246)->(34,42,30.5246)->(35,42,31.0246)->(36,42,31.5425)->(37,42,32.1103)->(38,42,32.7925)->(39,42,34.1103)->(40,42,36.3246)->(40,43,38.5388)->(40,44,39.8566)->(40,45,40.5388)->(40,46,41.1066)->(40,47,41.6246)->(40,48,42.1246)->(40,49,42.6425)->(40,50,43.2103)->(40,51,43.8925)->(40,52,45.2103)->(40,53,47.4246)->(41,53,50.2246)->(42,53,53.4388)->(42,54,57.0388)->(43,54,59.6672)->(44,54,61.0814)->(45,54,62.4956)->(46,54,65.1241)->(46,53,5032.75)->
Agent 40:(28,1,3.28154)->(28,2,5.97729)->(28,3,7.29513)->(28,4,7.97729)->(28,5,8.54513)->(28,6,9.06308)->(28,7,9.56308)->(28,8,10.0631)->(28,9,10.5631)->(28,10,11.0631)->(28,11,11.581)->(28,12,12.1489)->(28,13,12.831)->(28,14,14.1489)->(28,15,16.3631)->(29,15,18.5773)->(30,15,19.8951)->(31,15,20.5773)->(32,15,21.1451)->(33,15,21.681)->(34,15,22.2489)->(35,15,22.931)->(36,15,24.2489)->(37,15,32.5079)->(37,16,40.767)->(37,17,42.0848)->(37,18,42.767)->(37,19,43.3348)->(37,20,43.8528)->(37,21,44.3528)->(37,22,44.8528)->(37,23,45.3528)->(37,24,45.8528)->(37,25,46.3528)->(37,26,46.8528)->(37,27,47.3528)->(37,28,47.8528)->(37,29,48.3528)->(37,30,48.8707)->(37,31,49.4385)->(37,32,50.1207)->(37,33,51.4385)->(37,34,53.8689)->(38,34,56.2993)->(39,34,57.6171)->(40,34,58.2993)->(41,34,58.8671)->(42,34,59.3851)->(43,34,59.8851)->(44,34,60.3851)->(45,34,60.8851)->(46,34,61.3851)->(47,34,61.8851)->(48,34,62.403)->(49,34,62.9708)->(50,34,63.653)->(51,34,64.9708)->(52,34,67.1851)->(52,35,69.3993)->(52,36,70.7171)->(52,37,71.3993)->(52,38,71.9671)->(52,39,72.4851)->(52,40,72.9851)->(52,41,73.4851)->(52,42,73.9851)->(52,43,74.4851)->(52,44,74.9851)->(52,45,75.4851)->(52,46,76.003)->(52,47,76.5708)->(52,48,77.253)->(52,49,78.5708)->(52,50,5038.99)->
Agent 41:(54,3,2.4142)->(54,4,4.24261)->(54,5,5.56045)->(54,6,6.24261)->(54,7,6.81045)->(54,8,7.3284)->(54,9,7.8284)->(54,10,8.3284)->(54,11,8.8284)->(54,12,9.34635)->(54,13,9.91419)->(54,14,10.5963)->(54,15,11.9142)->(54,16,14.2738)->(53,16,16.6334)->(52,16,17.9513)->(51,16,18.6334)->(50,16,19.2013)->(49,16,19.7192)->(48,16,20.2192)->(47,16,20.7192)->(46,16,21.2192)->(45,16,21.7192)->(44,16,22.2192)->(43,16,22.7192)->(42,16,23.2192)->(41,16,23.7372)->(40,16,24.305)->(39,16,24.9872)->(38,16,26.305)->(37,16,32.0572)->(37,17,37.8093)->(37,18,39.1272)->(37,19,39.8093)->(37,20,40.3772)->(37,21,40.8951)->(37,22,41.3951)->(37,23,41.8951)->(37,24,42.3951)->(37,25,42.8951)->(37,26,43.3951)->(37,27,43.8951)->(37,28,44.3951)->(37,29,44.8951)->(37,30,45.3951)->(37,31,45.9131)->(37,32,46.4809)->(37,33,47.1631)->(37,34,48.4809)->(37,35,58.7456)->(36,35,69.0103)->(35,35,70.3282)->(34,35,71.0103)->(33,35,71.5782)->(32,35,72.0961)->(31,35,72.5961)->(30,35,73.0961)->(29,35,73.5961)->(28,35,74.0961)->(27,35,74.5961)->(26,35,75.0961)->(25,35,75.5961)->(24,35,76.0961)->(23,35,76.5961)->(22,35,77.0961)->(21,35,77.5961)->(20,35,78.1141)->(19,35,78.6819)->(18,35,79.3641)->(17,35,80.6819)->(16,35,5040.05)->
Agent 42:(12,30,1.93205)->(13,30,3.27832)->(14,30,4.59615)->(15,30,5.27832)->(16,30,5.84615)->(17,30,6.3641)->(18,30,6.8641)->(19,30,7.3641)->(20,30,7.8641)->(21,30,8.3641)->(22,30,8.8641)->(23,30,9.3641)->(24,30,9.8641)->(25,30,10.3641)->(26,30,10.8641)->(27,30,11.3641)->(28,30,11.8641)->(29,30,12.3641)->(30,30,12.8641)->(31,30,13.3641)->(32,30,13.8641)->(33,30,14.3641)->(34,30,14.8821)->(35,30,15.4499)->(36,30,16.1321)->(37,30,17.4499)->(38,30,19.6641)->(38,31,21.8783)->(38,32,23.2925)->(38,33,24.7067)->(38,34,26.921)->(39,34,29.1352)->(40,34,30.453)->(41,34,31.1851)->(42,34,31.9171)->(43,34,33.2349)->(44,34,35.4492)->(44,35,37.6986)->(44,36,39.6986)->(44,37,42.3624)->(45,37,48.4167)->(44,37,5025.63)->
Agent 43:(8,36,1.8)->(8,37,3.01421)->(8,38,4.33205)->(8,39,5.01421)->(8,40,5.58205)->(8,41,6.1)->(8,42,6.6)->(8,43,7.1)->(8,44,7.6)->(8,45,8.1)->(8,46,8.6)->(8,47,9.1)->(8,48,9.6)->(8,49,10.1)->(8,50,10.6179)->(8,51,11.1858)->(8,52,11.8679)->(8,53,13.1858)->(8,54,15.4)->(9,54,17.6142)->(10,54,18.9481)->(11,54,19.7765)->(12,54,21.1103)->(13,54,23.3246)->(13,55,25.5388)->(13,56,26.8566)->(13,57,27.5887)->(13,58,28.3207)->(13,59,29.6385)->(13,60,32.267)->(14,60,5016.33)->
Agent 44:(54,4,1.3)->(54,5,2.01421)->(54,6,3.33205)->(54,7,4.01421)->(54,8,4.58205)->(54,9,5.1)->(54,10,5.6)->(54,11,6.1)->(54,12,6.6)->(54,13,7.1)->(54,14,7.6)->(54,15,8.1)->(54,16,8.61795)->(54,17,9.18579)->(54,18,9.86795)->(54,19,11.1858)->(54,20,13.4)->(53,20,15.6142)->(52,20,16.9321)->(51,20,17.6142)->(50,20,18.1821)->(49,20,18.7179)->(48,20,19.2858)->(47,20,19.9679)->(46,20,21.2858)->(45,20,23.5)->(45,21,25.7142)->(45,22,27.0321)->(45,23,27.7641)->(45,24,28.4962)->(45,25,29.814)->(45,26,32.0282)->(44,26,34.2424)->(43,26,35.5603)->(42,26,36.2424)->(41,26,36.8103)->(40,26,37.3282)->(39,26,37.8282)->(38,26,38.3282)->(37,26,38.8282)->(36,26,39.3282)->(35,26,39.8282)->(34,26,40.3282)->(33,26,40.8282)->(32,26,41.3282)->(31,26,41.8282)->(30,26,42.3282)->(29,26,42.8282)->(28,26,43.3282)->(27,26,43.8282)->(26,26,44.3282)->(25,26,44.8282)->(24,26,45.3282)->(23,26,45.8462)->(22,26,46.414)->(21,26,47.0962)->(20,26,48.414)->(19,26,53.1061)->(19,27,57.7982)->(19,28,59.116)->(19,29,59.7982)->(19,30,60.366)->(19,31,60.884)->(19,32,61.384)->(19,33,61.884)->(19,34,62.384)->(19,35,62.884)->(19,36,63.384)->(19,37,63.9019)->(19,38,64.4698)->(19,39,65.1519)->(19,40,66.4698)->(19,41,69.0982)->(20,41,5034.74)->
Agent 45:(63,15,1.3)->(63,16,2.01421)->(63,17,3.33205)->(63,18,4.01421)->(63,19,4.58205)->(63,20,5.1)->(63,21,5.61795)->(63,22,6.18579)->(63,23,6.86795)->(63,24,8.18579)->(63,25,10.4)->(62,25,12.6142)->(61,25,13.9321)->(60,25,14.6142)->(59,25,15.1821)->(58,25,15.7)->(57,25,16.2)->(56,25,16.7)->(55,25,17.2)->(54,25,17.7)->(53,25,18.2)->(52,25,18.7)->(51,25,19.2179)->(50,25,19.7858)->(49,25,20.4679)->(48,25,21.7858)->(47,25,24.4142)->(47,26,29.8141)->(46,26,34.2424)->(45,26,35.5603)->(44,26,36.2424)->(43,26,36.8103)->(42,26,37.3282)->(41,26,37.8282)->(40,26,38.3282)->(39,26,38.8282)->(38,26,39.3282)->(37,26,39.8282)->(36,26,40.3282)->(35,26,40.8282)->(34,26,41.3282)->(33,26,41.8282)->(32,26,42.3282)->(31,26,42.8282)->(30,26,43.3282)->(29,26,43.8282)->(28,26,44.3282)->(27,26,44.8282)->(26,26,45.3282)->(25,26,45.8462)->(24,26,46.414)->(23,26,47.0962)->(22,26,48.414)->(21,26,50.6282)->(21,25,52.8424)->(21,24,54.1763)->(21,23,55.0047)->(21,22,56.3385)->(21,21,58.5528)->(20,21,60.767)->(19,21,62.1812)->(18,21,63.5954)->(17,21,66.2238)->(17,20,71.3931)->(16,20,75.5907)->(15,20,76.9086)->(14,20,77.5907)->(13,20,78.1586)->(12,20,78.6765)->(11,20,79.1765)->(10,20,79.6765)->(9,20,80.1765)->(8,20,80.6765)->(7,20,81.1765)->(6,20,81.6765)->(5,20,82.1765)->(4,20,82.6945)->(3,20,83.2623)->(2,20,83.9445)->(1,20,85.2623)->(0,20,87.4765)->(0,19,90.2765)->(0,18,5045.14)->
Agent 46:(6,31,1.3)->(6,32,2.01421)->(6,33,3.33205)->(6,34,4.01421)->(6,35,4.58205)->(6,36,5.1)->(6,37,5.61795)->(6,38,6.18579)->(6,39,6.86795)->(6,40,8.18579)->(6,41,10.4)->(7,41,13.2)->(8,41,25.7322)->(7,41,38.2643)->(6,41,5019.13)->
Agent 47:(55,4,1.3)->(55,5,2.01421)->(55,6,3.33205)->(55,7,4.01421)->(55,8,4.58205)->(55,9,5.1)->(55,10,5.6)->(55,11,6.1)->(55,12,6.6)->(55,13,7.1)->(55,14,7.61795)->(55,15,8.18579)->(55,16,8.86795)->(55,17,10.1858)->(55,18,12.4)->(54,18,14.6142)->(53,18,15.9321)->(52,18,16.6238)->(51,18,17.2595)->(50,18,17.9513)->(49,18,19.2691)->(48,18,21.4833)->(48,19,23.6975)->(48,20,25.0154)->(48,21,25.6975)->(48,22,26.2654)->(48,23,26.7833)->(48,24,27.2833)->(48,25,27.7833)->(48,26,28.2833)->(48,27,28.7833)->(48,28,29.2833)->(48,29,29.7833)->(48,30,30.2833)->(48,31,30.7833)->(48,32,31.2833)->(48,33,31.7833)->(48,34,32.2833)->(48,35,32.7833)->(48,36,33.2833)->(48,37,33.7833)->(48,38,34.3013)->(48,39,34.8691)->(48,40,35.5513)->(48,41,36.8691)->(48,42,39.0833)->(49,42,41.3328)->(50,42,43.3328)->(51,42,45.5823)->(51,43,47.7965)->(51,44,49.1143)->(51,45,49.7965)->(51,46,50.3643)->(51,47,50.8823)->(51,48,51.3823)->(51,49,51.8823)->(51,50,52.4002)->(51,51,52.9681)->(51,52,53.6502)->(51,53,54.9681)->(51,54,57.1823)->(50,54,59.9823)->(49,54,62.7823)->(49,55,65.0318)->(49,56,67.0318)->(49,57,5033.24)->
Agent 48:(26,13,1.8)->(27,13,3.04949)->(28,13,5.04949)->(29,13,7.29898)->(29,14,9.51319)->(29,15,10.831)->(29,16,11.5132)->(29,17,12.081)->(29,18,12.599)->(29,19,13.1169)->(29,20,13.6848)->(29,21,14.3669)->(29,22,15.6848)->(29,23,17.899)->(28,23,20.699)->(27,23,23.9132)->(27,24,27.5132)->(26,24,30.1416)->(25,24,31.4595)->(24,24,32.1416)->(23,24,32.7274)->(22,24,33.3132)->(21,24,33.9954)->(20,24,35.3132)->(19,24,37.9402)->(19,25,40.5672)->(19,26,41.885)->(19,27,42.5672)->(19,28,43.135)->(19,29,43.653)->(19,30,44.153)->(19,31,44.653)->(19,32,45.153)->(19,33,45.653)->(19,34,46.153)->(19,35,46.653)->(19,36,47.153)->(19,37,47.653)->(19,38,48.153)->(19,39,48.653)->(19,40,49.153)->(19,41,49.653)->(19,42,50.153)->(19,43,50.653)->(19,44,51.153)->(19,45,51.653)->(19,46,52.153)->(19,47,52.653)->(19,48,53.153)->(19,49,53.6709)->(19,50,54.2388)->(19,51,54.9209)->(19,52,56.2388)->(19,53,58.8672)->(18,53,62.4672)->(18,54,65.0956)->(18,55,66.4135)->(18,56,67.1052)->(18,57,67.7409)->(18,58,68.4327)->(18,59,69.7505)->(18,60,72.3789)->(19,60,5036.38)->
Agent 49:(38,47,1.8)->(37,47,3.04949)->(36,47,5.04949)->(35,47,7.29898)->(35,46,9.51319)->(35,45,10.831)->(35,44,11.5132)->(35,43,12.081)->(35,42,12.599)->(35,41,13.1169)->(35,40,13.6848)->(35,39,14.3669)->(35,38,15.6848)->(35,37,18.3132)->(36,37,21.9132)->(36,36,24.5416)->(36,35,25.8595)->(36,34,26.5416)->(36,33,27.1095)->(36,32,27.6274)->(36,31,28.1274)->(36,30,28.6274)->(36,29,29.1274)->(36,28,29.6454)->(36,27,30.2132)->(36,26,30.8954)->(36,25,32.2132)->(36,24,34.4274)->(35,24,36.6416)->(34,24,37.9595)->(33,24,38.6915)->(32,24,39.4236)->(31,24,40.7414)->(30,24,42.9556)->(30,23,45.1698)->(30,22,46.4877)->(30,21,47.1698)->(30,20,47.7377)->(30,19,48.2556)->(30,18,48.7556)->(30,17,49.2556)->(30,16,49.7736)->(30,15,50.3414)->(30,14,51.0236)->(30,13,52.3414)->(30,12,54.5556)->(31,12,56.8051)->(32,12,58.8051)->(33,12,5029.13)->
Agent 50:(19,19,1.8)->(20,19,3.01421)->(21,19,4.33205)->(22,19,5.0641)->(23,19,5.79615)->(24,19,7.11399)->(25,19,9.3282)->(25,20,11.5424)->(25,21,12.8603)->(25,22,13.5923)->(25,23,14.3244)->(25,24,15.6422)->(25,25,17.8564)->(24,25,20.0706)->(23,25,21.3885)->(22,25,22.1205)->(21,25,22.8526)->(20,25,24.1704)->(19,25,26.8866)->(19,26,29.6029)->(19,27,30.9207)->(19,28,31.6029)->(19,29,32.1707)->(19,30,32.6887)->(19,31,33.1887)->(19,32,33.6887)->(19,33,34.1887)->(19,34,34.6887)->(19,35,35.1887)->(19,36,35.6887)->(19,37,36.1887)->(19,38,36.6887)->(19,39,37.1887)->(19,40,37.6887)->(19,41,38.1887)->(19,42,38.6887)->(19,43,39.1887)->(19,44,39.6887)->(19,45,40.1887)->(19,46,40.6887)->(19,47,41.2066)->(19,48,41.7744)->(19,49,42.4566)->(19,50,43.7744)->(19,51,45.9887)->(18,51,48.2029)->(17,51,49.5207)->(16,51,50.2029)->(15,51,50.7707)->(14,51,51.2887)->(13,51,51.7887)->(12,51,52.2887)->(11,51,52.7887)->(10,51,53.3066)->(9,51,53.8744)->(8,51,54.5566)->(7,51,55.8744)->(6,51,5027.64)->
Agent 51:(36,21,2.21421)->(37,21,5.29626)->(37,22,8.40674)->(37,23,9.72458)->(37,24,10.4067)->(37,25,10.9746)->(37,26,11.4925)->(37,27,11.9925)->(37,28,12.4925)->(37,29,12.9925)->(37,30,13.4925)->(37,31,13.9925)->(37,32,14.4925)->(37,33,15.0105)->(37,34,15.5783)->(37,35,16.2605)->(37,36,17.5783)->(37,37,22.06)->(36,37,26.5416)->(35,37,27.8755)->(34,37,28.7039)->(33,37,30.0377)->(32,37,38.4176)->(33,37,47.3833)->(34,37,5023.69)->
Agent 52:(51,63,1.8)->(50,63,3.01421)->(49,63,4.33205)->(48,63,5.01421)->(47,63,5.58205)->(46,63,6.1)->(45,63,6.6)->(44,63,7.1)->(43,63,7.6)->(42,63,8.1)->(41,63,8.6)->(40,63,9.1)->(39,63,9.6)->(38,63,10.1)->(37,63,10.6)->(36,63,11.1)->(35,63,11.6)->(34,63,12.1)->(33,63,12.6179)->(32,63,13.1858)->(31,63,13.8679)->(30,63,15.1858)->(29,63,19.8283)->(29,62,24.4708)->(29,61,25.7887)->(29,60,26.4708)->(29,59,27.0387)->(29,58,27.5566)->(29,57,28.0566)->(29,56,28.5566)->(29,55,29.0746)->(29,54,29.6424)->(29,53,30.3246)->(29,52,31.6424)->(29,51,33.9424)->(28,51,36.2424)->(27,51,37.5603)->(26,51,38.2424)->(25,51,38.8103)->(24,51,39.3282)->(23,51,39.8282)->(22,51,40.3282)->(21,51,40.8282)->(20,51,41.3282)->(19,51,41.8282)->(18,51,42.3282)->(17,51,42.8282)->(16,51,43.3282)->(15,51,43.8282)->(14,51,44.3282)->(13,51,44.8282)->(12,51,45.3282)->(11,51,45.8282)->(10,51,46.3282)->(9,51,46.8282)->(8,51,47.3282)->(7,51,47.8282)->(6,51,48.3282)->(5,51,48.8282)->(4,51,49.3462)->(3,51,49.914)->(2,51,50.5962)->(1,51,51.914)->(0,51,54.1282)->(0,52,56.3424)->(0,53,57.7566)->(0,54,59.1708)->(0,55,5029.29)->
Agent 53:(1,59,2.2)->(1,58,3.81421)->(1,57,5.13205)->(1,56,5.81421)->(1,55,6.4)->(1,54,6.98579)->(1,53,7.66795)->(1,52,8.98579)->(1,51,11.2)->(2,51,13.4142)->(3,51,14.7321)->(4,51,15.4142)->(5,51,15.9821)->(6,51,16.5)->(7,51,17)->(8,51,17.5)->(9,51,18)->(10,51,18.5)->(11,51,19)->(12,51,19.5)->(13,51,20)->(14,51,20.5)->(15,51,21.0179)->(16,51,21.5858)->(17,51,22.2679)->(18,51,23.5858)->(19,51,25.8)->(19,50,28.0142)->(19,49,29.3321)->(19,48,30.0142)->(19,47,30.6)->(19,46,31.1858)->(19,45,31.8679)->(19,44,33.1858)->(19,43,35.4)->(18,43,37.6495)->(17,43,39.6495)->(16,43,41.899)->(16,42,44.1132)->(16,41,45.431)->(16,40,46.1132)->(16,39,46.681)->(16,38,47.199)->(16,37,47.699)->(16,36,48.199)->(16,35,48.699)->(16,34,49.199)->(16,33,49.699)->(16,32,50.199)->(16,31,50.699)->(16,30,51.199)->(16,29,51.699)->(16,28,52.199)->(16,27,52.699)->(16,26,53.199)->(16,25,53.699)->(16,24,54.199)->(16,23,54.699)->(16,22,55.199)->(16,21,55.699)->(16,20,56.199)->(16,19,56.699)->(16,18,57.199)->(16,17,57.699)->(16,16,58.2169)->(16,15,58.7848)->(16,14,59.4669)->(16,13,60.7848)->(16,12,63.7933)->(17,12,66.8018)->(18,12,68.1197)->(19,12,68.8018)->(20,12,69.3697)->(21,12,69.8876)->(22,12,70.3876)->(23,12,70.8876)->(24,12,71.3876)->(25,12,71.8876)->(26,12,72.3876)->(27,12,72.8876)->(28,12,73.4056)->(29,12,73.9734)->(30,12,74.6556)->(31,12,75.9734)->(32,12,78.1876)->(32,11,80.4018)->(32,10,81.7197)->(32,9,82.4018)->(32,8,82.9697)->(32,7,83.4876)->(32,6,83.9876)->(32,5,84.5056)->(32,4,85.0734)->(32,3,85.7556)->(32,2,87.0734)->(32,1,89.2876)->(33,1,91.5018)->(34,1,92.8197)->(35,1,93.5018)->(36,1,94.0697)->(37,1,94.5876)->(38,1,95.0876)->(39,1,95.5876)->(40,1,96.0876)->(41,1,96.5876)->(42,1,97.0876)->(43,1,97.5876)->(44,1,98.0876)->(45,1,98.6056)->(46,1,99.1734)->(47,1,99.8556)->(48,1,101.173)->(49,1,5050.29)->
Agent 54:(54,9,2.21421)->(53,9,4.81421)->(53,10,7.44264)->(53,11,8.76048)->(53,12,9.44264)->(53,13,10.0284)->(53,14,10.6142)->(53,15,11.2964)->(53,16,12.6142)->(53,17,14.8284)->(52,17,17.6284)->(51,17,20.4284)->(51,18,22.6426)->(51,19,23.9605)->(51,20,24.6426)->(51,21,25.2105)->(51,22,25.7284)->(51,23,26.2464)->(51,24,26.8142)->(51,25,27.4964)->(51,26,28.8142)->(51,27,31.0284)->(50,27,33.2426)->(49,27,34.5605)->(48,27,35.2426)->(47,27,35.8105)->(46,27,36.3284)->(45,27,36.8464)->(44,27,37.4142)->(43,27,38.0964)->(42,27,39.4142)->(41,27,41.6284)->(41,28,43.8426)->(41,29,45.1605)->(41,30,45.8426)->(41,31,46.4284)->(41,32,47.0142)->(41,33,47.6964)->(41,34,49.0142)->(41,35,51.6426)->(40,35,55.2426)->(40,36,57.8711)->(40,37,59.1889)->(40,38,59.8807)->(40,39,60.5163)->(40,40,61.2081)->(40,41,62.526)->(40,42,64.7402)->(39,42,66.9544)->(38,42,68.2722)->(37,42,68.9544)->(36,42,69.5222)->(35,42,70.0402)->(34,42,70.5402)->(33,42,71.0402)->(32,42,71.5402)->(31,42,72.0402)->(30,42,72.5402)->(29,42,73.0402)->(28,42,73.5402)->(27,42,74.0402)->(26,42,74.5402)->(25,42,75.0402)->(24,42,75.5402)->(23,42,76.0402)->(22,42,76.5402)->(21,42,77.0402)->(20,42,77.5402)->(19,42,78.0402)->(18,42,78.5402)->(17,42,79.0402)->(16,42,79.5402)->(15,42,80.0402)->(14,42,80.5402)->(13,42,81.0402)->(12,42,81.5402)->(11,42,82.0402)->(10,42,82.5402)->(9,42,83.0402)->(8,42,83.5402)->(7,42,84.0402)->(6,42,84.5581)->(5,42,85.126)->(4,42,85.8081)->(3,42,87.126)->(2,42,89.3402)->(2,41,91.5544)->(2,40,92.9686)->(2,39,94.3828)->(2,38,5046.9)->
Agent 55:(46,7,2.61421)->(46,6,8.01228)->(45,6,13.0388)->(44,6,14.3566)->(43,6,15.0388)->(42,6,15.6066)->(41,6,16.1246)->(40,6,16.6246)->(39,6,17.1246)->(38,6,17.6246)->(37,6,18.1246)->(36,6,18.6246)->(35,6,19.1246)->(34,6,19.6246)->(33,6,20.1246)->(32,6,20.6246)->(31,6,21.1246)->(30,6,21.6246)->(29,6,22.1246)->(28,6,22.6246)->(27,6,23.1246)->(26,6,23.6246)->(25,6,24.1246)->(24,6,24.6246)->(23,6,25.1246)->(22,6,25.6246)->(21,6,26.1246)->(20,6,26.6425)->(19,6,27.2103)->(18,6,27.8925)->(17,6,29.2103)->(16,6,31.9066)->(16,7,34.6029)->(16,8,35.9207)->(16,9,36.6029)->(16,10,37.1887)->(16,11,37.7744)->(16,12,38.4566)->(16,13,39.7744)->(16,14,42.085)->(15,14,44.3956)->(14,14,45.7135)->(13,14,46.3956)->(12,14,46.9635)->(11,14,47.4814)->(10,14,47.9814)->(9,14,48.4814)->(8,14,48.9814)->(7,14,49.4994)->(6,14,50.0672)->(5,14,50.7494)->(4,14,52.0672)->(3,14,54.2814)->(3,15,56.4956)->(3,16,57.8135)->(3,17,58.4956)->(3,18,59.0635)->(3,19,59.5814)->(3,20,60.0814)->(3,21,60.5814)->(3,22,61.0814)->(3,23,61.5814)->(3,24,62.0814)->(3,25,62.5994)->(3,26,63.1672)->(3,27,63.8494)->(3,28,65.1672)->(3,29,67.3814)->(4,29,69.6309)->(5,29,71.6309)->(6,29,73.8804)->(6,30,76.0946)->(6,31,77.4124)->(6,32,78.0946)->(6,33,78.6624)->(6,34,79.1804)->(6,35,79.6983)->(6,36,80.2662)->(6,37,80.9483)->(6,38,82.2662)->(6,39,84.4804)->(5,39,87.2804)->(4,39,91.9529)->(4,40,5046.9)->
Agent 56:(14,26,1.8)->(15,26,3.01421)->(16,26,4.33205)->(17,26,5.01421)->(18,26,5.6)->(19,26,6.18579)->(20,26,6.86795)->(21,26,8.18579)->(22,26,10.4)->(22,27,12.6142)->(22,28,13.9321)->(22,29,14.6142)->(22,30,15.1821)->(22,31,15.7)->(22,32,16.2)->(22,33,16.7)->(22,34,17.2179)->(22,35,17.7858)->(22,36,18.4679)->(22,37,19.7858)->(22,38,30.9505)->(23,38,42.1505)->(24,38,44.1505)->(25,38,48.6265)->(25,39,53.653)->(25,40,5026.83)->
Agent 57:(41,56,2.2)->(41,55,3.81421)->(41,54,5.13205)->(41,53,5.81421)->(41,52,6.4)->(41,51,6.98579)->(41,50,7.66795)->(41,49,8.98579)->(41,48,11.2)->(42,48,13.4142)->(43,48,14.7321)->(44,48,15.4641)->(45,48,16.1962)->(46,48,17.514)->(47,48,19.7282)->(47,47,21.9424)->(47,46,23.2603)->(47,45,23.9424)->(47,44,24.5103)->(47,43,25.0462)->(47,42,25.614)->(47,41,26.2962)->(47,40,27.614)->(47,39,29.8282)->(48,39,32.0424)->(49,39,33.3603)->(50,39,34.0424)->(51,39,34.6103)->(52,39,35.1462)->(53,39,35.714)->(54,39,36.3962)->(55,39,37.714)->(56,39,39.9282)->(56,38,42.7282)->(56,37,5021.36)->
Agent 58:(44,24,1.3)->(44,25,2.01421)->(44,26,3.33205)->(44,27,4.01421)->(44,28,4.58205)->(44,29,5.1)->(44,30,5.6)->(44,31,6.1)->(44,32,6.6)->(44,33,7.11795)->(44,34,7.68579)->(44,35,8.36795)->(44,36,9.68579)->(44,37,11.9)->(43,37,14.7)->(42,37,17.5)->(42,38,19.7142)->(42,39,21.0321)->(42,40,21.7142)->(42,41,22.2821)->(42,42,22.8)->(42,43,23.3)->(42,44,23.8)->(42,45,24.3)->(42,46,24.8)->(42,47,25.3)->(42,48,25.8)->(42,49,26.3)->(42,50,26.8)->(42,51,27.3)->(42,52,27.8)->(42,53,28.3179)->(42,54,28.8858)->(42,55,29.5679)->(42,56,30.8858)->(42,57,33.9495)->(41,57,37.0132)->(40,57,38.331)->(39,57,39.0132)->(38,57,39.581)->(37,57,40.099)->(36,57,40.599)->(35,57,41.099)->(34,57,41.599)->(33,57,42.099)->(32,57,42.599)->(31,57,43.099)->(30,57,43.6169)->(29,57,44.1848)->(28,57,44.8669)->(27,57,46.1848)->(26,57,5022.8)->
Agent 59:(25,26,1.8)->(26,26,3.6)->(27,26,6.4)->(27,25,8.61421)->(27,24,9.93205)->(27,23,10.6641)->(27,22,11.3962)->(27,21,12.714)->(27,20,5006.06)->
Agent 60:(44,52,3.99626)->(43,52,7.40674)->(42,52,8.72458)->(41,52,9.40674)->(40,52,9.97458)->(39,52,10.5105)->(38,52,11.0783)->(37,52,11.7605)->(36,52,13.0783)->(35,52,15.2925)->(35,51,17.5067)->(35,50,18.8246)->(35,49,19.5067)->(35,48,20.0746)->(35,47,20.5925)->(35,46,21.0925)->(35,45,21.5925)->(35,44,22.0925)->(35,43,22.5925)->(35,42,23.0925)->(35,41,23.5925)->(35,40,24.0925)->(35,39,24.5925)->(35,38,25.1105)->(35,37,25.6783)->(35,36,26.3605)->(35,35,27.6783)->(35,34,30.3067)->(34,34,34.321)->(34,35,39.0865)->(33,35,42.4662)->(32,35,43.784)->(31,35,44.4662)->(30,35,45.034)->(29,35,45.552)->(28,35,46.052)->(27,35,46.552)->(26,35,47.052)->(25,35,47.552)->(24,35,48.052)->(23,35,48.552)->(22,35,49.052)->(21,35,49.552)->(20,35,50.0699)->(19,35,50.6377)->(18,35,51.3199)->(17,35,52.6377)->(16,35,54.852)->(16,34,57.0662)->(16,33,58.384)->(16,32,59.0662)->(16,31,59.634)->(16,30,60.152)->(16,29,60.652)->(16,28,61.152)->(16,27,61.652)->(16,26,62.152)->(16,25,62.652)->(16,24,63.1699)->(16,23,63.7377)->(16,22,64.4199)->(16,21,65.7377)->(16,20,67.952)->(15,20,70.1662)->(14,20,71.5)->(13,20,72.3285)->(12,20,73.6623)->(11,20,75.8765)->(11,19,78.0907)->(11,18,79.4086)->(11,17,80.1406)->(11,16,80.8727)->(11,15,82.1905)->(11,14,5040.8)->
Agent 61:(60,58,2.2)->(60,57,3.81421)->(60,56,5.14806)->(60,55,5.97649)->(60,54,7.31034)->(60,53,11.8765)->(59,53,17.4142)->(59,52,20.0426)->(59,51,21.3605)->(59,50,22.0426)->(59,49,22.6105)->(59,48,23.1284)->(59,47,23.6284)->(59,46,24.1284)->(59,45,24.6284)->(59,44,25.1284)->(59,43,25.6284)->(59,42,26.1464)->(59,41,26.7142)->(59,40,27.3964)->(59,39,28.7142)->(59,38,30.9284)->(58,38,33.1426)->(57,38,34.5569)->(56,38,35.9711)->(55,38,41.2711)->(55,39,5022.16)->
Agent 62:(38,38,1.8)->(39,38,3.04949)->(40,38,5.04949)->(41,38,9.31177)->(41,37,13.5388)->(41,36,14.8566)->(41,35,15.5388)->(41,34,16.1066)->(41,33,16.6246)->(41,32,17.1246)->(41,31,17.6246)->(41,30,18.1246)->(41,29,18.6246)->(41,28,19.1246)->(41,27,19.6246)->(41,26,20.1246)->(41,25,20.6246)->(41,24,21.1246)->(41,23,21.6246)->(41,22,22.1246)->(41,21,22.6246)->(41,20,23.1425)->(41,19,23.7103)->(41,18,24.3925)->(41,17,25.7103)->(41,16,27.9246)->(42,16,30.1388)->(43,16,31.4566)->(44,16,32.1388)->(45,16,32.7066)->(46,16,33.2246)->(47,16,33.7246)->(48,16,34.2246)->(49,16,34.7246)->(50,16,35.2246)->(51,16,35.7246)->(52,16,36.2246)->(53,16,36.7246)->(54,16,37.2246)->(55,16,37.7425)->(56,16,38.3103)->(57,16,38.9925)->(58,16,40.3103)->(59,16,42.5246)->(59,15,44.7388)->(59,14,46.153)->(59,13,47.5672)->(59,12,5023.49)->
Agent 63:(37,45,1.8)->(36,45,3.01421)->(35,45,4.33205)->(34,45,5.01421)->(33,45,5.58205)->(32,45,6.1)->(31,45,6.6)->(30,45,7.1)->(29,45,7.61795)->(28,45,8.18579)->(27,45,8.86795)->(26,45,10.1858)->(25,45,12.6858)->(25,44,15.1858)->(25,43,16.5036)->(25,42,17.1858)->(25,41,17.7536)->(25,40,18.2716)->(25,39,18.7716)->(25,38,19.2716)->(25,37,19.7716)->(25,36,20.2716)->(25,35,20.7716)->(25,34,21.2716)->(25,33,21.7716)->(25,32,22.2716)->(25,31,22.7716)->(25,30,23.2716)->(25,29,23.7716)->(25,28,24.2716)->(25,27,24.7716)->(25,26,25.2716)->(25,25,25.7716)->(25,24,26.2895)->(25,23,26.8574)->(25,22,27.5395)->(25,21,28.8574)->(25,20,31.0716)->(24,20,33.8716)->(23,20,36.6716)->(23,21,38.8858)->(23,22,40.2196)->(23,23,41.0481)->(23,24,42.3819)->(23,25,5020.9)->
Agent 64:(43,50,1.8)->(42,50,3.01421)->(41,50,4.33205)->(40,50,5.01421)->(39,50,5.58205)->(38,50,6.1)->(37,50,6.6)->(36,50,7.1)->(35,50,7.6)->(34,50,8.1)->(33,50,8.6)->(32,50,9.1)->(31,50,9.61795)->(30,50,10.1858)->(29,50,10.8679)->(28,50,12.1858)->(27,50,14.4481)->(27,49,16.7103)->(27,48,18.0282)->(27,47,18.7103)->(27,46,19.2782)->(27,45,19.7961)->(27,44,20.2961)->(27,43,20.7961)->(27,42,21.2961)->(27,41,21.7961)->(27,40,22.2961)->(27,39,22.7961)->(27,38,23.2961)->(27,37,23.7961)->(27,36,24.2961)->(27,35,24.7961)->(27,34,25.2961)->(27,33,25.7961)->(27,32,26.2961)->(27,31,26.8141)->(27,30,27.3819)->(27,29,28.0641)->(27,28,29.3819)->(27,27,31.5961)->(26,27,33.8103)->(25,27,35.1282)->(24,27,35.8103)->(23,27,36.3782)->(22,27,36.8961)->(21,27,37.3961)->(20,27,37.9141)->(19,27,38.4819)->(18,27,39.1641)->(17,27,40.4819)->(16,27,42.6961)->(16,26,44.9103)->(16,25,46.2282)->(16,24,46.9103)->(16,23,47.4782)->(16,22,47.9961)->(16,21,48.4961)->(16,20,48.9961)->(16,19,49.4961)->(16,18,49.9961)->(16,17,50.4961)->(16,16,50.9961)->(16,15,51.4961)->(16,14,51.9961)->(16,13,52.4961)->(16,12,52.9961)->(16,11,53.4961)->(16,10,53.9961)->(16,9,54.4961)->(16,8,55.0141)->(16,7,55.5819)->(16,6,56.2641)->(16,5,57.5819)->(16,4,60.2103)->(17,4,5030.3)->
Agent 65:(37,36,2.61421)->(37,35,5.61421)->(38,35,8.24264)->(39,35,9.56048)->(40,35,10.2522)->(41,35,10.8879)->(42,35,11.5797)->(43,35,12.8975)->(44,35,15.2738)->(44,34,17.6501)->(44,33,18.9679)->(44,32,19.6501)->(44,31,20.2179)->(44,30,20.7359)->(44,29,21.2359)->(44,28,21.7359)->(44,27,22.2538)->(44,26,22.8217)->(44,25,23.5038)->(44,24,24.8217)->(44,23,27.3178)->(45,23,29.814)->(46,23,31.1318)->(47,23,31.8236)->(48,23,32.4593)->(49,23,33.151)->(50,23,34.4689)->(51,23,36.6831)->(51,22,38.9326)->(51,21,40.9326)->(51,20,5020.19)->
Agent 66:(19,35,1.8)->(18,35,3.6)->(17,35,7.86228)->(17,34,11.5388)->(17,33,12.8566)->(17,32,13.5388)->(17,31,14.1066)->(17,30,14.6246)->(17,29,15.1246)->(17,28,15.6246)->(17,27,16.1246)->(17,26,16.6246)->(17,25,17.1246)->(17,24,17.6246)->(17,23,18.1425)->(17,22,18.7103)->(17,21,19.3925)->(17,20,20.7103)->(17,19,22.9246)->(18,19,25.1388)->(19,19,26.4566)->(20,19,27.1388)->(21,19,27.7066)->(22,19,28.2425)->(23,19,28.8103)->(24,19,29.4925)->(25,19,30.8103)->(26,19,33.0246)->(26,18,35.2388)->(26,17,36.653)->(26,16,38.0672)->(26,15,40.6956)->(25,15,44.2956)->(25,14,46.9241)->(25,13,48.2419)->(25,12,48.9739)->(25,11,49.706)->(25,10,51.0238)->(25,9,5025.22)->
Agent 67:(30,8,1.3)->(30,9,2.01421)->(30,10,3.34806)->(30,11,4.17649)->(30,12,5.51034)->(30,13,8.47598)->(31,13,11.4416)->(32,13,12.7595)->(33,13,13.4416)->(34,13,14.0095)->(35,13,14.5274)->(36,13,15.0274)->(37,13,15.5274)->(38,13,16.0274)->(39,13,16.5274)->(40,13,17.0274)->(41,13,17.5454)->(42,13,18.1132)->(43,13,18.7954)->(44,13,20.1132)->(45,13,22.7774)->(44,13,26.0274)->(43,13,5013.01)->
Agent 68:(3,9,1.3)->(3,10,2.6)->(3,11,5.4)->(4,11,7.61421)->(5,11,8.93205)->(6,11,9.61421)->(7,11,10.1821)->(8,11,10.7)->(9,11,11.2)->(10,11,11.7)->(11,11,12.2)->(12,11,12.7)->(13,11,13.2)->(14,11,13.7)->(15,11,14.2)->(16,11,14.7)->(17,11,15.2)->(18,11,15.7179)->(19,11,16.2858)->(20,11,16.9679)->(21,11,18.2858)->(22,11,20.5)->(22,12,23.3)->(22,13,26.1)->(23,13,28.3142)->(24,13,29.6321)->(25,13,30.3142)->(26,13,30.8821)->(27,13,31.4)->(28,13,31.9)->(29,13,32.4)->(30,13,32.9)->(31,13,33.4)->(32,13,33.9)->(33,13,34.4)->(34,13,34.9)->(35,13,35.4)->(36,13,35.9)->(37,13,36.4)->(38,13,36.9179)->(39,13,37.4858)->(40,13,38.1679)->(41,13,39.4858)->(42,13,41.7)->(42,12,43.9495)->(42,11,45.9495)->(42,10,48.199)->(43,10,50.4132)->(44,10,51.731)->(45,10,52.4132)->(46,10,52.981)->(47,10,53.499)->(48,10,53.999)->(49,10,54.499)->(50,10,54.999)->(51,10,55.5169)->(52,10,56.0848)->(53,10,56.7669)->(54,10,58.0848)->(55,10,60.7132)->(55,9,64.7274)->(56,9,5032.76)->
Agent 69:(41,11,1.3)->(41,12,2.6)->(41,13,5.4)->(40,13,7.64949)->(39,13,9.64949)->(38,13,12.3132)->(38,12,19.4618)->(37,12,25.6388)->(36,12,26.9566)->(35,12,27.6388)->(34,12,28.2066)->(33,12,28.7246)->(32,12,29.2246)->(31,12,29.7246)->(30,12,30.2246)->(29,12,30.7246)->(28,12,31.2246)->(27,12,31.7246)->(26,12,32.2246)->(25,12,32.7246)->(24,12,33.2246)->(23,12,33.7246)->(22,12,34.2246)->(21,12,34.7246)->(20,12,35.2246)->(19,12,35.7246)->(18,12,36.2246)->(17,12,36.7246)->(16,12,37.2246)->(15,12,37.7246)->(14,12,38.2246)->(13,12,38.7246)->(12,12,39.2425)->(11,12,39.8103)->(10,12,40.4925)->(9,12,41.8103)->(8,12,44.0246)->(8,13,46.2388)->(8,14,47.653)->(8,15,49.0672)->(8,16,5024.24)->
Agent 70:(44,62,1.8)->(45,62,3.01421)->(46,62,4.33205)->(47,62,5.01421)->(48,62,5.58205)->(49,62,6.1)->(50,62,6.6)->(51,62,7.1)->(52,62,7.6)->(53,62,8.1)->(54,62,8.6)->(55,62,9.1)->(56,62,9.61795)->(57,62,10.1858)->(58,62,10.8679)->(59,62,12.1858)->(60,62,14.4)->(60,61,17.2)->(60,60,20.4142)->(61,60,5010.4)->
Agent 71:(42,1,1.8)->(41,1,3.01421)->(40,1,4.33205)->(39,1,5.01421)->(38,1,5.58205)->(37,1,6.1)->(36,1,6.6)->(35,1,7.1)->(34,1,7.61795)->(33,1,8.18579)->(32,1,8.86795)->(31,1,10.1858)->(30,1,12.6123)->(30,2,15.0388)->(30,3,16.3566)->(30,4,17.0388)->(30,5,17.6066)->(30,6,18.1246)->(30,7,18.6246)->(30,8,19.1246)->(30,9,19.6246)->(30,10,20.1246)->(30,11,20.6246)->(30,12,21.1246)->(30,13,21.6246)->(30,14,22.1246)->(30,15,22.6246)->(30,16,23.1246)->(30,17,23.6246)->(30,18,24.1246)->(30,19,24.6246)->(30,20,25.1246)->(30,21,25.6246)->(30,22,26.1246)->(30,23,26.6246)->(30,24,27.1246)->(30,25,27.6246)->(30,26,28.1425)->(30,27,28.7103)->(30,28,29.3925)->(30,29,30.7103)->(30,30,32.9246)->(29,30,35.1388)->(28,30,36.553)->(27,30,37.9672)->(26,30,40.4667)->(26,31,42.9662)->(26,32,44.284)->(26,33,44.9662)->(26,34,45.534)->(26,35,46.052)->(26,36,46.552)->(26,37,47.052)->(26,38,47.552)->(26,39,48.0699)->(26,40,48.6377)->(26,41,49.3199)->(26,42,50.6377)->(26,43,53.2662)->(25,43,5026.83)->
Agent 72:(14,35,2.2)->(14,34,3.81421)->(14,33,5.13205)->(14,32,5.82382)->(14,31,6.45949)->(14,30,7.15126)->(14,29,8.4691)->(14,28,11.5897)->(15,28,14.7103)->(16,28,16.0282)->(17,28,16.7103)->(18,28,17.2782)->(19,28,17.7961)->(20,28,18.2961)->(21,28,18.7961)->(22,28,19.2961)->(23,28,19.7961)->(24,28,20.2961)->(25,28,20.8141)->(26,28,21.3819)->(27,28,22.0641)->(28,28,23.3819)->(29,28,25.5961)->(29,27,27.8456)->(29,26,29.8456)->(29,25,32.0951)->(30,25,34.3093)->(31,25,35.6272)->(32,25,36.3093)->(33,25,36.8772)->(34,25,37.3951)->(35,25,37.8951)->(36,25,38.3951)->(37,25,38.8951)->(38,25,39.3951)->(39,25,39.8951)->(40,25,40.3951)->(41,25,40.8951)->(42,25,41.3951)->(43,25,41.8951)->(44,25,42.3951)->(45,25,42.8951)->(46,25,43.3951)->(47,25,43.8951)->(48,25,44.3951)->(49,25,44.8951)->(50,25,45.3951)->(51,25,45.8951)->(52,25,46.3951)->(53,25,46.8951)->(54,25,47.3951)->(55,25,47.8951)->(56,25,48.4131)->(57,25,48.9809)->(58,25,49.6631)->(59,25,50.9809)->(60,25,53.1951)->(60,24,55.4446)->(60,23,57.4446)->(60,22,5028.45)->
Agent 73:(62,11,2.89625)->(61,11,5.20672)->(60,11,6.52455)->(59,11,7.20672)->(58,11,7.77455)->(57,11,8.2925)->(56,11,8.81045)->(55,11,9.37829)->(54,11,10.0605)->(53,11,11.3783)->(52,11,13.5925)->(52,12,16.3925)->(52,13,19.1925)->(51,13,21.4067)->(50,13,22.7246)->(49,13,23.4566)->(48,13,24.1887)->(47,13,25.5065)->(46,13,27.7207)->(46,12,29.9349)->(46,11,31.2528)->(46,10,31.9445)->(46,9,32.5802)->(46,8,33.272)->(46,7,34.5898)->(46,6,36.804)->(45,6,39.0182)->(44,6,40.3361)->(43,6,41.0182)->(42,6,41.5861)->(41,6,42.104)->(40,6,42.604)->(39,6,43.104)->(38,6,43.604)->(37,6,44.104)->(36,6,44.604)->(35,6,45.104)->(34,6,45.604)->(33,6,46.104)->(32,6,46.604)->(31,6,47.104)->(30,6,47.604)->(29,6,48.104)->(28,6,48.604)->(27,6,49.104)->(26,6,49.604)->(25,6,50.104)->(24,6,50.604)->(23,6,51.104)->(22,6,51.604)->(21,6,52.104)->(20,6,52.604)->(19,6,53.104)->(18,6,53.604)->(17,6,54.104)->(16,6,54.604)->(15,6,55.104)->(14,6,55.604)->(13,6,56.122)->(12,6,56.6898)->(11,6,57.372)->(10,6,58.6898)->(9,6,60.904)->(9,5,63.1535)->(9,4,65.1535)->(9,3,67.403)->(8,3,69.6172)->(7,3,70.935)->(6,3,71.6268)->(5,3,72.2625)->(4,3,72.9543)->(3,3,74.2721)->(2,3,76.9005)->(2,2,5038.64)->
Agent 74:(55,57,1.8)->(54,57,3.01421)->(53,57,4.33205)->(52,57,5.01421)->(51,57,5.58205)->(50,57,6.1)->(49,57,6.6)->(48,57,7.1)->(47,57,7.6)->(46,57,8.1)->(45,57,8.6)->(44,57,9.1)->(43,57,9.6)->(42,57,10.1)->(41,57,10.6)->(40,57,11.1)->(39,57,11.6)->(38,57,12.1)->(37,57,12.6)->(36,57,13.1)->(35,57,13.6)->(34,57,14.1179)->(33,57,14.6858)->(32,57,15.3679)->(31,57,16.6858)->(30,57,18.9)->(30,56,21.1142)->(30,55,22.4321)->(30,54,23.1641)->(30,53,23.8962)->(30,52,25.214)->(30,51,27.4282)->(29,51,29.6424)->(28,51,30.9603)->(27,51,31.6424)->(26,51,32.2103)->(25,51,32.7282)->(24,51,33.2282)->(23,51,33.7282)->(22,51,34.2282)->(21,51,34.7282)->(20,51,35.2282)->(19,51,35.7282)->(18,51,36.2282)->(17,51,36.7282)->(16,51,37.2282)->(15,51,37.7282)->(14,51,38.2282)->(13,51,38.7282)->(12,51,39.2282)->(11,51,39.7282)->(10,51,40.2282)->(9,51,40.7282)->(8,51,41.2462)->(7,51,41.814)->(6,51,42.4962)->(5,51,43.814)->(4,51,46.0282)->(4,50,48.2424)->(4,49,49.5603)->(4,48,50.2424)->(4,47,50.8103)->(4,46,51.3282)->(4,45,51.8282)->(4,44,52.3282)->(4,43,52.8282)->(4,42,53.3282)->(4,41,53.8282)->(4,40,54.3282)->(4,39,54.8282)->(4,38,55.3282)->(4,37,55.8282)->(4,36,56.3282)->(4,35,56.8462)->(4,34,57.414)->(4,33,58.0962)->(4,32,59.414)->(4,31,62.0424)->(3,31,5031.21)->
Agent 75:(45,8,2.2)->(45,7,4.4)->(45,6,8.01228)->(44,6,11.0388)->(43,6,12.3566)->(42,6,13.0388)->(41,6,13.6066)->(40,6,14.1246)->(39,6,14.6246)->(38,6,15.1246)->(37,6,15.6246)->(36,6,16.1246)->(35,6,16.6246)->(34,6,17.1246)->(33,6,17.6246)->(32,6,18.1246)->(31,6,18.6246)->(30,6,19.1246)->(29,6,19.6246)->(28,6,20.1246)->(27,6,20.6246)->(26,6,21.1246)->(25,6,21.6246)->(24,6,22.1246)->(23,6,22.6246)->(22,6,23.1246)->(21,6,23.6246)->(20,6,24.1246)->(19,6,24.6246)->(18,6,25.1246)->(17,6,25.6246)->(16,6,26.1246)->(15,6,26.6246)->(14,6,27.1425)->(13,6,27.7103)->(12,6,28.3925)->(11,6,29.7103)->(10,6,33.7105)->(10,7,37.7106)->(10,8,39.0284)->(10,9,39.7605)->(10,10,40.4925)->(10,11,41.8103)->(10,12,5020.61)->
Agent 76:(41,38,2.2)->(41,37,3.81421)->(41,36,5.22843)->(41,35,6.64264)->(41,34,8.85685)->(40,34,11.6569)->(39,34,19.1567)->(40,34,26.0708)->(41,34,27.3887)->(42,34,28.0708)->(43,34,28.6387)->(44,34,29.1566)->(45,34,29.6566)->(46,34,30.1566)->(47,34,30.6566)->(48,34,31.1566)->(49,34,31.6566)->(50,34,32.1746)->(51,34,32.7424)->(52,34,33.4246)->(53,34,34.7424)->(54,34,37.3708)->(54,33,5018.88)->
Agent 77:(40,6,1.3)->(40,7,2.04949)->(40,8,4.04949)->(40,9,6.29898)->(39,9,8.54847)->(38,9,10.5485)->(37,9,12.8164)->(37,10,15.0491)->(37,11,16.3669)->(37,12,17.0491)->(37,13,17.6169)->(37,14,18.1349)->(37,15,18.6349)->(37,16,19.1349)->(37,17,19.6349)->(37,18,20.1349)->(37,19,20.6349)->(37,20,21.1349)->(37,21,21.6349)->(37,22,22.1349)->(37,23,22.6349)->(37,24,23.1349)->(37,25,23.6349)->(37,26,24.1349)->(37,27,24.6349)->(37,28,25.1349)->(37,29,25.6349)->(37,30,26.1349)->(37,31,26.6349)->(37,32,27.1528)->(37,33,27.7207)->(37,34,28.4028)->(37,35,29.7207)->(37,36,31.9349)->(36,36,34.1491)->(35,36,35.4669)->(34,36,36.1491)->(33,36,36.7169)->(32,36,37.2349)->(31,36,37.7349)->(30,36,38.2349)->(29,36,38.7349)->(28,36,39.2528)->(27,36,39.8207)->(26,36,40.5028)->(25,36,41.8207)->(24,36,44.4491)->(24,37,5022.42)->
Agent 78:(45,44,1.8)->(46,44,3.6)->(47,44,6.9)->(47,43,9.61421)->(47,42,10.9321)->(47,41,11.6142)->(47,40,12.1821)->(47,39,12.7)->(47,38,13.2)->(47,37,13.7)->(47,36,14.2)->(47,35,14.7)->(47,34,15.2)->(47,33,15.7)->(47,32,16.2)->(47,31,16.7)->(47,30,17.2)->(47,29,17.7)->(47,28,18.2)->(47,27,18.7)->(47,26,19.2)->(47,25,19.7)->(47,24,20.2)->(47,23,20.7)->(47,22,21.2)->(47,21,21.7)->(47,20,22.2)->(47,19,22.7179)->(47,18,23.2858)->(47,17,23.9679)->(47,16,25.2858)->(47,15,30.6906)->(46,15,36.0954)->(45,15,37.4132)->(44,15,38.0954)->(43,15,38.6632)->(42,15,39.1812)->(41,15,39.6812)->(40,15,40.1991)->(39,15,40.767)->(38,15,41.4491)->(37,15,42.767)->(36,15,45.3954)->(36,16,5022.89)->
Agent 79:(32,59,1.71421)->(32,60,3.81421)->(31,60,6.44264)->(30,60,7.76048)->(29,60,8.44264)->(28,60,9.01048)->(27,60,9.52843)->(26,60,10.0284)->(25,60,10.5284)->(24,60,11.0464)->(23,60,11.6142)->(22,60,12.2964)->(21,60,13.6142)->(20,60,15.8284)->(20,59,18.0426)->(20,58,19.3765)->(20,57,20.2049)->(20,56,21.5388)->(20,55,5010.48)->
Agent 80:(17,32,2.2)->(17,31,3.81421)->(17,30,5.13205)->(17,29,5.81421)->(17,28,6.38205)->(17,27,6.9)->(17,26,7.4)->(17,25,7.9)->(17,24,8.4)->(17,23,8.91795)->(17,22,9.48579)->(17,21,10.1679)->(17,20,11.4858)->(17,19,15.5123)->(18,19,19.5388)->(19,19,20.8566)->(20,19,21.5388)->(21,19,22.1066)->(22,19,22.6246)->(23,19,23.1246)->(24,19,23.6246)->(25,19,24.1246)->(26,19,24.6425)->(27,19,25.2103)->(28,19,25.8925)->(29,19,27.2103)->(30,19,29.4246)->(30,18,31.6388)->(30,17,32.9566)->(30,16,33.6388)->(30,15,34.2066)->(30,14,34.7425)->(30,13,35.3103)->(30,12,35.9925)->(30,11,37.3103)->(30,10,39.5246)->(31,10,41.7388)->(32,10,43.153)->(33,10,44.5672)->(34,10,5021.99)->
Agent 81:(11,37,2.21421)->(10,37,4.81421)->(10,36,7.44264)->(10,35,8.76048)->(10,34,9.45225)->(10,33,10.0879)->(10,32,10.7797)->(10,31,12.0975)->(10,30,14.6539)->(11,30,17.2103)->(12,30,18.5282)->(13,30,19.2103)->(14,30,19.7782)->(15,30,20.2961)->(16,30,20.7961)->(17,30,21.2961)->(18,30,21.7961)->(19,30,22.2961)->(20,30,22.7961)->(21,30,23.2961)->(22,30,23.7961)->(23,30,24.2961)->(24,30,24.7961)->(25,30,25.2961)->(26,30,25.7961)->(27,30,26.2961)->(28,30,26.7961)->(29,30,27.2961)->(30,30,27.7961)->(31,30,28.2961)->(32,30,28.7961)->(33,30,29.3141)->(34,30,29.8819)->(35,30,30.5641)->(36,30,31.8819)->(37,30,34.0961)->(37,29,36.3456)->(37,28,38.3456)->(37,27,40.5951)->(38,27,42.8093)->(39,27,44.1272)->(40,27,44.8093)->(41,27,45.3772)->(42,27,45.8951)->(43,27,46.3951)->(44,27,46.8951)->(45,27,47.3951)->(46,27,47.8951)->(47,27,48.3951)->(48,27,48.8951)->(49,27,49.3951)->(50,27,49.8951)->(51,27,50.4131)->(52,27,50.9809)->(53,27,51.6631)->(54,27,52.9809)->(55,27,55.1951)->(55,28,57.9951)->(55,29,60.7951)->(56,29,63.0446)->(57,29,65.0446)->(58,29,5032.25)->
Agent 82:(31,49,1.3)->(31,50,2.6)->(31,51,12.85)->(30,51,22.5142)->(29,51,23.8321)->(28,51,24.5142)->(27,51,25.0821)->(26,51,25.6)->(25,51,26.1)->(24,51,26.6)->(23,51,27.1)->(22,51,27.6)->(21,51,28.1)->(20,51,28.6)->(19,51,29.1)->(18,51,29.6)->(17,51,30.1)->(16,51,30.6)->(15,51,31.1)->(14,51,31.6)->(13,51,32.1)->(12,51,32.6)->(11,51,33.1)->(10,51,33.6)->(9,51,34.1)->(8,51,34.6179)->(7,51,35.1858)->(6,51,35.8679)->(5,51,37.1858)->(4,51,39.4)->(4,50,41.6142)->(4,49,42.9321)->(4,48,43.6238)->(4,47,44.2595)->(4,46,44.9513)->(4,45,46.2691)->(4,44,48.4833)->(3,44,51.2833)->(2,44,54.8975)->(3,44,5027.84)->
Agent 83:(4,42,1.8)->(5,42,3.01421)->(6,42,4.33205)->(7,42,5.01421)->(8,42,5.58205)->(9,42,6.1)->(10,42,6.6)->(11,42,7.1)->(12,42,7.6)->(13,42,8.1)->(14,42,8.6)->(15,42,9.1)->(16,42,9.6)->(17,42,10.1)->(18,42,10.6)->(19,42,11.1)->(20,42,11.6)->(21,42,12.1)->(22,42,12.6179)->(23,42,13.1858)->(24,42,13.8679)->(25,42,15.1858)->(26,42,17.4)->(26,41,19.6142)->(26,40,20.9321)->(26,39,21.6142)->(26,38,22.1821)->(26,37,22.7)->(26,36,23.2)->(26,35,23.7179)->(26,34,24.2858)->(26,33,24.9679)->(26,32,26.2858)->(26,31,28.9142)->(27,31,37.176)->(27,32,5021.11)->
Agent 84:(58,0,1.71421)->(58,1,3.81421)->(57,1,6.44264)->(56,1,7.76048)->(55,1,8.44264)->(54,1,9.01048)->(53,1,9.52843)->(52,1,10.0284)->(51,1,10.5284)->(50,1,11.0284)->(49,1,11.5284)->(48,1,12.0284)->(47,1,12.5284)->(46,1,13.0284)->(45,1,13.5284)->(44,1,14.0284)->(43,1,14.5284)->(42,1,15.0284)->(41,1,15.5284)->(40,1,16.0284)->(39,1,16.5284)->(38,1,17.0284)->(37,1,17.5284)->(36,1,18.0284)->(35,1,18.5284)->(34,1,19.0284)->(33,1,19.5284)->(32,1,20.0284)->(31,1,20.5284)->(30,1,21.0284)->(29,1,21.5284)->(28,1,22.0284)->(27,1,22.5284)->(26,1,23.0284)->(25,1,23.5284)->(24,1,24.0284)->(23,1,24.5284)->(22,1,25.0284)->(21,1,25.5284)->(20,1,26.0464)->(19,1,26.6142)->(18,1,27.2964)->(17,1,28.6142)->(16,1,45.3123)->(16,2,62.0103)->(16,3,63.3282)->(16,4,64.0103)->(16,5,64.5782)->(16,6,65.0961)->(16,7,65.5961)->(16,8,66.0961)->(16,9,66.5961)->(16,10,67.0961)->(16,11,67.5961)->(16,12,68.0961)->(16,13,68.5961)->(16,14,69.0961)->(16,15,69.5961)->(16,16,70.0961)->(16,17,70.5961)->(16,18,71.0961)->(16,19,71.5961)->(16,20,72.0961)->(16,21,72.5961)->(16,22,73.0961)->(16,23,73.5961)->(16,24,74.0961)->(16,25,74.5961)->(16,26,75.0961)->(16,27,75.5961)->(16,28,76.0961)->(16,29,76.5961)->(16,30,77.0961)->(16,31,77.5961)->(16,32,78.0961)->(16,33,78.5961)->(16,34,79.0961)->(16,35,79.5961)->(16,36,80.0961)->(16,37,80.5961)->(16,38,81.0961)->(16,39,81.5961)->(16,40,82.0961)->(16,41,82.6141)->(16,42,83.1819)->(16,43,83.8641)->(16,44,85.1819)->(16,45,87.3961)->(15,45,90.1961)->(14,45,5045.1)->
Agent 85:(38,33,1.3)->(38,34,2.01421)->(38,35,3.33205)->(38,36,4.0641)->(38,37,4.79615)->(38,38,6.11399)->(38,39,8.6141)->(39,39,11.1142)->(40,39,12.4321)->(41,39,13.1142)->(42,39,13.6821)->(43,39,14.2)->(44,39,14.7)->(45,39,15.2)->(46,39,15.7)->(47,39,16.2)->(48,39,16.7)->(49,39,17.2)->(50,39,17.7)->(51,39,18.2)->(52,39,18.7)->(53,39,19.2)->(54,39,19.7)->(55,39,20.2)->(56,39,20.7)->(57,39,21.2)->(58,39,21.7179)->(59,39,22.2858)->(60,39,22.9679)->(61,39,24.2858)->(62,39,26.9142)->(62,38,5013.65)->
Agent 86:(18,19,5.26228)->(19,19,9.93877)->(20,19,11.2566)->(21,19,11.9388)->(22,19,12.5066)->(23,19,13.0246)->(24,19,13.5425)->(25,19,14.1103)->(26,19,14.7925)->(27,19,16.1103)->(28,19,18.3246)->(28,20,20.574)->(28,21,22.574)->(28,22,25.074)->(29,22,27.5388)->(30,22,28.8566)->(31,22,29.5388)->(32,22,30.1066)->(33,22,30.6246)->(34,22,31.1246)->(35,22,31.6246)->(36,22,32.1246)->(37,22,32.6246)->(38,22,33.1246)->(39,22,33.6425)->(40,22,34.2103)->(41,22,34.8925)->(42,22,36.2103)->(43,22,38.5603)->(43,23,40.9456)->(43,24,42.9456)->(43,25,45.1951)->(44,25,47.4093)->(45,25,48.7272)->(46,25,49.4093)->(47,25,49.9772)->(48,25,50.4951)->(49,25,50.9951)->(50,25,51.4951)->(51,25,51.9951)->(52,25,52.4951)->(53,25,53.0131)->(54,25,53.5809)->(55,25,54.2631)->(56,25,55.5809)->(57,25,59.9965)->(57,26,64.4122)->(57,27,65.746)->(57,28,66.5745)->(57,29,67.9083)->(57,30,70.5367)->(58,30,5035.46)->
Agent 87:(8,63,1.8)->(7,63,3.01421)->(6,63,4.42843)->(5,63,5.84264)->(4,63,8.05685)->(4,62,10.2711)->(4,61,11.5889)->(4,60,12.2711)->(4,59,12.8389)->(4,58,13.3569)->(4,57,13.8569)->(4,56,14.3569)->(4,55,14.8569)->(4,54,15.3569)->(4,53,15.8569)->(4,52,16.3569)->(4,51,16.8569)->(4,50,17.3569)->(4,49,17.8569)->(4,48,18.3569)->(4,47,18.8569)->(4,46,19.3569)->(4,45,19.8569)->(4,44,20.3569)->(4,43,20.8569)->(4,42,21.3569)->(4,41,21.8569)->(4,40,22.3569)->(4,39,22.8569)->(4,38,23.3569)->(4,37,23.8569)->(4,36,24.3569)->(4,35,24.8748)->(4,34,25.4426)->(4,33,26.1248)->(4,32,27.4426)->(4,31,29.6569)->(3,31,31.9063)->(2,31,33.9063)->(1,31,5016.68)->
Agent 88:(21,25,1.8)->(20,25,3.01421)->(19,25,4.33205)->(18,25,5.01421)->(17,25,5.58205)->(16,25,6.1)->(15,25,6.6)->(14,25,7.1)->(13,25,7.6)->(12,25,8.1)->(11,25,8.6)->(10,25,9.1)->(9,25,9.61795)->(8,25,10.1858)->(7,25,10.8679)->(6,25,12.1858)->(5,25,14.4)->(5,24,16.6495)->(5,23,18.6495)->(5,22,5009.05)->
Agent 89:(62,52,2.2)->(62,51,3.84949)->(62,50,5.84949)->(62,49,8.09898)->(61,49,10.3132)->(60,49,11.631)->(59,49,12.3132)->(58,49,12.881)->(57,49,13.399)->(56,49,13.899)->(55,49,14.399)->(54,49,14.899)->(53,49,15.399)->(52,49,15.899)->(51,49,16.399)->(50,49,16.899)->(49,49,17.399)->(48,49,17.899)->(47,49,18.399)->(46,49,18.899)->(45,49,19.399)->(44,49,19.899)->(43,49,20.399)->(42,49,20.899)->(41,49,21.399)->(40,49,21.899)->(39,49,22.399)->(38,49,22.9169)->(37,49,23.4848)->(36,49,24.1669)->(35,49,25.4848)->(34,49,28.0436)->(34,48,30.6025)->(34,47,31.9203)->(34,46,32.6121)->(34,45,33.2478)->(34,44,33.9395)->(34,43,35.2574)->(34,42,37.4716)->(33,42,39.6858)->(32,42,41.0036)->(31,42,41.6858)->(30,42,42.2536)->(29,42,42.7716)->(28,42,43.2716)->(27,42,43.7716)->(26,42,44.2716)->(25,42,44.7716)->(24,42,45.2716)->(23,42,45.7716)->(22,42,46.2716)->(21,42,46.7716)->(20,42,47.2716)->(19,42,47.7716)->(18,42,48.2716)->(17,42,48.7716)->(16,42,49.2716)->(15,42,49.7716)->(14,42,50.2716)->(13,42,50.7716)->(12,42,51.2716)->(11,42,51.7716)->(10,42,52.2716)->(9,42,52.7716)->(8,42,53.2895)->(7,42,53.8574)->(6,42,54.5395)->(5,42,55.8574)->(4,42,58.0716)->(4,41,60.2858)->(4,40,61.6036)->(4,39,62.2954)->(4,38,62.9311)->(4,37,63.6228)->(4,36,64.9407)->(4,35,5032.18)->
Agent 90:(12,12,1.3)->(12,13,2.01421)->(12,14,3.33205)->(12,15,4.01421)->(12,16,4.58205)->(12,17,5.1)->(12,18,5.6)->(12,19,6.1)->(12,20,6.6)->(12,21,7.1)->(12,22,7.61795)->(12,23,8.18579)->(12,24,8.86795)->(12,25,10.1858)->(12,26,12.4)->(13,26,14.6142)->(14,26,15.9481)->(15,26,16.7765)->(16,26,18.1103)->(17,26,20.3246)->(17,27,22.5388)->(17,28,23.8566)->(17,29,24.5388)->(17,30,25.1066)->(17,31,25.6246)->(17,32,26.1246)->(17,33,26.6246)->(17,34,27.1246)->(17,35,27.6246)->(17,36,28.1425)->(17,37,28.7103)->(17,38,29.3925)->(17,39,30.7103)->(17,40,32.9246)->(18,40,35.1388)->(19,40,36.4566)->(20,40,37.1388)->(21,40,37.7066)->(22,40,38.2246)->(23,40,38.7246)->(24,40,39.2246)->(25,40,39.7246)->(26,40,40.2246)->(27,40,40.7425)->(28,40,41.3103)->(29,40,41.9925)->(30,40,43.3103)->(31,40,45.9388)->(31,41,5023.16)->
Agent 91:(26,33,2.21421)->(27,33,4.81421)->(27,34,7.44264)->(27,35,8.76048)->(27,36,9.44264)->(27,37,10.0105)->(27,38,10.5284)->(27,39,11.0284)->(27,40,11.5464)->(27,41,12.1142)->(27,42,12.7964)->(27,43,14.1142)->(27,44,16.6623)->(26,44,19.2103)->(25,44,20.5442)->(24,44,21.3726)->(23,44,22.7065)->(22,44,24.9207)->(22,45,27.1349)->(22,46,28.4527)->(22,47,29.1349)->(22,48,29.7027)->(22,49,30.2207)->(22,50,30.7386)->(22,51,31.3065)->(22,52,31.9886)->(22,53,33.3065)->(22,54,35.9349)->(23,54,5018.16)->
Agent 92:(27,50,1.8)->(26,50,3.01421)->(25,50,4.33205)->(24,50,5.02382)->(23,50,5.65949)->(22,50,6.35126)->(21,50,7.6691)->(20,50,9.88331)->(20,51,12.6833)->(20,52,5006.34)->
Agent 93:(30,56,2.2)->(30,55,4.4)->(30,54,7.61421)->(31,54,19.1141)->(30,54,30.2282)->(29,54,5015.11)->
Agent 94:(29,36,2.2)->(29,35,3.81421)->(29,34,5.13205)->(29,33,5.81421)->(29,32,6.38205)->(29,31,6.9)->(29,30,7.41795)->(29,29,7.98579)->(29,28,8.66795)->(29,27,9.98579)->(29,26,12.2)->(28,26,14.4142)->(27,26,15.7321)->(26,26,16.4142)->(25,26,16.9821)->(24,26,17.5)->(23,26,18)->(22,26,18.5179)->(21,26,19.0858)->(20,26,19.7679)->(19,26,21.0858)->(18,26,23.7142)->(18,25,34.2907)->(18,26,5020.83)->
Agent 95:(36,57,2.21421)->(37,57,4.81421)->(37,56,7.44264)->(37,55,8.76048)->(37,54,9.44264)->(37,53,10.0105)->(37,52,10.5284)->(37,51,11.0284)->(37,50,11.5284)->(37,49,12.0464)->(37,48,12.6142)->(37,47,13.2964)->(37,46,14.6142)->(37,45,16.8284)->(38,45,19.0426)->(39,45,20.3605)->(40,45,21.0426)->(41,45,21.6105)->(42,45,22.1284)->(43,45,22.6464)->(44,45,23.2142)->(45,45,23.8964)->(46,45,25.2142)->(47,45,27.4284)->(47,44,29.6426)->(47,43,30.9605)->(47,42,31.6426)->(47,41,32.2105)->(47,40,32.7284)->(47,39,33.2284)->(47,38,33.7284)->(47,37,34.2284)->(47,36,34.7284)->(47,35,35.2284)->(47,34,35.7284)->(47,33,36.2284)->(47,32,36.7284)->(47,31,37.2284)->(47,30,37.7284)->(47,29,38.2284)->(47,28,38.7284)->(47,27,39.2284)->(47,26,39.7284)->(47,25,40.2284)->(47,24,40.7284)->(47,23,41.2284)->(47,22,41.7284)->(47,21,42.2284)->(47,20,42.7284)->(47,19,43.2284)->(47,18,43.7464)->(47,17,44.3142)->(47,16,44.9964)->(47,15,46.3142)->(47,14,48.5284)->(46,14,50.7779)->(45,14,52.7779)->(44,14,5026.11)->
Agent 96:(24,3,1.8)->(25,3,3.01421)->(26,3,4.33205)->(27,3,5.0641)->(28,3,5.79615)->(29,3,7.11399)->(30,3,11.0764)->(30,4,15.0388)->(30,5,16.3566)->(30,6,17.0388)->(30,7,17.6066)->(30,8,18.1246)->(30,9,18.6246)->(30,10,19.1246)->(30,11,19.6246)->(30,12,20.1246)->(30,13,20.6246)->(30,14,21.1246)->(30,15,21.6246)->(30,16,22.1246)->(30,17,22.6246)->(30,18,23.1246)->(30,19,23.6246)->(30,20,24.1246)->(30,21,24.6246)->(30,22,25.1246)->(30,23,25.6246)->(30,24,26.1246)->(30,25,26.6246)->(30,26,27.1246)->(30,27,27.6246)->(30,28,28.1425)->(30,29,28.7103)->(30,30,29.3925)->(30,31,30.7103)->(30,32,32.9246)->(29,32,35.174)->(28,32,37.174)->(27,32,39.4235)->(27,33,41.6377)->(27,34,42.9556)->(27,35,43.6377)->(27,36,44.2056)->(27,37,44.7235)->(27,38,45.2235)->(27,39,45.7235)->(27,40,46.2235)->(27,41,46.7235)->(27,42,47.2235)->(27,43,47.7235)->(27,44,48.2235)->(27,45,48.7235)->(27,46,49.2235)->(27,47,49.7415)->(27,48,50.3093)->(27,49,50.9915)->(27,50,52.3093)->(27,51,54.5235)->(28,51,57.3235)->(29,51,60.5377)->(29,52,5030.46)->
Agent 97:(20,14,1.3)->(20,15,2.01421)->(20,16,3.34806)->(20,17,4.17649)->(20,18,5.51034)->(20,19,7.72456)->(21,19,9.93877)->(22,19,11.2566)->(23,19,11.9388)->(24,19,12.5066)->(25,19,13.0246)->(26,19,13.5425)->(27,19,14.1103)->(28,19,14.7925)->(29,19,16.1103)->(30,19,18.3246)->(30,20,20.5388)->(30,21,21.8566)->(30,22,22.5388)->(30,23,23.1066)->(30,24,23.6246)->(30,25,24.1246)->(30,26,24.6246)->(30,27,25.1246)->(30,28,25.6246)->(30,29,26.1425)->(30,30,26.7103)->(30,31,27.3925)->(30,32,28.7103)->(30,33,30.9246)->(31,33,33.1388)->(32,33,34.4726)->(33,33,35.301)->(34,33,36.6349)->(35,33,39.1842)->(35,34,41.7334)->(35,35,43.0513)->(35,36,43.7334)->(35,37,44.3013)->(35,38,44.8192)->(35,39,45.3192)->(35,40,45.8192)->(35,41,46.3192)->(35,42,46.8192)->(35,43,47.3192)->(35,44,47.8192)->(35,45,48.3192)->(35,46,48.8192)->(35,47,49.3192)->(35,48,49.8192)->(35,49,50.3192)->(35,50,50.8192)->(35,51,51.3192)->(35,52,51.8192)->(35,53,52.3372)->(35,54,52.905)->(35,55,53.5872)->(35,56,54.905)->(35,57,5027.16)->
Agent 98:(40,48,2.61421)->(40,47,5.61421)->(39,47,8.24264)->(38,47,9.65685)->(37,47,11.0711)->(36,47,13.6995)->(36,46,19.551)->(35,46,24.4309)->(34,46,25.7487)->(33,46,26.4405)->(32,46,27.0762)->(31,46,27.7679)->(30,46,29.0858)->(29,46,31.3)->(29,47,34.1)->(29,48,5017.05)->
Agent 99:(57,54,1.3)->(57,55,2.04949)->(57,56,4.04949)->(57,57,6.59949)->(56,57,9.11421)->(55,57,10.4321)->(54,57,11.1142)->(53,57,11.6821)->(52,57,12.2)->(51,57,12.7)->(50,57,13.2)->(49,57,13.7)->(48,57,14.2)->(47,57,14.7)->(46,57,15.2)->(45,57,15.7)->(44,57,16.2)->(43,57,16.7179)->(42,57,17.2858)->(41,57,17.9679)->(40,57,19.2858)->(39,57,21.9142)->(39,56,25.5142)->(38,56,28.1426)->(37,56,29.5569)->(36,56,30.9711)->(35,56,33.1853)->(35,55,35.3995)->(35,54,36.7173)->(35,53,37.3995)->(35,52,37.9673)->(35,51,38.4853)->(35,50,38.9853)->(35,49,39.5032)->(35,48,40.0711)->(35,47,40.7532)->(35,46,42.0711)->(35,45,44.2853)->(34,45,46.4995)->(33,45,47.8173)->(32,45,48.5494)->(31,45,49.2814)->(30,45,50.5993)->(29,45,52.8135)->(29,44,55.0277)->(29,43,56.3455)->(29,42,57.0277)->(29,41,57.5955)->(29,40,58.1135)->(29,39,58.6135)->(29,38,59.1135)->(29,37,59.6135)->(29,36,60.1135)->(29,35,60.6135)->(29,34,61.1135)->(29,33,61.6135)->(29,32,62.1135)->(29,31,62.6135)->(29,30,63.1135)->(29,29,63.6314)->(29,28,64.1993)->(29,27,64.8814)->(29,26,66.1993)->(29,25,68.8277)->(30,25,72.4277)->(30,24,75.0561)->(30,23,76.374)->(30,22,77.0561)->(30,21,77.624)->(30,20,78.1419)->(30,19,78.6419)->(30,18,79.1419)->(30,17,79.6419)->(30,16,80.1419)->(30,15,80.6419)->(30,14,81.1419)->(30,13,81.6419)->(30,12,82.1419)->(30,11,82.6419)->(30,10,83.1419)->(30,9,83.6419)->(30,8,84.1419)->(30,7,84.6419)->(30,6,85.1419)->(30,5,85.6599)->(30,4,86.2277)->(30,3,86.9099)->(30,2,88.2277)->(30,1,90.4419)->(29,1,92.6914)->(28,1,94.6914)->(27,1,97.3551)->(27,0,5048.87)->
Agent 100:(57,20,1.3)->(57,21,2.01421)->(57,22,3.34806)->(57,23,4.17649)->(57,24,5.51034)->(57,25,8.27456)->(56,25,11.0388)->(55,25,12.3566)->(54,25,13.0388)->(53,25,13.6066)->(52,25,14.1246)->(51,25,14.6246)->(50,25,15.1246)->(49,25,15.6246)->(48,25,16.1246)->(47,25,16.6246)->(46,25,17.1246)->(45,25,17.6246)->(44,25,18.1246)->(43,25,18.6246)->(42,25,19.1246)->(41,25,19.6246)->(40,25,20.1246)->(39,25,20.6246)->(38,25,21.1246)->(37,25,21.6246)->(36,25,22.1246)->(35,25,22.6246)->(34,25,23.1246)->(33,25,23.6246)->(32,25,24.1246)->(31,25,24.6425)->(30,25,25.2103)->(29,25,25.8925)->(28,25,27.2103)->(27,25,29.8388)->(27,26,33.4388)->(26,26,36.0672)->(25,26,37.385)->(24,26,38.0672)->(23,26,38.635)->(22,26,39.153)->(21,26,39.653)->(20,26,40.153)->(19,26,40.653)->(18,26,41.153)->(17,26,41.653)->(16,26,42.153)->(15,26,42.653)->(14,26,43.1709)->(13,26,43.7388)->(12,26,44.4209)->(11,26,45.7388)->(10,26,48.3672)->(10,25,5024.38)->
Agent 101:(41,59,1.71421)->(41,60,4.61421)->(40,60,8.04264)->(39,60,9.36048)->(38,60,10.0426)->(37,60,10.6105)->(36,60,11.1284)->(35,60,11.6284)->(34,60,12.1284)->(33,60,12.6284)->(32,60,13.1284)->(31,60,13.6284)->(30,60,14.1284)->(29,60,14.6284)->(28,60,15.1284)->(27,60,15.6284)->(26,60,16.1284)->(25,60,16.6284)->(24,60,17.1284)->(23,60,17.6284)->(22,60,18.1284)->(21,60,18.6284)->(20,60,19.1284)->(19,60,19.6284)->(18,60,20.1284)->(17,60,20.6284)->(16,60,21.1284)->(15,60,21.6284)->(14,60,22.1284)->(13,60,22.6464)->(12,60,23.2142)->(11,60,23.8964)->(10,60,25.2142)->(9,60,27.8426)->(9,59,5014.11)->
Agent 102:(59,32,1.3)->(59,33,2.6)->(59,34,5.4)->(58,34,7.61421)->(57,34,8.93205)->(56,34,9.61421)->(55,34,10.1821)->(54,34,10.7)->(53,34,11.2)->(52,34,11.7)->(51,34,12.2)->(50,34,12.7)->(49,34,13.2)->(48,34,13.7)->(47,34,14.2)->(46,34,14.7)->(45,34,15.2)->(44,34,15.7179)->(43,34,16.2858)->(42,34,16.9679)->(41,34,18.2858)->(40,34,20.5)->(40,35,22.7142)->(40,36,24.0321)->(40,37,24.7142)->(40,38,25.2821)->(40,39,25.8)->(40,40,26.3)->(40,41,26.8)->(40,42,27.3)->(40,43,27.8)->(40,44,28.3)->(40,45,28.8)->(40,46,29.3)->(40,47,29.8)->(40,48,30.3179)->(40,49,30.8858)->(40,50,31.5679)->(40,51,32.8858)->(40,52,35.1)->(39,52,37.9)->(38,52,5018.95)->
Agent 103:(4,60,2.2)->(4,59,3.81421)->(4,58,5.13205)->(4,57,5.81421)->(4,56,6.38205)->(4,55,6.9)->(4,54,7.4)->(4,53,7.9)->(4,52,8.4)->(4,51,8.9)->(4,50,9.4)->(4,49,9.9)->(4,48,10.4)->(4,47,10.9)->(4,46,11.4179)->(4,45,11.9858)->(4,44,12.6679)->(4,43,13.9858)->(4,42,16.2)->(5,42,18.4142)->(6,42,19.7321)->(7,42,20.4142)->(8,42,20.9821)->(9,42,21.5)->(10,42,22)->(11,42,22.5)->(12,42,23)->(13,42,23.5)->(14,42,24)->(15,42,24.5)->(16,42,25)->(17,42,25.5)->(18,42,26)->(19,42,26.5)->(20,42,27)->(21,42,27.5)->(22,42,28)->(23,42,28.5)->(24,42,29)->(25,42,29.5)->(26,42,30)->(27,42,30.5)->(28,42,31)->(29,42,31.5)->(30,42,32)->(31,42,32.5)->(32,42,33)->(33,42,33.5179)->(34,42,34.0858)->(35,42,34.7679)->(36,42,36.0858)->(37,42,38.3)->(37,41,40.5142)->(37,40,41.8321)->(37,39,42.5641)->(37,38,43.2962)->(37,37,44.614)->(37,36,46.8282)->(38,36,49.0424)->(39,36,50.4566)->(40,36,51.8708)->(41,36,54.0851)->(41,35,56.2993)->(41,34,57.6171)->(41,33,58.2993)->(41,32,58.8671)->(41,31,59.3851)->(41,30,59.8851)->(41,29,60.3851)->(41,28,60.8851)->(41,27,61.3851)->(41,26,61.8851)->(41,25,62.403)->(41,24,62.9708)->(41,23,63.653)->(41,22,64.9708)->(41,21,5032.19)->
Agent 104:(7,22,1.3)->(7,23,2.01421)->(7,24,3.33205)->(7,25,4.0641)->(7,26,4.79615)->(7,27,6.11399)->(7,28,8.74242)->(6,28,12.3424)->(6,29,14.9708)->(6,30,16.2887)->(6,31,16.9708)->(6,32,17.5387)->(6,33,18.0566)->(6,34,18.5566)->(6,35,19.0566)->(6,36,19.5746)->(6,37,20.1424)->(6,38,20.8246)->(6,39,22.1424)->(6,40,56.8484)->(5,40,91.5544)->(4,40,92.9686)->(3,40,94.3828)->(2,40,5046.9)->
Agent 105:(56,58,2.2)->(56,57,3.81421)->(56,56,5.13205)->(56,55,5.81421)->(56,54,6.38205)->(56,53,6.9)->(56,52,7.4)->(56,51,7.9)->(56,50,8.4)->(56,49,8.91795)->(56,48,9.48579)->(56,47,10.1679)->(56,46,11.4858)->(56,45,14.1142)->(57,45,17.7142)->(57,44,20.3426)->(57,43,21.6605)->(57,42,22.3426)->(57,41,22.9105)->(57,40,23.4284)->(57,39,23.9284)->(57,38,24.4284)->(57,37,24.9284)->(57,36,25.4284)->(57,35,25.9284)->(57,34,26.4284)->(57,33,26.9284)->(57,32,27.4284)->(57,31,27.9284)->(57,30,28.4284)->(57,29,28.9284)->(57,28,29.4284)->(57,27,29.9284)->(57,26,30.4284)->(57,25,30.9284)->(57,24,31.4284)->(57,23,31.9464)->(57,22,32.5142)->(57,21,33.1964)->(57,20,34.5142)->(57,19,37.1426)->(58,19,40.7426)->(58,18,43.3711)->(58,17,44.6889)->(58,16,45.3711)->(58,15,45.9389)->(58,14,46.4569)->(58,13,46.9569)->(58,12,47.4569)->(58,11,47.9569)->(58,10,48.4569)->(58,9,48.9569)->(58,8,49.4569)->(58,7,49.9569)->(58,6,50.4569)->(58,5,50.9748)->(58,4,51.5426)->(58,3,52.2248)->(58,2,53.5426)->(58,1,55.7569)->(57,1,57.9711)->(56,1,59.2889)->(55,1,59.9711)->(54,1,60.5389)->(53,1,61.0569)->(52,1,61.5569)->(51,1,62.0569)->(50,1,62.5569)->(49,1,63.0569)->(48,1,63.5569)->(47,1,64.0569)->(46,1,64.5569)->(45,1,65.0569)->(44,1,65.5569)->(43,1,66.0569)->(42,1,66.5569)->(41,1,67.0569)->(40,1,67.5569)->(39,1,68.0569)->(38,1,68.5569)->(37,1,69.0569)->(36,1,69.5569)->(35,1,70.0569)->(34,1,70.5569)->(33,1,71.0569)->(32,1,71.5569)->(31,1,72.0569)->(30,1,72.5569)->(29,1,73.0569)->(28,1,73.5569)->(27,1,74.0569)->(26,1,74.5569)->(25,1,75.0569)->(24,1,75.5569)->(23,1,76.0569)->(22,1,76.5569)->(21,1,77.0569)->(20,1,77.5569)->(19,1,78.0569)->(18,1,78.5569)->(17,1,79.0748)->(16,1,79.6426)->(15,1,80.3248)->(14,1,81.6426)->(13,1,83.8569)->(13,2,86.1063)->(13,3,88.1063)->(13,4,5043.78)->
Agent 106:(49,58,1.8)->(48,58,3.01421)->(47,58,4.33205)->(46,58,5.01421)->(45,58,5.58205)->(44,58,6.1)->(43,58,6.6)->(42,58,7.11795)->(41,58,7.68579)->(40,58,8.36795)->(39,58,9.68579)->(38,58,11.9)->(38,57,14.1142)->(38,56,15.4321)->(38,55,16.1142)->(38,54,16.6821)->(38,53,17.2)->(38,52,17.7)->(38,51,18.2179)->(38,50,18.7858)->(38,49,19.4679)->(38,48,20.7858)->(38,47,23.35)->(37,47,25.9142)->(36,47,27.2321)->(35,47,27.9142)->(34,47,28.4821)->(33,47,29)->(32,47,29.5)->(31,47,30)->(30,47,30.5)->(29,47,31.0179)->(28,47,31.5858)->(27,47,32.2679)->(26,47,33.5858)->(25,47,35.8)->(25,46,38.0142)->(25,45,39.3321)->(25,44,40.0142)->(25,43,40.5821)->(25,42,41.1)->(25,41,41.6)->(25,40,42.1)->(25,39,42.6)->(25,38,43.1)->(25,37,43.6)->(25,36,44.1)->(25,35,44.6)->(25,34,45.1)->(25,33,45.6)->(25,32,46.1)->(25,31,46.6)->(25,30,47.1)->(25,29,47.6)->(25,28,48.1179)->(25,27,48.6858)->(25,26,49.3679)->(25,25,50.6858)->(25,24,52.9)->(24,24,55.1142)->(23,24,56.4481)->(22,24,57.2765)->(21,24,58.6103)->(20,24,5029.01)->
Agent 107:(36,50,2.4142)->(35,50,4.24261)->(34,50,5.56045)->(33,50,6.24261)->(32,50,6.81045)->(31,50,7.3284)->(30,50,7.8284)->(29,50,8.34635)->(28,50,8.91419)->(27,50,9.59635)->(26,50,10.9142)->(25,50,13.3123)->(25,49,15.7103)->(25,48,17.0282)->(25,47,17.7103)->(25,46,18.2782)->(25,45,18.7961)->(25,44,19.2961)->(25,43,19.7961)->(25,42,20.2961)->(25,41,20.7961)->(25,40,21.2961)->(25,39,21.7961)->(25,38,22.2961)->(25,37,22.7961)->(25,36,23.2961)->(25,35,23.7961)->(25,34,24.2961)->(25,33,24.7961)->(25,32,25.2961)->(25,31,25.7961)->(25,30,26.2961)->(25,29,26.7961)->(25,28,27.2961)->(25,27,27.7961)->(25,26,28.2961)->(25,25,28.8141)->(25,24,29.3819)->(25,23,30.0641)->(25,22,31.3819)->(25,21,34.0103)->(24,21,5017.2)->
Agent 108:(57,45,2.33205)->(57,44,4.07832)->(57,43,5.39615)->(57,42,6.07832)->(57,41,6.64615)->(57,40,7.1641)->(57,39,7.6641)->(57,38,8.1641)->(57,37,8.6641)->(57,36,9.1641)->(57,35,9.6641)->(57,34,10.1821)->(57,33,10.7499)->(57,32,11.4321)->(57,31,12.7499)->(57,30,14.9641)->(58,30,17.2136)->(59,30,19.2136)->(60,30,5009.33)->
Agent 109:(28,6,1.50783)->(28,7,2.42988)->(28,8,3.74772)->(28,9,4.43948)->(28,10,5.07516)->(28,11,5.76693)->(28,12,7.08477)->(28,13,9.29898)->(29,13,11.5132)->(30,13,12.831)->(31,13,13.5132)->(32,13,14.081)->(33,13,14.599)->(34,13,15.099)->(35,13,15.599)->(36,13,16.099)->(37,13,16.599)->(38,13,17.099)->(39,13,17.6169)->(40,13,18.1848)->(41,13,18.8669)->(42,13,20.1848)->(43,13,22.8132)->(43,12,5011.6)->
