Agent 0:(37,53,1.71421)->(37,54,3.81421)->(36,54,6.44264)->(35,54,7.77649)->(34,54,8.60492)->(33,54,9.93877)->(32,54,12.5672)->(32,53,16.1672)->(31,53,19.3814)->(30,53,23.6412)->(30,52,27.3505)->(30,51,29.3505)->(30,50,5014.4)->
Agent 1:(35,50,1.3)->(35,51,2.01421)->(35,52,3.33205)->(35,53,4.01421)->(35,54,4.6)->(35,55,5.18579)->(35,56,5.86795)->(35,57,7.18579)->(35,58,17.5444)->(35,57,27.9031)->(35,56,29.2209)->(35,55,29.9031)->(35,54,30.4709)->(35,53,30.9889)->(35,52,31.4889)->(35,51,31.9889)->(35,50,32.4889)->(35,49,32.9889)->(35,48,33.4889)->(35,47,33.9889)->(35,46,34.4889)->(35,45,34.9889)->(35,44,35.4889)->(35,43,36.0068)->(35,42,36.5747)->(35,41,37.2568)->(35,40,38.5747)->(35,39,40.7889)->(36,39,43.5889)->(37,39,46.3889)->(37,38,48.6031)->(37,37,49.9209)->(37,36,50.6031)->(37,35,51.1709)->(37,34,51.6889)->(37,33,52.1889)->(37,32,52.6889)->(37,31,53.1889)->(37,30,53.6889)->(37,29,54.1889)->(37,28,54.6889)->(37,27,55.1889)->(37,26,55.6889)->(37,25,56.1889)->(37,24,56.6889)->(37,23,57.1889)->(37,22,57.6889)->(37,21,58.1889)->(37,20,58.6889)->(37,19,59.1889)->(37,18,59.6889)->(37,17,60.1889)->(37,16,60.6889)->(37,15,61.1889)->(37,14,61.6889)->(37,13,62.1889)->(37,12,62.7068)->(37,11,63.2747)->(37,10,63.9568)->(37,9,65.2747)->(37,8,67.9031)->(38,8,71.5031)->(38,7,74.1315)->(38,6,75.5457)->(38,5,76.9599)->(38,4,79.5884)->(39,4,5039.99)->
Agent 2:(25,32,2.7359)->(26,32,4.88601)->(27,32,6.20385)->(28,32,6.88601)->(29,32,7.4718)->(30,32,8.05758)->(31,32,8.73975)->(32,32,10.0576)->(33,32,12.2718)->(33,31,14.486)->(33,30,15.9002)->(33,29,17.3144)->(33,28,19.5287)->(34,28,21.7429)->(35,28,23.0767)->(36,28,23.9051)->(37,28,25.239)->(38,28,27.8674)->(38,27,39.0908)->(39,27,49.3426)->(40,27,50.6605)->(41,27,51.3426)->(42,27,51.9105)->(43,27,52.4284)->(44,27,52.9284)->(45,27,53.4464)->(46,27,54.0142)->(47,27,54.6964)->(48,27,56.0142)->(49,27,5027.71)->
Agent 3:(10,4,2.21421)->(11,4,5.65)->(11,5,9.11421)->(11,6,10.4321)->(11,7,11.1142)->(11,8,11.6821)->(11,9,12.2)->(11,10,12.7)->(11,11,13.2)->(11,12,13.7)->(11,13,14.2)->(11,14,14.7)->(11,15,15.2)->(11,16,15.7)->(11,17,16.2)->(11,18,16.7)->(11,19,17.2)->(11,20,17.7)->(11,21,18.2)->(11,22,18.7)->(11,23,19.2)->(11,24,19.7179)->(11,25,20.2858)->(11,26,20.9679)->(11,27,22.2858)->(11,28,24.9142)->(10,28,28.5142)->(10,29,31.1426)->(10,30,32.4605)->(10,31,33.1426)->(10,32,33.7284)->(10,33,34.3142)->(10,34,34.9964)->(10,35,36.3142)->(10,36,38.9426)->(11,36,60.0944)->(11,37,80.8605)->(11,38,5040.43)->
Agent 4:(30,17,1.3)->(30,18,2.01421)->(30,19,3.33205)->(30,20,4.0641)->(30,21,4.79615)->(30,22,6.11399)->(30,23,10.0123)->(31,23,13.9106)->(32,23,15.2445)->(33,23,16.0729)->(34,23,17.4067)->(35,23,29.6284)->(34,23,41.8501)->(33,23,43.1679)->(32,23,43.8501)->(31,23,44.4179)->(30,23,44.9359)->(29,23,45.4359)->(28,23,45.9359)->(27,23,46.4359)->(26,23,46.9538)->(25,23,47.5217)->(24,23,48.2038)->(23,23,49.5217)->(22,23,5024.47)->
Agent 5:(47,26,2.2)->(47,25,3.81421)->(47,24,5.14806)->(47,23,5.97649)->(47,22,7.31034)->(47,21,9.52456)->(46,21,11.7388)->(45,21,13.0566)->(44,21,13.7388)->(43,21,14.3246)->(42,21,14.9103)->(41,21,15.5925)->(40,21,16.9103)->(39,21,19.5388)->(39,20,49.7549)->(39,21,5038.38)->
Agent 6:(11,48,1.3)->(11,49,2.01421)->(11,50,3.33205)->(11,51,4.01421)->(11,52,4.6)->(11,53,5.18579)->(11,54,5.86795)->(11,55,7.18579)->(11,56,11.2765)->(12,56,15.3672)->(13,56,16.685)->(14,56,17.3672)->(15,56,17.935)->(16,56,18.453)->(17,56,18.953)->(18,56,19.453)->(19,56,19.953)->(20,56,20.453)->(21,56,20.953)->(22,56,21.453)->(23,56,21.953)->(24,56,22.453)->(25,56,22.953)->(26,56,23.453)->(27,56,23.953)->(28,56,24.453)->(29,56,24.953)->(30,56,25.453)->(31,56,25.953)->(32,56,26.453)->(33,56,26.953)->(34,56,27.453)->(35,56,27.9709)->(36,56,28.5388)->(37,56,29.2209)->(38,56,30.5388)->(39,56,32.753)->(39,57,34.9672)->(39,58,36.3814)->(39,59,37.7956)->(39,60,5018.6)->
Agent 7:(63,50,2.61421)->(63,49,11.4358)->(62,49,19.8858)->(61,49,21.2036)->(60,49,21.8858)->(59,49,22.4536)->(58,49,22.9716)->(57,49,23.4716)->(56,49,23.9716)->(55,49,24.4716)->(54,49,24.9716)->(53,49,25.4716)->(52,49,25.9716)->(51,49,26.4716)->(50,49,26.9716)->(49,49,27.4716)->(48,49,27.9716)->(47,49,28.4716)->(46,49,28.9716)->(45,49,29.4716)->(44,49,29.9716)->(43,49,30.4716)->(42,49,30.9716)->(41,49,31.4716)->(40,49,31.9716)->(39,49,32.4895)->(38,49,33.0574)->(37,49,33.7395)->(36,49,35.0574)->(35,49,42.1941)->(35,48,49.3309)->(35,47,50.6487)->(35,46,51.3405)->(35,45,51.9762)->(35,44,52.6679)->(35,43,53.9858)->(35,42,56.2)->(34,42,58.4142)->(33,42,59.7321)->(32,42,60.4142)->(31,42,60.9821)->(30,42,61.5)->(29,42,62)->(28,42,62.5)->(27,42,63)->(26,42,63.5)->(25,42,64)->(24,42,64.5)->(23,42,65)->(22,42,65.5)->(21,42,66)->(20,42,66.5)->(19,42,67)->(18,42,67.5)->(17,42,68.0179)->(16,42,68.5858)->(15,42,69.2679)->(14,42,70.5858)->(13,42,73.2142)->(13,43,5036.8)->
Agent 8:(41,20,2.2)->(41,19,3.81421)->(41,18,5.22843)->(41,17,6.64264)->(41,16,8.85685)->(40,16,11.0711)->(39,16,12.3889)->(38,16,13.0807)->(37,16,13.7163)->(36,16,14.4081)->(35,16,15.726)->(34,16,17.9402)->(34,15,20.1544)->(34,14,21.4722)->(34,13,22.164)->(34,12,22.7997)->(34,11,23.4914)->(34,10,24.8093)->(34,9,27.0235)->(33,9,29.2377)->(32,9,30.5555)->(31,9,31.2876)->(30,9,32.0196)->(29,9,33.3375)->(28,9,35.5517)->(28,8,37.7659)->(28,7,39.0998)->(28,6,39.9282)->(28,5,41.262)->(28,4,43.8905)->(27,4,5022.14)->
Agent 9:(27,52,2.2)->(27,51,3.81421)->(27,50,5.13205)->(27,49,5.81421)->(27,48,6.38205)->(27,47,6.9)->(27,46,7.4)->(27,45,7.91795)->(27,44,8.48579)->(27,43,9.16795)->(27,42,10.4858)->(27,41,13.1142)->(28,41,5006.75)->
Agent 10:(39,39,3.51421)->(40,39,6.44264)->(41,39,7.76048)->(42,39,8.44264)->(43,39,9.02843)->(44,39,9.61421)->(45,39,10.2964)->(46,39,11.6142)->(47,39,13.8284)->(47,40,16.0426)->(47,41,17.3765)->(47,42,18.2049)->(47,43,19.5388)->(47,44,22.1672)->(46,44,28.2191)->(47,44,5015.53)->
Agent 11:(35,46,3.30194)->(35,47,6.01809)->(35,48,7.35194)->(35,49,8.18036)->(35,50,9.51421)->(35,51,14.9163)->(34,51,20.3185)->(33,51,21.6363)->(32,51,22.3185)->(31,51,22.8863)->(30,51,23.4043)->(29,51,23.9043)->(28,51,24.4043)->(27,51,24.9043)->(26,51,25.4043)->(25,51,25.9043)->(24,51,26.4222)->(23,51,26.9901)->(22,51,27.6722)->(21,51,28.9901)->(20,51,33.1021)->(20,50,37.2495)->(20,49,39.2495)->(20,48,42.5118)->(19,48,45.7388)->(18,48,47.0566)->(17,48,47.7388)->(16,48,48.3066)->(15,48,48.8246)->(14,48,49.3246)->(13,48,49.8246)->(12,48,50.3246)->(11,48,50.8246)->(10,48,51.3425)->(9,48,51.9103)->(8,48,52.5925)->(7,48,53.9103)->(6,48,56.5388)->(6,49,5028.46)->
Agent 12:(35,31,2.26421)->(35,30,3.94264)->(35,29,5.26048)->(35,28,5.94264)->(35,27,6.51048)->(35,26,7.04638)->(35,25,7.61421)->(35,24,8.29638)->(35,23,9.61421)->(35,22,13.0963)->(34,22,16.5783)->(33,22,17.8962)->(32,22,18.5783)->(31,22,19.1462)->(30,22,19.6821)->(29,22,20.2499)->(28,22,20.9321)->(27,22,22.2499)->(26,22,24.4641)->(26,21,26.6783)->(26,20,27.9962)->(26,19,28.6879)->(26,18,29.3236)->(26,17,30.0154)->(26,16,31.3332)->(26,15,33.9616)->(25,15,37.9758)->(25,14,41.9901)->(24,14,44.6538)->(23,14,46.6538)->(22,14,48.9033)->(22,13,51.1175)->(22,12,52.4353)->(22,11,53.1175)->(22,10,53.6853)->(22,9,54.2033)->(22,8,54.7033)->(22,7,55.2033)->(22,6,55.7033)->(22,5,56.2033)->(22,4,56.7212)->(22,3,57.289)->(22,2,57.9712)->(22,1,59.289)->(22,0,61.9175)->(21,0,5031.15)->
Agent 13:(61,10,3.21421)->(61,11,5.84264)->(61,12,7.16048)->(61,13,7.84264)->(61,14,8.41048)->(61,15,8.92843)->(61,16,9.42843)->(61,17,9.92843)->(61,18,10.4284)->(61,19,10.9464)->(61,20,11.5142)->(61,21,12.1964)->(61,22,13.5142)->(61,23,15.7284)->(60,23,17.9426)->(59,23,19.3569)->(58,23,20.7711)->(57,23,28.3569)->(57,24,35.9426)->(57,25,37.2605)->(57,26,37.9426)->(57,27,38.5105)->(57,28,39.0284)->(57,29,39.5284)->(57,30,40.0284)->(57,31,40.5284)->(57,32,41.0284)->(57,33,41.5284)->(57,34,42.0284)->(57,35,42.5284)->(57,36,43.0284)->(57,37,43.5284)->(57,38,44.0284)->(57,39,44.5284)->(57,40,45.0284)->(57,41,45.5464)->(57,42,46.1142)->(57,43,46.7964)->(57,44,48.1142)->(57,45,50.7426)->(56,45,54.3426)->(56,46,56.9711)->(56,47,58.3853)->(56,48,59.7995)->(56,49,62.0137)->(55,49,64.2279)->(54,49,65.5458)->(53,49,66.2279)->(52,49,66.7958)->(51,49,67.3137)->(50,49,67.8137)->(49,49,68.3137)->(48,49,68.8137)->(47,49,69.3137)->(46,49,69.8137)->(45,49,70.3137)->(44,49,70.8137)->(43,49,71.3137)->(42,49,71.8137)->(41,49,72.3137)->(40,49,72.8137)->(39,49,73.3137)->(38,49,73.8317)->(37,49,74.3995)->(36,49,75.0817)->(35,49,76.3995)->(34,49,78.6137)->(34,50,80.8279)->(34,51,82.1458)->(34,52,82.8375)->(34,53,83.4732)->(34,54,84.165)->(34,55,85.4828)->(34,56,87.697)->(33,56,89.9112)->(32,56,91.2291)->(31,56,91.9112)->(30,56,92.4791)->(29,56,93.015)->(28,56,93.5828)->(27,56,94.265)->(26,56,95.5828)->(25,56,98.2112)->(25,57,5049.3)->
Agent 14:(59,44,2.2)->(59,43,3.81421)->(59,42,5.13205)->(59,41,5.81421)->(59,40,6.4)->(59,39,6.98579)->(59,38,7.66795)->(59,37,8.98579)->(59,36,11.5926)->(58,36,14.1995)->(57,36,15.5173)->(56,36,16.1995)->(55,36,16.7673)->(54,36,17.2853)->(53,36,17.7853)->(52,36,18.2853)->(51,36,18.7853)->(50,36,19.2853)->(49,36,19.7853)->(48,36,20.3032)->(47,36,20.8711)->(46,36,21.5532)->(45,36,22.8711)->(44,36,25.0853)->(44,35,27.2995)->(44,34,28.6173)->(44,33,29.2995)->(44,32,29.8853)->(44,31,30.4711)->(44,30,31.1532)->(44,29,32.4711)->(44,28,34.6853)->(43,28,36.8995)->(42,28,38.2173)->(41,28,38.9091)->(40,28,39.5448)->(39,28,40.2365)->(38,28,41.5544)->(37,28,44.4343)->(37,27,47.3142)->(37,26,48.6321)->(37,25,49.3142)->(37,24,49.8821)->(37,23,50.4)->(37,22,50.9)->(37,21,51.4)->(37,20,51.9)->(37,19,52.4)->(37,18,52.9)->(37,17,53.4)->(37,16,53.9)->(37,15,54.4)->(37,14,54.9)->(37,13,55.4179)->(37,12,55.9858)->(37,11,56.6679)->(37,10,57.9858)->(37,9,60.2)->(38,9,62.4495)->(39,9,64.4495)->(40,9,66.699)->(40,8,68.9485)->(40,7,70.9485)->(40,6,74.0485)->(39,6,77.1132)->(38,6,78.431)->(37,6,79.1132)->(36,6,79.681)->(35,6,80.199)->(34,6,80.699)->(33,6,81.199)->(32,6,81.699)->(31,6,82.199)->(30,6,82.699)->(29,6,83.199)->(28,6,83.699)->(27,6,84.199)->(26,6,84.699)->(25,6,85.199)->(24,6,85.699)->(23,6,86.2169)->(22,6,86.7848)->(21,6,87.4669)->(20,6,88.7848)->(19,6,91.4132)->(19,5,95.0132)->(18,5,98.2274)->(17,5,101.027)->(17,6,103.827)->(17,7,5051.91)->
Agent 15:(7,35,2.2)->(7,34,3.81421)->(7,33,5.14806)->(7,32,5.97649)->(7,31,7.31034)->(7,30,9.52456)->(8,30,11.7388)->(9,30,13.0566)->(10,30,13.7388)->(11,30,14.3066)->(12,30,14.8246)->(13,30,15.3246)->(14,30,15.8246)->(15,30,16.3246)->(16,30,16.8425)->(17,30,17.4103)->(18,30,18.0925)->(19,30,19.4103)->(20,30,21.6246)->(20,29,23.8388)->(20,28,25.253)->(20,27,26.6672)->(20,26,29.2956)->(21,26,32.8956)->(21,25,35.5241)->(21,24,36.8419)->(21,23,37.5739)->(21,22,38.306)->(21,21,39.6238)->(21,20,41.838)->(22,20,44.0523)->(23,20,45.3701)->(24,20,46.0523)->(25,20,46.6201)->(26,20,47.138)->(27,20,47.638)->(28,20,48.138)->(29,20,48.656)->(30,20,49.2238)->(31,20,49.906)->(32,20,51.2238)->(33,20,53.8523)->(33,21,57.8665)->(34,21,62.2949)->(34,20,5031.55)->
Agent 16:(11,40,1.8)->(10,40,3.6)->(9,40,6.4)->(9,39,8.61421)->(9,38,10.0284)->(9,37,11.4426)->(9,36,5005.43)->
Agent 17:(42,11,2.4142)->(41,11,4.24261)->(40,11,5.57646)->(39,11,6.40489)->(38,11,7.73874)->(37,11,9.95296)->(37,12,12.1672)->(37,13,13.485)->(37,14,14.1672)->(37,15,14.735)->(37,16,15.253)->(37,17,15.753)->(37,18,16.253)->(37,19,16.753)->(37,20,17.253)->(37,21,17.753)->(37,22,18.253)->(37,23,18.753)->(37,24,19.253)->(37,25,19.753)->(37,26,20.2709)->(37,27,20.8387)->(37,28,21.5209)->(37,29,22.8387)->(37,30,25.053)->(36,30,27.2672)->(35,30,28.585)->(34,30,29.2672)->(33,30,29.835)->(32,30,30.353)->(31,30,30.853)->(30,30,31.353)->(29,30,31.853)->(28,30,32.353)->(27,30,32.853)->(26,30,33.353)->(25,30,33.853)->(24,30,34.353)->(23,30,34.853)->(22,30,35.353)->(21,30,35.8709)->(20,30,36.4387)->(19,30,37.1209)->(18,30,38.4387)->(17,30,40.653)->(17,31,42.8672)->(17,32,44.185)->(17,33,44.8672)->(17,34,45.435)->(17,35,45.953)->(17,36,46.453)->(17,37,46.9709)->(17,38,47.5387)->(17,39,48.2209)->(17,40,49.5387)->(17,41,52.1672)->(18,41,5026.28)->
Agent 18:(33,24,1.3)->(33,25,2.6)->(33,26,5.4)->(32,26,7.61421)->(31,26,8.93205)->(30,26,9.62382)->(29,26,10.2595)->(28,26,10.9513)->(27,26,12.2691)->(26,26,14.4833)->(26,27,16.6975)->(26,28,18.0154)->(26,29,18.6975)->(26,30,19.2654)->(26,31,19.7833)->(26,32,20.2833)->(26,33,20.7833)->(26,34,21.2833)->(26,35,21.7833)->(26,36,22.2833)->(26,37,22.7833)->(26,38,23.2833)->(26,39,23.7833)->(26,40,24.2833)->(26,41,24.8013)->(26,42,25.3691)->(26,43,26.0513)->(26,44,27.3691)->(26,45,29.9975)->(25,45,33.5975)->(25,46,36.226)->(25,47,37.5598)->(25,48,38.3882)->(25,49,39.7221)->(25,50,42.3505)->(26,50,45.9505)->(26,51,48.5789)->(26,52,49.8968)->(26,53,50.5789)->(26,54,51.1468)->(26,55,51.6647)->(26,56,52.1647)->(26,57,52.6647)->(26,58,53.1827)->(26,59,53.7505)->(26,60,54.4327)->(26,61,55.7505)->(26,62,57.9647)->(27,62,60.7647)->(28,62,5030.38)->
Agent 19:(40,53,4.05)->(40,52,7.51421)->(40,51,8.84806)->(40,50,9.67649)->(40,49,11.0103)->(40,48,13.2246)->(41,48,15.4388)->(42,48,16.7726)->(43,48,17.601)->(44,48,18.9349)->(45,48,21.1491)->(45,47,23.3633)->(45,46,24.6812)->(45,45,25.3633)->(45,44,25.9312)->(45,43,26.4491)->(45,42,26.9491)->(45,41,27.4491)->(45,40,27.9671)->(45,39,28.5349)->(45,38,29.2171)->(45,37,30.5349)->(45,36,32.7491)->(46,36,35.5491)->(47,36,38.3491)->(47,35,40.5633)->(47,34,41.8812)->(47,33,42.5633)->(47,32,43.1312)->(47,31,43.6491)->(47,30,44.1491)->(47,29,44.6491)->(47,28,45.1491)->(47,27,45.6491)->(47,26,46.1491)->(47,25,46.6491)->(47,24,47.1491)->(47,23,47.6491)->(47,22,48.1491)->(47,21,48.6491)->(47,20,49.1491)->(47,19,49.6491)->(47,18,50.1491)->(47,17,50.6671)->(47,16,51.2349)->(47,15,51.9171)->(47,14,53.2349)->(47,13,55.4491)->(48,13,57.6633)->(49,13,58.9812)->(50,13,59.6729)->(51,13,60.3086)->(52,13,61.0004)->(53,13,62.3182)->(54,13,64.5324)->(54,12,67.3324)->(54,11,5033.67)->
Agent 20:(21,34,1.71421)->(21,35,10.4417)->(22,35,19.6975)->(23,35,21.0154)->(24,35,21.6975)->(25,35,22.2654)->(26,35,22.7833)->(27,35,23.2833)->(28,35,23.7833)->(29,35,24.2833)->(30,35,24.7833)->(31,35,25.2833)->(32,35,25.7833)->(33,35,26.2833)->(34,35,26.7833)->(35,35,27.2833)->(36,35,27.7833)->(37,35,28.2833)->(38,35,28.7833)->(39,35,29.2833)->(40,35,29.8013)->(41,35,30.3691)->(42,35,31.0513)->(43,35,32.3691)->(44,35,34.9975)->(44,36,38.5975)->(45,36,41.226)->(46,36,42.5438)->(47,36,43.226)->(48,36,43.7938)->(49,36,44.3117)->(50,36,44.8117)->(51,36,45.3117)->(52,36,45.8117)->(53,36,46.3117)->(54,36,46.8117)->(55,36,47.3297)->(56,36,47.8975)->(57,36,48.5797)->(58,36,49.8975)->(59,36,52.1117)->(59,37,54.326)->(59,38,55.6438)->(59,39,56.326)->(59,40,56.8938)->(59,41,57.4117)->(59,42,57.9117)->(59,43,58.4117)->(59,44,58.9117)->(59,45,59.4117)->(59,46,59.9117)->(59,47,60.4117)->(59,48,60.9117)->(59,49,61.4117)->(59,50,61.9297)->(59,51,62.4975)->(59,52,63.1797)->(59,53,64.4975)->(59,54,66.7117)->(60,54,69.5117)->(61,54,5034.76)->
Agent 21:(22,49,2.2)->(22,48,4.4)->(22,47,7.2)->(23,47,9.41421)->(24,47,10.7321)->(25,47,11.4238)->(26,47,12.0595)->(27,47,12.7513)->(28,47,14.0691)->(29,47,16.2833)->(29,46,18.4975)->(29,45,19.8154)->(29,44,20.4975)->(29,43,21.0654)->(29,42,21.5833)->(29,41,22.0833)->(29,40,22.6013)->(29,39,23.1691)->(29,38,23.8513)->(29,37,25.1691)->(29,36,28.4776)->(30,36,31.786)->(31,36,33.1038)->(32,36,33.8359)->(33,36,34.5679)->(34,36,35.8858)->(35,36,38.1)->(35,35,40.3495)->(35,34,42.3495)->(35,33,47.5778)->(35,34,53.3566)->(35,35,5026.68)->
Agent 22:(9,39,1.8)->(10,39,3.04949)->(11,39,5.04949)->(12,39,10.8054)->(12,40,16.526)->(12,41,17.8438)->(12,42,18.526)->(12,43,19.0938)->(12,44,19.6117)->(12,45,20.1117)->(12,46,20.6117)->(12,47,21.1117)->(12,48,21.6117)->(12,49,22.1117)->(12,50,22.6297)->(12,51,23.1975)->(12,52,23.8797)->(12,53,25.1975)->(12,54,5012.31)->
Agent 23:(60,1,1.3)->(60,2,2.01421)->(60,3,3.33205)->(60,4,4.01421)->(60,5,4.58205)->(60,6,5.1)->(60,7,5.6)->(60,8,6.1)->(60,9,6.6)->(60,10,7.1)->(60,11,7.6)->(60,12,8.1)->(60,13,8.6)->(60,14,9.1)->(60,15,9.6)->(60,16,10.1)->(60,17,10.6)->(60,18,11.1)->(60,19,11.6)->(60,20,12.1179)->(60,21,12.6858)->(60,22,13.3679)->(60,23,14.6858)->(60,24,16.9)->(59,24,19.7)->(58,24,5009.85)->
Agent 24:(20,28,1.3)->(20,29,2.01421)->(20,30,3.33205)->(20,31,4.02382)->(20,32,4.65949)->(20,33,5.35126)->(20,34,6.6691)->(20,35,15.1059)->(21,35,23.5426)->(22,35,24.8605)->(23,35,25.5426)->(24,35,26.1105)->(25,35,26.6284)->(26,35,27.1284)->(27,35,27.6284)->(28,35,28.1284)->(29,35,28.6284)->(30,35,29.1284)->(31,35,29.6284)->(32,35,30.1284)->(33,35,30.6284)->(34,35,31.1284)->(35,35,31.6284)->(36,35,32.1464)->(37,35,32.7142)->(38,35,33.3964)->(39,35,34.7142)->(40,35,36.9284)->(40,36,39.1426)->(40,37,40.4605)->(40,38,41.1426)->(40,39,41.7105)->(40,40,42.2284)->(40,41,42.7284)->(40,42,43.2284)->(40,43,43.7284)->(40,44,44.2284)->(40,45,44.7464)->(40,46,45.3142)->(40,47,45.9964)->(40,48,47.3142)->(40,49,49.5284)->(41,49,51.7426)->(42,49,53.0605)->(43,49,53.7426)->(44,49,54.3105)->(45,49,54.8284)->(46,49,55.3464)->(47,49,55.9142)->(48,49,56.5964)->(49,49,57.9142)->(50,49,60.5426)->(50,50,66.0353)->(50,49,5034.16)->
Agent 25:(59,0,1.71421)->(59,1,16.8265)->(58,1,32.4672)->(57,1,33.785)->(56,1,34.4672)->(55,1,35.035)->(54,1,35.553)->(53,1,36.053)->(52,1,36.553)->(51,1,37.053)->(50,1,37.553)->(49,1,38.053)->(48,1,38.553)->(47,1,39.053)->(46,1,39.553)->(45,1,40.053)->(44,1,40.553)->(43,1,41.053)->(42,1,41.553)->(41,1,42.053)->(40,1,42.553)->(39,1,43.053)->(38,1,43.553)->(37,1,44.053)->(36,1,44.553)->(35,1,45.053)->(34,1,45.553)->(33,1,46.053)->(32,1,46.5709)->(31,1,47.1388)->(30,1,47.8209)->(29,1,49.1388)->(28,1,51.353)->(28,2,53.5672)->(28,3,54.885)->(28,4,55.5672)->(28,5,56.135)->(28,6,56.653)->(28,7,57.153)->(28,8,57.653)->(28,9,58.153)->(28,10,58.6709)->(28,11,59.2388)->(28,12,59.9209)->(28,13,61.2388)->(28,14,5030.33)->
Agent 26:(18,55,1.8)->(19,55,3.01421)->(20,55,4.33205)->(21,55,5.0641)->(22,55,5.79615)->(23,55,7.11399)->(24,55,9.3282)->(24,56,12.1282)->(24,57,15.8924)->(25,57,19.0708)->(26,57,20.3887)->(27,57,21.0708)->(28,57,21.6387)->(29,57,22.1566)->(30,57,22.6566)->(31,57,23.1566)->(32,57,23.6566)->(33,57,24.1566)->(34,57,24.6566)->(35,57,25.1566)->(36,57,25.6566)->(37,57,26.1566)->(38,57,26.6566)->(39,57,27.1566)->(40,57,27.6566)->(41,57,28.1566)->(42,57,28.6566)->(43,57,29.1566)->(44,57,29.6566)->(45,57,30.1566)->(46,57,30.6566)->(47,57,31.1566)->(48,57,31.6566)->(49,57,32.1566)->(50,57,32.6566)->(51,57,33.1566)->(52,57,33.6746)->(53,57,34.2424)->(54,57,34.9246)->(55,57,36.2424)->(56,57,38.8708)->(56,56,5019.63)->
Agent 27:(51,4,2.21421)->(50,4,6.80587)->(50,5,11.426)->(50,6,12.7438)->(50,7,13.426)->(50,8,13.9938)->(50,9,14.5117)->(50,10,15.0117)->(50,11,15.5117)->(50,12,16.0117)->(50,13,16.5117)->(50,14,17.0117)->(50,15,17.5297)->(50,16,18.0975)->(50,17,18.7797)->(50,18,20.0975)->(50,19,5009.76)->
Agent 28:(27,48,2.2)->(27,47,3.81421)->(27,46,5.13205)->(27,45,5.81421)->(27,44,6.38205)->(27,43,6.9)->(27,42,7.4)->(27,41,7.9)->(27,40,8.4)->(27,39,8.9)->(27,38,9.4)->(27,37,9.9)->(27,36,10.4)->(27,35,10.9179)->(27,34,11.4858)->(27,33,12.1679)->(27,32,13.4858)->(27,31,16.4642)->(28,31,19.4426)->(29,31,20.7605)->(30,31,21.4426)->(31,31,22.0105)->(32,31,22.5284)->(33,31,23.0284)->(34,31,23.5284)->(35,31,24.0284)->(36,31,24.5284)->(37,31,25.0464)->(38,31,25.6142)->(39,31,26.2964)->(40,31,27.6142)->(41,31,29.8284)->(41,30,32.0426)->(41,29,33.3765)->(41,28,34.2049)->(41,27,35.5388)->(41,26,37.753)->(42,26,39.9672)->(43,26,41.285)->(44,26,41.9672)->(45,26,42.535)->(46,26,43.053)->(47,26,43.553)->(48,26,44.053)->(49,26,44.5709)->(50,26,45.1388)->(51,26,45.8209)->(52,26,47.1388)->(53,26,49.7672)->(53,25,53.3672)->(54,25,55.9956)->(55,25,57.3135)->(56,25,58.0052)->(57,25,58.6409)->(58,25,59.3327)->(59,25,60.6505)->(60,25,62.8647)->(60,26,65.6647)->(60,27,5032.83)->
Agent 29:(47,13,1.71421)->(47,14,3.81421)->(48,14,6.44264)->(49,14,7.76048)->(50,14,8.44264)->(51,14,9.01048)->(52,14,9.52843)->(53,14,10.0464)->(54,14,10.6142)->(55,14,11.2964)->(56,14,12.6142)->(57,14,14.8284)->(57,13,17.0426)->(57,12,18.3605)->(57,11,19.0426)->(57,10,19.6105)->(57,9,20.1464)->(57,8,20.7142)->(57,7,21.3964)->(57,6,22.7142)->(57,5,5011.06)->
Agent 30:(15,34,2.21421)->(16,34,5.22843)->(16,35,13.0711)->(16,34,19.5279)->(16,33,20.8458)->(16,32,21.5279)->(16,31,22.0958)->(16,30,22.6137)->(16,29,23.1137)->(16,28,23.6137)->(16,27,24.1137)->(16,26,24.6137)->(16,25,25.1137)->(16,24,25.6137)->(16,23,26.1137)->(16,22,26.6137)->(16,21,27.1137)->(16,20,27.6137)->(16,19,28.1137)->(16,18,28.6137)->(16,17,29.1137)->(16,16,29.6137)->(16,15,30.1137)->(16,14,30.6137)->(16,13,31.1137)->(16,12,31.6137)->(16,11,32.1137)->(16,10,32.6137)->(16,9,33.1137)->(16,8,33.6137)->(16,7,34.1137)->(16,6,34.6137)->(16,5,35.1317)->(16,4,35.6995)->(16,3,36.3817)->(16,2,37.6995)->(16,1,40.3279)->(15,1,51.5871)->(16,1,61.8747)->(17,1,63.1925)->(18,1,63.8747)->(19,1,64.4425)->(20,1,64.9605)->(21,1,65.4605)->(22,1,65.9605)->(23,1,66.4605)->(24,1,66.9605)->(25,1,67.4605)->(26,1,67.9605)->(27,1,68.4605)->(28,1,68.9605)->(29,1,69.4605)->(30,1,69.9605)->(31,1,70.4605)->(32,1,70.9605)->(33,1,71.4605)->(34,1,71.9605)->(35,1,72.4605)->(36,1,72.9605)->(37,1,73.4605)->(38,1,73.9605)->(39,1,74.4605)->(40,1,74.9605)->(41,1,75.4605)->(42,1,75.9605)->(43,1,76.4605)->(44,1,76.9605)->(45,1,77.4605)->(46,1,77.9605)->(47,1,78.4605)->(48,1,78.9605)->(49,1,79.4605)->(50,1,79.9784)->(51,1,80.5462)->(52,1,81.2284)->(53,1,82.5462)->(54,1,5040.98)->
Agent 31:(57,36,1.8)->(56,36,3.01421)->(55,36,4.33205)->(54,36,5.0641)->(53,36,5.79615)->(52,36,7.11399)->(51,36,9.3282)->(51,37,11.5424)->(51,38,12.8603)->(51,39,13.5424)->(51,40,14.1103)->(51,41,14.6282)->(51,42,15.1282)->(51,43,15.6282)->(51,44,16.1282)->(51,45,16.6282)->(51,46,17.1282)->(51,47,17.6282)->(51,48,18.1282)->(51,49,18.6282)->(51,50,19.1462)->(51,51,19.714)->(51,52,20.3962)->(51,53,21.714)->(51,54,24.3424)->(52,54,27.9424)->(52,55,30.5708)->(52,56,31.8887)->(52,57,32.5708)->(52,58,33.1387)->(52,59,33.6746)->(52,60,34.2424)->(52,61,34.9246)->(52,62,36.2424)->(52,63,5017.83)->
Agent 32:(28,15,1.8)->(29,15,3.01421)->(30,15,4.33205)->(31,15,5.01421)->(32,15,5.58205)->(33,15,6.1)->(34,15,6.6)->(35,15,7.1)->(36,15,7.6)->(37,15,8.1)->(38,15,8.6)->(39,15,9.1)->(40,15,9.6)->(41,15,10.1)->(42,15,10.6)->(43,15,11.1179)->(44,15,11.6858)->(45,15,12.3679)->(46,15,13.6858)->(47,15,15.9179)->(47,16,18.1501)->(47,17,19.4679)->(47,18,20.1501)->(47,19,20.7179)->(47,20,21.2359)->(47,21,21.7359)->(47,22,22.2359)->(47,23,22.7359)->(47,24,23.2359)->(47,25,23.7359)->(47,26,24.2359)->(47,27,24.7359)->(47,28,25.2359)->(47,29,25.7359)->(47,30,26.2538)->(47,31,26.8217)->(47,32,27.5038)->(47,33,28.8217)->(47,34,31.5096)->(48,34,34.1975)->(49,34,35.6117)->(50,34,37.026)->(51,34,41.6612)->(51,35,46.2965)->(51,36,47.6143)->(51,37,48.2965)->(51,38,48.8643)->(51,39,49.3823)->(51,40,49.8823)->(51,41,50.3823)->(51,42,50.8823)->(51,43,51.3823)->(51,44,51.8823)->(51,45,52.3823)->(51,46,52.8823)->(51,47,53.3823)->(51,48,53.8823)->(51,49,54.4002)->(51,50,54.9681)->(51,51,55.6502)->(51,52,56.9681)->(51,53,59.5965)->(52,53,63.1965)->(52,54,65.8249)->(52,55,67.1428)->(52,56,67.8249)->(52,57,68.3928)->(52,58,68.9287)->(52,59,69.4965)->(52,60,70.1787)->(52,61,71.4965)->(52,62,5035.46)->
Agent 33:(57,62,1.8)->(58,62,3.6)->(59,62,6.4)->(59,61,8.61421)->(59,60,9.93205)->(59,59,10.6142)->(59,58,11.1821)->(59,57,11.7)->(59,56,12.2)->(59,55,12.7)->(59,54,13.2)->(59,53,13.7)->(59,52,14.2)->(59,51,14.7)->(59,50,15.2)->(59,49,15.7)->(59,48,16.2)->(59,47,16.7)->(59,46,17.2)->(59,45,17.7)->(59,44,18.2)->(59,43,18.7)->(59,42,19.2)->(59,41,19.7179)->(59,40,20.2858)->(59,39,20.9679)->(59,38,22.2858)->(59,37,25.4917)->(58,37,28.6975)->(57,37,30.0154)->(56,37,30.6975)->(55,37,31.2654)->(54,37,31.7833)->(53,37,32.2833)->(52,37,32.7833)->(51,37,33.2833)->(50,37,33.7833)->(49,37,34.2833)->(48,37,34.7833)->(47,37,35.2833)->(46,37,35.7833)->(45,37,36.2833)->(44,37,36.7833)->(43,37,37.2833)->(42,37,37.7833)->(41,37,38.2833)->(40,37,38.7833)->(39,37,39.2833)->(38,37,39.8013)->(37,37,40.3691)->(36,37,41.0513)->(35,37,42.3691)->(34,37,44.5833)->(34,36,46.7975)->(34,35,48.1154)->(34,34,48.7975)->(34,33,49.3654)->(34,32,49.8833)->(34,31,50.3833)->(34,30,50.8833)->(34,29,51.3833)->(34,28,51.8833)->(34,27,52.3833)->(34,26,52.8833)->(34,25,53.3833)->(34,24,53.9013)->(34,23,54.4691)->(34,22,55.1513)->(34,21,56.4691)->(34,20,59.0975)->(33,20,5029.74)->
Agent 34:(32,2,1.3)->(32,3,2.01421)->(32,4,3.33205)->(32,5,4.01421)->(32,6,4.58205)->(32,7,5.1)->(32,8,5.6)->(32,9,6.1)->(32,10,6.6)->(32,11,7.11795)->(32,12,7.68579)->(32,13,8.36795)->(32,14,9.68579)->(32,15,12.3142)->(33,15,15.9142)->(33,16,19.1284)->(33,17,5009.56)->
Agent 35:(5,4,1.8)->(6,4,3.6)->(7,4,6.4)->(7,5,8.61421)->(7,6,9.93205)->(7,7,10.6142)->(7,8,11.1821)->(7,9,11.7)->(7,10,12.2)->(7,11,12.7)->(7,12,13.2)->(7,13,13.7)->(7,14,14.2)->(7,15,14.7)->(7,16,15.2)->(7,17,15.7)->(7,18,16.2)->(7,19,16.7)->(7,20,17.2)->(7,21,17.7)->(7,22,18.2)->(7,23,18.7)->(7,24,19.2179)->(7,25,19.7858)->(7,26,20.4679)->(7,27,21.7858)->(7,28,24.4142)->(6,28,28.3321)->(6,29,31.2783)->(6,30,32.5962)->(6,31,33.2783)->(6,32,33.8462)->(6,33,34.3641)->(6,34,34.8641)->(6,35,35.3641)->(6,36,35.8641)->(6,37,36.3641)->(6,38,36.8641)->(6,39,37.3641)->(6,40,37.8641)->(6,41,38.3821)->(6,42,38.9499)->(6,43,39.6321)->(6,44,40.9499)->(6,45,43.1641)->(5,45,45.4136)->(4,45,47.4136)->(3,45,50.0773)->(3,46,5025.23)->
Agent 36:(48,59,3.21421)->(48,58,6.42843)->(48,57,9.22843)->(47,57,11.4426)->(46,57,12.7605)->(45,57,13.4426)->(44,57,14.0105)->(43,57,14.5284)->(42,57,15.0284)->(41,57,15.5284)->(40,57,16.0284)->(39,57,16.5464)->(38,57,17.1142)->(37,57,17.7964)->(36,57,19.1142)->(35,57,21.3284)->(35,56,23.5426)->(35,55,24.8605)->(35,54,25.5426)->(35,53,26.1105)->(35,52,26.6284)->(35,51,27.1284)->(35,50,27.6284)->(35,49,28.1284)->(35,48,28.6284)->(35,47,29.1284)->(35,46,29.6284)->(35,45,30.1284)->(35,44,30.6284)->(35,43,31.1284)->(35,42,31.6284)->(35,41,32.1284)->(35,40,32.6284)->(35,39,33.1284)->(35,38,33.6284)->(35,37,34.1464)->(35,36,34.7142)->(35,35,35.3964)->(35,34,36.7142)->(35,33,38.9284)->(34,33,41.1426)->(33,33,42.4765)->(32,33,43.3049)->(31,33,44.6388)->(30,33,46.853)->(30,32,49.0672)->(30,31,50.385)->(30,30,51.0672)->(30,29,51.635)->(30,28,52.153)->(30,27,52.653)->(30,26,53.153)->(30,25,53.653)->(30,24,54.153)->(30,23,54.653)->(30,22,55.153)->(30,21,55.653)->(30,20,56.153)->(30,19,56.653)->(30,18,57.153)->(30,17,57.653)->(30,16,58.153)->(30,15,58.653)->(30,14,59.153)->(30,13,59.653)->(30,12,60.153)->(30,11,60.653)->(30,10,61.153)->(30,9,61.653)->(30,8,62.153)->(30,7,62.653)->(30,6,63.153)->(30,5,63.653)->(30,4,64.1709)->(30,3,64.7388)->(30,2,65.4209)->(30,1,66.7388)->(30,0,68.953)->(31,0,71.753)->(32,0,5035.88)->
Agent 37:(48,41,1.8)->(47,41,3.01421)->(46,41,4.33205)->(45,41,5.01421)->(44,41,5.58205)->(43,41,6.1)->(42,41,6.6)->(41,41,7.1)->(40,41,7.6)->(39,41,8.11795)->(38,41,8.68579)->(37,41,9.36795)->(36,41,10.6858)->(35,41,12.9)->(35,42,15.1142)->(35,43,16.4481)->(35,44,17.2765)->(35,45,18.6103)->(35,46,22.2567)->(34,46,25.9031)->(33,46,27.3173)->(32,46,28.7315)->(31,46,30.9457)->(31,47,33.1599)->(31,48,34.4778)->(31,49,35.1599)->(31,50,35.7278)->(31,51,36.2637)->(31,52,36.8315)->(31,53,37.5137)->(31,54,38.8315)->(31,55,5019.12)->
Agent 38:(38,59,3.31795)->(38,58,6.05011)->(38,57,7.36795)->(38,56,8.05011)->(38,55,8.61795)->(38,54,9.15385)->(38,53,9.72168)->(38,52,10.4038)->(38,51,11.7217)->(38,50,13.9359)->(39,50,16.1501)->(40,50,17.4679)->(41,50,18.1501)->(42,50,18.7179)->(43,50,19.2538)->(44,50,19.8217)->(45,50,20.5038)->(46,50,21.8217)->(47,50,26.5179)->(47,49,32.1858)->(48,49,34.8142)->(49,49,36.1321)->(50,49,36.8142)->(51,49,37.3821)->(52,49,37.9)->(53,49,38.4)->(54,49,38.9)->(55,49,39.4)->(56,49,39.9179)->(57,49,40.4858)->(58,49,41.1679)->(59,49,42.4858)->(60,49,44.7)->(60,48,46.9142)->(60,47,48.2321)->(60,46,48.9142)->(60,45,49.5)->(60,44,50.0858)->(60,43,50.7679)->(60,42,52.0858)->(60,41,5025.75)->
Agent 39:(10,35,2.21421)->(11,35,4.81421)->(11,36,7.44264)->(11,37,8.76048)->(11,38,9.45225)->(11,39,10.0879)->(11,40,10.7797)->(11,41,12.0975)->(11,42,14.3117)->(12,42,16.526)->(13,42,17.8438)->(14,42,18.526)->(15,42,19.0938)->(16,42,19.6117)->(17,42,20.1117)->(18,42,20.6117)->(19,42,21.1117)->(20,42,21.6297)->(21,42,22.1975)->(22,42,22.8797)->(23,42,24.1975)->(24,42,26.4117)->(24,43,28.6612)->(24,44,30.6612)->(24,45,37.0049)->(25,45,43.3132)->(26,45,44.631)->(27,45,45.3132)->(28,45,45.881)->(29,45,46.399)->(30,45,46.899)->(31,45,47.399)->(32,45,47.899)->(33,45,48.399)->(34,45,48.899)->(35,45,49.399)->(36,45,49.899)->(37,45,50.399)->(38,45,50.899)->(39,45,51.399)->(40,45,51.899)->(41,45,52.399)->(42,45,52.899)->(43,45,53.399)->(44,45,53.899)->(45,45,54.399)->(46,45,54.899)->(47,45,55.4169)->(48,45,55.9848)->(49,45,56.6669)->(50,45,57.9848)->(51,45,60.199)->(51,46,62.4132)->(51,47,63.731)->(51,48,64.4132)->(51,49,64.999)->(51,50,65.5848)->(51,51,66.2669)->(51,52,67.5848)->(51,53,69.799)->(50,53,72.0132)->(49,53,73.347)->(48,53,74.1755)->(47,53,75.5093)->(46,53,5037.46)->
Agent 40:(28,1,3.2641)->(28,2,5.94242)->(28,3,7.26025)->(28,4,7.94242)->(28,5,8.51025)->(28,6,9.0282)->(28,7,9.5282)->(28,8,10.0282)->(28,9,10.5282)->(28,10,11.0282)->(28,11,11.5462)->(28,12,12.114)->(28,13,12.7962)->(28,14,14.114)->(28,15,16.3282)->(29,15,18.5424)->(30,15,19.8603)->(31,15,20.5424)->(32,15,21.1103)->(33,15,21.6282)->(34,15,22.1282)->(35,15,22.6282)->(36,15,23.1282)->(37,15,23.6462)->(38,15,24.214)->(39,15,24.8962)->(40,15,26.214)->(41,15,31.4937)->(41,16,36.7734)->(41,17,38.0913)->(41,18,38.7734)->(41,19,39.3413)->(41,20,39.8592)->(41,21,40.3592)->(41,22,40.8592)->(41,23,41.3592)->(41,24,41.8592)->(41,25,42.3592)->(41,26,42.8592)->(41,27,43.3592)->(41,28,43.8592)->(41,29,44.3592)->(41,30,44.8592)->(41,31,45.3592)->(41,32,45.8592)->(41,33,46.3592)->(41,34,46.8592)->(41,35,47.3592)->(41,36,47.8772)->(41,37,48.445)->(41,38,49.1272)->(41,39,50.445)->(41,40,52.6592)->(42,40,54.8734)->(43,40,56.1913)->(44,40,56.8734)->(45,40,57.4413)->(46,40,57.9592)->(47,40,58.4592)->(48,40,58.9772)->(49,40,59.545)->(50,40,60.2272)->(51,40,61.545)->(52,40,63.7592)->(52,41,65.9734)->(52,42,67.2913)->(52,43,67.9734)->(52,44,68.5413)->(52,45,69.0592)->(52,46,69.5772)->(52,47,70.145)->(52,48,70.8272)->(52,49,72.145)->(52,50,5035.78)->
Agent 41:(54,3,2.2)->(54,2,4.4)->(54,1,7.2)->(53,1,9.41421)->(52,1,10.7321)->(51,1,11.4142)->(50,1,11.9821)->(49,1,12.5)->(48,1,13)->(47,1,13.5)->(46,1,14)->(45,1,14.5179)->(44,1,15.0858)->(43,1,15.7679)->(42,1,17.0858)->(41,1,19.3)->(41,2,21.5142)->(41,3,22.8481)->(41,4,23.6765)->(41,5,25.0103)->(41,6,27.2246)->(40,6,29.4388)->(39,6,30.7566)->(38,6,31.4388)->(37,6,32.0066)->(36,6,32.5246)->(35,6,33.0246)->(34,6,33.5246)->(33,6,34.0246)->(32,6,34.5246)->(31,6,35.0246)->(30,6,35.5246)->(29,6,36.0425)->(28,6,36.6103)->(27,6,37.2925)->(26,6,38.6103)->(25,6,40.8246)->(25,7,43.0388)->(25,8,44.3566)->(25,9,45.0388)->(25,10,45.6066)->(25,11,46.1246)->(25,12,46.6425)->(25,13,47.2103)->(25,14,47.8925)->(25,15,49.2103)->(25,16,51.4246)->(24,16,53.6388)->(23,16,54.9566)->(22,16,55.6388)->(21,16,56.2246)->(20,16,56.8103)->(19,16,57.4925)->(18,16,58.8103)->(17,16,61.0246)->(17,17,63.2388)->(17,18,64.5566)->(17,19,65.2388)->(17,20,65.8066)->(17,21,66.3246)->(17,22,66.8246)->(17,23,67.3246)->(17,24,67.8246)->(17,25,68.3246)->(17,26,68.8246)->(17,27,69.3246)->(17,28,69.8246)->(17,29,70.3246)->(17,30,70.8246)->(17,31,71.3425)->(17,32,71.9103)->(17,33,72.5925)->(17,34,73.9103)->(17,35,77.0567)->(16,35,5038.98)->
Agent 42:(12,30,1.8)->(13,30,3.01421)->(14,30,4.42843)->(15,30,5.84264)->(16,30,8.05685)->(16,31,10.2711)->(16,32,11.6853)->(16,33,13.0995)->(16,34,15.3137)->(17,34,17.5279)->(18,34,18.8458)->(19,34,19.5279)->(20,34,20.0958)->(21,34,20.6137)->(22,34,21.1317)->(23,34,21.6995)->(24,34,22.3817)->(25,34,23.6995)->(26,34,26.7853)->(26,35,33.158)->(27,35,38.1018)->(28,35,39.4197)->(29,35,40.1018)->(30,35,40.6697)->(31,35,41.1876)->(32,35,41.6876)->(33,35,42.1876)->(34,35,42.6876)->(35,35,43.1876)->(36,35,43.6876)->(37,35,44.1876)->(38,35,44.6876)->(39,35,45.1876)->(40,35,45.7056)->(41,35,46.2734)->(42,35,46.9556)->(43,35,48.2734)->(44,35,50.4876)->(44,36,53.2876)->(44,37,5026.64)->
Agent 43:(8,36,1.8)->(8,37,3.01421)->(8,38,4.33205)->(8,39,5.01421)->(8,40,5.58205)->(8,41,6.1)->(8,42,6.6)->(8,43,7.1)->(8,44,7.6)->(8,45,8.1)->(8,46,8.6)->(8,47,9.1)->(8,48,9.6)->(8,49,10.1)->(8,50,10.6179)->(8,51,11.1858)->(8,52,11.8679)->(8,53,13.1858)->(8,54,15.4)->(9,54,17.6142)->(10,54,18.9481)->(11,54,19.7765)->(12,54,21.1103)->(13,54,23.3246)->(13,55,25.5388)->(13,56,26.8566)->(13,57,27.5887)->(13,58,28.3207)->(13,59,29.6385)->(13,60,32.267)->(14,60,5016.33)->
Agent 44:(54,4,1.3)->(54,5,2.01421)->(54,6,3.33205)->(54,7,4.01421)->(54,8,4.58205)->(54,9,5.1)->(54,10,5.6)->(54,11,6.1)->(54,12,6.61795)->(54,13,7.18579)->(54,14,7.86795)->(54,15,9.18579)->(54,16,12.9096)->(53,16,16.6334)->(52,16,17.9513)->(51,16,18.6334)->(50,16,19.2013)->(49,16,19.7192)->(48,16,20.2192)->(47,16,20.7192)->(46,16,21.2192)->(45,16,21.7192)->(44,16,22.2192)->(43,16,22.7192)->(42,16,23.2192)->(41,16,23.7192)->(40,16,24.2372)->(39,16,24.805)->(38,16,25.4872)->(37,16,26.805)->(36,16,29.0192)->(36,17,31.2334)->(36,18,32.5513)->(36,19,33.2833)->(36,20,34.0154)->(36,21,35.3332)->(36,22,37.5474)->(35,22,39.7616)->(34,22,41.0795)->(33,22,41.7616)->(32,22,42.3295)->(31,22,42.8654)->(30,22,43.4332)->(29,22,44.1154)->(28,22,45.4332)->(27,22,47.6474)->(27,23,49.8616)->(27,24,51.1795)->(27,25,51.8616)->(27,26,52.4295)->(27,27,52.9654)->(27,28,53.5332)->(27,29,54.2154)->(27,30,55.5332)->(27,31,57.7474)->(26,31,59.9616)->(25,31,61.2955)->(24,31,62.1239)->(23,31,63.4578)->(22,31,65.672)->(22,32,67.8862)->(22,33,69.3004)->(22,34,70.7146)->(22,35,73.343)->(21,35,76.943)->(21,36,79.5715)->(21,37,80.8893)->(21,38,81.6214)->(21,39,82.3534)->(21,40,83.6712)->(21,41,86.2997)->(20,41,5043.34)->
Agent 45:(63,15,1.3)->(63,16,2.01421)->(63,17,3.33205)->(63,18,4.01421)->(63,19,4.58205)->(63,20,5.1)->(63,21,5.61795)->(63,22,6.18579)->(63,23,6.86795)->(63,24,8.18579)->(63,25,11.1679)->(62,25,14.1501)->(61,25,15.4679)->(60,25,16.1501)->(59,25,16.7179)->(58,25,17.2359)->(57,25,17.7359)->(56,25,18.2359)->(55,25,18.7359)->(54,25,19.2359)->(53,25,19.7359)->(52,25,20.2359)->(51,25,20.7359)->(50,25,21.2359)->(49,25,21.7359)->(48,25,22.2359)->(47,25,22.7359)->(46,25,23.2359)->(45,25,23.7359)->(44,25,24.2359)->(43,25,24.7359)->(42,25,25.2359)->(41,25,25.7359)->(40,25,26.2359)->(39,25,26.7359)->(38,25,27.2538)->(37,25,27.8217)->(36,25,28.5038)->(35,25,29.8217)->(34,25,32.0359)->(34,24,34.8359)->(34,23,37.6359)->(33,23,39.8501)->(32,23,41.1679)->(31,23,41.8501)->(30,23,42.4179)->(29,23,42.9359)->(28,23,43.4359)->(27,23,43.9359)->(26,23,44.4359)->(25,23,44.9538)->(24,23,45.5217)->(23,23,46.2038)->(22,23,47.5217)->(21,23,49.7359)->(21,22,52.5359)->(21,21,55.3359)->(20,21,57.5501)->(19,21,58.8679)->(18,21,59.5501)->(17,21,60.1179)->(16,21,60.6359)->(15,21,61.1359)->(14,21,61.6359)->(13,21,62.1359)->(12,21,62.6359)->(11,21,63.1538)->(10,21,63.7217)->(9,21,64.4038)->(8,21,65.7217)->(7,21,67.9359)->(7,20,70.1854)->(7,19,72.1854)->(7,18,74.4349)->(6,18,76.6491)->(5,18,77.9669)->(4,18,78.6587)->(3,18,79.2944)->(2,18,79.9861)->(1,18,81.304)->(0,18,5040.36)->
Agent 46:(6,31,1.3)->(6,32,2.01421)->(6,33,3.33205)->(6,34,4.01421)->(6,35,4.58205)->(6,36,5.1)->(6,37,5.61795)->(6,38,6.18579)->(6,39,6.86795)->(6,40,8.18579)->(6,41,10.4)->(7,41,12.6495)->(8,41,14.6495)->(9,41,49.0802)->(8,41,83.511)->(7,41,85.511)->(6,41,5042.48)->
Agent 47:(55,4,1.3)->(55,5,2.01421)->(55,6,3.33205)->(55,7,4.01421)->(55,8,4.58205)->(55,9,5.1)->(55,10,5.6)->(55,11,6.1)->(55,12,6.6)->(55,13,7.1)->(55,14,7.61795)->(55,15,8.18579)->(55,16,8.86795)->(55,17,10.1858)->(55,18,12.4)->(54,18,14.6142)->(53,18,15.9321)->(52,18,16.6238)->(51,18,17.2595)->(50,18,17.9513)->(49,18,19.2691)->(48,18,21.4833)->(48,19,23.6975)->(48,20,25.0154)->(48,21,25.6975)->(48,22,26.2654)->(48,23,26.7833)->(48,24,27.2833)->(48,25,27.7833)->(48,26,28.2833)->(48,27,28.7833)->(48,28,29.2833)->(48,29,29.7833)->(48,30,30.2833)->(48,31,30.7833)->(48,32,31.2833)->(48,33,31.7833)->(48,34,32.2833)->(48,35,32.7833)->(48,36,33.2833)->(48,37,33.7833)->(48,38,34.3013)->(48,39,34.8691)->(48,40,35.5513)->(48,41,36.8691)->(48,42,39.0833)->(49,42,41.3328)->(50,42,43.3328)->(51,42,45.5823)->(51,43,47.7965)->(51,44,49.1143)->(51,45,49.7965)->(51,46,50.3643)->(51,47,50.8823)->(51,48,51.3823)->(51,49,51.8823)->(51,50,52.4002)->(51,51,52.9681)->(51,52,53.6502)->(51,53,54.9681)->(51,54,57.1823)->(50,54,59.9823)->(49,54,62.7823)->(49,55,65.0318)->(49,56,67.0318)->(49,57,5033.24)->
Agent 48:(26,13,1.8)->(27,13,3.01421)->(28,13,4.42843)->(29,13,5.84264)->(30,13,8.05685)->(30,14,10.2711)->(30,15,11.5889)->(30,16,12.2711)->(30,17,12.8389)->(30,18,13.3569)->(30,19,13.8569)->(30,20,14.3569)->(30,21,14.8569)->(30,22,15.3569)->(30,23,15.8569)->(30,24,16.3569)->(30,25,16.8569)->(30,26,17.3569)->(30,27,17.8569)->(30,28,18.3569)->(30,29,18.8748)->(30,30,19.4426)->(30,31,20.1248)->(30,32,21.4426)->(30,33,23.6569)->(29,33,25.9063)->(28,33,27.9063)->(27,33,30.1558)->(27,34,32.37)->(27,35,33.6879)->(27,36,34.37)->(27,37,34.9379)->(27,38,35.4558)->(27,39,35.9558)->(27,40,36.4558)->(27,41,36.9558)->(27,42,37.4558)->(27,43,37.9558)->(27,44,38.4558)->(27,45,38.9558)->(27,46,39.4558)->(27,47,39.9558)->(27,48,40.4558)->(27,49,40.9558)->(27,50,41.4738)->(27,51,42.0416)->(27,52,42.7238)->(27,53,44.0416)->(27,54,46.2558)->(26,54,48.47)->(25,54,49.7879)->(24,54,50.4797)->(23,54,51.1153)->(22,54,51.8071)->(21,54,53.1249)->(20,54,55.3391)->(20,55,57.5534)->(20,56,58.8712)->(20,57,59.6033)->(20,58,60.3353)->(20,59,61.6531)->(20,60,64.2816)->(19,60,5032.33)->
Agent 49:(38,47,1.8)->(37,47,3.6)->(36,47,6.72843)->(36,46,9.27107)->(36,45,10.6049)->(36,44,11.4333)->(36,43,12.7672)->(36,42,17.7691)->(37,42,26.6279)->(37,41,32.1416)->(37,40,33.4595)->(37,39,34.1416)->(37,38,34.7095)->(37,37,35.2274)->(37,36,35.7274)->(37,35,36.2274)->(37,34,36.7274)->(37,33,37.2274)->(37,32,37.7274)->(37,31,38.2274)->(37,30,38.7274)->(37,29,39.2274)->(37,28,39.7274)->(37,27,40.2274)->(37,26,40.7274)->(37,25,41.2274)->(37,24,41.7274)->(37,23,42.2274)->(37,22,42.7274)->(37,21,43.2274)->(37,20,43.7274)->(37,19,44.2274)->(37,18,44.7274)->(37,17,45.2274)->(37,16,45.7454)->(37,15,46.3132)->(37,14,46.9954)->(37,13,48.3132)->(37,12,50.5274)->(36,12,52.7416)->(35,12,54.1558)->(34,12,55.57)->(33,12,5027.49)->
Agent 50:(19,19,1.8)->(20,19,3.01421)->(21,19,4.33205)->(22,19,5.01421)->(23,19,5.6)->(24,19,6.18579)->(25,19,6.86795)->(26,19,8.18579)->(27,19,10.4)->(27,20,12.6142)->(27,21,13.9321)->(27,22,14.6142)->(27,23,15.1821)->(27,24,15.7)->(27,25,16.2)->(27,26,16.7179)->(27,27,17.2858)->(27,28,17.9679)->(27,29,19.2858)->(27,30,21.5)->(26,30,23.7142)->(25,30,25.0321)->(24,30,25.7142)->(23,30,26.3)->(22,30,26.8858)->(21,30,27.5679)->(20,30,28.8858)->(19,30,31.1)->(19,31,33.3142)->(19,32,34.6321)->(19,33,35.3142)->(19,34,35.8821)->(19,35,36.4179)->(19,36,36.9858)->(19,37,37.6679)->(19,38,38.9858)->(19,39,41.2)->(18,39,43.4142)->(17,39,44.7321)->(16,39,45.4142)->(15,39,45.9821)->(14,39,46.5)->(13,39,47)->(12,39,47.5179)->(11,39,48.0858)->(10,39,48.7679)->(9,39,50.0858)->(8,39,52.3)->(8,40,54.5142)->(8,41,55.8321)->(8,42,56.5142)->(8,43,57.0821)->(8,44,57.6)->(8,45,58.1)->(8,46,58.6)->(8,47,59.1179)->(8,48,59.6858)->(8,49,60.3679)->(8,50,61.6858)->(8,51,63.9)->(7,51,66.7)->(6,51,5033.35)->
Agent 51:(36,21,1.71421)->(36,22,3.81421)->(35,22,7.02843)->(34,22,11.0963)->(34,23,14.5783)->(34,24,15.8962)->(34,25,16.5783)->(34,26,17.1462)->(34,27,17.6641)->(34,28,18.1641)->(34,29,18.6641)->(34,30,19.1641)->(34,31,19.6641)->(34,32,20.1641)->(34,33,20.6821)->(34,34,21.2499)->(34,35,21.9321)->(34,36,23.2499)->(34,37,25.4641)->(33,37,28.2641)->(32,37,37.8237)->(33,37,47.3833)->(34,37,5023.69)->
Agent 52:(51,63,1.8)->(50,63,3.01421)->(49,63,4.33205)->(48,63,5.01421)->(47,63,5.58205)->(46,63,6.1)->(45,63,6.6)->(44,63,7.1)->(43,63,7.6)->(42,63,8.1)->(41,63,8.6)->(40,63,9.1)->(39,63,9.6)->(38,63,10.1)->(37,63,10.6)->(36,63,11.1)->(35,63,11.6)->(34,63,12.1)->(33,63,12.6179)->(32,63,13.1858)->(31,63,13.8679)->(30,63,15.1858)->(29,63,17.4)->(29,62,19.6142)->(29,61,20.9321)->(29,60,21.6142)->(29,59,22.1821)->(29,58,22.7)->(29,57,23.2)->(29,56,23.7)->(29,55,24.2179)->(29,54,24.7858)->(29,53,25.4679)->(29,52,26.7858)->(29,51,30)->(28,51,33.2142)->(27,51,34.5321)->(26,51,35.2142)->(25,51,35.7821)->(24,51,36.3)->(23,51,36.8)->(22,51,37.3)->(21,51,37.8)->(20,51,38.3)->(19,51,38.8)->(18,51,39.3)->(17,51,39.8)->(16,51,40.3)->(15,51,40.8)->(14,51,41.3)->(13,51,41.8)->(12,51,42.3)->(11,51,42.8)->(10,51,43.3)->(9,51,43.8)->(8,51,44.3)->(7,51,44.8)->(6,51,45.3)->(5,51,45.8)->(4,51,46.3179)->(3,51,46.8858)->(2,51,47.5679)->(1,51,48.8858)->(0,51,51.1)->(0,52,53.3142)->(0,53,54.7284)->(0,54,56.1426)->(0,55,5027.78)->
Agent 53:(1,59,2.2)->(1,58,3.81421)->(1,57,5.13205)->(1,56,5.8641)->(1,55,6.59615)->(1,54,7.91399)->(1,53,10.1282)->(2,53,12.3424)->(3,53,13.6603)->(4,53,14.3424)->(5,53,14.9103)->(6,53,15.4282)->(7,53,15.9282)->(8,53,16.4282)->(9,53,16.9282)->(10,53,17.4282)->(11,53,17.9282)->(12,53,18.4282)->(13,53,18.9282)->(14,53,19.4282)->(15,53,19.9462)->(16,53,20.514)->(17,53,21.1962)->(18,53,22.514)->(19,53,30.9141)->(19,52,39.3142)->(19,51,40.6321)->(19,50,41.3142)->(19,49,41.8821)->(19,48,42.4)->(19,47,42.9)->(19,46,43.4)->(19,45,43.9)->(19,44,44.4)->(19,43,44.9)->(19,42,45.4)->(19,41,45.9)->(19,40,46.4)->(19,39,46.9)->(19,38,47.4)->(19,37,47.9)->(19,36,48.4)->(19,35,48.9)->(19,34,49.4)->(19,33,49.9)->(19,32,50.4)->(19,31,50.9)->(19,30,51.4179)->(19,29,51.9858)->(19,28,52.6679)->(19,27,53.9858)->(19,26,56.2)->(20,26,58.4142)->(21,26,59.7321)->(22,26,60.4142)->(23,26,60.9821)->(24,26,61.5)->(25,26,62)->(26,26,62.5)->(27,26,63)->(28,26,63.5)->(29,26,64)->(30,26,64.5)->(31,26,65)->(32,26,65.5)->(33,26,66)->(34,26,66.5)->(35,26,67)->(36,26,67.5)->(37,26,68)->(38,26,68.5)->(39,26,69)->(40,26,69.5)->(41,26,70)->(42,26,70.5)->(43,26,71)->(44,26,71.5)->(45,26,72.0179)->(46,26,72.5858)->(47,26,73.2679)->(48,26,74.5858)->(49,26,76.8)->(49,25,79.0142)->(49,24,80.3321)->(49,23,81.0142)->(49,22,81.5821)->(49,21,82.1)->(49,20,82.6)->(49,19,83.1)->(49,18,83.6)->(49,17,84.1)->(49,16,84.6)->(49,15,85.1)->(49,14,85.6)->(49,13,86.1)->(49,12,86.6)->(49,11,87.1)->(49,10,87.6)->(49,9,88.1)->(49,8,88.6)->(49,7,89.1)->(49,6,89.6)->(49,5,90.1179)->(49,4,90.6858)->(49,3,91.3679)->(49,2,92.6858)->(49,1,5046.05)->
Agent 54:(54,9,1.3)->(54,10,2.01421)->(54,11,3.33205)->(54,12,4.01421)->(54,13,4.58205)->(54,14,5.1)->(54,15,5.6)->(54,16,6.11795)->(54,17,6.68579)->(54,18,7.36795)->(54,19,8.68579)->(54,20,10.9)->(53,20,13.1142)->(52,20,14.4321)->(51,20,15.1142)->(50,20,15.6821)->(49,20,16.2179)->(48,20,16.7858)->(47,20,17.4679)->(46,20,18.7858)->(45,20,21)->(45,21,23.2142)->(45,22,24.5321)->(45,23,25.2641)->(45,24,25.9962)->(45,25,27.314)->(45,26,29.5282)->(44,26,31.7424)->(43,26,33.0603)->(42,26,33.7424)->(41,26,34.3103)->(40,26,34.8462)->(39,26,35.414)->(38,26,36.0962)->(37,26,37.414)->(36,26,39.6282)->(36,27,41.8424)->(36,28,43.1603)->(36,29,43.8424)->(36,30,44.4103)->(36,31,44.9462)->(36,32,45.514)->(36,33,46.1962)->(36,34,47.514)->(36,35,49.7282)->(35,35,51.9424)->(34,35,53.2603)->(33,35,53.9424)->(32,35,54.5103)->(31,35,55.0282)->(30,35,55.5282)->(29,35,56.0282)->(28,35,56.5282)->(27,35,57.0282)->(26,35,57.5282)->(25,35,58.0282)->(24,35,58.5282)->(23,35,59.0282)->(22,35,59.5282)->(21,35,60.0462)->(20,35,60.614)->(19,35,61.2962)->(18,35,62.614)->(17,35,64.8282)->(17,36,67.0777)->(17,37,69.0777)->(17,38,72.9438)->(16,38,76.7747)->(15,38,78.0925)->(14,38,78.7747)->(13,38,79.3425)->(12,38,79.8605)->(11,38,80.3605)->(10,38,80.8605)->(9,38,81.3605)->(8,38,81.8605)->(7,38,82.3605)->(6,38,82.8784)->(5,38,83.4462)->(4,38,84.1284)->(3,38,85.4462)->(2,38,5042.43)->
Agent 55:(46,7,2.61421)->(46,6,8.01228)->(45,6,13.0388)->(44,6,14.3566)->(43,6,15.0388)->(42,6,15.6066)->(41,6,16.1246)->(40,6,16.6246)->(39,6,17.1246)->(38,6,17.6246)->(37,6,18.1246)->(36,6,18.6246)->(35,6,19.1246)->(34,6,19.6246)->(33,6,20.1246)->(32,6,20.6246)->(31,6,21.1246)->(30,6,21.6246)->(29,6,22.1246)->(28,6,22.6246)->(27,6,23.1246)->(26,6,23.6425)->(25,6,24.2103)->(24,6,24.8925)->(23,6,26.2103)->(22,6,28.4246)->(22,7,30.6388)->(22,8,31.9566)->(22,9,32.6887)->(22,10,33.4207)->(22,11,34.7385)->(22,12,36.9528)->(21,12,39.167)->(20,12,40.4848)->(19,12,41.2169)->(18,12,41.9489)->(17,12,43.2667)->(16,12,51.2707)->(16,13,59.2747)->(16,14,60.5925)->(16,15,61.2747)->(16,16,61.8425)->(16,17,62.3605)->(16,18,62.8605)->(16,19,63.3605)->(16,20,63.8605)->(16,21,64.3605)->(16,22,64.8605)->(16,23,65.3605)->(16,24,65.8605)->(16,25,66.3605)->(16,26,66.8605)->(16,27,67.3605)->(16,28,67.8605)->(16,29,68.3605)->(16,30,68.8605)->(16,31,69.3605)->(16,32,69.8605)->(16,33,70.3605)->(16,34,70.8605)->(16,35,71.3784)->(16,36,71.9462)->(16,37,72.6284)->(16,38,73.9462)->(16,39,76.1605)->(15,39,78.3747)->(14,39,79.6925)->(13,39,80.3747)->(12,39,80.9425)->(11,39,81.4605)->(10,39,81.9605)->(9,39,82.4605)->(8,39,82.9784)->(7,39,83.5462)->(6,39,84.2284)->(5,39,85.5462)->(4,39,88.1747)->(4,40,5044.28)->
Agent 56:(14,26,1.8)->(15,26,3.04949)->(16,26,5.04949)->(17,26,7.29898)->(17,27,9.51319)->(17,28,10.831)->(17,29,11.5132)->(17,30,12.081)->(17,31,12.599)->(17,32,13.099)->(17,33,13.599)->(17,34,14.099)->(17,35,14.599)->(17,36,15.1169)->(17,37,15.6848)->(17,38,16.3669)->(17,39,17.6848)->(17,40,19.899)->(18,40,22.1132)->(19,40,23.431)->(20,40,24.1132)->(21,40,24.681)->(22,40,25.199)->(23,40,25.699)->(24,40,26.199)->(25,40,26.699)->(26,40,27.199)->(27,40,27.699)->(28,40,28.2169)->(29,40,28.7848)->(30,40,29.4669)->(31,40,30.7848)->(32,40,46.9219)->(31,40,63.0591)->(30,40,64.3769)->(29,40,65.0687)->(28,40,65.7044)->(27,40,66.3962)->(26,40,67.714)->(25,40,5033.56)->
Agent 57:(41,56,2.21421)->(42,56,4.81421)->(42,55,7.44264)->(42,54,8.76048)->(42,53,9.44264)->(42,52,10.0105)->(42,51,10.5284)->(42,50,11.0284)->(42,49,11.5284)->(42,48,12.0284)->(42,47,12.5284)->(42,46,13.0284)->(42,45,13.5284)->(42,44,14.0284)->(42,43,14.5464)->(42,42,15.1142)->(42,41,15.7964)->(42,40,17.1142)->(42,39,19.3284)->(43,39,21.5426)->(44,39,22.8605)->(45,39,23.5426)->(46,39,24.1105)->(47,39,24.6284)->(48,39,25.1284)->(49,39,25.6284)->(50,39,26.1284)->(51,39,26.6284)->(52,39,27.1464)->(53,39,27.7142)->(54,39,28.3964)->(55,39,29.7142)->(56,39,31.9284)->(56,38,34.7284)->(56,37,5017.36)->
Agent 58:(44,24,1.3)->(44,25,2.01421)->(44,26,3.33205)->(44,27,4.01421)->(44,28,4.58205)->(44,29,5.1)->(44,30,5.6)->(44,31,6.11795)->(44,32,6.68579)->(44,33,7.36795)->(44,34,8.68579)->(44,35,10.9)->(43,35,13.1142)->(42,35,14.4321)->(41,35,15.1142)->(40,35,15.6821)->(39,35,16.2)->(38,35,16.7)->(37,35,17.2179)->(36,35,17.7858)->(35,35,18.4679)->(34,35,19.7858)->(33,35,22)->(33,36,24.2142)->(33,37,25.5321)->(33,38,26.2142)->(33,39,26.7821)->(33,40,27.3)->(33,41,27.8)->(33,42,28.3)->(33,43,28.8179)->(33,44,29.3858)->(33,45,30.0679)->(33,46,31.3858)->(33,47,34.3005)->(32,47,37.2152)->(31,47,38.533)->(30,47,39.2248)->(29,47,39.8604)->(28,47,40.5522)->(27,47,41.87)->(26,47,44.9745)->(26,48,48.0789)->(26,49,49.3968)->(26,50,50.0789)->(26,51,50.6468)->(26,52,51.1647)->(26,53,51.6827)->(26,54,52.2505)->(26,55,52.9327)->(26,56,54.2505)->(26,57,5026.83)->
Agent 59:(25,26,2.2)->(25,25,3.84949)->(25,24,5.84949)->(25,23,8.09898)->(26,23,10.3132)->(27,23,11.7274)->(28,23,13.1416)->(29,23,15.3558)->(29,22,17.57)->(29,21,18.9843)->(29,20,20.3985)->(29,19,26.7328)->(28,19,33.653)->(27,19,42.3097)->(27,20,5024.07)->
Agent 60:(44,52,1.8)->(43,52,3.01421)->(42,52,4.33205)->(41,52,5.01421)->(40,52,5.58205)->(39,52,6.1)->(38,52,6.61795)->(37,52,7.18579)->(36,52,7.86795)->(35,52,9.18579)->(34,52,11.8302)->(34,51,14.4747)->(34,50,15.7925)->(34,49,16.4747)->(34,48,17.0425)->(34,47,17.5605)->(34,46,18.0784)->(34,45,18.6462)->(34,44,19.3284)->(34,43,20.6462)->(34,42,22.8605)->(33,42,25.0747)->(32,42,26.3925)->(31,42,27.0747)->(30,42,27.6425)->(29,42,28.1605)->(28,42,28.6605)->(27,42,29.1605)->(26,42,29.6605)->(25,42,30.1605)->(24,42,30.6605)->(23,42,31.1605)->(22,42,31.6605)->(21,42,32.1605)->(20,42,32.6784)->(19,42,33.2462)->(18,42,33.9284)->(17,42,35.2462)->(16,42,37.4605)->(16,41,39.6747)->(16,40,40.9925)->(16,39,41.6747)->(16,38,42.2425)->(16,37,42.7605)->(16,36,43.2605)->(16,35,43.7605)->(16,34,44.2605)->(16,33,44.7605)->(16,32,45.2605)->(16,31,45.7605)->(16,30,46.2605)->(16,29,46.7605)->(16,28,47.2605)->(16,27,47.7605)->(16,26,48.2605)->(16,25,48.7605)->(16,24,49.2605)->(16,23,49.7605)->(16,22,50.2605)->(16,21,50.7605)->(16,20,51.2605)->(16,19,51.7605)->(16,18,52.2784)->(16,17,52.8462)->(16,16,53.5284)->(16,15,54.8462)->(16,14,57.0605)->(15,14,59.2747)->(14,14,60.6085)->(13,14,61.4369)->(12,14,62.7708)->(11,14,5031.09)->
Agent 61:(60,58,2.2)->(60,57,3.81421)->(60,56,5.14806)->(60,55,5.97649)->(60,54,7.31034)->(60,53,11.8765)->(59,53,17.8537)->(59,52,20.9217)->(59,51,22.2395)->(59,50,22.9217)->(59,49,23.4895)->(59,48,24.0075)->(59,47,24.5075)->(59,46,25.0075)->(59,45,25.5075)->(59,44,26.0075)->(59,43,26.5254)->(59,42,27.0933)->(59,41,27.7754)->(59,40,29.0933)->(59,39,31.3075)->(58,39,33.5217)->(57,39,34.9359)->(56,39,36.3501)->(55,39,5017.88)->
Agent 62:(38,38,1.8)->(39,38,3.04949)->(40,38,5.04949)->(41,38,11.3674)->(41,37,17.6501)->(41,36,18.9679)->(41,35,19.6501)->(41,34,20.2179)->(41,33,20.7359)->(41,32,21.2359)->(41,31,21.7359)->(41,30,22.2359)->(41,29,22.7359)->(41,28,23.2359)->(41,27,23.7359)->(41,26,24.2359)->(41,25,24.7359)->(41,24,25.2359)->(41,23,25.7359)->(41,22,26.2359)->(41,21,26.7359)->(41,20,27.2538)->(41,19,27.8217)->(41,18,28.5038)->(41,17,29.8217)->(41,16,32.0359)->(42,16,34.2501)->(43,16,35.5679)->(44,16,36.2501)->(45,16,36.8179)->(46,16,37.3359)->(47,16,37.8359)->(48,16,38.3359)->(49,16,38.8359)->(50,16,39.3359)->(51,16,39.8359)->(52,16,40.3359)->(53,16,40.8359)->(54,16,41.3359)->(55,16,41.8538)->(56,16,42.4217)->(57,16,43.1038)->(58,16,44.4217)->(59,16,46.6359)->(59,15,48.8501)->(59,14,50.2643)->(59,13,51.6785)->(59,12,5025.55)->
Agent 63:(37,45,4.51421)->(36,45,8.44264)->(35,45,9.76048)->(34,45,10.4426)->(33,45,11.0105)->(32,45,11.5284)->(31,45,12.0284)->(30,45,12.5284)->(29,45,13.0464)->(28,45,13.6142)->(27,45,14.2964)->(26,45,15.6142)->(25,45,17.8284)->(25,44,20.0426)->(25,43,21.3605)->(25,42,22.0426)->(25,41,22.6105)->(25,40,23.1284)->(25,39,23.6284)->(25,38,24.1284)->(25,37,24.6284)->(25,36,25.1284)->(25,35,25.6284)->(25,34,26.1284)->(25,33,26.6284)->(25,32,27.1284)->(25,31,27.6284)->(25,30,28.1284)->(25,29,28.6284)->(25,28,29.1464)->(25,27,29.7142)->(25,26,30.3964)->(25,25,31.7142)->(25,24,33.9284)->(24,24,36.7284)->(23,24,39.9426)->(23,25,5020.16)->
Agent 64:(43,50,1.8)->(42,50,3.01421)->(41,50,4.33205)->(40,50,5.01421)->(39,50,5.58205)->(38,50,6.1)->(37,50,6.6)->(36,50,7.1)->(35,50,7.6)->(34,50,8.1)->(33,50,8.6)->(32,50,9.1)->(31,50,9.61795)->(30,50,10.1858)->(29,50,10.8679)->(28,50,12.1858)->(27,50,14.4)->(27,49,16.6142)->(27,48,17.9321)->(27,47,18.6142)->(27,46,19.1821)->(27,45,19.7)->(27,44,20.2)->(27,43,20.7)->(27,42,21.2)->(27,41,21.7)->(27,40,22.2)->(27,39,22.7)->(27,38,23.2)->(27,37,23.7)->(27,36,24.2)->(27,35,24.7)->(27,34,25.2)->(27,33,25.7)->(27,32,26.2)->(27,31,26.7179)->(27,30,27.2858)->(27,29,27.9679)->(27,28,29.2858)->(27,27,31.5)->(26,27,33.7142)->(25,27,35.0321)->(24,27,35.7142)->(23,27,36.2821)->(22,27,36.8)->(21,27,37.3179)->(20,27,37.8858)->(19,27,38.5679)->(18,27,39.8858)->(17,27,42.1)->(17,26,44.3142)->(17,25,45.6321)->(17,24,46.3142)->(17,23,46.8821)->(17,22,47.4)->(17,21,47.9)->(17,20,48.4)->(17,19,48.9179)->(17,18,49.4858)->(17,17,50.1679)->(17,16,51.4858)->(17,15,54.1142)->(18,15,57.7142)->(18,14,60.3426)->(18,13,61.6605)->(18,12,62.3426)->(18,11,62.9284)->(18,10,63.5142)->(18,9,64.1964)->(18,8,65.5142)->(18,7,68.1426)->(17,7,71.7426)->(17,6,74.4063)->(17,5,76.4063)->(17,4,5037.93)->
Agent 65:(37,36,1.8)->(38,36,3.01421)->(39,36,4.42843)->(40,36,5.84264)->(41,36,8.05685)->(41,35,10.2711)->(41,34,11.5889)->(41,33,12.2711)->(41,32,12.8389)->(41,31,13.3569)->(41,30,13.8569)->(41,29,14.3569)->(41,28,14.8569)->(41,27,15.3569)->(41,26,15.8569)->(41,25,16.3748)->(41,24,16.9426)->(41,23,17.6248)->(41,22,18.9426)->(41,21,21.1569)->(42,21,23.3711)->(43,21,24.6889)->(44,21,25.3711)->(45,21,25.9389)->(46,21,26.4569)->(47,21,26.9748)->(48,21,27.5426)->(49,21,28.2248)->(50,21,29.5426)->(51,21,32.1711)->(51,20,5016.28)->
Agent 66:(19,35,2.2)->(19,34,3.81421)->(19,33,5.13205)->(19,32,5.81421)->(19,31,6.38205)->(19,30,6.9)->(19,29,7.4)->(19,28,7.91795)->(19,27,8.48579)->(19,26,9.16795)->(19,25,10.4858)->(19,24,12.7)->(20,24,14.9142)->(21,24,16.2321)->(22,24,16.9238)->(23,24,17.5595)->(24,24,18.2513)->(25,24,19.5691)->(26,24,23.1237)->(26,23,26.6783)->(26,22,27.9962)->(26,21,28.6879)->(26,20,29.3236)->(26,19,30.0154)->(26,18,31.3332)->(26,17,33.9616)->(25,17,45.286)->(25,16,55.6388)->(25,15,56.9566)->(25,14,57.6388)->(25,13,58.2246)->(25,12,58.8103)->(25,11,59.4925)->(25,10,60.8103)->(25,9,5030.11)->
Agent 67:(30,8,1.3)->(30,9,2.6)->(30,10,5.4)->(31,10,7.61421)->(32,10,8.93205)->(33,10,9.61421)->(34,10,10.1821)->(35,10,10.7179)->(36,10,11.2858)->(37,10,11.9679)->(38,10,13.2858)->(39,10,19.3005)->(39,11,25.3505)->(39,12,27.3505)->(39,13,29.6)->(40,13,31.8142)->(41,13,33.2284)->(42,13,34.6426)->(43,13,5017.03)->
Agent 68:(3,9,1.3)->(3,10,2.6)->(3,11,5.4)->(4,11,7.61421)->(5,11,8.93205)->(6,11,9.61421)->(7,11,10.1821)->(8,11,10.7)->(9,11,11.2)->(10,11,11.7)->(11,11,12.2)->(12,11,12.7)->(13,11,13.2)->(14,11,13.7)->(15,11,14.2)->(16,11,14.7)->(17,11,15.2179)->(18,11,15.7858)->(19,11,16.4679)->(20,11,17.7858)->(21,11,20)->(21,12,22.8)->(21,13,33.2764)->(22,13,43.167)->(23,13,44.4848)->(24,13,45.167)->(25,13,45.7348)->(26,13,46.2528)->(27,13,46.7528)->(28,13,47.2528)->(29,13,47.7528)->(30,13,48.2528)->(31,13,48.7528)->(32,13,49.2528)->(33,13,49.7528)->(34,13,50.2528)->(35,13,50.7528)->(36,13,51.2528)->(37,13,51.7528)->(38,13,52.2707)->(39,13,52.8385)->(40,13,53.5207)->(41,13,54.8385)->(42,13,57.0528)->(42,12,59.3022)->(42,11,61.3022)->(42,10,63.5517)->(43,10,65.766)->(44,10,67.0838)->(45,10,67.766)->(46,10,68.3338)->(47,10,68.8517)->(48,10,69.3517)->(49,10,69.8517)->(50,10,70.3517)->(51,10,70.8697)->(52,10,71.4375)->(53,10,72.1197)->(54,10,73.4375)->(55,10,76.066)->(55,9,80.0802)->(56,9,5040.44)->
Agent 69:(41,11,1.3)->(41,12,2.6)->(41,13,5.8)->(41,12,9)->(41,11,12.299)->(40,11,15.0122)->(39,11,16.33)->(38,11,17.0122)->(37,11,17.58)->(36,11,18.098)->(35,11,18.6159)->(34,11,19.1837)->(33,11,19.8659)->(32,11,21.1837)->(31,11,23.8122)->(31,12,27.4122)->(30,12,30.0406)->(29,12,31.3584)->(28,12,32.0406)->(27,12,32.6264)->(26,12,33.2122)->(25,12,33.8943)->(24,12,35.2122)->(23,12,37.4264)->(23,13,39.6406)->(23,14,41.0548)->(23,15,42.469)->(23,16,46.5718)->(22,16,50.6747)->(21,16,51.9925)->(20,16,52.6747)->(19,16,53.2425)->(18,16,53.7605)->(17,16,54.2605)->(16,16,54.7605)->(15,16,55.2605)->(14,16,55.7605)->(13,16,56.2605)->(12,16,56.7784)->(11,16,57.3462)->(10,16,58.0284)->(9,16,59.3462)->(8,16,5029.38)->
Agent 70:(44,62,1.8)->(45,62,3.01421)->(46,62,4.33205)->(47,62,5.01421)->(48,62,5.58205)->(49,62,6.1)->(50,62,6.6)->(51,62,7.1)->(52,62,7.6)->(53,62,8.1)->(54,62,8.6)->(55,62,9.1)->(56,62,9.61795)->(57,62,10.1858)->(58,62,10.8679)->(59,62,12.1858)->(60,62,14.4)->(60,61,17.2)->(60,60,20.4142)->(61,60,5010.4)->
Agent 71:(42,1,1.8)->(41,1,3.01421)->(40,1,4.33205)->(39,1,5.01421)->(38,1,5.58205)->(37,1,6.1)->(36,1,6.6)->(35,1,7.1)->(34,1,7.61795)->(33,1,8.18579)->(32,1,8.86795)->(31,1,10.1858)->(30,1,13.6123)->(30,2,17.0388)->(30,3,18.3566)->(30,4,19.0388)->(30,5,19.6066)->(30,6,20.1246)->(30,7,20.6246)->(30,8,21.1246)->(30,9,21.6246)->(30,10,22.1246)->(30,11,22.6246)->(30,12,23.1246)->(30,13,23.6246)->(30,14,24.1246)->(30,15,24.6246)->(30,16,25.1425)->(30,17,25.7103)->(30,18,26.3925)->(30,19,27.7103)->(30,20,30.3888)->(29,20,33.0672)->(28,20,34.401)->(27,20,35.2295)->(26,20,36.5633)->(25,20,39.1918)->(25,19,46.453)->(25,20,52.7426)->(25,21,54.0605)->(25,22,54.7426)->(25,23,55.3105)->(25,24,55.8284)->(25,25,56.3284)->(25,26,56.8284)->(25,27,57.3284)->(25,28,57.8284)->(25,29,58.3284)->(25,30,58.8284)->(25,31,59.3284)->(25,32,59.8284)->(25,33,60.3284)->(25,34,60.8284)->(25,35,61.3284)->(25,36,61.8284)->(25,37,62.3284)->(25,38,62.8284)->(25,39,63.3464)->(25,40,63.9142)->(25,41,64.5964)->(25,42,65.9142)->(25,43,5032.66)->
Agent 72:(14,35,2.2)->(14,34,3.81421)->(14,33,5.13205)->(14,32,5.82382)->(14,31,6.45949)->(14,30,7.15126)->(14,29,8.4691)->(14,28,16.2917)->(15,28,24.1142)->(16,28,25.4321)->(17,28,26.1142)->(18,28,26.6821)->(19,28,27.2)->(20,28,27.7)->(21,28,28.2)->(22,28,28.7)->(23,28,29.2)->(24,28,29.7)->(25,28,30.2)->(26,28,30.7)->(27,28,31.2179)->(28,28,31.7858)->(29,28,32.4679)->(30,28,33.7858)->(31,28,36)->(31,27,38.8)->(31,26,41.6)->(32,26,43.8142)->(33,26,45.1321)->(34,26,45.8142)->(35,26,46.3821)->(36,26,46.9)->(37,26,47.4)->(38,26,47.9)->(39,26,48.4)->(40,26,48.9)->(41,26,49.4)->(42,26,49.9)->(43,26,50.4)->(44,26,50.9)->(45,26,51.4)->(46,26,51.9)->(47,26,52.4)->(48,26,52.9)->(49,26,53.4179)->(50,26,53.9858)->(51,26,54.6679)->(52,26,55.9858)->(53,26,58.6142)->(53,25,62.2142)->(54,25,64.8426)->(55,25,66.1605)->(56,25,66.8522)->(57,25,67.4879)->(58,25,68.1797)->(59,25,69.4975)->(60,25,71.7117)->(60,24,73.9612)->(60,23,75.9612)->(60,22,5037.71)->
Agent 73:(62,11,1.8)->(61,11,3.01421)->(60,11,4.33205)->(59,11,5.01421)->(58,11,5.58205)->(57,11,6.1)->(56,11,6.61795)->(55,11,7.18579)->(54,11,7.86795)->(53,11,9.18579)->(52,11,11.4)->(52,12,14.2)->(52,13,17)->(51,13,19.2142)->(50,13,20.5321)->(49,13,21.2142)->(48,13,21.7821)->(47,13,22.3)->(46,13,22.8)->(45,13,23.3)->(44,13,23.8)->(43,13,24.3)->(42,13,24.8)->(41,13,25.3)->(40,13,25.8)->(39,13,26.3)->(38,13,26.8)->(37,13,27.3)->(36,13,27.8)->(35,13,28.3)->(34,13,28.8)->(33,13,29.3)->(32,13,29.8)->(31,13,30.3)->(30,13,30.8)->(29,13,31.3)->(28,13,31.8)->(27,13,32.3)->(26,13,32.8179)->(25,13,33.3858)->(24,13,34.0679)->(23,13,35.3858)->(22,13,38.2764)->(22,12,41.167)->(22,11,42.4848)->(22,10,43.167)->(22,9,43.7348)->(22,8,44.2528)->(22,7,44.7707)->(22,6,45.3385)->(22,5,46.0207)->(22,4,47.3385)->(22,3,49.5528)->(21,3,51.767)->(20,3,53.0848)->(19,3,53.767)->(18,3,54.3348)->(17,3,54.8528)->(16,3,55.3528)->(15,3,55.8528)->(14,3,56.3528)->(13,3,56.8528)->(12,3,57.3528)->(11,3,57.8528)->(10,3,58.3528)->(9,3,58.8528)->(8,3,59.3528)->(7,3,59.8528)->(6,3,60.3707)->(5,3,60.9385)->(4,3,61.6207)->(3,3,62.9385)->(2,3,65.567)->(2,2,5032.98)->
Agent 74:(55,57,2.2)->(55,56,3.81421)->(55,55,5.13205)->(55,54,5.81421)->(55,53,6.38205)->(55,52,6.9)->(55,51,7.41795)->(55,50,7.98579)->(55,49,8.66795)->(55,48,9.98579)->(55,47,13.0321)->(54,47,16.0783)->(53,47,17.3962)->(52,47,18.0783)->(51,47,18.6641)->(50,47,19.2499)->(49,47,19.9321)->(48,47,21.2499)->(47,47,25.4463)->(47,46,30.2284)->(47,45,33.0284)->(46,45,35.2426)->(45,45,36.5605)->(44,45,37.2426)->(43,45,37.8105)->(42,45,38.3464)->(41,45,38.9142)->(40,45,39.5964)->(39,45,40.9142)->(38,45,43.1284)->(38,44,45.3426)->(38,43,46.6605)->(38,42,47.3426)->(38,41,47.9105)->(38,40,48.4284)->(38,39,48.9284)->(38,38,49.4284)->(38,37,49.9284)->(38,36,50.4284)->(38,35,50.9284)->(38,34,51.4464)->(38,33,52.0142)->(38,32,52.6964)->(38,31,54.0142)->(38,30,56.2284)->(37,30,58.4426)->(36,30,59.7605)->(35,30,60.4426)->(34,30,61.0105)->(33,30,61.5284)->(32,30,62.0284)->(31,30,62.5284)->(30,30,63.0284)->(29,30,63.5284)->(28,30,64.0284)->(27,30,64.5284)->(26,30,65.0284)->(25,30,65.5284)->(24,30,66.0284)->(23,30,66.5284)->(22,30,67.0284)->(21,30,67.5284)->(20,30,68.0284)->(19,30,68.5284)->(18,30,69.0284)->(17,30,69.5284)->(16,30,70.0284)->(15,30,70.5284)->(14,30,71.0284)->(13,30,71.5284)->(12,30,72.0284)->(11,30,72.5284)->(10,30,73.0464)->(9,30,73.6142)->(8,30,74.2964)->(7,30,75.6142)->(6,30,78.2426)->(6,31,81.8426)->(5,31,84.5063)->(4,31,86.5063)->(3,31,5042.98)->
Agent 75:(45,8,2.2)->(45,7,4.4)->(45,6,8.01228)->(44,6,11.0388)->(43,6,12.3566)->(42,6,13.0388)->(41,6,13.6066)->(40,6,14.1246)->(39,6,14.6246)->(38,6,15.1246)->(37,6,15.6246)->(36,6,16.1246)->(35,6,16.6246)->(34,6,17.1246)->(33,6,17.6246)->(32,6,18.1246)->(31,6,18.6246)->(30,6,19.1246)->(29,6,19.6246)->(28,6,20.1246)->(27,6,20.6246)->(26,6,21.1246)->(25,6,21.6246)->(24,6,22.1425)->(23,6,22.7103)->(22,6,23.3925)->(21,6,24.7103)->(20,6,26.9246)->(20,7,29.1388)->(20,8,30.4566)->(20,9,31.1887)->(20,10,31.9207)->(20,11,33.2385)->(20,12,35.4528)->(19,12,37.667)->(18,12,38.9848)->(17,12,39.667)->(16,12,40.2348)->(15,12,40.7528)->(14,12,41.2707)->(13,12,41.8385)->(12,12,42.5207)->(11,12,43.8385)->(10,12,5021.63)->
Agent 76:(41,38,1.71421)->(41,39,3.81421)->(42,39,6.44264)->(43,39,7.76048)->(44,39,8.44264)->(45,39,9.01048)->(46,39,9.52843)->(47,39,10.0284)->(48,39,10.5284)->(49,39,11.0284)->(50,39,11.5464)->(51,39,12.1142)->(52,39,12.7964)->(53,39,14.1142)->(54,39,16.6926)->(54,38,19.2711)->(54,37,20.5889)->(54,36,21.321)->(54,35,22.053)->(54,34,23.3708)->(54,33,5011.39)->
Agent 77:(40,6,1.3)->(40,7,2.04949)->(40,8,4.04949)->(40,9,6.29898)->(39,9,8.54847)->(38,9,10.5485)->(37,9,12.798)->(37,10,15.0122)->(37,11,16.33)->(37,12,17.0122)->(37,13,17.58)->(37,14,18.098)->(37,15,18.598)->(37,16,19.098)->(37,17,19.598)->(37,18,20.098)->(37,19,20.598)->(37,20,21.098)->(37,21,21.598)->(37,22,22.1159)->(37,23,22.6837)->(37,24,23.3659)->(37,25,24.6837)->(37,26,28.5397)->(36,26,32.3956)->(35,26,33.7135)->(34,26,34.3956)->(33,26,34.9635)->(32,26,35.4814)->(31,26,35.9814)->(30,26,36.4994)->(29,26,37.0672)->(28,26,37.7494)->(27,26,39.0672)->(26,26,41.2814)->(26,27,43.4956)->(26,28,44.8135)->(26,29,45.4956)->(26,30,46.0635)->(26,31,46.5814)->(26,32,47.0814)->(26,33,47.5994)->(26,34,48.1672)->(26,35,48.8494)->(26,36,50.1672)->(26,37,52.3814)->(25,37,55.1814)->(24,37,5027.59)->
Agent 78:(45,44,1.8)->(46,44,3.6)->(47,44,6.4)->(47,43,8.64949)->(47,42,10.6495)->(47,41,12.899)->(46,41,15.1132)->(45,41,16.431)->(44,41,17.1132)->(43,41,17.681)->(42,41,18.199)->(41,41,18.7169)->(40,41,19.2848)->(39,41,19.9669)->(38,41,21.2848)->(37,41,23.499)->(37,40,25.7132)->(37,39,27.031)->(37,38,27.7132)->(37,37,28.281)->(37,36,28.799)->(37,35,29.299)->(37,34,29.799)->(37,33,30.299)->(37,32,30.799)->(37,31,31.299)->(37,30,31.799)->(37,29,32.299)->(37,28,32.799)->(37,27,33.299)->(37,26,33.799)->(37,25,34.299)->(37,24,34.799)->(37,23,35.299)->(37,22,35.799)->(37,21,36.299)->(37,20,36.8169)->(37,19,37.3848)->(37,18,38.0669)->(37,17,39.3848)->(37,16,42.0132)->(36,16,5021.2)->
Agent 79:(32,59,1.71421)->(32,60,3.81421)->(31,60,6.44264)->(30,60,7.76048)->(29,60,8.44264)->(28,60,9.01048)->(27,60,9.54638)->(26,60,10.1142)->(25,60,10.7964)->(24,60,12.1142)->(23,60,14.3284)->(23,59,16.5426)->(23,58,17.8765)->(23,57,18.7049)->(23,56,20.0388)->(23,55,38.7608)->(22,55,57.5181)->(21,55,59.5181)->(20,55,5029.48)->
Agent 80:(17,32,2.2)->(17,31,4.4)->(17,30,7.2)->(18,30,9.41421)->(19,30,10.7321)->(20,30,11.4142)->(21,30,11.9821)->(22,30,12.5)->(23,30,13)->(24,30,13.5)->(25,30,14.0179)->(26,30,14.5858)->(27,30,15.2679)->(28,30,16.5858)->(29,30,18.8)->(29,29,21.0495)->(29,28,23.0495)->(29,27,26.726)->(30,27,31.3388)->(30,26,33.9672)->(30,25,35.285)->(30,24,35.9672)->(30,23,36.535)->(30,22,37.053)->(30,21,37.553)->(30,20,38.053)->(30,19,38.553)->(30,18,39.053)->(30,17,39.553)->(30,16,40.053)->(30,15,40.553)->(30,14,41.0709)->(30,13,41.6388)->(30,12,42.3209)->(30,11,43.6388)->(30,10,45.853)->(31,10,48.0672)->(32,10,49.4814)->(33,10,50.8956)->(34,10,5025.15)->
Agent 81:(11,37,2.21421)->(10,37,4.81421)->(10,36,7.44264)->(10,35,8.76048)->(10,34,9.44264)->(10,33,10.0105)->(10,32,10.5284)->(10,31,11.0284)->(10,30,11.5464)->(10,29,12.1142)->(10,28,12.7964)->(10,27,14.1142)->(10,26,16.3284)->(11,26,18.5426)->(12,26,19.8605)->(13,26,20.5426)->(14,26,21.1105)->(15,26,21.6284)->(16,26,22.1284)->(17,26,22.6284)->(18,26,23.1284)->(19,26,23.6284)->(20,26,24.1284)->(21,26,24.6284)->(22,26,25.1284)->(23,26,25.6284)->(24,26,26.1464)->(25,26,26.7142)->(26,26,27.3964)->(27,26,28.7142)->(28,26,31.3426)->(28,25,42.9407)->(29,25,53.5672)->(30,25,54.885)->(31,25,55.5672)->(32,25,56.135)->(33,25,56.653)->(34,25,57.153)->(35,25,57.653)->(36,25,58.153)->(37,25,58.653)->(38,25,59.153)->(39,25,59.653)->(40,25,60.153)->(41,25,60.653)->(42,25,61.153)->(43,25,61.653)->(44,25,62.153)->(45,25,62.653)->(46,25,63.153)->(47,25,63.653)->(48,25,64.153)->(49,25,64.653)->(50,25,65.153)->(51,25,65.653)->(52,25,66.153)->(53,25,66.6709)->(54,25,67.2388)->(55,25,67.9209)->(56,25,69.2388)->(57,25,71.453)->(57,26,73.6672)->(57,27,75.0814)->(57,28,76.4956)->(57,29,79.1241)->(58,29,5039.75)->
Agent 82:(31,49,1.3)->(31,50,2.6)->(31,51,6.14166)->(30,51,9.09753)->(29,51,10.4154)->(28,51,11.0975)->(27,51,11.6654)->(26,51,12.1833)->(25,51,12.6833)->(24,51,13.1833)->(23,51,13.6833)->(22,51,14.1833)->(21,51,14.6833)->(20,51,15.1833)->(19,51,15.6833)->(18,51,16.1833)->(17,51,16.6833)->(16,51,17.1833)->(15,51,17.6833)->(14,51,18.1833)->(13,51,18.6833)->(12,51,19.1833)->(11,51,19.6833)->(10,51,20.1833)->(9,51,20.6833)->(8,51,21.1833)->(7,51,21.6833)->(6,51,22.2013)->(5,51,22.7691)->(4,51,23.4513)->(3,51,24.7691)->(2,51,26.9833)->(2,50,29.1975)->(2,49,30.5154)->(2,48,31.2071)->(2,47,31.8428)->(2,46,32.5346)->(2,45,33.8524)->(2,44,36.4808)->(3,44,5018.43)->
Agent 83:(4,42,1.8)->(5,42,3.01421)->(6,42,4.33205)->(7,42,5.01421)->(8,42,5.58205)->(9,42,6.1)->(10,42,6.6)->(11,42,7.1)->(12,42,7.6)->(13,42,8.1)->(14,42,8.6)->(15,42,9.1)->(16,42,9.6)->(17,42,10.1)->(18,42,10.6179)->(19,42,11.1858)->(20,42,11.8679)->(21,42,13.1858)->(22,42,15.4)->(22,41,17.6142)->(22,40,18.9321)->(22,39,19.6142)->(22,38,20.1821)->(22,37,20.7)->(22,36,21.2)->(22,35,21.7179)->(22,34,22.2858)->(22,33,22.9679)->(22,32,24.2858)->(22,31,26.5)->(23,31,28.7142)->(24,31,30.0321)->(25,31,30.7641)->(26,31,31.4962)->(27,31,32.814)->(28,31,37.6048)->(27,31,44.6172)->(27,32,5023.13)->
Agent 84:(58,0,1.71421)->(58,1,15.8265)->(57,1,30.4672)->(56,1,31.785)->(55,1,32.4672)->(54,1,33.035)->(53,1,33.553)->(52,1,34.053)->(51,1,34.553)->(50,1,35.053)->(49,1,35.553)->(48,1,36.053)->(47,1,36.553)->(46,1,37.053)->(45,1,37.553)->(44,1,38.053)->(43,1,38.553)->(42,1,39.053)->(41,1,39.553)->(40,1,40.053)->(39,1,40.553)->(38,1,41.053)->(37,1,41.553)->(36,1,42.053)->(35,1,42.553)->(34,1,43.053)->(33,1,43.553)->(32,1,44.053)->(31,1,44.553)->(30,1,45.053)->(29,1,45.553)->(28,1,46.053)->(27,1,46.553)->(26,1,47.053)->(25,1,47.553)->(24,1,48.053)->(23,1,48.553)->(22,1,49.053)->(21,1,49.553)->(20,1,50.0709)->(19,1,50.6388)->(18,1,51.3209)->(17,1,52.6388)->(16,1,56.2567)->(16,2,59.8747)->(16,3,61.1925)->(16,4,61.8747)->(16,5,62.4425)->(16,6,62.9605)->(16,7,63.4605)->(16,8,63.9605)->(16,9,64.4605)->(16,10,64.9605)->(16,11,65.4605)->(16,12,65.9605)->(16,13,66.4605)->(16,14,66.9605)->(16,15,67.4605)->(16,16,67.9605)->(16,17,68.4605)->(16,18,68.9605)->(16,19,69.4605)->(16,20,69.9605)->(16,21,70.4605)->(16,22,70.9605)->(16,23,71.4605)->(16,24,71.9605)->(16,25,72.4605)->(16,26,72.9605)->(16,27,73.4605)->(16,28,73.9605)->(16,29,74.4605)->(16,30,74.9605)->(16,31,75.4605)->(16,32,75.9605)->(16,33,76.4605)->(16,34,76.9605)->(16,35,77.4605)->(16,36,77.9605)->(16,37,78.4605)->(16,38,78.9605)->(16,39,79.4605)->(16,40,79.9605)->(16,41,80.4784)->(16,42,81.0462)->(16,43,81.7284)->(16,44,83.0462)->(16,45,85.2605)->(15,45,88.0605)->(14,45,5044.03)->
Agent 85:(38,33,1.8)->(38,34,3.01421)->(38,35,4.42843)->(38,36,5.84264)->(38,37,8.05685)->(39,37,10.2711)->(40,37,11.5889)->(41,37,12.2711)->(42,37,12.8389)->(43,37,13.3569)->(44,37,13.8569)->(45,37,14.3569)->(46,37,14.8569)->(47,37,15.3569)->(48,37,15.8569)->(49,37,16.3569)->(50,37,16.8569)->(51,37,17.3569)->(52,37,17.8748)->(53,37,18.4426)->(54,37,19.1248)->(55,37,20.4426)->(56,37,23.0711)->(56,38,26.6711)->(57,38,29.2995)->(58,38,30.6173)->(59,38,31.3494)->(60,38,32.0814)->(61,38,33.3993)->(62,38,5016.41)->
Agent 86:(18,19,2.21421)->(17,19,4.81421)->(17,20,7.44264)->(17,21,8.76048)->(17,22,9.45225)->(17,23,10.0879)->(17,24,10.7797)->(17,25,12.0975)->(17,26,14.3559)->(18,26,16.6142)->(19,26,17.9321)->(20,26,18.6142)->(21,26,19.1821)->(22,26,19.7)->(23,26,20.2)->(24,26,20.7)->(25,26,21.2179)->(26,26,21.7858)->(27,26,22.4679)->(28,26,23.7858)->(29,26,26.4142)->(29,25,30.0142)->(30,25,32.6426)->(31,25,33.9605)->(32,25,34.6426)->(33,25,35.2105)->(34,25,35.7284)->(35,25,36.2284)->(36,25,36.7464)->(37,25,37.3142)->(38,25,37.9964)->(39,25,39.3142)->(40,25,41.5284)->(40,26,44.3284)->(40,27,47.1284)->(41,27,49.3426)->(42,27,50.6605)->(43,27,51.3426)->(44,27,51.9105)->(45,27,52.4284)->(46,27,52.9284)->(47,27,53.4284)->(48,27,53.9284)->(49,27,54.4284)->(50,27,54.9284)->(51,27,55.4464)->(52,27,56.0142)->(53,27,56.6964)->(54,27,58.0142)->(55,27,60.2284)->(55,28,62.4779)->(55,29,64.4779)->(55,30,66.7274)->(56,30,68.9769)->(57,30,70.9769)->(58,30,5035.21)->
Agent 87:(8,63,1.8)->(7,63,3.01421)->(6,63,4.42843)->(5,63,5.84264)->(4,63,16.0784)->(4,62,26.3142)->(4,61,27.6321)->(4,60,28.3142)->(4,59,28.8821)->(4,58,29.4)->(4,57,29.9)->(4,56,30.4)->(4,55,30.9)->(4,54,31.4)->(4,53,31.9)->(4,52,32.4)->(4,51,32.9)->(4,50,33.4)->(4,49,33.9)->(4,48,34.4)->(4,47,34.9)->(4,46,35.4)->(4,45,35.9)->(4,44,36.4)->(4,43,36.9)->(4,42,37.4)->(4,41,37.9)->(4,40,38.4)->(4,39,38.9)->(4,38,39.4)->(4,37,39.9)->(4,36,40.4)->(4,35,40.9179)->(4,34,41.4858)->(4,33,42.1679)->(4,32,43.4858)->(4,31,45.7)->(3,31,47.9495)->(2,31,49.9495)->(1,31,5024.7)->
Agent 88:(21,25,1.8)->(20,25,3.01421)->(19,25,4.33205)->(18,25,5.01421)->(17,25,5.58205)->(16,25,6.1)->(15,25,6.6)->(14,25,7.1)->(13,25,7.6)->(12,25,8.1)->(11,25,8.6)->(10,25,9.1)->(9,25,9.61795)->(8,25,10.1858)->(7,25,10.8679)->(6,25,12.1858)->(5,25,14.4)->(5,24,16.6495)->(5,23,18.6495)->(5,22,5009.05)->
Agent 89:(62,52,2.2)->(62,51,3.84949)->(62,50,5.84949)->(62,49,8.09898)->(61,49,10.3132)->(60,49,11.631)->(59,49,12.3132)->(58,49,12.881)->(57,49,13.399)->(56,49,13.899)->(55,49,14.399)->(54,49,14.899)->(53,49,15.399)->(52,49,15.899)->(51,49,16.399)->(50,49,16.899)->(49,49,17.399)->(48,49,17.899)->(47,49,18.399)->(46,49,18.899)->(45,49,19.399)->(44,49,19.899)->(43,49,20.399)->(42,49,20.899)->(41,49,21.399)->(40,49,21.899)->(39,49,22.399)->(38,49,22.9169)->(37,49,23.4848)->(36,49,24.1669)->(35,49,25.4848)->(34,49,27.699)->(34,50,30.499)->(34,51,33.299)->(33,51,35.5132)->(32,51,36.831)->(31,51,37.5132)->(30,51,38.081)->(29,51,38.599)->(28,51,39.099)->(27,51,39.599)->(26,51,40.099)->(25,51,40.599)->(24,51,41.099)->(23,51,41.599)->(22,51,42.099)->(21,51,42.599)->(20,51,43.099)->(19,51,43.599)->(18,51,44.099)->(17,51,44.599)->(16,51,45.099)->(15,51,45.599)->(14,51,46.099)->(13,51,46.599)->(12,51,47.099)->(11,51,47.599)->(10,51,48.099)->(9,51,48.599)->(8,51,49.1169)->(7,51,49.6848)->(6,51,50.3669)->(5,51,51.6848)->(4,51,53.899)->(4,50,56.1132)->(4,49,57.431)->(4,48,58.1132)->(4,47,58.681)->(4,46,59.199)->(4,45,59.699)->(4,44,60.199)->(4,43,60.699)->(4,42,61.199)->(4,41,61.699)->(4,40,62.199)->(4,39,62.7169)->(4,38,63.2848)->(4,37,63.9669)->(4,36,65.2848)->(4,35,5032.35)->
Agent 90:(12,12,1.3)->(12,13,2.01421)->(12,14,3.33205)->(12,15,4.01421)->(12,16,4.58205)->(12,17,5.1)->(12,18,5.6)->(12,19,6.1)->(12,20,6.6)->(12,21,7.11795)->(12,22,7.68579)->(12,23,8.36795)->(12,24,9.68579)->(12,25,11.9)->(13,25,14.1142)->(14,25,15.4321)->(15,25,16.1142)->(16,25,16.6821)->(17,25,17.2)->(18,25,17.7179)->(19,25,18.2858)->(20,25,18.9679)->(21,25,20.2858)->(22,25,24.0358)->(22,26,27.7858)->(22,27,29.1036)->(22,28,29.7858)->(22,29,30.3536)->(22,30,30.8716)->(22,31,31.3716)->(22,32,31.8716)->(22,33,32.3716)->(22,34,32.8716)->(22,35,33.3716)->(22,36,33.8895)->(22,37,34.4574)->(22,38,35.1395)->(22,39,36.4574)->(22,40,39.2623)->(23,40,42.0672)->(24,40,43.385)->(25,40,44.0672)->(26,40,44.635)->(27,40,45.1709)->(28,40,45.7388)->(29,40,46.4209)->(30,40,47.7388)->(31,40,50.3672)->(31,41,5025.38)->
Agent 91:(26,33,1.3)->(26,34,2.01421)->(26,35,3.33205)->(26,36,4.01421)->(26,37,4.58205)->(26,38,5.1)->(26,39,5.6)->(26,40,6.1)->(26,41,6.61795)->(26,42,7.18579)->(26,43,7.86795)->(26,44,9.18579)->(26,45,11.4)->(25,45,13.6142)->(24,45,15.0284)->(23,45,16.4426)->(22,45,18.6569)->(22,46,20.8711)->(22,47,22.1889)->(22,48,22.8807)->(22,49,23.5163)->(22,50,24.2081)->(22,51,25.526)->(22,52,28.1544)->(23,52,40.1254)->(23,53,51.7107)->(23,54,5025.86)->
Agent 92:(27,50,1.8)->(26,50,3.01421)->(25,50,4.33205)->(24,50,5.02382)->(23,50,5.65949)->(22,50,6.35126)->(21,50,7.6691)->(20,50,9.88331)->(20,51,12.6833)->(20,52,5006.34)->
Agent 93:(30,56,2.2)->(30,55,4.4)->(30,54,7.61421)->(31,54,16.6858)->(30,54,25.3716)->(29,54,5012.69)->
Agent 94:(29,36,2.2)->(29,35,3.81421)->(29,34,5.13205)->(29,33,5.81421)->(29,32,6.4)->(29,31,6.98579)->(29,30,7.66795)->(29,29,8.98579)->(29,28,11.2)->(28,28,13.4142)->(27,28,14.7321)->(26,28,15.4142)->(25,28,15.9821)->(24,28,16.5)->(23,28,17)->(22,28,17.5179)->(21,28,18.0858)->(20,28,18.7679)->(19,28,20.0858)->(18,28,22.3)->(18,27,24.5495)->(18,26,26.5495)->(18,25,35.2402)->(18,26,5020.83)->
Agent 95:(36,57,2.21421)->(37,57,4.81421)->(37,56,7.44264)->(37,55,8.76048)->(37,54,9.44264)->(37,53,10.0105)->(37,52,10.5284)->(37,51,11.0284)->(37,50,11.5284)->(37,49,12.0464)->(37,48,12.6142)->(37,47,13.2964)->(37,46,14.6142)->(37,45,16.8284)->(38,45,19.0426)->(39,45,20.3605)->(40,45,21.0426)->(41,45,21.6105)->(42,45,22.1284)->(43,45,22.6464)->(44,45,23.2142)->(45,45,23.8964)->(46,45,25.2142)->(47,45,27.4284)->(47,44,29.6426)->(47,43,30.9605)->(47,42,31.6426)->(47,41,32.2105)->(47,40,32.7284)->(47,39,33.2284)->(47,38,33.7284)->(47,37,34.2284)->(47,36,34.7284)->(47,35,35.2284)->(47,34,35.7284)->(47,33,36.2284)->(47,32,36.7284)->(47,31,37.2284)->(47,30,37.7284)->(47,29,38.2284)->(47,28,38.7284)->(47,27,39.2284)->(47,26,39.7284)->(47,25,40.2284)->(47,24,40.7284)->(47,23,41.2284)->(47,22,41.7284)->(47,21,42.2284)->(47,20,42.7284)->(47,19,43.2284)->(47,18,43.7464)->(47,17,44.3142)->(47,16,44.9964)->(47,15,46.3142)->(47,14,48.5284)->(46,14,50.7779)->(45,14,52.7779)->(44,14,5026.11)->
Agent 96:(24,3,1.8)->(25,3,3.01421)->(26,3,4.33205)->(27,3,5.0641)->(28,3,5.79615)->(29,3,7.11399)->(30,3,11.0764)->(30,4,15.0388)->(30,5,16.3566)->(30,6,17.0388)->(30,7,17.6066)->(30,8,18.1246)->(30,9,18.6246)->(30,10,19.1246)->(30,11,19.6246)->(30,12,20.1246)->(30,13,20.6246)->(30,14,21.1246)->(30,15,21.6246)->(30,16,22.1246)->(30,17,22.6246)->(30,18,23.1246)->(30,19,23.6246)->(30,20,24.1246)->(30,21,24.6246)->(30,22,25.1246)->(30,23,25.6246)->(30,24,26.1246)->(30,25,26.6246)->(30,26,27.1246)->(30,27,27.6246)->(30,28,28.1425)->(30,29,28.7103)->(30,30,29.3925)->(30,31,30.7103)->(30,32,34.9393)->(29,32,39.2035)->(28,32,41.2035)->(27,32,43.453)->(27,33,45.6672)->(27,34,46.985)->(27,35,47.6672)->(27,36,48.235)->(27,37,48.753)->(27,38,49.253)->(27,39,49.753)->(27,40,50.253)->(27,41,50.753)->(27,42,51.253)->(27,43,51.753)->(27,44,52.253)->(27,45,52.753)->(27,46,53.253)->(27,47,53.7709)->(27,48,54.3388)->(27,49,55.0209)->(27,50,56.3388)->(27,51,58.553)->(28,51,61.353)->(29,51,64.5672)->(29,52,5032.48)->
Agent 97:(20,14,1.3)->(20,15,2.01421)->(20,16,3.34806)->(20,17,4.17649)->(20,18,5.51034)->(20,19,7.72456)->(21,19,9.93877)->(22,19,11.2566)->(23,19,11.9388)->(24,19,12.5066)->(25,19,13.0246)->(26,19,13.5425)->(27,19,14.1103)->(28,19,14.7925)->(29,19,16.1103)->(30,19,18.3246)->(30,20,20.5388)->(30,21,21.8566)->(30,22,22.5388)->(30,23,23.1066)->(30,24,23.6246)->(30,25,24.1246)->(30,26,24.6246)->(30,27,25.1246)->(30,28,25.6246)->(30,29,26.1425)->(30,30,26.7103)->(30,31,27.3925)->(30,32,28.7103)->(30,33,30.9246)->(31,33,33.174)->(32,33,35.174)->(33,33,37.4235)->(33,34,39.6377)->(33,35,40.9556)->(33,36,41.6377)->(33,37,42.2056)->(33,38,42.7235)->(33,39,43.2235)->(33,40,43.7235)->(33,41,44.2235)->(33,42,44.7235)->(33,43,45.2235)->(33,44,45.7415)->(33,45,46.3093)->(33,46,46.9915)->(33,47,48.3093)->(33,48,50.5235)->(34,48,53.3235)->(35,48,56.1235)->(35,49,58.3377)->(35,50,59.6556)->(35,51,60.3377)->(35,52,60.9056)->(35,53,61.4415)->(35,54,62.0093)->(35,55,62.6915)->(35,56,64.0093)->(35,57,5031.71)->
Agent 98:(40,48,2.61421)->(40,47,11.7802)->(39,47,20.5747)->(38,47,21.8925)->(37,47,22.5747)->(36,47,23.1425)->(35,47,23.6605)->(34,47,24.1605)->(33,47,24.6784)->(32,47,25.2462)->(31,47,25.9284)->(30,47,27.2462)->(29,47,29.8747)->(29,48,5015.13)->
Agent 99:(57,54,1.3)->(57,55,2.04949)->(57,56,4.04949)->(57,57,6.29898)->(56,57,8.51319)->(55,57,9.83103)->(54,57,10.5132)->(53,57,11.081)->(52,57,11.599)->(51,57,12.099)->(50,57,12.599)->(49,57,13.099)->(48,57,13.599)->(47,57,14.099)->(46,57,14.599)->(45,57,15.099)->(44,57,15.599)->(43,57,16.099)->(42,57,16.599)->(41,57,17.1169)->(40,57,17.6848)->(39,57,18.3669)->(38,57,19.6848)->(37,57,21.899)->(37,56,24.1132)->(37,55,25.431)->(37,54,26.1132)->(37,53,26.681)->(37,52,27.199)->(37,51,27.699)->(37,50,28.199)->(37,49,28.7169)->(37,48,29.2848)->(37,47,29.9669)->(37,46,31.2848)->(37,45,33.499)->(36,45,35.7132)->(35,45,37.031)->(34,45,37.7132)->(33,45,38.299)->(32,45,38.8848)->(31,45,39.5669)->(30,45,40.8848)->(29,45,43.099)->(29,44,45.3132)->(29,43,46.631)->(29,42,47.3132)->(29,41,47.881)->(29,40,48.399)->(29,39,48.899)->(29,38,49.399)->(29,37,49.899)->(29,36,50.399)->(29,35,50.899)->(29,34,51.399)->(29,33,51.899)->(29,32,52.399)->(29,31,52.899)->(29,30,53.399)->(29,29,53.9169)->(29,28,54.4848)->(29,27,55.1669)->(29,26,56.4848)->(29,25,59.1132)->(30,25,62.7132)->(30,24,65.3416)->(30,23,66.6595)->(30,22,67.3416)->(30,21,67.9095)->(30,20,68.4274)->(30,19,68.9274)->(30,18,69.4274)->(30,17,69.9274)->(30,16,70.4274)->(30,15,70.9274)->(30,14,71.4274)->(30,13,71.9274)->(30,12,72.4274)->(30,11,72.9274)->(30,10,73.4274)->(30,9,73.9274)->(30,8,74.4274)->(30,7,74.9274)->(30,6,75.4274)->(30,5,75.9454)->(30,4,76.5132)->(30,3,77.1954)->(30,2,78.5132)->(30,1,80.7274)->(29,1,82.9769)->(28,1,84.9769)->(27,1,87.6406)->(27,0,5044.01)->
Agent 100:(57,20,1.3)->(57,21,2.01421)->(57,22,3.34806)->(57,23,4.17649)->(57,24,5.51034)->(57,25,8.27456)->(56,25,11.0388)->(55,25,12.3566)->(54,25,13.0388)->(53,25,13.6066)->(52,25,14.1246)->(51,25,14.6246)->(50,25,15.1246)->(49,25,15.6246)->(48,25,16.1246)->(47,25,16.6246)->(46,25,17.1246)->(45,25,17.6246)->(44,25,18.1246)->(43,25,18.6246)->(42,25,19.1246)->(41,25,19.6246)->(40,25,20.1246)->(39,25,20.6246)->(38,25,21.1246)->(37,25,21.6246)->(36,25,22.1246)->(35,25,22.6246)->(34,25,23.1246)->(33,25,23.6246)->(32,25,24.1246)->(31,25,24.6425)->(30,25,25.2103)->(29,25,25.8925)->(28,25,27.2103)->(27,25,29.8388)->(27,26,33.4388)->(26,26,36.0672)->(25,26,37.385)->(24,26,38.0672)->(23,26,38.635)->(22,26,39.153)->(21,26,39.653)->(20,26,40.153)->(19,26,40.653)->(18,26,41.153)->(17,26,41.653)->(16,26,42.153)->(15,26,42.653)->(14,26,43.1709)->(13,26,43.7388)->(12,26,44.4209)->(11,26,45.7388)->(10,26,48.3672)->(10,25,5024.38)->
Agent 101:(41,59,1.71421)->(41,60,4.61421)->(40,60,8.04264)->(39,60,9.36048)->(38,60,10.0426)->(37,60,10.6105)->(36,60,11.1284)->(35,60,11.6284)->(34,60,12.1284)->(33,60,12.6284)->(32,60,13.1284)->(31,60,13.6284)->(30,60,14.1284)->(29,60,14.6284)->(28,60,15.1284)->(27,60,15.6284)->(26,60,16.1284)->(25,60,16.6284)->(24,60,17.1284)->(23,60,17.6284)->(22,60,18.1284)->(21,60,18.6284)->(20,60,19.1284)->(19,60,19.6284)->(18,60,20.1284)->(17,60,20.6284)->(16,60,21.1284)->(15,60,21.6284)->(14,60,22.1284)->(13,60,22.6464)->(12,60,23.2142)->(11,60,23.8964)->(10,60,25.2142)->(9,60,27.8426)->(9,59,5014.11)->
Agent 102:(59,32,1.3)->(59,33,2.6)->(59,34,5.4)->(58,34,7.61421)->(57,34,8.93205)->(56,34,9.61421)->(55,34,10.1821)->(54,34,10.7)->(53,34,11.2)->(52,34,11.7)->(51,34,12.2)->(50,34,12.7)->(49,34,13.2)->(48,34,13.7)->(47,34,14.2)->(46,34,14.7)->(45,34,15.2)->(44,34,15.7179)->(43,34,16.2858)->(42,34,16.9679)->(41,34,18.2858)->(40,34,20.5)->(40,35,22.7142)->(40,36,24.0321)->(40,37,24.7142)->(40,38,25.2821)->(40,39,25.8)->(40,40,26.3)->(40,41,26.8)->(40,42,27.3)->(40,43,27.8)->(40,44,28.3)->(40,45,28.8)->(40,46,29.3)->(40,47,29.8)->(40,48,30.3179)->(40,49,30.8858)->(40,50,31.5679)->(40,51,32.8858)->(40,52,35.1)->(39,52,37.9)->(38,52,5018.95)->
Agent 103:(4,60,2.2)->(4,59,3.81421)->(4,58,5.13205)->(4,57,5.81421)->(4,56,6.38205)->(4,55,6.9)->(4,54,7.4)->(4,53,7.9)->(4,52,8.4)->(4,51,8.9)->(4,50,9.4)->(4,49,9.9)->(4,48,10.4)->(4,47,10.9)->(4,46,11.4179)->(4,45,11.9858)->(4,44,12.6679)->(4,43,13.9858)->(4,42,25.15)->(5,42,36.3142)->(6,42,37.6321)->(7,42,38.3142)->(8,42,38.8821)->(9,42,39.4)->(10,42,39.9)->(11,42,40.4)->(12,42,40.9)->(13,42,41.4)->(14,42,41.9)->(15,42,42.4)->(16,42,42.9)->(17,42,43.4)->(18,42,43.9)->(19,42,44.4)->(20,42,44.9)->(21,42,45.4)->(22,42,45.9)->(23,42,46.4)->(24,42,46.9)->(25,42,47.4)->(26,42,47.9)->(27,42,48.4)->(28,42,48.9)->(29,42,49.4)->(30,42,49.9)->(31,42,50.4)->(32,42,50.9)->(33,42,51.4179)->(34,42,51.9858)->(35,42,52.6679)->(36,42,53.9858)->(37,42,56.2)->(37,41,58.4142)->(37,40,59.7321)->(37,39,60.4142)->(37,38,60.9821)->(37,37,61.5)->(37,36,62)->(37,35,62.5)->(37,34,63)->(37,33,63.5)->(37,32,64)->(37,31,64.5)->(37,30,65)->(37,29,65.5)->(37,28,66)->(37,27,66.5)->(37,26,67)->(37,25,67.5179)->(37,24,68.0858)->(37,23,68.7679)->(37,22,70.0858)->(37,21,72.3)->(38,21,74.5142)->(39,21,75.9284)->(40,21,77.3426)->(41,21,5038.38)->
Agent 104:(7,22,1.3)->(7,23,2.01421)->(7,24,3.33205)->(7,25,4.0641)->(7,26,4.79615)->(7,27,6.11399)->(7,28,8.74242)->(6,28,12.3424)->(6,29,14.9708)->(6,30,16.2887)->(6,31,16.9708)->(6,32,17.5387)->(6,33,18.0566)->(6,34,18.5566)->(6,35,19.0566)->(6,36,19.5746)->(6,37,20.1424)->(6,38,20.8246)->(6,39,22.1424)->(6,40,24.3566)->(5,40,26.5708)->(4,40,27.9851)->(3,40,29.3993)->(2,40,5014.41)->
Agent 105:(56,58,2.2)->(56,57,3.81421)->(56,56,5.13205)->(56,55,5.81421)->(56,54,6.38205)->(56,53,6.9)->(56,52,7.4)->(56,51,7.9)->(56,50,8.4)->(56,49,8.91795)->(56,48,9.48579)->(56,47,10.1679)->(56,46,11.4858)->(56,45,14.1142)->(57,45,17.7142)->(57,44,20.3426)->(57,43,21.6605)->(57,42,22.3426)->(57,41,22.9105)->(57,40,23.4284)->(57,39,23.9284)->(57,38,24.4284)->(57,37,24.9284)->(57,36,25.4284)->(57,35,25.9284)->(57,34,26.4284)->(57,33,26.9284)->(57,32,27.4284)->(57,31,27.9284)->(57,30,28.4284)->(57,29,28.9464)->(57,28,29.5142)->(57,27,30.1964)->(57,26,31.5142)->(57,25,33.7284)->(56,25,35.9426)->(55,25,37.2605)->(54,25,37.9426)->(53,25,38.5105)->(52,25,39.0284)->(51,25,39.5284)->(50,25,40.0284)->(49,25,40.5284)->(48,25,41.0284)->(47,25,41.5284)->(46,25,42.0284)->(45,25,42.5284)->(44,25,43.0284)->(43,25,43.5284)->(42,25,44.0284)->(41,25,44.5284)->(40,25,45.0284)->(39,25,45.5284)->(38,25,46.0284)->(37,25,46.5284)->(36,25,47.0464)->(35,25,47.6142)->(34,25,48.2964)->(33,25,49.6142)->(32,25,51.8284)->(32,24,54.0426)->(32,23,55.3605)->(32,22,56.0426)->(32,21,56.6284)->(32,20,57.2142)->(32,19,57.8964)->(32,18,59.2142)->(32,17,64.5279)->(31,17,70.4274)->(30,17,73.2274)->(30,16,75.4416)->(30,15,76.7595)->(30,14,77.4416)->(30,13,78.0095)->(30,12,78.5274)->(30,11,79.0274)->(30,10,79.5274)->(30,9,80.0274)->(30,8,80.5274)->(30,7,81.0454)->(30,6,81.6132)->(30,5,82.2954)->(30,4,83.6132)->(30,3,85.8274)->(29,3,88.0416)->(28,3,89.3595)->(27,3,90.0416)->(26,3,90.6095)->(25,3,91.1274)->(24,3,91.6274)->(23,3,92.1274)->(22,3,92.6274)->(21,3,93.1274)->(20,3,93.6274)->(19,3,94.1274)->(18,3,94.6274)->(17,3,95.1454)->(16,3,95.7132)->(15,3,96.3954)->(14,3,97.7132)->(13,3,100.342)->(13,4,5050.36)->
Agent 106:(49,58,1.8)->(48,58,3.01421)->(47,58,4.33205)->(46,58,5.01421)->(45,58,5.58205)->(44,58,6.1)->(43,58,6.6)->(42,58,7.11795)->(41,58,7.68579)->(40,58,8.36795)->(39,58,9.68579)->(38,58,11.9)->(38,57,14.1142)->(38,56,15.4321)->(38,55,16.1142)->(38,54,16.7)->(38,53,17.2858)->(38,52,17.9679)->(38,51,19.2858)->(38,50,21.5)->(37,50,23.7142)->(36,50,25.0321)->(35,50,25.7142)->(34,50,26.2821)->(33,50,26.8)->(32,50,27.3)->(31,50,27.8)->(30,50,28.3)->(29,50,28.8)->(28,50,29.3)->(27,50,29.8)->(26,50,30.3)->(25,50,30.8)->(24,50,31.3)->(23,50,31.8179)->(22,50,32.3858)->(21,50,33.0679)->(20,50,34.3858)->(19,50,36.6)->(19,49,38.8142)->(19,48,40.1321)->(19,47,40.8142)->(19,46,41.3821)->(19,45,41.9)->(19,44,42.4)->(19,43,42.9)->(19,42,43.4)->(19,41,43.9)->(19,40,44.4)->(19,39,44.9)->(19,38,45.4)->(19,37,45.9)->(19,36,46.4)->(19,35,46.9)->(19,34,47.4)->(19,33,47.9)->(19,32,48.4)->(19,31,48.9)->(19,30,49.4)->(19,29,49.9)->(19,28,50.4179)->(19,27,50.9858)->(19,26,51.6679)->(19,25,52.9858)->(19,24,55.6142)->(20,24,5028)->
Agent 107:(36,50,2.4142)->(35,50,4.24261)->(34,50,5.56045)->(33,50,6.24261)->(32,50,6.81045)->(31,50,7.3284)->(30,50,7.8284)->(29,50,8.34635)->(28,50,8.91419)->(27,50,9.59635)->(26,50,10.9142)->(25,50,18.7444)->(25,49,26.5747)->(25,48,27.8925)->(25,47,28.5747)->(25,46,29.1425)->(25,45,29.6605)->(25,44,30.1605)->(25,43,30.6605)->(25,42,31.1605)->(25,41,31.6605)->(25,40,32.1605)->(25,39,32.6605)->(25,38,33.1605)->(25,37,33.6605)->(25,36,34.1605)->(25,35,34.6605)->(25,34,35.1605)->(25,33,35.6605)->(25,32,36.1605)->(25,31,36.6605)->(25,30,37.1605)->(25,29,37.6605)->(25,28,38.1605)->(25,27,38.6605)->(25,26,39.1605)->(25,25,39.6784)->(25,24,40.2462)->(25,23,40.9284)->(25,22,42.2462)->(25,21,44.8747)->(24,21,5022.63)->
Agent 108:(57,45,4.89264)->(57,44,9.19949)->(57,43,10.5173)->(57,42,11.1995)->(57,41,11.7673)->(57,40,12.2853)->(57,39,12.7853)->(57,38,13.2853)->(57,37,13.7853)->(57,36,14.2853)->(57,35,14.7853)->(57,34,15.3032)->(57,33,15.8711)->(57,32,16.5532)->(57,31,17.8711)->(57,30,20.0853)->(58,30,22.3348)->(59,30,24.3348)->(60,30,5011.89)->
Agent 109:(28,6,1.3)->(28,7,2.01421)->(28,8,3.33205)->(28,9,4.02382)->(28,10,4.65949)->(28,11,5.35126)->(28,12,6.6691)->(28,13,8.88331)->(29,13,11.0975)->(30,13,12.4154)->(31,13,13.0975)->(32,13,13.6654)->(33,13,14.1833)->(34,13,14.6833)->(35,13,15.1833)->(36,13,15.6833)->(37,13,16.2013)->(38,13,16.7691)->(39,13,17.4513)->(40,13,18.7691)->(41,13,21.3975)->(41,12,24.9975)->(42,12,28.2117)->(43,12,5014.11)->
Agent 110:(38,58,2.31795)->(38,57,4.05011)->(38,56,5.36795)->(38,55,6.05011)->(38,54,6.61795)->(38,53,7.1359)->(38,52,7.6359)->(38,51,8.15385)->(38,50,8.72168)->(38,49,9.40385)->(38,48,10.7217)->(38,47,13.2697)->(37,47,15.8178)->(36,47,17.232)->(35,47,18.6462)->(34,47,20.8605)->(34,46,23.0747)->(34,45,24.4889)->(34,44,25.9031)->(34,43,5012.66)->
Agent 111:(24,43,1.3)->(24,44,2.01421)->(24,45,3.34806)->(24,46,4.17649)->(24,47,5.51034)->(24,48,7.72456)->(25,48,9.93877)->(26,48,11.2566)->(27,48,11.9388)->(28,48,12.5066)->(29,48,13.0246)->(30,48,13.5246)->(31,48,14.0246)->(32,48,14.5425)->(33,48,15.1103)->(34,48,15.7925)->(35,48,17.1103)->(36,48,19.3246)->(36,49,21.5388)->(36,50,22.953)->(36,51,24.3672)->(36,52,27.1544)->(37,52,30.9132)->(37,53,33.5769)->(37,54,35.5769)->(37,55,5017.51)->
Agent 112:(38,22,2.21421)->(37,22,4.81421)->(37,23,7.44264)->(37,24,8.76048)->(37,25,9.44264)->(37,26,10.0105)->(37,27,10.5284)->(37,28,11.0284)->(37,29,11.5284)->(37,30,12.0284)->(37,31,12.5284)->(37,32,13.0284)->(37,33,13.5284)->(37,34,14.0284)->(37,35,14.5284)->(37,36,15.0284)->(37,37,15.5284)->(37,38,16.0284)->(37,39,16.5464)->(37,40,17.1142)->(37,41,17.7964)->(37,42,19.1142)->(37,43,21.7426)->(36,43,25.3426)->(36,44,27.9711)->(36,45,29.2889)->(36,46,29.9711)->(36,47,30.5389)->(36,48,31.0748)->(36,49,31.6426)->(36,50,32.3248)->(36,51,33.6426)->(36,52,35.8569)->(35,52,38.1063)->(34,52,40.1063)->(33,52,42.3558)->(33,53,44.57)->(33,54,45.8879)->(33,55,46.57)->(33,56,47.1379)->(33,57,47.6738)->(33,58,48.2416)->(33,59,48.9238)->(33,60,50.2416)->(33,61,5024.83)->
Agent 113:(27,37,3.55)->(26,37,7.1)->(25,37,9.9)->(25,36,12.1142)->(25,35,13.4321)->(25,34,14.1142)->(25,33,14.6821)->(25,32,15.2)->(25,31,15.7)->(25,30,16.2)->(25,29,16.7179)->(25,28,17.2858)->(25,27,17.9679)->(25,26,19.2858)->(25,25,21.9142)->(24,25,5011.15)->
Agent 114:(14,50,1.71421)->(14,51,3.81421)->(15,51,6.44264)->(16,51,7.77649)->(17,51,8.60492)->(18,51,9.93877)->(19,51,12.153)->(19,50,14.3672)->(19,49,15.685)->(19,48,16.3672)->(19,47,16.935)->(19,46,17.453)->(19,45,17.953)->(19,44,18.453)->(19,43,18.953)->(19,42,19.453)->(19,41,19.953)->(19,40,20.453)->(19,39,20.9709)->(19,38,21.5388)->(19,37,22.2209)->(19,36,23.5388)->(19,35,27.9628)->(20,35,32.4221)->(21,35,34.4221)->(22,35,37.0858)->(22,36,5018.74)->
Agent 115:(37,16,2.2)->(37,15,3.84949)->(37,14,5.84949)->(37,13,8.09898)->(38,13,10.3132)->(39,13,11.631)->(40,13,12.3132)->(41,13,12.881)->(42,13,13.4169)->(43,13,13.9848)->(44,13,14.6669)->(45,13,15.9848)->(46,13,18.6132)->(46,14,22.2132)->(47,14,24.8416)->(48,14,26.1755)->(49,14,27.0039)->(50,14,28.3377)->(51,14,5013.88)->
Agent 116:(38,11,2.2)->(38,10,3.81421)->(38,9,5.14806)->(38,8,5.97649)->(38,7,7.31034)->(38,6,10.4246)->(37,6,13.5388)->(36,6,14.8566)->(35,6,15.5388)->(34,6,16.1066)->(33,6,16.6246)->(32,6,17.1246)->(31,6,17.6246)->(30,6,18.1246)->(29,6,18.6246)->(28,6,19.1246)->(27,6,19.6246)->(26,6,20.1246)->(25,6,20.6246)->(24,6,21.1246)->(23,6,21.6246)->(22,6,22.1425)->(21,6,22.7103)->(20,6,23.3925)->(19,6,24.7103)->(18,6,5012.06)->
Agent 117:(53,34,2.21421)->(54,34,4.81421)->(54,33,7.44264)->(54,32,8.85685)->(54,31,10.2711)->(54,30,12.4853)->(55,30,14.6995)->(56,30,16.0173)->(57,30,16.6995)->(58,30,17.2853)->(59,30,17.8711)->(60,30,18.5532)->(61,30,19.8711)->(62,30,5009.64)->
Agent 118:(22,9,2.2)->(22,8,3.81421)->(22,7,5.13205)->(22,6,5.81421)->(22,5,6.4)->(22,4,6.98579)->(22,3,7.66795)->(22,2,8.98579)->(22,1,11.2623)->(23,1,13.5388)->(24,1,14.8566)->(25,1,15.5388)->(26,1,16.1066)->(27,1,16.6246)->(28,1,17.1246)->(29,1,17.6246)->(30,1,18.1246)->(31,1,18.6246)->(32,1,19.1246)->(33,1,19.6246)->(34,1,20.1246)->(35,1,20.6246)->(36,1,21.1246)->(37,1,21.6246)->(38,1,22.1246)->(39,1,22.6246)->(40,1,23.1246)->(41,1,23.6246)->(42,1,24.1246)->(43,1,24.6246)->(44,1,25.1246)->(45,1,25.6246)->(46,1,26.1425)->(47,1,26.7103)->(48,1,27.3925)->(49,1,28.7103)->(50,1,31.3388)->(50,0,5015.86)->
Agent 119:(19,9,1.3)->(19,10,2.01421)->(19,11,3.33205)->(19,12,4.01421)->(19,13,4.6)->(19,14,5.18579)->(19,15,5.86795)->(19,16,7.18579)->(19,17,9.81421)->(20,17,13.4142)->(20,18,16.6284)->(20,19,19.4284)->(21,19,21.6426)->(22,19,22.9605)->(23,19,23.6522)->(24,19,24.2879)->(25,19,24.9797)->(26,19,26.2975)->(27,19,29.6824)->(27,20,33.0672)->(27,21,34.385)->(27,22,35.0672)->(27,23,35.635)->(27,24,36.153)->(27,25,36.653)->(27,26,37.153)->(27,27,37.653)->(27,28,38.153)->(27,29,38.653)->(27,30,39.153)->(27,31,39.653)->(27,32,40.153)->(27,33,40.653)->(27,34,41.153)->(27,35,41.653)->(27,36,42.153)->(27,37,42.653)->(27,38,43.153)->(27,39,43.653)->(27,40,44.153)->(27,41,44.653)->(27,42,45.153)->(27,43,45.653)->(27,44,46.153)->(27,45,46.653)->(27,46,47.153)->(27,47,47.653)->(27,48,48.153)->(27,49,48.653)->(27,50,49.1709)->(27,51,49.7388)->(27,52,50.4209)->(27,53,51.7388)->(27,54,54.3672)->(28,54,57.9672)->(28,55,60.6309)->(28,56,62.6309)->(28,57,5031.04)->
