Agent 0:(29,14,4.27382)->(28,14,7.96185)->(27,14,9.27969)->(26,14,9.96185)->(25,14,10.5297)->(24,14,11.0476)->(23,14,11.5476)->(22,14,12.0476)->(21,14,12.5476)->(20,14,13.0476)->(19,14,13.5476)->(18,14,14.0476)->(17,14,14.5476)->(16,14,15.0476)->(15,14,15.5476)->(14,14,16.0476)->(13,14,16.5476)->(12,14,17.0656)->(11,14,17.6334)->(10,14,18.3156)->(9,14,19.6334)->(8,14,22.2619)->(8,13,27.1738)->(7,13,31.7)->(6,13,5015.85)->
Agent 1:(8,17,3.14625)->(8,18,5.70672)->(8,19,7.02455)->(8,20,7.70672)->(8,21,8.2925)->(8,22,8.87829)->(8,23,9.56045)->(8,24,10.8783)->(8,25,13.0925)->(7,25,15.3067)->(6,25,16.6406)->(5,25,17.469)->(4,25,18.8028)->(3,25,5009.11)->
Agent 2:(28,1,4.3)->(27,1,8.01421)->(26,1,9.33205)->(25,1,10.0142)->(24,1,10.5821)->(23,1,11.1)->(22,1,11.6)->(21,1,12.1)->(20,1,12.6)->(19,1,13.1)->(18,1,13.6)->(17,1,14.1)->(16,1,14.6)->(15,1,15.1)->(14,1,15.6)->(13,1,16.1)->(12,1,16.6)->(11,1,17.1)->(10,1,17.6179)->(9,1,18.1858)->(8,1,18.8679)->(7,1,20.1858)->(6,1,22.4)->(6,2,24.6142)->(6,3,25.9321)->(6,4,26.6142)->(6,5,27.1821)->(6,6,27.7)->(6,7,28.2)->(6,8,28.7)->(6,9,29.2)->(6,10,29.7)->(6,11,30.2)->(6,12,30.7)->(6,13,31.2)->(6,14,31.7)->(6,15,32.2)->(6,16,32.7)->(6,17,33.2)->(6,18,33.7)->(6,19,34.2179)->(6,20,34.7858)->(6,21,35.4679)->(6,22,36.7858)->(6,23,5018.1)->
Agent 3:(19,0,3.46795)->(19,1,6.35011)->(19,2,7.66795)->(19,3,8.35011)->(19,4,8.91795)->(19,5,9.4359)->(19,6,9.9359)->(19,7,10.4359)->(19,8,10.9538)->(19,9,11.5217)->(19,10,12.2038)->(19,11,13.5217)->(19,12,16.1501)->(18,12,5008.27)->
Agent 4:(3,20,2.21421)->(2,20,4.81421)->(2,19,7.44264)->(2,18,8.76048)->(2,17,9.49253)->(2,16,10.2246)->(2,15,11.5424)->(2,14,19.4141)->(1,14,27.8716)->(0,14,5013.94)->
Agent 5:(5,18,1.3)->(5,19,2.6)->(5,20,7.05587)->(6,20,10.926)->(7,20,12.2438)->(8,20,12.926)->(9,20,13.4938)->(10,20,14.0117)->(11,20,14.5117)->(12,20,15.0117)->(13,20,15.5117)->(14,20,16.0297)->(15,20,16.5975)->(16,20,17.2797)->(17,20,18.5975)->(18,20,21.226)->(18,21,5010.81)->
Agent 6:(22,28,2.2)->(22,27,3.81421)->(22,26,5.14806)->(22,25,5.97649)->(22,24,7.31034)->(22,23,10.2039)->(21,23,13.0975)->(20,23,14.4154)->(19,23,15.0975)->(18,23,15.6654)->(17,23,16.1833)->(16,23,16.6833)->(15,23,17.1833)->(14,23,17.7013)->(13,23,18.2691)->(12,23,18.9513)->(11,23,20.2691)->(10,23,5009.84)->
Agent 7:(30,4,1.3)->(30,5,2.6)->(30,6,7.34177)->(29,6,11.4978)->(28,6,12.8156)->(27,6,13.4978)->(26,6,14.0656)->(25,6,14.5835)->(24,6,15.0835)->(23,6,15.5835)->(22,6,16.0835)->(21,6,16.5835)->(20,6,17.0835)->(19,6,17.5835)->(18,6,18.1015)->(17,6,18.6693)->(16,6,19.3515)->(15,6,20.6693)->(14,6,5010.04)->
Agent 8:(31,1,1.3)->(31,2,2.01421)->(31,3,3.33205)->(31,4,4.01421)->(31,5,4.58205)->(31,6,5.1)->(31,7,5.6)->(31,8,6.1)->(31,9,6.6)->(31,10,7.11795)->(31,11,7.68579)->(31,12,8.36795)->(31,13,9.68579)->(31,14,11.9324)->(30,14,14.1789)->(29,14,15.4968)->(28,14,16.1789)->(27,14,16.7468)->(26,14,17.2647)->(25,14,17.7647)->(24,14,18.2647)->(23,14,18.7647)->(22,14,19.2647)->(21,14,19.7647)->(20,14,20.2647)->(19,14,20.7647)->(18,14,21.2647)->(17,14,21.7827)->(16,14,22.3505)->(15,14,23.0327)->(14,14,24.3505)->(13,14,26.5647)->(13,15,28.7789)->(13,16,30.0968)->(13,17,30.7885)->(13,18,31.4242)->(13,19,32.116)->(13,20,33.4338)->(13,21,35.648)->(12,21,38.448)->(11,21,41.248)->(11,22,43.4975)->(11,23,45.4975)->(11,24,5022.47)->
Agent 9:(6,5,1.3)->(6,6,2.01421)->(6,7,3.33205)->(6,8,4.01421)->(6,9,4.58205)->(6,10,5.1)->(6,11,5.6)->(6,12,6.1)->(6,13,6.6)->(6,14,7.1)->(6,15,7.61795)->(6,16,8.18579)->(6,17,8.86795)->(6,18,10.1858)->(6,19,12.5367)->(7,19,14.8875)->(8,19,16.2054)->(9,19,16.8971)->(10,19,17.5328)->(11,19,18.2246)->(12,19,19.5424)->(13,19,21.7566)->(13,20,23.9708)->(13,21,25.2887)->(13,22,25.9708)->(13,23,26.5387)->(13,24,27.0566)->(13,25,27.5566)->(13,26,28.0566)->(13,27,28.5746)->(13,28,29.1424)->(13,29,29.8246)->(13,30,31.1424)->(13,31,33.7566)->(13,30,36.9566)->(13,29,5018.48)->
Agent 10:(19,19,1.95)->(20,19,3.31421)->(21,19,4.63205)->(22,19,5.31421)->(23,19,5.88205)->(24,19,6.41795)->(25,19,6.98579)->(26,19,7.66795)->(27,19,8.98579)->(28,19,11.65)->(28,18,14.3142)->(28,17,15.6321)->(28,16,16.3238)->(28,15,16.9595)->(28,14,17.6513)->(28,13,18.9691)->(28,12,21.5975)->(29,12,5010.99)->
Agent 11:(11,30,3.34166)->(11,29,6.09753)->(11,28,7.41537)->(11,27,8.09753)->(11,26,8.66537)->(11,25,9.18331)->(11,24,9.68331)->(11,23,10.1833)->(11,22,10.7013)->(11,21,11.2691)->(11,20,11.9513)->(11,19,13.2691)->(11,18,5006.34)->
Agent 12:(8,19,3.14625)->(9,19,5.70672)->(10,19,7.02455)->(11,19,7.70672)->(12,19,8.27455)->(13,19,8.7925)->(14,19,9.2925)->(15,19,9.7925)->(16,19,10.2925)->(17,19,10.7925)->(18,19,11.2925)->(19,19,11.7925)->(20,19,12.3105)->(21,19,12.8783)->(22,19,13.5605)->(23,19,14.8783)->(24,19,17.0925)->(24,18,19.3067)->(24,17,20.6246)->(24,16,21.3067)->(24,15,21.8746)->(24,14,22.3925)->(24,13,22.8925)->(24,12,23.3925)->(24,11,23.8925)->(24,10,24.3925)->(24,9,24.9105)->(24,8,25.4783)->(24,7,26.1605)->(24,6,27.4783)->(24,5,5013.45)->
Agent 13:(14,3,1.8)->(13,3,3.6)->(12,3,7.21421)->(13,3,17.0822)->(13,4,25.5785)->(13,5,26.8964)->(13,6,27.5785)->(13,7,28.1464)->(13,8,28.6643)->(13,9,29.1643)->(13,10,29.6643)->(13,11,30.1643)->(13,12,30.6643)->(13,13,31.1643)->(13,14,31.6643)->(13,15,32.1823)->(13,16,32.7501)->(13,17,33.4323)->(13,18,34.7501)->(13,19,5017.08)->
Agent 14:(4,24,1.8)->(3,24,3.01421)->(2,24,4.42843)->(1,24,5.84264)->(0,24,8.05685)->(0,23,10.2711)->(0,22,11.5889)->(0,21,12.2711)->(0,20,12.8389)->(0,19,13.3569)->(0,18,13.8569)->(0,17,14.3569)->(0,16,14.8569)->(0,15,15.3569)->(0,14,15.8569)->(0,13,16.3569)->(0,12,16.8569)->(0,11,17.3569)->(0,10,17.8569)->(0,9,18.3748)->(0,8,18.9426)->(0,7,19.6248)->(0,6,20.9426)->(0,5,5010.18)->
Agent 15:(23,29,2.92008)->(23,28,5.25438)->(23,27,6.57222)->(23,26,7.25438)->(23,25,7.82222)->(23,24,8.34017)->(23,23,8.84017)->(23,22,9.34017)->(23,21,9.84017)->(23,20,10.3402)->(23,19,10.8402)->(23,18,11.3402)->(23,17,11.8402)->(23,16,12.3402)->(23,15,12.8402)->(23,14,13.3402)->(23,13,13.8402)->(23,12,14.3402)->(23,11,14.8402)->(23,10,15.3402)->(23,9,15.8402)->(23,8,16.3402)->(23,7,16.8581)->(23,6,17.426)->(23,5,18.1081)->(23,4,19.426)->(23,3,21.6402)->(22,3,23.8544)->(21,3,25.1722)->(20,3,25.8544)->(19,3,26.4222)->(18,3,26.9402)->(17,3,27.4402)->(16,3,27.9402)->(15,3,28.4581)->(14,3,29.026)->(13,3,29.7081)->(12,3,31.026)->(11,3,5015.22)->
Agent 16:(17,5,1.3)->(17,6,2.01421)->(17,7,3.33205)->(17,8,4.01421)->(17,9,4.58205)->(17,10,5.1)->(17,11,5.6)->(17,12,6.1)->(17,13,6.6)->(17,14,7.1)->(17,15,7.6)->(17,16,8.1)->(17,17,8.6)->(17,18,9.1)->(17,19,9.6)->(17,20,10.1)->(17,21,10.6)->(17,22,11.1)->(17,23,11.6179)->(17,24,12.1858)->(17,25,12.8679)->(17,26,14.1858)->(17,27,16.4)->(18,27,18.6142)->(19,27,19.9321)->(20,27,20.6142)->(21,27,21.1821)->(22,27,21.7)->(23,27,22.2)->(24,27,22.7)->(25,27,23.2)->(26,27,23.7179)->(27,27,24.2858)->(28,27,24.9679)->(29,27,26.2858)->(30,27,28.9142)->(30,28,5014.65)->
Agent 17:(28,26,2.2)->(28,25,3.81421)->(28,24,5.13205)->(28,23,5.81421)->(28,22,6.38205)->(28,21,6.9)->(28,20,7.4)->(28,19,7.9)->(28,18,8.4)->(28,17,8.9)->(28,16,9.4)->(28,15,9.9)->(28,14,10.4)->(28,13,10.9)->(28,12,11.4)->(28,11,11.9179)->(28,10,12.4858)->(28,9,13.1679)->(28,8,14.4858)->(28,7,16.7642)->(27,7,19.0426)->(26,7,20.3605)->(25,7,21.0426)->(24,7,21.6105)->(23,7,22.1284)->(22,7,22.6284)->(21,7,23.1284)->(20,7,23.6284)->(19,7,24.1284)->(18,7,24.6284)->(17,7,25.1284)->(16,7,25.6284)->(15,7,26.1284)->(14,7,26.6284)->(13,7,27.1284)->(12,7,27.6284)->(11,7,28.1464)->(10,7,28.7142)->(9,7,29.3964)->(8,7,30.7142)->(7,7,33.3426)->(7,6,36.9426)->(6,6,39.5711)->(5,6,40.9853)->(4,6,42.3995)->(3,6,45.0279)->(3,7,5022.71)->
Agent 18:(9,17,1.4142)->(9,18,2.24261)->(9,19,3.56045)->(9,20,4.24261)->(9,21,4.8284)->(9,22,5.41419)->(9,23,6.09635)->(9,24,7.41419)->(9,25,12.3702)->(10,25,17.3262)->(11,25,18.644)->(12,25,19.3761)->(13,25,20.1081)->(14,25,21.426)->(15,25,5010.42)->
Agent 19:(21,30,3.55587)->(20,30,6.52596)->(19,30,7.84379)->(18,30,8.52596)->(17,30,9.09379)->(16,30,9.61174)->(15,30,10.1117)->(14,30,10.6117)->(13,30,11.1117)->(12,30,11.6117)->(11,30,12.1117)->(10,30,12.6117)->(9,30,13.1117)->(8,30,13.6117)->(7,30,14.1117)->(6,30,14.6117)->(5,30,15.1297)->(4,30,15.6975)->(3,30,16.3797)->(2,30,17.6975)->(1,30,5008.56)->
Agent 20:(31,30,2.2)->(31,29,3.81421)->(31,28,5.13205)->(31,27,5.81421)->(31,26,6.38205)->(31,25,6.9)->(31,24,7.4)->(31,23,7.9)->(31,22,8.4)->(31,21,8.91795)->(31,20,9.48579)->(31,19,10.1679)->(31,18,11.4858)->(31,17,14.6283)->(30,17,17.7708)->(29,17,19.0887)->(28,17,19.7708)->(27,17,20.3387)->(26,17,20.8566)->(25,17,21.3566)->(24,17,21.8566)->(23,17,22.3566)->(22,17,22.8566)->(21,17,23.3566)->(20,17,23.8566)->(19,17,24.3566)->(18,17,24.8566)->(17,17,25.3566)->(16,17,25.8566)->(15,17,26.3566)->(14,17,26.8566)->(13,17,27.3566)->(12,17,27.8566)->(11,17,28.3746)->(10,17,28.9424)->(9,17,29.6246)->(8,17,30.9424)->(7,17,33.1566)->(7,16,35.9566)->(7,15,39.1708)->(6,15,5019.78)->
Agent 21:(29,5,2.45)->(29,6,4.31421)->(29,7,5.63205)->(29,8,6.31421)->(29,9,6.88205)->(29,10,7.4)->(29,11,7.9)->(29,12,8.4)->(29,13,8.9)->(29,14,9.4)->(29,15,9.9)->(29,16,10.4)->(29,17,10.9)->(29,18,11.4)->(29,19,11.9)->(29,20,12.4)->(29,21,12.9)->(29,22,13.4)->(29,23,13.9)->(29,24,14.4179)->(29,25,14.9858)->(29,26,15.6679)->(29,27,16.9858)->(29,28,19.2)->(28,28,21.4142)->(27,28,22.7321)->(26,28,23.4142)->(25,28,23.9821)->(24,28,24.5)->(23,28,25)->(22,28,25.5)->(21,28,26)->(20,28,26.5)->(19,28,27)->(18,28,27.5)->(17,28,28.0179)->(16,28,28.5858)->(15,28,29.2679)->(14,28,30.5858)->(13,28,5015)->
Agent 22:(4,11,1.3)->(4,12,2.01421)->(4,13,3.34806)->(4,14,4.17649)->(4,15,5.51034)->(4,16,8.87649)->(5,16,12.2426)->(6,16,13.5605)->(7,16,14.2426)->(8,16,14.8105)->(9,16,15.3284)->(10,16,15.8284)->(11,16,16.3284)->(12,16,16.8464)->(13,16,17.4142)->(14,16,18.0964)->(15,16,19.4142)->(16,16,24.0067)->(16,17,5013.18)->
Agent 23:(26,1,4.3)->(26,2,8.01421)->(26,3,9.33205)->(26,4,10.0142)->(26,5,10.5821)->(26,6,11.1)->(26,7,11.6)->(26,8,12.1)->(26,9,12.6)->(26,10,13.1)->(26,11,13.6)->(26,12,14.1)->(26,13,14.6)->(26,14,15.1)->(26,15,15.6)->(26,16,16.1)->(26,17,16.6)->(26,18,17.1179)->(26,19,17.6858)->(26,20,18.3679)->(26,21,19.6858)->(26,22,21.9)->(25,22,24.1142)->(24,22,25.4321)->(23,22,26.1142)->(22,22,26.6821)->(21,22,27.2)->(20,22,27.7)->(19,22,28.2)->(18,22,28.7)->(17,22,29.2179)->(16,22,29.7858)->(15,22,30.4679)->(14,22,31.7858)->(13,22,5015.6)->
Agent 24:(28,16,2.95)->(27,16,5.31421)->(26,16,6.63205)->(25,16,7.31421)->(24,16,7.88205)->(23,16,8.4)->(22,16,8.9)->(21,16,9.4)->(20,16,9.9)->(19,16,10.4179)->(18,16,10.9858)->(17,16,11.6679)->(16,16,12.9858)->(15,16,15.2)->(15,15,17.4142)->(15,14,18.7481)->(15,13,19.5765)->(15,12,20.9103)->(15,11,23.5388)->(14,11,5011.96)->
Agent 25:(28,17,2.75587)->(27,17,4.92596)->(26,17,6.24379)->(25,17,6.92596)->(24,17,7.49379)->(23,17,8.01174)->(22,17,8.51174)->(21,17,9.01174)->(20,17,9.51174)->(19,17,10.0117)->(18,17,10.5117)->(17,17,11.0117)->(16,17,11.5117)->(15,17,12.0117)->(14,17,12.5117)->(13,17,13.0117)->(12,17,13.5117)->(11,17,14.0297)->(10,17,14.5975)->(9,17,15.2797)->(8,17,16.5975)->(7,17,18.8117)->(7,16,21.026)->(7,15,22.3598)->(7,14,23.1882)->(7,13,24.5221)->(7,12,5011.97)->
Agent 26:(4,31,4.5641)->(4,30,8.54242)->(4,29,9.86025)->(4,28,10.5424)->(4,27,11.1103)->(4,26,11.6282)->(4,25,12.1282)->(4,24,12.6282)->(4,23,13.1282)->(4,22,13.6282)->(4,21,14.1282)->(4,20,14.6282)->(4,19,15.1282)->(4,18,15.6282)->(4,17,16.1282)->(4,16,16.6282)->(4,15,17.1282)->(4,14,17.6282)->(4,13,18.1282)->(4,12,18.6282)->(4,11,19.1282)->(4,10,19.6282)->(4,9,20.1282)->(4,8,20.6282)->(4,7,21.1282)->(4,6,21.6282)->(4,5,22.1462)->(4,4,22.714)->(4,3,23.3962)->(4,2,24.714)->(4,1,26.9282)->(5,1,29.1424)->(6,1,30.4603)->(7,1,31.1424)->(8,1,31.7103)->(9,1,32.2282)->(10,1,32.7282)->(11,1,33.2282)->(12,1,33.7282)->(13,1,34.2282)->(14,1,34.7282)->(15,1,35.2282)->(16,1,35.7282)->(17,1,36.2282)->(18,1,36.7282)->(19,1,37.2282)->(20,1,37.7282)->(21,1,38.2282)->(22,1,38.7282)->(23,1,39.2462)->(24,1,39.814)->(25,1,40.4962)->(26,1,41.814)->(27,1,5020.61)->
Agent 27:(20,0,1.3)->(20,1,2.01421)->(20,2,3.33205)->(20,3,4.0641)->(20,4,4.79615)->(20,5,6.11399)->(20,6,8.98205)->(19,6,11.8501)->(18,6,13.1679)->(17,6,13.8501)->(16,6,14.4179)->(15,6,14.9359)->(14,6,15.4538)->(13,6,16.0217)->(12,6,16.7038)->(11,6,18.0217)->(10,6,21.7179)->(10,7,25.4142)->(10,8,26.7321)->(10,9,27.4142)->(10,10,27.9821)->(10,11,28.5)->(10,12,29)->(10,13,29.5)->(10,14,30)->(10,15,30.5)->(10,16,31.0179)->(10,17,31.5858)->(10,18,32.2679)->(10,19,33.5858)->(10,20,36.2142)->(9,20,39.8142)->(9,21,42.4426)->(9,22,43.7605)->(9,23,44.4426)->(9,24,45.0105)->(9,25,45.5284)->(9,26,46.0284)->(9,27,46.5464)->(9,28,47.1142)->(9,29,47.7964)->(9,30,49.1142)->(9,31,5024.26)->
Agent 28:(29,21,2.2)->(29,20,3.84949)->(29,19,5.84949)->(29,18,8.09949)->(28,18,10.9)->(27,18,5005.45)->
Agent 29:(13,14,1.3)->(13,15,2.01421)->(13,16,3.33205)->(13,17,4.01421)->(13,18,4.58205)->(13,19,5.1)->(13,20,5.6)->(13,21,6.11795)->(13,22,6.68579)->(13,23,7.36795)->(13,24,8.68579)->(13,25,10.9)->(14,25,13.1142)->(15,25,14.4481)->(16,25,15.2765)->(17,25,16.6103)->(18,25,5008.01)->
Agent 30:(16,4,1.89625)->(16,5,3.20672)->(16,6,4.52455)->(16,7,5.20672)->(16,8,5.77455)->(16,9,6.2925)->(16,10,6.7925)->(16,11,7.2925)->(16,12,7.7925)->(16,13,8.2925)->(16,14,8.7925)->(16,15,9.2925)->(16,16,9.7925)->(16,17,10.2925)->(16,18,10.7925)->(16,19,11.2925)->(16,20,11.8105)->(16,21,12.3783)->(16,22,13.0605)->(16,23,14.3783)->(16,24,16.5925)->(15,24,18.8067)->(14,24,20.1246)->(13,24,20.8067)->(12,24,21.3925)->(11,24,21.9783)->(10,24,22.6605)->(9,24,23.9783)->(8,24,5011.7)->
Agent 31:(2,22,2.3)->(3,22,4.01421)->(4,22,5.33205)->(5,22,6.01421)->(6,22,6.58205)->(7,22,7.1)->(8,22,7.6)->(9,22,8.1)->(10,22,8.6)->(11,22,9.1)->(12,22,9.6)->(13,22,10.1)->(14,22,10.6)->(15,22,11.1)->(16,22,11.6)->(17,22,12.1)->(18,22,12.6)->(19,22,13.1)->(20,22,13.6)->(21,22,14.1)->(22,22,14.6)->(23,22,15.1179)->(24,22,15.6858)->(25,22,16.3679)->(26,22,17.6858)->(27,22,19.9)->(27,23,22.7)->(27,24,5011.35)->
Agent 32:(24,28,2.2)->(24,27,3.81421)->(24,26,5.13205)->(24,25,5.82382)->(24,24,6.45949)->(24,23,7.15126)->(24,22,8.4691)->(24,21,10.7833)->(23,21,13.0975)->(22,21,14.4154)->(21,21,15.0975)->(20,21,15.6654)->(19,21,16.1833)->(18,21,16.6833)->(17,21,17.1833)->(16,21,17.6833)->(15,21,18.1833)->(14,21,18.7013)->(13,21,19.2691)->(12,21,19.9513)->(11,21,21.2691)->(10,21,5010.34)->
Agent 33:(0,3,2.2)->(0,2,3.84949)->(0,1,5.84949)->(0,0,8.09898)->(1,0,10.3132)->(2,0,11.631)->(3,0,12.3228)->(4,0,12.9585)->(5,0,13.6502)->(6,0,14.9681)->(7,0,5007.19)->
Agent 34:(15,23,2.31795)->(14,23,4.05011)->(13,23,5.36795)->(12,23,6.05011)->(11,23,6.61795)->(10,23,7.1359)->(9,23,7.65385)->(8,23,8.22168)->(7,23,8.90385)->(6,23,10.2217)->(5,23,12.4359)->(5,22,14.6501)->(5,21,15.9679)->(5,20,16.6501)->(5,19,17.2179)->(5,18,17.7359)->(5,17,18.2359)->(5,16,18.7359)->(5,15,19.2359)->(5,14,19.7359)->(5,13,20.2538)->(5,12,20.8217)->(5,11,21.5038)->(5,10,22.8217)->(5,9,25.0359)->(4,9,27.8359)->(3,9,31.0359)->(4,9,34.2359)->(5,9,5017.12)->
Agent 35:(7,6,1.3)->(7,7,2.01421)->(7,8,3.34806)->(7,9,4.17649)->(7,10,5.51034)->(7,11,7.72456)->(8,11,9.93877)->(9,11,11.2566)->(10,11,11.9388)->(11,11,12.5066)->(12,11,13.0246)->(13,11,13.5246)->(14,11,14.0425)->(15,11,14.6103)->(16,11,15.2925)->(17,11,16.6103)->(18,11,5008.01)->
Agent 36:(18,23,2.2)->(18,22,3.81421)->(18,21,5.14806)->(18,20,5.97649)->(18,19,7.31034)->(18,18,9.96228)->(17,18,12.6142)->(16,18,13.9321)->(15,18,14.6641)->(14,18,15.3962)->(13,18,16.714)->(12,18,5008.06)->
Agent 37:(18,18,1.8)->(17,18,3.01421)->(16,18,4.33205)->(15,18,5.02382)->(14,18,5.65949)->(13,18,6.35126)->(12,18,7.6691)->(11,18,9.88331)->(11,17,12.0975)->(11,16,13.4154)->(11,15,14.1474)->(11,14,14.8795)->(11,13,16.1973)->(11,12,5007.81)->
Agent 38:(27,23,1.8)->(26,23,3.01421)->(25,23,4.33205)->(24,23,5.01421)->(23,23,5.58205)->(22,23,6.1)->(21,23,6.6)->(20,23,7.1)->(19,23,7.6)->(18,23,8.1)->(17,23,8.6)->(16,23,9.1)->(15,23,9.6)->(14,23,10.1)->(13,23,10.6)->(12,23,11.1)->(11,23,11.6)->(10,23,12.1179)->(9,23,12.6858)->(8,23,13.3679)->(7,23,14.6858)->(6,23,16.9)->(6,22,19.1142)->(6,21,20.4321)->(6,20,21.1142)->(6,19,21.6821)->(6,18,22.2)->(6,17,22.7179)->(6,16,23.2858)->(6,15,23.9679)->(6,14,25.2858)->(6,13,27.5)->(5,13,29.7142)->(4,13,31.0321)->(3,13,31.7641)->(2,13,32.4962)->(1,13,33.814)->(0,13,36.0282)->(0,12,38.8282)->(0,11,5019.41)->
Agent 39:(23,5,1.8)->(24,5,3.01421)->(25,5,4.33205)->(26,5,5.01421)->(27,5,5.6)->(28,5,6.18579)->(29,5,6.86795)->(30,5,8.18579)->(31,5,10.4)->(31,6,12.6142)->(31,7,13.9321)->(31,8,14.6142)->(31,9,15.1821)->(31,10,15.7)->(31,11,16.2)->(31,12,16.7)->(31,13,17.2)->(31,14,17.7)->(31,15,18.2)->(31,16,18.7)->(31,17,19.2)->(31,18,19.7)->(31,19,20.2179)->(31,20,20.7858)->(31,21,21.4679)->(31,22,22.7858)->(31,23,5011.1)->
Agent 40:(4,20,1.3)->(4,21,2.01421)->(4,22,3.33205)->(4,23,4.0641)->(4,24,4.79615)->(4,25,6.11399)->(4,26,8.3282)->(5,26,10.5424)->(6,26,11.8603)->(7,26,12.5424)->(8,26,13.1103)->(9,26,13.6282)->(10,26,14.1282)->(11,26,14.6282)->(12,26,15.1282)->(13,26,15.6282)->(14,26,16.1282)->(15,26,16.6282)->(16,26,17.1282)->(17,26,17.6462)->(18,26,18.214)->(19,26,18.8962)->(20,26,20.214)->(21,26,22.8424)->(21,27,5011.61)->
Agent 41:(27,12,4.21795)->(26,12,7.85011)->(25,12,9.16795)->(24,12,9.85011)->(23,12,10.4179)->(22,12,10.9359)->(21,12,11.4359)->(20,12,11.9359)->(19,12,12.4359)->(18,12,12.9538)->(17,12,13.5217)->(16,12,14.2038)->(15,12,15.5217)->(14,12,17.7359)->(14,13,19.9501)->(14,14,21.2679)->(14,15,21.9501)->(14,16,22.5179)->(14,17,23.0538)->(14,18,23.6217)->(14,19,24.3038)->(14,20,25.6217)->(14,21,5012.52)->
Agent 42:(0,10,2.42008)->(1,10,4.25438)->(2,10,5.57222)->(3,10,6.25438)->(4,10,6.82222)->(5,10,7.34017)->(6,10,7.84017)->(7,10,8.34017)->(8,10,8.84017)->(9,10,9.34017)->(10,10,9.84017)->(11,10,10.3402)->(12,10,10.8402)->(13,10,11.3402)->(14,10,11.8402)->(15,10,12.3402)->(16,10,12.8402)->(17,10,13.3402)->(18,10,13.8402)->(19,10,14.3402)->(20,10,14.8402)->(21,10,15.3402)->(22,10,15.8402)->(23,10,16.3402)->(24,10,16.8402)->(25,10,17.3402)->(26,10,17.8402)->(27,10,18.3581)->(28,10,18.926)->(29,10,19.6081)->(30,10,20.926)->(31,10,23.1402)->(31,9,25.3544)->(31,8,26.6722)->(31,7,27.3544)->(31,6,27.9402)->(31,5,28.526)->(31,4,29.2081)->(31,3,30.526)->(31,2,5014.97)->
Agent 43:(17,12,1.8)->(18,12,3.6)->(19,12,6.89166)->(19,13,9.59753)->(19,14,10.9154)->(19,15,11.5975)->(19,16,12.1654)->(19,17,12.6833)->(19,18,13.1833)->(19,19,13.7013)->(19,20,14.2691)->(19,21,14.9513)->(19,22,16.2691)->(19,23,18.8975)->(20,23,5009.64)->
Agent 44:(23,21,3.52382)->(23,20,6.46185)->(23,19,7.77969)->(23,18,8.46185)->(23,17,9.02969)->(23,16,9.54764)->(23,15,10.0476)->(23,14,10.5476)->(23,13,11.0476)->(23,12,11.5476)->(23,11,12.0476)->(23,10,12.5476)->(23,9,13.0476)->(23,8,13.5476)->(23,7,14.0476)->(23,6,14.5656)->(23,5,15.1334)->(23,4,15.8156)->(23,3,17.1334)->(23,2,19.3476)->(22,2,21.5619)->(21,2,22.9761)->(20,2,24.3903)->(19,2,26.6045)->(19,3,29.4045)->(19,4,5014.7)->
Agent 45:(22,3,1.3)->(22,4,2.01421)->(22,5,3.33205)->(22,6,4.01421)->(22,7,4.58205)->(22,8,5.1)->(22,9,5.6)->(22,10,6.1)->(22,11,6.61795)->(22,12,7.18579)->(22,13,7.86795)->(22,14,9.18579)->(22,15,15.4963)->(23,15,22.3925)->(24,15,5011.2)->
Agent 46:(15,1,1.3)->(15,2,2.01421)->(15,3,3.33205)->(15,4,4.01421)->(15,5,4.58205)->(15,6,5.1)->(15,7,5.6)->(15,8,6.1)->(15,9,6.61795)->(15,10,7.18579)->(15,11,7.86795)->(15,12,9.18579)->(15,13,11.8142)->(16,13,5006.1)->
Agent 47:(3,23,3.71421)->(3,22,6.84264)->(3,21,8.16048)->(3,20,8.84264)->(3,19,9.41048)->(3,18,9.92843)->(3,17,10.4284)->(3,16,10.9284)->(3,15,11.4284)->(3,14,11.9284)->(3,13,12.4284)->(3,12,12.9464)->(3,11,13.5142)->(3,10,14.1964)->(3,9,15.5142)->(3,8,17.7284)->(2,8,19.9779)->(1,8,21.9779)->(0,8,5010.71)->
Agent 48:(14,2,3.00587)->(14,3,5.42596)->(14,4,6.74379)->(14,5,7.42596)->(14,6,7.99379)->(14,7,8.51174)->(14,8,9.01174)->(14,9,9.51174)->(14,10,10.0117)->(14,11,10.5117)->(14,12,11.0117)->(14,13,11.5117)->(14,14,12.0117)->(14,15,12.5117)->(14,16,13.0117)->(14,17,13.5117)->(14,18,14.0117)->(14,19,14.5117)->(14,20,15.0117)->(14,21,15.5117)->(14,22,16.0297)->(14,23,16.5975)->(14,24,17.2797)->(14,25,18.5975)->(14,26,20.8117)->(15,26,23.026)->(16,26,24.3438)->(17,26,25.026)->(18,26,25.5938)->(19,26,26.1117)->(20,26,26.6117)->(21,26,27.1117)->(22,26,27.6117)->(23,26,28.1117)->(24,26,28.6117)->(25,26,29.1117)->(26,26,29.6297)->(27,26,30.1975)->(28,26,30.8797)->(29,26,32.1975)->(30,26,5015.81)->
Agent 49:(9,19,1.3)->(9,20,2.01421)->(9,21,3.33205)->(9,22,4.01421)->(9,23,4.6)->(9,24,5.18579)->(9,25,5.86795)->(9,26,7.18579)->(9,27,9.4)->(8,27,11.6142)->(7,27,13.0284)->(6,27,14.4426)->(5,27,16.6569)->(5,26,18.8711)->(5,25,20.1889)->(5,24,20.8711)->(5,23,21.4389)->(5,22,21.9569)->(5,21,22.4569)->(5,20,22.9569)->(5,19,23.4569)->(5,18,23.9569)->(5,17,24.4569)->(5,16,24.9569)->(5,15,25.4569)->(5,14,25.9569)->(5,13,26.4569)->(5,12,26.9569)->(5,11,27.4569)->(5,10,27.9569)->(5,9,28.4569)->(5,8,28.9748)->(5,7,29.5426)->(5,6,30.2248)->(5,5,31.5426)->(5,4,5015.48)->
Agent 50:(13,2,1.8)->(12,2,3.01421)->(11,2,4.34806)->(10,2,5.17649)->(9,2,6.51034)->(8,2,9.13877)->(8,3,5004.76)->
Agent 51:(20,25,2.2)->(20,24,3.81421)->(20,23,5.13205)->(20,22,5.81421)->(20,21,6.38205)->(20,20,6.9)->(20,19,7.4)->(20,18,7.9)->(20,17,8.4)->(20,16,8.9)->(20,15,9.4)->(20,14,9.9)->(20,13,10.4)->(20,12,10.9179)->(20,11,11.4858)->(20,10,12.1679)->(20,9,13.4858)->(20,8,15.7)->(19,8,17.9142)->(18,8,19.2321)->(17,8,19.9142)->(16,8,20.4821)->(15,8,21)->(14,8,21.5)->(13,8,22.0179)->(12,8,22.5858)->(11,8,23.2679)->(10,8,24.5858)->(9,8,5012)->
Agent 52:(20,14,1.8)->(19,14,3.01421)->(18,14,4.33205)->(17,14,5.01421)->(16,14,5.6)->(15,14,6.18579)->(14,14,6.86795)->(13,14,8.18579)->(12,14,10.4)->(12,15,12.6142)->(12,16,13.9321)->(12,17,14.6641)->(12,18,15.3962)->(12,19,16.714)->(12,20,5008.06)->
Agent 53:(11,17,2.2)->(11,16,3.81421)->(11,15,5.13205)->(11,14,5.81421)->(11,13,6.38205)->(11,12,6.9)->(11,11,7.4)->(11,10,7.9)->(11,9,8.4)->(11,8,8.9)->(11,7,9.4)->(11,6,9.91795)->(11,5,10.4858)->(11,4,11.1679)->(11,3,12.4858)->(11,2,18.9022)->(12,2,25.3187)->(13,2,26.6365)->(14,2,27.3187)->(15,2,27.8865)->(16,2,28.4045)->(17,2,28.9045)->(18,2,29.4045)->(19,2,29.9045)->(20,2,30.4045)->(21,2,30.9045)->(22,2,31.4045)->(23,2,31.9045)->(24,2,32.4045)->(25,2,32.9224)->(26,2,33.4903)->(27,2,34.1724)->(28,2,35.4903)->(29,2,5017.45)->
Agent 54:(22,12,1.71421)->(22,13,3.81421)->(23,13,6.47792)->(24,13,8.47792)->(25,13,12.4343)->(25,12,16.3907)->(25,11,18.3907)->(25,10,22.7805)->(24,10,5012.45)->
Agent 55:(18,8,4.26421)->(18,9,7.94264)->(18,10,9.26048)->(18,11,9.94264)->(18,12,10.5105)->(18,13,11.0284)->(18,14,11.5284)->(18,15,12.0464)->(18,16,12.6142)->(18,17,13.2964)->(18,18,14.6142)->(18,19,16.8284)->(19,19,19.0779)->(20,19,21.0779)->(21,19,5010.26)->
Agent 56:(8,16,2.2)->(8,15,3.81421)->(8,14,5.13205)->(8,13,5.81421)->(8,12,6.38205)->(8,11,6.91795)->(8,10,7.48579)->(8,9,8.16795)->(8,8,9.48579)->(8,7,19.0647)->(7,7,28.6789)->(6,7,30.6789)->(5,7,5015.06)->
Agent 57:(27,17,1.3)->(27,18,2.01421)->(27,19,3.33205)->(27,20,4.01421)->(27,21,4.58205)->(27,22,5.1)->(27,23,5.6)->(27,24,6.1)->(27,25,6.6)->(27,26,7.11795)->(27,27,7.68579)->(27,28,8.36795)->(27,29,9.68579)->(27,30,16.5363)->(27,29,23.4221)->(27,28,25.4221)->(27,27,5012.44)->
Agent 58:(10,16,1.3)->(10,17,2.01421)->(10,18,3.33205)->(10,19,4.01421)->(10,20,4.58205)->(10,21,5.1)->(10,22,5.6)->(10,23,6.11795)->(10,24,6.68579)->(10,25,7.36795)->(10,26,8.68579)->(10,27,12.0642)->(11,27,15.4426)->(12,27,16.7605)->(13,27,17.4426)->(14,27,18.0284)->(15,27,18.6142)->(16,27,19.2964)->(17,27,20.6142)->(18,27,5010.01)->
Agent 59:(26,11,3.75051)->(27,11,6.95051)->(28,11,8.95051)->(29,11,11.2)->(29,10,13.4142)->(29,9,14.7321)->(29,8,15.4238)->(29,7,16.0595)->(29,6,16.7513)->(29,5,18.0691)->(29,4,5008.74)->
