Agent 0:(9,17,1.95)->(10,17,3.31421)->(11,17,4.63205)->(12,17,5.31421)->(13,17,5.88205)->(14,17,6.4)->(15,17,6.9)->(16,17,7.4)->(17,17,7.9)->(18,17,8.4)->(19,17,8.9)->(20,17,9.4)->(21,17,9.9)->(22,17,10.4)->(23,17,10.9)->(24,17,11.4)->(25,17,11.9179)->(26,17,12.4858)->(27,17,13.1679)->(28,17,14.4858)->(29,17,17.4821)->(29,16,20.4783)->(29,15,21.7962)->(29,14,22.5282)->(29,13,23.2603)->(29,12,24.5781)->(29,11,5012)->
Agent 1:(18,4,2.21421)->(18,5,3.84264)->(18,6,5.16048)->(18,7,5.84264)->(18,8,6.41048)->(18,9,6.92843)->(18,10,7.42843)->(18,11,7.92843)->(18,12,8.42843)->(18,13,8.92843)->(18,14,9.42843)->(18,15,9.92843)->(18,16,10.4284)->(18,17,10.9284)->(18,18,11.4284)->(18,19,11.9284)->(18,20,12.4464)->(18,21,13.0142)->(18,22,13.6964)->(18,23,15.0142)->(18,24,17.2284)->(19,24,19.4779)->(20,24,21.4779)->(21,24,24.1416)->(21,25,5012.26)->
Agent 2:(9,20,1.8)->(10,20,3.01421)->(11,20,4.33205)->(12,20,5.02382)->(13,20,5.65949)->(14,20,6.35126)->(15,20,7.6691)->(16,20,11.302)->(16,19,14.9349)->(16,18,16.2528)->(16,17,16.9349)->(16,16,17.5028)->(16,15,18.0207)->(16,14,18.5207)->(16,13,19.0207)->(16,12,19.5207)->(16,11,20.0207)->(16,10,20.5207)->(16,9,21.0207)->(16,8,21.5207)->(16,7,22.0207)->(16,6,22.5207)->(16,5,23.0207)->(16,4,23.5387)->(16,3,24.1065)->(16,2,24.7887)->(16,1,26.1065)->(16,0,28.9887)->(17,0,31.8708)->(18,0,33.1887)->(19,0,33.8708)->(20,0,34.4387)->(21,0,34.9566)->(22,0,35.4746)->(23,0,36.0424)->(24,0,36.7246)->(25,0,38.0424)->(26,0,40.6708)->(26,1,5020.53)->
Agent 3:(28,21,2.2)->(28,20,3.81421)->(28,19,5.13205)->(28,18,5.81421)->(28,17,6.38205)->(28,16,6.9)->(28,15,7.4)->(28,14,7.9)->(28,13,8.41795)->(28,12,8.98579)->(28,11,9.66795)->(28,10,10.9858)->(28,9,13.9963)->(27,9,17.0067)->(26,9,18.3246)->(25,9,19.0067)->(24,9,19.5746)->(23,9,20.0925)->(22,9,20.5925)->(21,9,21.0925)->(20,9,21.5925)->(19,9,22.0925)->(18,9,22.5925)->(17,9,23.0925)->(16,9,23.5925)->(15,9,24.0925)->(14,9,24.5925)->(13,9,25.0925)->(12,9,25.5925)->(11,9,26.0925)->(10,9,26.6105)->(9,9,27.1783)->(8,9,27.8605)->(7,9,29.1783)->(6,9,5014.3)->
Agent 4:(7,17,2.2)->(7,16,3.81421)->(7,15,5.13205)->(7,14,5.81421)->(7,13,6.38205)->(7,12,6.9)->(7,11,7.4)->(7,10,7.9)->(7,9,8.41795)->(7,8,8.98579)->(7,7,9.66795)->(7,6,10.9858)->(7,5,13.2)->(6,5,16)->(5,5,5008)->
Agent 5:(29,27,2.21421)->(30,27,5.6)->(30,26,9.01421)->(30,25,10.3321)->(30,24,11.0142)->(30,23,11.5821)->(30,22,12.1)->(30,21,12.6)->(30,20,13.1)->(30,19,13.6)->(30,18,14.1)->(30,17,14.6)->(30,16,15.1)->(30,15,15.6)->(30,14,16.1)->(30,13,16.6)->(30,12,17.1)->(30,11,17.6179)->(30,10,18.1858)->(30,9,18.8679)->(30,8,20.1858)->(30,7,22.8142)->(31,7,5011.6)->
Agent 6:(30,22,1.96421)->(29,22,3.34264)->(28,22,4.66048)->(27,22,5.34264)->(26,22,5.91048)->(25,22,6.42843)->(24,22,6.94638)->(23,22,7.51421)->(22,22,8.19638)->(21,22,9.51421)->(20,22,14.8001)->(20,21,20.086)->(20,20,21.4038)->(20,19,22.1359)->(20,18,22.8679)->(20,17,24.1858)->(20,16,5011.8)->
Agent 7:(7,19,1.8)->(8,19,3.01421)->(9,19,4.33205)->(10,19,5.01421)->(11,19,5.58205)->(12,19,6.1)->(13,19,6.6)->(14,19,7.1)->(15,19,7.6)->(16,19,8.1)->(17,19,8.6)->(18,19,9.1)->(19,19,9.6)->(20,19,10.1)->(21,19,10.6)->(22,19,11.1)->(23,19,11.6)->(24,19,12.1)->(25,19,12.6)->(26,19,13.1179)->(27,19,13.6858)->(28,19,14.3679)->(29,19,15.6858)->(30,19,17.9)->(30,20,20.1495)->(30,21,22.1495)->(30,22,24.8132)->(31,22,5012.6)->
Agent 8:(8,12,5.62744)->(9,12,10.6691)->(10,12,11.9869)->(11,12,12.6691)->(12,12,13.2369)->(13,12,13.7549)->(14,12,14.2728)->(15,12,14.8407)->(16,12,15.5228)->(17,12,16.8407)->(18,12,19.6954)->(18,13,22.5501)->(18,14,23.8679)->(18,15,24.5501)->(18,16,25.1359)->(18,17,25.7217)->(18,18,26.4038)->(18,19,27.7217)->(18,20,5013.57)->
Agent 9:(22,16,3.60949)->(21,16,6.6332)->(20,16,7.95104)->(19,16,8.6332)->(18,16,9.20104)->(17,16,9.71899)->(16,16,10.219)->(15,16,10.7369)->(14,16,11.3048)->(13,16,11.9869)->(12,16,13.3048)->(11,16,15.519)->(11,15,17.7685)->(11,14,19.7685)->(11,13,5009.61)->
Agent 10:(2,9,1.3)->(2,10,2.01421)->(2,11,3.33205)->(2,12,4.01421)->(2,13,4.58205)->(2,14,5.1)->(2,15,5.61795)->(2,16,6.18579)->(2,17,6.86795)->(2,18,8.18579)->(2,19,10.4)->(3,19,12.6142)->(4,19,13.9321)->(5,19,14.6641)->(6,19,15.3962)->(7,19,16.714)->(8,19,5008.06)->
Agent 11:(9,22,2.2)->(9,21,3.81421)->(9,20,5.13205)->(9,19,5.82382)->(9,18,6.45949)->(9,17,7.15126)->(9,16,8.4691)->(9,15,16.4559)->(10,15,24.4426)->(11,15,25.7605)->(12,15,26.4426)->(13,15,27.0105)->(14,15,27.5284)->(15,15,28.0284)->(16,15,28.5284)->(17,15,29.0284)->(18,15,29.5284)->(19,15,30.0284)->(20,15,30.5284)->(21,15,31.0284)->(22,15,31.5284)->(23,15,32.0284)->(24,15,32.5464)->(25,15,33.1142)->(26,15,33.7964)->(27,15,35.1142)->(28,15,5017.26)->
Agent 12:(1,7,1.3)->(1,8,2.01421)->(1,9,3.33205)->(1,10,4.01421)->(1,11,4.58205)->(1,12,5.1)->(1,13,5.6)->(1,14,6.1)->(1,15,6.6)->(1,16,7.1)->(1,17,7.6)->(1,18,8.1)->(1,19,8.61795)->(1,20,9.18579)->(1,21,9.86795)->(1,22,11.1858)->(1,23,13.4)->(2,23,16.2)->(3,23,21.1142)->(3,24,5011.6)->
Agent 13:(13,21,4.12744)->(13,20,7.6691)->(13,19,8.98694)->(13,18,9.6691)->(13,17,10.2369)->(13,16,10.7549)->(13,15,11.2549)->(13,14,11.7549)->(13,13,12.2549)->(13,12,12.7549)->(13,11,13.2549)->(13,10,13.7549)->(13,9,14.2549)->(13,8,14.7549)->(13,7,15.2728)->(13,6,15.8407)->(13,5,16.5228)->(13,4,17.8407)->(13,3,20.0549)->(12,3,22.8549)->(11,3,5011.43)->
Agent 14:(7,11,2.2)->(7,10,3.81421)->(7,9,5.13205)->(7,8,5.82382)->(7,7,6.45949)->(7,6,7.15126)->(7,5,8.4691)->(7,4,10.6833)->(8,4,13.4833)->(9,4,5006.74)->
Agent 15:(22,15,2.2)->(22,14,3.81421)->(22,13,5.14806)->(22,12,5.97649)->(22,11,7.31034)->(22,10,9.52456)->(21,10,11.774)->(20,10,13.774)->(19,10,16.0235)->(19,9,18.2377)->(19,8,19.5716)->(19,7,20.4)->(19,6,21.7339)->(19,5,28.3377)->(19,6,35.5274)->(19,7,5017.76)->
Agent 16:(12,20,1.71421)->(12,21,3.81421)->(11,21,7.02843)->(10,21,5003.51)->
Agent 17:(15,6,1.71421)->(15,7,9.21048)->(14,7,20.0425)->(14,8,25.0925)->(14,9,5012.55)->
Agent 18:(11,31,2.26421)->(11,30,3.94264)->(11,29,5.26048)->(11,28,5.94264)->(11,27,6.51048)->(11,26,7.02843)->(11,25,7.52843)->(11,24,8.02843)->(11,23,8.52843)->(11,22,9.02843)->(11,21,9.52843)->(11,20,10.0284)->(11,19,10.5284)->(11,18,11.0284)->(11,17,11.5284)->(11,16,12.0284)->(11,15,12.5284)->(11,14,13.0284)->(11,13,13.5284)->(11,12,14.0284)->(11,11,14.5284)->(11,10,15.0284)->(11,9,15.5284)->(11,8,16.0464)->(11,7,16.6142)->(11,6,17.2964)->(11,5,18.6142)->(11,4,20.8284)->(12,4,23.0426)->(13,4,24.3605)->(14,4,25.0426)->(15,4,25.6105)->(16,4,26.1284)->(17,4,26.6284)->(18,4,27.1464)->(19,4,27.7142)->(20,4,28.3964)->(21,4,29.7142)->(22,4,5014.56)->
Agent 19:(9,8,1.3)->(9,9,2.01421)->(9,10,3.33205)->(9,11,4.0641)->(9,12,4.79615)->(9,13,6.11399)->(9,14,9.5641)->(10,14,13.0142)->(11,14,14.3321)->(12,14,15.0142)->(13,14,15.5821)->(14,14,16.1)->(15,14,16.6)->(16,14,17.1)->(17,14,17.6)->(18,14,18.1)->(19,14,18.6)->(20,14,19.1)->(21,14,19.6)->(22,14,20.1)->(23,14,20.6)->(24,14,21.1)->(25,14,21.6)->(26,14,22.1179)->(27,14,22.6858)->(28,14,23.3679)->(29,14,24.6858)->(30,14,26.9)->(30,15,29.1495)->(30,16,31.1495)->(30,17,5015.3)->
Agent 20:(7,18,2.21421)->(8,18,6.79626)->(8,17,11.4067)->(8,16,12.7246)->(8,15,13.4067)->(8,14,13.9746)->(8,13,14.4925)->(8,12,15.0105)->(8,11,15.5783)->(8,10,16.2605)->(8,9,17.5783)->(8,8,19.7925)->(9,8,22.5925)->(10,8,5011.3)->
Agent 21:(26,21,2.84989)->(26,20,5.11399)->(26,19,6.43183)->(26,18,7.11399)->(26,17,7.68183)->(26,16,8.19978)->(26,15,8.69978)->(26,14,9.21773)->(26,13,9.78556)->(26,12,10.4677)->(26,11,11.7856)->(26,10,15.2745)->(25,10,18.7634)->(24,10,20.0812)->(23,10,20.7634)->(22,10,21.3312)->(21,10,21.8492)->(20,10,22.3492)->(19,10,22.8492)->(18,10,23.3671)->(17,10,23.9349)->(16,10,24.6171)->(15,10,25.9349)->(14,10,5012.67)->
Agent 22:(5,13,1.3)->(5,14,2.01421)->(5,15,3.33205)->(5,16,4.01421)->(5,17,4.58205)->(5,18,5.1)->(5,19,5.6)->(5,20,6.1)->(5,21,6.6)->(5,22,7.1)->(5,23,7.6)->(5,24,8.1)->(5,25,8.6)->(5,26,9.1)->(5,27,9.61795)->(5,28,10.1858)->(5,29,10.8679)->(5,30,12.1858)->(5,31,14.4)->(6,31,16.6142)->(7,31,17.9321)->(8,31,18.6142)->(9,31,19.1821)->(10,31,19.7)->(11,31,20.2)->(12,31,20.7)->(13,31,21.2)->(14,31,21.7)->(15,31,22.2)->(16,31,22.7179)->(17,31,23.2858)->(18,31,23.9679)->(19,31,25.2858)->(20,31,5012.35)->
Agent 23:(25,1,1.3)->(25,2,2.01421)->(25,3,3.33205)->(25,4,4.01421)->(25,5,4.58205)->(25,6,5.1)->(25,7,5.61795)->(25,8,6.18579)->(25,9,6.86795)->(25,10,8.18579)->(25,11,11.9746)->(24,11,15.7634)->(23,11,17.0812)->(22,11,17.7634)->(21,11,18.3312)->(20,11,18.8492)->(19,11,19.3671)->(18,11,19.9349)->(17,11,20.6171)->(16,11,21.9349)->(15,11,5010.67)->
Agent 24:(31,26,2.2)->(31,25,3.81421)->(31,24,5.13205)->(31,23,5.81421)->(31,22,6.38205)->(31,21,6.9)->(31,20,7.41795)->(31,19,7.98579)->(31,18,8.66795)->(31,17,9.98579)->(31,16,13.5)->(30,16,17.0142)->(29,16,18.3321)->(28,16,19.0142)->(27,16,19.5821)->(26,16,20.1)->(25,16,20.6)->(24,16,21.1)->(23,16,21.6)->(22,16,22.1)->(21,16,22.6)->(20,16,23.1)->(19,16,23.6)->(18,16,24.1)->(17,16,24.6)->(16,16,25.1)->(15,16,25.6)->(14,16,26.1179)->(13,16,26.6858)->(12,16,27.3679)->(11,16,28.6858)->(10,16,31.3142)->(10,17,5015.85)->
Agent 25:(6,19,1.3)->(6,20,2.01421)->(6,21,3.33205)->(6,22,4.0641)->(6,23,4.79615)->(6,24,6.11399)->(6,25,8.3282)->(5,25,10.5777)->(4,25,12.5777)->(3,25,5006.01)->
Agent 26:(8,10,2.2)->(8,9,3.81421)->(8,8,5.13205)->(8,7,5.82382)->(8,6,6.45949)->(8,5,7.15126)->(8,4,8.4691)->(8,3,11.0975)->(9,3,5005.74)->
Agent 27:(0,20,1.3)->(0,21,2.01421)->(0,22,3.33205)->(0,23,4.01421)->(0,24,4.58205)->(0,25,5.1)->(0,26,5.61795)->(0,27,6.18579)->(0,28,6.86795)->(0,29,8.18579)->(0,30,10.4)->(1,30,12.6142)->(2,30,13.9321)->(3,30,14.6142)->(4,30,15.1821)->(5,30,15.7)->(6,30,16.2)->(7,30,16.7179)->(8,30,17.2858)->(9,30,17.9679)->(10,30,19.2858)->(11,30,5009.35)->
Agent 28:(5,6,2.2)->(5,5,3.84949)->(5,4,5.84949)->(5,3,5002.65)->
Agent 29:(6,8,1.3)->(6,9,2.01421)->(6,10,3.33205)->(6,11,4.0641)->(6,12,4.79615)->(6,13,6.11399)->(6,14,5002.76)->
Agent 30:(0,12,2.2)->(0,11,3.81421)->(0,10,5.13205)->(0,9,5.81421)->(0,8,6.38205)->(0,7,6.9)->(0,6,7.4)->(0,5,7.91795)->(0,4,8.48579)->(0,3,9.16795)->(0,2,10.4858)->(0,1,12.7)->(1,1,14.9142)->(2,1,16.2321)->(3,1,16.9142)->(4,1,17.4821)->(5,1,18)->(6,1,18.5)->(7,1,19)->(8,1,19.5)->(9,1,20.0179)->(10,1,20.5858)->(11,1,21.2679)->(12,1,22.5858)->(13,1,5011)->
Agent 31:(19,31,8.9637)->(19,30,17.3416)->(19,29,18.6595)->(19,28,19.3416)->(19,27,19.9095)->(19,26,20.4274)->(19,25,20.9274)->(19,24,21.4274)->(19,23,21.9274)->(19,22,22.4274)->(19,21,22.9274)->(19,20,23.4274)->(19,19,23.9274)->(19,18,24.4274)->(19,17,24.9274)->(19,16,25.4274)->(19,15,25.9274)->(19,14,26.4274)->(19,13,26.9274)->(19,12,27.4274)->(19,11,27.9454)->(19,10,28.5132)->(19,9,29.1954)->(19,8,30.5132)->(19,7,32.7274)->(18,7,34.9416)->(17,7,36.2595)->(16,7,36.9416)->(15,7,37.5095)->(14,7,38.0274)->(13,7,38.5274)->(12,7,39.0274)->(11,7,39.5454)->(10,7,40.1132)->(9,7,40.7954)->(8,7,42.1132)->(7,7,5020.76)->
Agent 32:(29,31,2.8)->(29,30,5.01421)->(29,29,6.33205)->(29,28,7.01421)->(29,27,7.58205)->(29,26,8.1)->(29,25,8.6)->(29,24,9.1)->(29,23,9.6)->(29,22,10.1)->(29,21,10.6)->(29,20,11.1)->(29,19,11.6)->(29,18,12.1)->(29,17,12.6)->(29,16,13.1)->(29,15,13.6)->(29,14,14.1)->(29,13,14.6)->(29,12,15.1)->(29,11,15.6)->(29,10,16.1)->(29,9,16.6)->(29,8,17.1)->(29,7,17.6)->(29,6,18.1)->(29,5,18.6179)->(29,4,19.1858)->(29,3,19.8679)->(29,2,21.1858)->(29,1,23.4)->(28,1,25.6142)->(27,1,26.9321)->(26,1,27.6142)->(25,1,28.1821)->(24,1,28.7)->(23,1,29.2)->(22,1,29.7179)->(21,1,30.2858)->(20,1,30.9679)->(19,1,32.2858)->(18,1,34.9142)->(18,2,5017.65)->
Agent 33:(10,1,1.3)->(10,2,2.01421)->(10,3,3.33205)->(10,4,4.01421)->(10,5,4.58205)->(10,6,5.1)->(10,7,5.6)->(10,8,6.1)->(10,9,6.6)->(10,10,7.1)->(10,11,7.61795)->(10,12,8.18579)->(10,13,8.86795)->(10,14,10.1858)->(10,15,16.3142)->(11,15,22.4426)->(12,15,23.7605)->(13,15,24.4426)->(14,15,25.0105)->(15,15,25.5284)->(16,15,26.0284)->(17,15,26.5284)->(18,15,27.0284)->(19,15,27.5284)->(20,15,28.0284)->(21,15,28.5284)->(22,15,29.0284)->(23,15,29.5284)->(24,15,30.0284)->(25,15,30.5464)->(26,15,31.1142)->(27,15,31.7964)->(28,15,33.1142)->(29,15,5016.26)->
Agent 34:(22,27,2.2)->(22,26,3.81421)->(22,25,5.13205)->(22,24,5.81421)->(22,23,6.38205)->(22,22,6.9)->(22,21,7.4)->(22,20,7.9)->(22,19,8.4)->(22,18,8.9)->(22,17,9.4)->(22,16,9.9)->(22,15,10.4)->(22,14,10.9)->(22,13,11.4)->(22,12,11.9)->(22,11,12.4)->(22,10,12.9)->(22,9,13.4)->(22,8,13.9)->(22,7,14.4)->(22,6,14.9)->(22,5,15.4)->(22,4,15.9179)->(22,3,16.4858)->(22,2,17.1679)->(22,1,18.4858)->(22,0,26.2142)->(23,0,33.9426)->(24,0,35.2605)->(25,0,35.9426)->(26,0,36.5105)->(27,0,37.0464)->(28,0,37.6142)->(29,0,38.2964)->(30,0,39.6142)->(31,0,5019.51)->
Agent 35:(25,5,1.3)->(25,6,2.01421)->(25,7,3.33205)->(25,8,4.01421)->(25,9,4.58205)->(25,10,5.1)->(25,11,5.6)->(25,12,6.1)->(25,13,6.6)->(25,14,7.11795)->(25,15,7.68579)->(25,16,8.36795)->(25,17,9.68579)->(25,18,11.9)->(24,18,14.7)->(23,18,17.9142)->(23,19,5009.15)->
Agent 36:(22,13,1.96421)->(21,13,3.34264)->(20,13,4.66048)->(19,13,5.34264)->(18,13,5.91048)->(17,13,6.42843)->(16,13,6.92843)->(15,13,7.42843)->(14,13,7.92843)->(13,13,8.44638)->(12,13,9.01421)->(11,13,9.69638)->(10,13,11.0142)->(9,13,16.3482)->(9,12,21.6822)->(9,11,23.016)->(9,10,23.8445)->(9,9,25.1783)->(9,8,27.8067)->(8,8,5014.1)->
Agent 37:(12,25,2.8)->(13,25,5.01421)->(14,25,6.33205)->(15,25,7.01421)->(16,25,7.58205)->(17,25,8.1)->(18,25,8.61795)->(19,25,9.18579)->(20,25,9.86795)->(21,25,11.1858)->(22,25,13.4)->(22,24,15.6495)->(22,23,17.6495)->(22,22,5008.55)->
Agent 38:(21,8,2.21421)->(22,8,5.29626)->(21,8,8.40674)->(20,8,9.72458)->(19,8,10.4067)->(18,8,10.9746)->(17,8,11.4925)->(16,8,11.9925)->(15,8,12.4925)->(14,8,12.9925)->(13,8,13.4925)->(12,8,13.9925)->(11,8,14.4925)->(10,8,15.0105)->(9,8,15.5783)->(8,8,16.2605)->(7,8,17.5783)->(6,8,19.7925)->(6,9,22.042)->(6,10,24.042)->(6,11,5011.75)->
Agent 39:(7,30,2.2)->(7,29,3.81421)->(7,28,5.13205)->(7,27,5.81421)->(7,26,6.38205)->(7,25,6.9)->(7,24,7.4)->(7,23,7.9)->(7,22,8.4)->(7,21,8.9)->(7,20,9.4)->(7,19,9.9)->(7,18,10.4)->(7,17,10.9)->(7,16,11.4)->(7,15,11.9)->(7,14,12.4)->(7,13,12.9)->(7,12,13.4)->(7,11,13.9)->(7,10,14.4)->(7,9,14.9)->(7,8,15.4)->(7,7,15.9)->(7,6,16.4179)->(7,5,16.9858)->(7,4,17.6679)->(7,3,18.9858)->(7,2,21.2)->(8,2,23.4142)->(9,2,24.7321)->(10,2,25.4142)->(11,2,25.9821)->(12,2,26.5)->(13,2,27)->(14,2,27.5)->(15,2,28)->(16,2,28.5)->(17,2,29.0179)->(18,2,29.5858)->(19,2,30.2679)->(20,2,31.5858)->(21,2,34.2142)->(21,3,37.8142)->(22,3,40.4426)->(23,3,41.7605)->(24,3,42.4522)->(25,3,43.0879)->(26,3,43.7797)->(27,3,45.0975)->(28,3,5022.26)->
Agent 40:(17,10,1.3)->(17,11,2.01421)->(17,12,3.33205)->(17,13,4.01421)->(17,14,4.58205)->(17,15,5.1)->(17,16,5.6)->(17,17,6.1)->(17,18,6.6)->(17,19,7.1)->(17,20,7.61795)->(17,21,8.18579)->(17,22,8.86795)->(17,23,10.1858)->(17,24,12.4)->(16,24,14.6142)->(15,24,15.9321)->(14,24,16.6142)->(13,24,17.1821)->(12,24,17.7)->(11,24,18.2)->(10,24,18.7)->(9,24,19.2)->(8,24,19.7)->(7,24,20.2)->(6,24,20.7)->(5,24,21.2179)->(4,24,21.7858)->(3,24,22.4679)->(2,24,23.7858)->(1,24,26.4142)->(1,25,5013.4)->
Agent 41:(18,12,1.55)->(18,13,2.51421)->(18,14,3.83205)->(18,15,4.51421)->(18,16,5.08205)->(18,17,5.6)->(18,18,6.1)->(18,19,6.6)->(18,20,7.1)->(18,21,7.6)->(18,22,8.1)->(18,23,8.61795)->(18,24,9.18579)->(18,25,9.86795)->(18,26,11.1858)->(18,27,13.4)->(17,27,15.6142)->(16,27,16.9321)->(15,27,17.6142)->(14,27,18.1821)->(13,27,18.7)->(12,27,19.2)->(11,27,19.7)->(10,27,20.2)->(9,27,20.7)->(8,27,21.2)->(7,27,21.7)->(6,27,22.2179)->(5,27,22.7858)->(4,27,23.4679)->(3,27,24.7858)->(2,27,27.6142)->(2,28,5014.1)->
Agent 42:(10,31,2.2)->(10,30,3.81421)->(10,29,5.13205)->(10,28,5.8641)->(10,27,6.59615)->(10,26,7.91399)->(10,25,10.7378)->(11,25,13.5616)->(12,25,14.8795)->(13,25,15.5616)->(14,25,16.1295)->(15,25,16.6474)->(16,25,17.1474)->(17,25,17.6474)->(18,25,18.1474)->(19,25,18.6474)->(20,25,19.1474)->(21,25,19.6474)->(22,25,20.1474)->(23,25,20.6474)->(24,25,21.1474)->(25,25,21.6474)->(26,25,22.1654)->(27,25,22.7332)->(28,25,23.4154)->(29,25,24.7332)->(30,25,27.3616)->(30,26,5013.87)->
Agent 43:(25,25,4.05)->(25,24,8.1)->(25,23,10.9)->(24,23,13.1142)->(23,23,14.4321)->(22,23,15.1142)->(21,23,15.6821)->(20,23,16.2)->(19,23,16.7)->(18,23,17.2)->(17,23,17.7)->(16,23,18.2)->(15,23,18.7)->(14,23,19.2)->(13,23,19.7)->(12,23,20.2)->(11,23,20.7179)->(10,23,21.2858)->(9,23,21.9679)->(8,23,23.2858)->(7,23,5011.35)->
Agent 44:(4,6,1.3)->(4,7,2.04949)->(4,8,4.04949)->(4,9,6.29898)->(3,9,8.54847)->(2,9,10.5485)->(1,9,5005)->
Agent 45:(21,6,2.76421)->(21,7,4.94264)->(21,8,6.26048)->(21,9,6.94264)->(21,10,7.51048)->(21,11,8.02843)->(21,12,8.52843)->(21,13,9.02843)->(21,14,9.52843)->(21,15,10.0284)->(21,16,10.5284)->(21,17,11.0284)->(21,18,11.5284)->(21,19,12.0284)->(21,20,12.5284)->(21,21,13.0284)->(21,22,13.5284)->(21,23,14.0284)->(21,24,14.5284)->(21,25,15.0464)->(21,26,15.6142)->(21,27,16.2964)->(21,28,17.6142)->(21,29,19.8284)->(20,29,22.0426)->(19,29,23.3605)->(18,29,24.0426)->(17,29,24.6284)->(16,29,25.2142)->(15,29,25.8964)->(14,29,27.2142)->(13,29,5013.31)->
Agent 46:(21,15,2.05)->(21,16,3.51421)->(21,17,4.83205)->(21,18,5.51421)->(21,19,6.08205)->(21,20,6.6)->(21,21,7.1)->(21,22,7.6)->(21,23,8.1)->(21,24,8.61795)->(21,25,9.18579)->(21,26,9.86795)->(21,27,11.1858)->(21,28,13.4)->(20,28,15.6142)->(19,28,16.9321)->(18,28,17.6142)->(17,28,18.1821)->(16,28,18.7)->(15,28,19.2)->(14,28,19.7)->(13,28,20.2)->(12,28,20.7)->(11,28,21.2)->(10,28,21.7)->(9,28,22.2)->(8,28,22.7)->(7,28,23.2)->(6,28,23.7)->(5,28,24.2179)->(4,28,24.7858)->(3,28,25.4679)->(2,28,26.7858)->(1,28,5013.1)->
Agent 47:(17,20,1.8)->(18,20,3.01421)->(19,20,4.33205)->(20,20,5.01421)->(21,20,5.58205)->(22,20,6.1)->(23,20,6.6)->(24,20,7.1)->(25,20,7.6)->(26,20,8.1)->(27,20,8.61795)->(28,20,9.18579)->(29,20,9.86795)->(30,20,11.1858)->(31,20,13.4)->(31,19,15.6142)->(31,18,17.0284)->(31,17,18.4426)->(31,16,5008.93)->
Agent 48:(20,8,1.53399)->(20,9,2.48219)->(20,10,3.81604)->(20,11,4.64446)->(20,12,5.97832)->(20,13,5002.7)->
Agent 49:(19,0,1.3)->(19,1,2.01421)->(19,2,3.33205)->(19,3,4.01421)->(19,4,4.58205)->(19,5,5.1)->(19,6,5.6)->(19,7,6.1)->(19,8,6.6)->(19,9,7.1)->(19,10,7.6)->(19,11,8.1)->(19,12,8.6)->(19,13,9.1)->(19,14,9.6)->(19,15,10.1)->(19,16,10.6179)->(19,17,11.1858)->(19,18,11.8679)->(19,19,13.1858)->(19,20,15.4)->(20,20,17.6142)->(21,20,18.9321)->(22,20,19.6142)->(23,20,20.2)->(24,20,20.7858)->(25,20,21.4679)->(26,20,22.7858)->(27,20,5011.1)->
Agent 50:(29,23,2.8)->(28,23,5.01421)->(27,23,6.33205)->(26,23,7.01421)->(25,23,7.58205)->(24,23,8.1)->(23,23,8.6)->(22,23,9.1)->(21,23,9.61795)->(20,23,10.1858)->(19,23,10.8679)->(18,23,12.1858)->(17,23,14.4)->(17,22,16.6142)->(17,21,17.9321)->(17,20,18.6641)->(17,19,19.3962)->(17,18,20.714)->(17,17,5010.06)->
Agent 51:(15,28,4.12744)->(15,27,8.25489)->(15,26,11.0549)->(14,26,13.2691)->(13,26,14.5869)->(12,26,15.2787)->(11,26,15.9144)->(10,26,16.6062)->(9,26,17.924)->(8,26,5008.67)->
Agent 52:(21,27,3.2)->(22,27,5.81421)->(23,27,7.22843)->(24,27,8.64264)->(25,27,5004.03)->
Agent 53:(26,16,2.2)->(26,15,3.81421)->(26,14,5.13205)->(26,13,5.81421)->(26,12,6.38205)->(26,11,6.9)->(26,10,7.4)->(26,9,7.9)->(26,8,8.4)->(26,7,8.9)->(26,6,9.4)->(26,5,9.9)->(26,4,10.4179)->(26,3,10.9858)->(26,2,11.6679)->(26,1,12.9858)->(26,0,15.2)->(25,0,17.4495)->(24,0,19.4495)->(23,0,25.7137)->(23,1,5014.85)->
Agent 54:(27,29,2.61421)->(27,28,5.61421)->(28,28,8.24264)->(29,28,9.65685)->(30,28,11.0711)->(31,28,5005.24)->
Agent 55:(19,27,1.8)->(18,27,3.01421)->(17,27,4.33205)->(16,27,5.02382)->(15,27,5.65949)->(14,27,6.35126)->(13,27,7.6691)->(12,27,9.88331)->(12,26,12.0975)->(12,25,13.4154)->(12,24,14.0975)->(12,23,14.6654)->(12,22,15.2013)->(12,21,15.7691)->(12,20,16.4513)->(12,19,17.7691)->(12,18,5008.59)->
Agent 56:(22,18,1.8)->(23,18,3.01421)->(24,18,4.33205)->(25,18,5.0641)->(26,18,5.79615)->(27,18,7.11399)->(28,18,9.3282)->(28,17,11.5424)->(28,16,12.8603)->(28,15,13.5424)->(28,14,14.1282)->(28,13,14.714)->(28,12,15.3962)->(28,11,16.714)->(28,10,5008.06)->
Agent 57:(14,25,2.74626)->(14,24,4.90674)->(14,23,6.22458)->(14,22,6.90674)->(14,21,7.47458)->(14,20,7.99253)->(14,19,8.49253)->(14,18,8.99253)->(14,17,9.49253)->(14,16,9.99253)->(14,15,10.4925)->(14,14,10.9925)->(14,13,11.4925)->(14,12,11.9925)->(14,11,12.4925)->(14,10,12.9925)->(14,9,13.4925)->(14,8,13.9925)->(14,7,14.4925)->(14,6,15.0105)->(14,5,15.5783)->(14,4,16.2605)->(14,3,17.5783)->(14,2,19.7925)->(15,2,22.0067)->(16,2,23.3246)->(17,2,24.0067)->(18,2,24.5925)->(19,2,25.1783)->(20,2,25.8605)->(21,2,27.1783)->(22,2,5013.3)->
Agent 58:(18,0,1.71421)->(18,1,2.84264)->(18,2,4.16048)->(18,3,4.84264)->(18,4,5.41048)->(18,5,5.92843)->(18,6,6.44638)->(18,7,7.01421)->(18,8,7.69638)->(18,9,9.01421)->(18,10,11.6426)->(17,10,17.6888)->(17,11,23.3492)->(17,12,5011.67)->
Agent 59:(18,17,1.8)->(18,18,3.01421)->(18,19,4.33205)->(18,20,5.01421)->(18,21,5.58205)->(18,22,6.1)->(18,23,6.6)->(18,24,7.1)->(18,25,7.6)->(18,26,8.11795)->(18,27,8.68579)->(18,28,9.36795)->(18,29,10.6858)->(18,30,15.4279)->(19,30,20.17)->(20,30,21.4879)->(21,30,22.17)->(22,30,22.7379)->(23,30,23.2558)->(24,30,23.7558)->(25,30,24.2558)->(26,30,24.7558)->(27,30,25.2738)->(28,30,25.8416)->(29,30,26.5238)->(30,30,27.8416)->(31,30,5013.63)->
