Agent 0:(15,2,1.8)->(16,2,3.01421)->(17,2,4.33205)->(18,2,5.01421)->(19,2,5.58205)->(20,2,6.1)->(21,2,6.61795)->(22,2,7.18579)->(23,2,7.86795)->(24,2,9.18579)->(25,2,11.4)->(25,3,14.2)->(25,4,5007.1)->
Agent 1:(10,12,1.8)->(11,12,3.01421)->(12,12,4.33205)->(13,12,5.01421)->(14,12,5.58205)->(15,12,6.1)->(16,12,6.6)->(17,12,7.1)->(18,12,7.6)->(19,12,8.1)->(20,12,8.6)->(21,12,9.1)->(22,12,9.6)->(23,12,10.1)->(24,12,10.6)->(25,12,11.1)->(26,12,11.6)->(27,12,12.1179)->(28,12,12.6858)->(29,12,13.3679)->(30,12,14.6858)->(31,12,16.9)->(31,13,19.1495)->(31,14,21.1495)->(31,15,5010.3)->
Agent 2:(30,17,2.2)->(30,16,3.84949)->(30,15,5.84949)->(30,14,13.0458)->(29,14,20.2067)->(28,14,21.5246)->(27,14,22.2067)->(26,14,22.7746)->(25,14,23.2925)->(24,14,23.7925)->(23,14,24.3105)->(22,14,24.8783)->(21,14,25.5605)->(20,14,26.8783)->(19,14,5013.15)->
Agent 3:(14,28,1.8)->(13,28,3.6)->(12,28,6.4)->(12,29,9.2)->(12,30,5004.6)->
Agent 4:(13,0,2.05)->(13,1,3.51421)->(13,2,4.83205)->(13,3,5.51421)->(13,4,6.08205)->(13,5,6.6)->(13,6,7.1)->(13,7,7.6)->(13,8,8.1)->(13,9,8.6)->(13,10,9.1)->(13,11,9.6)->(13,12,10.1)->(13,13,10.6)->(13,14,11.1)->(13,15,11.6)->(13,16,12.1)->(13,17,12.6)->(13,18,13.1)->(13,19,13.6)->(13,20,14.1)->(13,21,14.6)->(13,22,15.1)->(13,23,15.6)->(13,24,16.1)->(13,25,16.6179)->(13,26,17.1858)->(13,27,17.8679)->(13,28,19.1858)->(13,29,21.4)->(14,29,23.6142)->(15,29,24.9321)->(16,29,25.6142)->(17,29,26.1821)->(18,29,26.7)->(19,29,27.2)->(20,29,27.7)->(21,29,28.2)->(22,29,28.7179)->(23,29,29.2858)->(24,29,29.9679)->(25,29,31.2858)->(26,29,5015.35)->
Agent 5:(10,23,2.2)->(10,22,3.81421)->(10,21,5.13205)->(10,20,5.81421)->(10,19,6.38205)->(10,18,6.9)->(10,17,7.4)->(10,16,7.9)->(10,15,8.4)->(10,14,8.9)->(10,13,9.4)->(10,12,9.9)->(10,11,10.4)->(10,10,10.9)->(10,9,11.4)->(10,8,11.9)->(10,7,12.4179)->(10,6,12.9858)->(10,5,13.6679)->(10,4,14.9858)->(10,3,17.2)->(9,3,19.4142)->(8,3,20.7321)->(7,3,21.4142)->(6,3,22)->(5,3,22.5858)->(4,3,23.2679)->(3,3,24.5858)->(2,3,27.2142)->(2,4,5013.8)->
Agent 6:(15,4,3.55)->(14,4,6.51421)->(13,4,7.92843)->(12,4,9.34264)->(11,4,11.5569)->(11,5,13.7711)->(11,6,15.0889)->(11,7,15.7711)->(11,8,16.3389)->(11,9,16.8569)->(11,10,17.3569)->(11,11,17.8569)->(11,12,18.3748)->(11,13,18.9426)->(11,14,19.6248)->(11,15,20.9426)->(11,16,5010.18)->
Agent 7:(11,23,1.3)->(11,24,2.01421)->(11,25,3.42843)->(11,26,4.84264)->(11,27,7.05685)->(10,27,9.27107)->(9,27,10.5889)->(8,27,11.2807)->(7,27,11.9163)->(6,27,12.6081)->(5,27,13.926)->(4,27,17.4201)->(4,26,20.9142)->(4,25,22.2321)->(4,24,22.9142)->(4,23,23.4821)->(4,22,24)->(4,21,24.5)->(4,20,25)->(4,19,25.5179)->(4,18,26.0858)->(4,17,26.7679)->(4,16,28.0858)->(4,15,5013.75)->
Agent 8:(3,13,2.61421)->(3,12,6.82157)->(4,12,10.6574)->(5,12,12.0716)->(6,12,13.4858)->(7,12,17.4821)->(7,11,22.0643)->(7,10,26.8569)->(8,10,5014.41)->
Agent 9:(0,27,2.2)->(0,26,3.81421)->(0,25,5.22843)->(0,24,6.64264)->(0,23,8.85685)->(1,23,11.6569)->(2,23,25.0389)->(1,23,38.421)->(0,23,5019.21)->
Agent 10:(29,22,2.2)->(29,21,3.81421)->(29,20,5.13205)->(29,19,5.81421)->(29,18,6.38205)->(29,17,6.9)->(29,16,7.4)->(29,15,7.9)->(29,14,8.4)->(29,13,8.9)->(29,12,9.4)->(29,11,9.9)->(29,10,10.4179)->(29,9,10.9858)->(29,8,11.6679)->(29,7,12.9858)->(29,6,16.2179)->(28,6,19.4501)->(27,6,20.7679)->(26,6,21.4501)->(25,6,22.0179)->(24,6,22.5359)->(23,6,23.0359)->(22,6,23.5359)->(21,6,24.0359)->(20,6,24.5359)->(19,6,25.0359)->(18,6,25.5359)->(17,6,26.0359)->(16,6,26.5359)->(15,6,27.0359)->(14,6,27.5359)->(13,6,28.0359)->(12,6,28.5359)->(11,6,29.0359)->(10,6,29.5359)->(9,6,30.0359)->(8,6,30.5359)->(7,6,31.0538)->(6,6,31.6217)->(5,6,32.3038)->(4,6,33.6217)->(3,6,35.8359)->(3,5,38.0854)->(3,4,40.0854)->(3,3,5019.77)->
Agent 11:(5,31,2.2)->(5,30,3.81421)->(5,29,5.14806)->(5,28,5.97649)->(5,27,7.31034)->(5,26,9.93877)->(6,26,16.3265)->(5,26,22.3284)->(4,26,5011.16)->
Agent 12:(23,22,1.71421)->(23,23,3.87843)->(22,23,6.57107)->(21,23,7.88891)->(20,23,8.57107)->(19,23,9.13891)->(18,23,9.65685)->(17,23,10.1569)->(16,23,10.6569)->(15,23,11.1569)->(14,23,11.6569)->(13,23,12.1569)->(12,23,12.6569)->(11,23,13.1569)->(10,23,13.6569)->(9,23,14.1569)->(8,23,14.6569)->(7,23,15.1748)->(6,23,15.7426)->(5,23,16.4248)->(4,23,17.7426)->(3,23,20.3711)->(3,22,24.3853)->(2,22,33.2173)->(2,23,5019.21)->
Agent 13:(31,9,2.2)->(31,8,3.81421)->(31,7,5.13205)->(31,6,5.8641)->(31,5,6.59615)->(31,4,7.91399)->(31,3,11.0499)->(30,3,14.1858)->(29,3,15.5036)->(28,3,16.1858)->(27,3,16.7536)->(26,3,17.2716)->(25,3,17.7716)->(24,3,18.2716)->(23,3,18.7716)->(22,3,19.2716)->(21,3,19.7716)->(20,3,20.2716)->(19,3,20.7716)->(18,3,21.2716)->(17,3,21.7716)->(16,3,22.2716)->(15,3,22.7716)->(14,3,23.2716)->(13,3,23.7716)->(12,3,24.2716)->(11,3,24.7716)->(10,3,25.2895)->(9,3,25.8574)->(8,3,26.5395)->(7,3,27.8574)->(6,3,30.4858)->(6,4,5015.44)->
Agent 14:(20,6,2.3)->(19,6,4.01421)->(18,6,5.33205)->(17,6,6.01421)->(16,6,6.58205)->(15,6,7.1)->(14,6,7.6)->(13,6,8.1)->(12,6,8.6)->(11,6,9.1)->(10,6,9.61795)->(9,6,10.1858)->(8,6,10.8679)->(7,6,12.1858)->(6,6,14.4)->(6,7,16.6142)->(6,8,17.9321)->(6,9,18.6142)->(6,10,19.1821)->(6,11,19.7)->(6,12,20.2179)->(6,13,20.7858)->(6,14,21.4679)->(6,15,22.7858)->(6,16,5011.1)->
Agent 15:(25,14,2.82469)->(25,13,5.0636)->(25,12,6.38143)->(25,11,7.0636)->(25,10,7.63143)->(25,9,8.16733)->(25,8,8.73517)->(25,7,9.41733)->(25,6,10.7352)->(25,5,13.3747)->(24,5,16.0142)->(23,5,17.3321)->(22,5,18.0142)->(21,5,18.5821)->(20,5,19.1)->(19,5,19.6)->(18,5,20.1)->(17,5,20.6)->(16,5,21.1)->(15,5,21.6)->(14,5,22.1)->(13,5,22.6)->(12,5,23.1)->(11,5,23.6)->(10,5,24.1)->(9,5,24.6179)->(8,5,25.1858)->(7,5,25.8679)->(6,5,27.1858)->(5,5,5013.3)->
Agent 16:(9,17,1.8)->(10,17,3.01421)->(11,17,4.33205)->(12,17,5.01421)->(13,17,5.58205)->(14,17,6.1)->(15,17,6.6)->(16,17,7.11795)->(17,17,7.68579)->(18,17,8.36795)->(19,17,9.68579)->(20,17,11.9)->(20,16,14.1142)->(20,15,15.4321)->(20,14,16.1238)->(20,13,16.7595)->(20,12,17.4513)->(20,11,18.7691)->(20,10,5009.09)->
Agent 17:(21,20,1.3)->(21,21,2.01421)->(21,22,3.33205)->(21,23,4.02382)->(21,24,4.65949)->(21,25,5.35126)->(21,26,6.6691)->(21,27,9.29753)->(20,27,18.9417)->(20,28,28.2)->(20,29,5014.1)->
Agent 18:(4,17,1.8)->(5,17,3.6)->(6,17,6.4)->(6,18,8.61421)->(6,19,9.93205)->(6,20,10.6142)->(6,21,11.2)->(6,22,11.7858)->(6,23,12.4679)->(6,24,13.7858)->(6,25,18.1327)->(7,25,22.4795)->(8,25,23.7974)->(9,25,24.4795)->(10,25,25.0474)->(11,25,25.5653)->(12,25,26.0653)->(13,25,26.5653)->(14,25,27.0653)->(15,25,27.5833)->(16,25,28.1511)->(17,25,28.8333)->(18,25,30.1511)->(19,25,32.3653)->(19,26,35.1653)->(19,27,5017.58)->
Agent 19:(20,22,1.3)->(20,23,2.01421)->(20,24,3.33205)->(20,25,4.0641)->(20,26,4.79615)->(20,27,6.11399)->(20,28,8.3282)->(19,28,10.5424)->(18,28,11.8603)->(17,28,12.5424)->(16,28,13.1103)->(15,28,13.6282)->(14,28,14.1462)->(13,28,14.714)->(12,28,15.3962)->(11,28,16.714)->(10,28,19.3424)->(10,27,24.5783)->(10,28,5013.3)->
Agent 20:(0,20,2.2)->(0,19,3.81421)->(0,18,5.13205)->(0,17,5.81421)->(0,16,6.38205)->(0,15,6.91795)->(0,14,7.48579)->(0,13,8.16795)->(0,12,9.48579)->(0,11,15.4389)->(1,11,21.392)->(2,11,22.7098)->(3,11,23.392)->(4,11,23.9598)->(5,11,24.4778)->(6,11,24.9778)->(7,11,25.4778)->(8,11,25.9778)->(9,11,26.4778)->(10,11,26.9778)->(11,11,27.4778)->(12,11,27.9778)->(13,11,28.4778)->(14,11,28.9778)->(15,11,29.4957)->(16,11,30.0636)->(17,11,30.7457)->(18,11,32.0636)->(19,11,5015.74)->
Agent 21:(15,28,2.2)->(15,27,3.81421)->(15,26,5.13205)->(15,25,5.81421)->(15,24,6.38205)->(15,23,6.9)->(15,22,7.4)->(15,21,7.9)->(15,20,8.4)->(15,19,8.91795)->(15,18,9.48579)->(15,17,10.1679)->(15,16,11.4858)->(15,15,13.7)->(14,15,15.9142)->(13,15,17.2321)->(12,15,17.9641)->(11,15,18.6962)->(10,15,20.014)->(9,15,22.2282)->(9,16,24.4424)->(9,17,25.8566)->(9,18,27.2708)->(9,19,5013.34)->
Agent 22:(30,12,1.71421)->(30,13,5.6)->(30,12,10.0142)->(30,11,11.3321)->(30,10,12.0142)->(30,9,12.5821)->(30,8,13.1)->(30,7,13.6179)->(30,6,14.1858)->(30,5,14.8679)->(30,4,16.1858)->(30,3,18.55)->(29,3,20.9142)->(28,3,22.2321)->(27,3,22.9142)->(26,3,23.4821)->(25,3,24)->(24,3,24.5)->(23,3,25)->(22,3,25.5179)->(21,3,26.0858)->(20,3,26.7679)->(19,3,28.0858)->(18,3,5013.75)->
Agent 23:(14,31,3.05)->(14,30,5.51421)->(14,29,6.83205)->(14,28,7.51421)->(14,27,8.08205)->(14,26,8.6)->(14,25,9.1)->(14,24,9.6)->(14,23,10.1)->(14,22,10.6)->(14,21,11.1)->(14,20,11.6179)->(14,19,12.1858)->(14,18,12.8679)->(14,17,14.1858)->(14,16,16.4)->(15,16,18.6142)->(16,16,19.9321)->(17,16,20.6142)->(18,16,21.1821)->(19,16,21.7)->(20,16,22.2)->(21,16,22.7)->(22,16,23.2179)->(23,16,23.7858)->(24,16,24.4679)->(25,16,25.7858)->(26,16,5012.6)->
Agent 24:(12,15,1.93205)->(11,15,3.27832)->(10,15,4.59615)->(9,15,5.27832)->(8,15,5.84615)->(7,15,6.3641)->(6,15,6.88205)->(5,15,7.44989)->(4,15,8.13205)->(3,15,9.44989)->(2,15,11.6641)->(2,16,14.4641)->(2,17,5007.23)->
Agent 25:(31,14,1.82841)->(30,14,3.07104)->(29,14,4.38888)->(28,14,5.07104)->(27,14,5.63888)->(26,14,6.17478)->(25,14,6.74261)->(24,14,7.42478)->(23,14,8.74261)->(22,14,11.3303)->(22,15,13.9181)->(22,16,15.2519)->(22,17,16.0804)->(22,18,17.4142)->(22,19,5008.41)->
Agent 26:(26,14,1.3)->(26,15,2.01421)->(26,16,3.33205)->(26,17,4.01421)->(26,18,4.58205)->(26,19,5.1)->(26,20,5.6)->(26,21,6.1)->(26,22,6.6)->(26,23,7.1)->(26,24,7.6)->(26,25,8.11795)->(26,26,8.68579)->(26,27,9.36795)->(26,28,10.6858)->(26,29,13.3142)->(27,29,16.9142)->(27,28,19.5426)->(27,27,20.8605)->(27,26,21.5426)->(27,25,22.1105)->(27,24,22.6284)->(27,23,23.1284)->(27,22,23.6284)->(27,21,24.1284)->(27,20,24.6284)->(27,19,25.1284)->(27,18,25.6284)->(27,17,26.1464)->(27,16,26.7142)->(27,15,27.3964)->(27,14,28.7142)->(27,13,5014.06)->
Agent 27:(3,29,2.2)->(3,28,3.81421)->(3,27,5.13205)->(3,26,5.81421)->(3,25,6.38205)->(3,24,6.9)->(3,23,7.4)->(3,22,7.9)->(3,21,8.4)->(3,20,8.9)->(3,19,9.4)->(3,18,9.9)->(3,17,10.4)->(3,16,10.9)->(3,15,11.4)->(3,14,11.9)->(3,13,12.4)->(3,12,12.9)->(3,11,13.4)->(3,10,13.9)->(3,9,14.4)->(3,8,14.9179)->(3,7,15.4858)->(3,6,16.1679)->(3,5,17.4858)->(3,4,19.7)->(4,4,21.9142)->(5,4,23.2321)->(6,4,23.9142)->(7,4,24.4821)->(8,4,25)->(9,4,25.5)->(10,4,26)->(11,4,26.5)->(12,4,27)->(13,4,27.5)->(14,4,28)->(15,4,28.5)->(16,4,29)->(17,4,29.5)->(18,4,30)->(19,4,30.5)->(20,4,31.0179)->(21,4,31.5858)->(22,4,32.2679)->(23,4,33.5858)->(24,4,36.2142)->(24,5,40.2284)->(25,5,5020.51)->
Agent 28:(8,31,2.2)->(8,30,3.81421)->(8,29,5.13205)->(8,28,5.81421)->(8,27,6.38205)->(8,26,6.9)->(8,25,7.4)->(8,24,7.9)->(8,23,8.4)->(8,22,8.9)->(8,21,9.4)->(8,20,9.91795)->(8,19,10.4858)->(8,18,11.1679)->(8,17,12.4858)->(8,16,14.7)->(9,16,16.9142)->(10,16,18.2321)->(11,16,18.9142)->(12,16,19.4821)->(13,16,20)->(14,16,20.5)->(15,16,21)->(16,16,21.5)->(17,16,22)->(18,16,22.5)->(19,16,23)->(20,16,23.5179)->(21,16,24.0858)->(22,16,24.7679)->(23,16,26.0858)->(24,16,28.3)->(24,15,30.5142)->(24,14,31.8321)->(24,13,32.5641)->(24,12,33.2962)->(24,11,34.614)->(24,10,36.8282)->(25,10,39.0424)->(26,10,40.4566)->(27,10,41.8708)->(28,10,5020.64)->
Agent 29:(26,13,2.4142)->(26,14,4.24261)->(26,15,5.56045)->(26,16,6.24261)->(26,17,6.81045)->(26,18,7.3284)->(26,19,7.8284)->(26,20,8.3284)->(26,21,8.8284)->(26,22,9.3284)->(26,23,9.8284)->(26,24,10.3463)->(26,25,10.9142)->(26,26,11.5963)->(26,27,12.9142)->(26,28,15.1284)->(25,28,17.3426)->(24,28,18.6605)->(23,28,19.3426)->(22,28,19.9105)->(21,28,20.4284)->(20,28,20.9284)->(19,28,21.4284)->(18,28,21.9284)->(17,28,22.4284)->(16,28,22.9284)->(15,28,23.4284)->(14,28,23.9284)->(13,28,24.4284)->(12,28,24.9284)->(11,28,25.4463)->(10,28,26.0142)->(9,28,26.6963)->(8,28,28.0142)->(7,28,30.6426)->(7,29,5015.51)->
Agent 30:(24,27,2.2)->(24,26,3.81421)->(24,25,5.13205)->(24,24,5.81421)->(24,23,6.38205)->(24,22,6.9)->(24,21,7.4)->(24,20,7.9)->(24,19,8.4)->(24,18,8.9)->(24,17,9.4)->(24,16,9.9)->(24,15,10.4)->(24,14,10.9)->(24,13,11.4)->(24,12,11.9179)->(24,11,12.4858)->(24,10,13.1679)->(24,9,14.4858)->(24,8,16.7)->(23,8,18.9495)->(22,8,20.9495)->(21,8,29.6526)->(21,9,38.9062)->(21,10,5019.45)->
Agent 31:(9,0,1.88579)->(9,1,3.18579)->(9,2,4.50362)->(9,3,5.18579)->(9,4,5.75362)->(9,5,6.27157)->(9,6,6.77157)->(9,7,7.27157)->(9,8,7.77157)->(9,9,8.27157)->(9,10,8.77157)->(9,11,9.27157)->(9,12,9.77157)->(9,13,10.2716)->(9,14,10.7716)->(9,15,11.2716)->(9,16,11.7895)->(9,17,12.3574)->(9,18,13.0395)->(9,19,14.3574)->(9,20,16.9858)->(8,20,19.6142)->(7,20,20.9321)->(6,20,21.6142)->(5,20,22.2)->(4,20,22.7858)->(3,20,23.4679)->(2,20,24.7858)->(1,20,27.4142)->(1,21,5013.9)->
Agent 32:(11,20,1.3)->(11,21,2.01421)->(11,22,3.42843)->(11,23,4.84264)->(11,24,7.05685)->(12,24,9.27107)->(13,24,10.6853)->(14,24,12.0995)->(15,24,14.3137)->(15,25,17.1137)->(15,26,5008.56)->
Agent 33:(30,19,5.5)->(29,19,10.4142)->(28,19,11.7321)->(27,19,12.4142)->(26,19,12.9821)->(25,19,13.5)->(24,19,14)->(23,19,14.5179)->(22,19,15.0858)->(21,19,15.7679)->(20,19,17.0858)->(19,19,20.2826)->(19,18,23.5146)->(19,17,25.5146)->(19,16,5012.48)->
Agent 34:(5,8,1.8)->(6,8,3.04949)->(7,8,5.04949)->(8,8,9.92792)->(8,9,14.7711)->(8,10,16.0889)->(8,11,16.7711)->(8,12,17.3389)->(8,13,17.8569)->(8,14,18.3569)->(8,15,18.8569)->(8,16,19.3569)->(8,17,19.8748)->(8,18,20.4426)->(8,19,21.1248)->(8,20,22.4426)->(8,21,5010.93)->
Agent 35:(17,3,2.88579)->(17,4,5.18579)->(17,5,6.50362)->(17,6,7.18579)->(17,7,7.75362)->(17,8,8.27157)->(17,9,8.77157)->(17,10,9.27157)->(17,11,9.77157)->(17,12,10.2716)->(17,13,10.7716)->(17,14,11.2716)->(17,15,11.7716)->(17,16,12.2716)->(17,17,12.7716)->(17,18,13.2895)->(17,19,13.8574)->(17,20,14.5395)->(17,21,15.8574)->(17,22,18.0716)->(18,22,20.2858)->(19,22,21.6036)->(20,22,22.2858)->(21,22,22.8536)->(22,22,23.3716)->(23,22,23.8716)->(24,22,24.3716)->(25,22,24.8716)->(26,22,25.3895)->(27,22,25.9574)->(28,22,26.6395)->(29,22,27.9574)->(30,22,5013.69)->
Agent 36:(4,20,2.2)->(4,19,3.81421)->(4,18,5.13205)->(4,17,5.81421)->(4,16,6.38205)->(4,15,6.9)->(4,14,7.4)->(4,13,7.91795)->(4,12,8.48579)->(4,11,9.16795)->(4,10,10.4858)->(4,9,12.7)->(5,9,14.9142)->(6,9,16.3284)->(7,9,17.7426)->(8,9,20.7748)->(8,10,25.1927)->(9,10,5013)->
Agent 37:(29,8,2.2)->(29,7,3.81421)->(29,6,5.13205)->(29,5,5.82382)->(29,4,6.45949)->(29,3,7.15126)->(29,2,8.4691)->(29,1,11.0975)->(28,1,5005.74)->
Agent 38:(16,19,1.3)->(16,20,2.04949)->(16,21,4.04949)->(16,22,8.04949)->(15,22,12.0142)->(14,22,13.3321)->(13,22,14.0142)->(12,22,14.5821)->(11,22,15.1179)->(10,22,15.6858)->(9,22,16.3679)->(8,22,17.6858)->(7,22,5008.55)->
Agent 39:(31,30,2.20011)->(30,30,3.81444)->(29,30,5.13227)->(28,30,5.86433)->(27,30,6.59638)->(26,30,7.91421)->(25,30,5003.66)->
Agent 40:(27,17,2.6642)->(27,16,4.74261)->(27,15,6.06045)->(27,14,6.74261)->(27,13,7.31045)->(27,12,7.8284)->(27,11,8.3284)->(27,10,8.8284)->(27,9,9.34635)->(27,8,9.91419)->(27,7,10.5963)->(27,6,11.9142)->(27,5,18.2142)->(26,5,24.5142)->(25,5,25.8321)->(24,5,26.5142)->(23,5,27.0821)->(22,5,27.6)->(21,5,28.1179)->(20,5,28.6858)->(19,5,29.3679)->(18,5,30.6858)->(17,5,33.3142)->(17,6,5016.85)->
Agent 41:(15,0,3.48215)->(15,1,6.37851)->(15,2,7.69635)->(15,3,8.37851)->(15,4,8.94635)->(15,5,9.4643)->(15,6,9.98225)->(15,7,10.5501)->(15,8,11.2322)->(15,9,12.5501)->(15,10,14.7643)->(14,10,16.9785)->(13,10,18.2963)->(12,10,18.9785)->(11,10,19.5463)->(10,10,20.0643)->(9,10,20.5643)->(8,10,21.0643)->(7,10,21.5643)->(6,10,22.0822)->(5,10,22.6501)->(4,10,23.3322)->(3,10,24.6501)->(2,10,5012.03)->
Agent 42:(28,19,2.2)->(28,18,3.81421)->(28,17,5.13205)->(28,16,5.81421)->(28,15,6.38205)->(28,14,6.9)->(28,13,7.41795)->(28,12,7.98579)->(28,11,8.66795)->(28,10,9.98579)->(28,9,12.2)->(27,9,14.4142)->(26,9,15.7321)->(25,9,16.4142)->(24,9,16.9821)->(23,9,17.5)->(22,9,18)->(21,9,18.5)->(20,9,19)->(19,9,19.5)->(18,9,20)->(17,9,20.5)->(16,9,21)->(15,9,21.5)->(14,9,22)->(13,9,22.5)->(12,9,23)->(11,9,23.5)->(10,9,24)->(9,9,24.5)->(8,9,25.0179)->(7,9,25.5858)->(6,9,26.2679)->(5,9,27.5858)->(4,9,5013.5)->
Agent 43:(1,19,2.2)->(1,18,3.81421)->(1,17,5.13205)->(1,16,5.81421)->(1,15,6.38205)->(1,14,6.9)->(1,13,7.4)->(1,12,7.91795)->(1,11,8.48579)->(1,10,9.16795)->(1,9,10.4858)->(1,8,13.2821)->(2,8,16.0783)->(3,8,17.3962)->(4,8,18.0783)->(5,8,18.6641)->(6,8,19.2499)->(7,8,19.9321)->(8,8,21.2499)->(9,8,24.2463)->(9,9,5012.5)->
Agent 44:(7,24,2.2)->(7,23,3.81421)->(7,22,5.13205)->(7,21,5.81421)->(7,20,6.38205)->(7,19,6.9)->(7,18,7.4)->(7,17,7.9)->(7,16,8.4)->(7,15,8.91795)->(7,14,9.48579)->(7,13,10.1679)->(7,12,11.4858)->(7,11,15.1284)->(8,11,18.7711)->(9,11,20.0889)->(10,11,20.7711)->(11,11,21.3389)->(12,11,21.8569)->(13,11,22.3569)->(14,11,22.8569)->(15,11,23.3569)->(16,11,23.8569)->(17,11,24.3569)->(18,11,24.8569)->(19,11,25.3748)->(20,11,25.9426)->(21,11,26.6248)->(22,11,27.9426)->(23,11,5013.68)->
Agent 45:(19,21,5.3)->(19,20,10.0142)->(19,19,11.3321)->(19,18,12.0142)->(19,17,12.5821)->(19,16,13.1)->(19,15,13.6)->(19,14,14.1)->(19,13,14.6)->(19,12,15.1)->(19,11,15.6)->(19,10,16.1)->(19,9,16.6)->(19,8,17.1)->(19,7,17.6)->(19,6,18.1)->(19,5,18.6)->(19,4,19.1179)->(19,3,19.6858)->(19,2,20.3679)->(19,1,21.6858)->(19,0,23.9)->(18,0,26.1142)->(17,0,27.4321)->(16,0,28.1142)->(15,0,28.6821)->(14,0,29.2)->(13,0,29.7)->(12,0,30.2)->(11,0,30.7)->(10,0,31.2179)->(9,0,31.7858)->(8,0,32.4679)->(7,0,33.7858)->(6,0,5016.6)->
Agent 46:(5,9,1.3)->(5,10,2.01421)->(5,11,3.33205)->(5,12,4.01421)->(5,13,4.58205)->(5,14,5.1)->(5,15,5.6)->(5,16,6.1)->(5,17,6.61795)->(5,18,7.18579)->(5,19,7.86795)->(5,20,9.18579)->(5,21,11.8142)->(6,21,18.6)->(5,21,25)->(4,21,5012.5)->
Agent 47:(25,6,4.66048)->(24,6,8.73517)->(23,6,10.053)->(22,6,10.7352)->(21,6,11.303)->(20,6,11.821)->(19,6,12.321)->(18,6,12.821)->(17,6,13.321)->(16,6,13.821)->(15,6,14.321)->(14,6,14.821)->(13,6,15.321)->(12,6,15.821)->(11,6,16.321)->(10,6,16.821)->(9,6,17.321)->(8,6,17.821)->(7,6,18.321)->(6,6,18.821)->(5,6,19.321)->(4,6,19.8389)->(3,6,20.4067)->(2,6,21.0889)->(1,6,22.4067)->(0,6,24.621)->(0,7,26.8352)->(0,8,28.153)->(0,9,28.8352)->(0,10,29.403)->(0,11,29.921)->(0,12,30.421)->(0,13,30.921)->(0,14,31.421)->(0,15,31.921)->(0,16,32.421)->(0,17,32.921)->(0,18,33.421)->(0,19,33.921)->(0,20,34.4389)->(0,21,35.0067)->(0,22,35.6889)->(0,23,37.0067)->(0,24,5018.21)->
Agent 48:(15,31,2.8)->(15,30,5.01421)->(15,29,6.33205)->(15,28,7.01421)->(15,27,7.58205)->(15,26,8.1)->(15,25,8.6)->(15,24,9.1)->(15,23,9.6)->(15,22,10.1)->(15,21,10.6179)->(15,20,11.1858)->(15,19,11.8679)->(15,18,13.1858)->(15,17,15.4)->(16,17,17.6142)->(17,17,18.9321)->(18,17,19.6238)->(19,17,20.2595)->(20,17,20.9513)->(21,17,22.2691)->(22,17,24.8975)->(22,18,5012.64)->
Agent 49:(3,6,1.3)->(3,7,2.04949)->(3,8,4.04949)->(3,9,7.69949)->(2,9,11.9)->(1,9,17.3531)->(1,10,22.8062)->(1,11,5011.4)->
Agent 50:(31,20,2.2)->(31,19,4.4)->(31,18,7.7)->(30,18,10.4142)->(29,18,11.7321)->(28,18,12.4142)->(27,18,12.9821)->(26,18,13.5)->(25,18,14)->(24,18,14.5)->(23,18,15)->(22,18,15.5)->(21,18,16)->(20,18,16.5)->(19,18,17)->(18,18,17.5)->(17,18,18)->(16,18,18.5)->(15,18,19)->(14,18,19.5)->(13,18,20)->(12,18,20.5)->(11,18,21)->(10,18,21.5)->(9,18,22)->(8,18,22.5)->(7,18,23)->(6,18,23.5179)->(5,18,24.0858)->(4,18,24.7679)->(3,18,26.0858)->(2,18,5012.75)->
Agent 51:(17,14,1.3)->(17,15,2.01421)->(17,16,3.33205)->(17,17,4.02382)->(17,18,4.65949)->(17,19,5.35126)->(17,20,6.6691)->(17,21,8.88331)->(18,21,11.0975)->(19,21,12.4154)->(20,21,13.0975)->(21,21,13.6654)->(22,21,14.2013)->(23,21,14.7691)->(24,21,15.4513)->(25,21,16.7691)->(26,21,5008.09)->
Agent 52:(24,30,4.75)->(24,29,8.91421)->(24,28,10.2321)->(24,27,10.9142)->(24,26,11.4821)->(24,25,12)->(24,24,12.5)->(24,23,13)->(24,22,13.5)->(24,21,14)->(24,20,14.5)->(24,19,15)->(24,18,15.5)->(24,17,16)->(24,16,16.5)->(24,15,17)->(24,14,17.5)->(24,13,18)->(24,12,18.5)->(24,11,19)->(24,10,19.5)->(24,9,20)->(24,8,20.5)->(24,7,21)->(24,6,21.5)->(24,5,22.0179)->(24,4,22.5858)->(24,3,23.2679)->(24,2,24.5858)->(24,1,26.8)->(23,1,29.0142)->(22,1,30.3321)->(21,1,31.0142)->(20,1,31.6)->(19,1,32.1858)->(18,1,32.8679)->(17,1,34.1858)->(16,1,5016.8)->
Agent 53:(28,12,1.8)->(29,12,3.04949)->(30,12,5.04949)->(31,12,7.29898)->(31,13,9.51319)->(31,14,10.831)->(31,15,11.5132)->(31,16,12.081)->(31,17,12.599)->(31,18,13.099)->(31,19,13.599)->(31,20,14.1169)->(31,21,14.6848)->(31,22,15.3669)->(31,23,16.6848)->(31,24,5008.05)->
Agent 54:(28,20,1.8)->(27,20,3.01421)->(26,20,4.33205)->(25,20,5.01421)->(24,20,5.58205)->(23,20,6.1)->(22,20,6.6)->(21,20,7.1)->(20,20,7.6)->(19,20,8.1)->(18,20,8.6)->(17,20,9.1)->(16,20,9.6)->(15,20,10.1)->(14,20,10.6)->(13,20,11.1)->(12,20,11.6)->(11,20,12.1)->(10,20,12.6179)->(9,20,13.1858)->(8,20,13.8679)->(7,20,15.1858)->(6,20,17.8142)->(6,19,5009.1)->
Agent 55:(7,25,1.8)->(8,25,3.01421)->(9,25,4.42843)->(10,25,5.84264)->(11,25,15.1611)->(11,26,24.5148)->(11,27,26.5148)->(11,28,5012.98)->
Agent 56:(25,31,3.25)->(25,30,5.91421)->(25,29,7.23205)->(25,28,7.91421)->(25,27,8.48205)->(25,26,9)->(25,25,9.5)->(25,24,10)->(25,23,10.5)->(25,22,11)->(25,21,11.5)->(25,20,12)->(25,19,12.5)->(25,18,13)->(25,17,13.5)->(25,16,14)->(25,15,14.5)->(25,14,15)->(25,13,15.5)->(25,12,16)->(25,11,16.5)->(25,10,17)->(25,9,17.5179)->(25,8,18.0858)->(25,7,18.7679)->(25,6,20.0858)->(25,5,22.3)->(24,5,24.5142)->(23,5,25.8321)->(22,5,26.5142)->(21,5,27.0821)->(20,5,27.6)->(19,5,28.1)->(18,5,28.6)->(17,5,29.1)->(16,5,29.6179)->(15,5,30.1858)->(14,5,30.8679)->(13,5,32.1858)->(12,5,5015.8)->
Agent 57:(23,17,4.6642)->(23,16,8.74261)->(23,15,10.0605)->(23,14,10.7426)->(23,13,11.3105)->(23,12,11.8284)->(23,11,12.3284)->(23,10,12.8284)->(23,9,13.3284)->(23,8,13.8284)->(23,7,14.3284)->(23,6,14.8284)->(23,5,15.3284)->(23,4,15.8463)->(23,3,16.4142)->(23,2,17.0963)->(23,1,18.4142)->(23,0,25.5426)->(23,1,5015.21)->
Agent 58:(14,0,1.3)->(14,1,2.01421)->(14,2,3.33205)->(14,3,4.01421)->(14,4,4.58205)->(14,5,5.1)->(14,6,5.6)->(14,7,6.1)->(14,8,6.6)->(14,9,7.1)->(14,10,7.61795)->(14,11,8.18579)->(14,12,8.86795)->(14,13,10.1858)->(14,14,12.4)->(15,14,14.6142)->(16,14,15.9321)->(17,14,16.6641)->(18,14,17.3962)->(19,14,18.714)->(20,14,21.7962)->(20,15,25.4641)->(20,16,5012.73)->
Agent 59:(18,15,1.3)->(18,16,2.01421)->(18,17,3.33205)->(18,18,4.01421)->(18,19,4.58205)->(18,20,5.1)->(18,21,5.6)->(18,22,6.11795)->(18,23,6.68579)->(18,24,7.36795)->(18,25,8.68579)->(18,26,10.9)->(19,26,13.1142)->(20,26,14.4321)->(21,26,15.1142)->(22,26,15.6821)->(23,26,16.2)->(24,26,16.7179)->(25,26,17.2858)->(26,26,17.9679)->(27,26,19.2858)->(28,26,5009.35)->
