Agent 0:(21,4,1.3)->(21,5,2.04949)->(21,6,4.04949)->(21,7,6.29898)->(22,7,8.54847)->(23,7,10.5485)->(24,7,12.798)->(24,8,15.0122)->(24,9,16.33)->(24,10,17.0122)->(24,11,17.58)->(24,12,18.098)->(24,13,18.598)->(24,14,19.098)->(24,15,19.598)->(24,16,20.098)->(24,17,20.598)->(24,18,21.098)->(24,19,21.6159)->(24,20,22.1837)->(24,21,22.8659)->(24,22,24.1837)->(24,23,5011.8)->
Agent 1:(17,29,1.8)->(16,29,3.01421)->(15,29,4.33205)->(14,29,5.01421)->(13,29,5.58205)->(12,29,6.1)->(11,29,6.6)->(10,29,7.1)->(9,29,7.61795)->(8,29,8.18579)->(7,29,8.86795)->(6,29,10.1858)->(5,29,12.4)->(5,28,14.6142)->(5,27,15.9321)->(5,26,16.6142)->(5,25,17.1821)->(5,24,17.7)->(5,23,18.2)->(5,22,18.7)->(5,21,19.2)->(5,20,19.7)->(5,19,20.2)->(5,18,20.7)->(5,17,21.2)->(5,16,21.7)->(5,15,22.2)->(5,14,22.7)->(5,13,23.2)->(5,12,23.7)->(5,11,24.2179)->(5,10,24.7858)->(5,9,25.4679)->(5,8,26.7858)->(5,7,29.4142)->(4,7,5014.9)->
Agent 2:(10,12,1.8)->(11,12,3.01421)->(12,12,4.33205)->(13,12,5.01421)->(14,12,5.6)->(15,12,6.18579)->(16,12,6.86795)->(17,12,8.18579)->(18,12,15.9417)->(18,13,24.2833)->(18,14,27.6206)->(17,14,5014.06)->
Agent 3:(22,26,2.2)->(22,25,3.81421)->(22,24,5.13205)->(22,23,5.81421)->(22,22,6.38205)->(22,21,6.9)->(22,20,7.4)->(22,19,7.9)->(22,18,8.4)->(22,17,8.9)->(22,16,9.4)->(22,15,9.9)->(22,14,10.4179)->(22,13,10.9858)->(22,12,11.6679)->(22,11,12.9858)->(22,10,16.0605)->(21,10,19.1351)->(20,10,20.453)->(19,10,21.1351)->(18,10,21.703)->(17,10,22.2209)->(16,10,22.7209)->(15,10,23.2389)->(14,10,23.8067)->(13,10,24.4889)->(12,10,25.8067)->(11,10,28.0209)->(11,9,30.2351)->(11,8,31.553)->(11,7,32.2351)->(11,6,32.803)->(11,5,33.3209)->(11,4,33.8389)->(11,3,34.4067)->(11,2,35.0889)->(11,1,36.4067)->(11,0,5017.91)->
Agent 4:(10,0,6.89166)->(10,1,13.1975)->(10,2,14.5154)->(10,3,15.1975)->(10,4,15.7654)->(10,5,16.2833)->(10,6,16.7833)->(10,7,17.2833)->(10,8,17.7833)->(10,9,18.2833)->(10,10,18.7833)->(10,11,19.2833)->(10,12,19.7833)->(10,13,20.2833)->(10,14,20.7833)->(10,15,21.2833)->(10,16,21.7833)->(10,17,22.2833)->(10,18,22.7833)->(10,19,23.2833)->(10,20,23.7833)->(10,21,24.2833)->(10,22,24.7833)->(10,23,25.3013)->(10,24,25.8691)->(10,25,26.5513)->(10,26,27.8691)->(10,27,30.2059)->(9,27,32.5426)->(8,27,33.8605)->(7,27,34.5426)->(6,27,35.1284)->(5,27,35.7142)->(4,27,36.3964)->(3,27,37.7142)->(2,27,5018.56)->
Agent 5:(21,14,3.0045)->(21,13,5.4232)->(21,12,6.74104)->(21,11,7.43281)->(21,10,8.06848)->(21,9,8.76025)->(21,8,10.0781)->(21,7,15.4962)->(20,7,20.9142)->(19,7,22.2321)->(18,7,22.9142)->(17,7,23.5)->(16,7,24.0858)->(15,7,24.7679)->(14,7,26.0858)->(13,7,5012.75)->
Agent 6:(13,20,12.3583)->(13,21,24.1309)->(13,22,25.4487)->(13,23,26.1405)->(13,24,26.7762)->(13,25,27.4679)->(13,26,28.7858)->(13,27,5014.1)->
Agent 7:(19,30,2.2)->(19,29,3.81421)->(19,28,5.13205)->(19,27,5.81421)->(19,26,6.38205)->(19,25,6.9)->(19,24,7.4)->(19,23,7.9)->(19,22,8.4)->(19,21,8.9)->(19,20,9.4)->(19,19,9.9)->(19,18,10.4)->(19,17,10.9)->(19,16,11.4)->(19,15,11.9)->(19,14,12.4)->(19,13,12.9)->(19,12,13.4)->(19,11,13.9179)->(19,10,14.4858)->(19,9,15.1679)->(19,8,16.4858)->(19,7,18.7)->(18,7,20.9142)->(17,7,22.2321)->(16,7,22.9142)->(15,7,23.4821)->(14,7,24)->(13,7,24.5)->(12,7,25)->(11,7,25.5)->(10,7,26.0179)->(9,7,26.5858)->(8,7,27.2679)->(7,7,28.5858)->(6,7,33.3738)->(6,8,39.5476)->(5,8,5020.17)->
Agent 8:(22,1,1.8)->(21,1,3.01421)->(20,1,4.33205)->(19,1,5.01421)->(18,1,5.58205)->(17,1,6.11795)->(16,1,6.68579)->(15,1,7.36795)->(14,1,8.68579)->(13,1,13.4284)->(13,2,18.171)->(13,3,19.4889)->(13,4,20.171)->(13,5,20.7389)->(13,6,21.2568)->(13,7,21.7568)->(13,8,22.2568)->(13,9,22.7568)->(13,10,23.2568)->(13,11,23.7568)->(13,12,24.2568)->(13,13,24.7568)->(13,14,25.2568)->(13,15,25.7568)->(13,16,26.2568)->(13,17,26.7568)->(13,18,27.2568)->(13,19,27.7748)->(13,20,28.3426)->(13,21,29.0248)->(13,22,30.3426)->(13,23,32.971)->(12,23,5016.68)->
Agent 9:(7,18,1.8)->(8,18,3.6)->(9,18,6.4)->(9,19,8.61421)->(9,20,9.93205)->(9,21,10.6641)->(9,22,11.3962)->(9,23,12.714)->(9,24,15.8609)->(10,24,19.0078)->(11,24,20.3256)->(12,24,21.0078)->(13,24,21.5756)->(14,24,22.0935)->(15,24,22.5935)->(16,24,23.0935)->(17,24,23.6115)->(18,24,24.1793)->(19,24,24.8615)->(20,24,26.1793)->(21,24,28.3935)->(21,25,30.6078)->(21,26,31.9256)->(21,27,32.6577)->(21,28,33.3897)->(21,29,34.7075)->(21,30,5017.06)->
Agent 10:(16,23,1.3)->(16,24,2.01421)->(16,25,3.33205)->(16,26,4.0641)->(16,27,4.79615)->(16,28,6.11399)->(16,29,8.3282)->(17,29,10.5424)->(18,29,11.8603)->(19,29,12.5424)->(20,29,13.1103)->(21,29,13.6282)->(22,29,14.1462)->(23,29,14.714)->(24,29,15.3962)->(25,29,16.714)->(26,29,19.3424)->(26,30,5009.86)->
Agent 11:(23,9,3.28205)->(22,9,5.97832)->(21,9,7.29615)->(20,9,7.97832)->(19,9,8.5641)->(18,9,9.14989)->(17,9,9.83205)->(16,9,11.1499)->(15,9,13.3641)->(15,8,15.5783)->(15,7,16.8962)->(15,6,17.5879)->(15,5,18.2236)->(15,4,18.9154)->(15,3,20.2332)->(15,2,5009.82)->
Agent 12:(4,23,1.3)->(4,24,2.01421)->(4,25,3.33205)->(4,26,4.0641)->(4,27,4.79615)->(4,28,6.11399)->(4,29,11.3641)->(5,29,16.6142)->(6,29,17.9321)->(7,29,18.6142)->(8,29,19.1821)->(9,29,19.7)->(10,29,20.2)->(11,29,20.7)->(12,29,21.2)->(13,29,21.7)->(14,29,22.2)->(15,29,22.7)->(16,29,23.2)->(17,29,23.7)->(18,29,24.2)->(19,29,24.7)->(20,29,25.2)->(21,29,25.7)->(22,29,26.2179)->(23,29,26.7858)->(24,29,27.4679)->(25,29,28.7858)->(26,29,5014.1)->
Agent 13:(6,0,1.3)->(6,1,2.6)->(6,2,5001.3)->
Agent 14:(24,8,1.3)->(24,9,2.01421)->(24,10,3.33205)->(24,11,4.01421)->(24,12,4.58205)->(24,13,5.1)->(24,14,5.6)->(24,15,6.1)->(24,16,6.6)->(24,17,7.1)->(24,18,7.61795)->(24,19,8.18579)->(24,20,8.86795)->(24,21,10.1858)->(24,22,12.4)->(23,22,14.6495)->(22,22,16.6495)->(21,22,24.1463)->(21,23,31.643)->(21,24,33.643)->(21,25,5016.55)->
Agent 15:(7,20,3.61059)->(7,19,6.63539)->(7,18,7.95323)->(7,17,8.63539)->(7,16,9.20323)->(7,15,9.72118)->(7,14,10.2212)->(7,13,10.7212)->(7,12,11.2212)->(7,11,11.7212)->(7,10,12.2212)->(7,9,12.7212)->(7,8,13.2212)->(7,7,13.7391)->(7,6,14.307)->(7,5,14.9891)->(7,4,16.307)->(7,3,18.5212)->(8,3,20.7354)->(9,3,22.0532)->(10,3,22.7354)->(11,3,23.3032)->(12,3,23.8212)->(13,3,24.3212)->(14,3,24.8212)->(15,3,25.3212)->(16,3,25.8212)->(17,3,26.3212)->(18,3,26.8212)->(19,3,27.3391)->(20,3,27.907)->(21,3,28.5891)->(22,3,29.907)->(23,3,32.5354)->(23,2,36.1354)->(24,2,39.3496)->(25,2,42.5638)->(25,3,5021.47)->
Agent 16:(1,28,2.23216)->(1,27,3.87854)->(1,26,5.19638)->(1,25,5.87854)->(1,24,6.44638)->(1,23,6.96433)->(1,22,7.46433)->(1,21,7.96433)->(1,20,8.48227)->(1,19,9.05011)->(1,18,9.73227)->(1,17,11.0501)->(1,16,15.8606)->(2,16,20.671)->(3,16,21.9889)->(4,16,22.671)->(5,16,23.2389)->(6,16,23.7568)->(7,16,24.2568)->(8,16,24.7568)->(9,16,25.2568)->(10,16,25.7568)->(11,16,26.2568)->(12,16,26.7568)->(13,16,27.2568)->(14,16,27.7568)->(15,16,28.2568)->(16,16,28.7568)->(17,16,29.2568)->(18,16,29.7568)->(19,16,30.2568)->(20,16,30.7568)->(21,16,31.2568)->(22,16,31.7568)->(23,16,32.2568)->(24,16,32.7748)->(25,16,33.3426)->(26,16,34.0248)->(27,16,35.3426)->(28,16,5017.38)->
Agent 17:(23,2,2.21421)->(22,2,5.56058)->(22,3,8.93537)->(22,4,10.2532)->(22,5,10.945)->(22,6,11.5806)->(22,7,12.2724)->(22,8,13.5903)->(22,9,5006.5)->
Agent 18:(10,3,2.8)->(10,4,5.01421)->(10,5,6.33205)->(10,6,7.01421)->(10,7,7.58205)->(10,8,8.1)->(10,9,8.6)->(10,10,9.1)->(10,11,9.6)->(10,12,10.1)->(10,13,10.6)->(10,14,11.1)->(10,15,11.6)->(10,16,12.1)->(10,17,12.6)->(10,18,13.1)->(10,19,13.6)->(10,20,14.1)->(10,21,14.6)->(10,22,15.1)->(10,23,15.6)->(10,24,16.1)->(10,25,16.6)->(10,26,17.1)->(10,27,17.6179)->(10,28,18.1858)->(10,29,18.8679)->(10,30,20.1858)->(10,31,22.4)->(11,31,24.6142)->(12,31,25.9481)->(13,31,26.7765)->(14,31,28.1103)->(15,31,5013.76)->
Agent 19:(10,24,1.8)->(11,24,3.01421)->(12,24,4.33205)->(13,24,5.01421)->(14,24,5.58205)->(15,24,6.11795)->(16,24,6.68579)->(17,24,7.36795)->(18,24,8.68579)->(19,24,12.1179)->(19,23,15.5501)->(19,22,16.8679)->(19,21,17.5501)->(19,20,18.1179)->(19,19,18.6359)->(19,18,19.1359)->(19,17,19.6359)->(19,16,20.1359)->(19,15,20.6359)->(19,14,21.1359)->(19,13,21.6359)->(19,12,22.1359)->(19,11,22.6359)->(19,10,23.1359)->(19,9,23.6359)->(19,8,24.1538)->(19,7,24.7217)->(19,6,25.4038)->(19,5,26.7217)->(19,4,29.3501)->(18,4,5014.87)->
Agent 20:(25,6,2.21421)->(24,6,12.4359)->(24,5,22.686)->(24,4,24.0038)->(24,3,24.7359)->(24,2,25.4679)->(24,1,26.7858)->(24,0,5013.1)->
Agent 21:(26,26,2.2)->(26,25,4.4)->(26,24,16.7968)->(25,24,28.6078)->(24,24,29.9256)->(23,24,30.6078)->(22,24,31.1756)->(21,24,31.6935)->(20,24,32.1935)->(19,24,32.6935)->(18,24,33.1935)->(17,24,33.6935)->(16,24,34.1935)->(15,24,34.6935)->(14,24,35.1935)->(13,24,35.6935)->(12,24,36.1935)->(11,24,36.6935)->(10,24,37.1935)->(9,24,37.6935)->(8,24,38.1935)->(7,24,38.7115)->(6,24,39.2793)->(5,24,39.9615)->(4,24,41.2793)->(3,24,5020.35)->
Agent 22:(16,4,1.96421)->(15,4,3.34264)->(14,4,4.66048)->(13,4,5.34264)->(12,4,5.91048)->(11,4,6.42843)->(10,4,6.92843)->(9,4,7.42843)->(8,4,7.94638)->(7,4,8.51421)->(6,4,9.19638)->(5,4,10.5142)->(4,4,12.7284)->(4,5,14.9426)->(4,6,16.2765)->(4,7,17.1049)->(4,8,18.4388)->(4,9,5008.93)->
Agent 23:(31,30,2.2)->(31,29,3.81421)->(31,28,5.13205)->(31,27,5.81421)->(31,26,6.38205)->(31,25,6.9)->(31,24,7.4)->(31,23,7.9)->(31,22,8.4)->(31,21,8.9)->(31,20,9.4)->(31,19,9.91795)->(31,18,10.4858)->(31,17,11.1679)->(31,16,12.4858)->(31,15,15.4642)->(30,15,18.4426)->(29,15,19.7605)->(28,15,20.4426)->(27,15,21.0105)->(26,15,21.5284)->(25,15,22.0284)->(24,15,22.5284)->(23,15,23.0284)->(22,15,23.5284)->(21,15,24.0284)->(20,15,24.5284)->(19,15,25.0284)->(18,15,25.5284)->(17,15,26.0284)->(16,15,26.5284)->(15,15,27.0284)->(14,15,27.5284)->(13,15,28.0284)->(12,15,28.5284)->(11,15,29.0284)->(10,15,29.5284)->(9,15,30.0464)->(8,15,30.6142)->(7,15,31.2964)->(6,15,32.6142)->(5,15,35.2426)->(5,16,5017.81)->
Agent 24:(17,0,2.05)->(17,1,3.51421)->(17,2,4.83205)->(17,3,5.51421)->(17,4,6.08205)->(17,5,6.6)->(17,6,7.1)->(17,7,7.6)->(17,8,8.1)->(17,9,8.6)->(17,10,9.1)->(17,11,9.6)->(17,12,10.1)->(17,13,10.6)->(17,14,11.1)->(17,15,11.6179)->(17,16,12.1858)->(17,17,12.8679)->(17,18,14.1858)->(17,19,18.1059)->(16,19,5009.89)->
Agent 25:(2,7,1.3)->(2,8,2.01421)->(2,9,3.33205)->(2,10,4.01421)->(2,11,4.58205)->(2,12,5.1)->(2,13,5.61795)->(2,14,6.18579)->(2,15,6.86795)->(2,16,8.18579)->(2,17,10.9237)->(3,17,13.6616)->(4,17,14.9795)->(5,17,15.6616)->(6,17,16.2295)->(7,17,16.7474)->(8,17,17.2474)->(9,17,17.7474)->(10,17,18.2474)->(11,17,18.7474)->(12,17,19.2474)->(13,17,19.7474)->(14,17,20.2654)->(15,17,20.8332)->(16,17,21.5154)->(17,17,22.8332)->(18,17,25.0474)->(18,18,27.8474)->(18,19,5013.92)->
Agent 26:(0,16,4.81795)->(1,16,9.05011)->(2,16,10.3679)->(3,16,11.0501)->(4,16,11.6179)->(5,16,12.1359)->(6,16,12.6359)->(7,16,13.1359)->(8,16,13.6359)->(9,16,14.1359)->(10,16,14.6359)->(11,16,15.1359)->(12,16,15.6359)->(13,16,16.1359)->(14,16,16.6359)->(15,16,17.1359)->(16,16,17.6359)->(17,16,18.1359)->(18,16,18.6359)->(19,16,19.1359)->(20,16,19.6538)->(21,16,20.2217)->(22,16,20.9038)->(23,16,22.2217)->(24,16,24.5454)->(24,15,26.8691)->(24,14,28.1869)->(24,13,28.8787)->(24,12,29.5144)->(24,11,30.2062)->(24,10,31.524)->(24,9,5015.47)->
Agent 27:(3,0,1.3)->(3,1,2.01421)->(3,2,3.33205)->(3,3,4.01421)->(3,4,4.58205)->(3,5,5.1)->(3,6,5.6)->(3,7,6.1)->(3,8,6.6)->(3,9,7.1)->(3,10,7.61795)->(3,11,8.18579)->(3,12,8.86795)->(3,13,10.1858)->(3,14,12.9417)->(4,14,15.6975)->(5,14,17.0154)->(6,14,17.6975)->(7,14,18.2654)->(8,14,18.7833)->(9,14,19.2833)->(10,14,19.7833)->(11,14,20.2833)->(12,14,20.7833)->(13,14,21.2833)->(14,14,21.7833)->(15,14,22.2833)->(16,14,22.7833)->(17,14,23.2833)->(18,14,23.7833)->(19,14,24.2833)->(20,14,24.7833)->(21,14,25.2833)->(22,14,25.7833)->(23,14,26.3013)->(24,14,26.8691)->(25,14,27.5513)->(26,14,28.8691)->(27,14,5014.14)->
Agent 28:(23,0,2.32841)->(23,1,4.07104)->(23,2,5.38888)->(23,3,6.07104)->(23,4,6.63888)->(23,5,7.15683)->(23,6,7.65683)->(23,7,8.15683)->(23,8,8.65683)->(23,9,9.15683)->(23,10,9.65683)->(23,11,10.1568)->(23,12,10.6568)->(23,13,11.1568)->(23,14,11.6748)->(23,15,12.2426)->(23,16,12.9248)->(23,17,14.2426)->(23,18,16.4568)->(22,18,18.671)->(21,18,19.9889)->(20,18,20.671)->(19,18,21.2389)->(18,18,21.7568)->(17,18,22.2568)->(16,18,22.7748)->(15,18,23.3426)->(14,18,24.0248)->(13,18,25.3426)->(12,18,5012.38)->
Agent 29:(9,21,1.8)->(10,21,3.01421)->(11,21,4.33205)->(12,21,5.02382)->(13,21,5.65949)->(14,21,6.35126)->(15,21,7.6691)->(16,21,9.88331)->(16,20,12.0975)->(16,19,13.4154)->(16,18,14.0975)->(16,17,14.6654)->(16,16,15.1833)->(16,15,15.6833)->(16,14,16.1833)->(16,13,16.6833)->(16,12,17.2013)->(16,11,17.7691)->(16,10,18.4513)->(16,9,19.7691)->(16,8,21.9833)->(17,8,24.2328)->(18,8,26.2328)->(19,8,5012.84)->
Agent 30:(20,0,1.9142)->(21,0,3.24261)->(22,0,4.56045)->(23,0,5.24261)->(24,0,5.81045)->(25,0,6.34635)->(26,0,6.91419)->(27,0,7.59635)->(28,0,8.91419)->(29,0,11.1284)->(29,1,13.3426)->(29,2,14.6605)->(29,3,15.3426)->(29,4,15.9105)->(29,5,16.4463)->(29,6,17.0142)->(29,7,17.6963)->(29,8,19.0142)->(29,9,5009.21)->
Agent 31:(14,6,3.06795)->(13,6,5.55011)->(12,6,6.86795)->(11,6,7.55011)->(10,6,8.1359)->(9,6,8.72168)->(8,6,9.40385)->(7,6,10.7217)->(6,6,12.9359)->(6,7,15.1501)->(6,8,16.4679)->(6,9,17.1501)->(6,10,17.7179)->(6,11,18.2359)->(6,12,18.7359)->(6,13,19.2359)->(6,14,19.7538)->(6,15,20.3217)->(6,16,21.0038)->(6,17,22.3217)->(6,18,5010.87)->
Agent 32:(24,11,1.3)->(24,12,2.01421)->(24,13,3.33205)->(24,14,4.01421)->(24,15,4.58205)->(24,16,5.1)->(24,17,5.6)->(24,18,6.1)->(24,19,6.6)->(24,20,7.1)->(24,21,7.6)->(24,22,8.1)->(24,23,8.61795)->(24,24,9.18579)->(24,25,9.86795)->(24,26,11.1858)->(24,27,14.9)->(23,27,18.6142)->(22,27,19.9321)->(21,27,20.6142)->(20,27,21.1821)->(19,27,21.7)->(18,27,22.2)->(17,27,22.7)->(16,27,23.2)->(15,27,23.7)->(14,27,24.2)->(13,27,24.7)->(12,27,25.2)->(11,27,25.7)->(10,27,26.2)->(9,27,26.7179)->(8,27,27.2858)->(7,27,27.9679)->(6,27,29.2858)->(5,27,31.9142)->(5,28,5016.15)->
Agent 33:(17,12,1.3)->(17,13,2.01421)->(17,14,3.33205)->(17,15,4.01421)->(17,16,4.58205)->(17,17,5.1)->(17,18,5.6)->(17,19,6.1)->(17,20,6.6)->(17,21,7.1)->(17,22,7.61795)->(17,23,8.18579)->(17,24,8.86795)->(17,25,10.1858)->(17,26,15.6147)->(17,25,21.0437)->(17,24,22.3615)->(17,23,23.0437)->(17,22,23.6115)->(17,21,24.1294)->(17,20,24.6294)->(17,19,25.1294)->(17,18,25.6294)->(17,17,26.1294)->(17,16,26.6294)->(17,15,27.1294)->(17,14,27.6294)->(17,13,28.1294)->(17,12,28.6294)->(17,11,29.1294)->(17,10,29.6294)->(17,9,30.1294)->(17,8,30.6294)->(17,7,31.1294)->(17,6,31.6294)->(17,5,32.1294)->(17,4,32.6474)->(17,3,33.2152)->(17,2,33.8974)->(17,1,35.2152)->(17,0,37.4294)->(18,0,39.6437)->(19,0,41.0579)->(20,0,42.4721)->(21,0,5020.94)->
Agent 34:(26,5,2.2)->(26,4,3.81421)->(26,3,5.22843)->(26,2,6.64264)->(26,1,8.85685)->(27,1,11.6569)->(28,1,5005.83)->
Agent 35:(28,0,1.3)->(28,1,2.01421)->(28,2,3.33205)->(28,3,4.01421)->(28,4,4.58205)->(28,5,5.1)->(28,6,5.6)->(28,7,6.1)->(28,8,6.6)->(28,9,7.11795)->(28,10,7.68579)->(28,11,8.36795)->(28,12,9.68579)->(28,13,11.9)->(27,13,14.1142)->(26,13,15.4321)->(25,13,16.1641)->(24,13,16.8962)->(23,13,18.214)->(22,13,23.5512)->(23,13,29.4741)->(24,13,32.6883)->(24,14,5016.54)->
Agent 36:(4,28,2.21421)->(5,28,4.81421)->(5,27,7.44264)->(5,26,8.76048)->(5,25,9.44264)->(5,24,10.0105)->(5,23,10.5284)->(5,22,11.0284)->(5,21,11.5284)->(5,20,12.0284)->(5,19,12.5284)->(5,18,13.0284)->(5,17,13.5284)->(5,16,14.0284)->(5,15,14.5284)->(5,14,15.0284)->(5,13,15.5284)->(5,12,16.0284)->(5,11,16.5284)->(5,10,17.0284)->(5,9,17.5464)->(5,8,18.1142)->(5,7,18.7964)->(5,6,20.1142)->(5,5,22.3284)->(6,5,24.5426)->(7,5,25.8605)->(8,5,26.5426)->(9,5,27.1105)->(10,5,27.6284)->(11,5,28.1284)->(12,5,28.6284)->(13,5,29.1284)->(14,5,29.6284)->(15,5,30.1284)->(16,5,30.6284)->(17,5,31.1284)->(18,5,31.6284)->(19,5,32.1284)->(20,5,32.6284)->(21,5,33.1284)->(22,5,33.6284)->(23,5,34.1284)->(24,5,34.6284)->(25,5,35.1284)->(26,5,35.6464)->(27,5,36.2142)->(28,5,36.8964)->(29,5,38.2142)->(30,5,5018.81)->
Agent 37:(30,17,1.71421)->(30,18,6.05051)->(29,18,10.9505)->(28,18,12.9505)->(27,18,5006.2)->
Agent 38:(15,6,2.37843)->(15,5,4.75685)->(15,4,7.55685)->(14,4,9.77107)->(13,4,11.0889)->(12,4,11.7711)->(11,4,12.3389)->(10,4,12.8569)->(9,4,13.3569)->(8,4,13.8569)->(7,4,14.3748)->(6,4,14.9426)->(5,4,15.6248)->(4,4,16.9426)->(3,4,5008.18)->
Agent 39:(19,23,2.21421)->(18,23,19.2505)->(19,23,36.3505)->(20,23,38.3505)->(21,23,5018.9)->
Agent 40:(15,15,2.97157)->(15,14,5.35736)->(15,13,6.6752)->(15,12,7.35736)->(15,11,7.9252)->(15,10,8.44315)->(15,9,8.94315)->(15,8,9.44315)->(15,7,9.94315)->(15,6,10.4611)->(15,5,11.0289)->(15,4,11.7111)->(15,3,13.0289)->(15,2,15.2431)->(16,2,17.4574)->(17,2,18.8716)->(18,2,20.2858)->(19,2,5009.85)->
Agent 41:(11,3,1.3)->(11,4,2.01421)->(11,5,3.33205)->(11,6,4.01421)->(11,7,4.58205)->(11,8,5.11795)->(11,9,5.68579)->(11,10,6.36795)->(11,11,7.68579)->(11,12,10.3142)->(12,12,15.9917)->(12,13,21.2833)->(12,14,24.9343)->(13,14,5012.88)->
Agent 42:(27,29,2.2)->(27,28,3.81421)->(27,27,5.13205)->(27,26,5.81421)->(27,25,6.38205)->(27,24,6.9)->(27,23,7.4)->(27,22,7.9)->(27,21,8.41795)->(27,20,8.98579)->(27,19,9.66795)->(27,18,10.9858)->(27,17,15.7367)->(26,17,20.4875)->(25,17,21.8054)->(24,17,22.4971)->(23,17,23.1328)->(22,17,23.8246)->(21,17,25.1424)->(20,17,5012.28)->
Agent 43:(6,4,2.81795)->(6,5,5.05011)->(6,6,6.36795)->(6,7,7.05011)->(6,8,7.61795)->(6,9,8.1359)->(6,10,8.6359)->(6,11,9.1359)->(6,12,9.6359)->(6,13,10.1359)->(6,14,10.6359)->(6,15,11.1359)->(6,16,11.6359)->(6,17,12.1359)->(6,18,12.6359)->(6,19,13.1359)->(6,20,13.6359)->(6,21,14.1359)->(6,22,14.6538)->(6,23,15.2217)->(6,24,15.9038)->(6,25,17.2217)->(6,26,20.0037)->(7,26,22.7858)->(8,26,24.1036)->(9,26,24.7858)->(10,26,25.3536)->(11,26,25.8716)->(12,26,26.3716)->(13,26,26.8716)->(14,26,27.3716)->(15,26,27.8716)->(16,26,28.3895)->(17,26,28.9574)->(18,26,29.6395)->(19,26,30.9574)->(20,26,5015.19)->
Agent 44:(23,6,2.21421)->(22,6,6.29263)->(23,6,11.371)->(23,7,14.5853)->(23,8,5007.29)->
Agent 45:(6,29,2.2)->(6,28,3.81421)->(6,27,5.13205)->(6,26,5.82382)->(6,25,6.45949)->(6,24,7.15126)->(6,23,8.4691)->(6,22,11.0096)->(7,22,13.5501)->(8,22,14.8679)->(9,22,15.5501)->(10,22,16.1179)->(11,22,16.6359)->(12,22,17.1359)->(13,22,17.6359)->(14,22,18.1538)->(15,22,18.7217)->(16,22,19.4038)->(17,22,20.7217)->(18,22,5010.07)->
Agent 46:(17,11,2.4142)->(17,12,4.24261)->(17,13,5.56045)->(17,14,6.24261)->(17,15,6.81045)->(17,16,7.3284)->(17,17,7.8284)->(17,18,8.3284)->(17,19,8.8284)->(17,20,9.3284)->(17,21,9.84635)->(17,22,10.4142)->(17,23,11.0963)->(17,24,12.4142)->(17,25,15.7289)->(16,25,19.0437)->(15,25,20.3615)->(14,25,21.0437)->(13,25,21.6115)->(12,25,22.1474)->(11,25,22.7152)->(10,25,23.3974)->(9,25,24.7152)->(8,25,5012.06)->
Agent 47:(7,12,2.8)->(7,11,5.01421)->(7,10,6.33205)->(7,9,7.01421)->(7,8,7.58205)->(7,7,8.1)->(7,6,8.6)->(7,5,9.1)->(7,4,9.61795)->(7,3,10.1858)->(7,2,10.8679)->(7,1,12.1858)->(7,0,14.4)->(8,0,16.6142)->(9,0,17.9321)->(10,0,18.6142)->(11,0,19.1821)->(12,0,19.7)->(13,0,20.2)->(14,0,20.7)->(15,0,21.2)->(16,0,21.7)->(17,0,22.2)->(18,0,22.7)->(19,0,23.2)->(20,0,23.7)->(21,0,24.2)->(22,0,24.7)->(23,0,25.2)->(24,0,25.7)->(25,0,26.2)->(26,0,26.7)->(27,0,27.2179)->(28,0,27.7858)->(29,0,28.4679)->(30,0,29.7858)->(31,0,5014.6)->
Agent 48:(5,3,2.2)->(5,2,4.4)->(5,1,9.82841)->(6,1,14.671)->(7,1,15.9889)->(8,1,16.671)->(9,1,17.2389)->(10,1,17.7568)->(11,1,18.2568)->(12,1,18.7568)->(13,1,19.2568)->(14,1,19.7568)->(15,1,20.2568)->(16,1,20.7568)->(17,1,21.2748)->(18,1,21.8426)->(19,1,22.5248)->(20,1,23.8426)->(21,1,5011.63)->
Agent 49:(16,30,6.89166)->(16,29,13.1975)->(16,28,14.5154)->(16,27,15.1975)->(16,26,15.7654)->(16,25,16.2833)->(16,24,16.7833)->(16,23,17.2833)->(16,22,17.7833)->(16,21,18.2833)->(16,20,18.7833)->(16,19,19.2833)->(16,18,19.7833)->(16,17,20.2833)->(16,16,20.7833)->(16,15,21.2833)->(16,14,21.7833)->(16,13,22.2833)->(16,12,22.8013)->(16,11,23.3691)->(16,10,24.0513)->(16,9,25.3691)->(16,8,27.5833)->(15,8,29.7975)->(14,8,31.1154)->(13,8,31.7975)->(12,8,32.3654)->(11,8,32.8833)->(10,8,33.3833)->(9,8,33.8833)->(8,8,34.3833)->(7,8,34.8833)->(6,8,35.4013)->(5,8,35.9691)->(4,8,36.6513)->(3,8,37.9691)->(2,8,5018.69)->
Agent 50:(7,17,1.9142)->(8,17,3.24261)->(9,17,4.56045)->(10,17,5.24261)->(11,17,5.81045)->(12,17,6.3284)->(13,17,6.8284)->(14,17,7.3284)->(15,17,7.8284)->(16,17,8.3284)->(17,17,8.8284)->(18,17,9.3284)->(19,17,9.8284)->(20,17,10.3284)->(21,17,10.8463)->(22,17,11.4142)->(23,17,12.0963)->(24,17,13.4142)->(25,17,15.6284)->(25,16,17.8426)->(25,15,19.1605)->(25,14,19.8925)->(25,13,20.6246)->(25,12,21.9424)->(25,11,5010.68)->
Agent 51:(16,0,1.3)->(16,1,2.01421)->(16,2,3.33205)->(16,3,4.01421)->(16,4,4.58205)->(16,5,5.1)->(16,6,5.6)->(16,7,6.1)->(16,8,6.6)->(16,9,7.1)->(16,10,7.61795)->(16,11,8.18579)->(16,12,8.86795)->(16,13,10.1858)->(16,14,12.4)->(17,14,14.6142)->(18,14,16.0284)->(19,14,17.4426)->(20,14,19.6569)->(20,15,21.8711)->(20,16,23.1889)->(20,17,23.921)->(20,18,24.653)->(20,19,25.9708)->(20,20,5012.69)->
Agent 52:(30,2,1.71421)->(30,3,11.5217)->(29,3,21.8576)->(28,3,23.1754)->(27,3,23.9075)->(26,3,24.6395)->(25,3,25.9574)->(24,3,5012.69)->
Agent 53:(5,19,1.8)->(6,19,3.01421)->(7,19,4.33205)->(8,19,5.02382)->(9,19,5.65949)->(10,19,6.35126)->(11,19,7.6691)->(12,19,9.88331)->(12,20,12.6833)->(12,21,5006.34)->
Agent 54:(4,2,1.3)->(4,3,2.01421)->(4,4,3.33205)->(4,5,4.01421)->(4,6,4.58205)->(4,7,5.1)->(4,8,5.6)->(4,9,6.1)->(4,10,6.6)->(4,11,7.1)->(4,12,7.6)->(4,13,8.1)->(4,14,8.6)->(4,15,9.1)->(4,16,9.6)->(4,17,10.1)->(4,18,10.6)->(4,19,11.1)->(4,20,11.6)->(4,21,12.1)->(4,22,12.6)->(4,23,13.1)->(4,24,13.6179)->(4,25,14.1858)->(4,26,14.8679)->(4,27,16.1858)->(4,28,18.4)->(5,28,20.6142)->(6,28,21.9321)->(7,28,22.6142)->(8,28,23.1821)->(9,28,23.7)->(10,28,24.2)->(11,28,24.7)->(12,28,25.2)->(13,28,25.7)->(14,28,26.2)->(15,28,26.7)->(16,28,27.2)->(17,28,27.7)->(18,28,28.2)->(19,28,28.7)->(20,28,29.2)->(21,28,29.7)->(22,28,30.2)->(23,28,30.7)->(24,28,31.2179)->(25,28,31.7858)->(26,28,32.4679)->(27,28,33.7858)->(28,28,5016.6)->
Agent 55:(7,19,1.8)->(8,19,3.01421)->(9,19,4.33205)->(10,19,5.01421)->(11,19,5.6)->(12,19,6.18579)->(13,19,6.86795)->(14,19,8.18579)->(15,19,10.4)->(15,18,12.6142)->(15,17,13.9321)->(15,16,14.6238)->(15,15,15.2595)->(15,14,15.9513)->(15,13,17.2691)->(15,12,19.4833)->(14,12,21.6975)->(13,12,23.0154)->(12,12,23.6975)->(11,12,24.2654)->(10,12,24.8013)->(9,12,25.3691)->(8,12,26.0513)->(7,12,27.3691)->(6,12,5013.39)->
Agent 56:(22,18,2.05)->(21,18,3.51421)->(20,18,4.83205)->(19,18,5.51421)->(18,18,6.08205)->(17,18,6.6)->(16,18,7.1)->(15,18,7.6)->(14,18,8.1)->(13,18,8.61795)->(12,18,9.18579)->(11,18,9.86795)->(10,18,11.1858)->(9,18,5005.3)->
Agent 57:(7,21,1.8)->(8,21,3.01421)->(9,21,4.42843)->(10,21,5.84264)->(11,21,14.6519)->(11,22,23.4612)->(11,23,24.7951)->(11,24,25.6235)->(11,25,26.9574)->(11,26,5013.19)->
Agent 58:(8,7,1.3)->(8,8,2.01421)->(8,9,3.33205)->(8,10,4.01421)->(8,11,4.58205)->(8,12,5.1)->(8,13,5.6)->(8,14,6.1)->(8,15,6.6)->(8,16,7.1)->(8,17,7.6)->(8,18,8.1)->(8,19,8.6)->(8,20,9.1)->(8,21,9.6)->(8,22,10.1179)->(8,23,10.6858)->(8,24,11.3679)->(8,25,12.6858)->(8,26,14.9)->(9,26,17.1142)->(10,26,18.4321)->(11,26,19.1142)->(12,26,19.6821)->(13,26,20.2179)->(14,26,20.7858)->(15,26,21.4679)->(16,26,22.7858)->(17,26,25.2)->(17,27,28.2)->(17,28,31.8142)->(17,27,5016.3)->
Agent 59:(12,25,1.8)->(11,25,3.04949)->(10,25,5.04949)->(9,25,13.9)->(9,26,22.7505)->(9,27,24.7505)->(9,28,5012.1)->
