Agent 0:(1,12,4.37843)->(2,12,8.17107)->(3,12,9.48891)->(4,12,10.1711)->(5,12,10.7389)->(6,12,11.2569)->(7,12,11.7569)->(8,12,12.2569)->(9,12,12.7569)->(10,12,13.2569)->(11,12,13.7569)->(12,12,14.2569)->(13,12,14.7569)->(14,12,15.2569)->(15,12,15.7569)->(16,12,16.2569)->(17,12,16.7569)->(18,12,17.2569)->(19,12,17.7748)->(20,12,18.3426)->(21,12,19.0248)->(22,12,20.3426)->(23,12,22.5569)->(23,11,24.7711)->(23,10,26.1853)->(23,9,27.5995)->(23,8,5013.51)->
Agent 1:(15,5,1.8)->(16,5,3.6)->(17,5,6.4)->(17,4,9.2)->(17,3,15.1322)->(17,4,21.0643)->(17,5,5010.53)->
Agent 2:(23,25,2.98205)->(22,25,5.37832)->(21,25,6.69615)->(20,25,7.37832)->(19,25,7.94615)->(18,25,8.4641)->(17,25,8.9641)->(16,25,9.4641)->(15,25,9.9641)->(14,25,10.4641)->(13,25,10.9641)->(12,25,11.4641)->(11,25,11.9641)->(10,25,12.4641)->(9,25,12.9641)->(8,25,13.4641)->(7,25,13.9641)->(6,25,14.4641)->(5,25,14.9641)->(4,25,15.4821)->(3,25,16.0499)->(2,25,16.7321)->(1,25,18.0499)->(0,25,20.2641)->(0,26,22.5136)->(0,27,24.5136)->(0,28,5011.98)->
Agent 3:(5,14,1.3)->(5,15,2.01421)->(5,16,3.33205)->(5,17,4.01421)->(5,18,4.58205)->(5,19,5.1)->(5,20,5.6)->(5,21,6.1)->(5,22,6.6)->(5,23,7.1)->(5,24,7.6)->(5,25,8.1)->(5,26,8.6)->(5,27,9.11795)->(5,28,9.68579)->(5,29,10.3679)->(5,30,11.6858)->(5,31,13.9)->(6,31,16.1142)->(7,31,17.4321)->(8,31,18.1142)->(9,31,18.6821)->(10,31,19.2)->(11,31,19.7)->(12,31,20.2)->(13,31,20.7)->(14,31,21.2)->(15,31,21.7)->(16,31,22.2)->(17,31,22.7)->(18,31,23.2)->(19,31,23.7)->(20,31,24.2)->(21,31,24.7)->(22,31,25.2)->(23,31,25.7179)->(24,31,26.2858)->(25,31,26.9679)->(26,31,28.2858)->(27,31,5013.85)->
Agent 4:(3,0,4.26228)->(4,0,7.93877)->(5,0,9.25661)->(6,0,9.93877)->(7,0,10.5066)->(8,0,11.0246)->(9,0,11.5246)->(10,0,12.0246)->(11,0,12.5246)->(12,0,13.0246)->(13,0,13.5246)->(14,0,14.0246)->(15,0,14.5246)->(16,0,15.0246)->(17,0,15.5246)->(18,0,16.0246)->(19,0,16.5246)->(20,0,17.0246)->(21,0,17.5246)->(22,0,18.0246)->(23,0,18.5246)->(24,0,19.0425)->(25,0,19.6103)->(26,0,20.2925)->(27,0,21.6103)->(28,0,5010.51)->
Agent 5:(11,29,5.5)->(11,28,10.4142)->(11,27,11.7321)->(11,26,12.4142)->(11,25,12.9821)->(11,24,13.5)->(11,23,14)->(11,22,14.5)->(11,21,15)->(11,20,15.5)->(11,19,16)->(11,18,16.5)->(11,17,17)->(11,16,17.5)->(11,15,18)->(11,14,18.5)->(11,13,19.0179)->(11,12,19.5858)->(11,11,20.2679)->(11,10,21.5858)->(11,9,23.8)->(12,9,26.0142)->(13,9,27.3321)->(14,9,28.0142)->(15,9,28.5821)->(16,9,29.1)->(17,9,29.6)->(18,9,30.1179)->(19,9,30.6858)->(20,9,31.3679)->(21,9,32.6858)->(22,9,35.3142)->(22,8,5017.85)->
Agent 6:(9,8,2.21421)->(10,8,4.81421)->(10,9,7.44264)->(10,10,8.76048)->(10,11,9.44264)->(10,12,10.0105)->(10,13,10.5284)->(10,14,11.0284)->(10,15,11.5284)->(10,16,12.0284)->(10,17,12.5284)->(10,18,13.0464)->(10,19,13.6142)->(10,20,14.2964)->(10,21,15.6142)->(10,22,18.2426)->(9,22,31.45)->(9,23,44.2716)->(9,24,5022.14)->
Agent 7:(13,5,1.3)->(13,6,2.01421)->(13,7,3.33205)->(13,8,4.0641)->(13,9,4.79615)->(13,10,6.11399)->(13,11,8.3282)->(14,11,10.5777)->(15,11,12.5777)->(16,11,16.8283)->(16,12,21.0789)->(16,13,23.0789)->(16,14,25.7426)->(17,14,5013.06)->
Agent 8:(26,26,2.2)->(26,25,3.81421)->(26,24,5.13205)->(26,23,5.81421)->(26,22,6.38205)->(26,21,6.9)->(26,20,7.4)->(26,19,7.9)->(26,18,8.4)->(26,17,8.9)->(26,16,9.4)->(26,15,9.9)->(26,14,10.4)->(26,13,10.9)->(26,12,11.4)->(26,11,11.9)->(26,10,12.4)->(26,9,12.9179)->(26,8,13.4858)->(26,7,14.1679)->(26,6,15.4858)->(26,5,17.7)->(27,5,19.9142)->(28,5,21.2481)->(29,5,22.0765)->(30,5,23.4103)->(31,5,5011.41)->
Agent 9:(29,28,4.25)->(28,28,7.91421)->(27,28,9.23205)->(26,28,9.91421)->(25,28,10.4821)->(24,28,11)->(23,28,11.5)->(22,28,12)->(21,28,12.5)->(20,28,13)->(19,28,13.5)->(18,28,14)->(17,28,14.5)->(16,28,15)->(15,28,15.5)->(14,28,16)->(13,28,16.5)->(12,28,17)->(11,28,17.5)->(10,28,18)->(9,28,18.5)->(8,28,19)->(7,28,19.5)->(6,28,20)->(5,28,20.5179)->(4,28,21.0858)->(3,28,21.7679)->(2,28,23.0858)->(1,28,25.3)->(1,27,27.5142)->(1,26,28.8321)->(1,25,29.5142)->(1,24,30.0821)->(1,23,30.6)->(1,22,31.1)->(1,21,31.6)->(1,20,32.1)->(1,19,32.6)->(1,18,33.1)->(1,17,33.6)->(1,16,34.1)->(1,15,34.6)->(1,14,35.1)->(1,13,35.6)->(1,12,36.1)->(1,11,36.6179)->(1,10,37.1858)->(1,9,37.8679)->(1,8,39.1858)->(1,7,41.8142)->(0,7,5021.1)->
Agent 10:(9,21,2.2)->(9,20,3.81421)->(9,19,5.13205)->(9,18,5.81421)->(9,17,6.38205)->(9,16,6.9)->(9,15,7.4)->(9,14,7.9)->(9,13,8.4)->(9,12,8.9)->(9,11,9.4)->(9,10,9.91795)->(9,9,10.4858)->(9,8,11.1679)->(9,7,12.4858)->(9,6,16.45)->(10,6,20.4142)->(11,6,21.7321)->(12,6,22.4142)->(13,6,22.9821)->(14,6,23.5179)->(15,6,24.0858)->(16,6,24.7679)->(17,6,26.0858)->(18,6,28.7142)->(18,7,5014.55)->
Agent 11:(26,31,2.38579)->(26,30,4.18579)->(26,29,5.50362)->(26,28,6.18579)->(26,27,6.75362)->(26,26,7.28952)->(26,25,7.85736)->(26,24,8.53952)->(26,23,9.85736)->(26,22,12.0716)->(25,22,14.2858)->(24,22,15.6036)->(23,22,16.2858)->(22,22,16.8536)->(21,22,17.3716)->(20,22,17.8716)->(19,22,18.3716)->(18,22,18.8716)->(17,22,19.3716)->(16,22,19.8716)->(15,22,20.3716)->(14,22,20.8895)->(13,22,21.4574)->(12,22,22.1395)->(11,22,23.4574)->(10,22,5011.44)->
Agent 12:(3,31,2.2)->(3,30,3.81421)->(3,29,5.13205)->(3,28,5.81421)->(3,27,6.38205)->(3,26,6.9)->(3,25,7.4)->(3,24,7.9)->(3,23,8.4)->(3,22,8.9)->(3,21,9.4)->(3,20,9.91795)->(3,19,10.4858)->(3,18,11.1679)->(3,17,12.4858)->(3,16,14.7)->(4,16,16.9142)->(5,16,18.2321)->(6,16,18.9142)->(7,16,19.4821)->(8,16,20)->(9,16,20.5)->(10,16,21)->(11,16,21.5)->(12,16,22)->(13,16,22.5)->(14,16,23)->(15,16,23.5179)->(16,16,24.0858)->(17,16,24.7679)->(18,16,26.0858)->(19,16,5012.75)->
Agent 13:(31,6,2.76228)->(30,6,4.93877)->(29,6,6.25661)->(28,6,6.93877)->(27,6,7.50661)->(26,6,8.02456)->(25,6,8.52456)->(24,6,9.02456)->(23,6,9.52456)->(22,6,10.0246)->(21,6,10.5246)->(20,6,11.0246)->(19,6,11.5246)->(18,6,12.0425)->(17,6,12.6103)->(16,6,13.2925)->(15,6,14.6103)->(14,6,16.8246)->(14,7,19.6246)->(14,8,22.4246)->(13,8,24.6388)->(12,8,25.9566)->(11,8,26.6388)->(10,8,27.2066)->(9,8,27.7246)->(8,8,28.2246)->(7,8,28.7425)->(6,8,29.3103)->(5,8,29.9925)->(4,8,31.3103)->(3,8,5015.36)->
Agent 14:(15,16,1.71421)->(15,17,4.26795)->(16,17,7.35011)->(17,17,8.66795)->(18,17,9.35011)->(19,17,9.9359)->(20,17,10.5217)->(21,17,11.2038)->(22,17,12.5217)->(23,17,16.2322)->(23,18,20.9142)->(24,18,23.5426)->(25,18,24.8605)->(26,18,25.5426)->(27,18,26.1284)->(28,18,26.7142)->(29,18,27.3964)->(30,18,28.7142)->(31,18,5014.06)->
Agent 15:(25,21,2.2)->(25,20,3.81421)->(25,19,5.13205)->(25,18,5.81421)->(25,17,6.38205)->(25,16,6.9)->(25,15,7.4)->(25,14,7.9)->(25,13,8.4)->(25,12,8.9)->(25,11,9.4)->(25,10,9.9)->(25,9,10.4)->(25,8,10.9)->(25,7,11.4)->(25,6,11.9179)->(25,5,12.4858)->(25,4,13.1679)->(25,3,14.4858)->(25,2,16.7)->(24,2,18.9142)->(23,2,20.2321)->(22,2,20.9142)->(21,2,21.4821)->(20,2,22)->(19,2,22.5)->(18,2,23)->(17,2,23.5)->(16,2,24)->(15,2,24.5)->(14,2,25)->(13,2,25.5)->(12,2,26)->(11,2,26.5)->(10,2,27.0179)->(9,2,27.5858)->(8,2,28.2679)->(7,2,29.5858)->(6,2,32.2142)->(6,1,5016.3)->
Agent 16:(15,30,2.2)->(15,29,3.81421)->(15,28,5.13205)->(15,27,5.81421)->(15,26,6.38205)->(15,25,6.9)->(15,24,7.4)->(15,23,7.9)->(15,22,8.4)->(15,21,8.9)->(15,20,9.4)->(15,19,9.9)->(15,18,10.4179)->(15,17,10.9858)->(15,16,11.6679)->(15,15,12.9858)->(15,14,16.2858)->(16,14,19.5858)->(17,14,20.9036)->(18,14,21.5954)->(19,14,22.2311)->(20,14,22.9228)->(21,14,24.2407)->(22,14,5011.83)->
Agent 17:(1,21,2.37843)->(1,20,4.17107)->(1,19,5.48891)->(1,18,6.17107)->(1,17,6.73891)->(1,16,7.25685)->(1,15,7.75685)->(1,14,8.25685)->(1,13,8.75685)->(1,12,9.25685)->(1,11,9.75685)->(1,10,10.2569)->(1,9,10.7569)->(1,8,11.2569)->(1,7,11.7748)->(1,6,12.3426)->(1,5,13.0248)->(1,4,14.3426)->(1,3,16.5569)->(2,3,19.3569)->(3,3,5009.68)->
Agent 18:(2,7,1.8)->(3,7,3.01421)->(4,7,4.33205)->(5,7,5.01421)->(6,7,5.58205)->(7,7,6.1)->(8,7,6.6)->(9,7,7.1)->(10,7,7.6)->(11,7,8.1)->(12,7,8.61795)->(13,7,9.18579)->(14,7,9.86795)->(15,7,11.1858)->(16,7,13.4)->(16,8,15.6495)->(16,9,17.6495)->(16,10,21.3321)->(17,10,25.0146)->(18,10,27.0146)->(19,10,29.2641)->(19,11,31.4783)->(19,12,32.8925)->(19,13,34.3067)->(19,14,5016.86)->
Agent 19:(20,27,2.2)->(20,26,3.81421)->(20,25,5.13205)->(20,24,5.81421)->(20,23,6.38205)->(20,22,6.9)->(20,21,7.4)->(20,20,7.9)->(20,19,8.4)->(20,18,8.9)->(20,17,9.41795)->(20,16,9.98579)->(20,15,10.6679)->(20,14,11.9858)->(20,13,19)->(19,13,26.0142)->(18,13,27.3321)->(17,13,28.0142)->(16,13,28.5821)->(15,13,29.1)->(14,13,29.6)->(13,13,30.1)->(12,13,30.6)->(11,13,31.1)->(10,13,31.6)->(9,13,32.1)->(8,13,32.6)->(7,13,33.1)->(6,13,33.6)->(5,13,34.1179)->(4,13,34.6858)->(3,13,35.3679)->(2,13,36.6858)->(1,13,5018.05)->
Agent 20:(13,24,2.6)->(13,23,4.61421)->(13,22,5.93205)->(13,21,6.61421)->(13,20,7.18205)->(13,19,7.7)->(13,18,8.2)->(13,17,8.7)->(13,16,9.2)->(13,15,9.7)->(13,14,10.2)->(13,13,10.7)->(13,12,11.2)->(13,11,11.7)->(13,10,12.2)->(13,9,12.7)->(13,8,13.2179)->(13,7,13.7858)->(13,6,14.4679)->(13,5,15.7858)->(13,4,18.4001)->(14,4,21.0144)->(15,4,22.3323)->(16,4,23.0144)->(17,4,23.6002)->(18,4,24.186)->(19,4,24.8682)->(20,4,26.186)->(21,4,5012.8)->
Agent 21:(2,15,3.2)->(3,15,5.81421)->(4,15,7.13205)->(5,15,7.81421)->(6,15,8.38205)->(7,15,8.9)->(8,15,9.4)->(9,15,9.9)->(10,15,10.4179)->(11,15,10.9858)->(12,15,11.6679)->(13,15,12.9858)->(14,15,15.6142)->(14,14,19.6284)->(13,14,24.0569)->(13,15,5012.43)->
Agent 22:(16,29,2.2)->(16,28,3.84949)->(16,27,5.84949)->(16,26,10.631)->(15,26,15.3773)->(14,26,16.6951)->(13,26,17.3773)->(12,26,17.9451)->(11,26,18.4631)->(10,26,18.9631)->(9,26,19.4631)->(8,26,19.9631)->(7,26,20.4631)->(6,26,20.9631)->(5,26,21.4631)->(4,26,21.981)->(3,26,22.5489)->(2,26,23.231)->(1,26,24.5489)->(0,26,28.1778)->(1,26,5014.78)->
Agent 23:(25,28,2.2)->(25,27,3.81421)->(25,26,5.13205)->(25,25,5.81421)->(25,24,6.38205)->(25,23,6.9)->(25,22,7.4)->(25,21,7.9)->(25,20,8.4)->(25,19,8.9)->(25,18,9.41795)->(25,17,9.98579)->(25,16,10.6679)->(25,15,11.9858)->(25,14,14.2)->(26,14,17)->(27,14,5008.5)->
Agent 24:(0,12,2.2)->(0,11,3.81421)->(0,10,5.13205)->(0,9,5.81421)->(0,8,6.38205)->(0,7,6.9)->(0,6,7.4)->(0,5,7.9)->(0,4,8.41795)->(0,3,8.98579)->(0,2,9.66795)->(0,1,10.9858)->(0,0,13.2)->(1,0,15.4142)->(2,0,16.7321)->(3,0,17.4142)->(4,0,17.9821)->(5,0,18.5)->(6,0,19)->(7,0,19.5)->(8,0,20)->(9,0,20.5)->(10,0,21)->(11,0,21.5)->(12,0,22)->(13,0,22.5)->(14,0,23)->(15,0,23.5)->(16,0,24)->(17,0,24.5)->(18,0,25)->(19,0,25.5)->(20,0,26)->(21,0,26.5)->(22,0,27)->(23,0,27.5179)->(24,0,28.0858)->(25,0,28.7679)->(26,0,30.0858)->(27,0,32.7142)->(27,1,36.3142)->(28,1,39.5284)->(29,1,42.7426)->(29,0,5021.56)->
Agent 25:(25,4,1.71421)->(25,5,3.81421)->(24,5,6.44264)->(23,5,7.77649)->(22,5,8.60492)->(21,5,9.93877)->(20,5,16.2623)->(20,6,22.5858)->(20,7,23.9036)->(20,8,24.5858)->(20,9,25.1536)->(20,10,25.6716)->(20,11,26.1716)->(20,12,26.6716)->(20,13,27.1716)->(20,14,27.6716)->(20,15,28.1716)->(20,16,28.6716)->(20,17,29.1716)->(20,18,29.6716)->(20,19,30.1716)->(20,20,30.6895)->(20,21,31.2574)->(20,22,31.9395)->(20,23,33.2574)->(20,24,35.4716)->(19,24,37.6858)->(18,24,39.0036)->(17,24,39.6858)->(16,24,40.2536)->(15,24,40.7716)->(14,24,41.2716)->(13,24,41.7716)->(12,24,42.2716)->(11,24,42.7716)->(10,24,43.2716)->(9,24,43.7716)->(8,24,44.2716)->(7,24,44.7716)->(6,24,45.2716)->(5,24,45.7895)->(4,24,46.3574)->(3,24,47.0395)->(2,24,48.3574)->(1,24,5023.89)->
Agent 26:(13,1,1.8)->(12,1,3.01421)->(11,1,4.33205)->(10,1,5.01421)->(9,1,5.58205)->(8,1,6.11795)->(7,1,6.68579)->(6,1,7.36795)->(5,1,8.68579)->(4,1,10.9)->(4,2,13.1142)->(4,3,14.4321)->(4,4,15.1142)->(4,5,15.6821)->(4,6,16.2)->(4,7,16.7)->(4,8,17.2)->(4,9,17.7)->(4,10,18.2)->(4,11,18.7)->(4,12,19.2)->(4,13,19.7)->(4,14,20.2)->(4,15,20.7)->(4,16,21.2)->(4,17,21.7)->(4,18,22.2)->(4,19,22.7)->(4,20,23.2)->(4,21,23.7)->(4,22,24.2)->(4,23,24.7)->(4,24,25.2179)->(4,25,25.7858)->(4,26,26.4679)->(4,27,27.7858)->(4,28,5013.6)->
Agent 27:(22,7,1.3)->(22,8,2.01421)->(22,9,3.33205)->(22,10,4.01421)->(22,11,4.58205)->(22,12,5.1)->(22,13,5.6)->(22,14,6.1)->(22,15,6.6)->(22,16,7.1)->(22,17,7.6)->(22,18,8.1)->(22,19,8.6)->(22,20,9.1)->(22,21,9.61795)->(22,22,10.1858)->(22,23,10.8679)->(22,24,12.1858)->(22,25,14.4)->(23,25,16.6142)->(24,25,17.9321)->(25,25,18.6641)->(26,25,19.3962)->(27,25,20.714)->(28,25,23.3424)->(28,26,5011.86)->
Agent 28:(21,20,1.3)->(21,21,2.01421)->(21,22,3.33205)->(21,23,4.01421)->(21,24,4.58205)->(21,25,5.11795)->(21,26,5.68579)->(21,27,6.36795)->(21,28,7.68579)->(21,29,9.9)->(20,29,12.1142)->(19,29,13.4321)->(18,29,14.1142)->(17,29,14.6821)->(16,29,15.2)->(15,29,15.7)->(14,29,16.2)->(13,29,16.7)->(12,29,17.2)->(11,29,17.7)->(10,29,18.2)->(9,29,18.7179)->(8,29,19.2858)->(7,29,19.9679)->(6,29,21.2858)->(5,29,5010.35)->
Agent 29:(17,11,1.4142)->(17,12,2.27789)->(17,13,4.27789)->(17,14,6.84585)->(16,14,9.37854)->(15,14,10.6964)->(14,14,11.3785)->(13,14,11.9464)->(12,14,12.4643)->(11,14,12.9643)->(10,14,13.4643)->(9,14,13.9643)->(8,14,14.4643)->(7,14,14.9643)->(6,14,15.4643)->(5,14,15.9643)->(4,14,16.4823)->(3,14,17.0501)->(2,14,17.7323)->(1,14,19.0501)->(0,14,5009.23)->
Agent 30:(19,24,3.2)->(19,23,5.84949)->(19,22,7.84949)->(19,21,10.099)->(18,21,12.899)->(17,21,21.9216)->(18,21,30.3937)->(19,21,32.3937)->(20,21,5015.92)->
Agent 31:(23,6,1.8)->(22,6,3.04949)->(21,6,5.04949)->(20,6,7.29898)->(20,7,10.099)->(20,8,17.0495)->(19,8,24)->(18,8,5012)->
Agent 32:(19,12,1.86369)->(18,12,3.14159)->(17,12,4.45943)->(16,12,5.1512)->(15,12,5.78687)->(14,12,6.47864)->(13,12,7.79648)->(12,12,10.0875)->(12,13,12.3785)->(12,14,13.6964)->(12,15,14.3785)->(12,16,14.9464)->(12,17,15.4643)->(12,18,15.9643)->(12,19,16.4643)->(12,20,16.9643)->(12,21,17.4643)->(12,22,17.9643)->(12,23,18.4643)->(12,24,18.9643)->(12,25,19.4643)->(12,26,19.9643)->(12,27,20.4823)->(12,28,21.0501)->(12,29,21.7323)->(12,30,23.0501)->(12,31,25.6785)->(11,31,5013.03)->
Agent 33:(30,4,2.6)->(29,4,4.61421)->(28,4,5.93205)->(27,4,6.61421)->(26,4,7.18205)->(25,4,7.7)->(24,4,8.2)->(23,4,8.7)->(22,4,9.2)->(21,4,9.7)->(20,4,10.2)->(19,4,10.7)->(18,4,11.2)->(17,4,11.7)->(16,4,12.2)->(15,4,12.7)->(14,4,13.2)->(13,4,13.7)->(12,4,14.2)->(11,4,14.7)->(10,4,15.2)->(9,4,15.7179)->(8,4,16.2858)->(7,4,16.9679)->(6,4,18.2858)->(5,4,20.5)->(5,5,22.7142)->(5,6,24.0321)->(5,7,24.7142)->(5,8,25.2821)->(5,9,25.8)->(5,10,26.3)->(5,11,26.8)->(5,12,27.3)->(5,13,27.8)->(5,14,28.3)->(5,15,28.8)->(5,16,29.3)->(5,17,29.8)->(5,18,30.3179)->(5,19,30.8858)->(5,20,31.5679)->(5,21,32.8858)->(5,22,5016.15)->
Agent 34:(31,11,1.3)->(31,12,2.01421)->(31,13,3.33205)->(31,14,4.01421)->(31,15,4.58205)->(31,16,5.1)->(31,17,5.6)->(31,18,6.1)->(31,19,6.6)->(31,20,7.1)->(31,21,7.6)->(31,22,8.11795)->(31,23,8.68579)->(31,24,9.36795)->(31,25,10.6858)->(31,26,12.9)->(30,26,15.1142)->(29,26,16.4321)->(28,26,17.1142)->(27,26,17.6821)->(26,26,18.2)->(25,26,18.7)->(24,26,19.2)->(23,26,19.7)->(22,26,20.2)->(21,26,20.7)->(20,26,21.2)->(19,26,21.7)->(18,26,22.2)->(17,26,22.7)->(16,26,23.2)->(15,26,23.7)->(14,26,24.2)->(13,26,24.7)->(12,26,25.2)->(11,26,25.7)->(10,26,26.2)->(9,26,26.7)->(8,26,27.2179)->(7,26,27.7858)->(6,26,28.4679)->(5,26,29.7858)->(4,26,32.4142)->(4,27,36.4284)->(3,27,5018.61)->
Agent 35:(27,23,2.2)->(27,22,3.81421)->(27,21,5.13205)->(27,20,5.81421)->(27,19,6.38205)->(27,18,6.9)->(27,17,7.4)->(27,16,7.9)->(27,15,8.4)->(27,14,8.9)->(27,13,9.4)->(27,12,9.9)->(27,11,10.4179)->(27,10,10.9858)->(27,9,11.6679)->(27,8,12.9858)->(27,7,15.2)->(26,7,17.4142)->(25,7,18.7321)->(24,7,19.4142)->(23,7,19.9821)->(22,7,20.5)->(21,7,21)->(20,7,21.5)->(19,7,22.0179)->(18,7,22.5858)->(17,7,23.2679)->(16,7,24.5858)->(15,7,26.8)->(15,8,29.6)->(15,9,5014.8)->
Agent 36:(22,24,1.8)->(23,24,3.6)->(24,24,6.4)->(24,23,8.61421)->(24,22,9.93205)->(24,21,10.6142)->(24,20,11.2)->(24,19,11.7858)->(24,18,12.4679)->(24,17,13.7858)->(24,16,5006.6)->
Agent 37:(21,13,1.3)->(21,14,2.04949)->(21,15,4.04949)->(21,16,6.54949)->(22,16,9.6)->(23,16,5004.8)->
Agent 38:(14,19,6.2)->(15,19,11.8142)->(16,19,13.1321)->(17,19,13.8142)->(18,19,14.3821)->(19,19,14.9)->(20,19,15.4)->(21,19,15.9)->(22,19,16.4)->(23,19,16.9)->(24,19,17.4)->(25,19,17.9)->(26,19,18.4179)->(27,19,18.9858)->(28,19,19.6679)->(29,19,20.9858)->(30,19,23.2)->(30,18,25.4142)->(30,17,26.7321)->(30,16,27.4641)->(30,15,28.1962)->(30,14,29.514)->(30,13,5014.46)->
Agent 39:(23,19,1.8)->(23,20,3.01421)->(23,21,4.33205)->(23,22,5.01421)->(23,23,5.58205)->(23,24,6.1)->(23,25,6.61795)->(23,26,7.18579)->(23,27,7.86795)->(23,28,9.18579)->(23,29,11.4)->(24,29,13.6142)->(25,29,14.9321)->(26,29,15.6238)->(27,29,16.2595)->(28,29,16.9513)->(29,29,18.2691)->(30,29,5008.84)->
Agent 40:(5,11,2.55)->(5,10,4.51421)->(5,9,5.83205)->(5,8,6.51421)->(5,7,7.08205)->(5,6,7.6)->(5,5,8.11795)->(5,4,8.68579)->(5,3,9.36795)->(5,2,10.6858)->(5,1,12.9)->(4,1,15.1142)->(3,1,16.4481)->(2,1,17.2765)->(1,1,18.6103)->(0,1,5009.01)->
Agent 41:(0,23,2.2)->(0,22,3.81421)->(0,21,5.13205)->(0,20,5.8641)->(0,19,6.59615)->(0,18,7.91399)->(0,17,10.1999)->(1,17,12.4858)->(2,17,13.8036)->(3,17,14.4858)->(4,17,15.0536)->(5,17,15.5716)->(6,17,16.0716)->(7,17,16.5716)->(8,17,17.0716)->(9,17,17.5716)->(10,17,18.0716)->(11,17,18.5716)->(12,17,19.0716)->(13,17,19.5716)->(14,17,20.0716)->(15,17,20.5716)->(16,17,21.0716)->(17,17,21.5716)->(18,17,22.0895)->(19,17,22.6574)->(20,17,23.3395)->(21,17,24.6574)->(22,17,5012.04)->
Agent 42:(23,0,1.3)->(23,1,2.01421)->(23,2,3.33205)->(23,3,4.01421)->(23,4,4.58205)->(23,5,5.1)->(23,6,5.6)->(23,7,6.1)->(23,8,6.6)->(23,9,7.1)->(23,10,7.6)->(23,11,8.11795)->(23,12,8.68579)->(23,13,9.36795)->(23,14,10.6858)->(23,15,12.9)->(22,15,15.1142)->(21,15,16.4321)->(20,15,17.1142)->(19,15,17.6821)->(18,15,18.2)->(17,15,18.7)->(16,15,19.2)->(15,15,19.7)->(14,15,20.2)->(13,15,20.7)->(12,15,21.2)->(11,15,21.7)->(10,15,22.2)->(9,15,22.7)->(8,15,23.2179)->(7,15,23.7858)->(6,15,24.4679)->(5,15,25.7858)->(4,15,28)->(4,16,30.2142)->(4,17,31.5321)->(4,18,32.2238)->(4,19,32.8595)->(4,20,33.5513)->(4,21,34.8691)->(4,22,5017.14)->
Agent 43:(6,28,2.61421)->(6,27,10.236)->(7,27,17.4862)->(8,27,18.8041)->(9,27,19.5361)->(10,27,20.2682)->(11,27,21.586)->(12,27,5010.5)->
Agent 44:(4,2,2.21421)->(3,2,8.4)->(3,3,14.6142)->(3,4,15.9321)->(3,5,16.6142)->(3,6,17.2)->(3,7,17.7858)->(3,8,18.4679)->(3,9,19.7858)->(3,10,5009.6)->
Agent 45:(5,0,1.8)->(6,0,3.01421)->(7,0,4.34806)->(8,0,5.17649)->(9,0,6.51034)->(10,0,8.72456)->(10,1,10.9388)->(10,2,12.2566)->(10,3,12.9388)->(10,4,13.5066)->(10,5,14.0246)->(10,6,14.5246)->(10,7,15.0246)->(10,8,15.5246)->(10,9,16.0246)->(10,10,16.5246)->(10,11,17.0246)->(10,12,17.5246)->(10,13,18.0246)->(10,14,18.5246)->(10,15,19.0425)->(10,16,19.6103)->(10,17,20.2925)->(10,18,21.6103)->(10,19,5010.51)->
Agent 46:(11,3,1.8)->(10,3,3.01421)->(9,3,4.33205)->(8,3,5.01421)->(7,3,5.6)->(6,3,6.18579)->(5,3,6.86795)->(4,3,8.18579)->(3,3,10.4)->(3,4,12.6142)->(3,5,13.9321)->(3,6,14.6142)->(3,7,15.1821)->(3,8,15.7)->(3,9,16.2)->(3,10,16.7)->(3,11,17.2)->(3,12,17.7)->(3,13,18.2)->(3,14,18.7)->(3,15,19.2)->(3,16,19.7)->(3,17,20.2)->(3,18,20.7)->(3,19,21.2)->(3,20,21.7)->(3,21,22.2)->(3,22,22.7179)->(3,23,23.2858)->(3,24,23.9679)->(3,25,25.2858)->(3,26,5012.35)->
Agent 47:(13,14,2.61421)->(13,13,5.61421)->(14,13,8.82843)->(15,13,11.6284)->(15,12,13.8426)->(15,11,15.1605)->(15,10,15.8426)->(15,9,16.4105)->(15,8,16.9284)->(15,7,17.4284)->(15,6,17.9284)->(15,5,18.4464)->(15,4,19.0142)->(15,3,19.6964)->(15,2,21.0142)->(15,1,23.2284)->(16,1,25.4426)->(17,1,26.7605)->(18,1,27.4426)->(19,1,28.0284)->(20,1,28.6142)->(21,1,29.2964)->(22,1,30.6142)->(23,1,5015.01)->
Agent 48:(12,26,1.71421)->(12,27,6.21421)->(13,27,11.2426)->(14,27,12.5605)->(15,27,13.2426)->(16,27,13.8105)->(17,27,14.3284)->(18,27,14.8284)->(19,27,15.3284)->(20,27,15.8464)->(21,27,16.4142)->(22,27,17.0964)->(23,27,18.4142)->(24,27,5008.91)->
Agent 49:(29,6,1.3)->(29,7,2.01421)->(29,8,3.33205)->(29,9,4.01421)->(29,10,4.58205)->(29,11,5.1)->(29,12,5.6)->(29,13,6.1)->(29,14,6.61795)->(29,15,7.18579)->(29,16,7.86795)->(29,17,9.18579)->(29,18,11.4)->(28,18,13.6142)->(27,18,14.9321)->(26,18,15.6142)->(25,18,16.1821)->(24,18,16.7)->(23,18,17.2)->(22,18,17.7)->(21,18,18.2)->(20,18,18.7)->(19,18,19.2)->(18,18,19.7)->(17,18,20.2179)->(16,18,20.7858)->(15,18,21.4679)->(14,18,22.7858)->(13,18,25.4142)->(13,19,29.4284)->(12,19,5015.11)->
Agent 50:(17,13,1.3)->(17,14,2.04949)->(17,15,4.04949)->(17,16,6.73165)->(17,15,9.37854)->(17,14,10.6964)->(17,13,11.3785)->(17,12,11.9464)->(17,11,12.4643)->(17,10,12.9643)->(17,9,13.4823)->(17,8,14.0501)->(17,7,14.7323)->(17,6,16.0501)->(17,5,18.2643)->(16,5,20.4785)->(15,5,21.7964)->(14,5,22.4785)->(13,5,23.0464)->(12,5,23.5643)->(11,5,24.0643)->(10,5,24.5823)->(9,5,25.1501)->(8,5,25.8323)->(7,5,27.1501)->(6,5,5013.28)->
Agent 51:(29,3,4.01421)->(29,4,7.44264)->(29,5,8.76048)->(29,6,9.44264)->(29,7,10.0105)->(29,8,10.5284)->(29,9,11.0284)->(29,10,11.5284)->(29,11,12.0284)->(29,12,12.5284)->(29,13,13.0284)->(29,14,13.5284)->(29,15,14.0284)->(29,16,14.5284)->(29,17,15.0284)->(29,18,15.5284)->(29,19,16.0464)->(29,20,16.6142)->(29,21,17.2964)->(29,22,18.6142)->(29,23,20.8284)->(28,23,23.0426)->(27,23,24.3605)->(26,23,25.0426)->(25,23,25.6105)->(24,23,26.1284)->(23,23,26.6284)->(22,23,27.1284)->(21,23,27.6284)->(20,23,28.1464)->(19,23,28.7142)->(18,23,29.3964)->(17,23,30.7142)->(16,23,5015.06)->
Agent 52:(20,5,4.18579)->(19,5,7.78579)->(18,5,9.10362)->(17,5,9.78579)->(16,5,10.3716)->(15,5,10.9574)->(14,5,11.6395)->(13,5,12.9574)->(12,5,15.1716)->(12,6,17.9716)->(12,7,5008.99)->
Agent 53:(10,2,3.21421)->(10,3,5.84264)->(10,4,7.16048)->(10,5,7.84264)->(10,6,8.41048)->(10,7,8.92843)->(10,8,9.42843)->(10,9,9.92843)->(10,10,10.4284)->(10,11,10.9284)->(10,12,11.4284)->(10,13,11.9284)->(10,14,12.4464)->(10,15,13.0142)->(10,16,13.6964)->(10,17,15.0142)->(10,18,17.2284)->(11,18,20.0284)->(12,18,5010.01)->
Agent 54:(24,28,1.8)->(23,28,3.01421)->(22,28,4.33205)->(21,28,5.0641)->(20,28,5.79615)->(19,28,7.11399)->(18,28,10.0141)->(18,27,12.9142)->(18,26,14.2321)->(18,25,14.9142)->(18,24,15.4821)->(18,23,16)->(18,22,16.5)->(18,21,17)->(18,20,17.5)->(18,19,18)->(18,18,18.5)->(18,17,19)->(18,16,19.5)->(18,15,20)->(18,14,20.5)->(18,13,21)->(18,12,21.5)->(18,11,22)->(18,10,22.5)->(18,9,23)->(18,8,23.5)->(18,7,24.0179)->(18,6,24.5858)->(18,5,25.2679)->(18,4,26.5858)->(18,3,5013)->
Agent 55:(8,24,1.8)->(7,24,3.6)->(6,24,12.15)->(6,23,20.1142)->(6,22,21.4321)->(6,21,22.1142)->(6,20,22.6821)->(6,19,23.2179)->(6,18,23.7858)->(6,17,24.4679)->(6,16,25.7858)->(6,15,28.6642)->(5,15,5014.65)->
Agent 56:(11,27,5)->(11,26,9.41421)->(11,25,10.7321)->(11,24,11.4142)->(11,23,11.9821)->(11,22,12.5)->(11,21,13)->(11,20,13.5)->(11,19,14)->(11,18,14.5)->(11,17,15)->(11,16,15.5)->(11,15,16)->(11,14,16.5)->(11,13,17)->(11,12,17.5)->(11,11,18)->(11,10,18.5)->(11,9,19)->(11,8,19.5)->(11,7,20)->(11,6,20.5)->(11,5,21)->(11,4,21.5179)->(11,3,22.0858)->(11,2,22.7679)->(11,1,24.0858)->(11,0,26.3)->(12,0,28.5142)->(13,0,29.8321)->(14,0,30.5142)->(15,0,31.0821)->(16,0,31.6)->(17,0,32.1)->(18,0,32.6179)->(19,0,33.1858)->(20,0,33.8679)->(21,0,35.1858)->(22,0,5017.3)->
Agent 57:(11,26,2.2)->(11,25,3.81421)->(11,24,5.13205)->(11,23,5.81421)->(11,22,6.38205)->(11,21,6.9)->(11,20,7.4)->(11,19,7.9)->(11,18,8.4)->(11,17,8.9)->(11,16,9.4)->(11,15,9.9)->(11,14,10.4)->(11,13,10.9179)->(11,12,11.4858)->(11,11,12.1679)->(11,10,13.4858)->(11,9,15.7)->(12,9,17.9142)->(13,9,19.2321)->(14,9,19.9142)->(15,9,20.4821)->(16,9,21)->(17,9,21.5)->(18,9,22)->(19,9,22.5)->(20,9,23)->(21,9,23.5)->(22,9,24.0179)->(23,9,24.5858)->(24,9,25.2679)->(25,9,26.5858)->(26,9,5013)->
Agent 58:(30,28,2.2)->(30,27,3.81421)->(30,26,5.13205)->(30,25,5.81421)->(30,24,6.38205)->(30,23,6.9)->(30,22,7.4)->(30,21,7.9)->(30,20,8.4)->(30,19,8.9)->(30,18,9.4)->(30,17,9.9)->(30,16,10.4)->(30,15,10.9)->(30,14,11.4)->(30,13,11.9)->(30,12,12.4)->(30,11,12.9)->(30,10,13.4179)->(30,9,13.9858)->(30,8,14.6679)->(30,7,15.9858)->(30,6,20.9142)->(29,6,25.8426)->(28,6,27.1605)->(27,6,27.8426)->(26,6,28.4105)->(25,6,28.9284)->(24,6,29.4284)->(23,6,29.9284)->(22,6,30.4284)->(21,6,30.9284)->(20,6,31.4284)->(19,6,31.9284)->(18,6,32.4284)->(17,6,32.9284)->(16,6,33.4284)->(15,6,33.9284)->(14,6,34.4464)->(13,6,35.0142)->(12,6,35.6964)->(11,6,37.0142)->(10,6,5018.21)->
Agent 59:(19,23,2.2)->(19,22,3.81421)->(19,21,5.13205)->(19,20,5.81421)->(19,19,6.38205)->(19,18,6.9)->(19,17,7.4)->(19,16,7.9)->(19,15,8.4)->(19,14,8.9)->(19,13,9.4)->(19,12,9.9)->(19,11,10.4)->(19,10,10.9)->(19,9,11.4)->(19,8,11.9)->(19,7,12.4179)->(19,6,12.9858)->(19,5,13.6679)->(19,4,14.9858)->(19,3,17.7322)->(18,3,20.4785)->(17,3,21.7964)->(16,3,22.4785)->(15,3,23.0464)->(14,3,23.5823)->(13,3,24.1501)->(12,3,24.8323)->(11,3,26.1501)->(10,3,5012.78)->
