Agent 0:(4,8,1.71421)->(4,9,3.81421)->(5,9,6.44264)->(6,9,7.85685)->(7,9,9.27107)->(8,9,15.7817)->(7,9,22.878)->(6,9,5011.44)->
Agent 1:(7,13,1.71421)->(7,14,4.92157)->(8,14,8.65736)->(9,14,9.9752)->(10,14,10.667)->(11,14,11.3026)->(12,14,11.9944)->(13,14,13.3122)->(14,14,17.3632)->(14,13,22)->(14,12,5011)->
Agent 2:(8,4,2.78579)->(8,5,4.98579)->(8,6,6.30362)->(8,7,6.98579)->(8,8,7.55362)->(8,9,8.07157)->(8,10,8.57157)->(8,11,9.07157)->(8,12,9.57157)->(8,13,10.0895)->(8,14,10.6574)->(8,15,11.3395)->(8,16,12.6574)->(8,17,14.8716)->(9,17,17.0858)->(10,17,18.4036)->(11,17,19.0858)->(12,17,19.6536)->(13,17,20.1716)->(14,17,20.6716)->(15,17,21.1716)->(16,17,21.6716)->(17,17,22.1716)->(18,17,22.6716)->(19,17,23.1716)->(20,17,23.6716)->(21,17,24.1895)->(22,17,24.7574)->(23,17,25.4395)->(24,17,26.7574)->(25,17,5013.09)->
Agent 3:(18,15,1.3)->(18,16,2.01421)->(18,17,3.33205)->(18,18,4.01421)->(18,19,4.58205)->(18,20,5.11795)->(18,21,5.68579)->(18,22,6.36795)->(18,23,7.68579)->(18,24,9.9)->(19,24,12.1142)->(20,24,13.4321)->(21,24,14.1142)->(22,24,14.6821)->(23,24,15.2)->(24,24,15.7)->(25,24,16.2179)->(26,24,16.7858)->(27,24,17.4679)->(28,24,18.7858)->(29,24,21.4142)->(29,25,5010.9)->
Agent 4:(4,26,1.71421)->(4,27,6.97843)->(5,27,12.7711)->(6,27,14.0889)->(7,27,14.7711)->(8,27,15.3389)->(9,27,15.8748)->(10,27,16.4426)->(11,27,17.1248)->(12,27,18.4426)->(13,27,5008.93)->
Agent 5:(16,0,1.86784)->(16,1,3.14989)->(16,2,4.46773)->(16,3,5.14989)->(16,4,5.71773)->(16,5,6.23567)->(16,6,6.73567)->(16,7,7.23567)->(16,8,7.73567)->(16,9,8.23567)->(16,10,8.73567)->(16,11,9.23567)->(16,12,9.73567)->(16,13,10.2357)->(16,14,10.7536)->(16,15,11.3215)->(16,16,12.0036)->(16,17,13.3215)->(16,18,16.4358)->(15,18,19.5501)->(14,18,20.8679)->(13,18,21.5501)->(12,18,22.1179)->(11,18,22.6359)->(10,18,23.1359)->(9,18,23.6359)->(8,18,24.1359)->(7,18,24.6359)->(6,18,25.1538)->(5,18,25.7217)->(4,18,26.4038)->(3,18,27.7217)->(2,18,29.9359)->(2,19,32.1501)->(2,20,33.4679)->(2,21,34.1501)->(2,22,34.7179)->(2,23,35.2359)->(2,24,35.7538)->(2,25,36.3217)->(2,26,37.0038)->(2,27,38.3217)->(2,28,5018.87)->
Agent 6:(29,15,3.21421)->(29,16,5.84264)->(29,17,7.25685)->(29,18,8.67107)->(29,19,5004.04)->
Agent 7:(23,6,8.7141)->(23,7,16.8424)->(23,8,18.1603)->(23,9,18.8424)->(23,10,19.4103)->(23,11,19.9462)->(23,12,20.514)->(23,13,21.1962)->(23,14,22.514)->(23,15,5010.96)->
Agent 8:(10,10,4.53579)->(9,10,9.07157)->(8,10,17.55)->(8,9,25.4426)->(8,8,26.7605)->(8,7,27.4426)->(8,6,28.0105)->(8,5,28.5284)->(8,4,29.0464)->(8,3,29.6142)->(8,2,30.2964)->(8,1,31.6142)->(8,0,5015.51)->
Agent 9:(11,18,2.21421)->(11,19,3.84264)->(11,20,5.16048)->(11,21,5.84264)->(11,22,6.41048)->(11,23,6.92843)->(11,24,7.42843)->(11,25,7.94638)->(11,26,8.51421)->(11,27,9.19638)->(11,28,10.5142)->(11,29,12.7284)->(12,29,14.9426)->(13,29,16.2605)->(14,29,16.9426)->(15,29,17.5105)->(16,29,18.0284)->(17,29,18.5284)->(18,29,19.0284)->(19,29,19.5284)->(20,29,20.0284)->(21,29,20.5464)->(22,29,21.1142)->(23,29,21.7964)->(24,29,23.1142)->(25,29,5011.26)->
Agent 10:(13,11,1.3)->(13,12,2.6)->(13,13,8.91795)->(12,13,14.6501)->(11,13,15.9679)->(10,13,16.6501)->(9,13,17.2179)->(8,13,17.7359)->(7,13,18.2359)->(6,13,18.7359)->(5,13,19.2359)->(4,13,19.7538)->(3,13,20.3217)->(2,13,21.0038)->(1,13,22.3217)->(0,13,5010.87)->
Agent 11:(12,12,1.96421)->(12,13,3.34264)->(12,14,4.66048)->(12,15,5.34264)->(12,16,5.91048)->(12,17,6.42843)->(12,18,6.92843)->(12,19,7.42843)->(12,20,7.92843)->(12,21,8.42843)->(12,22,8.92843)->(12,23,9.44638)->(12,24,10.0142)->(12,25,10.6964)->(12,26,12.0142)->(12,27,14.2284)->(13,27,16.4426)->(14,27,17.7605)->(15,27,18.4426)->(16,27,19.0105)->(17,27,19.5284)->(18,27,20.0284)->(19,27,20.5284)->(20,27,21.0284)->(21,27,21.5284)->(22,27,22.0284)->(23,27,22.5284)->(24,27,23.0284)->(25,27,23.5464)->(26,27,24.1142)->(27,27,24.7964)->(28,27,26.1142)->(29,27,28.7426)->(29,28,5014.56)->
Agent 12:(9,13,1.71421)->(9,14,2.84264)->(9,15,4.16048)->(9,16,4.84264)->(9,17,5.41048)->(9,18,5.92843)->(9,19,6.42843)->(9,20,6.92843)->(9,21,7.42843)->(9,22,7.92843)->(9,23,8.42843)->(9,24,8.92843)->(9,25,9.42843)->(9,26,9.92843)->(9,27,10.4464)->(9,28,11.0142)->(9,29,11.6964)->(9,30,13.0142)->(9,31,15.2284)->(10,31,17.4426)->(11,31,18.7605)->(12,31,19.4426)->(13,31,20.0105)->(14,31,20.5284)->(15,31,21.0284)->(16,31,21.5284)->(17,31,22.0284)->(18,31,22.5284)->(19,31,23.0284)->(20,31,23.5464)->(21,31,24.1142)->(22,31,24.7964)->(23,31,26.1142)->(24,31,5012.76)->
Agent 13:(30,16,1.8)->(29,16,3.01421)->(28,16,4.33205)->(27,16,5.01421)->(26,16,5.58205)->(25,16,6.1)->(24,16,6.6)->(23,16,7.1)->(22,16,7.6)->(21,16,8.1)->(20,16,8.6)->(19,16,9.1)->(18,16,9.6)->(17,16,10.1179)->(16,16,10.6858)->(15,16,11.3679)->(14,16,12.6858)->(13,16,17.8)->(13,17,5010.34)->
Agent 14:(27,7,1.3)->(27,8,2.01421)->(27,9,3.33205)->(27,10,4.02382)->(27,11,4.65949)->(27,12,5.35126)->(27,13,6.6691)->(27,14,11.1276)->(26,14,15.586)->(25,14,16.9038)->(24,14,17.586)->(23,14,18.1538)->(22,14,18.6718)->(21,14,19.1718)->(20,14,19.6718)->(19,14,20.1718)->(18,14,20.6718)->(17,14,21.1718)->(16,14,21.6718)->(15,14,22.1718)->(14,14,22.6718)->(13,14,23.1718)->(12,14,23.6897)->(11,14,24.2576)->(10,14,24.9397)->(9,14,26.2576)->(8,14,28.886)->(8,15,5014.64)->
Agent 15:(22,29,1.8)->(23,29,3.01421)->(24,29,4.33205)->(25,29,5.0641)->(26,29,5.79615)->(27,29,7.11399)->(28,29,12.2018)->(28,28,17.2897)->(28,27,18.6235)->(28,26,19.4519)->(28,25,20.7858)->(28,24,5010.1)->
Agent 16:(5,5,1.3)->(5,6,2.04949)->(5,7,4.04949)->(5,8,15.4174)->(4,8,26.7501)->(3,8,28.1643)->(2,8,29.5785)->(1,8,5014.5)->
Agent 17:(7,29,4.37843)->(7,28,8.17107)->(7,27,9.48891)->(7,26,10.1711)->(7,25,10.7389)->(7,24,11.2569)->(7,23,11.7569)->(7,22,12.2569)->(7,21,12.7569)->(7,20,13.2569)->(7,19,13.7748)->(7,18,14.3426)->(7,17,15.0248)->(7,16,16.3426)->(7,15,18.5569)->(8,15,20.7711)->(9,15,22.0889)->(10,15,22.7807)->(11,15,23.4163)->(12,15,24.1081)->(13,15,25.426)->(14,15,5012.42)->
Agent 18:(6,26,6.93902)->(6,25,13.2922)->(6,24,14.6101)->(6,23,15.2922)->(6,22,15.8601)->(6,21,16.378)->(6,20,16.878)->(6,19,17.378)->(6,18,17.878)->(6,17,18.378)->(6,16,18.878)->(6,15,19.378)->(6,14,19.878)->(6,13,20.378)->(6,12,20.878)->(6,11,21.378)->(6,10,21.878)->(6,9,22.378)->(6,8,22.896)->(6,7,23.4638)->(6,6,24.146)->(6,5,25.4638)->(6,4,27.678)->(5,4,30.478)->(4,4,5015.24)->
Agent 19:(29,4,1.54264)->(29,5,2.49949)->(29,6,3.81733)->(29,7,4.49949)->(29,8,5.06733)->(29,9,5.58528)->(29,10,6.08528)->(29,11,6.58528)->(29,12,7.08528)->(29,13,7.58528)->(29,14,8.10323)->(29,15,8.67107)->(29,16,9.35323)->(29,17,10.6711)->(29,18,13.1606)->(28,18,15.6501)->(27,18,16.9679)->(26,18,17.6501)->(25,18,18.2179)->(24,18,18.7359)->(23,18,19.2359)->(22,18,19.7359)->(21,18,20.2359)->(20,18,20.7359)->(19,18,21.2359)->(18,18,21.7359)->(17,18,22.2359)->(16,18,22.7359)->(15,18,23.2359)->(14,18,23.7359)->(13,18,24.2538)->(12,18,24.8217)->(11,18,25.5038)->(10,18,26.8217)->(9,18,29.0359)->(9,19,31.2501)->(9,20,32.5679)->(9,21,33.2501)->(9,22,33.8179)->(9,23,34.3359)->(9,24,34.8359)->(9,25,35.3359)->(9,26,35.8538)->(9,27,36.4217)->(9,28,37.1038)->(9,29,38.4217)->(9,30,41.0501)->(8,30,5020.72)->
Agent 20:(10,30,2.2)->(10,29,3.81421)->(10,28,5.13205)->(10,27,5.81421)->(10,26,6.38205)->(10,25,6.9)->(10,24,7.41795)->(10,23,7.98579)->(10,22,8.66795)->(10,21,9.98579)->(10,20,13.2858)->(9,20,16.5858)->(8,20,17.9036)->(7,20,18.5954)->(6,20,19.2311)->(5,20,19.9228)->(4,20,21.2407)->(3,20,5010.33)->
Agent 21:(31,5,1.95685)->(30,5,3.32792)->(29,5,4.64576)->(28,5,5.32792)->(27,5,5.89576)->(26,5,6.41371)->(25,5,6.91371)->(24,5,7.41371)->(23,5,7.91371)->(22,5,8.41371)->(21,5,8.91371)->(20,5,9.41371)->(19,5,9.91371)->(18,5,10.4137)->(17,5,10.9137)->(16,5,11.4137)->(15,5,11.9137)->(14,5,12.4137)->(13,5,12.9137)->(12,5,13.4137)->(11,5,13.9137)->(10,5,14.4137)->(9,5,14.9137)->(8,5,15.4137)->(7,5,15.9137)->(6,5,16.4137)->(5,5,16.9317)->(4,5,17.4995)->(3,5,18.1817)->(2,5,19.4995)->(1,5,22.9532)->(1,6,26.407)->(1,7,27.7248)->(1,8,28.407)->(1,9,28.9748)->(1,10,29.4928)->(1,11,29.9928)->(1,12,30.4928)->(1,13,30.9928)->(1,14,31.4928)->(1,15,31.9928)->(1,16,32.4928)->(1,17,33.0107)->(1,18,33.5785)->(1,19,34.2607)->(1,20,35.5785)->(1,21,38.207)->(0,21,5019.3)->
Agent 22:(17,26,1.8)->(18,26,3.01421)->(19,26,4.33205)->(20,26,5.01421)->(21,26,5.6)->(22,26,6.18579)->(23,26,6.86795)->(24,26,8.18579)->(25,26,10.4)->(25,25,12.6142)->(25,24,13.9321)->(25,23,14.6142)->(25,22,15.1821)->(25,21,15.7)->(25,20,16.2)->(25,19,16.7)->(25,18,17.2)->(25,17,17.7)->(25,16,18.2179)->(25,15,18.7858)->(25,14,19.4679)->(25,13,20.7858)->(25,12,5010.1)->
Agent 23:(6,27,3.96421)->(7,27,7.34264)->(8,27,8.66048)->(9,27,9.34264)->(10,27,9.91048)->(11,27,10.4284)->(12,27,10.9284)->(13,27,11.4284)->(14,27,11.9284)->(15,27,12.4284)->(16,27,12.9284)->(17,27,13.4284)->(18,27,13.9464)->(19,27,14.5142)->(20,27,15.1964)->(21,27,16.5142)->(22,27,18.7284)->(22,26,20.9426)->(22,25,22.2605)->(22,24,22.9426)->(22,23,23.5105)->(22,22,24.0284)->(22,21,24.5284)->(22,20,25.0284)->(22,19,25.5284)->(22,18,26.0284)->(22,17,26.5464)->(22,16,27.1142)->(22,15,27.7964)->(22,14,29.1142)->(22,13,5014.26)->
Agent 24:(2,23,2.2)->(2,22,3.81421)->(2,21,5.13205)->(2,20,5.81421)->(2,19,6.38205)->(2,18,6.9)->(2,17,7.4)->(2,16,7.9)->(2,15,8.4)->(2,14,8.9)->(2,13,9.4)->(2,12,9.9)->(2,11,10.4179)->(2,10,10.9858)->(2,9,11.6679)->(2,8,12.9858)->(2,7,16.3)->(3,7,19.6142)->(4,7,20.9321)->(5,7,21.6142)->(6,7,22.1821)->(7,7,22.7)->(8,7,23.2)->(9,7,23.7)->(10,7,24.2)->(11,7,24.7)->(12,7,25.2)->(13,7,25.7)->(14,7,26.2179)->(15,7,26.7858)->(16,7,27.4679)->(17,7,28.7858)->(18,7,31.4142)->(18,8,5015.9)->
Agent 25:(26,21,2.2)->(26,20,3.81421)->(26,19,5.13205)->(26,18,5.81421)->(26,17,6.4)->(26,16,6.98579)->(26,15,7.66795)->(26,14,8.98579)->(26,13,5004.2)->
Agent 26:(9,3,1.8)->(10,3,3.01421)->(11,3,4.33205)->(12,3,5.01421)->(13,3,5.58205)->(14,3,6.1)->(15,3,6.6)->(16,3,7.1)->(17,3,7.6)->(18,3,8.1)->(19,3,8.61795)->(20,3,9.18579)->(21,3,9.86795)->(22,3,11.1858)->(23,3,14.6)->(23,4,18.0142)->(23,5,19.3321)->(23,6,20.0142)->(23,7,20.6)->(23,8,21.1858)->(23,9,21.8679)->(23,10,23.1858)->(23,11,25.8142)->(24,11,5013.1)->
Agent 27:(19,26,1.71421)->(19,27,4.41795)->(19,26,7.65011)->(19,25,8.96795)->(19,24,9.65011)->(19,23,10.2359)->(19,22,10.8217)->(19,21,11.5038)->(19,20,12.8217)->(19,19,15.4501)->(18,19,20.4501)->(18,18,5011.12)->
Agent 28:(3,29,2.2)->(3,28,3.81421)->(3,27,5.13205)->(3,26,5.81421)->(3,25,6.38205)->(3,24,6.9)->(3,23,7.4)->(3,22,7.9)->(3,21,8.4)->(3,20,8.9)->(3,19,9.4)->(3,18,9.9)->(3,17,10.4)->(3,16,10.9)->(3,15,11.4)->(3,14,11.9)->(3,13,12.4)->(3,12,12.9)->(3,11,13.4)->(3,10,13.9)->(3,9,14.4)->(3,8,14.9)->(3,7,15.4)->(3,6,15.9)->(3,5,16.4179)->(3,4,16.9858)->(3,3,17.6679)->(3,2,18.9858)->(3,1,22.8)->(4,1,26.6142)->(5,1,27.9321)->(6,1,28.6142)->(7,1,29.1821)->(8,1,29.7)->(9,1,30.2)->(10,1,30.7)->(11,1,31.2)->(12,1,31.7)->(13,1,32.2)->(14,1,32.7)->(15,1,33.2)->(16,1,33.7179)->(17,1,34.2858)->(18,1,34.9679)->(19,1,36.2858)->(20,1,38.9142)->(20,0,5019.65)->
Agent 29:(20,12,2.06795)->(20,13,3.55011)->(20,14,4.86795)->(20,15,5.55011)->(20,16,6.11795)->(20,17,6.6359)->(20,18,7.1359)->(20,19,7.6359)->(20,20,8.1359)->(20,21,8.65385)->(20,22,9.22168)->(20,23,9.90385)->(20,24,11.2217)->(20,25,13.4359)->(19,25,15.6501)->(18,25,16.9679)->(17,25,17.6501)->(16,25,18.2179)->(15,25,18.7359)->(14,25,19.2359)->(13,25,19.7359)->(12,25,20.2359)->(11,25,20.7359)->(10,25,21.2359)->(9,25,21.7359)->(8,25,22.2359)->(7,25,22.7538)->(6,25,23.3217)->(5,25,24.0038)->(4,25,25.3217)->(3,25,5012.37)->
Agent 30:(22,23,5.31795)->(21,23,10.0501)->(20,23,11.3679)->(19,23,12.0501)->(18,23,12.6179)->(17,23,13.1359)->(16,23,13.6359)->(15,23,14.1359)->(14,23,14.6359)->(13,23,15.1359)->(12,23,15.6359)->(11,23,16.1359)->(10,23,16.6538)->(9,23,17.2217)->(8,23,17.9038)->(7,23,19.2217)->(6,23,21.8501)->(6,22,5011.12)->
Agent 31:(17,31,3.96228)->(17,30,8.31034)->(16,30,11.5246)->(15,30,5005.76)->
Agent 32:(8,10,1.3)->(8,11,2.01421)->(8,12,3.33205)->(8,13,4.01421)->(8,14,4.58205)->(8,15,5.1)->(8,16,5.6)->(8,17,6.1)->(8,18,6.6)->(8,19,7.1)->(8,20,7.61795)->(8,21,8.18579)->(8,22,8.86795)->(8,23,10.1858)->(8,24,12.4)->(9,24,14.6142)->(10,24,15.9321)->(11,24,16.6142)->(12,24,17.2)->(13,24,17.7858)->(14,24,18.4679)->(15,24,19.7858)->(16,24,22.4142)->(16,25,5011.4)->
Agent 33:(11,0,1.8)->(10,0,3.6)->(9,0,6.4)->(9,1,8.61421)->(9,2,9.93205)->(9,3,10.6142)->(9,4,11.2)->(9,5,11.7858)->(9,6,12.4679)->(9,7,13.7858)->(9,8,5006.6)->
Agent 34:(0,22,2.2)->(0,21,3.84949)->(0,20,5.84949)->(0,19,11.4317)->(1,19,16.9785)->(2,19,18.2964)->(3,19,18.9785)->(4,19,19.5464)->(5,19,20.0643)->(6,19,20.5643)->(7,19,21.0643)->(8,19,21.5643)->(9,19,22.0643)->(10,19,22.5643)->(11,19,23.0643)->(12,19,23.5643)->(13,19,24.0643)->(14,19,24.5643)->(15,19,25.0643)->(16,19,25.5823)->(17,19,26.1501)->(18,19,26.8323)->(19,19,28.1501)->(20,19,5013.78)->
Agent 35:(17,14,1.76228)->(17,15,2.93877)->(17,16,4.25661)->(17,17,4.93877)->(17,18,5.50661)->(17,19,6.02456)->(17,20,6.52456)->(17,21,7.02456)->(17,22,7.52456)->(17,23,8.02456)->(17,24,8.52456)->(17,25,9.02456)->(17,26,9.5425)->(17,27,10.1103)->(17,28,10.7925)->(17,29,12.1103)->(17,30,14.3246)->(18,30,16.5388)->(19,30,17.8566)->(20,30,18.5388)->(21,30,19.1066)->(22,30,19.6246)->(23,30,20.1246)->(24,30,20.6246)->(25,30,21.1246)->(26,30,21.6246)->(27,30,22.1425)->(28,30,22.7103)->(29,30,23.3925)->(30,30,24.7103)->(31,30,5012.06)->
Agent 36:(27,6,2.4142)->(27,7,4.24261)->(27,8,5.57646)->(27,9,6.40489)->(27,10,7.73874)->(27,11,13.6265)->(26,11,19.5142)->(25,11,20.8321)->(24,11,21.5142)->(23,11,22.0821)->(22,11,22.6)->(21,11,23.1)->(20,11,23.6)->(19,11,24.1)->(18,11,24.6)->(17,11,25.1)->(16,11,25.6)->(15,11,26.1)->(14,11,26.6)->(13,11,27.1)->(12,11,27.6)->(11,11,28.1)->(10,11,28.6179)->(9,11,29.1858)->(8,11,29.8679)->(7,11,31.1858)->(6,11,33.8142)->(6,12,5017.1)->
Agent 37:(12,11,2.2)->(12,10,3.84949)->(12,9,5.84949)->(12,8,14.3278)->(13,8,22.7708)->(14,8,24.0887)->(15,8,24.7708)->(16,8,25.3387)->(17,8,25.8566)->(18,8,26.3566)->(19,8,26.8566)->(20,8,27.3566)->(21,8,27.8566)->(22,8,28.3566)->(23,8,28.8566)->(24,8,29.3566)->(25,8,29.8746)->(26,8,30.4424)->(27,8,31.1246)->(28,8,32.4424)->(29,8,5015.93)->
Agent 38:(30,17,2.8)->(30,16,5.01421)->(30,15,6.33205)->(30,14,7.01421)->(30,13,7.6)->(30,12,8.18579)->(30,11,8.86795)->(30,10,10.1858)->(30,9,12.4)->(29,9,14.6142)->(28,9,15.9321)->(27,9,16.6641)->(26,9,17.3962)->(25,9,18.714)->(24,9,5009.06)->
Agent 39:(28,2,2.61421)->(27,2,4.64264)->(26,2,5.96048)->(25,2,6.64264)->(24,2,7.21048)->(23,2,7.72843)->(22,2,8.22843)->(21,2,8.72843)->(20,2,9.22843)->(19,2,9.72843)->(18,2,10.2284)->(17,2,10.7284)->(16,2,11.2284)->(15,2,11.7284)->(14,2,12.2464)->(13,2,12.8142)->(12,2,13.4964)->(11,2,14.8142)->(10,2,5007.11)->
Agent 40:(19,14,3.12107)->(19,13,5.65635)->(19,12,6.97419)->(19,11,7.65635)->(19,10,8.22419)->(19,9,8.74214)->(19,8,9.26008)->(19,7,9.82792)->(19,6,10.5101)->(19,5,11.8279)->(19,4,14.0421)->(18,4,16.2563)->(17,4,17.5742)->(16,4,18.2563)->(15,4,18.8242)->(14,4,19.3421)->(13,4,19.8421)->(12,4,20.3421)->(11,4,20.8421)->(10,4,21.3421)->(9,4,21.8421)->(8,4,22.3421)->(7,4,22.8421)->(6,4,23.3421)->(5,4,23.8601)->(4,4,24.4279)->(3,4,25.1101)->(2,4,26.4279)->(1,4,5012.92)->
Agent 41:(1,31,2.2)->(1,30,3.81421)->(1,29,5.13205)->(1,28,5.82382)->(1,27,6.45949)->(1,26,7.15126)->(1,25,8.4691)->(1,24,10.6833)->(2,24,12.8975)->(3,24,14.2154)->(4,24,14.9474)->(5,24,15.6795)->(6,24,16.9973)->(7,24,19.9379)->(7,23,27.7359)->(8,23,34.8359)->(9,23,5017.42)->
Agent 42:(31,14,2.2)->(31,13,3.81421)->(31,12,5.13205)->(31,11,5.8641)->(31,10,6.59615)->(31,9,7.91399)->(31,8,10.1282)->(30,8,12.3424)->(29,8,13.6603)->(28,8,14.3424)->(27,8,14.9103)->(26,8,15.4282)->(25,8,15.9282)->(24,8,16.4282)->(23,8,16.9282)->(22,8,17.4462)->(21,8,18.014)->(20,8,18.6962)->(19,8,20.014)->(18,8,22.6424)->(18,9,5011.51)->
Agent 43:(5,20,2.2)->(5,19,3.81421)->(5,18,5.14806)->(5,17,5.97649)->(5,16,7.31034)->(5,15,9.52456)->(6,15,11.7388)->(7,15,13.0566)->(8,15,13.7388)->(9,15,14.3066)->(10,15,14.8246)->(11,15,15.3246)->(12,15,15.8246)->(13,15,16.3246)->(14,15,16.8246)->(15,15,17.3246)->(16,15,17.8246)->(17,15,18.3246)->(18,15,18.8246)->(19,15,19.3246)->(20,15,19.8246)->(21,15,20.3246)->(22,15,20.8246)->(23,15,21.3246)->(24,15,21.8246)->(25,15,22.3246)->(26,15,22.8246)->(27,15,23.3425)->(28,15,23.9103)->(29,15,24.5925)->(30,15,25.9103)->(31,15,28.1246)->(31,14,30.9246)->(31,13,5015.46)->
Agent 44:(26,22,2.42107)->(25,22,4.25635)->(24,22,5.57419)->(23,22,6.25635)->(22,22,6.82419)->(21,22,7.34214)->(20,22,7.84214)->(19,22,8.34214)->(18,22,8.84214)->(17,22,9.34214)->(16,22,9.84214)->(15,22,10.3421)->(14,22,10.8421)->(13,22,11.3421)->(12,22,11.8421)->(11,22,12.3421)->(10,22,12.8421)->(9,22,13.3421)->(8,22,13.8421)->(7,22,14.3421)->(6,22,14.8421)->(5,22,15.3601)->(4,22,15.9279)->(3,22,16.6101)->(2,22,17.9279)->(1,22,20.1421)->(1,23,22.9421)->(1,24,5011.47)->
Agent 45:(29,29,2.2)->(29,28,3.81421)->(29,27,5.13205)->(29,26,5.81421)->(29,25,6.38205)->(29,24,6.91795)->(29,23,7.48579)->(29,22,8.16795)->(29,21,9.48579)->(29,20,12.0679)->(28,20,14.6501)->(27,20,15.9679)->(26,20,16.6501)->(25,20,17.2179)->(24,20,17.7359)->(23,20,18.2359)->(22,20,18.7359)->(21,20,19.2359)->(20,20,19.7359)->(19,20,20.2359)->(18,20,20.7359)->(17,20,21.2359)->(16,20,21.7359)->(15,20,22.2359)->(14,20,22.7359)->(13,20,23.2359)->(12,20,23.7538)->(11,20,24.3217)->(10,20,25.0038)->(9,20,26.3217)->(8,20,5012.87)->
Agent 46:(12,20,1.8)->(11,20,3.01421)->(10,20,4.33205)->(9,20,5.01421)->(8,20,5.6)->(7,20,6.18579)->(6,20,6.86795)->(5,20,8.18579)->(4,20,10.4)->(4,19,12.6142)->(4,18,13.9321)->(4,17,14.6142)->(4,16,15.1821)->(4,15,15.7)->(4,14,16.2)->(4,13,16.7)->(4,12,17.2)->(4,11,17.7)->(4,10,18.2)->(4,9,18.7)->(4,8,19.2)->(4,7,19.7)->(4,6,20.2)->(4,5,20.7)->(4,4,21.2179)->(4,3,21.7858)->(4,2,22.4679)->(4,1,23.7858)->(4,0,5011.6)->
Agent 47:(10,24,2.2)->(10,23,3.81421)->(10,22,5.13205)->(10,21,5.81421)->(10,20,6.38205)->(10,19,6.9)->(10,18,7.4)->(10,17,7.9)->(10,16,8.4)->(10,15,8.91795)->(10,14,9.48579)->(10,13,10.1679)->(10,12,11.4858)->(10,11,13.7)->(11,11,15.9495)->(12,11,17.9495)->(13,11,20.8637)->(13,12,5010.75)->
Agent 48:(19,30,1.8)->(18,30,3.01421)->(17,30,4.34806)->(16,30,5.17649)->(15,30,6.51034)->(14,30,8.72456)->(14,29,11.5246)->(14,28,5005.76)->
Agent 49:(31,19,3.9641)->(31,18,7.34242)->(31,17,8.66025)->(31,16,9.34242)->(31,15,9.91025)->(31,14,10.4282)->(31,13,10.9282)->(31,12,11.4282)->(31,11,11.9282)->(31,10,12.4282)->(31,9,12.9462)->(31,8,13.514)->(31,7,14.1962)->(31,6,15.514)->(31,5,17.7282)->(30,5,19.9424)->(29,5,21.2603)->(28,5,21.9424)->(27,5,22.5103)->(26,5,23.0282)->(25,5,23.5462)->(24,5,24.114)->(23,5,24.7962)->(22,5,26.114)->(21,5,5012.76)->
Agent 50:(7,28,2.2)->(7,27,3.81421)->(7,26,5.13205)->(7,25,5.81421)->(7,24,6.38205)->(7,23,6.9)->(7,22,7.4)->(7,21,7.9)->(7,20,8.4)->(7,19,8.9)->(7,18,9.4)->(7,17,9.9)->(7,16,10.4179)->(7,15,10.9858)->(7,14,11.6679)->(7,13,12.9858)->(7,12,15.2)->(8,12,17.4142)->(9,12,18.7321)->(10,12,19.4142)->(11,12,19.9821)->(12,12,20.5)->(13,12,21)->(14,12,21.5)->(15,12,22)->(16,12,22.5)->(17,12,23)->(18,12,23.5)->(19,12,24)->(20,12,24.5179)->(21,12,25.0858)->(22,12,25.7679)->(23,12,27.0858)->(24,12,29.7142)->(24,13,5015.05)->
Agent 51:(24,18,2.2)->(24,17,3.81421)->(24,16,5.13205)->(24,15,5.81421)->(24,14,6.38205)->(24,13,6.9)->(24,12,7.4)->(24,11,7.9)->(24,10,8.4)->(24,9,8.9)->(24,8,9.4)->(24,7,9.9)->(24,6,10.4)->(24,5,10.9)->(24,4,11.4179)->(24,3,11.9858)->(24,2,12.6679)->(24,1,13.9858)->(24,0,16.2)->(23,0,18.4142)->(22,0,19.7321)->(21,0,20.4142)->(20,0,20.9821)->(19,0,21.5)->(18,0,22)->(17,0,22.5)->(16,0,23)->(15,0,23.5)->(14,0,24)->(13,0,24.5)->(12,0,25)->(11,0,25.5)->(10,0,26)->(9,0,26.5179)->(8,0,27.0858)->(7,0,27.7679)->(6,0,29.0858)->(5,0,31.7142)->(5,1,35.3142)->(4,1,37.9779)->(3,1,39.9779)->(2,1,5019.71)->
Agent 52:(19,22,3.92107)->(19,21,7.25635)->(19,20,8.57419)->(19,19,9.25635)->(19,18,9.82419)->(19,17,10.3421)->(19,16,10.8421)->(19,15,11.3421)->(19,14,11.8421)->(19,13,12.3421)->(19,12,12.8421)->(19,11,13.3421)->(19,10,13.8421)->(19,9,14.3421)->(19,8,14.8601)->(19,7,15.4279)->(19,6,16.1101)->(19,5,17.4279)->(19,4,19.6421)->(20,4,21.8563)->(21,4,23.1742)->(22,4,23.866)->(23,4,24.5016)->(24,4,25.1934)->(25,4,26.5112)->(26,4,5012.96)->
Agent 53:(30,6,3.37107)->(30,5,6.15635)->(30,4,7.57056)->(30,3,8.98478)->(30,2,11.6132)->(31,2,5006)->
Agent 54:(11,15,2.2)->(11,14,3.81421)->(11,13,5.13205)->(11,12,5.81421)->(11,11,6.38205)->(11,10,6.9)->(11,9,7.4)->(11,8,7.9)->(11,7,8.4)->(11,6,8.9)->(11,5,9.41795)->(11,4,9.98579)->(11,3,10.6679)->(11,2,11.9858)->(11,1,14.2)->(12,1,16.4142)->(13,1,17.7321)->(14,1,18.4238)->(15,1,19.0595)->(16,1,19.7513)->(17,1,21.0691)->(18,1,23.6975)->(18,0,5012.04)->
Agent 55:(19,29,2.61421)->(19,28,6.02843)->(20,28,5003.41)->
Agent 56:(26,19,1.8)->(25,19,3.01421)->(24,19,4.33205)->(23,19,5.01421)->(22,19,5.58205)->(21,19,6.1)->(20,19,6.61795)->(19,19,7.18579)->(18,19,7.86795)->(17,19,9.18579)->(16,19,16.8322)->(16,20,5011.12)->
Agent 57:(0,31,6.03216)->(0,30,11.4785)->(0,29,12.7964)->(0,28,13.4785)->(0,27,14.0464)->(0,26,14.5643)->(0,25,15.0643)->(0,24,15.5643)->(0,23,16.0643)->(0,22,16.5643)->(0,21,17.0643)->(0,20,17.5643)->(0,19,18.0643)->(0,18,18.5643)->(0,17,19.0643)->(0,16,19.5643)->(0,15,20.0643)->(0,14,20.5823)->(0,13,21.1501)->(0,12,21.8323)->(0,11,23.1501)->(0,10,25.3643)->(1,10,27.5785)->(2,10,28.8964)->(3,10,29.5881)->(4,10,30.2238)->(5,10,30.9156)->(6,10,32.2334)->(7,10,5015.82)->
Agent 58:(8,31,8.31795)->(8,30,16.0501)->(8,29,17.3679)->(8,28,18.0501)->(8,27,18.6179)->(8,26,19.1359)->(8,25,19.6359)->(8,24,20.1359)->(8,23,20.6359)->(8,22,21.1359)->(8,21,21.6359)->(8,20,22.1359)->(8,19,22.6359)->(8,18,23.1359)->(8,17,23.6359)->(8,16,24.1359)->(8,15,24.6359)->(8,14,25.1538)->(8,13,25.7217)->(8,12,26.4038)->(8,11,27.7217)->(8,10,30.3501)->(9,10,5015.37)->
Agent 59:(2,6,1.8)->(3,6,3.04949)->(4,6,5.04949)->(5,6,15.9174)->(5,7,26.7501)->(5,8,28.0679)->(5,9,28.7501)->(5,10,29.3179)->(5,11,29.8359)->(5,12,30.3359)->(5,13,30.8359)->(5,14,31.3359)->(5,15,31.8359)->(5,16,32.3359)->(5,17,32.8359)->(5,18,33.3359)->(5,19,33.8359)->(5,20,34.3359)->(5,21,34.8359)->(5,22,35.3359)->(5,23,35.8359)->(5,24,36.3359)->(5,25,36.8359)->(5,26,37.3538)->(5,27,37.9217)->(5,28,38.6038)->(5,29,39.9217)->(5,30,5019.67)->
