Agent 0:(15,27,2.2)->(15,26,3.81421)->(15,25,5.13205)->(15,24,5.81421)->(15,23,6.38205)->(15,22,6.9)->(15,21,7.4)->(15,20,7.9)->(15,19,8.4)->(15,18,8.9)->(15,17,9.4)->(15,16,9.9)->(15,15,10.4)->(15,14,10.9)->(15,13,11.4)->(15,12,11.9179)->(15,11,12.4858)->(15,10,13.1679)->(15,9,14.4858)->(15,8,16.7)->(14,8,18.9142)->(13,8,20.2321)->(12,8,20.9142)->(11,8,21.4821)->(10,8,22.0179)->(9,8,22.5858)->(8,8,23.2679)->(7,8,24.5858)->(6,8,5012)->
Agent 1:(31,19,1.3)->(31,20,2.01421)->(31,21,3.33205)->(31,22,4.01421)->(31,23,4.58205)->(31,24,5.11795)->(31,25,5.68579)->(31,26,6.36795)->(31,27,7.68579)->(31,28,9.9)->(30,28,12.1142)->(29,28,13.4321)->(28,28,14.1142)->(27,28,14.6821)->(26,28,15.2)->(25,28,15.7)->(24,28,16.2)->(23,28,16.7)->(22,28,17.2)->(21,28,17.7)->(20,28,18.2)->(19,28,18.7)->(18,28,19.2)->(17,28,19.7)->(16,28,20.2)->(15,28,20.7)->(14,28,21.2)->(13,28,21.7)->(12,28,22.2)->(11,28,22.7)->(10,28,23.2)->(9,28,23.7)->(8,28,24.2)->(7,28,24.7)->(6,28,25.2)->(5,28,25.7)->(4,28,26.2179)->(3,28,26.7858)->(2,28,27.4679)->(1,28,28.7858)->(0,28,31)->(0,27,33.2142)->(0,26,34.5321)->(0,25,35.2641)->(0,24,35.9962)->(0,23,37.314)->(0,22,5018.36)->
Agent 2:(2,19,2.61421)->(2,18,6.02843)->(1,18,5003.41)->
Agent 3:(29,27,1.4142)->(29,28,2.8284)->(29,29,6.0284)->(29,28,8.64261)->(29,27,9.97646)->(29,26,10.8049)->(29,25,12.1387)->(29,24,15.2407)->(28,24,18.3426)->(27,24,19.6605)->(26,24,20.3925)->(25,24,21.1246)->(24,24,22.4424)->(23,24,5010.93)->
Agent 4:(31,11,2.2)->(31,10,4.4)->(31,9,7.26058)->(30,9,9.53537)->(29,9,10.8532)->(28,9,11.5354)->(27,9,12.1212)->(26,9,12.7069)->(25,9,13.3891)->(24,9,14.7069)->(23,9,5007.06)->
Agent 5:(4,5,2.38579)->(5,5,4.18579)->(6,5,5.50362)->(7,5,6.18579)->(8,5,6.75362)->(9,5,7.27157)->(10,5,7.78952)->(11,5,8.35736)->(12,5,9.03952)->(13,5,10.3574)->(14,5,16.5831)->(14,4,23.3947)->(14,3,5011.7)->
Agent 6:(21,1,1.8)->(22,1,3.01421)->(23,1,4.34806)->(24,1,5.17649)->(25,1,6.51034)->(26,1,12.3049)->(26,2,18.0995)->(26,3,19.4173)->(26,4,20.0995)->(26,5,20.6673)->(26,6,21.2032)->(26,7,21.771)->(26,8,22.4532)->(26,9,23.771)->(26,10,5011.59)->
Agent 7:(24,11,3.23313)->(25,11,5.88048)->(26,11,7.19832)->(27,11,7.89009)->(28,11,8.52576)->(29,11,9.21753)->(30,11,10.5354)->(31,11,12.7496)->(31,10,15.5496)->(31,9,5007.77)->
Agent 8:(19,8,3.43324)->(20,8,6.2807)->(21,8,7.59854)->(22,8,8.33059)->(23,8,9.06264)->(24,8,10.3805)->(25,8,12.5947)->(25,7,14.8089)->(25,6,16.1428)->(25,5,16.9712)->(25,4,18.305)->(25,3,5008.86)->
Agent 9:(20,5,1.8)->(19,5,3.6)->(18,5,6.4)->(18,6,8.61421)->(18,7,9.93205)->(18,8,10.6142)->(18,9,11.1821)->(18,10,11.7)->(18,11,12.2)->(18,12,12.7)->(18,13,13.2)->(18,14,13.7)->(18,15,14.2)->(18,16,14.7)->(18,17,15.2179)->(18,18,15.7858)->(18,19,16.4679)->(18,20,17.7858)->(18,21,5008.6)->
Agent 10:(31,25,1.8)->(30,25,3.01421)->(29,25,4.33205)->(28,25,5.01421)->(27,25,5.58205)->(26,25,6.1)->(25,25,6.6)->(24,25,7.1)->(23,25,7.6)->(22,25,8.1)->(21,25,8.6)->(20,25,9.1)->(19,25,9.6)->(18,25,10.1)->(17,25,10.6)->(16,25,11.1)->(15,25,11.6)->(14,25,12.1)->(13,25,12.6)->(12,25,13.1)->(11,25,13.6)->(10,25,14.1)->(9,25,14.6179)->(8,25,15.1858)->(7,25,15.8679)->(6,25,17.1858)->(5,25,19.5568)->(5,24,21.9279)->(5,23,23.2457)->(5,22,23.9279)->(5,21,24.4957)->(5,20,25.0137)->(5,19,25.5137)->(5,18,26.0137)->(5,17,26.5137)->(5,16,27.0137)->(5,15,27.5137)->(5,14,28.0137)->(5,13,28.5137)->(5,12,29.0137)->(5,11,29.5137)->(5,10,30.0137)->(5,9,30.5316)->(5,8,31.0995)->(5,7,31.7816)->(5,6,33.0995)->(5,5,5016.26)->
Agent 11:(21,25,1.48216)->(21,26,2.37854)->(21,27,3.69638)->(21,28,4.42843)->(21,29,5.16048)->(21,30,6.47832)->(21,31,8.69253)->(22,31,10.9067)->(23,31,12.2246)->(24,31,12.9163)->(25,31,13.552)->(26,31,14.2438)->(27,31,15.5616)->(28,31,5007.49)->
Agent 12:(29,29,1.3)->(29,30,2.6)->(29,31,9.2642)->(29,30,15.3426)->(29,29,16.6605)->(29,28,17.3426)->(29,27,17.9105)->(29,26,18.4284)->(29,25,18.9284)->(29,24,19.4284)->(29,23,19.9284)->(29,22,20.4284)->(29,21,20.9284)->(29,20,21.4284)->(29,19,21.9284)->(29,18,22.4284)->(29,17,22.9284)->(29,16,23.4284)->(29,15,23.9284)->(29,14,24.4284)->(29,13,24.9284)->(29,12,25.4284)->(29,11,25.9463)->(29,10,26.5142)->(29,9,27.1963)->(29,8,28.5142)->(29,7,30.7284)->(28,7,32.9426)->(27,7,34.2605)->(26,7,34.9426)->(25,7,35.5105)->(24,7,36.0284)->(23,7,36.5284)->(22,7,37.0284)->(21,7,37.5463)->(20,7,38.1142)->(19,7,38.7963)->(18,7,40.1142)->(17,7,5019.76)->
Agent 13:(5,18,1.53205)->(5,19,2.47832)->(5,20,3.79615)->(5,21,4.47832)->(5,22,5.0641)->(5,23,5.64989)->(5,24,6.33205)->(5,25,7.64989)->(5,26,9.8641)->(6,26,12.0783)->(7,26,13.3962)->(8,26,14.0783)->(9,26,14.6462)->(10,26,15.1641)->(11,26,15.6641)->(12,26,16.1641)->(13,26,16.6641)->(14,26,17.1641)->(15,26,17.6641)->(16,26,18.1641)->(17,26,18.6641)->(18,26,19.1641)->(19,26,19.6641)->(20,26,20.1641)->(21,26,20.6641)->(22,26,21.1641)->(23,26,21.6821)->(24,26,22.2499)->(25,26,22.9321)->(26,26,24.2499)->(27,26,5011.83)->
Agent 14:(27,22,3.24274)->(27,21,5.89969)->(27,20,7.21753)->(27,19,7.89969)->(27,18,8.46753)->(27,17,8.98548)->(27,16,9.48548)->(27,15,9.98548)->(27,14,10.4855)->(27,13,10.9855)->(27,12,11.5034)->(27,11,12.0713)->(27,10,12.7534)->(27,9,14.0713)->(27,8,19.7496)->(26,8,5011.59)->
Agent 15:(6,9,1.3)->(6,10,2.01421)->(6,11,3.34806)->(6,12,4.17649)->(6,13,5.51034)->(6,14,7.72456)->(7,14,10.5246)->(8,14,17.9481)->(7,14,25.3716)->(6,14,5012.69)->
Agent 16:(30,27,2.4142)->(29,27,4.27789)->(28,27,6.27789)->(27,27,8.52738)->(27,26,10.7416)->(27,25,12.0594)->(27,24,12.7416)->(27,23,13.3094)->(27,22,13.8274)->(27,21,14.3274)->(27,20,14.8274)->(27,19,15.3274)->(27,18,15.8274)->(27,17,16.3274)->(27,16,16.8274)->(27,15,17.3274)->(27,14,17.8274)->(27,13,18.3453)->(27,12,18.9132)->(27,11,19.5953)->(27,10,20.9132)->(27,9,23.7563)->(26,9,26.6347)->(25,9,28.6347)->(24,9,30.8842)->(24,8,33.0984)->(24,7,34.4163)->(24,6,35.1483)->(24,5,35.8804)->(24,4,37.1982)->(24,3,39.8267)->(23,3,43.4267)->(23,2,46.6409)->(23,1,5023.32)->
Agent 17:(18,1,1.8)->(17,1,3.01421)->(16,1,4.33205)->(15,1,5.01421)->(14,1,5.58205)->(13,1,6.1)->(12,1,6.6)->(11,1,7.11795)->(10,1,7.68579)->(9,1,8.36795)->(8,1,9.68579)->(7,1,11.9)->(7,2,14.1142)->(7,3,15.4321)->(7,4,16.1641)->(7,5,16.8962)->(7,6,18.214)->(7,7,5008.81)->
Agent 18:(23,2,1.3)->(23,3,2.01421)->(23,4,3.33205)->(23,5,4.01421)->(23,6,4.58205)->(23,7,5.1)->(23,8,5.6)->(23,9,6.1)->(23,10,6.6)->(23,11,7.1)->(23,12,7.6)->(23,13,8.1)->(23,14,8.6)->(23,15,9.1)->(23,16,9.6)->(23,17,10.1)->(23,18,10.6)->(23,19,11.1)->(23,20,11.6)->(23,21,12.1179)->(23,22,12.6858)->(23,23,13.3679)->(23,24,14.6858)->(23,25,16.9)->(22,25,19.1142)->(21,25,20.4321)->(20,25,21.1142)->(19,25,21.6821)->(18,25,22.2)->(17,25,22.7)->(16,25,23.2)->(15,25,23.7)->(14,25,24.2)->(13,25,24.7)->(12,25,25.2)->(11,25,25.7)->(10,25,26.2)->(9,25,26.7)->(8,25,27.2179)->(7,25,27.7858)->(6,25,28.4679)->(5,25,29.7858)->(4,25,32.4142)->(4,26,5016.4)->
Agent 19:(17,22,4.02468)->(17,21,7.46357)->(17,20,8.78141)->(17,19,9.46357)->(17,18,10.0314)->(17,17,10.5494)->(17,16,11.0494)->(17,15,11.5494)->(17,14,12.0494)->(17,13,12.5494)->(17,12,13.0494)->(17,11,13.5494)->(17,10,14.0494)->(17,9,14.5494)->(17,8,15.0494)->(17,7,15.5494)->(17,6,16.0494)->(17,5,16.5494)->(17,4,17.0673)->(17,3,17.6351)->(17,2,18.3173)->(17,1,19.6351)->(17,0,21.8494)->(18,0,24.0636)->(19,0,25.3814)->(20,0,26.0732)->(21,0,26.7089)->(22,0,27.4006)->(23,0,28.7185)->(24,0,5014.07)->
Agent 20:(2,24,2.61421)->(2,23,6.02843)->(1,23,10.0426)->(1,22,12.6711)->(1,21,14.0853)->(1,20,15.4995)->(1,19,5007.46)->
Agent 21:(10,13,2.21421)->(9,13,4.81421)->(9,12,7.44264)->(9,11,8.76048)->(9,10,9.44264)->(9,9,10.0105)->(9,8,10.5464)->(9,7,11.1142)->(9,6,11.7964)->(9,5,13.1142)->(9,4,17.952)->(10,4,22.7897)->(11,4,24.1075)->(12,4,24.7993)->(13,4,25.435)->(14,4,26.1267)->(15,4,27.4446)->(16,4,30.073)->(16,5,5015.23)->
Agent 22:(15,7,1.3)->(15,8,2.01421)->(15,9,3.34806)->(15,10,4.17649)->(15,11,5.51034)->(15,12,8.13877)->(16,12,11.7388)->(16,13,14.953)->(16,14,17.9833)->(17,14,20.4279)->(18,14,21.7457)->(19,14,22.4279)->(20,14,22.9957)->(21,14,23.5137)->(22,14,24.0137)->(23,14,24.5316)->(24,14,25.0995)->(25,14,25.7816)->(26,14,27.0995)->(27,14,29.7279)->(27,15,5015.06)->
Agent 23:(13,21,1.71421)->(13,22,5.18579)->(14,22,9.18579)->(15,22,10.5036)->(16,22,11.1858)->(17,22,11.7536)->(18,22,12.2716)->(19,22,12.7716)->(20,22,13.2716)->(21,22,13.7716)->(22,22,14.2716)->(23,22,14.7716)->(24,22,15.2716)->(25,22,15.7716)->(26,22,16.2716)->(27,22,16.7895)->(28,22,17.3574)->(29,22,18.0395)->(30,22,19.3574)->(31,22,5009.39)->
Agent 24:(25,17,2.39735)->(25,16,4.20891)->(25,15,5.52674)->(25,14,6.20891)->(25,13,6.77674)->(25,12,7.29469)->(25,11,7.79469)->(25,10,8.29469)->(25,9,8.79469)->(25,8,9.29469)->(25,7,9.81264)->(25,6,10.3805)->(25,5,11.0626)->(25,4,12.3805)->(25,3,14.5947)->(24,3,16.8089)->(23,3,18.1267)->(22,3,18.8089)->(21,3,19.3767)->(20,3,19.8947)->(19,3,20.3947)->(18,3,20.8947)->(17,3,21.3947)->(16,3,21.8947)->(15,3,22.3947)->(14,3,22.8947)->(13,3,23.3947)->(12,3,23.8947)->(11,3,24.4126)->(10,3,24.9805)->(9,3,25.6626)->(8,3,26.9805)->(7,3,5013.2)->
Agent 25:(16,6,2.78399)->(16,7,4.98219)->(16,8,6.31604)->(16,9,7.14446)->(16,10,8.47832)->(16,11,11.5463)->(15,11,14.6142)->(14,11,15.9321)->(13,11,16.6142)->(12,11,17.2)->(11,11,17.7858)->(10,11,18.4679)->(9,11,19.7858)->(8,11,22.4142)->(8,12,5011.4)->
Agent 26:(6,27,2.2)->(6,26,3.81421)->(6,25,5.13205)->(6,24,5.81421)->(6,23,6.38205)->(6,22,6.9)->(6,21,7.41795)->(6,20,7.98579)->(6,19,8.66795)->(6,18,9.98579)->(6,17,12.2)->(5,17,14.4142)->(4,17,15.8284)->(3,17,17.2426)->(2,17,22.8353)->(3,17,29.0137)->(4,17,5014.51)->
Agent 27:(8,19,1.8)->(9,19,3.04949)->(10,19,5.04949)->(11,19,8.83154)->(11,20,12.5783)->(11,21,13.8962)->(11,22,14.5783)->(11,23,15.1462)->(11,24,15.6641)->(11,25,16.1821)->(11,26,16.7499)->(11,27,17.4321)->(11,28,18.7499)->(11,29,21.6821)->(11,28,25.2)->(11,27,5012.6)->
Agent 28:(15,31,2.2)->(15,30,3.81421)->(15,29,5.13205)->(15,28,5.81421)->(15,27,6.38205)->(15,26,6.9)->(15,25,7.4)->(15,24,7.9)->(15,23,8.4)->(15,22,8.9)->(15,21,9.4)->(15,20,9.91795)->(15,19,10.4858)->(15,18,11.1679)->(15,17,12.4858)->(15,16,15.2679)->(14,16,5007.9)->
Agent 29:(24,13,1.3)->(24,14,2.6)->(24,15,14.3926)->(25,15,26.1853)->(26,15,5013.09)->
Agent 30:(9,24,4.03205)->(9,23,7.47832)->(9,22,8.79615)->(9,21,9.47832)->(9,20,10.0462)->(9,19,10.5821)->(9,18,11.1499)->(9,17,11.8321)->(9,16,13.1499)->(9,15,16.3747)->(10,15,19.5995)->(11,15,20.9173)->(12,15,21.5995)->(13,15,22.1673)->(14,15,22.6853)->(15,15,23.1853)->(16,15,23.6853)->(17,15,24.1853)->(18,15,24.6853)->(19,15,25.1853)->(20,15,25.6853)->(21,15,26.2032)->(22,15,26.771)->(23,15,27.4532)->(24,15,28.771)->(25,15,5014.09)->
Agent 31:(12,5,1.3)->(12,6,2.04949)->(12,7,4.04949)->(12,8,6.29898)->(13,8,8.51319)->(14,8,9.83103)->(15,8,10.5132)->(16,8,11.081)->(17,8,11.599)->(18,8,12.1169)->(19,8,12.6848)->(20,8,13.3669)->(21,8,14.6848)->(22,8,16.899)->(22,9,19.1132)->(22,10,20.431)->(22,11,21.1132)->(22,12,21.681)->(22,13,22.199)->(22,14,22.699)->(22,15,23.199)->(22,16,23.699)->(22,17,24.199)->(22,18,24.7169)->(22,19,25.2848)->(22,20,25.9669)->(22,21,27.2848)->(22,22,5013.35)->
Agent 32:(9,10,2.21421)->(10,10,4.81421)->(10,11,7.44264)->(10,12,8.85685)->(10,13,10.2711)->(10,14,15.1926)->(11,14,20.1142)->(12,14,21.4321)->(13,14,22.1142)->(14,14,22.6821)->(15,14,23.2)->(16,14,23.7179)->(17,14,24.2858)->(18,14,24.9679)->(19,14,26.2858)->(20,14,28.5)->(20,15,31.3)->(20,16,5015.65)->
Agent 33:(30,5,1.3)->(30,6,2.01421)->(30,7,3.33205)->(30,8,4.01421)->(30,9,4.58205)->(30,10,5.1)->(30,11,5.6)->(30,12,6.1)->(30,13,6.6)->(30,14,7.1)->(30,15,7.6)->(30,16,8.1)->(30,17,8.6)->(30,18,9.1)->(30,19,9.6)->(30,20,10.1)->(30,21,10.6)->(30,22,11.1)->(30,23,11.6)->(30,24,12.1179)->(30,25,12.6858)->(30,26,13.3679)->(30,27,14.6858)->(30,28,17.3142)->(31,28,5008.85)->
Agent 34:(14,27,4.45)->(15,27,8.31421)->(16,27,9.63205)->(17,27,10.3142)->(18,27,10.8821)->(19,27,11.4)->(20,27,11.9)->(21,27,12.4)->(22,27,12.9)->(23,27,13.4179)->(24,27,13.9858)->(25,27,14.6679)->(26,27,15.9858)->(27,27,18.2)->(27,26,20.4142)->(27,25,21.7321)->(27,24,22.4142)->(27,23,22.9821)->(27,22,23.5)->(27,21,24.0179)->(27,20,24.5858)->(27,19,25.2679)->(27,18,26.5858)->(27,17,5013)->
Agent 35:(19,21,1.3)->(19,22,2.01421)->(19,23,3.33205)->(19,24,4.01421)->(19,25,4.58205)->(19,26,5.11795)->(19,27,5.68579)->(19,28,6.36795)->(19,29,7.68579)->(19,30,9.9)->(18,30,12.1142)->(17,30,13.4321)->(16,30,14.1142)->(15,30,14.6821)->(14,30,15.2)->(13,30,15.7)->(12,30,16.2)->(11,30,16.7)->(10,30,17.2179)->(9,30,17.7858)->(8,30,18.4679)->(7,30,19.7858)->(6,30,5009.6)->
Agent 36:(1,17,2.2)->(1,16,3.81421)->(1,15,5.13205)->(1,14,5.82382)->(1,13,6.45949)->(1,12,7.15126)->(1,11,8.4691)->(1,10,10.6833)->(2,10,12.8975)->(3,10,14.2154)->(4,10,14.8975)->(5,10,15.4654)->(6,10,15.9833)->(7,10,16.5013)->(8,10,17.0691)->(9,10,17.7513)->(10,10,19.0691)->(11,10,21.6975)->(11,11,5011.04)->
Agent 37:(23,30,1.8)->(22,30,3.01421)->(21,30,4.33205)->(20,30,5.01421)->(19,30,5.58205)->(18,30,6.1)->(17,30,6.6)->(16,30,7.1)->(15,30,7.6)->(14,30,8.1)->(13,30,8.6)->(12,30,9.1)->(11,30,9.6)->(10,30,10.1)->(9,30,10.6)->(8,30,11.1179)->(7,30,11.6858)->(6,30,12.3679)->(5,30,13.6858)->(4,30,17.5568)->(4,29,21.4279)->(4,28,22.7457)->(4,27,23.4279)->(4,26,23.9957)->(4,25,24.5137)->(4,24,25.0137)->(4,23,25.5137)->(4,22,26.0137)->(4,21,26.5137)->(4,20,27.0137)->(4,19,27.5137)->(4,18,28.0137)->(4,17,28.5137)->(4,16,29.0137)->(4,15,29.5137)->(4,14,30.0137)->(4,13,30.5137)->(4,12,31.0137)->(4,11,31.5137)->(4,10,32.0137)->(4,9,32.5137)->(4,8,33.0137)->(4,7,33.5137)->(4,6,34.0316)->(4,5,34.5995)->(4,4,35.2816)->(4,3,36.5995)->(4,2,39.2279)->(3,2,5019.81)->
Agent 38:(15,6,2.4142)->(15,7,4.24261)->(15,8,5.65683)->(15,9,7.07104)->(15,10,9.28525)->(16,10,11.4995)->(17,10,12.8173)->(18,10,13.4995)->(19,10,14.0673)->(20,10,14.5853)->(21,10,15.0853)->(22,10,15.6032)->(23,10,16.171)->(24,10,16.8532)->(25,10,18.171)->(26,10,20.3853)->(26,11,22.5995)->(26,12,23.9173)->(26,13,24.5995)->(26,14,25.1673)->(26,15,25.6853)->(26,16,26.1853)->(26,17,26.6853)->(26,18,27.1853)->(26,19,27.6853)->(26,20,28.1853)->(26,21,28.6853)->(26,22,29.1853)->(26,23,29.6853)->(26,24,30.1853)->(26,25,30.6853)->(26,26,31.1853)->(26,27,31.7032)->(26,28,32.271)->(26,29,32.9532)->(26,30,34.271)->(26,31,5016.84)->
Agent 39:(2,9,2.71421)->(3,9,4.84264)->(4,9,6.16048)->(5,9,6.84264)->(6,9,7.41048)->(7,9,7.92843)->(8,9,8.42843)->(9,9,8.94638)->(10,9,9.51421)->(11,9,10.1964)->(12,9,11.5142)->(13,9,14.0642)->(13,10,17.2)->(13,11,5008.6)->
Agent 40:(4,13,2.71421)->(4,12,4.84264)->(4,11,6.16048)->(4,10,6.84264)->(4,9,7.41048)->(4,8,7.94638)->(4,7,8.51421)->(4,6,9.19638)->(4,5,10.5142)->(4,4,19.5025)->(5,4,28.4908)->(6,4,29.8086)->(7,4,30.4908)->(8,4,31.0586)->(9,4,31.5765)->(10,4,32.0765)->(11,4,32.5765)->(12,4,33.0765)->(13,4,33.5765)->(14,4,34.0765)->(15,4,34.5765)->(16,4,35.0765)->(17,4,35.5765)->(18,4,36.0765)->(19,4,36.5765)->(20,4,37.0765)->(21,4,37.5765)->(22,4,38.0945)->(23,4,38.6623)->(24,4,39.3445)->(25,4,40.6623)->(26,4,5020.04)->
Agent 41:(14,6,1.3)->(14,7,2.01421)->(14,8,3.33205)->(14,9,4.01421)->(14,10,4.58205)->(14,11,5.1)->(14,12,5.6)->(14,13,6.1)->(14,14,6.6)->(14,15,7.11795)->(14,16,7.68579)->(14,17,8.36795)->(14,18,9.68579)->(14,19,12.4179)->(15,19,15.1501)->(16,19,16.4679)->(17,19,17.1501)->(18,19,17.7179)->(19,19,18.2538)->(20,19,18.8217)->(21,19,19.5038)->(22,19,20.8217)->(23,19,23.4501)->(23,20,5011.92)->
Agent 42:(24,28,3.35051)->(24,27,6.15051)->(24,26,8.15051)->(24,25,15.0642)->(23,25,5009.85)->
Agent 43:(8,23,2.2)->(8,22,3.81421)->(8,21,5.13205)->(8,20,5.81421)->(8,19,6.4)->(8,18,6.98579)->(8,17,7.66795)->(8,16,8.98579)->(8,15,11.2)->(7,15,13.4142)->(6,15,14.7321)->(5,15,15.4641)->(4,15,16.1962)->(3,15,17.514)->(2,15,23.4709)->(3,15,30.0137)->(4,15,5015.01)->
Agent 44:(8,24,1.8)->(7,24,3.01421)->(6,24,4.33205)->(5,24,5.01421)->(4,24,5.6)->(3,24,6.18579)->(2,24,6.86795)->(1,24,8.18579)->(0,24,10.4)->(0,25,12.6142)->(0,26,13.9481)->(0,27,14.7765)->(0,28,16.1103)->(0,29,5007.76)->
Agent 45:(20,25,3.95684)->(20,24,7.32789)->(20,23,8.64573)->(20,22,9.32789)->(20,21,9.89573)->(20,20,10.4137)->(20,19,10.9137)->(20,18,11.4137)->(20,17,11.9137)->(20,16,12.4137)->(20,15,12.9137)->(20,14,13.4137)->(20,13,13.9316)->(20,12,14.4995)->(20,11,15.1816)->(20,10,16.4995)->(20,9,18.7137)->(19,9,20.9279)->(18,9,22.2457)->(17,9,22.9279)->(16,9,23.4957)->(15,9,24.0137)->(14,9,24.5137)->(13,9,25.0137)->(12,9,25.5137)->(11,9,26.0137)->(10,9,26.5137)->(9,9,27.0137)->(8,9,27.5137)->(7,9,28.0316)->(6,9,28.5995)->(5,9,29.2816)->(4,9,30.5995)->(3,9,5015.01)->
Agent 46:(22,6,1.45)->(22,7,2.31421)->(22,8,3.63205)->(22,9,4.31421)->(22,10,4.88205)->(22,11,5.4)->(22,12,5.9)->(22,13,6.4)->(22,14,6.9)->(22,15,7.4)->(22,16,7.9)->(22,17,8.4)->(22,18,8.9)->(22,19,9.4)->(22,20,9.9)->(22,21,10.4)->(22,22,10.9)->(22,23,11.4179)->(22,24,11.9858)->(22,25,12.6679)->(22,26,13.9858)->(22,27,16.2)->(21,27,18.4142)->(20,27,19.7321)->(19,27,20.4142)->(18,27,20.9821)->(17,27,21.5)->(16,27,22)->(15,27,22.5)->(14,27,23)->(13,27,23.5)->(12,27,24)->(11,27,24.5)->(10,27,25.0179)->(9,27,25.5858)->(8,27,26.2679)->(7,27,27.5858)->(6,27,30.2142)->(6,28,5015.3)->
Agent 47:(9,23,3.03205)->(9,22,5.47832)->(9,21,6.79615)->(9,20,7.47832)->(9,19,8.04615)->(9,18,8.5641)->(9,17,9.0641)->(9,16,9.5641)->(9,15,10.0641)->(9,14,10.5641)->(9,13,11.0641)->(9,12,11.5641)->(9,11,12.0641)->(9,10,12.5821)->(9,9,13.1499)->(9,8,13.8321)->(9,7,15.1499)->(9,6,17.3641)->(10,6,19.5783)->(11,6,20.8962)->(12,6,21.5783)->(13,6,22.1462)->(14,6,22.6641)->(15,6,23.1641)->(16,6,23.6641)->(17,6,24.1641)->(18,6,24.6641)->(19,6,25.1641)->(20,6,25.6641)->(21,6,26.1821)->(22,6,26.7499)->(23,6,27.4321)->(24,6,28.7499)->(25,6,5014.08)->
Agent 48:(12,13,3.8)->(12,12,7.01421)->(12,11,8.33205)->(12,10,9.01421)->(12,9,9.58205)->(12,8,10.1)->(12,7,10.6)->(12,6,11.1179)->(12,5,11.6858)->(12,4,12.3679)->(12,3,13.6858)->(12,2,15.9)->(13,2,18.1142)->(14,2,19.4321)->(15,2,20.1142)->(16,2,20.6821)->(17,2,21.2)->(18,2,21.7)->(19,2,22.2)->(20,2,22.7179)->(21,2,23.2858)->(22,2,23.9679)->(23,2,25.2858)->(24,2,5012.35)->
Agent 49:(31,18,2.4142)->(31,19,4.24261)->(31,20,5.56045)->(31,21,6.24261)->(31,22,6.81045)->(31,23,7.34635)->(31,24,7.91419)->(31,25,8.59635)->(31,26,9.91419)->(31,27,14.4321)->(30,27,18.9501)->(29,27,20.2679)->(28,27,20.9501)->(27,27,21.5179)->(26,27,22.0359)->(25,27,22.5538)->(24,27,23.1217)->(23,27,23.8038)->(22,27,25.1217)->(21,27,5012.27)->
Agent 50:(17,10,1.71421)->(17,11,3.83205)->(16,11,6.47832)->(15,11,7.79615)->(14,11,8.47832)->(13,11,9.04615)->(12,11,9.5641)->(11,11,10.0641)->(10,11,10.5641)->(9,11,11.0641)->(8,11,11.5641)->(7,11,12.0641)->(6,11,12.5641)->(5,11,13.0821)->(4,11,13.6499)->(3,11,14.3321)->(2,11,15.6499)->(1,11,5007.53)->
Agent 51:(21,2,1.3)->(21,3,2.01421)->(21,4,3.33205)->(21,5,4.01421)->(21,6,4.58205)->(21,7,5.1)->(21,8,5.6)->(21,9,6.1)->(21,10,6.6)->(21,11,7.1)->(21,12,7.6)->(21,13,8.1)->(21,14,8.6)->(21,15,9.1)->(21,16,9.6)->(21,17,10.1)->(21,18,10.6)->(21,19,11.1)->(21,20,11.6)->(21,21,12.1179)->(21,22,12.6858)->(21,23,13.3679)->(21,24,14.6858)->(21,25,16.9)->(20,25,19.1142)->(19,25,20.4321)->(18,25,21.1142)->(17,25,21.6821)->(16,25,22.2)->(15,25,22.7)->(14,25,23.2)->(13,25,23.7)->(12,25,24.2)->(11,25,24.7)->(10,25,25.2)->(9,25,25.7)->(8,25,26.2)->(7,25,26.7)->(6,25,27.2179)->(5,25,27.7858)->(4,25,28.4679)->(3,25,29.7858)->(2,25,5014.6)->
Agent 52:(14,31,5.3)->(14,30,10.0142)->(14,29,11.3321)->(14,28,12.0142)->(14,27,12.5821)->(14,26,13.1)->(14,25,13.6179)->(14,24,14.1858)->(14,23,14.8679)->(14,22,16.1858)->(14,21,18.4)->(15,21,20.6495)->(16,21,22.6495)->(17,21,5011.05)->
Agent 53:(21,6,1.8)->(20,6,3.01421)->(19,6,4.33205)->(18,6,5.01421)->(17,6,5.58205)->(16,6,6.1)->(15,6,6.61795)->(14,6,7.18579)->(13,6,7.86795)->(12,6,9.18579)->(11,6,11.4)->(11,7,13.6142)->(11,8,14.9321)->(11,9,15.6142)->(11,10,16.1821)->(11,11,16.7)->(11,12,17.2)->(11,13,17.7)->(11,14,18.2)->(11,15,18.7)->(11,16,19.2)->(11,17,19.7)->(11,18,20.2)->(11,19,20.7179)->(11,20,21.2858)->(11,21,21.9679)->(11,22,23.2858)->(11,23,5011.35)->
Agent 54:(22,29,1.8)->(21,29,3.01421)->(20,29,4.33205)->(19,29,5.01421)->(18,29,5.58205)->(17,29,6.1)->(16,29,6.6)->(15,29,7.1)->(14,29,7.6)->(13,29,8.1)->(12,29,8.6)->(11,29,9.1)->(10,29,9.61795)->(9,29,10.1858)->(8,29,10.8679)->(7,29,12.1858)->(6,29,14.4)->(6,28,16.6142)->(6,27,17.9321)->(6,26,18.6142)->(6,25,19.1821)->(6,24,19.7)->(6,23,20.2)->(6,22,20.7)->(6,21,21.2)->(6,20,21.7)->(6,19,22.2)->(6,18,22.7)->(6,17,23.2)->(6,16,23.7)->(6,15,24.2179)->(6,14,24.7858)->(6,13,25.4679)->(6,12,26.7858)->(6,11,5013.1)->
Agent 55:(25,24,2.2)->(25,23,3.84949)->(25,22,5.84949)->(25,21,8.96744)->(24,21,12.6359)->(23,21,5006.32)->
Agent 56:(14,5,4.88579)->(14,6,9.18579)->(14,7,10.5036)->(14,8,11.1858)->(14,9,11.7536)->(14,10,12.2716)->(14,11,12.7716)->(14,12,13.2716)->(14,13,13.7716)->(14,14,14.2716)->(14,15,14.7716)->(14,16,15.2895)->(14,17,15.8574)->(14,18,16.5395)->(14,19,17.8574)->(14,20,20.4858)->(15,20,5010.44)->
Agent 57:(0,11,1.3)->(0,12,2.01421)->(0,13,3.33205)->(0,14,4.01421)->(0,15,4.58205)->(0,16,5.1)->(0,17,5.6)->(0,18,6.1)->(0,19,6.61795)->(0,20,7.18579)->(0,21,7.86795)->(0,22,9.18579)->(0,23,11.9284)->(1,23,15.2569)->(2,23,18.0569)->(2,24,20.2711)->(2,25,21.5889)->(2,26,22.321)->(2,27,23.053)->(2,28,24.3708)->(2,29,5011.89)->
Agent 58:(5,22,1.8)->(4,22,3.04949)->(3,22,5.04949)->(2,22,7.71319)->(2,21,5004.05)->
Agent 59:(20,15,2.2)->(20,14,4.4)->(20,13,7.61421)->(19,13,12.639)->(20,13,5007.22)->
