Agent 0:(2,25,1.8)->(3,25,3.01421)->(4,25,4.33205)->(5,25,5.01421)->(6,25,5.58205)->(7,25,6.11795)->(8,25,6.68579)->(9,25,7.36795)->(10,25,8.68579)->(11,25,14.9642)->(11,24,21.2426)->(11,23,22.5605)->(11,22,23.2426)->(11,21,23.8105)->(11,20,24.3284)->(11,19,24.8284)->(11,18,25.3284)->(11,17,25.8284)->(11,16,26.3284)->(11,15,26.8284)->(11,14,27.3284)->(11,13,27.8284)->(11,12,28.3284)->(11,11,28.8284)->(11,10,29.3284)->(11,9,29.8284)->(11,8,30.3284)->(11,7,30.8284)->(11,6,31.3464)->(11,5,31.9142)->(11,4,32.5964)->(11,3,33.9142)->(11,2,37.1284)->(10,2,5019.05)->
Agent 1:(27,6,1.3)->(27,7,2.01421)->(27,8,3.33205)->(27,9,4.02382)->(27,10,4.65949)->(27,11,5.35126)->(27,12,6.6691)->(27,13,8.88331)->(28,13,11.0975)->(29,13,12.5117)->(30,13,13.926)->(31,13,16.1402)->(31,12,18.3897)->(31,11,20.3897)->(31,10,5009.92)->
Agent 2:(25,13,2.21421)->(24,13,5.76421)->(25,13,12.65)->(25,12,17.6142)->(25,11,18.9321)->(25,10,19.6142)->(25,9,20.1821)->(25,8,20.7)->(25,7,21.2)->(25,6,21.7)->(25,5,22.2179)->(25,4,22.7858)->(25,3,23.4679)->(25,2,24.7858)->(25,1,27)->(24,1,29.2142)->(23,1,30.5321)->(22,1,31.2142)->(21,1,31.7821)->(20,1,32.3)->(19,1,32.8)->(18,1,33.3)->(17,1,33.8179)->(16,1,34.3858)->(15,1,35.0679)->(14,1,36.3858)->(13,1,39.0142)->(13,2,5019.7)->
Agent 3:(28,23,3.45)->(27,23,6.31421)->(26,23,7.63205)->(25,23,8.31421)->(24,23,8.88205)->(23,23,9.4)->(22,23,9.9)->(21,23,10.4)->(20,23,10.9)->(19,23,11.4)->(18,23,11.9179)->(17,23,12.4858)->(16,23,13.1679)->(15,23,14.4858)->(14,23,16.7)->(14,22,18.9495)->(14,21,20.9495)->(14,20,5010.2)->
Agent 4:(22,23,1.3)->(22,24,2.6)->(22,25,6.25)->(23,25,9.31421)->(24,25,10.6321)->(25,25,11.3641)->(26,25,12.0962)->(27,25,13.414)->(28,25,15.6282)->(28,24,17.8424)->(28,23,19.1603)->(28,22,19.8424)->(28,21,20.4103)->(28,20,20.9282)->(28,19,21.4282)->(28,18,21.9282)->(28,17,22.4282)->(28,16,22.9282)->(28,15,23.4282)->(28,14,23.9282)->(28,13,24.4282)->(28,12,24.9282)->(28,11,25.4282)->(28,10,25.9282)->(28,9,26.4282)->(28,8,26.9282)->(28,7,27.4282)->(28,6,27.9462)->(28,5,28.514)->(28,4,29.1962)->(28,3,30.514)->(28,2,5014.96)->
Agent 5:(18,16,2.2)->(18,15,3.81421)->(18,14,5.13205)->(18,13,5.82382)->(18,12,6.45949)->(18,11,7.15126)->(18,10,8.4691)->(18,9,10.6833)->(17,9,12.8975)->(16,9,14.2154)->(15,9,14.8975)->(14,9,15.4654)->(13,9,15.9833)->(12,9,16.4833)->(11,9,16.9833)->(10,9,17.5013)->(9,9,18.0691)->(8,9,18.7513)->(7,9,20.0691)->(6,9,22.2833)->(6,8,25.0833)->(6,7,5012.54)->
Agent 6:(26,30,2.2)->(25,30,3.81421)->(24,30,5.13205)->(23,30,5.81421)->(22,30,6.38205)->(21,30,6.91795)->(20,30,7.48579)->(19,30,8.16795)->(18,30,9.48579)->(17,30,12.2142)->(17,29,14.9426)->(17,28,16.2605)->(17,27,16.9426)->(17,26,17.5105)->(17,25,18.0284)->(17,24,18.5464)->(17,23,19.1142)->(17,22,19.7964)->(17,21,21.1142)->(17,20,23.7426)->(16,20,5012.06)->
Agent 7:(30,22,1.8)->(29,22,3.01421)->(28,22,4.33205)->(27,22,5.01421)->(26,22,5.58205)->(25,22,6.1)->(24,22,6.61795)->(23,22,7.18579)->(22,22,7.86795)->(21,22,9.18579)->(20,22,13.4179)->(20,21,17.6501)->(20,20,18.9679)->(20,19,19.6501)->(20,18,20.2179)->(20,17,20.7359)->(20,16,21.2538)->(20,15,21.8217)->(20,14,22.5038)->(20,13,23.8217)->(20,12,26.0359)->(19,12,28.2501)->(18,12,29.5679)->(17,12,30.2501)->(16,12,30.8179)->(15,12,31.3359)->(14,12,31.8359)->(13,12,32.3538)->(12,12,32.9217)->(11,12,33.6038)->(10,12,34.9217)->(9,12,5017.17)->
Agent 8:(0,9,1.3)->(0,10,2.6)->(0,11,7.31228)->(1,11,11.4388)->(2,11,12.7566)->(3,11,13.4388)->(4,11,14.0066)->(5,11,14.5246)->(6,11,15.0246)->(7,11,15.5246)->(8,11,16.0246)->(9,11,16.5246)->(10,11,17.0246)->(11,11,17.5246)->(12,11,18.0425)->(13,11,18.6103)->(14,11,19.2925)->(15,11,20.6103)->(16,11,5010.01)->
Agent 9:(9,24,3.3)->(9,23,6.01421)->(9,22,7.34806)->(9,21,8.17649)->(9,20,9.51034)->(9,19,12.1388)->(10,19,5006.26)->
Agent 10:(23,8,1.8)->(22,8,3.01421)->(21,8,4.34806)->(20,8,5.17649)->(19,8,6.51034)->(18,8,8.72456)->(18,7,11.5246)->(18,6,5005.76)->
Agent 11:(25,24,1.88579)->(24,24,3.18579)->(23,24,4.50362)->(22,24,5.18579)->(21,24,5.75362)->(20,24,6.28952)->(19,24,6.85736)->(18,24,7.53952)->(17,24,8.85736)->(16,24,11.4858)->(16,25,5005.94)->
Agent 12:(22,10,2.61421)->(22,11,4.64264)->(22,12,5.96048)->(22,13,6.64264)->(22,14,7.21048)->(22,15,7.72843)->(22,16,8.22843)->(22,17,8.72843)->(22,18,9.22843)->(22,19,9.72843)->(22,20,10.2284)->(22,21,10.7284)->(22,22,11.2464)->(22,23,11.8142)->(22,24,12.4964)->(22,25,13.8142)->(22,26,16.0284)->(21,26,18.2426)->(20,26,19.5605)->(19,26,20.2426)->(18,26,20.8105)->(17,26,21.3284)->(16,26,21.8284)->(15,26,22.3284)->(14,26,22.8284)->(13,26,23.3284)->(12,26,23.8284)->(11,26,24.3284)->(10,26,24.8464)->(9,26,25.4142)->(8,26,26.0964)->(7,26,27.4142)->(6,26,5013.41)->
Agent 13:(23,21,2.61421)->(23,20,4.64264)->(23,19,5.96048)->(23,18,6.64264)->(23,17,7.21048)->(23,16,7.72843)->(23,15,8.22843)->(23,14,8.72843)->(23,13,9.22843)->(23,12,9.72843)->(23,11,10.2284)->(23,10,10.7284)->(23,9,11.2284)->(23,8,11.7284)->(23,7,12.2284)->(23,6,12.7464)->(23,5,13.3142)->(23,4,13.9964)->(23,3,15.3142)->(23,2,18.3179)->(24,2,21.3217)->(25,2,22.6395)->(26,2,23.3716)->(27,2,24.1036)->(28,2,25.4215)->(29,2,5012.42)->
Agent 14:(24,16,2.61421)->(24,15,6.71421)->(25,15,10.4426)->(26,15,11.7605)->(27,15,12.4522)->(28,15,13.0879)->(29,15,13.7797)->(30,15,15.0975)->(31,15,5007.26)->
Agent 15:(9,5,1.3)->(9,6,2.01421)->(9,7,3.33205)->(9,8,4.01421)->(9,9,4.58205)->(9,10,5.1)->(9,11,5.6)->(9,12,6.1)->(9,13,6.6)->(9,14,7.11795)->(9,15,7.68579)->(9,16,8.36795)->(9,17,9.68579)->(9,18,11.9)->(8,18,14.1142)->(7,18,15.4321)->(6,18,16.1142)->(5,18,16.6821)->(4,18,17.2179)->(3,18,17.7858)->(2,18,18.4679)->(1,18,19.7858)->(0,18,22)->(0,19,24.2495)->(0,20,26.2495)->(0,21,5012.85)->
Agent 16:(23,31,2.2)->(23,30,3.81421)->(23,29,5.13205)->(23,28,5.81421)->(23,27,6.38205)->(23,26,6.9)->(23,25,7.4)->(23,24,7.9)->(23,23,8.4)->(23,22,8.9)->(23,21,9.4)->(23,20,9.9)->(23,19,10.4)->(23,18,10.9)->(23,17,11.4)->(23,16,11.9)->(23,15,12.4)->(23,14,12.9)->(23,13,13.4)->(23,12,13.9)->(23,11,14.4)->(23,10,14.9)->(23,9,15.4)->(23,8,15.9)->(23,7,16.4179)->(23,6,16.9858)->(23,5,17.6679)->(23,4,18.9858)->(23,3,21.2)->(22,3,23.4142)->(21,3,24.7321)->(20,3,25.4142)->(19,3,25.9821)->(18,3,26.5)->(17,3,27)->(16,3,27.5)->(15,3,28)->(14,3,28.5179)->(13,3,29.0858)->(12,3,29.7679)->(11,3,31.0858)->(10,3,33.3)->(10,2,36.1)->(10,1,5018.05)->
Agent 17:(25,5,1.3)->(25,6,2.01421)->(25,7,3.33205)->(25,8,4.01421)->(25,9,4.58205)->(25,10,5.1)->(25,11,5.6)->(25,12,6.1)->(25,13,6.6)->(25,14,7.1)->(25,15,7.6)->(25,16,8.1)->(25,17,8.6)->(25,18,9.1)->(25,19,9.6)->(25,20,10.1)->(25,21,10.6)->(25,22,11.1)->(25,23,11.6)->(25,24,12.1)->(25,25,12.6179)->(25,26,13.1858)->(25,27,13.8679)->(25,28,15.1858)->(25,29,17.4)->(24,29,19.6142)->(23,29,20.9321)->(22,29,21.6142)->(21,29,22.1821)->(20,29,22.7)->(19,29,23.2)->(18,29,23.7)->(17,29,24.2)->(16,29,24.7)->(15,29,25.2)->(14,29,25.7)->(13,29,26.2)->(12,29,26.7)->(11,29,27.2)->(10,29,27.7)->(9,29,28.2)->(8,29,28.7179)->(7,29,29.2858)->(6,29,29.9679)->(5,29,31.2858)->(4,29,5015.35)->
Agent 18:(3,0,1.8)->(4,0,3.01421)->(5,0,4.33205)->(6,0,5.01421)->(7,0,5.58205)->(8,0,6.1)->(9,0,6.6)->(10,0,7.1)->(11,0,7.6)->(12,0,8.1)->(13,0,8.6)->(14,0,9.11795)->(15,0,9.68579)->(16,0,10.3679)->(17,0,11.6858)->(18,0,18.6005)->(18,1,25.5505)->(18,2,27.5505)->(18,3,5013.5)->
Agent 19:(27,5,2.4142)->(27,6,4.24261)->(27,7,5.56045)->(27,8,6.25222)->(27,9,6.88789)->(27,10,7.57966)->(27,11,8.8975)->(27,12,11.1117)->(26,12,13.3259)->(25,12,14.6438)->(24,12,15.3259)->(23,12,15.8938)->(22,12,16.4117)->(21,12,16.9117)->(20,12,17.4117)->(19,12,17.9117)->(18,12,18.4117)->(17,12,18.9117)->(16,12,19.4117)->(15,12,19.9117)->(14,12,20.4117)->(13,12,20.9117)->(12,12,21.4117)->(11,12,21.9117)->(10,12,22.4117)->(9,12,22.9117)->(8,12,23.4117)->(7,12,23.9117)->(6,12,24.4117)->(5,12,24.9117)->(4,12,25.4297)->(3,12,25.9975)->(2,12,26.6797)->(1,12,27.9975)->(0,12,30.6259)->(0,13,5015.51)->
Agent 20:(24,21,4.26421)->(24,20,7.94264)->(24,19,9.26048)->(24,18,9.94264)->(24,17,10.5105)->(24,16,11.0284)->(24,15,11.5284)->(24,14,12.0284)->(24,13,12.5284)->(24,12,13.0284)->(24,11,13.5284)->(24,10,14.0284)->(24,9,14.5284)->(24,8,15.0284)->(24,7,15.5284)->(24,6,16.0284)->(24,5,16.5284)->(24,4,17.0464)->(24,3,17.6142)->(24,2,18.2964)->(24,1,19.6142)->(24,0,21.8284)->(23,0,24.0426)->(22,0,25.3605)->(21,0,26.0426)->(20,0,26.6105)->(19,0,27.1284)->(18,0,27.6284)->(17,0,28.1284)->(16,0,28.6284)->(15,0,29.1284)->(14,0,29.6284)->(13,0,30.1284)->(12,0,30.6284)->(11,0,31.1284)->(10,0,31.6284)->(9,0,32.1284)->(8,0,32.6284)->(7,0,33.1464)->(6,0,33.7142)->(5,0,34.3964)->(4,0,35.7142)->(3,0,38.3426)->(3,1,5019.36)->
Agent 21:(16,19,1.84626)->(17,19,3.10674)->(18,19,4.42458)->(19,19,5.10674)->(20,19,5.67458)->(21,19,6.19253)->(22,19,6.69253)->(23,19,7.19253)->(24,19,7.69253)->(25,19,8.21048)->(26,19,8.77832)->(27,19,9.46048)->(28,19,10.7783)->(29,19,12.9925)->(29,20,15.2067)->(29,21,16.5246)->(29,22,17.2163)->(29,23,17.852)->(29,24,18.5438)->(29,25,19.8616)->(29,26,5009.64)->
Agent 22:(11,20,5.03579)->(12,20,9.48579)->(13,20,10.8036)->(14,20,11.4858)->(15,20,12.0536)->(16,20,12.5716)->(17,20,13.0716)->(18,20,13.5716)->(19,20,14.0716)->(20,20,14.5716)->(21,20,15.0716)->(22,20,15.5716)->(23,20,16.0716)->(24,20,16.5716)->(25,20,17.0716)->(26,20,17.5895)->(27,20,18.1574)->(28,20,18.8395)->(29,20,20.1574)->(30,20,22.3716)->(30,19,24.5858)->(30,18,25.9036)->(30,17,26.5858)->(30,16,27.1536)->(30,15,27.6716)->(30,14,28.1716)->(30,13,28.6716)->(30,12,29.1895)->(30,11,29.7574)->(30,10,30.4395)->(30,9,31.7574)->(30,8,5015.59)->
Agent 23:(10,6,3.06795)->(9,6,5.55011)->(8,6,6.86795)->(7,6,7.6)->(6,6,8.33205)->(5,6,9.64989)->(4,6,16.199)->(4,7,22.7482)->(4,8,24.066)->(4,9,24.7578)->(4,10,25.3935)->(4,11,26.0853)->(4,12,27.4031)->(4,13,5013.41)->
Agent 24:(21,15,1.3)->(21,16,2.01421)->(21,17,3.33205)->(21,18,4.01421)->(21,19,4.58205)->(21,20,5.11795)->(21,21,5.68579)->(21,22,6.36795)->(21,23,7.68579)->(21,24,16.4407)->(21,23,25.1956)->(21,22,26.5135)->(21,21,27.1956)->(21,20,27.7635)->(21,19,28.2814)->(21,18,28.7814)->(21,17,29.2814)->(21,16,29.7814)->(21,15,30.2814)->(21,14,30.7814)->(21,13,31.2814)->(21,12,31.7814)->(21,11,32.2814)->(21,10,32.7814)->(21,9,33.2814)->(21,8,33.7994)->(21,7,34.3672)->(21,6,35.0494)->(21,5,36.3672)->(21,4,38.5814)->(22,4,40.8309)->(23,4,42.8309)->(24,4,5021.14)->
Agent 25:(23,13,2.2)->(23,12,3.81421)->(23,11,5.13205)->(23,10,5.81421)->(23,9,6.38205)->(23,8,6.9)->(23,7,7.4)->(23,6,7.9)->(23,5,8.41795)->(23,4,8.98579)->(23,3,9.66795)->(23,2,10.9858)->(23,1,13.2)->(22,1,15.4142)->(21,1,16.8284)->(20,1,18.2426)->(19,1,20.8711)->(19,2,5010.63)->
Agent 26:(2,9,2.8)->(2,8,5.01421)->(2,7,6.33205)->(2,6,7.0641)->(2,5,7.79615)->(2,4,9.11399)->(2,3,11.3282)->(3,3,13.5424)->(4,3,14.8603)->(5,3,15.5424)->(6,3,16.1103)->(7,3,16.6282)->(8,3,17.1282)->(9,3,17.6462)->(10,3,18.214)->(11,3,18.8962)->(12,3,20.214)->(13,3,22.4282)->(13,2,25.2282)->(13,1,28.4282)->(13,2,31.6282)->(13,3,5015.81)->
Agent 27:(8,8,1.3)->(8,9,2.01421)->(8,10,3.33205)->(8,11,4.0641)->(8,12,4.79615)->(8,13,6.11399)->(8,14,8.74242)->(7,14,5004.56)->
Agent 28:(12,4,5.26228)->(12,5,9.93877)->(12,6,11.2566)->(12,7,11.9388)->(12,8,12.5066)->(12,9,13.0246)->(12,10,13.5246)->(12,11,14.0246)->(12,12,14.5246)->(12,13,15.0246)->(12,14,15.5246)->(12,15,16.0246)->(12,16,16.5246)->(12,17,17.0246)->(12,18,17.5246)->(12,19,18.0246)->(12,20,18.5246)->(12,21,19.0246)->(12,22,19.5246)->(12,23,20.0246)->(12,24,20.5246)->(12,25,21.0246)->(12,26,21.5425)->(12,27,22.1103)->(12,28,22.7925)->(12,29,24.1103)->(12,30,26.3246)->(11,30,28.5388)->(10,30,29.953)->(9,30,31.3672)->(8,30,5015.39)->
Agent 29:(1,10,1.3)->(1,11,2.01421)->(1,12,3.33205)->(1,13,4.01421)->(1,14,4.58205)->(1,15,5.1)->(1,16,5.6)->(1,17,6.1)->(1,18,6.6)->(1,19,7.1)->(1,20,7.6)->(1,21,8.1)->(1,22,8.6)->(1,23,9.1)->(1,24,9.61795)->(1,25,10.1858)->(1,26,10.8679)->(1,27,12.1858)->(1,28,16.3123)->(2,28,20.4388)->(3,28,21.7566)->(4,28,22.4388)->(5,28,23.0066)->(6,28,23.5246)->(7,28,24.0425)->(8,28,24.6103)->(9,28,25.2925)->(10,28,26.6103)->(11,28,5013.01)->
Agent 30:(2,11,1.3)->(2,12,2.6)->(2,13,13.9766)->(3,13,24.7674)->(4,13,26.0853)->(5,13,26.8173)->(6,13,27.5494)->(7,13,28.8672)->(8,13,5014.14)->
Agent 31:(18,25,1.3)->(18,26,2.01421)->(18,27,3.33205)->(18,28,4.0641)->(18,29,4.79615)->(18,30,6.11399)->(18,31,11.7282)->(19,31,17.3424)->(20,31,18.6603)->(21,31,19.3424)->(22,31,19.9103)->(23,31,20.4282)->(24,31,20.9282)->(25,31,21.4282)->(26,31,21.9462)->(27,31,22.514)->(28,31,23.1962)->(29,31,24.514)->(30,31,5011.96)->
Agent 32:(30,9,1.3)->(30,10,2.01421)->(30,11,3.33205)->(30,12,4.01421)->(30,13,4.58205)->(30,14,5.1)->(30,15,5.6)->(30,16,6.1)->(30,17,6.6)->(30,18,7.1)->(30,19,7.6)->(30,20,8.1)->(30,21,8.6)->(30,22,9.1)->(30,23,9.6)->(30,24,10.1)->(30,25,10.6179)->(30,26,11.1858)->(30,27,11.8679)->(30,28,13.1858)->(30,29,17.4321)->(29,29,21.6783)->(28,29,22.9962)->(27,29,23.6783)->(26,29,24.2462)->(25,29,24.7641)->(24,29,25.2641)->(23,29,25.7641)->(22,29,26.2641)->(21,29,26.7641)->(20,29,27.2641)->(19,29,27.7641)->(18,29,28.2641)->(17,29,28.7641)->(16,29,29.2641)->(15,29,29.7641)->(14,29,30.2641)->(13,29,30.7641)->(12,29,31.2641)->(11,29,31.7821)->(10,29,32.3499)->(9,29,33.0321)->(8,29,34.3499)->(7,29,5016.88)->
Agent 33:(16,12,4.78579)->(16,13,8.98579)->(16,14,10.3036)->(16,15,10.9858)->(16,16,11.5536)->(16,17,12.0716)->(16,18,12.5716)->(16,19,13.0716)->(16,20,13.5895)->(16,21,14.1574)->(16,22,14.8395)->(16,23,16.1574)->(16,24,19.6765)->(17,24,23.1956)->(18,24,24.5135)->(19,24,25.1956)->(20,24,25.7814)->(21,24,26.3672)->(22,24,27.0494)->(23,24,28.3672)->(24,24,5013.89)->
Agent 34:(31,9,1.3)->(31,10,2.01421)->(31,11,3.33205)->(31,12,4.01421)->(31,13,4.58205)->(31,14,5.1)->(31,15,5.6)->(31,16,6.1)->(31,17,6.6)->(31,18,7.1)->(31,19,7.6)->(31,20,8.1)->(31,21,8.6)->(31,22,9.11795)->(31,23,9.68579)->(31,24,10.3679)->(31,25,11.6858)->(31,26,13.9)->(30,26,16.1142)->(29,26,17.4321)->(28,26,18.1238)->(27,26,18.7595)->(26,26,19.4513)->(25,26,20.7691)->(24,26,23.3975)->(24,27,26.9975)->(23,27,29.626)->(22,27,30.9438)->(21,27,31.626)->(20,27,32.1938)->(19,27,32.7117)->(18,27,33.2117)->(17,27,33.7117)->(16,27,34.2117)->(15,27,34.7117)->(14,27,35.2117)->(13,27,35.7117)->(12,27,36.2117)->(11,27,36.7297)->(10,27,37.2975)->(9,27,37.9797)->(8,27,39.2975)->(7,27,5019.36)->
Agent 35:(2,14,2.26228)->(2,15,3.93877)->(2,16,5.25661)->(2,17,5.93877)->(2,18,6.50661)->(2,19,7.02456)->(2,20,7.52456)->(2,21,8.02456)->(2,22,8.52456)->(2,23,9.02456)->(2,24,9.5425)->(2,25,10.1103)->(2,26,10.7925)->(2,27,12.1103)->(2,28,15.2746)->(3,28,18.4388)->(4,28,19.7566)->(5,28,20.4388)->(6,28,21.0066)->(7,28,21.5246)->(8,28,22.0246)->(9,28,22.5246)->(10,28,23.0246)->(11,28,23.5246)->(12,28,24.0425)->(13,28,24.6103)->(14,28,25.2925)->(15,28,26.6103)->(16,28,28.8943)->(16,29,31.7641)->(16,30,5015.88)->
Agent 36:(2,8,1.8)->(3,8,3.01421)->(4,8,4.33205)->(5,8,5.01421)->(6,8,5.58205)->(7,8,6.1)->(8,8,6.6)->(9,8,7.1)->(10,8,7.6)->(11,8,8.1)->(12,8,8.6)->(13,8,9.11795)->(14,8,9.68579)->(15,8,10.3679)->(16,8,11.6858)->(17,8,14.3142)->(17,9,5007.35)->
Agent 37:(21,12,1.3)->(21,13,2.01421)->(21,14,3.33205)->(21,15,4.0641)->(21,16,4.79615)->(21,17,6.11399)->(21,18,8.62832)->(22,18,11.1426)->(23,18,12.4765)->(24,18,13.3049)->(25,18,14.6388)->(26,18,5007.03)->
Agent 38:(21,6,4.53579)->(21,7,8.48579)->(21,8,9.80362)->(21,9,10.4858)->(21,10,11.0536)->(21,11,11.5716)->(21,12,12.0716)->(21,13,12.5716)->(21,14,13.0716)->(21,15,13.5716)->(21,16,14.0716)->(21,17,14.5716)->(21,18,15.0716)->(21,19,15.5895)->(21,20,16.1574)->(21,21,16.8395)->(21,22,18.1574)->(21,23,20.3716)->(22,23,22.5858)->(23,23,23.9036)->(24,23,24.5858)->(25,23,25.1536)->(26,23,25.6716)->(27,23,26.1895)->(28,23,26.7574)->(29,23,27.4395)->(30,23,28.7574)->(31,23,5014.09)->
Agent 39:(9,30,5.17649)->(9,29,9.7672)->(9,28,11.085)->(9,27,11.7672)->(9,26,12.335)->(9,25,12.853)->(9,24,13.353)->(9,23,13.853)->(9,22,14.353)->(9,21,14.853)->(9,20,15.353)->(9,19,15.853)->(9,18,16.353)->(9,17,16.853)->(9,16,17.353)->(9,15,17.853)->(9,14,18.353)->(9,13,18.853)->(9,12,19.353)->(9,11,19.853)->(9,10,20.353)->(9,9,20.8709)->(9,8,21.4388)->(9,7,22.1209)->(9,6,23.4388)->(9,5,25.653)->(10,5,27.8672)->(11,5,29.185)->(12,5,29.8672)->(13,5,30.435)->(14,5,30.953)->(15,5,31.453)->(16,5,31.953)->(17,5,32.453)->(18,5,32.953)->(19,5,33.453)->(20,5,33.953)->(21,5,34.453)->(22,5,34.953)->(23,5,35.453)->(24,5,35.953)->(25,5,36.453)->(26,5,36.953)->(27,5,37.4709)->(28,5,38.0388)->(29,5,38.7209)->(30,5,40.0388)->(31,5,5019.73)->
Agent 40:(8,5,2.4142)->(9,5,4.24261)->(10,5,5.56045)->(11,5,6.24261)->(12,5,6.81045)->(13,5,7.34635)->(14,5,7.91419)->(15,5,8.59635)->(16,5,9.91419)->(17,5,12.1284)->(17,6,14.9284)->(17,7,18.1426)->(18,7,21.7426)->(18,8,24.9568)->(18,9,5012.48)->
Agent 41:(4,18,2.21421)->(5,18,5.81228)->(5,17,9.43877)->(5,16,10.7566)->(5,15,11.4388)->(5,14,12.0066)->(5,13,12.5246)->(5,12,13.0246)->(5,11,13.5246)->(5,10,14.0246)->(5,9,14.5246)->(5,8,15.0425)->(5,7,15.6103)->(5,6,16.2925)->(5,5,17.6103)->(5,4,20.2388)->(4,4,5010.31)->
Agent 42:(2,22,1.38579)->(2,23,2.18579)->(2,24,3.51964)->(2,25,4.34806)->(2,26,5.68191)->(2,27,7.89613)->(3,27,10.1103)->(4,27,11.4282)->(5,27,12.1103)->(6,27,12.6782)->(7,27,13.1961)->(8,27,13.6961)->(9,27,14.1961)->(10,27,14.6961)->(11,27,15.1961)->(12,27,15.6961)->(13,27,16.1961)->(14,27,16.6961)->(15,27,17.1961)->(16,27,17.6961)->(17,27,18.1961)->(18,27,18.6961)->(19,27,19.1961)->(20,27,19.6961)->(21,27,20.1961)->(22,27,20.6961)->(23,27,21.1961)->(24,27,21.6961)->(25,27,22.1961)->(26,27,22.7141)->(27,27,23.2819)->(28,27,23.9641)->(29,27,25.2819)->(30,27,5012.35)->
Agent 43:(4,22,1.8)->(5,22,3.01421)->(6,22,4.33205)->(7,22,5.01421)->(8,22,5.58205)->(9,22,6.1)->(10,22,6.6)->(11,22,7.1)->(12,22,7.6)->(13,22,8.1)->(14,22,8.6)->(15,22,9.11795)->(16,22,9.68579)->(17,22,10.3679)->(18,22,11.6858)->(19,22,14.9858)->(19,21,18.2858)->(19,20,19.6036)->(19,19,20.2858)->(19,18,20.8536)->(19,17,21.3716)->(19,16,21.8716)->(19,15,22.3716)->(19,14,22.8716)->(19,13,23.3716)->(19,12,23.8895)->(19,11,24.4574)->(19,10,25.1395)->(19,9,26.4574)->(19,8,5012.94)->
Agent 44:(26,16,2.61421)->(25,16,4.64264)->(24,16,5.96048)->(23,16,6.64264)->(22,16,7.21048)->(21,16,7.72843)->(20,16,8.22843)->(19,16,8.72843)->(18,16,9.22843)->(17,16,9.72843)->(16,16,10.2284)->(15,16,10.7284)->(14,16,11.2284)->(13,16,11.7284)->(12,16,12.2284)->(11,16,12.7284)->(10,16,13.2284)->(9,16,13.7284)->(8,16,14.2284)->(7,16,14.7284)->(6,16,15.2284)->(5,16,15.7464)->(4,16,16.3142)->(3,16,16.9964)->(2,16,18.3142)->(1,16,20.5284)->(1,15,22.7426)->(1,14,24.0605)->(1,13,24.7426)->(1,12,25.3105)->(1,11,25.8284)->(1,10,26.3284)->(1,9,26.8284)->(1,8,27.3284)->(1,7,27.8284)->(1,6,28.3464)->(1,5,28.9142)->(1,4,29.5964)->(1,3,30.9142)->(1,2,5015.16)->
Agent 45:(27,24,5.68579)->(27,23,10.7858)->(27,22,12.1036)->(27,21,12.7858)->(27,20,13.3536)->(27,19,13.8716)->(27,18,14.3716)->(27,17,14.8716)->(27,16,15.3716)->(27,15,15.8716)->(27,14,16.3716)->(27,13,16.8716)->(27,12,17.3716)->(27,11,17.8716)->(27,10,18.3716)->(27,9,18.8716)->(27,8,19.3716)->(27,7,19.8716)->(27,6,20.3716)->(27,5,20.8716)->(27,4,21.3895)->(27,3,21.9574)->(27,2,22.6395)->(27,1,23.9574)->(27,0,26.1716)->(26,0,28.3858)->(25,0,29.7196)->(24,0,30.5481)->(23,0,31.8819)->(22,0,5015.65)->
Agent 46:(22,20,1.71421)->(22,21,4.8907)->(21,21,8.59562)->(20,21,9.91346)->(19,21,10.5956)->(18,21,11.1635)->(17,21,11.6814)->(16,21,12.1814)->(15,21,12.6814)->(14,21,13.1814)->(13,21,13.6814)->(12,21,14.1994)->(11,21,14.7672)->(10,21,15.4494)->(9,21,16.7672)->(8,21,18.9814)->(8,20,21.1956)->(8,19,22.5135)->(8,18,23.1956)->(8,17,23.7635)->(8,16,24.2994)->(8,15,24.8672)->(8,14,25.5494)->(8,13,26.8672)->(8,12,5013.14)->
Agent 47:(19,24,2.86421)->(19,23,5.14264)->(19,22,6.46048)->(19,21,7.14264)->(19,20,7.71048)->(19,19,8.22843)->(19,18,8.72843)->(19,17,9.22843)->(19,16,9.72843)->(19,15,10.2284)->(19,14,10.7284)->(19,13,11.2284)->(19,12,11.7284)->(19,11,12.2284)->(19,10,12.7284)->(19,9,13.2284)->(19,8,13.7284)->(19,7,14.2464)->(19,6,14.8142)->(19,5,15.4964)->(19,4,16.8142)->(19,3,19.7784)->(18,3,22.7426)->(17,3,24.0605)->(16,3,24.7426)->(15,3,25.3105)->(14,3,25.8284)->(13,3,26.3284)->(12,3,26.8284)->(11,3,27.3284)->(10,3,27.8284)->(9,3,28.3284)->(8,3,28.8284)->(7,3,29.3284)->(6,3,29.8284)->(5,3,30.3464)->(4,3,30.9142)->(3,3,31.5964)->(2,3,32.9142)->(1,3,5016.16)->
Agent 48:(11,19,2.2)->(11,18,3.81421)->(11,17,5.13205)->(11,16,5.81421)->(11,15,6.4)->(11,14,6.98579)->(11,13,7.66795)->(11,12,8.98579)->(11,11,12.4623)->(12,11,15.9388)->(13,11,17.2566)->(14,11,17.9388)->(15,11,18.5066)->(16,11,19.0246)->(17,11,19.5246)->(18,11,20.0246)->(19,11,20.5425)->(20,11,21.1103)->(21,11,21.7925)->(22,11,23.1103)->(23,11,5011.26)->
Agent 49:(6,18,1.8)->(6,19,3.01421)->(6,20,4.33205)->(6,21,5.0641)->(6,22,5.79615)->(6,23,7.11399)->(6,24,9.74242)->(5,24,5005.06)->
Agent 50:(10,8,1.3)->(10,9,2.01421)->(10,10,3.33205)->(10,11,4.01421)->(10,12,4.58205)->(10,13,5.1)->(10,14,5.6)->(10,15,6.1)->(10,16,6.6)->(10,17,7.1)->(10,18,7.6)->(10,19,8.1)->(10,20,8.6)->(10,21,9.1)->(10,22,9.61795)->(10,23,10.1858)->(10,24,10.8679)->(10,25,12.1858)->(10,26,14.4)->(9,26,16.6142)->(8,26,17.9321)->(7,26,18.6142)->(6,26,19.1821)->(5,26,19.7)->(4,26,20.2179)->(3,26,20.7858)->(2,26,21.4679)->(1,26,22.7858)->(0,26,5011.1)->
Agent 51:(27,13,1.3)->(27,14,2.01421)->(27,15,3.33205)->(27,16,4.01421)->(27,17,4.6)->(27,18,5.18579)->(27,19,5.86795)->(27,20,7.18579)->(27,21,9.4)->(26,21,11.6142)->(25,21,12.9321)->(24,21,13.6142)->(23,21,14.1821)->(22,21,14.7)->(21,21,15.2)->(20,21,15.7179)->(19,21,16.2858)->(18,21,16.9679)->(17,21,18.2858)->(16,21,5008.85)->
Agent 52:(5,5,2.38579)->(5,6,4.18579)->(5,7,5.51964)->(5,8,6.34806)->(5,9,7.68191)->(5,10,10.3103)->(6,10,5005.35)->
Agent 53:(26,1,1.76421)->(26,2,2.94264)->(26,3,4.26048)->(26,4,4.94264)->(26,5,5.51048)->(26,6,6.02843)->(26,7,6.52843)->(26,8,7.02843)->(26,9,7.52843)->(26,10,8.02843)->(26,11,8.52843)->(26,12,9.02843)->(26,13,9.52843)->(26,14,10.0284)->(26,15,10.5284)->(26,16,11.0284)->(26,17,11.5284)->(26,18,12.0284)->(26,19,12.5284)->(26,20,13.0284)->(26,21,13.5464)->(26,22,14.1142)->(26,23,14.7964)->(26,24,16.1142)->(26,25,18.7426)->(27,25,5009.56)->
Agent 54:(4,6,4.53205)->(4,7,8.47832)->(4,8,9.79615)->(4,9,10.4783)->(4,10,11.0462)->(4,11,11.5821)->(4,12,12.1499)->(4,13,12.8321)->(4,14,14.1499)->(4,15,16.3641)->(3,15,19.1641)->(2,15,5009.58)->
Agent 55:(14,26,3.20685)->(15,26,5.82792)->(16,26,7.14576)->(17,26,7.82792)->(18,26,8.39576)->(19,26,8.93166)->(20,26,9.49949)->(21,26,10.1817)->(22,26,11.4995)->(23,26,5005.46)->
Agent 56:(12,26,2.2)->(12,25,3.81421)->(12,24,5.13205)->(12,23,5.81421)->(12,22,6.38205)->(12,21,6.91795)->(12,20,7.48579)->(12,19,8.16795)->(12,18,9.48579)->(12,17,12.7123)->(11,17,15.9388)->(10,17,17.2566)->(9,17,17.9388)->(8,17,18.5066)->(7,17,19.0246)->(6,17,19.5246)->(5,17,20.0425)->(4,17,20.6103)->(3,17,21.2925)->(2,17,22.6103)->(1,17,5011.01)->
Agent 57:(25,17,2.56795)->(26,17,4.55011)->(27,17,5.86795)->(28,17,6.6)->(29,17,7.33205)->(30,17,8.64989)->(31,17,10.8641)->(31,18,13.0783)->(31,19,14.3962)->(31,20,15.0783)->(31,21,15.6462)->(31,22,16.1641)->(31,23,16.6641)->(31,24,17.1641)->(31,25,17.6641)->(31,26,18.1641)->(31,27,18.6821)->(31,28,19.2499)->(31,29,19.9321)->(31,30,21.2499)->(31,31,5010.33)->
Agent 58:(4,7,3.53205)->(4,8,6.47832)->(4,9,7.79615)->(4,10,8.47832)->(4,11,9.04615)->(4,12,9.5641)->(4,13,10.0641)->(4,14,10.5641)->(4,15,11.0641)->(4,16,11.5641)->(4,17,12.0641)->(4,18,12.5641)->(4,19,13.0821)->(4,20,13.6499)->(4,21,14.3321)->(4,22,15.6499)->(4,23,17.8641)->(5,23,20.0783)->(6,23,21.3962)->(7,23,22.0783)->(8,23,22.6462)->(9,23,23.1641)->(10,23,23.6641)->(11,23,24.1641)->(12,23,24.6641)->(13,23,25.1821)->(14,23,25.7499)->(15,23,26.4321)->(16,23,27.7499)->(17,23,5013.58)->
Agent 59:(29,13,3.28399)->(29,14,5.98219)->(29,15,7.31604)->(29,16,8.14446)->(29,17,9.47832)->(29,18,5004.45)->
