Agent 0:(5,14,3.7)->(6,14,6.81421)->(7,14,8.13205)->(8,14,8.81421)->(9,14,9.38205)->(10,14,9.9)->(11,14,10.4)->(12,14,10.9)->(13,14,11.4)->(14,14,11.9)->(15,14,12.4)->(16,14,12.9)->(17,14,13.4)->(18,14,13.9)->(19,14,14.4)->(20,14,14.9)->(21,14,15.4)->(22,14,15.9179)->(23,14,16.4858)->(24,14,17.1679)->(25,14,18.4858)->(26,14,20.7)->(26,15,23.5)->(26,16,5011.75)->
Agent 1:(26,6,1.8)->(27,6,3.6)->(28,6,6.4)->(28,7,8.61421)->(28,8,9.93205)->(28,9,10.6238)->(28,10,11.2595)->(28,11,11.9513)->(28,12,13.2691)->(28,13,18.2655)->(29,13,5010.51)->
Agent 2:(0,21,1.8)->(1,21,3.01421)->(2,21,4.33205)->(3,21,5.01421)->(4,21,5.6)->(5,21,6.18579)->(6,21,6.86795)->(7,21,8.18579)->(8,21,10.4)->(8,22,12.6142)->(8,23,13.9321)->(8,24,14.6238)->(8,25,15.2595)->(8,26,15.9513)->(8,27,17.2691)->(8,28,19.8975)->(9,28,29.3422)->(9,29,38.401)->(9,30,5019.2)->
Agent 3:(27,26,2.2)->(27,25,3.81421)->(27,24,5.13205)->(27,23,5.81421)->(27,22,6.38205)->(27,21,6.9)->(27,20,7.4)->(27,19,7.9)->(27,18,8.41795)->(27,17,8.98579)->(27,16,9.66795)->(27,15,10.9858)->(27,14,15.4417)->(28,14,20.4833)->(29,14,5010.24)->
Agent 4:(9,18,1.8)->(8,18,3.01421)->(7,18,4.33205)->(6,18,5.02382)->(5,18,5.65949)->(4,18,6.35126)->(3,18,7.6691)->(2,18,15.5417)->(3,18,24)->(4,18,5012)->
Agent 5:(28,31,2.2)->(28,30,3.81421)->(28,29,5.13205)->(28,28,5.81421)->(28,27,6.38205)->(28,26,6.9)->(28,25,7.4)->(28,24,7.9)->(28,23,8.4)->(28,22,8.9)->(28,21,9.4)->(28,20,9.91795)->(28,19,10.4858)->(28,18,11.1679)->(28,17,12.4858)->(28,16,16.4417)->(27,16,20.3975)->(26,16,21.7154)->(25,16,22.3975)->(24,16,22.9654)->(23,16,23.4833)->(22,16,23.9833)->(21,16,24.4833)->(20,16,24.9833)->(19,16,25.4833)->(18,16,25.9833)->(17,16,26.4833)->(16,16,26.9833)->(15,16,27.4833)->(14,16,27.9833)->(13,16,28.5013)->(12,16,29.0691)->(11,16,29.7513)->(10,16,31.0691)->(9,16,33.2833)->(9,15,35.4975)->(9,14,36.8154)->(9,13,37.4975)->(9,12,38.0654)->(9,11,38.5833)->(9,10,39.1013)->(9,9,39.6691)->(9,8,40.3513)->(9,7,41.6691)->(9,6,43.8833)->(8,6,46.0975)->(7,6,47.4154)->(6,6,48.0975)->(5,6,48.6654)->(4,6,49.2013)->(3,6,49.7691)->(2,6,50.4513)->(1,6,51.7691)->(0,6,5025.59)->
Agent 6:(3,25,3.04166)->(3,24,5.49753)->(3,23,6.81537)->(3,22,7.49753)->(3,21,8.06537)->(3,20,8.58331)->(3,19,9.08331)->(3,18,9.58331)->(3,17,10.0833)->(3,16,10.5833)->(3,15,11.0833)->(3,14,11.5833)->(3,13,12.0833)->(3,12,12.5833)->(3,11,13.0833)->(3,10,13.5833)->(3,9,14.0833)->(3,8,14.5833)->(3,7,15.1013)->(3,6,15.6691)->(3,5,16.3513)->(3,4,17.6691)->(3,3,19.8833)->(4,3,22.0975)->(5,3,23.4154)->(6,3,24.1071)->(7,3,24.7428)->(8,3,25.4346)->(9,3,26.7524)->(10,3,29.3808)->(10,4,5014.88)->
Agent 7:(0,20,1.8)->(1,20,3.01421)->(2,20,4.33205)->(3,20,5.02382)->(4,20,5.65949)->(5,20,6.35126)->(6,20,7.6691)->(7,20,9.88331)->(7,19,12.0975)->(7,18,13.5117)->(7,17,14.926)->(7,16,5007.17)->
Agent 8:(31,4,4.15051)->(31,5,7.71523)->(31,6,9.03307)->(31,7,9.71523)->(31,8,10.2831)->(31,9,10.801)->(31,10,11.301)->(31,11,11.801)->(31,12,12.301)->(31,13,12.801)->(31,14,13.301)->(31,15,13.801)->(31,16,14.301)->(31,17,14.801)->(31,18,15.301)->(31,19,15.801)->(31,20,16.301)->(31,21,16.801)->(31,22,17.301)->(31,23,17.801)->(31,24,18.301)->(31,25,18.801)->(31,26,19.319)->(31,27,19.8868)->(31,28,20.569)->(31,29,21.8868)->(31,30,24.101)->(30,30,26.3152)->(29,30,27.6331)->(28,30,28.3152)->(27,30,28.8831)->(26,30,29.401)->(25,30,29.901)->(24,30,30.401)->(23,30,30.901)->(22,30,31.401)->(21,30,31.901)->(20,30,32.401)->(19,30,32.901)->(18,30,33.401)->(17,30,33.901)->(16,30,34.401)->(15,30,34.901)->(14,30,35.401)->(13,30,35.901)->(12,30,36.401)->(11,30,36.901)->(10,30,37.401)->(9,30,37.901)->(8,30,38.401)->(7,30,38.901)->(6,30,39.401)->(5,30,39.901)->(4,30,40.419)->(3,30,40.9868)->(2,30,41.669)->(1,30,42.9868)->(0,30,5021.2)->
Agent 9:(24,12,1.8)->(25,12,3.6)->(26,12,10.7057)->(26,11,17.2256)->(26,10,18.5594)->(26,9,19.3878)->(26,8,20.7217)->(26,7,5010.07)->
Agent 10:(10,25,1.3)->(10,26,2.04949)->(10,27,4.04949)->(10,28,7.98516)->(11,28,11.8856)->(12,28,13.2998)->(13,28,14.714)->(14,28,5007.06)->
Agent 11:(8,13,1.3)->(8,14,2.01421)->(8,15,3.33205)->(8,16,4.02382)->(8,17,4.65949)->(8,18,5.35126)->(8,19,6.6691)->(8,20,8.88331)->(9,20,11.0975)->(10,20,12.4154)->(11,20,13.0975)->(12,20,13.6654)->(13,20,14.1833)->(14,20,14.6833)->(15,20,15.1833)->(16,20,15.6833)->(17,20,16.1833)->(18,20,16.6833)->(19,20,17.2013)->(20,20,17.7691)->(21,20,18.4513)->(22,20,19.7691)->(23,20,22.3975)->(23,21,5011.39)->
Agent 12:(16,13,3.8)->(17,13,7.01421)->(18,13,8.33205)->(19,13,9.02382)->(20,13,9.65949)->(21,13,10.3513)->(22,13,11.6691)->(23,13,13.8833)->(23,12,16.6833)->(23,11,24.3095)->(23,12,31.9357)->(23,13,5015.97)->
Agent 13:(15,0,2.4142)->(15,1,4.24261)->(15,2,5.56045)->(15,3,6.24261)->(15,4,6.81045)->(15,5,7.3284)->(15,6,7.8284)->(15,7,8.3284)->(15,8,8.8284)->(15,9,9.34635)->(15,10,9.91419)->(15,11,10.5963)->(15,12,11.9142)->(15,13,14.1284)->(14,13,16.3426)->(13,13,17.6605)->(12,13,18.3426)->(11,13,18.9105)->(10,13,19.4284)->(9,13,19.9284)->(8,13,20.4284)->(7,13,20.9463)->(6,13,21.5142)->(5,13,22.1963)->(4,13,23.5142)->(3,13,25.7284)->(3,14,28.5284)->(3,15,5014.26)->
Agent 14:(30,30,2.2)->(30,29,3.81421)->(30,28,5.13205)->(30,27,5.81421)->(30,26,6.38205)->(30,25,6.9)->(30,24,7.4)->(30,23,7.9)->(30,22,8.4)->(30,21,8.9)->(30,20,9.4)->(30,19,9.9)->(30,18,10.4)->(30,17,10.9)->(30,16,11.4)->(30,15,11.9)->(30,14,12.4)->(30,13,12.9179)->(30,12,13.4858)->(30,11,14.1679)->(30,10,15.4858)->(30,9,5007.45)->
Agent 15:(0,23,2.2)->(0,22,3.81421)->(0,21,5.13205)->(0,20,5.81421)->(0,19,6.4)->(0,18,6.98579)->(0,17,7.66795)->(0,16,8.98579)->(0,15,11.8678)->(1,15,14.7499)->(2,15,16.0677)->(3,15,16.7499)->(4,15,17.3177)->(5,15,17.8357)->(6,15,18.3357)->(7,15,18.8357)->(8,15,19.3357)->(9,15,19.8357)->(10,15,20.3357)->(11,15,20.8357)->(12,15,21.3357)->(13,15,21.8357)->(14,15,22.3357)->(15,15,22.8357)->(16,15,23.3357)->(17,15,23.8357)->(18,15,24.3357)->(19,15,24.8536)->(20,15,25.4215)->(21,15,26.1036)->(22,15,27.4215)->(23,15,5013.42)->
Agent 16:(4,3,1.3)->(4,4,2.01421)->(4,5,3.33205)->(4,6,4.01421)->(4,7,4.58205)->(4,8,5.1)->(4,9,5.6)->(4,10,6.1)->(4,11,6.6)->(4,12,7.1)->(4,13,7.6)->(4,14,8.1)->(4,15,8.6)->(4,16,9.1)->(4,17,9.6)->(4,18,10.1)->(4,19,10.6)->(4,20,11.1)->(4,21,11.6179)->(4,22,12.1858)->(4,23,12.8679)->(4,24,14.1858)->(4,25,16.8)->(4,24,19.4142)->(4,23,20.7321)->(4,22,21.4142)->(4,21,21.9821)->(4,20,22.5)->(4,19,23)->(4,18,23.5)->(4,17,24)->(4,16,24.5)->(4,15,25)->(4,14,25.5)->(4,13,26.0179)->(4,12,26.5858)->(4,11,27.2679)->(4,10,28.5858)->(4,9,30.8)->(5,9,33.0495)->(6,9,35.0495)->(7,9,5017.25)->
Agent 17:(27,20,2.3)->(27,19,4.01421)->(27,18,5.33205)->(27,17,6.01421)->(27,16,6.58205)->(27,15,7.1)->(27,14,7.6)->(27,13,8.1)->(27,12,8.6)->(27,11,9.1)->(27,10,9.61795)->(27,9,10.1858)->(27,8,10.8679)->(27,7,12.1858)->(27,6,14.4)->(26,6,16.6142)->(25,6,17.9321)->(24,6,18.6142)->(23,6,19.1821)->(22,6,19.7)->(21,6,20.2)->(20,6,20.7)->(19,6,21.2)->(18,6,21.7)->(17,6,22.2)->(16,6,22.7179)->(15,6,23.2858)->(14,6,23.9679)->(13,6,25.2858)->(12,6,5012.35)->
Agent 18:(29,22,3.08205)->(29,21,5.57832)->(29,20,6.89615)->(29,19,7.57832)->(29,18,8.14615)->(29,17,8.6641)->(29,16,9.1641)->(29,15,9.6641)->(29,14,10.1641)->(29,13,10.6641)->(29,12,11.1641)->(29,11,11.6641)->(29,10,12.1641)->(29,9,12.6821)->(29,8,13.2499)->(29,7,13.9321)->(29,6,15.2499)->(29,5,17.4641)->(28,5,19.6783)->(27,5,20.9962)->(26,5,21.6783)->(25,5,22.2462)->(24,5,22.7641)->(23,5,23.2641)->(22,5,23.7641)->(21,5,24.2641)->(20,5,24.7641)->(19,5,25.2641)->(18,5,25.7641)->(17,5,26.2641)->(16,5,26.7641)->(15,5,27.2641)->(14,5,27.7641)->(13,5,28.2821)->(12,5,28.8499)->(11,5,29.5321)->(10,5,30.8499)->(9,5,33.4783)->(9,4,40.2737)->(9,5,46.6833)->(9,6,5023.34)->
Agent 19:(10,19,2.2)->(10,18,3.81421)->(10,17,5.13205)->(10,16,5.81421)->(10,15,6.38205)->(10,14,6.9)->(10,13,7.4)->(10,12,7.9)->(10,11,8.4)->(10,10,8.9)->(10,9,9.4)->(10,8,9.91795)->(10,7,10.4858)->(10,6,11.1679)->(10,5,12.4858)->(10,4,14.7)->(9,4,16.9495)->(8,4,18.9495)->(7,4,33.2732)->(7,5,48.1474)->(7,6,5024.07)->
Agent 20:(2,22,1.8)->(3,22,3.01421)->(4,22,4.33205)->(5,22,5.01421)->(6,22,5.58205)->(7,22,6.1)->(8,22,6.6)->(9,22,7.1)->(10,22,7.6)->(11,22,8.1)->(12,22,8.6)->(13,22,9.11795)->(14,22,9.68579)->(15,22,10.3679)->(16,22,11.6858)->(17,22,14.4678)->(17,21,17.2499)->(17,20,18.5677)->(17,19,19.2499)->(17,18,19.8177)->(17,17,20.3536)->(17,16,20.9215)->(17,15,21.6036)->(17,14,22.9215)->(17,13,25.1357)->(18,13,27.3499)->(19,13,28.6677)->(20,13,29.3499)->(21,13,29.9357)->(22,13,30.5215)->(23,13,31.2036)->(24,13,32.5215)->(25,13,5015.97)->
Agent 21:(11,26,2.2)->(11,25,3.81421)->(11,24,5.13205)->(11,23,5.81421)->(11,22,6.4)->(11,21,6.98579)->(11,20,7.66795)->(11,19,8.98579)->(11,18,11.2)->(12,18,13.4142)->(13,18,14.7321)->(14,18,15.4142)->(15,18,16)->(16,18,16.5858)->(17,18,17.2679)->(18,18,18.5858)->(19,18,21.2142)->(19,17,5010.8)->
Agent 22:(9,29,4.91784)->(9,28,9.24989)->(9,27,10.5677)->(9,26,11.2499)->(9,25,11.8177)->(9,24,12.3357)->(9,23,12.8357)->(9,22,13.3357)->(9,21,13.8357)->(9,20,14.3357)->(9,19,14.8357)->(9,18,15.3536)->(9,17,15.9215)->(9,16,16.6036)->(9,15,17.9215)->(9,14,20.1357)->(10,14,22.3499)->(11,14,23.6677)->(12,14,24.3499)->(13,14,24.9177)->(14,14,25.4357)->(15,14,25.9357)->(16,14,26.4357)->(17,14,26.9357)->(18,14,27.4357)->(19,14,27.9536)->(20,14,28.5215)->(21,14,29.2036)->(22,14,30.5215)->(23,14,5014.97)->
Agent 23:(13,2,3.14625)->(14,2,5.70672)->(15,2,7.02455)->(16,2,7.70672)->(17,2,8.27455)->(18,2,8.7925)->(19,2,9.2925)->(20,2,9.7925)->(21,2,10.2925)->(22,2,10.7925)->(23,2,11.3105)->(24,2,11.8783)->(25,2,12.5605)->(26,2,13.8783)->(27,2,5006.65)->
Agent 24:(17,3,1.8)->(18,3,3.01421)->(19,3,4.33205)->(20,3,5.02382)->(21,3,5.65949)->(22,3,6.35126)->(23,3,7.6691)->(24,3,13.1417)->(24,4,5008.19)->
Agent 25:(9,5,1.3)->(9,6,2.01421)->(9,7,3.33205)->(9,8,4.01421)->(9,9,4.58205)->(9,10,5.1)->(9,11,5.6)->(9,12,6.1)->(9,13,6.61795)->(9,14,7.18579)->(9,15,7.86795)->(9,16,9.18579)->(9,17,11.9678)->(10,17,14.7499)->(11,17,16.0677)->(12,17,16.7499)->(13,17,17.3177)->(14,17,17.8357)->(15,17,18.3357)->(16,17,18.8357)->(17,17,19.3357)->(18,17,19.8357)->(19,17,20.3357)->(20,17,20.8357)->(21,17,21.3357)->(22,17,21.8357)->(23,17,22.3357)->(24,17,22.8357)->(25,17,23.3536)->(26,17,23.9215)->(27,17,24.6036)->(28,17,25.9215)->(29,17,5012.67)->
Agent 26:(14,26,2.2)->(14,25,3.81421)->(14,24,5.13205)->(14,23,5.81421)->(14,22,6.38205)->(14,21,6.9)->(14,20,7.4)->(14,19,7.9)->(14,18,8.4)->(14,17,8.9)->(14,16,9.41795)->(14,15,9.98579)->(14,14,10.6679)->(14,13,11.9858)->(14,12,14.2)->(15,12,16.4142)->(16,12,17.7321)->(17,12,18.4142)->(18,12,18.9821)->(19,12,19.5)->(20,12,20)->(21,12,20.5179)->(22,12,21.0858)->(23,12,21.7679)->(24,12,23.0858)->(25,12,25.3)->(25,11,27.5142)->(25,10,28.8321)->(25,9,29.5142)->(25,8,30.0821)->(25,7,30.6)->(25,6,31.1)->(25,5,31.6179)->(25,4,32.1858)->(25,3,32.8679)->(25,2,34.1858)->(25,1,5016.8)->
Agent 27:(11,8,1.3)->(11,9,2.01421)->(11,10,3.33205)->(11,11,4.01421)->(11,12,4.58205)->(11,13,5.11795)->(11,14,5.68579)->(11,15,6.36795)->(11,16,7.68579)->(11,17,9.9)->(12,17,12.1142)->(13,17,13.4321)->(14,17,14.1142)->(15,17,14.6821)->(16,17,15.2)->(17,17,15.7)->(18,17,16.2)->(19,17,16.7)->(20,17,17.2)->(21,17,17.7)->(22,17,18.2)->(23,17,18.7)->(24,17,19.2)->(25,17,19.7)->(26,17,20.2179)->(27,17,20.7858)->(28,17,21.4679)->(29,17,22.7858)->(30,17,25.4142)->(30,18,29.4284)->(29,18,5015.11)->
Agent 28:(26,8,1.8)->(25,8,3.6)->(24,8,6.79166)->(24,9,9.39753)->(24,10,10.7154)->(24,11,11.3975)->(24,12,11.9654)->(24,13,12.4833)->(24,14,12.9833)->(24,15,13.4833)->(24,16,13.9833)->(24,17,14.4833)->(24,18,14.9833)->(24,19,15.4833)->(24,20,15.9833)->(24,21,16.5013)->(24,22,17.0691)->(24,23,17.7513)->(24,24,19.0691)->(24,25,21.6975)->(23,25,5011.04)->
Agent 29:(29,7,2.2)->(29,6,3.81421)->(29,5,5.13205)->(29,4,5.8641)->(29,3,6.59615)->(29,2,7.91399)->(29,1,10.1282)->(28,1,12.3424)->(27,1,13.6763)->(26,1,14.5047)->(25,1,15.8385)->(24,1,18.467)->(24,2,5009.43)->
Agent 30:(18,17,1.8)->(19,17,3.04949)->(20,17,5.04949)->(21,17,7.29898)->(21,18,9.51319)->(21,19,10.831)->(21,20,11.5132)->(21,21,12.099)->(21,22,12.6848)->(21,23,13.3669)->(21,24,14.6848)->(21,25,5007.05)->
Agent 31:(14,13,2.2)->(14,12,3.81421)->(14,11,5.13205)->(14,10,5.8641)->(14,9,6.59615)->(14,8,7.91399)->(14,7,10.4641)->(15,7,13.0142)->(16,7,14.3321)->(17,7,15.0142)->(18,7,15.5821)->(19,7,16.1)->(20,7,16.6)->(21,7,17.1)->(22,7,17.6)->(23,7,18.1)->(24,7,18.6)->(25,7,19.1)->(26,7,19.6179)->(27,7,20.1858)->(28,7,20.8679)->(29,7,22.1858)->(30,7,5010.8)->
Agent 32:(24,24,1.8)->(23,24,3.01421)->(22,24,4.33205)->(21,24,5.01421)->(20,24,5.58205)->(19,24,6.1)->(18,24,6.6)->(17,24,7.1)->(16,24,7.61795)->(15,24,8.18579)->(14,24,8.86795)->(13,24,10.1858)->(12,24,12.4)->(12,23,14.6142)->(12,22,16.0284)->(12,21,17.4426)->(12,20,21.3343)->(11,20,5011.49)->
Agent 33:(23,7,2.2)->(23,6,3.84949)->(23,5,5.84949)->(23,4,10.4211)->(24,4,14.9574)->(25,4,16.3716)->(26,4,17.7858)->(27,4,5008.6)->
Agent 34:(20,23,2.69166)->(21,23,4.79753)->(22,23,6.11537)->(23,23,6.79753)->(24,23,7.36537)->(25,23,7.90126)->(26,23,8.4691)->(27,23,9.15126)->(28,23,10.4691)->(29,23,12.6833)->(29,22,14.8975)->(29,21,16.2154)->(29,20,16.8975)->(29,19,17.4654)->(29,18,17.9833)->(29,17,18.4833)->(29,16,18.9833)->(29,15,19.4833)->(29,14,19.9833)->(29,13,20.5013)->(29,12,21.0691)->(29,11,21.7513)->(29,10,23.0691)->(29,9,5011.24)->
Agent 35:(5,3,1.8)->(6,3,3.01421)->(7,3,4.33205)->(8,3,5.01421)->(9,3,5.58205)->(10,3,6.11795)->(11,3,6.68579)->(12,3,7.36795)->(13,3,8.68579)->(14,3,10.9)->(14,4,13.1142)->(14,5,14.4321)->(14,6,15.1142)->(14,7,15.6821)->(14,8,16.2)->(14,9,16.7)->(14,10,17.2)->(14,11,17.7)->(14,12,18.2)->(14,13,18.7)->(14,14,19.2)->(14,15,19.7)->(14,16,20.2)->(14,17,20.7)->(14,18,21.2)->(14,19,21.7)->(14,20,22.2179)->(14,21,22.7858)->(14,22,23.4679)->(14,23,24.7858)->(14,24,27.4142)->(15,24,5013.9)->
Agent 36:(14,9,2.2)->(14,8,3.81421)->(14,7,5.22843)->(14,6,6.64264)->(14,5,9.24638)->(13,5,11.8501)->(12,5,13.1679)->(11,5,13.8501)->(10,5,14.4179)->(9,5,14.9538)->(8,5,15.5217)->(7,5,16.2038)->(6,5,17.5217)->(5,5,5008.47)->
Agent 37:(18,14,2.21421)->(17,14,6.01421)->(17,13,9.84264)->(17,12,11.1605)->(17,11,11.8426)->(17,10,12.4105)->(17,9,12.9284)->(17,8,13.4284)->(17,7,13.9284)->(17,6,14.4284)->(17,5,14.9284)->(17,4,15.4464)->(17,3,16.0142)->(17,2,16.6964)->(17,1,18.0142)->(17,0,5008.71)->
Agent 38:(1,10,1.3)->(1,11,2.01421)->(1,12,3.33205)->(1,13,4.01421)->(1,14,4.58205)->(1,15,5.11795)->(1,16,5.68579)->(1,17,6.36795)->(1,18,7.68579)->(1,19,9.9)->(2,19,12.1142)->(3,19,13.4321)->(4,19,14.1142)->(5,19,14.7)->(6,19,15.2858)->(7,19,15.9679)->(8,19,17.2858)->(9,19,5008.35)->
Agent 39:(27,3,8.18579)->(27,4,15.7858)->(27,5,17.1036)->(27,6,17.7858)->(27,7,18.3536)->(27,8,18.8716)->(27,9,19.3716)->(27,10,19.8716)->(27,11,20.3716)->(27,12,20.8716)->(27,13,21.3716)->(27,14,21.8716)->(27,15,22.3716)->(27,16,22.8716)->(27,17,23.3716)->(27,18,23.8716)->(27,19,24.3716)->(27,20,24.8716)->(27,21,25.3716)->(27,22,25.8716)->(27,23,26.3716)->(27,24,26.8716)->(27,25,27.3895)->(27,26,27.9574)->(27,27,28.6395)->(27,28,29.9574)->(27,29,32.1716)->(26,29,34.3858)->(25,29,35.7036)->(24,29,36.3858)->(23,29,36.9536)->(22,29,37.4895)->(21,29,38.0574)->(20,29,38.7395)->(19,29,40.0574)->(18,29,5019.74)->
Agent 40:(22,10,1.3)->(22,11,2.01421)->(22,12,3.33205)->(22,13,4.01421)->(22,14,4.58205)->(22,15,5.1)->(22,16,5.6)->(22,17,6.1)->(22,18,6.6)->(22,19,7.1)->(22,20,7.6)->(22,21,8.1)->(22,22,8.6)->(22,23,9.1)->(22,24,9.6)->(22,25,10.1)->(22,26,10.6179)->(22,27,11.1858)->(22,28,11.8679)->(22,29,13.1858)->(22,30,15.4)->(21,30,17.6142)->(20,30,18.9321)->(19,30,19.6142)->(18,30,20.1821)->(17,30,20.7)->(16,30,21.2)->(15,30,21.7)->(14,30,22.2)->(13,30,22.7)->(12,30,23.2)->(11,30,23.7)->(10,30,24.2)->(9,30,24.7)->(8,30,25.2)->(7,30,25.7)->(6,30,26.2179)->(5,30,26.7858)->(4,30,27.4679)->(3,30,28.7858)->(2,30,31.4142)->(2,29,38.5147)->(2,30,5021.2)->
Agent 41:(15,1,1.3)->(15,2,2.01421)->(15,3,3.33205)->(15,4,4.01421)->(15,5,4.58205)->(15,6,5.1)->(15,7,5.6)->(15,8,6.1)->(15,9,6.6)->(15,10,7.1)->(15,11,7.6)->(15,12,8.1)->(15,13,8.6)->(15,14,9.1)->(15,15,9.6)->(15,16,10.1)->(15,17,10.6)->(15,18,11.1)->(15,19,11.6)->(15,20,12.1179)->(15,21,12.6858)->(15,22,13.3679)->(15,23,14.6858)->(15,24,16.9)->(14,24,19.1142)->(13,24,20.4321)->(12,24,21.1142)->(11,24,21.6821)->(10,24,22.2)->(9,24,22.7)->(8,24,23.2179)->(7,24,23.7858)->(6,24,24.4679)->(5,24,25.7858)->(4,24,28)->(4,25,30.2142)->(4,26,31.6284)->(4,27,33.0426)->(4,28,5016.23)->
Agent 42:(18,30,1.8)->(17,30,3.01421)->(16,30,4.34806)->(15,30,5.17649)->(14,30,6.51034)->(13,30,8.88011)->(13,29,11.2499)->(13,28,12.5677)->(13,27,13.2499)->(13,26,13.8177)->(13,25,14.3357)->(13,24,14.8357)->(13,23,15.3357)->(13,22,15.8357)->(13,21,16.3357)->(13,20,16.8357)->(13,19,17.3357)->(13,18,17.8357)->(13,17,18.3536)->(13,16,18.9215)->(13,15,19.6036)->(13,14,20.9215)->(13,13,5010.17)->
Agent 43:(31,8,4.88256)->(30,8,9.21461)->(29,8,11.2146)->(28,8,5005.33)->
Agent 44:(31,19,1.3)->(31,20,2.01421)->(31,21,3.33205)->(31,22,4.01421)->(31,23,4.6)->(31,24,5.18579)->(31,25,5.86795)->(31,26,7.18579)->(31,27,9.4)->(30,27,11.6142)->(29,27,12.9321)->(28,27,13.6142)->(27,27,14.1821)->(26,27,14.7)->(25,27,15.2)->(24,27,15.7)->(23,27,16.2)->(22,27,16.7)->(21,27,17.2179)->(20,27,17.7858)->(19,27,18.4679)->(18,27,19.7858)->(17,27,5009.6)->
Agent 45:(19,9,1.3)->(19,10,2.01421)->(19,11,3.33205)->(19,12,4.01421)->(19,13,4.58205)->(19,14,5.1)->(19,15,5.6)->(19,16,6.1)->(19,17,6.6)->(19,18,7.1)->(19,19,7.6)->(19,20,8.11795)->(19,21,8.68579)->(19,22,9.36795)->(19,23,10.6858)->(19,24,17.8105)->(20,24,24.9352)->(21,24,26.253)->(22,24,26.9352)->(23,24,27.503)->(24,24,28.021)->(25,24,28.521)->(26,24,29.0389)->(27,24,29.6067)->(28,24,30.2889)->(29,24,31.6067)->(30,24,33.821)->(30,25,36.621)->(30,26,5018.31)->
Agent 46:(22,26,2.61421)->(22,25,5.61421)->(23,25,8.24264)->(24,25,9.56048)->(25,25,10.2925)->(26,25,11.0246)->(27,25,12.3424)->(28,25,14.9708)->(28,26,5007.68)->
Agent 47:(0,4,1.3)->(0,5,2.01421)->(0,6,3.33205)->(0,7,4.02382)->(0,8,4.65949)->(0,9,5.35126)->(0,10,6.6691)->(0,11,9.4191)->(1,11,12.1691)->(2,11,13.4869)->(3,11,14.1691)->(4,11,14.7369)->(5,11,15.2549)->(6,11,15.7549)->(7,11,16.2549)->(8,11,16.7549)->(9,11,17.2549)->(10,11,17.7549)->(11,11,18.2549)->(12,11,18.7549)->(13,11,19.2728)->(14,11,19.8407)->(15,11,20.5228)->(16,11,21.8407)->(17,11,5010.63)->
Agent 48:(23,10,2.4142)->(22,10,4.24261)->(21,10,5.56045)->(20,10,6.24261)->(19,10,6.81045)->(18,10,7.3284)->(17,10,7.8284)->(16,10,8.3284)->(15,10,8.8284)->(14,10,9.3284)->(13,10,9.8284)->(12,10,10.3463)->(11,10,10.9142)->(10,10,11.5963)->(9,10,12.9142)->(8,10,16.2142)->(8,11,20.1)->(8,12,5010.05)->
Agent 49:(23,11,1.3)->(23,12,2.01421)->(23,13,3.33205)->(23,14,4.01421)->(23,15,4.58205)->(23,16,5.1)->(23,17,5.6)->(23,18,6.11795)->(23,19,6.68579)->(23,20,7.36795)->(23,21,8.68579)->(23,22,11.7178)->(22,22,14.7499)->(21,22,16.0677)->(20,22,16.7499)->(19,22,17.3177)->(18,22,17.8357)->(17,22,18.3357)->(16,22,18.8357)->(15,22,19.3357)->(14,22,19.8357)->(13,22,20.3357)->(12,22,20.8357)->(11,22,21.3357)->(10,22,21.8357)->(9,22,22.3357)->(8,22,22.8357)->(7,22,23.3357)->(6,22,23.8536)->(5,22,24.4215)->(4,22,25.1036)->(3,22,26.4215)->(2,22,29.0499)->(2,23,32.6499)->(3,23,35.8641)->(4,23,5017.93)->
Agent 50:(4,1,1.4142)->(4,2,2.24261)->(4,3,3.56045)->(4,4,4.24261)->(4,5,4.81045)->(4,6,5.3284)->(4,7,5.8284)->(4,8,6.3284)->(4,9,6.8284)->(4,10,7.3284)->(4,11,7.8284)->(4,12,8.3284)->(4,13,8.8284)->(4,14,9.3284)->(4,15,9.8284)->(4,16,10.3284)->(4,17,10.8284)->(4,18,11.3284)->(4,19,11.8463)->(4,20,12.4142)->(4,21,13.0963)->(4,22,14.4142)->(4,23,16.6284)->(5,23,18.8426)->(6,23,20.1765)->(7,23,21.0049)->(8,23,22.3387)->(9,23,24.9672)->(9,24,5012.68)->
Agent 51:(29,29,2.2)->(29,28,3.81421)->(29,27,5.13205)->(29,26,5.82382)->(29,25,6.45949)->(29,24,7.15126)->(29,23,8.4691)->(29,22,10.6833)->(28,22,12.8975)->(27,22,14.2154)->(26,22,14.8975)->(25,22,15.4654)->(24,22,15.9833)->(23,22,16.4833)->(22,22,16.9833)->(21,22,17.4833)->(20,22,17.9833)->(19,22,18.4833)->(18,22,18.9833)->(17,22,19.4833)->(16,22,19.9833)->(15,22,20.4833)->(14,22,20.9833)->(13,22,21.4833)->(12,22,21.9833)->(11,22,22.4833)->(10,22,22.9833)->(9,22,23.4833)->(8,22,24.0013)->(7,22,24.5691)->(6,22,25.2513)->(5,22,26.5691)->(4,22,5012.99)->
Agent 52:(5,19,4.12744)->(5,18,7.6691)->(5,17,8.98694)->(5,16,9.6691)->(5,15,10.2369)->(5,14,10.7549)->(5,13,11.2549)->(5,12,11.7549)->(5,11,12.2549)->(5,10,12.7549)->(5,9,13.2549)->(5,8,13.7549)->(5,7,14.2549)->(5,6,14.7549)->(5,5,15.2728)->(5,4,15.8407)->(5,3,16.5228)->(5,2,17.8407)->(5,1,20.4691)->(6,1,5010.43)->
Agent 53:(21,27,2.61421)->(21,26,5.61421)->(22,26,8.24264)->(23,26,9.56048)->(24,26,10.2426)->(25,26,10.8105)->(26,26,11.3464)->(27,26,11.9142)->(28,26,12.5964)->(29,26,13.9142)->(30,26,21.4426)->(30,25,28.9711)->(30,24,30.2889)->(30,23,30.9711)->(30,22,31.5389)->(30,21,32.0569)->(30,20,32.5569)->(30,19,33.0569)->(30,18,33.5569)->(30,17,34.0748)->(30,16,34.6426)->(30,15,35.3248)->(30,14,36.6426)->(30,13,39.2711)->(31,13,5019.83)->
Agent 54:(29,16,2.3)->(28,16,4.01421)->(27,16,5.33205)->(26,16,6.01421)->(25,16,6.58205)->(24,16,7.1)->(23,16,7.6)->(22,16,8.1)->(21,16,8.6)->(20,16,9.1)->(19,16,9.6)->(18,16,10.1)->(17,16,10.6)->(16,16,11.1)->(15,16,11.6179)->(14,16,12.1858)->(13,16,12.8679)->(12,16,14.1858)->(11,16,16.9642)->(11,17,19.7426)->(11,18,21.0605)->(11,19,21.7522)->(11,20,22.3879)->(11,21,23.0797)->(11,22,24.3975)->(11,23,5011.91)->
Agent 55:(18,4,1.3)->(18,5,2.01421)->(18,6,3.33205)->(18,7,4.01421)->(18,8,4.58205)->(18,9,5.1)->(18,10,5.6)->(18,11,6.1)->(18,12,6.6)->(18,13,7.1)->(18,14,7.6)->(18,15,8.1)->(18,16,8.6)->(18,17,9.1)->(18,18,9.6)->(18,19,10.1)->(18,20,10.6)->(18,21,11.1179)->(18,22,11.6858)->(18,23,12.3679)->(18,24,13.6858)->(18,25,16.3595)->(17,25,19.0332)->(16,25,20.351)->(15,25,21.0332)->(14,25,21.601)->(13,25,22.119)->(12,25,22.619)->(11,25,23.119)->(10,25,23.619)->(9,25,24.119)->(8,25,24.619)->(7,25,25.119)->(6,25,25.619)->(5,25,26.119)->(4,25,26.6369)->(3,25,27.2048)->(2,25,27.8869)->(1,25,29.2048)->(0,25,5014.31)->
Agent 56:(27,27,1.8)->(26,27,3.01421)->(25,27,4.33205)->(24,27,5.01421)->(23,27,5.58205)->(22,27,6.1)->(21,27,6.6)->(20,27,7.1)->(19,27,7.61795)->(18,27,8.18579)->(17,27,8.86795)->(16,27,10.1858)->(15,27,14.2917)->(15,26,18.3975)->(15,25,19.7154)->(15,24,20.3975)->(15,23,20.9654)->(15,22,21.4833)->(15,21,21.9833)->(15,20,22.4833)->(15,19,23.0013)->(15,18,23.5691)->(15,17,24.2513)->(15,16,25.5691)->(15,15,5012.49)->
Agent 57:(20,5,1.3)->(20,6,2.01421)->(20,7,3.33205)->(20,8,4.01421)->(20,9,4.58205)->(20,10,5.1)->(20,11,5.6)->(20,12,6.1)->(20,13,6.6)->(20,14,7.1)->(20,15,7.6)->(20,16,8.1)->(20,17,8.61795)->(20,18,9.18579)->(20,19,9.86795)->(20,20,11.1858)->(20,21,13.4)->(21,21,15.6142)->(22,21,16.9481)->(23,21,17.7765)->(24,21,19.1103)->(25,21,21.7388)->(25,22,5011.06)->
Agent 58:(15,10,1.8)->(14,10,3.01421)->(13,10,4.33205)->(12,10,5.01421)->(11,10,5.58205)->(10,10,6.11795)->(9,10,6.68579)->(8,10,7.36795)->(7,10,8.68579)->(6,10,13.5917)->(6,11,5008.13)->
Agent 59:(7,1,1.8)->(6,1,3.01421)->(5,1,4.33205)->(4,1,5.0641)->(3,1,5.79615)->(2,1,7.11399)->(1,1,9.3282)->(1,2,12.1282)->(1,3,5006.06)->
