Agent 0:(16,6,2.2)->(16,5,3.81421)->(16,4,5.13205)->(16,3,5.8641)->(16,2,6.59615)->(16,1,7.91399)->(16,0,10.8822)->(15,0,13.8503)->(14,0,15.1682)->(13,0,15.9002)->(12,0,16.6323)->(11,0,17.9501)->(10,0,27.1464)->(10,1,5017.05)->
Agent 1:(22,16,1.3)->(22,17,2.04949)->(22,18,4.04949)->(22,19,7.89898)->(22,18,11.7132)->(22,17,13.047)->(22,16,13.8755)->(22,15,15.2093)->(22,14,17.4235)->(23,14,19.6377)->(24,14,20.9556)->(25,14,21.6876)->(26,14,22.4197)->(27,14,23.7375)->(28,14,5011.58)->
Agent 2:(13,1,1.8)->(14,1,3.01421)->(15,1,4.33205)->(16,1,5.02382)->(17,1,5.65949)->(18,1,6.35126)->(19,1,7.6691)->(20,1,9.88331)->(20,2,12.1328)->(20,3,14.1328)->(20,4,17.7576)->(21,4,22.7329)->(21,5,5011.77)->
Agent 3:(28,7,2.3)->(29,7,4.6)->(30,7,12.5321)->(30,8,19.8783)->(30,9,21.1962)->(30,10,21.8783)->(30,11,22.4462)->(30,12,22.9641)->(30,13,23.4821)->(30,14,24.0499)->(30,15,24.7321)->(30,16,26.0499)->(30,17,5012.73)->
Agent 4:(7,3,4.58205)->(7,4,8.57832)->(7,5,9.89615)->(7,6,10.5783)->(7,7,11.1462)->(7,8,11.6641)->(7,9,12.1641)->(7,10,12.6641)->(7,11,13.1641)->(7,12,13.6821)->(7,13,14.2499)->(7,14,14.9321)->(7,15,16.2499)->(7,16,18.85)->(8,16,21.4501)->(9,16,22.7679)->(10,16,23.4501)->(11,16,24.0179)->(12,16,24.5538)->(13,16,25.1217)->(14,16,25.8038)->(15,16,27.1217)->(16,16,5013.27)->
Agent 5:(20,15,1.8)->(21,15,3.01421)->(22,15,4.34806)->(23,15,5.17649)->(24,15,6.51034)->(25,15,8.72456)->(25,14,10.9388)->(25,13,12.2566)->(25,12,12.9388)->(25,11,13.5066)->(25,10,14.0246)->(25,9,14.5246)->(25,8,15.0425)->(25,7,15.6103)->(25,6,16.2925)->(25,5,17.6103)->(25,4,20.2388)->(26,4,5010.31)->
Agent 6:(10,17,5.2359)->(11,17,9.88601)->(12,17,11.2038)->(13,17,11.886)->(14,17,12.4538)->(15,17,12.9718)->(16,17,13.4897)->(17,17,14.0576)->(18,17,14.7397)->(19,17,16.0576)->(20,17,18.686)->(20,16,23.5023)->(21,16,5012.55)->
Agent 7:(12,24,1.3)->(12,25,2.01421)->(12,26,3.33205)->(12,27,4.02382)->(12,28,4.65949)->(12,29,5.35126)->(12,30,6.6691)->(12,31,10.1417)->(13,31,13.6142)->(14,31,14.9321)->(15,31,15.6142)->(16,31,16.1821)->(17,31,16.7)->(18,31,17.2)->(19,31,17.7)->(20,31,18.2)->(21,31,18.7)->(22,31,19.2)->(23,31,19.7)->(24,31,20.2179)->(25,31,20.7858)->(26,31,21.4679)->(27,31,22.7858)->(28,31,5011.1)->
Agent 8:(31,23,1.3)->(31,24,2.01421)->(31,25,3.33205)->(31,26,4.02382)->(31,27,4.65949)->(31,28,5.35126)->(31,29,6.6691)->(31,30,8.88331)->(30,30,11.0975)->(29,30,12.4154)->(28,30,13.1474)->(27,30,13.8795)->(26,30,15.1973)->(25,30,5007.31)->
Agent 9:(23,3,1.8)->(22,3,3.01421)->(21,3,4.33205)->(20,3,5.01421)->(19,3,5.6)->(18,3,6.18579)->(17,3,6.86795)->(16,3,8.18579)->(15,3,15.0679)->(15,4,21.9501)->(15,5,23.2679)->(15,6,23.9501)->(15,7,24.5179)->(15,8,25.0359)->(15,9,25.5359)->(15,10,26.0359)->(15,11,26.5359)->(15,12,27.0359)->(15,13,27.5359)->(15,14,28.0359)->(15,15,28.5359)->(15,16,29.0538)->(15,17,29.6217)->(15,18,30.3038)->(15,19,31.6217)->(15,20,5015.52)->
Agent 10:(17,2,1.3)->(17,3,2.01421)->(17,4,3.42843)->(17,5,4.84264)->(17,6,7.05685)->(16,6,9.27107)->(15,6,10.5889)->(14,6,11.2711)->(13,6,11.8389)->(12,6,12.3569)->(11,6,12.8748)->(10,6,13.4426)->(9,6,14.1248)->(8,6,15.4426)->(7,6,21.3606)->(8,6,5012.52)->
Agent 11:(29,20,2.2)->(29,19,3.81421)->(29,18,5.22843)->(29,17,6.64264)->(29,16,8.85685)->(30,16,11.6569)->(31,16,5005.83)->
Agent 12:(14,18,1.3)->(14,19,2.01421)->(14,20,3.33205)->(14,21,4.01421)->(14,22,4.58205)->(14,23,5.11795)->(14,24,5.68579)->(14,25,6.36795)->(14,26,7.68579)->(14,27,10.3142)->(13,27,5005.35)->
Agent 13:(10,19,6.55374)->(10,18,12.5217)->(10,17,13.8395)->(10,16,14.5217)->(10,15,15.1075)->(10,14,15.6933)->(10,13,16.3754)->(10,12,17.6933)->(10,11,19.9075)->(9,11,22.7075)->(8,11,5011.35)->
Agent 14:(23,16,2.46795)->(22,16,4.35011)->(21,16,5.66795)->(20,16,6.35011)->(19,16,6.91795)->(18,16,7.4359)->(17,16,7.9359)->(16,16,8.4359)->(15,16,8.9359)->(14,16,9.4359)->(13,16,9.95385)->(12,16,10.5217)->(11,16,11.2038)->(10,16,12.5217)->(9,16,14.7359)->(9,17,16.9854)->(9,18,18.9854)->(9,19,5009.22)->
Agent 15:(5,3,2.61421)->(5,2,5.61421)->(6,2,8.24264)->(7,2,9.56048)->(8,2,10.2426)->(9,2,10.8105)->(10,2,11.3284)->(11,2,11.8284)->(12,2,12.3284)->(13,2,12.8464)->(14,2,13.4142)->(15,2,14.0964)->(16,2,15.4142)->(17,2,18.0426)->(17,3,21.6426)->(18,3,24.2711)->(19,3,25.6049)->(20,3,26.4333)->(21,3,27.7672)->(22,3,5013.59)->
Agent 16:(7,23,1.3)->(7,24,2.01421)->(7,25,3.34806)->(7,26,4.17649)->(7,27,5.51034)->(7,28,9.27638)->(8,28,13.0424)->(9,28,14.3603)->(10,28,15.0424)->(11,28,15.6103)->(12,28,16.1282)->(13,28,16.6282)->(14,28,17.1462)->(15,28,17.714)->(16,28,18.3962)->(17,28,19.714)->(18,28,5009.56)->
Agent 17:(22,29,1.8)->(21,29,3.01421)->(20,29,4.33205)->(19,29,5.01421)->(18,29,5.58205)->(17,29,6.1)->(16,29,6.61795)->(15,29,7.18579)->(14,29,7.86795)->(13,29,9.18579)->(12,29,14.0283)->(12,28,5008.31)->
Agent 18:(27,7,1.3)->(27,8,2.01421)->(27,9,3.33205)->(27,10,4.01421)->(27,11,4.6)->(27,12,5.18579)->(27,13,5.86795)->(27,14,7.18579)->(27,15,10.6118)->(26,15,14.0377)->(25,15,15.3556)->(24,15,16.0377)->(23,15,16.6056)->(22,15,17.1415)->(21,15,17.7093)->(20,15,18.3915)->(19,15,19.7093)->(18,15,5009.56)->
Agent 19:(15,27,2.21795)->(15,26,3.85011)->(15,25,5.16795)->(15,24,5.85011)->(15,23,6.41795)->(15,22,6.9359)->(15,21,7.4359)->(15,20,7.9359)->(15,19,8.4359)->(15,18,8.9359)->(15,17,9.4359)->(15,16,9.9359)->(15,15,10.4359)->(15,14,10.9359)->(15,13,11.4359)->(15,12,11.9538)->(15,11,12.5217)->(15,10,13.2038)->(15,9,14.5217)->(15,8,16.7359)->(14,8,18.9501)->(13,8,20.3643)->(12,8,21.7785)->(11,8,24.407)->(11,7,5012.4)->
Agent 20:(12,0,2.21421)->(11,0,9.06795)->(11,1,15.9501)->(11,2,17.2679)->(11,3,17.9501)->(11,4,18.5179)->(11,5,19.0359)->(11,6,19.5359)->(11,7,20.0359)->(11,8,20.5359)->(11,9,21.0359)->(11,10,21.5359)->(11,11,22.0359)->(11,12,22.5538)->(11,13,23.1217)->(11,14,23.8038)->(11,15,25.1217)->(11,16,5012.27)->
Agent 21:(16,14,2.96228)->(16,13,5.33877)->(16,12,6.75298)->(16,11,8.1672)->(16,10,13.6464)->(15,10,19.1256)->(14,10,20.4594)->(13,10,21.2878)->(12,10,22.6217)->(11,10,5011.02)->
Agent 22:(22,6,2.21421)->(21,6,4.81421)->(21,7,7.44264)->(21,8,8.76048)->(21,9,9.49253)->(21,10,10.2246)->(21,11,11.5424)->(21,12,14.1708)->(22,12,20.2448)->(21,12,5011.55)->
Agent 23:(31,31,1.8)->(30,31,3.01421)->(29,31,4.33205)->(28,31,5.01421)->(27,31,5.58205)->(26,31,6.1)->(25,31,6.6)->(24,31,7.1)->(23,31,7.6)->(22,31,8.1)->(21,31,8.61795)->(20,31,9.18579)->(19,31,9.86795)->(18,31,11.1858)->(17,31,13.4)->(17,30,15.6142)->(17,29,16.9321)->(17,28,17.6641)->(17,27,18.3962)->(17,26,19.714)->(17,25,5009.56)->
Agent 24:(13,18,5.2359)->(13,17,9.88601)->(13,16,11.2038)->(13,15,11.886)->(13,14,12.4538)->(13,13,12.9718)->(13,12,13.4718)->(13,11,13.9718)->(13,10,14.4718)->(13,9,14.9718)->(13,8,15.4718)->(13,7,15.9718)->(13,6,16.4718)->(13,5,16.9718)->(13,4,17.4897)->(13,3,18.0576)->(13,2,18.7397)->(13,1,20.0576)->(13,0,22.2718)->(14,0,24.486)->(15,0,25.8038)->(16,0,26.4956)->(17,0,27.1313)->(18,0,27.8231)->(19,0,29.1409)->(20,0,5014.28)->
Agent 25:(27,29,6.58205)->(26,29,12.5783)->(25,29,13.8962)->(24,29,14.5783)->(23,29,15.1462)->(22,29,15.6641)->(21,29,16.1641)->(20,29,16.6641)->(19,29,17.1641)->(18,29,17.6641)->(17,29,18.1641)->(16,29,18.6641)->(15,29,19.1641)->(14,29,19.6641)->(13,29,20.1641)->(12,29,20.6641)->(11,29,21.1641)->(10,29,21.6641)->(9,29,22.1821)->(8,29,22.7499)->(7,29,23.4321)->(6,29,24.7499)->(5,29,26.9641)->(5,28,29.1783)->(5,27,30.4962)->(5,26,31.1783)->(5,25,31.7462)->(5,24,32.2641)->(5,23,32.7641)->(5,22,33.2641)->(5,21,33.7641)->(5,20,34.2641)->(5,19,34.7641)->(5,18,35.2641)->(5,17,35.7641)->(5,16,36.2641)->(5,15,36.7641)->(5,14,37.2641)->(5,13,37.7641)->(5,12,38.2641)->(5,11,38.7641)->(5,10,39.2641)->(5,9,39.7641)->(5,8,40.2641)->(5,7,40.7641)->(5,6,41.2821)->(5,5,41.8499)->(5,4,42.5321)->(5,3,43.8499)->(5,2,5021.63)->
Agent 26:(9,3,4.58205)->(8,3,8.57832)->(7,3,9.89615)->(6,3,10.6282)->(5,3,11.3603)->(4,3,12.6781)->(3,3,15.4604)->(3,4,18.2426)->(3,5,19.5605)->(3,6,20.2426)->(3,7,20.8105)->(3,8,21.3284)->(3,9,21.8284)->(3,10,22.3284)->(3,11,22.8464)->(3,12,23.4142)->(3,13,24.0964)->(3,14,25.4142)->(3,15,5012.41)->
Agent 27:(8,13,1.3)->(8,14,2.01421)->(8,15,3.33205)->(8,16,4.02382)->(8,17,4.65949)->(8,18,5.35126)->(8,19,6.6691)->(8,20,11.8096)->(8,19,16.9501)->(8,18,18.2679)->(8,17,18.9501)->(8,16,19.5179)->(8,15,20.0359)->(8,14,20.5359)->(8,13,21.0359)->(8,12,21.5359)->(8,11,22.0359)->(8,10,22.5359)->(8,9,23.0359)->(8,8,23.5359)->(8,7,24.0359)->(8,6,24.5359)->(8,5,25.0538)->(8,4,25.6217)->(8,3,26.3038)->(8,2,27.6217)->(8,1,29.8359)->(9,1,32.0501)->(10,1,33.3679)->(11,1,34.0501)->(12,1,34.6359)->(13,1,35.2217)->(14,1,35.9038)->(15,1,37.2217)->(16,1,5018.32)->
Agent 28:(2,21,2.2)->(2,20,3.81421)->(2,19,5.13205)->(2,18,5.81421)->(2,17,6.38205)->(2,16,6.9)->(2,15,7.4)->(2,14,7.9)->(2,13,8.4)->(2,12,8.9)->(2,11,9.4)->(2,10,9.9)->(2,9,10.4179)->(2,8,10.9858)->(2,7,11.6679)->(2,6,12.9858)->(2,5,15.2)->(3,5,17.4142)->(4,5,18.7481)->(5,5,19.5765)->(6,5,20.9103)->(7,5,31.3801)->(6,5,42.4357)->(5,5,5021.22)->
Agent 29:(18,22,2.71795)->(18,21,4.85011)->(18,20,6.16795)->(18,19,6.85011)->(18,18,7.41795)->(18,17,7.9359)->(18,16,8.4359)->(18,15,8.9359)->(18,14,9.4359)->(18,13,9.9359)->(18,12,10.4359)->(18,11,10.9359)->(18,10,11.4359)->(18,9,11.9359)->(18,8,12.4359)->(18,7,12.9359)->(18,6,13.4359)->(18,5,13.9538)->(18,4,14.5217)->(18,3,15.2038)->(18,2,16.5217)->(18,1,18.7359)->(17,1,20.9501)->(16,1,22.2679)->(15,1,22.9501)->(14,1,23.5179)->(13,1,24.0359)->(12,1,24.5359)->(11,1,25.0359)->(10,1,25.5359)->(9,1,26.0359)->(8,1,26.5359)->(7,1,27.0359)->(6,1,27.5538)->(5,1,28.1217)->(4,1,28.8038)->(3,1,30.1217)->(2,1,5014.77)->
Agent 30:(10,13,3.46795)->(11,13,6.35011)->(12,13,7.66795)->(13,13,8.35011)->(14,13,8.91795)->(15,13,9.4359)->(16,13,9.9359)->(17,13,10.4359)->(18,13,10.9359)->(19,13,11.4359)->(20,13,11.9359)->(21,13,12.4359)->(22,13,12.9359)->(23,13,13.4359)->(24,13,13.9359)->(25,13,14.4359)->(26,13,14.9538)->(27,13,15.5217)->(28,13,16.2038)->(29,13,17.5217)->(30,13,19.7359)->(30,14,21.9501)->(30,15,23.2679)->(30,16,23.9501)->(30,17,24.5179)->(30,18,25.0359)->(30,19,25.5359)->(30,20,26.0359)->(30,21,26.5359)->(30,22,27.0538)->(30,23,27.6217)->(30,24,28.3038)->(30,25,29.6217)->(30,26,5014.52)->
Agent 31:(30,4,1.3)->(30,5,2.01421)->(30,6,3.33205)->(30,7,4.01421)->(30,8,4.58205)->(30,9,5.1)->(30,10,5.6)->(30,11,6.1)->(30,12,6.6)->(30,13,7.1)->(30,14,7.6)->(30,15,8.1)->(30,16,8.61795)->(30,17,9.18579)->(30,18,9.86795)->(30,19,11.1858)->(30,20,15.2642)->(29,20,19.3426)->(28,20,20.6605)->(27,20,21.3426)->(26,20,21.9105)->(25,20,22.4284)->(24,20,22.9284)->(23,20,23.4284)->(22,20,23.9284)->(21,20,24.4284)->(20,20,24.9284)->(19,20,25.4284)->(18,20,25.9284)->(17,20,26.4284)->(16,20,26.9284)->(15,20,27.4284)->(14,20,27.9284)->(13,20,28.4284)->(12,20,28.9284)->(11,20,29.4464)->(10,20,30.0142)->(9,20,30.6964)->(8,20,32.0142)->(7,20,34.6426)->(7,21,5017.51)->
Agent 32:(14,11,1.3)->(14,12,2.01421)->(14,13,3.33205)->(14,14,4.01421)->(14,15,4.58205)->(14,16,5.1)->(14,17,5.6)->(14,18,6.1)->(14,19,6.61795)->(14,20,7.18579)->(14,21,7.86795)->(14,22,9.18579)->(14,23,11.8142)->(13,23,21.3963)->(13,22,30.0067)->(13,21,31.3246)->(13,20,32.0067)->(13,19,32.5746)->(13,18,33.0925)->(13,17,33.5925)->(13,16,34.0925)->(13,15,34.5925)->(13,14,35.0925)->(13,13,35.5925)->(13,12,36.0925)->(13,11,36.5925)->(13,10,37.0925)->(13,9,37.5925)->(13,8,38.0925)->(13,7,38.5925)->(13,6,39.1105)->(13,5,39.6783)->(13,4,40.3605)->(13,3,41.6783)->(13,2,5020.55)->
Agent 33:(8,4,1.71795)->(8,5,2.85011)->(8,6,4.16795)->(8,7,4.9)->(8,8,5.63205)->(8,9,6.94989)->(8,10,10.7641)->(7,10,14.5783)->(6,10,15.8962)->(5,10,16.5783)->(4,10,17.1641)->(3,10,17.7499)->(2,10,18.4321)->(1,10,19.7499)->(0,10,5009.58)->
Agent 34:(19,12,1.8)->(18,12,3.01421)->(17,12,4.34806)->(16,12,5.17649)->(15,12,6.51034)->(14,12,8.72456)->(14,11,10.9388)->(14,10,12.2566)->(14,9,12.9388)->(14,8,13.5066)->(14,7,14.0425)->(14,6,14.6103)->(14,5,15.2925)->(14,4,16.6103)->(14,3,19.2388)->(13,3,29.077)->(13,2,37.9789)->(13,1,39.9789)->(13,0,5019.71)->
Agent 35:(6,11,1.71421)->(6,12,4.76421)->(6,11,9.31421)->(5,11,12.5284)->(4,11,5006.26)->
Agent 36:(20,6,1.3)->(20,7,2.01421)->(20,8,3.33205)->(20,9,4.01421)->(20,10,4.58205)->(20,11,5.1)->(20,12,5.6)->(20,13,6.1)->(20,14,6.61795)->(20,15,7.18579)->(20,16,7.86795)->(20,17,9.18579)->(20,18,16.438)->(21,18,23.6903)->(22,18,25.0081)->(23,18,25.6903)->(24,18,26.2581)->(25,18,26.776)->(26,18,27.294)->(27,18,27.8618)->(28,18,28.544)->(29,18,29.8618)->(30,18,5014.64)->
Agent 37:(14,8,1.3)->(14,9,2.01421)->(14,10,3.33205)->(14,11,4.01421)->(14,12,4.58205)->(14,13,5.1)->(14,14,5.6)->(14,15,6.1)->(14,16,6.6)->(14,17,7.11795)->(14,18,7.68579)->(14,19,8.36795)->(14,20,9.68579)->(14,21,19.4321)->(13,21,29.1783)->(12,21,30.4962)->(11,21,31.1783)->(10,21,31.7462)->(9,21,32.2821)->(8,21,32.8499)->(7,21,33.5321)->(6,21,34.8499)->(5,21,5017.13)->
Agent 38:(22,1,2.21421)->(21,1,9.35223)->(21,2,16.5187)->(21,3,17.8365)->(21,4,18.5187)->(21,5,19.0865)->(21,6,19.6045)->(21,7,20.1045)->(21,8,20.6045)->(21,9,21.1045)->(21,10,21.6045)->(21,11,22.1045)->(21,12,22.6045)->(21,13,23.1045)->(21,14,23.6045)->(21,15,24.1045)->(21,16,24.6045)->(21,17,25.1045)->(21,18,25.6045)->(21,19,26.1045)->(21,20,26.6045)->(21,21,27.1045)->(21,22,27.6045)->(21,23,28.1045)->(21,24,28.6045)->(21,25,29.1045)->(21,26,29.6045)->(21,27,30.1224)->(21,28,30.6903)->(21,29,31.3724)->(21,30,32.6903)->(21,31,5016.05)->
Agent 39:(2,28,1.3)->(2,29,2.6)->(2,30,5.4)->(3,30,7.61421)->(4,30,8.93205)->(5,30,9.6641)->(6,30,10.3962)->(7,30,11.714)->(8,30,5005.56)->
Agent 40:(13,25,1.3)->(13,26,2.6)->(13,27,5.4)->(12,27,7.64949)->(11,27,9.64949)->(10,27,5004.55)->
Agent 41:(4,19,6.45586)->(5,19,12.3259)->(6,19,13.6438)->(7,19,14.3259)->(8,19,14.8938)->(9,19,15.4117)->(10,19,15.9117)->(11,19,16.4117)->(12,19,16.9117)->(13,19,17.4117)->(14,19,17.9117)->(15,19,18.4297)->(16,19,18.9975)->(17,19,19.6797)->(18,19,20.9975)->(19,19,23.2117)->(19,18,25.4259)->(19,17,26.8401)->(19,16,28.2544)->(19,15,5013.83)->
Agent 42:(24,24,2.2)->(24,23,3.81421)->(24,22,5.13205)->(24,21,5.81421)->(24,20,6.38205)->(24,19,6.9)->(24,18,7.4)->(24,17,7.9)->(24,16,8.4)->(24,15,8.9)->(24,14,9.4)->(24,13,9.9)->(24,12,10.4)->(24,11,10.9)->(24,10,11.4)->(24,9,11.9)->(24,8,12.4)->(24,7,12.9)->(24,6,13.4179)->(24,5,13.9858)->(24,4,14.6679)->(24,3,15.9858)->(24,2,18.3822)->(23,2,20.7785)->(22,2,22.0964)->(21,2,22.7785)->(20,2,23.3464)->(19,2,23.8643)->(18,2,24.3643)->(17,2,24.8643)->(16,2,25.3643)->(15,2,25.8643)->(14,2,26.3643)->(13,2,26.8643)->(12,2,27.3643)->(11,2,27.8823)->(10,2,28.4501)->(9,2,29.1323)->(8,2,30.4501)->(7,2,5014.93)->
Agent 43:(9,6,1.71421)->(9,7,11.3538)->(10,7,21.5219)->(11,7,22.8397)->(12,7,23.5718)->(13,7,24.3038)->(14,7,25.6217)->(15,7,5012.52)->
Agent 44:(2,11,1.8)->(3,11,3.01421)->(4,11,4.33205)->(5,11,5.01421)->(6,11,5.58205)->(7,11,6.1)->(8,11,6.61795)->(9,11,7.18579)->(10,11,7.86795)->(11,11,9.18579)->(12,11,11.4)->(12,12,13.6142)->(12,13,14.9321)->(12,14,15.6142)->(12,15,16.1821)->(12,16,16.7)->(12,17,17.2)->(12,18,17.7)->(12,19,18.2)->(12,20,18.7)->(12,21,19.2)->(12,22,19.7179)->(12,23,20.2858)->(12,24,20.9679)->(12,25,22.2858)->(12,26,5010.85)->
Agent 45:(1,9,1.3)->(1,10,2.01421)->(1,11,3.33205)->(1,12,4.01421)->(1,13,4.58205)->(1,14,5.1)->(1,15,5.6)->(1,16,6.1)->(1,17,6.6)->(1,18,7.1)->(1,19,7.61795)->(1,20,8.18579)->(1,21,8.86795)->(1,22,10.1858)->(1,23,12.4)->(2,23,14.6142)->(3,23,15.9321)->(4,23,16.6142)->(5,23,17.2)->(6,23,17.7858)->(7,23,18.4679)->(8,23,19.7858)->(9,23,5009.6)->
Agent 46:(13,12,1.3)->(13,13,2.04949)->(13,14,4.04949)->(13,15,7.21744)->(14,15,10.3854)->(15,15,12.3854)->(16,15,5005.92)->
Agent 47:(7,5,2.05)->(7,6,3.51421)->(7,7,4.83205)->(7,8,5.51421)->(7,9,6.08205)->(7,10,6.61795)->(7,11,7.18579)->(7,12,7.86795)->(7,13,9.18579)->(7,14,11.4)->(6,14,13.6142)->(5,14,14.9321)->(4,14,15.6238)->(3,14,16.2595)->(2,14,16.9513)->(1,14,18.2691)->(0,14,5008.84)->
Agent 48:(25,22,7.3907)->(25,21,14.1956)->(25,20,15.5135)->(25,19,16.1956)->(25,18,16.7635)->(25,17,17.2814)->(25,16,17.7814)->(25,15,18.2814)->(25,14,18.7814)->(25,13,19.2814)->(25,12,19.7814)->(25,11,20.2814)->(25,10,20.7814)->(25,9,21.2814)->(25,8,21.7814)->(25,7,22.2994)->(25,6,22.8672)->(25,5,23.5494)->(25,4,24.8672)->(25,3,27.4956)->(24,3,5013.94)->
Agent 49:(10,30,2.2)->(10,29,3.81421)->(10,28,5.13205)->(10,27,5.81421)->(10,26,6.38205)->(10,25,6.9)->(10,24,7.41795)->(10,23,7.98579)->(10,22,8.66795)->(10,21,9.98579)->(10,20,12.2)->(11,20,14.4142)->(12,20,15.7321)->(13,20,16.4142)->(14,20,17)->(15,20,17.5858)->(16,20,18.2679)->(17,20,19.5858)->(18,20,22.2142)->(18,21,5011.3)->
Agent 50:(21,19,2.61421)->(21,18,5.9)->(22,18,8.84949)->(23,18,10.8495)->(24,18,18.0196)->(24,19,5011.46)->
Agent 51:(23,27,2.2)->(23,26,3.81421)->(23,25,5.13205)->(23,24,5.81421)->(23,23,6.38205)->(23,22,6.9)->(23,21,7.4)->(23,20,7.9)->(23,19,8.4)->(23,18,8.9)->(23,17,9.4)->(23,16,9.9)->(23,15,10.4)->(23,14,10.9)->(23,13,11.4)->(23,12,11.9)->(23,11,12.4)->(23,10,12.9)->(23,9,13.4179)->(23,8,13.9858)->(23,7,14.6679)->(23,6,15.9858)->(23,5,18.2)->(22,5,20.4142)->(21,5,21.7321)->(20,5,22.4142)->(19,5,22.9821)->(18,5,23.5)->(17,5,24)->(16,5,24.5)->(15,5,25.0179)->(14,5,25.5858)->(13,5,26.2679)->(12,5,27.5858)->(11,5,30.2142)->(11,6,5015.3)->
Agent 52:(6,9,2.03579)->(7,9,3.48579)->(8,9,4.80362)->(9,9,5.48579)->(10,9,6.05362)->(11,9,6.57157)->(12,9,7.07157)->(13,9,7.57157)->(14,9,8.07157)->(15,9,8.57157)->(16,9,9.07157)->(17,9,9.57157)->(18,9,10.0895)->(19,9,10.6574)->(20,9,11.3395)->(21,9,12.6574)->(22,9,16.2179)->(22,8,19.7785)->(22,7,21.0964)->(22,6,21.7785)->(22,5,22.3464)->(22,4,22.8823)->(22,3,23.4501)->(22,2,24.1323)->(22,1,25.4501)->(22,0,27.6643)->(23,0,30.4643)->(24,0,5015.23)->
Agent 53:(8,12,2.4142)->(8,13,4.24261)->(8,14,5.56045)->(8,15,6.25222)->(8,16,6.88789)->(8,17,7.57966)->(8,18,8.8975)->(8,19,11.1117)->(9,19,13.3259)->(10,19,14.6438)->(11,19,15.3259)->(12,19,15.8938)->(13,19,16.4117)->(14,19,16.9117)->(15,19,17.4117)->(16,19,17.9117)->(17,19,18.4117)->(18,19,18.9117)->(19,19,19.4117)->(20,19,19.9117)->(21,19,20.4117)->(22,19,20.9297)->(23,19,21.4975)->(24,19,22.1797)->(25,19,23.4975)->(26,19,5011.46)->
Agent 54:(19,19,2.2)->(19,18,3.81421)->(19,17,5.13205)->(19,16,5.81421)->(19,15,6.38205)->(19,14,6.9)->(19,13,7.4)->(19,12,7.9)->(19,11,8.4)->(19,10,8.91795)->(19,9,9.48579)->(19,8,10.1679)->(19,7,11.4858)->(19,6,13.7)->(18,6,15.9142)->(17,6,17.2321)->(16,6,17.9142)->(15,6,18.4821)->(14,6,19.0179)->(13,6,19.5858)->(12,6,20.2679)->(11,6,21.5858)->(10,6,5010.5)->
Agent 55:(26,7,1.3)->(26,8,2.01421)->(26,9,3.33205)->(26,10,4.01421)->(26,11,4.58205)->(26,12,5.11795)->(26,13,5.68579)->(26,14,6.36795)->(26,15,7.68579)->(26,16,10.3142)->(27,16,19.5738)->(27,17,28.4476)->(27,18,5014.22)->
Agent 56:(17,21,1.3)->(17,22,2.01421)->(17,23,3.34806)->(17,24,4.17649)->(17,25,5.51034)->(17,26,8.13877)->(16,26,5004.26)->
Agent 57:(4,16,4.04615)->(4,15,7.50652)->(4,14,8.82436)->(4,13,9.50652)->(4,12,10.0744)->(4,11,10.5923)->(4,10,11.0923)->(4,9,11.5923)->(4,8,12.0923)->(4,7,12.5923)->(4,6,13.0923)->(4,5,13.5923)->(4,4,14.1103)->(4,3,14.6781)->(4,2,15.3603)->(4,1,16.6781)->(4,0,19.3065)->(3,0,27.0283)->(3,1,5015.77)->
Agent 58:(22,13,2.2)->(22,12,3.81421)->(22,11,5.13205)->(22,10,5.82382)->(22,9,6.45949)->(22,8,7.15126)->(22,7,8.4691)->(22,6,11.7774)->(21,6,15.0858)->(20,6,16.5)->(19,6,17.9142)->(18,6,5008.66)->
Agent 59:(18,26,2.46795)->(18,25,4.35011)->(18,24,5.66795)->(18,23,6.35011)->(18,22,6.91795)->(18,21,7.4359)->(18,20,7.9359)->(18,19,8.4359)->(18,18,8.9359)->(18,17,9.45385)->(18,16,10.0217)->(18,15,10.7038)->(18,14,12.0217)->(18,13,14.5464)->(17,13,17.0711)->(16,13,18.3889)->(15,13,19.0711)->(14,13,19.6389)->(13,13,20.1569)->(12,13,20.6569)->(11,13,21.1569)->(10,13,21.6569)->(9,13,22.1569)->(8,13,22.6569)->(7,13,23.1569)->(6,13,23.6748)->(5,13,24.2426)->(4,13,24.9248)->(3,13,26.2426)->(2,13,5012.83)->
