Agent 0:(5,14,1.3)->(5,15,2.01421)->(5,16,3.33205)->(5,17,4.0641)->(5,18,4.79615)->(5,19,6.11399)->(5,20,8.61773)->(6,20,11.1215)->(7,20,12.5357)->(8,20,13.9499)->(9,20,16.1641)->(9,19,18.9641)->(9,18,24.4928)->(10,18,29.4356)->(11,18,30.7535)->(12,18,31.4356)->(13,18,32.0035)->(14,18,32.5214)->(15,18,33.0214)->(16,18,33.5214)->(17,18,34.0214)->(18,18,34.5214)->(19,18,35.0214)->(20,18,35.5214)->(21,18,36.0214)->(22,18,36.5394)->(23,18,37.1072)->(24,18,37.7894)->(25,18,39.1072)->(26,18,41.3214)->(26,17,44.1214)->(26,16,5022.06)->
Agent 1:(26,6,2.21421)->(27,6,4.81421)->(27,7,7.44264)->(27,8,8.76048)->(27,9,9.49253)->(27,10,10.2246)->(27,11,11.5424)->(27,12,17.3283)->(28,12,23.7)->(29,12,28.1284)->(29,13,5014.86)->
Agent 2:(0,21,1.93205)->(0,22,3.27832)->(0,23,4.59615)->(0,24,5.27832)->(0,25,5.8641)->(0,26,6.44989)->(0,27,7.13205)->(0,28,8.44989)->(0,29,10.6783)->(1,29,12.9067)->(2,29,14.2246)->(3,29,14.9067)->(4,29,15.4746)->(5,29,16.0105)->(6,29,16.5783)->(7,29,17.2605)->(8,29,18.5783)->(9,29,23.1567)->(9,30,5012.75)->
Agent 3:(27,26,2.44264)->(27,25,4.29949)->(27,24,5.61733)->(27,23,6.29949)->(27,22,6.86733)->(27,21,7.38528)->(27,20,7.88528)->(27,19,8.38528)->(27,18,8.90323)->(27,17,9.47107)->(27,16,10.1532)->(27,15,11.4711)->(27,14,18.5069)->(28,14,26.1284)->(29,14,5013.06)->
Agent 4:(9,18,2.61421)->(9,17,8.02263)->(8,17,13.0595)->(7,17,14.3933)->(6,17,15.2218)->(5,17,16.5556)->(4,17,19.184)->(4,18,5009.78)->
Agent 5:(28,31,2.2)->(28,30,3.81421)->(28,29,5.13205)->(28,28,5.81421)->(28,27,6.38205)->(28,26,6.9)->(28,25,7.4)->(28,24,7.9)->(28,23,8.4)->(28,22,8.9)->(28,21,9.4)->(28,20,9.9)->(28,19,10.4)->(28,18,10.9)->(28,17,11.4)->(28,16,11.9)->(28,15,12.4)->(28,14,12.9)->(28,13,13.4)->(28,12,13.9)->(28,11,14.4)->(28,10,14.9179)->(28,9,15.4858)->(28,8,16.1679)->(28,7,17.4858)->(28,6,19.7)->(27,6,21.9142)->(26,6,23.2321)->(25,6,23.9142)->(24,6,24.4821)->(23,6,25)->(22,6,25.5)->(21,6,26)->(20,6,26.5)->(19,6,27)->(18,6,27.5)->(17,6,28)->(16,6,28.5)->(15,6,29)->(14,6,29.5)->(13,6,30.0179)->(12,6,30.5858)->(11,6,31.2679)->(10,6,32.5858)->(9,6,35.2142)->(9,5,38.8142)->(8,5,41.4426)->(7,5,42.7605)->(6,5,43.4426)->(5,5,44.0105)->(4,5,44.5464)->(3,5,45.1142)->(2,5,45.7964)->(1,5,47.1142)->(0,5,49.7426)->(0,6,5025.06)->
Agent 6:(3,25,3.80961)->(3,24,7.03343)->(3,23,8.35126)->(3,22,9.03343)->(3,21,9.60126)->(3,20,10.1192)->(3,19,10.6192)->(3,18,11.1192)->(3,17,11.6192)->(3,16,12.1192)->(3,15,12.6192)->(3,14,13.1192)->(3,13,13.6192)->(3,12,14.1192)->(3,11,14.6192)->(3,10,15.1192)->(3,9,15.6192)->(3,8,16.1372)->(3,7,16.705)->(3,6,17.3872)->(3,5,18.705)->(3,4,20.9192)->(4,4,23.1334)->(5,4,24.4513)->(6,4,25.143)->(7,4,25.7787)->(8,4,26.4705)->(9,4,27.7883)->(10,4,5013.6)->
Agent 7:(0,20,2.21421)->(1,20,5.22843)->(1,19,9.24264)->(2,19,11.8711)->(3,19,13.1889)->(4,19,13.921)->(5,19,14.653)->(6,19,15.9708)->(7,19,20.0605)->(7,18,24.1854)->(7,17,26.1854)->(7,16,5012.82)->
Agent 8:(31,4,1.3)->(31,5,2.04949)->(31,6,4.04949)->(31,7,6.89536)->(30,7,9.70595)->(29,7,11.0238)->(28,7,11.7059)->(27,7,12.2738)->(26,7,12.7917)->(25,7,13.2917)->(24,7,13.7917)->(23,7,14.2917)->(22,7,14.7917)->(21,7,15.2917)->(20,7,15.8097)->(19,7,16.3775)->(18,7,17.0597)->(17,7,18.3775)->(16,7,20.5917)->(16,8,22.8059)->(16,9,24.1238)->(16,10,24.8059)->(16,11,25.3738)->(16,12,25.8917)->(16,13,26.3917)->(16,14,26.8917)->(16,15,27.3917)->(16,16,27.8917)->(16,17,28.3917)->(16,18,28.8917)->(16,19,29.3917)->(16,20,29.8917)->(16,21,30.3917)->(16,22,30.8917)->(16,23,31.3917)->(16,24,31.8917)->(16,25,32.3917)->(16,26,32.8917)->(16,27,33.4097)->(16,28,33.9775)->(16,29,34.6597)->(16,30,35.9775)->(16,31,38.1917)->(15,31,40.4059)->(14,31,41.7238)->(13,31,42.4059)->(12,31,42.9738)->(11,31,43.4917)->(10,31,43.9917)->(9,31,44.4917)->(8,31,44.9917)->(7,31,45.4917)->(6,31,45.9917)->(5,31,46.4917)->(4,31,47.0097)->(3,31,47.5775)->(2,31,48.2597)->(1,31,49.5775)->(0,31,52.2059)->(0,30,5026.3)->
Agent 9:(24,12,1.8)->(25,12,3.6)->(26,12,9.65472)->(26,11,15.1237)->(26,10,16.4415)->(26,9,17.1333)->(26,8,17.7689)->(26,7,18.4607)->(26,6,19.7785)->(26,5,24.8643)->(26,6,30.5359)->(26,7,5015.27)->
Agent 10:(10,25,1.3)->(10,26,2.04949)->(10,27,4.04949)->(10,28,6.29898)->(11,28,8.51319)->(12,28,9.92741)->(13,28,11.3416)->(14,28,5005.38)->
Agent 11:(8,13,1.71421)->(8,14,4.5)->(9,14,7.81421)->(10,14,9.13205)->(11,14,9.81421)->(12,14,10.3821)->(13,14,10.9)->(14,14,11.4179)->(15,14,11.9858)->(16,14,12.6679)->(17,14,13.9858)->(18,14,18.9642)->(18,15,23.9426)->(18,16,25.2605)->(18,17,25.9522)->(18,18,26.5879)->(18,19,27.2797)->(18,20,28.5975)->(18,21,30.8117)->(19,21,33.026)->(20,21,34.3598)->(21,21,35.1882)->(22,21,36.5221)->(23,21,5017.97)->
Agent 12:(16,13,2.61421)->(16,12,9.55834)->(17,12,16.1309)->(18,12,17.4487)->(19,12,18.1405)->(20,12,18.7762)->(21,12,19.4679)->(22,12,20.7858)->(23,12,24.2822)->(23,13,5012.77)->
Agent 13:(15,0,1.8)->(14,0,3.01421)->(13,0,4.33205)->(12,0,5.01421)->(11,0,5.58205)->(10,0,6.1)->(9,0,6.6)->(8,0,7.1)->(7,0,7.61795)->(6,0,8.18579)->(5,0,8.86795)->(4,0,10.1858)->(3,0,15.9276)->(3,1,21.6693)->(3,2,22.9872)->(3,3,23.6693)->(3,4,24.2372)->(3,5,24.7551)->(3,6,25.2551)->(3,7,25.7551)->(3,8,26.2551)->(3,9,26.7551)->(3,10,27.2551)->(3,11,27.7731)->(3,12,28.3409)->(3,13,29.0231)->(3,14,30.3409)->(3,15,5014.88)->
Agent 14:(30,30,2.21421)->(31,30,7.5907)->(31,29,12.9956)->(31,28,14.3135)->(31,27,14.9956)->(31,26,15.5635)->(31,25,16.0814)->(31,24,16.5814)->(31,23,17.0814)->(31,22,17.5814)->(31,21,18.0814)->(31,20,18.5814)->(31,19,19.0814)->(31,18,19.5814)->(31,17,20.0814)->(31,16,20.5814)->(31,15,21.0814)->(31,14,21.5814)->(31,13,22.0994)->(31,12,22.6672)->(31,11,23.3494)->(31,10,24.6672)->(31,9,27.2956)->(30,9,5013.84)->
Agent 15:(0,23,1.93205)->(1,23,3.27832)->(2,23,4.59615)->(3,23,5.27832)->(4,23,5.8641)->(5,23,6.44989)->(6,23,7.13205)->(7,23,8.44989)->(8,23,10.6641)->(8,22,13.4641)->(8,21,16.2641)->(9,21,18.4783)->(10,21,19.7962)->(11,21,20.4783)->(12,21,21.0462)->(13,21,21.5821)->(14,21,22.1499)->(15,21,22.8321)->(16,21,24.1499)->(17,21,26.3641)->(17,20,28.5783)->(17,19,29.8962)->(17,18,30.6282)->(17,17,31.3603)->(17,16,32.6781)->(17,15,34.8923)->(18,15,37.1065)->(19,15,38.4244)->(20,15,39.1564)->(21,15,39.8885)->(22,15,41.2063)->(23,15,5020.31)->
Agent 16:(4,3,1.3)->(4,4,2.01421)->(4,5,3.33205)->(4,6,4.0641)->(4,7,4.79615)->(4,8,6.11399)->(4,9,8.56461)->(5,9,11.0505)->(6,9,13.0505)->(7,9,5006.25)->
Agent 17:(27,20,1.8)->(26,20,3.01421)->(25,20,4.33205)->(24,20,5.01421)->(23,20,5.58205)->(22,20,6.1)->(21,20,6.6)->(20,20,7.1)->(19,20,7.6)->(18,20,8.1)->(17,20,8.61795)->(16,20,9.18579)->(15,20,9.86795)->(14,20,11.1858)->(13,20,13.8083)->(13,19,16.4309)->(13,18,17.7487)->(13,17,18.4405)->(13,16,19.0762)->(13,15,19.7679)->(13,14,21.0858)->(13,13,23.7142)->(12,13,27.4096)->(12,12,30.1334)->(12,11,31.4513)->(12,10,32.143)->(12,9,32.7787)->(12,8,33.4705)->(12,7,34.7883)->(12,6,5017.1)->
Agent 18:(29,22,3.69264)->(28,22,6.79949)->(27,22,8.21371)->(26,22,9.62792)->(25,22,12.5353)->(25,21,15.4426)->(25,20,16.7605)->(25,19,17.4426)->(25,18,18.0105)->(25,17,18.5284)->(25,16,19.0284)->(25,15,19.5284)->(25,14,20.0284)->(25,13,20.5284)->(25,12,21.0464)->(25,11,21.6142)->(25,10,22.2964)->(25,9,23.6142)->(25,8,25.8284)->(24,8,28.0426)->(23,8,29.3605)->(22,8,30.0426)->(21,8,30.6105)->(20,8,31.1284)->(19,8,31.6284)->(18,8,32.1284)->(17,8,32.6284)->(16,8,33.1284)->(15,8,33.6284)->(14,8,34.1284)->(13,8,34.6464)->(12,8,35.2142)->(11,8,35.8964)->(10,8,37.2142)->(9,8,39.4284)->(9,7,42.2284)->(9,6,5021.11)->
Agent 19:(10,19,2.2)->(10,18,3.81421)->(10,17,5.13205)->(10,16,5.81421)->(10,15,6.38205)->(10,14,6.9)->(10,13,7.4)->(10,12,7.9)->(10,11,8.4)->(10,10,8.91795)->(10,9,9.48579)->(10,8,10.1679)->(10,7,11.4858)->(10,6,14.0585)->(9,6,16.6665)->(8,6,18.6665)->(7,6,5009.06)->
Agent 20:(2,22,2.2)->(2,21,3.81421)->(2,20,5.13205)->(2,19,5.81421)->(2,18,6.38205)->(2,17,6.9)->(2,16,7.41795)->(2,15,7.98579)->(2,14,8.66795)->(2,13,9.98579)->(2,12,13.0096)->(3,12,16.0334)->(4,12,17.3513)->(5,12,18.0334)->(6,12,18.6013)->(7,12,19.1192)->(8,12,19.6192)->(9,12,20.1192)->(10,12,20.6192)->(11,12,21.1192)->(12,12,21.6192)->(13,12,22.1192)->(14,12,22.6192)->(15,12,23.1192)->(16,12,23.6192)->(17,12,24.1192)->(18,12,24.6372)->(19,12,25.205)->(20,12,25.8872)->(21,12,27.205)->(22,12,29.8334)->(22,11,33.4334)->(23,11,36.0971)->(24,11,38.0971)->(25,11,40.3466)->(25,12,43.1466)->(25,13,5021.57)->
Agent 21:(11,26,2.21421)->(12,26,4.81421)->(12,25,7.44264)->(12,24,8.77649)->(12,23,9.60492)->(12,22,10.9388)->(12,21,15.1133)->(13,21,19.2878)->(14,21,20.6056)->(15,21,21.2974)->(16,21,21.933)->(17,21,22.6248)->(18,21,23.9426)->(19,21,26.1569)->(19,20,28.3711)->(19,19,29.7853)->(19,18,31.1995)->(19,17,5015.31)->
Agent 22:(9,29,1.71421)->(9,30,4.23205)->(9,29,7.27832)->(9,28,8.59615)->(9,27,9.27832)->(9,26,9.84615)->(9,25,10.3641)->(9,24,10.8641)->(9,23,11.3641)->(9,22,11.8641)->(9,21,12.3641)->(9,20,12.8641)->(9,19,13.3641)->(9,18,13.8821)->(9,17,14.4499)->(9,16,15.1321)->(9,15,16.4499)->(9,14,18.6641)->(10,14,20.8783)->(11,14,22.1962)->(12,14,22.8783)->(13,14,23.4462)->(14,14,23.9641)->(15,14,24.4641)->(16,14,24.9641)->(17,14,25.4641)->(18,14,25.9641)->(19,14,26.4821)->(20,14,27.0499)->(21,14,27.7321)->(22,14,29.0499)->(23,14,5014.23)->
Agent 23:(13,2,1.83666)->(14,2,3.08753)->(15,2,4.40537)->(16,2,5.08753)->(17,2,5.65537)->(18,2,6.17332)->(19,2,6.67332)->(20,2,7.17332)->(21,2,7.67332)->(22,2,8.17332)->(23,2,8.69126)->(24,2,9.2591)->(25,2,9.94126)->(26,2,11.2591)->(27,2,5005.34)->
Agent 24:(17,3,1.71421)->(17,4,7.78666)->(18,4,14.3875)->(19,4,15.7054)->(20,4,16.3971)->(21,4,17.0328)->(22,4,17.7246)->(23,4,19.0424)->(24,4,5009.23)->
Agent 25:(9,5,1.8)->(10,5,3.01421)->(11,5,4.33205)->(12,5,5.01421)->(13,5,5.58205)->(14,5,6.1)->(15,5,6.61795)->(16,5,7.18579)->(17,5,7.86795)->(18,5,9.18579)->(19,5,13.0463)->(19,6,16.9067)->(19,7,18.2246)->(19,8,18.9067)->(19,9,19.4746)->(19,10,19.9925)->(19,11,20.4925)->(19,12,20.9925)->(19,13,21.5105)->(19,14,22.0783)->(19,15,22.7605)->(19,16,24.0783)->(19,17,26.2925)->(20,17,28.5067)->(21,17,29.8246)->(22,17,30.5067)->(23,17,31.0746)->(24,17,31.5925)->(25,17,32.1105)->(26,17,32.6783)->(27,17,33.3605)->(28,17,34.6783)->(29,17,5017.05)->
Agent 26:(14,26,2.2)->(14,25,3.81421)->(14,24,5.13205)->(14,23,5.81421)->(14,22,6.38205)->(14,21,6.9)->(14,20,7.4)->(14,19,7.9)->(14,18,8.4)->(14,17,8.9)->(14,16,9.4)->(14,15,9.9)->(14,14,10.4)->(14,13,10.9)->(14,12,11.4)->(14,11,11.9)->(14,10,12.4)->(14,9,12.9)->(14,8,13.4)->(14,7,13.9)->(14,6,14.4179)->(14,5,14.9858)->(14,4,15.6679)->(14,3,16.9858)->(14,2,19.2)->(15,2,21.4142)->(16,2,22.7321)->(17,2,23.4142)->(18,2,23.9821)->(19,2,24.5)->(20,2,25)->(21,2,25.5179)->(22,2,26.0858)->(23,2,26.7679)->(24,2,28.0858)->(25,2,30.7142)->(25,1,5015.55)->
Agent 27:(11,8,1.3)->(11,9,2.01421)->(11,10,3.34806)->(11,11,4.17649)->(11,12,5.51034)->(11,13,8.47649)->(12,13,11.4426)->(13,13,12.7605)->(14,13,13.4426)->(15,13,14.0105)->(16,13,14.5284)->(17,13,15.0284)->(18,13,15.5284)->(19,13,16.0284)->(20,13,16.5284)->(21,13,17.0284)->(22,13,17.5284)->(23,13,18.0284)->(24,13,18.5464)->(25,13,19.1142)->(26,13,19.7964)->(27,13,21.1142)->(28,13,27.5624)->(28,14,34.0106)->(28,15,35.3445)->(28,16,36.1729)->(28,17,37.5067)->(28,18,40.1352)->(29,18,5020.26)->
Agent 28:(26,8,1.8)->(25,8,3.04949)->(24,8,5.04949)->(23,8,8.2637)->(23,9,11.4426)->(23,10,12.7605)->(23,11,13.4426)->(23,12,14.0105)->(23,13,14.5284)->(23,14,15.0284)->(23,15,15.5284)->(23,16,16.0284)->(23,17,16.5284)->(23,18,17.0284)->(23,19,17.5284)->(23,20,18.0284)->(23,21,18.5464)->(23,22,19.1142)->(23,23,19.7964)->(23,24,21.1142)->(23,25,5010.26)->
Agent 29:(29,7,1.8)->(28,7,3.01421)->(27,7,4.34806)->(26,7,5.17649)->(25,7,6.51034)->(24,7,8.72456)->(24,6,10.9388)->(24,5,12.2566)->(24,4,12.9484)->(24,3,13.584)->(24,2,14.2758)->(24,1,15.5937)->(24,0,22.2539)->(24,1,29.5)->(24,2,5014.75)->
Agent 30:(18,17,1.8)->(19,17,3.04949)->(20,17,5.04949)->(21,17,8.83165)->(21,18,12.5785)->(21,19,13.8964)->(21,20,14.5785)->(21,21,15.1643)->(21,22,15.7501)->(21,23,16.4323)->(21,24,17.7501)->(21,25,5008.58)->
Agent 31:(14,13,2.21421)->(14,12,3.84264)->(14,11,5.16048)->(14,10,5.89253)->(14,9,6.62458)->(14,8,7.94242)->(14,7,10.1566)->(13,7,12.9566)->(12,7,17.9783)->(13,7,22.4142)->(14,7,23.7321)->(15,7,24.4142)->(16,7,24.9821)->(17,7,25.5)->(18,7,26)->(19,7,26.5)->(20,7,27)->(21,7,27.5)->(22,7,28)->(23,7,28.5)->(24,7,29)->(25,7,29.5)->(26,7,30.0179)->(27,7,30.5858)->(28,7,31.2679)->(29,7,32.5858)->(30,7,5016)->
Agent 32:(24,24,2.61784)->(23,24,4.64989)->(22,24,5.96773)->(21,24,6.64989)->(20,24,7.21773)->(19,24,7.73567)->(18,24,8.23567)->(17,24,8.73567)->(16,24,9.23567)->(15,24,9.73567)->(14,24,10.2536)->(13,24,10.8215)->(12,24,11.5036)->(11,24,12.8215)->(10,24,16.1394)->(10,23,19.4574)->(10,22,20.8716)->(10,21,22.2858)->(10,20,25.7642)->(11,20,5013.5)->
Agent 33:(23,7,2.2)->(23,6,3.84949)->(23,5,5.84949)->(23,4,8.09898)->(24,4,10.3132)->(25,4,11.7274)->(26,4,13.1416)->(27,4,5006.28)->
Agent 34:(20,23,3.71421)->(21,23,6.84264)->(22,23,8.16048)->(23,23,8.84264)->(24,23,9.41048)->(25,23,9.94638)->(26,23,10.5142)->(27,23,11.1964)->(28,23,12.5142)->(29,23,14.7284)->(29,22,16.9426)->(29,21,18.2605)->(29,20,18.9426)->(29,19,19.5105)->(29,18,20.0284)->(29,17,20.5284)->(29,16,21.0284)->(29,15,21.5284)->(29,14,22.0284)->(29,13,22.5464)->(29,12,23.1142)->(29,11,23.7964)->(29,10,25.1142)->(29,9,5012.26)->
Agent 35:(5,3,1.88579)->(5,4,3.18579)->(5,5,4.50362)->(5,6,5.18579)->(5,7,5.75362)->(5,8,6.27157)->(5,9,6.77157)->(5,10,7.27157)->(5,11,7.77157)->(5,12,8.27157)->(5,13,8.77157)->(5,14,9.27157)->(5,15,9.77157)->(5,16,10.2716)->(5,17,10.7716)->(5,18,11.2716)->(5,19,11.7895)->(5,20,12.3574)->(5,21,13.0395)->(5,22,14.3574)->(5,23,16.5716)->(6,23,18.7858)->(7,23,20.1036)->(8,23,20.7858)->(9,23,21.3536)->(10,23,21.8716)->(11,23,22.3895)->(12,23,22.9574)->(13,23,23.6395)->(14,23,24.9574)->(15,23,27.5858)->(15,24,5013.99)->
Agent 36:(14,9,2.47157)->(14,8,4.35736)->(14,7,5.77157)->(14,6,7.18579)->(14,5,9.4)->(13,5,11.6142)->(12,5,12.9321)->(11,5,13.6142)->(10,5,14.1821)->(9,5,14.7179)->(8,5,15.2858)->(7,5,15.9679)->(6,5,17.2858)->(5,5,23.0917)->(5,4,29.4833)->(5,3,37.0059)->(5,4,44.5284)->(5,5,5022.26)->
Agent 37:(18,14,2.12843)->(19,14,3.67107)->(20,14,4.98891)->(21,14,5.72096)->(22,14,6.45301)->(23,14,7.77084)->(24,14,9.98506)->(24,13,12.1993)->(24,12,13.5171)->(24,11,14.1993)->(24,10,14.7671)->(24,9,15.2851)->(24,8,15.7851)->(24,7,16.2851)->(24,6,16.7851)->(24,5,17.303)->(24,4,17.8708)->(24,3,18.553)->(24,2,19.8708)->(24,1,22.0851)->(23,1,24.2993)->(22,1,25.6171)->(21,1,26.3089)->(20,1,26.9446)->(19,1,27.6363)->(18,1,28.9542)->(17,1,33.9126)->(17,0,5018.31)->
Agent 38:(1,10,1.3)->(1,11,2.01421)->(1,12,3.33205)->(1,13,4.01421)->(1,14,4.6)->(1,15,5.18579)->(1,16,5.86795)->(1,17,7.18579)->(1,18,9.4)->(2,18,11.6142)->(3,18,12.9321)->(4,18,13.6142)->(5,18,14.1821)->(6,18,14.7179)->(7,18,15.2858)->(8,18,15.9679)->(9,18,17.2858)->(10,18,22.3607)->(10,19,30.0249)->(9,19,5016.01)->
Agent 39:(27,3,1.8)->(26,3,3.01421)->(25,3,4.33205)->(24,3,5.01421)->(23,3,5.58205)->(22,3,6.11795)->(21,3,6.68579)->(20,3,7.36795)->(19,3,8.68579)->(18,3,18.0607)->(18,4,27.4356)->(18,5,28.7535)->(18,6,29.4356)->(18,7,30.0035)->(18,8,30.5214)->(18,9,31.0214)->(18,10,31.5214)->(18,11,32.0214)->(18,12,32.5214)->(18,13,33.0214)->(18,14,33.5214)->(18,15,34.0214)->(18,16,34.5214)->(18,17,35.0214)->(18,18,35.5214)->(18,19,36.0214)->(18,20,36.5214)->(18,21,37.0214)->(18,22,37.5214)->(18,23,38.0214)->(18,24,38.5214)->(18,25,39.0394)->(18,26,39.6072)->(18,27,40.2894)->(18,28,41.6072)->(18,29,5020.51)->
Agent 40:(22,10,1.44626)->(22,11,2.30674)->(22,12,3.62458)->(22,13,4.30674)->(22,14,4.87458)->(22,15,5.39253)->(22,16,5.89253)->(22,17,6.39253)->(22,18,6.89253)->(22,19,7.39253)->(22,20,7.89253)->(22,21,8.39253)->(22,22,8.89253)->(22,23,9.39253)->(22,24,9.89253)->(22,25,10.3925)->(22,26,10.9105)->(22,27,11.4783)->(22,28,12.1605)->(22,29,13.4783)->(22,30,15.6925)->(21,30,17.9067)->(20,30,19.2246)->(19,30,19.9067)->(18,30,20.4746)->(17,30,20.9925)->(16,30,21.4925)->(15,30,21.9925)->(14,30,22.4925)->(13,30,22.9925)->(12,30,23.4925)->(11,30,23.9925)->(10,30,24.4925)->(9,30,24.9925)->(8,30,25.4925)->(7,30,25.9925)->(6,30,26.5105)->(5,30,27.0783)->(4,30,27.7605)->(3,30,29.0783)->(2,30,5014.25)->
Agent 41:(15,1,1.42244)->(15,2,2.2591)->(15,3,3.57694)->(15,4,4.2591)->(15,5,4.82694)->(15,6,5.34489)->(15,7,5.84489)->(15,8,6.34489)->(15,9,6.84489)->(15,10,7.34489)->(15,11,7.84489)->(15,12,8.34489)->(15,13,8.86284)->(15,14,9.43067)->(15,15,10.1128)->(15,16,11.4307)->(15,17,15.5224)->(14,17,19.6142)->(13,17,20.9321)->(12,17,21.6142)->(11,17,22.1821)->(10,17,22.7)->(9,17,23.2)->(8,17,23.7)->(7,17,24.2179)->(6,17,24.7858)->(5,17,25.4679)->(4,17,26.7858)->(3,17,31.2822)->(3,18,35.7785)->(3,19,37.0964)->(3,20,37.7785)->(3,21,38.3464)->(3,22,38.8643)->(3,23,39.3643)->(3,24,39.8823)->(3,25,40.4501)->(3,26,41.1323)->(3,27,42.4501)->(3,28,45.0785)->(4,28,5022.73)->
Agent 42:(18,30,2.61421)->(17,30,4.64264)->(16,30,5.97649)->(15,30,6.80492)->(14,30,8.13877)->(13,30,14.7124)->(13,29,21.286)->(13,28,22.6038)->(13,27,23.286)->(13,26,23.8538)->(13,25,24.3718)->(13,24,24.8718)->(13,23,25.3718)->(13,22,25.8718)->(13,21,26.3718)->(13,20,26.8718)->(13,19,27.3718)->(13,18,27.8718)->(13,17,28.3897)->(13,16,28.9576)->(13,15,29.6397)->(13,14,30.9576)->(13,13,5015.19)->
Agent 43:(31,8,8.00051)->(30,8,15.4505)->(29,8,17.4505)->(28,8,5008.45)->
Agent 44:(31,19,1.3)->(31,20,2.01421)->(31,21,3.33205)->(31,22,4.01421)->(31,23,4.6)->(31,24,5.18579)->(31,25,5.86795)->(31,26,7.18579)->(31,27,9.79626)->(30,27,12.4067)->(29,27,13.7246)->(28,27,14.4067)->(27,27,14.9746)->(26,27,15.4925)->(25,27,15.9925)->(24,27,16.4925)->(23,27,16.9925)->(22,27,17.4925)->(21,27,18.0105)->(20,27,18.5783)->(19,27,19.2605)->(18,27,20.5783)->(17,27,5010)->
Agent 45:(19,9,2.03579)->(19,10,3.48579)->(19,11,4.80362)->(19,12,5.48579)->(19,13,6.05362)->(19,14,6.57157)->(19,15,7.07157)->(19,16,7.57157)->(19,17,8.07157)->(19,18,8.57157)->(19,19,9.07157)->(19,20,9.57157)->(19,21,10.0716)->(19,22,10.5895)->(19,23,11.1574)->(19,24,11.8395)->(19,25,13.1574)->(19,26,15.3716)->(20,26,17.5858)->(21,26,18.9036)->(22,26,19.5858)->(23,26,20.1536)->(24,26,20.6716)->(25,26,21.1716)->(26,26,21.6895)->(27,26,22.2574)->(28,26,22.9395)->(29,26,24.2574)->(30,26,5011.84)->
Agent 46:(22,26,2.2359)->(23,26,3.88601)->(24,26,5.20385)->(25,26,5.9359)->(26,26,6.66795)->(27,26,7.98579)->(28,26,10.6142)->(28,25,18.75)->(28,26,5011.84)->
Agent 47:(0,4,4.95)->(1,4,9.31421)->(2,4,10.6321)->(3,4,11.3142)->(4,4,11.8821)->(5,4,12.4)->(6,4,12.9)->(7,4,13.4)->(8,4,13.9)->(9,4,14.4)->(10,4,14.9)->(11,4,15.4)->(12,4,15.9)->(13,4,16.4179)->(14,4,16.9858)->(15,4,17.6679)->(16,4,18.9858)->(17,4,21.7858)->(17,5,24.5858)->(17,6,25.9036)->(17,7,26.5954)->(17,8,27.2311)->(17,9,27.9228)->(17,10,29.2407)->(17,11,5014.33)->
Agent 48:(23,10,2.44626)->(22,10,4.30674)->(21,10,5.62458)->(20,10,6.30674)->(19,10,6.87458)->(18,10,7.39253)->(17,10,7.89253)->(16,10,8.41048)->(15,10,8.97832)->(14,10,9.66048)->(13,10,10.9783)->(12,10,16.7559)->(12,11,23.1192)->(12,12,25.9192)->(11,12,28.1334)->(10,12,29.5476)->(9,12,30.9619)->(8,12,5015.19)->
Agent 49:(23,11,1.3)->(23,12,2.01421)->(23,13,3.33205)->(23,14,4.01421)->(23,15,4.58205)->(23,16,5.1)->(23,17,5.6)->(23,18,6.11795)->(23,19,6.68579)->(23,20,7.36795)->(23,21,8.68579)->(23,22,12.2179)->(22,22,15.7501)->(21,22,17.0679)->(20,22,17.7501)->(19,22,18.3179)->(18,22,18.8359)->(17,22,19.3359)->(16,22,19.8359)->(15,22,20.3359)->(14,22,20.8359)->(13,22,21.3359)->(12,22,21.8359)->(11,22,22.3359)->(10,22,22.8359)->(9,22,23.3359)->(8,22,23.8359)->(7,22,24.3359)->(6,22,24.8538)->(5,22,25.4217)->(4,22,26.1038)->(3,22,27.4217)->(2,22,30.0501)->(2,23,33.6501)->(3,23,36.8643)->(4,23,5018.43)->
Agent 50:(4,1,1.4142)->(4,2,2.24261)->(4,3,3.56045)->(4,4,4.2925)->(4,5,5.02455)->(4,6,6.34239)->(4,7,8.5566)->(5,7,10.7708)->(6,7,12.1047)->(7,7,12.9331)->(8,7,14.2669)->(9,7,19.6048)->(9,8,24.9426)->(9,9,26.2605)->(9,10,26.9426)->(9,11,27.5105)->(9,12,28.0284)->(9,13,28.5284)->(9,14,29.0284)->(9,15,29.5284)->(9,16,30.0284)->(9,17,30.5284)->(9,18,31.0284)->(9,19,31.5284)->(9,20,32.0464)->(9,21,32.6142)->(9,22,33.2964)->(9,23,34.6142)->(9,24,5017.01)->
Agent 51:(29,29,2.2)->(29,28,3.81421)->(29,27,5.13205)->(29,26,5.82382)->(29,25,6.45949)->(29,24,7.15126)->(29,23,8.4691)->(29,22,11.4559)->(28,22,14.4426)->(27,22,15.7605)->(26,22,16.4426)->(25,22,17.0105)->(24,22,17.5284)->(23,22,18.0284)->(22,22,18.5284)->(21,22,19.0284)->(20,22,19.5284)->(19,22,20.0284)->(18,22,20.5284)->(17,22,21.0284)->(16,22,21.5284)->(15,22,22.0284)->(14,22,22.5284)->(13,22,23.0284)->(12,22,23.5284)->(11,22,24.0284)->(10,22,24.5284)->(9,22,25.0284)->(8,22,25.5464)->(7,22,26.1142)->(6,22,26.7964)->(5,22,28.1142)->(4,22,5013.76)->
Agent 52:(5,19,2.21421)->(4,19,4.81421)->(4,18,7.44264)->(4,17,8.76048)->(4,16,9.44264)->(4,15,10.0105)->(4,14,10.5284)->(4,13,11.0284)->(4,12,11.5284)->(4,11,12.0284)->(4,10,12.5284)->(4,9,13.0284)->(4,8,13.5284)->(4,7,14.0284)->(4,6,14.5284)->(4,5,15.0464)->(4,4,15.6142)->(4,3,16.2964)->(4,2,17.6142)->(4,1,19.8284)->(5,1,22.6284)->(6,1,5011.31)->
Agent 53:(21,27,1.71421)->(21,28,3.81421)->(22,28,6.44264)->(23,28,7.76048)->(24,28,8.44264)->(25,28,9.02843)->(26,28,9.61421)->(27,28,10.2964)->(28,28,11.6142)->(29,28,13.8284)->(29,27,16.0426)->(29,26,17.3605)->(29,25,18.0426)->(29,24,18.6105)->(29,23,19.1284)->(29,22,19.6284)->(29,21,20.1284)->(29,20,20.6284)->(29,19,21.1284)->(29,18,21.6284)->(29,17,22.1464)->(29,16,22.7142)->(29,15,23.3964)->(29,14,24.7142)->(29,13,26.9284)->(30,13,29.7284)->(31,13,5014.86)->
Agent 54:(29,16,1.3)->(29,17,2.01421)->(29,18,3.42843)->(29,19,4.84264)->(29,20,8.32843)->(28,20,11.8142)->(27,20,13.1321)->(26,20,13.8142)->(25,20,14.3821)->(24,20,14.9)->(23,20,15.4)->(22,20,15.9)->(21,20,16.4)->(20,20,16.9)->(19,20,17.4)->(18,20,17.9)->(17,20,18.4)->(16,20,18.9)->(15,20,19.4179)->(14,20,19.9858)->(13,20,20.6679)->(12,20,21.9858)->(11,20,24.2)->(11,21,26.4495)->(11,22,28.4495)->(11,23,5013.95)->
Agent 55:(18,4,1.3)->(18,5,2.01421)->(18,6,3.33205)->(18,7,4.01421)->(18,8,4.58205)->(18,9,5.1)->(18,10,5.6)->(18,11,6.1)->(18,12,6.6)->(18,13,7.1)->(18,14,7.6)->(18,15,8.1)->(18,16,8.6)->(18,17,9.1)->(18,18,9.6)->(18,19,10.1)->(18,20,10.6179)->(18,21,11.1858)->(18,22,11.8679)->(18,23,13.1858)->(18,24,15.4)->(17,24,17.6142)->(16,24,18.9321)->(15,24,19.6142)->(14,24,20.1821)->(13,24,20.7)->(12,24,21.2)->(11,24,21.7)->(10,24,22.2)->(9,24,22.7)->(8,24,23.2)->(7,24,23.7)->(6,24,24.2)->(5,24,24.7)->(4,24,25.2179)->(3,24,25.7858)->(2,24,26.4679)->(1,24,27.7858)->(0,24,30.4142)->(0,25,5015.4)->
Agent 56:(27,27,6.01421)->(27,26,11.4426)->(27,25,12.7605)->(27,24,13.4426)->(27,23,14.0105)->(27,22,14.5284)->(27,21,15.0284)->(27,20,15.5284)->(27,19,16.0464)->(27,18,16.6142)->(27,17,17.2964)->(27,16,18.6142)->(27,15,20.8284)->(26,15,23.0426)->(25,15,24.3605)->(24,15,25.0426)->(23,15,25.6105)->(22,15,26.1284)->(21,15,26.6284)->(20,15,27.1284)->(19,15,27.6464)->(18,15,28.2142)->(17,15,28.8964)->(16,15,30.2142)->(15,15,5014.81)->
Agent 57:(20,5,5.76421)->(20,6,10.9426)->(20,7,12.2605)->(20,8,12.9426)->(20,9,13.5105)->(20,10,14.0284)->(20,11,14.5284)->(20,12,15.0284)->(20,13,15.5284)->(20,14,16.0284)->(20,15,16.5284)->(20,16,17.0284)->(20,17,17.5284)->(20,18,18.0464)->(20,19,18.6142)->(20,20,19.2964)->(20,21,20.6142)->(20,22,22.8284)->(21,22,25.0426)->(22,22,26.3765)->(23,22,27.2049)->(24,22,28.5388)->(25,22,5013.98)->
Agent 58:(15,10,1.8)->(14,10,3.01421)->(13,10,4.33205)->(12,10,5.01421)->(11,10,5.58205)->(10,10,6.11795)->(9,10,6.68579)->(8,10,7.36795)->(7,10,8.68579)->(6,10,14.5238)->(6,11,5009.06)->
Agent 59:(7,1,1.3)->(7,2,2.6)->(7,3,5.4)->(6,3,7.61421)->(5,3,8.93205)->(4,3,9.6641)->(3,3,10.3962)->(2,3,11.714)->(1,3,5005.56)->
Agent 60:(15,11,1.8)->(14,11,3.01421)->(13,11,4.33205)->(12,11,5.01421)->(11,11,5.58205)->(10,11,6.1)->(9,11,6.61795)->(8,11,7.18579)->(7,11,7.86795)->(6,11,9.18579)->(5,11,11.4)->(5,12,14.2)->(5,13,5007.1)->
Agent 61:(26,26,2.2)->(26,25,3.81421)->(26,24,5.13205)->(26,23,5.81421)->(26,22,6.38205)->(26,21,6.9)->(26,20,7.4)->(26,19,7.91795)->(26,18,8.48579)->(26,17,9.16795)->(26,16,10.4858)->(26,15,12.7142)->(25,15,14.9426)->(24,15,16.2605)->(23,15,16.9426)->(22,15,17.5105)->(21,15,18.0284)->(20,15,18.5284)->(19,15,19.0284)->(18,15,19.5284)->(17,15,20.0284)->(16,15,20.5284)->(15,15,21.0284)->(14,15,21.5284)->(13,15,22.0284)->(12,15,22.5284)->(11,15,23.0464)->(10,15,23.6142)->(9,15,24.2964)->(8,15,25.6142)->(7,15,27.8284)->(7,14,30.0779)->(7,13,32.0779)->(7,12,34.7416)->(6,12,5017.56)->
Agent 62:(15,14,3.63579)->(16,14,6.68579)->(17,14,8.00362)->(18,14,8.69539)->(19,14,9.33107)->(20,14,10.0228)->(21,14,11.3407)->(22,14,17.1897)->(22,15,23.0388)->(22,16,24.3566)->(22,17,25.0388)->(22,18,25.6066)->(22,19,26.1246)->(22,20,26.6246)->(22,21,27.1246)->(22,22,27.6246)->(22,23,28.1246)->(22,24,28.6246)->(22,25,29.1246)->(22,26,29.6425)->(22,27,30.2103)->(22,28,30.8925)->(22,29,32.2103)->(22,30,5015.81)->
Agent 63:(24,17,2.2)->(24,16,3.81421)->(24,15,5.13205)->(24,14,5.81421)->(24,13,6.38205)->(24,12,6.91795)->(24,11,7.48579)->(24,10,8.16795)->(24,9,9.48579)->(24,8,11.7)->(23,8,13.9142)->(22,8,15.2321)->(21,8,15.9142)->(20,8,16.4821)->(19,8,17)->(18,8,17.5)->(17,8,18)->(16,8,18.5)->(15,8,19)->(14,8,19.5)->(13,8,20)->(12,8,20.5)->(11,8,21)->(10,8,21.5)->(9,8,22)->(8,8,22.5)->(7,8,23)->(6,8,23.5)->(5,8,24)->(4,8,24.5179)->(3,8,25.0858)->(2,8,25.7679)->(1,8,27.0858)->(0,8,29.7142)->(0,9,5015.05)->
Agent 64:(20,18,6.46806)->(19,18,12.3503)->(18,18,13.6682)->(17,18,14.4002)->(16,18,15.1323)->(15,18,16.4501)->(14,18,19.9322)->(14,17,23.4142)->(14,16,24.7321)->(14,15,25.4142)->(14,14,25.9821)->(14,13,26.5)->(14,12,27)->(14,11,27.5)->(14,10,28.0179)->(14,9,28.5858)->(14,8,29.2679)->(14,7,30.5858)->(14,6,5015)->
Agent 65:(29,15,2.2)->(29,14,3.81421)->(29,13,5.13205)->(29,12,5.81421)->(29,11,6.38205)->(29,10,6.9)->(29,9,7.41795)->(29,8,7.98579)->(29,7,8.66795)->(29,6,9.98579)->(29,5,13.1341)->(28,5,16.2824)->(27,5,17.6163)->(26,5,18.4447)->(25,5,19.7785)->(24,5,5009.6)->
Agent 66:(19,19,1.3)->(19,20,2.01421)->(19,21,3.42843)->(19,22,4.84264)->(19,23,7.05685)->(18,23,9.27107)->(17,23,10.5889)->(16,23,11.2711)->(15,23,11.8389)->(14,23,12.3569)->(13,23,12.8748)->(12,23,13.4426)->(11,23,14.1248)->(10,23,15.4426)->(9,23,17.6569)->(9,22,20.4569)->(9,21,23.6711)->(10,21,27.6853)->(10,22,5014.24)->
Agent 67:(17,24,2.2)->(17,23,3.81421)->(17,22,5.13205)->(17,21,5.81421)->(17,20,6.38205)->(17,19,6.91795)->(17,18,7.48579)->(17,17,8.16795)->(17,16,9.48579)->(17,15,11.7)->(16,15,13.9142)->(15,15,15.2321)->(14,15,15.9142)->(13,15,16.4821)->(12,15,17)->(11,15,17.5)->(10,15,18.0179)->(9,15,18.5858)->(8,15,19.2679)->(7,15,20.5858)->(6,15,23.2142)->(6,14,5011.8)->
Agent 68:(11,31,2.2)->(11,30,3.81421)->(11,29,5.13205)->(11,28,5.81421)->(11,27,6.38205)->(11,26,6.9)->(11,25,7.4)->(11,24,7.9)->(11,23,8.4)->(11,22,8.9)->(11,21,9.4)->(11,20,9.9)->(11,19,10.4)->(11,18,10.9)->(11,17,11.4)->(11,16,11.9)->(11,15,12.4)->(11,14,12.9)->(11,13,13.4)->(11,12,13.9)->(11,11,14.4)->(11,10,14.9)->(11,9,15.4)->(11,8,15.9)->(11,7,16.4179)->(11,6,16.9858)->(11,5,17.6679)->(11,4,18.9858)->(11,3,21.2)->(10,3,23.4142)->(9,3,24.7321)->(8,3,25.4238)->(7,3,26.0595)->(6,3,26.7513)->(5,3,28.0691)->(4,3,30.6975)->(4,4,5015.54)->
Agent 69:(19,2,3.04649)->(19,3,5.50719)->(19,4,6.82503)->(19,5,7.50719)->(19,6,8.07503)->(19,7,8.59298)->(19,8,9.09298)->(19,9,9.59298)->(19,10,10.093)->(19,11,10.593)->(19,12,11.093)->(19,13,11.593)->(19,14,12.093)->(19,15,12.6109)->(19,16,13.1788)->(19,17,13.8609)->(19,18,15.1788)->(19,19,17.393)->(18,19,19.6072)->(17,19,20.925)->(16,19,21.6072)->(15,19,22.175)->(14,19,22.693)->(13,19,23.193)->(12,19,23.693)->(11,19,24.193)->(10,19,24.693)->(9,19,25.193)->(8,19,25.693)->(7,19,26.193)->(6,19,26.693)->(5,19,27.193)->(4,19,27.7109)->(3,19,28.2788)->(2,19,28.9609)->(1,19,30.2788)->(0,19,32.493)->(0,20,34.7425)->(0,21,36.7425)->(0,22,5018.1)->
Agent 70:(7,4,4.75)->(7,5,8.91421)->(7,6,10.2321)->(7,7,10.9142)->(7,8,11.4821)->(7,9,12)->(7,10,12.5)->(7,11,13)->(7,12,13.5)->(7,13,14)->(7,14,14.5179)->(7,15,15.0858)->(7,16,15.7679)->(7,17,17.0858)->(7,18,19.3)->(6,18,22.1)->(5,18,5011.05)->
Agent 71:(24,1,1.8)->(23,1,3.01421)->(22,1,4.33205)->(21,1,5.01421)->(20,1,5.58205)->(19,1,6.1)->(18,1,6.6)->(17,1,7.11795)->(16,1,7.68579)->(15,1,8.36795)->(14,1,9.68579)->(13,1,13.3)->(13,2,16.9142)->(13,3,18.2321)->(13,4,18.9142)->(13,5,19.4821)->(13,6,20)->(13,7,20.5)->(13,8,21.0179)->(13,9,21.5858)->(13,10,22.2679)->(13,11,23.5858)->(13,12,5011.5)->
Agent 72:(16,31,2.2)->(16,30,3.81421)->(16,29,5.13205)->(16,28,5.81421)->(16,27,6.38205)->(16,26,6.9)->(16,25,7.41795)->(16,24,7.98579)->(16,23,8.66795)->(16,22,9.98579)->(16,21,12.2)->(17,21,14.4495)->(18,21,16.4495)->(19,21,19.6279)->(19,22,5010.26)->
Agent 73:(0,12,1.3)->(0,13,2.01421)->(0,14,3.33205)->(0,15,4.01421)->(0,16,4.58205)->(0,17,5.1)->(0,18,5.6)->(0,19,6.1)->(0,20,6.6)->(0,21,7.1)->(0,22,7.6)->(0,23,8.1)->(0,24,8.61795)->(0,25,9.18579)->(0,26,9.86795)->(0,27,11.1858)->(0,28,13.4)->(1,28,15.6142)->(2,28,16.9321)->(3,28,17.6142)->(4,28,18.1821)->(5,28,18.7)->(6,28,19.2)->(7,28,19.7179)->(8,28,20.2858)->(9,28,20.9679)->(10,28,22.2858)->(11,28,5010.85)->
Agent 74:(25,18,2.77792)->(25,17,4.97005)->(25,16,6.28788)->(25,15,6.97005)->(25,14,7.53788)->(25,13,8.05583)->(25,12,8.55583)->(25,11,9.05583)->(25,10,9.55583)->(25,9,10.0558)->(25,8,10.5738)->(25,7,11.1416)->(25,6,11.8238)->(25,5,13.1416)->(25,4,15.77)->(26,4,5008.08)->
Agent 75:(0,5,2.6)->(0,6,4.61421)->(0,7,5.93205)->(0,8,6.61421)->(0,9,7.18205)->(0,10,7.7)->(0,11,8.2)->(0,12,8.7)->(0,13,9.2)->(0,14,9.7)->(0,15,10.2)->(0,16,10.7)->(0,17,11.2)->(0,18,11.7)->(0,19,12.2)->(0,20,12.7)->(0,21,13.2)->(0,22,13.7)->(0,23,14.2)->(0,24,14.7)->(0,25,15.2)->(0,26,15.7)->(0,27,16.2179)->(0,28,16.7858)->(0,29,17.4679)->(0,30,18.7858)->(0,31,21)->(1,31,23.2142)->(2,31,24.5321)->(3,31,25.2142)->(4,31,25.7821)->(5,31,26.3)->(6,31,26.8)->(7,31,27.3)->(8,31,27.8)->(9,31,28.3)->(10,31,28.8)->(11,31,29.3179)->(12,31,29.8858)->(13,31,30.5679)->(14,31,31.8858)->(15,31,34.5142)->(15,30,39.7743)->(15,31,5020.91)->
Agent 76:(25,19,1.96795)->(24,19,3.35011)->(23,19,4.66795)->(22,19,5.35011)->(21,19,5.91795)->(20,19,6.4359)->(19,19,6.9359)->(18,19,7.45385)->(17,19,8.02168)->(16,19,8.70385)->(15,19,10.0217)->(14,19,12.2359)->(14,18,14.4501)->(14,17,15.7679)->(14,16,16.4501)->(14,15,17.0179)->(14,14,17.5359)->(14,13,18.0359)->(14,12,18.5359)->(14,11,19.0359)->(14,10,19.5359)->(14,9,20.0359)->(14,8,20.5359)->(14,7,21.0359)->(14,6,21.5538)->(14,5,22.1217)->(14,4,22.8038)->(14,3,24.1217)->(14,2,5011.77)->
Agent 77:(30,18,1.3)->(30,19,2.01421)->(30,20,3.34806)->(30,21,4.17649)->(30,22,5.51034)->(30,23,8.13877)->(31,23,12.553)->(30,23,16.9672)->(30,24,20.1814)->(30,25,5010.09)->
Agent 78:(6,19,1.8)->(7,19,3.6)->(8,19,6.89058)->(8,18,9.59537)->(8,17,10.9132)->(8,16,11.5954)->(8,15,12.1632)->(8,14,12.6812)->(8,13,13.1812)->(8,12,13.6812)->(8,11,14.1812)->(8,10,14.6812)->(8,9,15.1812)->(8,8,15.6812)->(8,7,16.1812)->(8,6,16.6991)->(8,5,17.2669)->(8,4,17.9491)->(8,3,19.2669)->(8,2,21.4812)->(7,2,23.6954)->(6,2,25.1096)->(5,2,26.5238)->(4,2,5012.97)->
Agent 79:(11,4,1.8)->(12,4,3.01421)->(13,4,4.42843)->(14,4,5.84264)->(15,4,8.05685)->(15,5,10.2711)->(15,6,11.5889)->(15,7,12.2711)->(15,8,12.8389)->(15,9,13.3569)->(15,10,13.8569)->(15,11,14.3569)->(15,12,14.8748)->(15,13,15.4426)->(15,14,16.1248)->(15,15,17.4426)->(15,16,5008.43)->
Agent 80:(26,23,2.21421)->(25,23,5.22843)->(25,24,11.8643)->(24,24,17.1144)->(23,24,18.4323)->(22,24,19.1144)->(21,24,19.6823)->(20,24,20.2002)->(19,24,20.7002)->(18,24,21.2002)->(17,24,21.7002)->(16,24,22.2002)->(15,24,22.7002)->(14,24,23.2182)->(13,24,23.786)->(12,24,24.4682)->(11,24,25.786)->(10,24,28.0002)->(10,25,30.8002)->(10,26,5015.4)->
Agent 81:(20,12,1.3)->(20,13,2.01421)->(20,14,3.42843)->(20,15,4.84264)->(20,16,7.56048)->(19,16,10.2783)->(18,16,11.5962)->(17,16,12.2783)->(16,16,12.8462)->(15,16,13.3641)->(14,16,13.8641)->(13,16,14.3641)->(12,16,14.8641)->(11,16,15.3641)->(10,16,15.8641)->(9,16,16.3641)->(8,16,16.8641)->(7,16,17.3821)->(6,16,17.9499)->(5,16,18.6321)->(4,16,19.9499)->(3,16,5009.68)->
Agent 82:(21,31,1.8)->(20,31,3.01421)->(19,31,4.33205)->(18,31,5.01421)->(17,31,5.58205)->(16,31,6.1)->(15,31,6.6)->(14,31,7.1)->(13,31,7.6)->(12,31,8.11795)->(11,31,8.68579)->(10,31,9.36795)->(9,31,10.6858)->(8,31,12.9)->(8,30,15.1142)->(8,29,16.4321)->(8,28,17.1142)->(8,27,17.6821)->(8,26,18.2)->(8,25,18.7)->(8,24,19.2)->(8,23,19.7)->(8,22,20.2)->(8,21,20.7)->(8,20,21.2)->(8,19,21.7)->(8,18,22.2)->(8,17,22.7)->(8,16,23.2)->(8,15,23.7)->(8,14,24.2)->(8,13,24.7)->(8,12,25.2)->(8,11,25.7)->(8,10,26.2179)->(8,9,26.7858)->(8,8,27.4679)->(8,7,28.7858)->(8,6,5014.1)->
Agent 83:(12,3,2.61421)->(12,2,5.61421)->(11,2,8.27792)->(10,2,10.2779)->(9,2,19.465)->(9,3,29.2025)->(9,4,38.4439)->(8,4,5022.43)->
Agent 84:(6,26,2.2)->(6,25,3.81421)->(6,24,5.13205)->(6,23,5.81421)->(6,22,6.38205)->(6,21,6.9)->(6,20,7.4)->(6,19,7.9)->(6,18,8.4)->(6,17,8.91795)->(6,16,9.48579)->(6,15,10.1679)->(6,14,11.4858)->(6,13,13.7)->(7,13,15.9142)->(8,13,17.2321)->(9,13,17.9142)->(10,13,18.4821)->(11,13,19)->(12,13,19.5)->(13,13,20)->(14,13,20.5)->(15,13,21)->(16,13,21.5)->(17,13,22)->(18,13,22.5)->(19,13,23)->(20,13,23.5)->(21,13,24)->(22,13,24.5)->(23,13,25.0179)->(24,13,25.5858)->(25,13,26.2679)->(26,13,27.5858)->(27,13,30.2142)->(27,14,5015.3)->
Agent 85:(30,3,1.3)->(30,4,2.01421)->(30,5,3.33205)->(30,6,4.01421)->(30,7,4.58205)->(30,8,5.1)->(30,9,5.6)->(30,10,6.1)->(30,11,6.61795)->(30,12,7.18579)->(30,13,7.86795)->(30,14,9.18579)->(30,15,12.3142)->(29,15,15.4426)->(28,15,16.7605)->(27,15,17.4426)->(26,15,18.0105)->(25,15,18.5284)->(24,15,19.0284)->(23,15,19.5284)->(22,15,20.0284)->(21,15,20.5284)->(20,15,21.0284)->(19,15,21.5284)->(18,15,22.0284)->(17,15,22.5284)->(16,15,23.0284)->(15,15,23.5284)->(14,15,24.0284)->(13,15,24.5284)->(12,15,25.0464)->(11,15,25.6142)->(10,15,26.2964)->(9,15,27.6142)->(8,15,5013.51)->
Agent 86:(30,13,1.71421)->(30,14,3.91421)->(29,14,6.64264)->(28,14,8.05685)->(27,14,9.47107)->(26,14,5004.44)->
Agent 87:(30,29,4.76421)->(30,28,8.94264)->(30,27,10.2605)->(30,26,10.9426)->(30,25,11.5105)->(30,24,12.0284)->(30,23,12.5284)->(30,22,13.0284)->(30,21,13.5284)->(30,20,14.0284)->(30,19,14.5284)->(30,18,15.0284)->(30,17,15.5284)->(30,16,16.0284)->(30,15,16.5284)->(30,14,17.0284)->(30,13,17.5284)->(30,12,18.0284)->(30,11,18.5284)->(30,10,19.0284)->(30,9,19.5284)->(30,8,20.0284)->(30,7,20.5284)->(30,6,21.0284)->(30,5,21.5284)->(30,4,22.0464)->(30,3,22.6142)->(30,2,23.2964)->(30,1,24.6142)->(30,0,26.8284)->(29,0,29.0426)->(28,0,30.3605)->(27,0,31.0426)->(26,0,31.6105)->(25,0,32.1284)->(24,0,32.6284)->(23,0,33.1284)->(22,0,33.6284)->(21,0,34.1284)->(20,0,34.6284)->(19,0,35.1284)->(18,0,35.6284)->(17,0,36.1284)->(16,0,36.6284)->(15,0,37.1284)->(14,0,37.6284)->(13,0,38.1284)->(12,0,38.6284)->(11,0,39.1284)->(10,0,39.6284)->(9,0,40.1464)->(8,0,40.7142)->(7,0,41.3964)->(6,0,42.7142)->(5,0,5021.06)->
Agent 88:(0,24,1.8)->(1,24,3.01421)->(2,24,4.33205)->(3,24,5.02382)->(4,24,5.65949)->(5,24,6.35126)->(6,24,7.6691)->(7,24,9.89217)->(7,25,12.1505)->(7,26,14.1505)->(7,27,17.3142)->(8,27,5009.1)->
Agent 89:(26,27,1.8)->(25,27,3.01421)->(24,27,4.33205)->(23,27,5.01421)->(22,27,5.58205)->(21,27,6.1)->(20,27,6.6)->(19,27,7.1)->(18,27,7.6)->(17,27,8.1)->(16,27,8.6)->(15,27,9.1)->(14,27,9.6)->(13,27,10.1)->(12,27,10.6)->(11,27,11.1)->(10,27,11.6)->(9,27,12.1)->(8,27,12.6)->(7,27,13.1)->(6,27,13.6179)->(5,27,14.1858)->(4,27,14.8679)->(3,27,16.1858)->(2,27,5007.8)->
Agent 90:(21,22,2.3)->(21,23,4.01421)->(21,24,5.33205)->(21,25,6.01421)->(21,26,6.58205)->(21,27,7.11795)->(21,28,7.68579)->(21,29,8.36795)->(21,30,9.68579)->(21,31,11.9)->(22,31,14.1142)->(23,31,15.5284)->(24,31,16.9426)->(25,31,5008.18)->
Agent 91:(10,10,1.8)->(9,10,3.01421)->(8,10,4.33205)->(7,10,5.01421)->(6,10,5.6)->(5,10,6.18579)->(4,10,6.86795)->(3,10,8.18579)->(2,10,12.7738)->(2,11,17.3619)->(2,12,18.6957)->(2,13,19.5241)->(2,14,20.858)->(2,15,5010.14)->
Agent 92:(1,5,1.3)->(1,6,2.01421)->(1,7,3.33205)->(1,8,4.0641)->(1,9,4.79615)->(1,10,6.11399)->(1,11,10.3237)->(2,11,14.5334)->(3,11,15.8513)->(4,11,16.5334)->(5,11,17.1013)->(6,11,17.6192)->(7,11,18.1192)->(8,11,18.6192)->(9,11,19.1192)->(10,11,19.6192)->(11,11,20.1192)->(12,11,20.6192)->(13,11,21.1192)->(14,11,21.6192)->(15,11,22.1192)->(16,11,22.6192)->(17,11,23.1192)->(18,11,23.6192)->(19,11,24.1192)->(20,11,24.6192)->(21,11,25.1192)->(22,11,25.6192)->(23,11,26.1192)->(24,11,26.6192)->(25,11,27.1192)->(26,11,27.6372)->(27,11,28.205)->(28,11,28.8872)->(29,11,30.205)->(30,11,5014.81)->
Agent 93:(14,30,2.2)->(14,29,3.81421)->(14,28,5.14806)->(14,27,5.97649)->(14,26,7.31034)->(14,25,11.1765)->(15,25,15.0426)->(16,25,16.3765)->(17,25,17.2049)->(18,25,18.5388)->(19,25,5008.98)->
Agent 94:(16,17,2.65374)->(15,17,4.72168)->(14,17,6.03952)->(13,17,6.77157)->(12,17,7.50362)->(11,17,8.82146)->(10,17,11.0357)->(10,16,13.2499)->(10,15,14.5677)->(10,14,15.2499)->(10,13,15.8177)->(10,12,16.3357)->(10,11,16.8357)->(10,10,17.3357)->(10,9,17.8536)->(10,8,18.4215)->(10,7,19.1036)->(10,6,20.4215)->(10,5,22.6357)->(9,5,25.4357)->(8,5,28.2357)->(8,4,31.0357)->(8,3,36.9463)->(8,4,42.8569)->(8,5,5021.43)->
Agent 95:(7,24,2.2)->(7,23,3.81421)->(7,22,5.13205)->(7,21,5.81421)->(7,20,6.38205)->(7,19,6.91795)->(7,18,7.48579)->(7,17,8.16795)->(7,16,9.48579)->(7,15,11.7)->(6,15,13.9495)->(5,15,15.9495)->(4,15,19.7958)->(4,16,5010.68)->
Agent 96:(6,2,2.61421)->(6,1,8.36421)->(7,1,13.7426)->(8,1,15.0605)->(9,1,15.7426)->(10,1,16.3284)->(11,1,16.9142)->(12,1,17.5964)->(13,1,18.9142)->(14,1,5009.16)->
Agent 97:(12,10,1.3)->(12,11,2.01421)->(12,12,3.33205)->(12,13,4.01421)->(12,14,4.58205)->(12,15,5.1)->(12,16,5.61795)->(12,17,6.18579)->(12,18,6.86795)->(12,19,8.18579)->(12,20,13.8216)->(11,20,19.4574)->(10,20,20.8716)->(9,20,22.2858)->(8,20,5010.85)->
Agent 98:(16,27,2.21421)->(15,27,4.81421)->(15,26,8.02843)->(15,25,10.8284)->(16,25,13.0426)->(17,25,14.3605)->(18,25,15.0426)->(19,25,15.6105)->(20,25,16.1284)->(21,25,16.6464)->(22,25,17.2142)->(23,25,17.8964)->(24,25,19.2142)->(25,25,21.8426)->(25,26,5011.11)->
Agent 99:(7,29,2.10362)->(8,29,3.62146)->(9,29,5.03567)->(10,29,6.44989)->(11,29,5002.93)->
