Agent 0:(2,25,1.8)->(3,25,3.01421)->(4,25,4.34806)->(5,25,5.17649)->(6,25,6.51034)->(7,25,8.72456)->(7,24,10.9388)->(7,23,12.2566)->(7,22,12.9388)->(7,21,13.5066)->(7,20,14.0246)->(7,19,14.5425)->(7,18,15.1103)->(7,17,15.7925)->(7,16,17.1103)->(7,15,19.3246)->(8,15,22.1246)->(9,15,27.1623)->(9,14,31.6142)->(9,13,32.9321)->(9,12,33.6142)->(9,11,34.1821)->(9,10,34.7)->(9,9,35.2)->(9,8,35.7)->(9,7,36.2)->(9,6,36.7179)->(9,5,37.2858)->(9,4,37.9679)->(9,3,39.2858)->(9,2,41.9142)->(10,2,5021.15)->
Agent 1:(27,6,1.3)->(27,7,2.6)->(27,8,5.4)->(28,8,7.64949)->(29,8,9.64949)->(30,8,11.899)->(30,9,14.699)->(30,10,19.5779)->(31,10,5010.81)->
Agent 2:(25,13,1.3)->(25,14,2.01421)->(25,15,3.33205)->(25,16,4.01421)->(25,17,4.58205)->(25,18,5.1)->(25,19,5.6)->(25,20,6.1)->(25,21,6.6)->(25,22,7.1)->(25,23,7.6)->(25,24,8.1)->(25,25,8.6)->(25,26,9.11795)->(25,27,9.68579)->(25,28,10.3679)->(25,29,11.6858)->(25,30,13.9)->(24,30,16.1142)->(23,30,17.4321)->(22,30,18.1142)->(21,30,18.6821)->(20,30,19.2)->(19,30,19.7)->(18,30,20.2)->(17,30,20.7179)->(16,30,21.2858)->(15,30,21.9679)->(14,30,23.2858)->(13,30,25.7)->(13,29,28.1142)->(13,28,29.4321)->(13,27,30.1142)->(13,26,30.6821)->(13,25,31.2)->(13,24,31.7)->(13,23,32.2)->(13,22,32.7)->(13,21,33.2)->(13,20,33.7)->(13,19,34.2)->(13,18,34.7)->(13,17,35.2)->(13,16,35.7)->(13,15,36.2)->(13,14,36.7)->(13,13,37.2)->(13,12,37.7)->(13,11,38.2179)->(13,10,38.7858)->(13,9,39.4679)->(13,8,40.7858)->(13,7,43.4142)->(14,7,47.0142)->(14,6,49.6426)->(14,5,50.9765)->(14,4,51.8049)->(14,3,53.1388)->(14,2,55.7672)->(13,2,5028.08)->
Agent 3:(28,23,2.21421)->(29,23,10.8142)->(28,23,19.4426)->(27,23,20.7605)->(26,23,21.4426)->(25,23,22.0105)->(24,23,22.5284)->(23,23,23.0284)->(22,23,23.5284)->(21,23,24.0284)->(20,23,24.5284)->(19,23,25.0284)->(18,23,25.5464)->(17,23,26.1142)->(16,23,26.7964)->(15,23,28.1142)->(14,23,30.3284)->(14,22,32.5779)->(14,21,34.5779)->(14,20,5017.01)->
Agent 4:(22,23,2.2)->(22,22,3.81421)->(22,21,5.13205)->(22,20,5.81421)->(22,19,6.38205)->(22,18,6.9)->(22,17,7.4)->(22,16,7.9)->(22,15,8.4)->(22,14,8.9)->(22,13,9.4)->(22,12,9.9)->(22,11,10.4)->(22,10,10.9)->(22,9,11.4)->(22,8,11.9)->(22,7,12.4)->(22,6,12.9179)->(22,5,13.4858)->(22,4,14.1679)->(22,3,15.4858)->(22,2,17.7)->(23,2,19.9142)->(24,2,21.2321)->(25,2,21.9641)->(26,2,22.6962)->(27,2,24.014)->(28,2,5011.71)->
Agent 5:(18,16,5.18579)->(18,15,9.78579)->(18,14,11.1036)->(18,13,11.7858)->(18,12,12.3536)->(18,11,12.8895)->(18,10,13.4574)->(18,9,14.1395)->(18,8,15.4574)->(18,7,17.6716)->(17,7,19.8858)->(16,7,21.2036)->(15,7,21.8858)->(14,7,22.4536)->(13,7,22.9716)->(12,7,23.4716)->(11,7,23.9716)->(10,7,24.4895)->(9,7,25.0574)->(8,7,25.7395)->(7,7,27.0574)->(6,7,5013.24)->
Agent 6:(26,30,2.2)->(26,29,3.81421)->(26,28,5.13205)->(26,27,5.81421)->(26,26,6.38205)->(26,25,6.9)->(26,24,7.4)->(26,23,7.9)->(26,22,8.41795)->(26,21,8.98579)->(26,20,9.66795)->(26,19,10.9858)->(26,18,13.8)->(25,18,16.6142)->(24,18,17.9321)->(23,18,18.6142)->(22,18,19.1821)->(21,18,19.7)->(20,18,20.2179)->(19,18,20.7858)->(18,18,21.4679)->(17,18,22.7858)->(16,18,26.0784)->(16,19,29.9569)->(16,20,5014.98)->
Agent 7:(30,22,1.8)->(29,22,3.6)->(28,22,7.21421)->(29,22,12.7642)->(29,21,16.9426)->(29,20,18.2605)->(29,19,18.9426)->(29,18,19.5105)->(29,17,20.0464)->(29,16,20.6142)->(29,15,21.2964)->(29,14,22.6142)->(29,13,24.8284)->(28,13,27.0426)->(27,13,28.3605)->(26,13,29.0426)->(25,13,29.6105)->(24,13,30.1284)->(23,13,30.6284)->(22,13,31.1284)->(21,13,31.6284)->(20,13,32.1284)->(19,13,32.6284)->(18,13,33.1284)->(17,13,33.6284)->(16,13,34.1284)->(15,13,34.6284)->(14,13,35.1284)->(13,13,35.6464)->(12,13,36.2142)->(11,13,36.8964)->(10,13,38.2142)->(9,13,40.8426)->(9,12,5020.61)->
Agent 8:(0,9,1.3)->(0,10,2.04949)->(0,11,4.04949)->(0,12,6.29898)->(1,12,8.51319)->(2,12,9.83103)->(3,12,10.5132)->(4,12,11.099)->(5,12,11.6848)->(6,12,12.3669)->(7,12,13.6848)->(8,12,16.3132)->(8,11,22.6137)->(9,11,27.9426)->(10,11,29.2605)->(11,11,29.9426)->(12,11,30.5284)->(13,11,31.1142)->(14,11,31.7963)->(15,11,33.1142)->(16,11,5016.26)->
Agent 9:(9,24,2.21421)->(8,24,4.85)->(8,23,7.54949)->(8,22,9.54949)->(8,21,13.6279)->(9,21,19.9426)->(9,20,24.4569)->(9,19,27.6711)->(10,19,5014.03)->
Agent 10:(23,8,2.60051)->(23,7,4.65051)->(23,6,6.65051)->(23,5,8.9)->(22,5,11.1142)->(21,5,12.5284)->(20,5,13.9426)->(19,5,16.5926)->(19,6,22.9265)->(18,6,5013.01)->
Agent 11:(25,24,1.71421)->(25,25,4.15)->(24,25,7.11421)->(23,25,8.43205)->(22,25,9.11421)->(21,25,9.68205)->(20,25,10.2)->(19,25,10.7179)->(18,25,11.2858)->(17,25,11.9679)->(16,25,13.2858)->(15,25,15.9142)->(15,24,21.6569)->(16,24,27.8137)->(16,25,5014.31)->
Agent 12:(22,10,1.71421)->(22,11,3.81421)->(21,11,6.44264)->(20,11,7.77649)->(19,11,8.60492)->(18,11,9.93877)->(17,11,12.153)->(17,12,14.3672)->(17,13,15.701)->(17,14,16.5295)->(17,15,17.8633)->(17,16,21.2029)->(16,16,24.5424)->(15,16,25.8603)->(14,16,26.5424)->(13,16,27.1103)->(12,16,27.6282)->(11,16,28.1282)->(10,16,28.6462)->(9,16,29.214)->(8,16,29.8962)->(7,16,31.214)->(6,16,33.4282)->(6,17,35.6424)->(6,18,36.9603)->(6,19,37.6424)->(6,20,38.2103)->(6,21,38.7282)->(6,22,39.2462)->(6,23,39.814)->(6,24,40.4962)->(6,25,41.814)->(6,26,5020.61)->
Agent 13:(23,21,2.82841)->(24,21,6.46369)->(24,20,9.51319)->(24,19,10.831)->(24,18,11.5132)->(24,17,12.081)->(24,16,12.599)->(24,15,13.099)->(24,14,13.599)->(24,13,14.099)->(24,12,14.6169)->(24,11,15.1848)->(24,10,15.8669)->(24,9,17.1848)->(24,8,19.399)->(25,8,21.6132)->(26,8,22.947)->(27,8,23.7755)->(28,8,25.1093)->(29,8,29.524)->(29,7,33.9388)->(29,6,35.2566)->(29,5,35.9887)->(29,4,36.7207)->(29,3,38.0385)->(29,2,5018.73)->
Agent 14:(24,16,2.21421)->(23,16,5.21421)->(24,16,8.24264)->(25,16,9.56048)->(26,16,10.2522)->(27,16,10.8879)->(28,16,11.5797)->(29,16,12.8975)->(30,16,15.526)->(30,15,21.4343)->(31,15,5012.06)->
Agent 15:(9,5,3.21421)->(9,6,5.84264)->(9,7,7.25685)->(9,8,8.67107)->(9,9,10.8853)->(8,9,13.0995)->(7,9,14.4173)->(6,9,15.0995)->(5,9,15.6673)->(4,9,16.2032)->(3,9,16.7711)->(2,9,17.4532)->(1,9,18.7711)->(0,9,20.9853)->(0,10,23.1995)->(0,11,24.5173)->(0,12,25.1995)->(0,13,25.7673)->(0,14,26.2853)->(0,15,26.7853)->(0,16,27.2853)->(0,17,27.8032)->(0,18,28.3711)->(0,19,29.0532)->(0,20,30.3711)->(0,21,5014.89)->
Agent 16:(23,31,1.8)->(22,31,3.01421)->(21,31,4.33205)->(20,31,5.01421)->(19,31,5.58205)->(18,31,6.1)->(17,31,6.6)->(16,31,7.1)->(15,31,7.6)->(14,31,8.11795)->(13,31,8.68579)->(12,31,9.36795)->(11,31,10.6858)->(10,31,13.6321)->(10,30,16.5783)->(10,29,17.8962)->(10,28,18.5783)->(10,27,19.1462)->(10,26,19.6641)->(10,25,20.1641)->(10,24,20.6641)->(10,23,21.1641)->(10,22,21.6641)->(10,21,22.1641)->(10,20,22.6641)->(10,19,23.1641)->(10,18,23.6641)->(10,17,24.1641)->(10,16,24.6641)->(10,15,25.1641)->(10,14,25.6641)->(10,13,26.1641)->(10,12,26.6641)->(10,11,27.1641)->(10,10,27.6641)->(10,9,28.1641)->(10,8,28.6641)->(10,7,29.1641)->(10,6,29.6641)->(10,5,30.1821)->(10,4,30.7499)->(10,3,31.4321)->(10,2,32.7499)->(10,1,5016.08)->
Agent 17:(25,5,1.3)->(25,6,2.01421)->(25,7,3.33205)->(25,8,4.01421)->(25,9,4.58205)->(25,10,5.1)->(25,11,5.6)->(25,12,6.1)->(25,13,6.6)->(25,14,7.1)->(25,15,7.6)->(25,16,8.1)->(25,17,8.6)->(25,18,9.1)->(25,19,9.6)->(25,20,10.1)->(25,21,10.6)->(25,22,11.1)->(25,23,11.6)->(25,24,12.1)->(25,25,12.6179)->(25,26,13.1858)->(25,27,13.8679)->(25,28,15.1858)->(25,29,17.4)->(24,29,19.6142)->(23,29,20.9321)->(22,29,21.6142)->(21,29,22.1821)->(20,29,22.7)->(19,29,23.2)->(18,29,23.7)->(17,29,24.2)->(16,29,24.7)->(15,29,25.2)->(14,29,25.7)->(13,29,26.2)->(12,29,26.7)->(11,29,27.2)->(10,29,27.7179)->(9,29,28.2858)->(8,29,28.9679)->(7,29,30.2858)->(6,29,32.9142)->(6,28,36.5142)->(5,28,39.7284)->(4,28,42.9426)->(4,29,5021.66)->
Agent 18:(3,0,3.29615)->(4,0,6.00652)->(5,0,7.32436)->(6,0,8.00652)->(7,0,8.57436)->(8,0,9.0923)->(9,0,9.5923)->(10,0,10.0923)->(11,0,10.5923)->(12,0,11.0923)->(13,0,11.5923)->(14,0,12.1103)->(15,0,12.6781)->(16,0,13.3603)->(17,0,14.6781)->(18,0,16.8923)->(18,1,19.1065)->(18,2,20.5207)->(18,3,21.9349)->(18,4,25.5888)->(18,3,5013.5)->
Agent 19:(27,5,1.8)->(26,5,3.01421)->(25,5,4.33205)->(24,5,5.01421)->(23,5,5.58205)->(22,5,6.1)->(21,5,6.6)->(20,5,7.1)->(19,5,7.6)->(18,5,8.1)->(17,5,8.6)->(16,5,9.1)->(15,5,9.6)->(14,5,10.1)->(13,5,10.6)->(12,5,11.1)->(11,5,11.6)->(10,5,12.1)->(9,5,12.6)->(8,5,13.1)->(7,5,13.6)->(6,5,14.1)->(5,5,14.6179)->(4,5,15.1858)->(3,5,15.8679)->(2,5,17.1858)->(1,5,19.4)->(1,6,21.6142)->(1,7,22.9321)->(1,8,23.6142)->(1,9,24.2)->(1,10,24.7858)->(1,11,25.4679)->(1,12,26.7858)->(1,13,29.4142)->(0,13,5014.9)->
Agent 20:(24,21,1.3)->(24,22,2.6)->(24,23,12.0142)->(23,23,20.8426)->(22,23,22.1605)->(21,23,22.8426)->(20,23,23.4105)->(19,23,23.9284)->(18,23,24.4284)->(17,23,24.9284)->(16,23,25.4284)->(15,23,25.9284)->(14,23,26.4284)->(13,23,26.9284)->(12,23,27.4284)->(11,23,27.9284)->(10,23,28.4284)->(9,23,28.9284)->(8,23,29.4284)->(7,23,29.9463)->(6,23,30.5142)->(5,23,31.1963)->(4,23,32.5142)->(3,23,34.7284)->(3,22,36.9426)->(3,21,38.2605)->(3,20,38.9426)->(3,19,39.5105)->(3,18,40.0284)->(3,17,40.5284)->(3,16,41.0284)->(3,15,41.5284)->(3,14,42.0284)->(3,13,42.5284)->(3,12,43.0284)->(3,11,43.5284)->(3,10,44.0284)->(3,9,44.5284)->(3,8,45.0284)->(3,7,45.5284)->(3,6,46.0284)->(3,5,46.5463)->(3,4,47.1142)->(3,3,47.7963)->(3,2,49.1142)->(3,1,5024.26)->
Agent 21:(16,19,2.21421)->(17,19,6.26421)->(17,20,10.3426)->(17,21,11.6605)->(17,22,12.3522)->(17,23,12.9879)->(17,24,13.6797)->(17,25,14.9975)->(17,26,17.2117)->(18,26,19.426)->(19,26,20.7438)->(20,26,21.426)->(21,26,21.9938)->(22,26,22.5117)->(23,26,23.0117)->(24,26,23.5117)->(25,26,24.0297)->(26,26,24.5975)->(27,26,25.2797)->(28,26,26.5975)->(29,26,5013.01)->
Agent 22:(11,20,3.2)->(11,19,5.81421)->(11,18,7.13205)->(11,17,7.81421)->(11,16,8.4)->(11,15,8.98579)->(11,14,9.66795)->(11,13,10.9858)->(11,12,16.9142)->(12,12,22.8426)->(13,12,24.1605)->(14,12,24.8426)->(15,12,25.4105)->(16,12,25.9284)->(17,12,26.4284)->(18,12,26.9284)->(19,12,27.4284)->(20,12,27.9284)->(21,12,28.4284)->(22,12,28.9284)->(23,12,29.4284)->(24,12,29.9284)->(25,12,30.4284)->(26,12,30.9463)->(27,12,31.5142)->(28,12,32.1963)->(29,12,33.5142)->(30,12,35.7284)->(30,11,37.9426)->(30,10,39.3568)->(30,9,40.771)->(30,8,5020.09)->
Agent 23:(10,6,1.8)->(9,6,3.01421)->(8,6,4.33205)->(7,6,5.02382)->(6,6,5.65949)->(5,6,6.35126)->(4,6,7.6691)->(3,6,9.88331)->(3,7,12.0975)->(3,8,13.4314)->(3,9,14.2598)->(3,10,15.5937)->(3,11,19.3829)->(4,11,32.9789)->(4,12,45.0284)->(4,13,5022.51)->
Agent 24:(21,15,1.3)->(21,16,2.01421)->(21,17,3.42843)->(21,18,4.84264)->(21,19,9.15)->(22,19,13.4574)->(23,19,14.8716)->(24,19,16.2858)->(25,19,18.5)->(25,18,20.7142)->(25,17,22.0321)->(25,16,22.7142)->(25,15,23.2821)->(25,14,23.8)->(25,13,24.3)->(25,12,24.8)->(25,11,25.3)->(25,10,25.8)->(25,9,26.3)->(25,8,26.8)->(25,7,27.3179)->(25,6,27.8858)->(25,5,28.5679)->(25,4,29.8858)->(25,3,32.5142)->(24,3,36.5284)->(24,4,5018.66)->
Agent 25:(23,13,1.71421)->(23,14,7.96421)->(23,13,14.7426)->(23,12,16.0605)->(23,11,16.7426)->(23,10,17.3105)->(23,9,17.8284)->(23,8,18.3284)->(23,7,18.8284)->(23,6,19.3464)->(23,5,19.9142)->(23,4,20.5964)->(23,3,21.9142)->(23,2,24.1284)->(22,2,26.3426)->(21,2,27.7569)->(20,2,29.1711)->(19,2,5014.29)->
Agent 26:(2,9,1.8)->(3,9,3.01421)->(4,9,4.33205)->(5,9,5.01421)->(6,9,5.58205)->(7,9,6.1)->(8,9,6.6)->(9,9,7.11795)->(10,9,7.68579)->(11,9,8.36795)->(12,9,9.68579)->(13,9,11.9)->(13,8,14.1142)->(13,7,15.4321)->(13,6,16.1142)->(13,5,16.6821)->(13,4,17.2179)->(13,3,17.7858)->(13,2,18.4679)->(13,1,19.7858)->(13,0,26.8463)->(13,1,33.942)->(13,2,35.942)->(13,3,5017.7)->
Agent 27:(8,8,1.3)->(8,9,2.01421)->(8,10,3.33205)->(8,11,4.01421)->(8,12,4.6)->(8,13,5.18579)->(8,14,5.86795)->(8,15,7.18579)->(8,16,9.4)->(7,16,12.2)->(6,16,18.6821)->(6,15,25.1641)->(6,14,28.3783)->(7,14,5014.38)->
Agent 28:(12,4,8.4642)->(12,5,16.3426)->(12,6,17.6605)->(12,7,18.3426)->(12,8,18.9105)->(12,9,19.4284)->(12,10,19.9284)->(12,11,20.4284)->(12,12,20.9284)->(12,13,21.4284)->(12,14,21.9284)->(12,15,22.4284)->(12,16,22.9284)->(12,17,23.4284)->(12,18,23.9284)->(12,19,24.4284)->(12,20,24.9284)->(12,21,25.4284)->(12,22,25.9284)->(12,23,26.4284)->(12,24,26.9284)->(12,25,27.4284)->(12,26,27.9463)->(12,27,28.5142)->(12,28,29.1963)->(12,29,30.5142)->(12,30,32.7284)->(11,30,34.9426)->(10,30,36.3568)->(9,30,37.771)->(8,30,5018.59)->
Agent 29:(1,10,1.3)->(1,11,2.01421)->(1,12,3.33205)->(1,13,4.01421)->(1,14,4.6)->(1,15,5.18579)->(1,16,5.86795)->(1,17,7.18579)->(1,18,10.6321)->(2,18,14.0783)->(3,18,15.3962)->(4,18,16.0783)->(5,18,16.6462)->(6,18,17.1641)->(7,18,17.6821)->(8,18,18.2499)->(9,18,18.9321)->(10,18,20.2499)->(11,18,26.9321)->(11,19,33.6142)->(11,20,34.9321)->(11,21,35.6142)->(11,22,36.1821)->(11,23,36.7)->(11,24,37.2179)->(11,25,37.7858)->(11,26,38.4679)->(11,27,39.7858)->(11,28,5019.6)->
Agent 30:(2,11,1.3)->(2,12,2.6)->(2,13,12.7717)->(3,13,22.3576)->(4,13,23.6754)->(5,13,24.4075)->(6,13,25.1395)->(7,13,26.4574)->(8,13,5012.94)->
Agent 31:(18,25,4.46421)->(18,26,9.31421)->(19,26,11.9426)->(20,26,13.2605)->(21,26,13.9426)->(22,26,14.5105)->(23,26,15.0464)->(24,26,15.6142)->(25,26,16.2964)->(26,26,17.6142)->(27,26,19.8284)->(27,27,22.0426)->(27,28,23.3765)->(27,29,24.2049)->(27,30,25.5388)->(27,31,27.753)->(28,31,30.0025)->(29,31,32.0025)->(30,31,5015.73)->
Agent 32:(30,9,2.95)->(30,10,5.31421)->(30,11,6.64806)->(30,12,7.47649)->(30,13,8.81034)->(30,14,12.7123)->(29,14,16.6142)->(28,14,17.9321)->(27,14,18.6142)->(26,14,19.1821)->(25,14,19.7)->(24,14,20.2)->(23,14,20.7)->(22,14,21.2)->(21,14,21.7)->(20,14,22.2)->(19,14,22.7)->(18,14,23.2)->(17,14,23.7)->(16,14,24.2)->(15,14,24.7)->(14,14,25.2)->(13,14,25.7)->(12,14,26.2179)->(11,14,26.7858)->(10,14,27.4679)->(9,14,28.7858)->(8,14,31.7322)->(8,15,34.6785)->(8,16,35.9964)->(8,17,36.6785)->(8,18,37.2464)->(8,19,37.7643)->(8,20,38.2643)->(8,21,38.7643)->(8,22,39.2643)->(8,23,39.7643)->(8,24,40.2823)->(8,25,40.8501)->(8,26,41.5323)->(8,27,42.8501)->(8,28,45.4785)->(7,28,49.4928)->(7,29,5025.15)->
Agent 33:(16,12,3.11784)->(16,13,5.64989)->(16,14,6.96773)->(16,15,7.64989)->(16,16,8.21773)->(16,17,8.73567)->(16,18,9.23567)->(16,19,9.73567)->(16,20,10.2536)->(16,21,10.8215)->(16,22,11.5036)->(16,23,12.8215)->(16,24,18.2105)->(17,24,23.5995)->(18,24,24.9173)->(19,24,25.5995)->(20,24,26.1853)->(21,24,26.7711)->(22,24,27.4532)->(23,24,28.7711)->(24,24,5014.09)->
Agent 34:(31,9,1.3)->(31,10,2.01421)->(31,11,3.33205)->(31,12,4.01421)->(31,13,4.58205)->(31,14,5.1)->(31,15,5.6)->(31,16,6.1)->(31,17,6.6)->(31,18,7.1)->(31,19,7.6)->(31,20,8.1)->(31,21,8.61795)->(31,22,9.18579)->(31,23,9.86795)->(31,24,11.1858)->(31,25,13.4179)->(30,25,15.6501)->(29,25,16.9679)->(28,25,17.6501)->(27,25,18.2179)->(26,25,18.7359)->(25,25,19.2359)->(24,25,19.7359)->(23,25,20.2359)->(22,25,20.7359)->(21,25,21.2359)->(20,25,21.7359)->(19,25,22.2538)->(18,25,22.8217)->(17,25,23.5038)->(16,25,24.8217)->(15,25,27.0359)->(15,26,29.8359)->(15,27,32.6359)->(14,27,34.8501)->(13,27,36.1679)->(12,27,36.8501)->(11,27,37.4359)->(10,27,38.0217)->(9,27,38.7038)->(8,27,40.0217)->(7,27,5019.72)->
Agent 35:(2,14,3.3)->(3,14,6.01421)->(4,14,7.33205)->(5,14,8.01421)->(6,14,8.58205)->(7,14,9.1)->(8,14,9.6)->(9,14,10.1)->(10,14,10.6179)->(11,14,11.1858)->(12,14,11.8679)->(13,14,13.1858)->(14,14,16.4)->(14,15,19.6142)->(14,16,20.9321)->(14,17,21.6142)->(14,18,22.1821)->(14,19,22.7)->(14,20,23.2)->(14,21,23.7)->(14,22,24.2)->(14,23,24.7)->(14,24,25.2)->(14,25,25.7)->(14,26,26.2179)->(14,27,26.7858)->(14,28,27.4679)->(14,29,28.7858)->(14,30,31)->(15,30,33.8)->(16,30,5016.9)->
Agent 36:(2,8,2.61421)->(2,7,6.91421)->(2,8,14.5443)->(3,8,19.9029)->(4,8,21.2207)->(5,8,21.9029)->(6,8,22.4707)->(7,8,22.9887)->(8,8,23.4887)->(9,8,23.9887)->(10,8,24.4887)->(11,8,24.9887)->(12,8,25.4887)->(13,8,26.0066)->(14,8,26.5744)->(15,8,27.2566)->(16,8,28.5744)->(17,8,31.6171)->(17,9,5016.21)->
Agent 37:(21,12,1.3)->(21,13,2.01421)->(21,14,3.34806)->(21,15,4.17649)->(21,16,5.51034)->(21,17,9.06421)->(22,17,12.6181)->(23,17,13.9519)->(24,17,14.7804)->(25,17,16.1142)->(26,17,18.7426)->(26,18,5009.56)->
Agent 38:(21,6,1.8)->(22,6,3.01421)->(23,6,4.33205)->(24,6,5.01421)->(25,6,5.58205)->(26,6,6.1)->(27,6,6.61795)->(28,6,7.18579)->(29,6,7.86795)->(30,6,9.18579)->(31,6,11.4)->(31,7,13.6142)->(31,8,14.9321)->(31,9,15.6142)->(31,10,16.1821)->(31,11,16.7)->(31,12,17.2)->(31,13,17.7)->(31,14,18.2)->(31,15,18.7)->(31,16,19.2)->(31,17,19.7)->(31,18,20.2)->(31,19,20.7179)->(31,20,21.2858)->(31,21,21.9679)->(31,22,23.2858)->(31,23,5011.35)->
Agent 39:(9,30,5.2142)->(9,29,9.84261)->(9,28,11.1605)->(9,27,11.8426)->(9,26,12.4105)->(9,25,12.9284)->(9,24,13.4284)->(9,23,13.9284)->(9,22,14.4284)->(9,21,14.9284)->(9,20,15.4284)->(9,19,15.9284)->(9,18,16.4284)->(9,17,16.9284)->(9,16,17.4284)->(9,15,17.9284)->(9,14,18.4284)->(9,13,18.9284)->(9,12,19.4284)->(9,11,19.9284)->(9,10,20.4284)->(9,9,20.9284)->(9,8,21.4463)->(9,7,22.0142)->(9,6,22.6963)->(9,5,24.0142)->(9,4,26.2284)->(10,4,28.4426)->(11,4,29.7605)->(12,4,30.4426)->(13,4,31.0105)->(14,4,31.5284)->(15,4,32.0284)->(16,4,32.5284)->(17,4,33.0284)->(18,4,33.5284)->(19,4,34.0284)->(20,4,34.5284)->(21,4,35.0284)->(22,4,35.5284)->(23,4,36.0284)->(24,4,36.5284)->(25,4,37.0284)->(26,4,37.5284)->(27,4,38.0463)->(28,4,38.6142)->(29,4,39.2963)->(30,4,40.6142)->(31,4,43.2426)->(31,5,5021.81)->
Agent 40:(8,5,4.83205)->(8,6,9.11359)->(8,7,11.1136)->(8,8,14.7815)->(9,8,18.4142)->(10,8,19.7321)->(11,8,20.4142)->(12,8,20.9821)->(13,8,21.5)->(14,8,22.0179)->(15,8,22.5858)->(16,8,23.2679)->(17,8,24.5858)->(18,8,28.1179)->(18,9,5014.7)->
Agent 41:(4,18,1.3)->(4,19,2.04949)->(4,20,4.04949)->(4,21,6.71319)->(3,21,14.1921)->(3,20,20.6995)->(3,19,22.0173)->(3,18,22.6995)->(3,17,23.2673)->(3,16,23.7853)->(3,15,24.2853)->(3,14,24.7853)->(3,13,25.2853)->(3,12,25.7853)->(3,11,26.2853)->(3,10,26.7853)->(3,9,27.2853)->(3,8,27.8032)->(3,7,28.3711)->(3,6,29.0532)->(3,5,30.3711)->(3,4,32.9995)->(4,4,5016.69)->
Agent 42:(2,22,5.9642)->(3,22,11.3426)->(4,22,12.6605)->(5,22,13.3426)->(6,22,13.9105)->(7,22,14.4284)->(8,22,14.9284)->(9,22,15.4284)->(10,22,15.9284)->(11,22,16.4284)->(12,22,16.9284)->(13,22,17.4284)->(14,22,17.9284)->(15,22,18.4284)->(16,22,18.9284)->(17,22,19.4284)->(18,22,19.9284)->(19,22,20.4284)->(20,22,20.9284)->(21,22,21.4284)->(22,22,21.9284)->(23,22,22.4284)->(24,22,22.9284)->(25,22,23.4284)->(26,22,23.9463)->(27,22,24.5142)->(28,22,25.1963)->(29,22,26.5142)->(30,22,28.7284)->(30,23,30.9426)->(30,24,32.2765)->(30,25,33.1049)->(30,26,34.4387)->(30,27,5016.93)->
Agent 43:(4,22,2.05)->(5,22,3.51421)->(6,22,4.83205)->(7,22,5.51421)->(8,22,6.08205)->(9,22,6.6)->(10,22,7.1)->(11,22,7.6)->(12,22,8.1)->(13,22,8.6)->(14,22,9.1)->(15,22,9.61795)->(16,22,10.1858)->(17,22,10.8679)->(18,22,12.1858)->(19,22,14.65)->(19,21,17.1142)->(19,20,18.4321)->(19,19,19.1142)->(19,18,19.6821)->(19,17,20.2)->(19,16,20.7)->(19,15,21.2)->(19,14,21.7)->(19,13,22.2)->(19,12,22.7179)->(19,11,23.2858)->(19,10,23.9679)->(19,9,25.2858)->(19,8,5012.35)->
Agent 44:(26,16,2.2)->(26,15,3.81421)->(26,14,5.13205)->(26,13,5.81421)->(26,12,6.38205)->(26,11,6.9)->(26,10,7.4)->(26,9,7.9)->(26,8,8.4)->(26,7,8.9)->(26,6,9.4)->(26,5,9.91795)->(26,4,10.4858)->(26,3,11.1679)->(26,2,12.4858)->(26,1,14.7)->(25,1,16.9142)->(24,1,18.2321)->(23,1,18.9142)->(22,1,19.4821)->(21,1,20)->(20,1,20.5)->(19,1,21.0179)->(18,1,21.5858)->(17,1,22.2679)->(16,1,23.5858)->(15,1,26.2142)->(15,2,29.8142)->(14,2,32.4426)->(13,2,33.7605)->(12,2,34.4426)->(11,2,35.0105)->(10,2,35.5284)->(9,2,36.0284)->(8,2,36.5284)->(7,2,37.0284)->(6,2,37.5284)->(5,2,38.0464)->(4,2,38.6142)->(3,2,39.2964)->(2,2,40.6142)->(1,2,5020.01)->
Agent 45:(27,24,2.03772)->(26,24,3.48966)->(25,24,4.82351)->(24,24,5.65194)->(23,24,6.98579)->(22,24,12.3858)->(22,23,17.7858)->(22,22,19.1036)->(22,21,19.7858)->(22,20,20.3536)->(22,19,20.8716)->(22,18,21.3716)->(22,17,21.8716)->(22,16,22.3716)->(22,15,22.8716)->(22,14,23.3716)->(22,13,23.8716)->(22,12,24.3716)->(22,11,24.8716)->(22,10,25.3716)->(22,9,25.8716)->(22,8,26.3716)->(22,7,26.8716)->(22,6,27.3716)->(22,5,27.8716)->(22,4,28.3895)->(22,3,28.9574)->(22,2,29.6395)->(22,1,30.9574)->(22,0,5015.19)->
Agent 46:(22,20,1.8)->(21,20,3.01421)->(20,20,4.33205)->(19,20,5.01421)->(18,20,5.58205)->(17,20,6.1)->(16,20,6.6)->(15,20,7.1)->(14,20,7.6)->(13,20,8.1)->(12,20,8.61795)->(11,20,9.18579)->(10,20,9.86795)->(9,20,11.1858)->(8,20,13.4)->(8,19,15.6142)->(8,18,16.9321)->(8,17,17.6142)->(8,16,18.2)->(8,15,18.7858)->(8,14,19.4679)->(8,13,20.7858)->(8,12,5010.1)->
Agent 47:(19,24,1.8)->(18,24,3.01421)->(17,24,4.42843)->(16,24,5.84264)->(15,24,10.6284)->(15,23,15.4142)->(15,22,16.7321)->(15,21,17.4142)->(15,20,17.9821)->(15,19,18.5)->(15,18,19)->(15,17,19.5)->(15,16,20)->(15,15,20.5)->(15,14,21)->(15,13,21.5)->(15,12,22)->(15,11,22.5)->(15,10,23)->(15,9,23.5)->(15,8,24)->(15,7,24.5179)->(15,6,25.0858)->(15,5,25.7679)->(15,4,27.0858)->(15,3,29.3)->(14,3,31.5142)->(13,3,32.8321)->(12,3,33.5142)->(11,3,34.0821)->(10,3,34.6)->(9,3,35.1)->(8,3,35.6)->(7,3,36.1)->(6,3,36.6)->(5,3,37.1179)->(4,3,37.6858)->(3,3,38.3679)->(2,3,39.6858)->(1,3,5019.55)->
Agent 48:(11,19,2.2)->(11,18,3.81421)->(11,17,5.13205)->(11,16,5.81421)->(11,15,6.4)->(11,14,6.98579)->(11,13,7.66795)->(11,12,8.98579)->(11,11,11.2)->(12,11,13.4142)->(13,11,14.7321)->(14,11,15.4142)->(15,11,15.9821)->(16,11,16.5)->(17,11,17)->(18,11,17.5)->(19,11,18.0179)->(20,11,18.5858)->(21,11,19.2679)->(22,11,20.5858)->(23,11,5010)->
Agent 49:(6,18,2.05)->(6,19,3.51421)->(6,20,4.83205)->(6,21,5.5641)->(6,22,6.29615)->(6,23,7.61399)->(6,24,10.2424)->(5,24,5005.31)->
Agent 50:(10,8,1.8)->(9,8,3.01421)->(8,8,4.33205)->(7,8,5.01421)->(6,8,5.58205)->(5,8,6.1)->(4,8,6.61795)->(3,8,7.18579)->(2,8,7.86795)->(1,8,9.18579)->(0,8,11.4)->(0,9,13.6142)->(0,10,14.9321)->(0,11,15.6142)->(0,12,16.1821)->(0,13,16.7)->(0,14,17.2)->(0,15,17.7)->(0,16,18.2)->(0,17,18.7)->(0,18,19.2)->(0,19,19.7)->(0,20,20.2)->(0,21,20.7)->(0,22,21.2179)->(0,23,21.7858)->(0,24,22.4679)->(0,25,23.7858)->(0,26,5011.6)->
Agent 51:(27,13,1.8)->(26,13,3.01421)->(25,13,4.33205)->(24,13,5.01421)->(23,13,5.58205)->(22,13,6.1)->(21,13,6.6)->(20,13,7.11795)->(19,13,7.68579)->(18,13,8.36795)->(17,13,9.68579)->(16,13,13.65)->(16,14,17.6142)->(16,15,18.9321)->(16,16,19.6142)->(16,17,20.2)->(16,18,20.7858)->(16,19,21.4679)->(16,20,22.7858)->(16,21,5011.1)->
Agent 52:(5,5,2.82841)->(6,5,6.04261)->(6,6,8.67104)->(6,7,10.0049)->(6,8,10.8333)->(6,9,12.1672)->(6,10,5005.79)->
Agent 53:(26,1,2.21421)->(27,1,4.81421)->(27,2,7.44264)->(27,3,8.76048)->(27,4,9.44264)->(27,5,10.0105)->(27,6,10.5284)->(27,7,11.0284)->(27,8,11.5284)->(27,9,12.0284)->(27,10,12.5284)->(27,11,13.0284)->(27,12,13.5284)->(27,13,14.0284)->(27,14,14.5284)->(27,15,15.0284)->(27,16,15.5284)->(27,17,16.0284)->(27,18,16.5284)->(27,19,17.0284)->(27,20,17.5284)->(27,21,18.0464)->(27,22,18.6142)->(27,23,19.2964)->(27,24,20.6142)->(27,25,5010.01)->
Agent 54:(4,6,1.8)->(3,6,3.6)->(2,6,6.4)->(2,5,9.2)->(2,4,14.9)->(2,5,20.0142)->(2,6,21.3321)->(2,7,22.0142)->(2,8,22.5821)->(2,9,23.1)->(2,10,23.6)->(2,11,24.1179)->(2,12,24.6858)->(2,13,25.3679)->(2,14,26.6858)->(2,15,5013.05)->
Agent 55:(14,26,1.8)->(15,26,3.01421)->(16,26,4.33205)->(17,26,5.01421)->(18,26,5.58205)->(19,26,6.11795)->(20,26,6.68579)->(21,26,7.36795)->(22,26,8.68579)->(23,26,10.9)->(23,25,13.7)->(23,24,20.5284)->(23,25,27.3569)->(23,26,5013.68)->
Agent 56:(12,26,2.2)->(12,25,3.81421)->(12,24,5.13205)->(12,23,5.81421)->(12,22,6.38205)->(12,21,6.91795)->(12,20,7.48579)->(12,19,8.16795)->(12,18,9.48579)->(12,17,12.8179)->(11,17,16.1501)->(10,17,17.4679)->(9,17,18.1501)->(8,17,18.7179)->(7,17,19.2359)->(6,17,19.7359)->(5,17,20.2538)->(4,17,20.8217)->(3,17,21.5038)->(2,17,22.8217)->(1,17,5011.12)->
Agent 57:(25,17,1.8)->(26,17,3.04949)->(27,17,5.04949)->(28,17,7.29898)->(28,18,9.51319)->(28,19,10.831)->(28,20,11.5132)->(28,21,12.081)->(28,22,12.599)->(28,23,13.099)->(28,24,13.599)->(28,25,14.099)->(28,26,14.599)->(28,27,15.1169)->(28,28,15.6848)->(28,29,16.3669)->(28,30,17.6848)->(28,31,19.899)->(29,31,22.1485)->(30,31,24.1485)->(31,31,5011.8)->
Agent 58:(4,7,2.53205)->(4,8,4.51359)->(4,9,6.51359)->(4,10,9.17729)->(5,10,17.4957)->(5,11,24.8426)->(5,12,26.1605)->(5,13,26.8426)->(5,14,27.4105)->(5,15,27.9284)->(5,16,28.4284)->(5,17,28.9284)->(5,18,29.4284)->(5,19,29.9463)->(5,20,30.5142)->(5,21,31.1963)->(5,22,32.5142)->(5,23,37.1641)->(6,23,41.814)->(7,23,43.1318)->(8,23,43.814)->(9,23,44.3818)->(10,23,44.8998)->(11,23,45.3998)->(12,23,45.8998)->(13,23,46.4177)->(14,23,46.9856)->(15,23,47.6677)->(16,23,48.9856)->(17,23,5024.2)->
Agent 59:(29,13,1.3)->(29,14,2.01421)->(29,15,3.34806)->(29,16,4.17649)->(29,17,5.51034)->(29,18,8.13877)->(30,18,15.6907)->(29,18,5010.01)->
Agent 60:(15,21,1.71421)->(15,22,3.85)->(16,22,6.51421)->(17,22,7.83205)->(18,22,8.51421)->(19,22,9.08205)->(20,22,9.6)->(21,22,10.1)->(22,22,10.6)->(23,22,11.1)->(24,22,11.6179)->(25,22,12.1858)->(26,22,12.8679)->(27,22,14.1858)->(28,22,16.8142)->(28,21,22.9784)->(28,22,5012.96)->
Agent 61:(15,0,1.69433)->(15,1,2.80287)->(15,2,4.12071)->(15,3,4.80287)->(15,4,5.37071)->(15,5,5.88866)->(15,6,6.38866)->(15,7,6.88866)->(15,8,7.38866)->(15,9,7.88866)->(15,10,8.38866)->(15,11,8.88866)->(15,12,9.38866)->(15,13,9.90661)->(15,14,10.4744)->(15,15,11.1566)->(15,16,12.4744)->(15,17,14.6887)->(14,17,16.9029)->(13,17,18.2207)->(12,17,18.9528)->(11,17,19.6848)->(10,17,21.0026)->(9,17,24.0311)->(10,17,31.0406)->(9,17,37.2643)->(8,17,5018.63)->
Agent 62:(0,27,5.66048)->(1,27,10.7352)->(2,27,12.053)->(3,27,12.7352)->(4,27,13.303)->(5,27,13.821)->(6,27,14.321)->(7,27,14.821)->(8,27,15.321)->(9,27,15.821)->(10,27,16.321)->(11,27,16.821)->(12,27,17.321)->(13,27,17.821)->(14,27,18.321)->(15,27,18.821)->(16,27,19.321)->(17,27,19.821)->(18,27,20.3389)->(19,27,20.9067)->(20,27,21.5889)->(21,27,22.9067)->(22,27,25.121)->(22,26,27.3352)->(22,25,28.653)->(22,24,29.3448)->(22,23,29.9805)->(22,22,30.6722)->(22,21,31.9901)->(22,20,34.2043)->(23,20,37.0043)->(24,20,5018.5)->
Agent 63:(24,12,1.8)->(25,12,3.01421)->(26,12,4.42843)->(27,12,5.84264)->(28,12,8.05685)->(28,13,10.2711)->(28,14,11.6049)->(28,15,12.4333)->(28,16,13.7672)->(28,17,16.3956)->(27,17,5008.39)->
Agent 64:(21,19,1.8)->(22,19,3.04949)->(23,19,5.04949)->(24,19,7.29898)->(24,18,9.51319)->(24,17,10.831)->(24,16,11.5132)->(24,15,12.081)->(24,14,12.599)->(24,13,13.099)->(24,12,13.599)->(24,11,14.099)->(24,10,14.6169)->(24,9,15.1848)->(24,8,15.8669)->(24,7,17.1848)->(24,6,5008.3)->
Agent 65:(12,20,2.2)->(12,19,3.81421)->(12,18,5.14806)->(12,17,5.97649)->(12,16,7.31034)->(12,15,9.52456)->(11,15,11.7388)->(10,15,13.0566)->(9,15,13.7388)->(8,15,14.3066)->(7,15,14.8246)->(6,15,15.3246)->(5,15,15.8425)->(4,15,16.4103)->(3,15,17.0925)->(2,15,18.4103)->(1,15,25.2265)->(1,14,32.6284)->(1,13,37.8284)->(2,13,43.0284)->(3,13,5021.51)->
Agent 66:(30,1,1.3)->(30,2,2.01421)->(30,3,3.33205)->(30,4,4.0641)->(30,5,4.79615)->(30,6,6.11399)->(30,7,12.0264)->(29,7,17.9388)->(28,7,19.2566)->(27,7,19.9388)->(26,7,20.5066)->(25,7,21.0246)->(24,7,21.5246)->(23,7,22.0246)->(22,7,22.5246)->(21,7,23.0246)->(20,7,23.5246)->(19,7,24.0246)->(18,7,24.5246)->(17,7,25.0246)->(16,7,25.5425)->(15,7,26.1103)->(14,7,26.7925)->(13,7,28.1103)->(12,7,5013.76)->
Agent 67:(26,22,2.35)->(26,21,4.11421)->(26,20,5.43205)->(26,19,6.11421)->(26,18,6.68205)->(26,17,7.2)->(26,16,7.7)->(26,15,8.2)->(26,14,8.7)->(26,13,9.21795)->(26,12,9.78579)->(26,11,10.4679)->(26,10,11.7858)->(26,9,18.0537)->(25,9,24.3217)->(24,9,25.6395)->(23,9,26.3217)->(22,9,26.8895)->(21,9,27.4075)->(20,9,27.9075)->(19,9,28.4075)->(18,9,28.9075)->(17,9,29.4075)->(16,9,29.9075)->(15,9,30.4254)->(14,9,30.9933)->(13,9,31.6754)->(12,9,32.9933)->(11,9,5016.2)->
Agent 68:(30,24,2.2)->(30,23,3.81421)->(30,22,5.13205)->(30,21,5.81421)->(30,20,6.38205)->(30,19,6.91795)->(30,18,7.48579)->(30,17,8.16795)->(30,16,9.48579)->(30,15,11.8)->(29,15,14.1142)->(28,15,15.4321)->(27,15,16.1142)->(26,15,16.6821)->(25,15,17.2)->(24,15,17.7)->(23,15,18.2)->(22,15,18.7)->(21,15,19.2)->(20,15,19.7)->(19,15,20.2)->(18,15,20.7179)->(17,15,21.2858)->(16,15,21.9679)->(15,15,23.2858)->(14,15,5011.35)->
Agent 69:(26,31,1.8)->(25,31,3.01421)->(24,31,4.33205)->(23,31,5.01421)->(22,31,5.58205)->(21,31,6.1)->(20,31,6.6)->(19,31,7.1)->(18,31,7.6)->(17,31,8.11795)->(16,31,8.68579)->(15,31,9.36795)->(14,31,10.6858)->(13,31,15.2784)->(13,30,19.8711)->(13,29,21.1889)->(13,28,21.8711)->(13,27,22.4389)->(13,26,22.9569)->(13,25,23.4569)->(13,24,23.9569)->(13,23,24.4748)->(13,22,25.0426)->(13,21,25.7248)->(13,20,27.0426)->(13,19,29.6711)->(12,19,5015.03)->
Agent 70:(7,18,1.3)->(7,19,2.04949)->(7,20,4.04949)->(7,21,6.71319)->(6,21,15.6674)->(6,20,23.6501)->(6,19,24.9679)->(6,18,25.7)->(6,17,26.4321)->(6,16,27.7499)->(6,15,5013.58)->
Agent 71:(18,19,1.3)->(18,20,2.6)->(18,21,5.40823)->(17,21,7.63067)->(16,21,8.94851)->(15,21,9.64028)->(14,21,10.276)->(13,21,10.9677)->(12,21,12.2856)->(11,21,16.6141)->(11,20,26.45)->(12,20,34.2)->(13,20,5017.1)->
Agent 72:(19,19,1.73216)->(19,20,2.87854)->(19,21,4.19638)->(19,22,4.87854)->(19,23,5.46433)->(19,24,6.05011)->(19,25,6.73227)->(19,26,8.05011)->(19,27,10.2643)->(20,27,12.4785)->(21,27,13.7964)->(22,27,14.4785)->(23,27,15.0464)->(24,27,15.5823)->(25,27,16.1501)->(26,27,16.8323)->(27,27,18.1501)->(28,27,20.3643)->(28,28,22.6138)->(28,29,24.6138)->(28,30,5012.03)->
Agent 73:(30,10,1.95)->(29,10,3.31421)->(28,10,4.63205)->(27,10,5.31421)->(26,10,5.88205)->(25,10,6.4)->(24,10,6.9)->(23,10,7.4)->(22,10,7.9)->(21,10,8.4)->(20,10,8.9)->(19,10,9.4)->(18,10,9.9)->(17,10,10.4)->(16,10,10.9)->(15,10,11.4)->(14,10,11.9)->(13,10,12.4)->(12,10,12.9)->(11,10,13.4179)->(10,10,13.9858)->(9,10,14.6679)->(8,10,15.9858)->(7,10,18.2)->(7,11,20.4142)->(7,12,21.7321)->(7,13,22.4142)->(7,14,23)->(7,15,23.5858)->(7,16,24.2679)->(7,17,25.5858)->(7,18,27.8)->(6,18,30.0142)->(5,18,31.3321)->(4,18,32.0238)->(3,18,32.6595)->(2,18,33.3513)->(1,18,34.6691)->(0,18,5017.04)->
Agent 74:(30,29,2.2)->(30,28,3.81421)->(30,27,5.13205)->(30,26,5.81421)->(30,25,6.4)->(30,24,6.98579)->(30,23,7.66795)->(30,22,8.98579)->(30,21,11.55)->(29,21,14.1142)->(28,21,15.4321)->(27,21,16.1142)->(26,21,16.6821)->(25,21,17.2)->(24,21,17.7)->(23,21,18.2)->(22,21,18.7)->(21,21,19.2)->(20,21,19.7)->(19,21,20.2)->(18,21,20.7)->(17,21,21.2)->(16,21,21.7)->(15,21,22.2)->(14,21,22.7)->(13,21,23.2)->(12,21,23.7)->(11,21,24.2179)->(10,21,24.7858)->(9,21,25.4679)->(8,21,26.7858)->(7,21,5013.1)->
Agent 75:(19,27,1.8)->(18,27,3.6)->(17,27,9.56228)->(18,27,14.9388)->(19,27,16.2566)->(20,27,16.9887)->(21,27,17.7207)->(22,27,19.0385)->(23,27,5009.23)->
Agent 76:(1,20,1.4142)->(1,21,2.24261)->(1,22,3.56045)->(1,23,4.2925)->(1,24,5.02455)->(1,25,6.34239)->(1,26,9.80673)->(2,26,13.2711)->(3,26,14.5889)->(4,26,15.2711)->(5,26,15.8389)->(6,26,16.3569)->(7,26,16.8569)->(8,26,17.3569)->(9,26,17.8569)->(10,26,18.3569)->(11,26,18.8569)->(12,26,19.3569)->(13,26,19.8569)->(14,26,20.3569)->(15,26,20.8569)->(16,26,21.3569)->(17,26,21.8569)->(18,26,22.3569)->(19,26,22.8569)->(20,26,23.3748)->(21,26,23.9426)->(22,26,24.6248)->(23,26,25.9426)->(24,26,28.1569)->(24,27,30.3711)->(24,28,31.7853)->(24,29,33.1995)->(24,30,5016.31)->
Agent 77:(16,0,6.3141)->(16,1,12.0424)->(16,2,13.3603)->(16,3,14.0424)->(16,4,14.6103)->(16,5,15.1282)->(16,6,15.6282)->(16,7,16.1282)->(16,8,16.6282)->(16,9,17.1282)->(16,10,17.6282)->(16,11,18.1282)->(16,12,18.6282)->(16,13,19.1462)->(16,14,19.714)->(16,15,20.3962)->(16,16,21.714)->(16,17,23.9282)->(17,17,26.1424)->(18,17,27.4603)->(19,17,28.1424)->(20,17,28.7103)->(21,17,29.2282)->(22,17,29.7462)->(23,17,30.314)->(24,17,30.9962)->(25,17,32.314)->(26,17,5015.86)->
Agent 78:(14,27,2.8)->(14,26,5.01421)->(14,25,6.33205)->(14,24,7.01421)->(14,23,7.58205)->(14,22,8.1)->(14,21,8.6)->(14,20,9.1)->(14,19,9.6)->(14,18,10.1)->(14,17,10.6)->(14,16,11.1)->(14,15,11.6)->(14,14,12.1)->(14,13,12.6)->(14,12,13.1)->(14,11,13.6)->(14,10,14.1)->(14,9,14.6)->(14,8,15.1)->(14,7,15.6)->(14,6,16.1)->(14,5,16.6179)->(14,4,17.1858)->(14,3,17.8679)->(14,2,19.1858)->(14,1,21.4)->(13,1,23.6495)->(12,1,25.6495)->(11,1,5012.55)->
Agent 79:(18,13,3.53205)->(17,13,6.47832)->(16,13,7.81217)->(15,13,8.64059)->(14,13,9.97444)->(13,13,12.4264)->(13,12,15.4641)->(13,11,19.1963)->(12,11,22.9284)->(11,11,26.1426)->(11,12,5013.26)->
Agent 80:(15,13,1.8)->(14,13,3.01421)->(13,13,4.33205)->(12,13,5.01421)->(11,13,5.58205)->(10,13,6.11795)->(9,13,6.68579)->(8,13,7.36795)->(7,13,8.68579)->(6,13,14.1605)->(6,12,5008.7)->
Agent 81:(9,2,1.8)->(10,2,3.6)->(11,2,7.40051)->(11,3,10.6505)->(11,4,12.6505)->(11,5,5006.05)->
Agent 82:(13,10,2.11784)->(13,11,3.64989)->(13,12,4.96773)->(13,13,5.64989)->(13,14,6.21773)->(13,15,6.73567)->(13,16,7.23567)->(13,17,7.73567)->(13,18,8.23567)->(13,19,8.73567)->(13,20,9.23567)->(13,21,9.73567)->(13,22,10.2357)->(13,23,10.7357)->(13,24,11.2357)->(13,25,11.7536)->(13,26,12.3215)->(13,27,13.0036)->(13,28,14.3215)->(13,29,16.5357)->(12,29,18.7499)->(11,29,20.0837)->(10,29,20.9122)->(9,29,22.246)->(8,29,24.8744)->(8,28,29.2887)->(8,29,5015.24)->
Agent 83:(13,30,1.8)->(14,30,3.01421)->(15,30,4.34806)->(16,30,5.17649)->(17,30,6.51034)->(18,30,8.72456)->(18,29,10.9388)->(18,28,12.2566)->(18,27,12.9388)->(18,26,13.5066)->(18,25,14.0246)->(18,24,14.5246)->(18,23,15.0246)->(18,22,15.5246)->(18,21,16.0246)->(18,20,16.5246)->(18,19,17.0246)->(18,18,17.5246)->(18,17,18.0246)->(18,16,18.5246)->(18,15,19.0246)->(18,14,19.5246)->(18,13,20.0246)->(18,12,20.5246)->(18,11,21.0246)->(18,10,21.5246)->(18,9,22.0425)->(18,8,22.6103)->(18,7,23.2925)->(18,6,24.6103)->(18,5,5012.01)->
Agent 84:(1,13,1.3)->(1,14,2.01421)->(1,15,3.33205)->(1,16,4.02382)->(1,17,4.65949)->(1,18,5.35126)->(1,19,6.6691)->(1,20,9.64166)->(2,20,12.6142)->(3,20,13.9321)->(4,20,14.6142)->(5,20,15.1821)->(6,20,15.7)->(7,20,16.2)->(8,20,16.7)->(9,20,17.2)->(10,20,17.7)->(11,20,18.2)->(12,20,18.7)->(13,20,19.2)->(14,20,19.7)->(15,20,20.2)->(16,20,20.7)->(17,20,21.2)->(18,20,21.7)->(19,20,22.2)->(20,20,22.7)->(21,20,23.2)->(22,20,23.7)->(23,20,24.2)->(24,20,24.7)->(25,20,25.2)->(26,20,25.7179)->(27,20,26.2858)->(28,20,26.9679)->(29,20,28.2858)->(30,20,5013.85)->
Agent 85:(20,28,3.85)->(20,27,7.11421)->(20,26,8.43205)->(20,25,9.11421)->(20,24,9.68205)->(20,23,10.2)->(20,22,10.7)->(20,21,11.2)->(20,20,11.7)->(20,19,12.2)->(20,18,12.7)->(20,17,13.2)->(20,16,13.7)->(20,15,14.2)->(20,14,14.7)->(20,13,15.2)->(20,12,15.7)->(20,11,16.2)->(20,10,16.7)->(20,9,17.2)->(20,8,17.7)->(20,7,18.2)->(20,6,18.7)->(20,5,19.2179)->(20,4,19.7858)->(20,3,20.4679)->(20,2,21.7858)->(20,1,24)->(19,1,26.2495)->(18,1,28.2495)->(17,1,5013.85)->
Agent 86:(4,23,1.8)->(5,23,3.01421)->(6,23,4.33205)->(7,23,5.01421)->(8,23,5.58205)->(9,23,6.1)->(10,23,6.6)->(11,23,7.1)->(12,23,7.6)->(13,23,8.1)->(14,23,8.6)->(15,23,9.1)->(16,23,9.6)->(17,23,10.1179)->(18,23,10.6858)->(19,23,11.3679)->(20,23,12.6858)->(21,23,15.9)->(21,22,19.1142)->(21,21,20.4321)->(21,20,21.1142)->(21,19,21.6821)->(21,18,22.2)->(21,17,22.7)->(21,16,23.2)->(21,15,23.7)->(21,14,24.2179)->(21,13,24.7858)->(21,12,25.4679)->(21,11,26.7858)->(21,10,5013.1)->
Agent 87:(25,1,3.1)->(25,2,5.61421)->(25,3,6.93205)->(25,4,7.61421)->(25,5,8.18205)->(25,6,8.7)->(25,7,9.2)->(25,8,9.7)->(25,9,10.2)->(25,10,10.7)->(25,11,11.2)->(25,12,11.7)->(25,13,12.2)->(25,14,12.7)->(25,15,13.2)->(25,16,13.7)->(25,17,14.2)->(25,18,14.7)->(25,19,15.2)->(25,20,15.7)->(25,21,16.2)->(25,22,16.7)->(25,23,17.2)->(25,24,17.7)->(25,25,18.2179)->(25,26,18.7858)->(25,27,19.4679)->(25,28,20.7858)->(25,29,5010.1)->
Agent 88:(20,8,2.21421)->(21,8,5.38399)->(21,9,8.58219)->(21,10,9.90002)->(21,11,10.5822)->(21,12,11.15)->(21,13,11.668)->(21,14,12.168)->(21,15,12.6859)->(21,16,13.2538)->(21,17,13.9359)->(21,18,15.2538)->(21,19,17.8822)->(20,19,21.734)->(20,20,24.6142)->(20,21,25.9321)->(20,22,26.6142)->(20,23,27.1821)->(20,24,27.7)->(20,25,28.2)->(20,26,28.7)->(20,27,29.2179)->(20,28,29.7858)->(20,29,30.4679)->(20,30,31.7858)->(20,31,5015.6)->
Agent 89:(2,29,4.92843)->(2,28,9.27107)->(2,27,10.5889)->(2,26,11.2711)->(2,25,11.8389)->(2,24,12.3569)->(2,23,12.8748)->(2,22,13.4426)->(2,21,14.1248)->(2,20,15.4426)->(2,19,17.6569)->(3,19,19.8711)->(4,19,21.1889)->(5,19,21.8711)->(6,19,22.4389)->(7,19,22.9569)->(8,19,23.4569)->(9,19,23.9569)->(10,19,24.4569)->(11,19,24.9569)->(12,19,25.4569)->(13,19,25.9569)->(14,19,26.4569)->(15,19,26.9569)->(16,19,27.4569)->(17,19,27.9569)->(18,19,28.4569)->(19,19,28.9569)->(20,19,29.4569)->(21,19,29.9748)->(22,19,30.5426)->(23,19,31.2248)->(24,19,32.5426)->(25,19,5015.98)->
Agent 90:(10,23,2.2)->(10,22,3.81421)->(10,21,5.13205)->(10,20,5.81421)->(10,19,6.38205)->(10,18,6.9)->(10,17,7.4)->(10,16,7.9)->(10,15,8.4)->(10,14,8.9)->(10,13,9.41795)->(10,12,9.98579)->(10,11,10.6679)->(10,10,11.9858)->(10,9,14.2)->(9,9,16.4142)->(8,9,17.7321)->(7,9,18.4641)->(6,9,19.1962)->(5,9,20.514)->(4,9,5009.96)->
Agent 91:(0,8,2.2)->(0,7,3.81421)->(0,6,5.13205)->(0,5,5.8641)->(0,4,6.59615)->(0,3,7.91399)->(0,2,10.7141)->(1,2,13.5142)->(2,2,14.8321)->(3,2,15.5142)->(4,2,16.0821)->(5,2,16.6)->(6,2,17.1)->(7,2,17.6)->(8,2,18.1)->(9,2,18.6)->(10,2,19.1)->(11,2,19.6)->(12,2,20.1)->(13,2,20.6)->(14,2,21.1179)->(15,2,21.6858)->(16,2,22.3679)->(17,2,23.6858)->(18,2,5011.55)->
Agent 92:(10,24,5)->(10,23,9.41421)->(10,22,10.7321)->(10,21,11.4142)->(10,20,11.9821)->(10,19,12.5)->(10,18,13)->(10,17,13.5)->(10,16,14)->(10,15,14.5)->(10,14,15)->(10,13,15.5)->(10,12,16)->(10,11,16.5)->(10,10,17.0179)->(10,9,17.5858)->(10,8,18.2679)->(10,7,19.5858)->(10,6,21.8)->(11,6,24.0495)->(12,6,26.0495)->(13,6,5012.75)->
Agent 93:(28,1,1.8)->(29,1,3.6)->(30,1,6.4)->(30,2,8.61421)->(30,3,9.94806)->(30,4,10.7765)->(30,5,12.1103)->(30,6,5005.76)->
Agent 94:(5,12,2.56795)->(5,11,4.55011)->(5,10,5.86795)->(5,9,6.6)->(5,8,7.33205)->(5,7,8.64989)->(5,6,10.8641)->(4,6,13.0783)->(3,6,14.4122)->(2,6,15.2406)->(1,6,16.5744)->(0,6,5007.99)->
Agent 95:(1,4,4.56795)->(1,5,8.55011)->(1,6,9.86795)->(1,7,10.5501)->(1,8,11.1179)->(1,9,11.6359)->(1,10,12.1359)->(1,11,12.6359)->(1,12,13.1359)->(1,13,13.6359)->(1,14,14.1359)->(1,15,14.6359)->(1,16,15.1359)->(1,17,15.6359)->(1,18,16.1359)->(1,19,16.6359)->(1,20,17.1359)->(1,21,17.6359)->(1,22,18.1359)->(1,23,18.6359)->(1,24,19.1359)->(1,25,19.6538)->(1,26,20.2217)->(1,27,20.9038)->(1,28,22.2217)->(1,29,24.4359)->(2,29,26.6501)->(3,29,28.0643)->(4,29,29.4785)->(5,29,5014.45)->
Agent 96:(4,14,2.2)->(4,13,3.84949)->(4,12,5.84949)->(4,11,13.1142)->(5,11,20.3789)->(6,11,22.3789)->(7,11,5010.91)->
Agent 97:(6,5,1.3)->(6,6,2.6)->(6,7,5.4)->(7,7,7.61421)->(8,7,8.93205)->(9,7,9.61421)->(10,7,10.1821)->(11,7,10.7)->(12,7,11.2)->(13,7,11.7)->(14,7,12.2)->(15,7,12.7)->(16,7,13.2)->(17,7,13.7179)->(18,7,14.2858)->(19,7,14.9679)->(20,7,16.2858)->(21,7,18.5)->(21,6,21.3)->(21,5,5010.65)->
Agent 98:(22,24,3.2)->(22,23,5.81421)->(22,22,7.13205)->(22,21,7.81421)->(22,20,8.38205)->(22,19,8.9)->(22,18,9.4)->(22,17,9.9)->(22,16,10.4)->(22,15,10.9)->(22,14,11.4)->(22,13,11.9)->(22,12,12.4)->(22,11,12.9)->(22,10,13.4)->(22,9,13.9)->(22,8,14.4)->(22,7,14.9179)->(22,6,15.4858)->(22,5,16.1679)->(22,4,17.4858)->(22,3,19.7)->(21,3,21.9142)->(20,3,23.2321)->(19,3,23.9142)->(18,3,24.4821)->(17,3,25)->(16,3,25.5)->(15,3,26)->(14,3,26.5)->(13,3,27)->(12,3,27.5)->(11,3,28)->(10,3,28.5)->(9,3,29)->(8,3,29.5)->(7,3,30)->(6,3,30.5)->(5,3,31)->(4,3,31.5179)->(3,3,32.0858)->(2,3,32.7679)->(1,3,34.0858)->(0,3,36.3)->(0,2,39.1)->(0,1,5019.55)->
Agent 99:(1,22,1.3)->(1,23,2.01421)->(1,24,3.33205)->(1,25,4.0641)->(1,26,4.79615)->(1,27,6.11399)->(1,28,9.10674)->(2,28,12.0995)->(3,28,13.4173)->(4,28,14.0995)->(5,28,14.6673)->(6,28,15.1853)->(7,28,15.6853)->(8,28,16.1853)->(9,28,16.6853)->(10,28,17.1853)->(11,28,17.6853)->(12,28,18.1853)->(13,28,18.7032)->(14,28,19.2711)->(15,28,19.9532)->(16,28,21.2711)->(17,28,5010.34)->
