Agent 0:(1,12,1.8)->(2,12,3.01421)->(3,12,4.34806)->(4,12,5.17649)->(5,12,6.51034)->(6,12,9.13877)->(6,11,14.1981)->(7,11,18.2858)->(8,11,19.6036)->(9,11,20.2858)->(10,11,20.8536)->(11,11,21.3716)->(12,11,21.8716)->(13,11,22.3716)->(14,11,22.8716)->(15,11,23.3716)->(16,11,23.8716)->(17,11,24.3716)->(18,11,24.8716)->(19,11,25.3895)->(20,11,25.9574)->(21,11,26.6395)->(22,11,27.9574)->(23,11,30.1716)->(23,10,32.4211)->(23,9,34.4211)->(23,8,5016.94)->
Agent 1:(15,5,1.8)->(16,5,3.6)->(17,5,6.4)->(17,4,9.2)->(17,3,26.75)->(17,4,44.3)->(17,5,5022.15)->
Agent 2:(23,25,5.35)->(22,25,10.1142)->(21,25,11.4321)->(20,25,12.1142)->(19,25,12.6821)->(18,25,13.2)->(17,25,13.7)->(16,25,14.2)->(15,25,14.7)->(14,25,15.2)->(13,25,15.7)->(12,25,16.2)->(11,25,16.7)->(10,25,17.2)->(9,25,17.7179)->(8,25,18.2858)->(7,25,18.9679)->(6,25,20.2858)->(5,25,22.5)->(5,26,24.7495)->(5,27,26.7495)->(5,28,28.999)->(4,28,31.2132)->(3,28,32.547)->(2,28,33.3755)->(1,28,34.7093)->(0,28,5017.06)->
Agent 3:(5,14,2.8)->(6,14,5.01421)->(7,14,6.33205)->(8,14,7.01421)->(9,14,7.58205)->(10,14,8.1)->(11,14,8.6)->(12,14,9.1)->(13,14,9.61795)->(14,14,10.1858)->(15,14,10.8679)->(16,14,12.1858)->(17,14,14.4784)->(17,15,16.7711)->(17,16,18.0889)->(17,17,18.7711)->(17,18,19.3389)->(17,19,19.8569)->(17,20,20.3569)->(17,21,20.8569)->(17,22,21.3569)->(17,23,21.8569)->(17,24,22.3569)->(17,25,22.8569)->(17,26,23.3569)->(17,27,23.8748)->(17,28,24.4426)->(17,29,25.1248)->(17,30,26.4426)->(17,31,28.6569)->(18,31,30.8711)->(19,31,32.1889)->(20,31,32.8711)->(21,31,33.4389)->(22,31,33.9569)->(23,31,34.4748)->(24,31,35.0426)->(25,31,35.7248)->(26,31,37.0426)->(27,31,5018.23)->
Agent 4:(3,0,1.71421)->(3,1,3.81421)->(4,1,6.44264)->(5,1,7.76048)->(6,1,8.44264)->(7,1,9.01048)->(8,1,9.52843)->(9,1,10.0284)->(10,1,10.5284)->(11,1,11.0284)->(12,1,11.5284)->(13,1,12.0284)->(14,1,12.5284)->(15,1,13.0284)->(16,1,13.5284)->(17,1,14.0284)->(18,1,14.5284)->(19,1,15.0284)->(20,1,15.5284)->(21,1,16.0284)->(22,1,16.5284)->(23,1,17.0284)->(24,1,17.5464)->(25,1,18.1142)->(26,1,18.7964)->(27,1,20.1142)->(28,1,27.5926)->(28,0,5016.41)->
Agent 5:(11,29,2.35051)->(11,28,4.15051)->(11,27,6.15051)->(11,26,9.56421)->(12,26,12.9426)->(13,26,14.2605)->(14,26,14.9426)->(15,26,15.5105)->(16,26,16.0284)->(17,26,16.5464)->(18,26,17.1142)->(19,26,17.7964)->(20,26,19.1142)->(21,26,22.2464)->(21,25,25.3785)->(21,24,26.6964)->(21,23,27.3785)->(21,22,27.9464)->(21,21,28.4643)->(21,20,28.9643)->(21,19,29.4643)->(21,18,29.9643)->(21,17,30.4643)->(21,16,30.9643)->(21,15,31.4643)->(21,14,31.9643)->(21,13,32.4643)->(21,12,32.9823)->(21,11,33.5501)->(21,10,34.2323)->(21,9,35.5501)->(21,8,38.1785)->(22,8,5019.28)->
Agent 6:(9,8,2.61421)->(9,7,6.02843)->(10,7,10.2815)->(10,8,13.1489)->(10,9,14.4667)->(10,10,15.1489)->(10,11,15.7167)->(10,12,16.2347)->(10,13,16.7347)->(10,14,17.2347)->(10,15,17.7526)->(10,16,18.3204)->(10,17,19.0026)->(10,18,20.3204)->(10,19,22.9489)->(9,19,26.5489)->(9,20,29.1773)->(9,21,30.5111)->(9,22,31.3396)->(9,23,32.6734)->(9,24,5016.04)->
Agent 7:(13,5,1.4142)->(13,6,2.24261)->(13,7,3.56045)->(13,8,4.24261)->(13,9,4.81045)->(13,10,5.3284)->(13,11,5.8284)->(13,12,6.34635)->(13,13,6.91419)->(13,14,7.59635)->(13,15,8.91419)->(13,16,11.1284)->(14,16,13.9284)->(15,16,16.7284)->(15,15,18.9779)->(15,14,20.9779)->(15,13,23.2274)->(16,13,25.4769)->(17,13,27.4769)->(18,13,30.9274)->(18,14,37.8463)->(17,14,5020.38)->
Agent 8:(26,26,3.76228)->(26,25,6.93877)->(26,24,8.25661)->(26,23,8.93877)->(26,22,9.50661)->(26,21,10.0246)->(26,20,10.5246)->(26,19,11.0246)->(26,18,11.5246)->(26,17,12.0246)->(26,16,12.5246)->(26,15,13.0246)->(26,14,13.5246)->(26,13,14.0425)->(26,12,14.6103)->(26,11,15.2925)->(26,10,16.6103)->(26,9,18.8246)->(27,9,21.0388)->(28,9,22.3726)->(29,9,23.201)->(30,9,24.5349)->(31,9,26.7491)->(31,8,28.9633)->(31,7,30.3775)->(31,6,31.7918)->(31,5,5015.6)->
Agent 9:(29,28,1.3)->(29,29,2.6)->(29,30,7.65)->(28,30,12.1142)->(27,30,13.4321)->(26,30,14.1142)->(25,30,14.6821)->(24,30,15.2)->(23,30,15.7)->(22,30,16.2)->(21,30,16.7)->(20,30,17.2)->(19,30,17.7)->(18,30,18.2)->(17,30,18.7)->(16,30,19.2)->(15,30,19.7)->(14,30,20.2)->(13,30,20.7)->(12,30,21.2)->(11,30,21.7)->(10,30,22.2)->(9,30,22.7)->(8,30,23.2)->(7,30,23.7)->(6,30,24.2179)->(5,30,24.7858)->(4,30,25.4679)->(3,30,26.7858)->(2,30,30.1618)->(2,29,33.5377)->(2,28,34.8556)->(2,27,35.5377)->(2,26,36.1056)->(2,25,36.6235)->(2,24,37.1235)->(2,23,37.6235)->(2,22,38.1235)->(2,21,38.6235)->(2,20,39.1235)->(2,19,39.6235)->(2,18,40.1235)->(2,17,40.6235)->(2,16,41.1235)->(2,15,41.6235)->(2,14,42.1235)->(2,13,42.6235)->(2,12,43.1235)->(2,11,43.6415)->(2,10,44.2093)->(2,9,44.8915)->(2,8,46.2093)->(2,7,48.4235)->(1,7,51.2235)->(0,7,5025.61)->
Agent 10:(9,21,4.34938)->(9,20,8.11297)->(9,19,9.43081)->(9,18,10.113)->(9,17,10.6808)->(9,16,11.1988)->(9,15,11.6988)->(9,14,12.1988)->(9,13,12.6988)->(9,12,13.1988)->(9,11,13.7167)->(9,10,14.2845)->(9,9,14.9667)->(9,8,16.2845)->(9,7,18.4988)->(10,7,20.713)->(11,7,22.0308)->(12,7,22.713)->(13,7,23.2988)->(14,7,23.8845)->(15,7,24.5667)->(16,7,25.8845)->(17,7,28.513)->(17,6,32.5272)->(18,6,37.8636)->(18,7,5019.79)->
Agent 11:(26,31,1.8)->(25,31,3.04949)->(24,31,5.04949)->(23,31,8.0137)->(23,30,10.9426)->(23,29,12.2605)->(23,28,12.9426)->(23,27,13.5105)->(23,26,14.0284)->(23,25,14.5464)->(23,24,15.1142)->(23,23,15.7964)->(23,22,17.1142)->(23,21,22.7464)->(22,21,28.3785)->(21,21,29.6964)->(20,21,30.3785)->(19,21,30.9464)->(18,21,31.4643)->(17,21,31.9643)->(16,21,32.4643)->(15,21,32.9643)->(14,21,33.4823)->(13,21,34.0501)->(12,21,34.7323)->(11,21,36.0501)->(10,21,38.6785)->(10,22,5019.53)->
Agent 12:(3,31,4.35)->(3,30,8.11421)->(3,29,9.43205)->(3,28,10.1142)->(3,27,10.6821)->(3,26,11.2)->(3,25,11.7)->(3,24,12.2)->(3,23,12.7)->(3,22,13.2)->(3,21,13.7)->(3,20,14.2)->(3,19,14.7179)->(3,18,15.2858)->(3,17,15.9679)->(3,16,17.2858)->(3,15,19.5)->(4,15,21.7142)->(5,15,23.0321)->(6,15,23.7142)->(7,15,24.2821)->(8,15,24.8)->(9,15,25.3)->(10,15,25.8)->(11,15,26.3)->(12,15,26.8)->(13,15,27.3)->(14,15,27.8)->(15,15,28.3179)->(16,15,28.8858)->(17,15,29.5679)->(18,15,30.8858)->(19,15,33.5142)->(19,16,5016.95)->
Agent 13:(31,6,1.3)->(31,7,2.01421)->(31,8,3.33205)->(31,9,4.01421)->(31,10,4.58205)->(31,11,5.1)->(31,12,5.61795)->(31,13,6.18579)->(31,14,6.86795)->(31,15,8.18579)->(31,16,10.4)->(30,16,12.6142)->(29,16,13.9321)->(28,16,14.6142)->(27,16,15.1821)->(26,16,15.7)->(25,16,16.2)->(24,16,16.7)->(23,16,17.2)->(22,16,17.7)->(21,16,18.2)->(20,16,18.7)->(19,16,19.2179)->(18,16,19.7858)->(17,16,20.4679)->(16,16,21.7858)->(15,16,24)->(15,15,26.2142)->(15,14,27.5321)->(15,13,28.2142)->(15,12,28.7821)->(15,11,29.3179)->(15,10,29.8858)->(15,9,30.5679)->(15,8,31.8858)->(15,7,34.1)->(14,7,36.3142)->(13,7,37.6321)->(12,7,38.3142)->(11,7,38.8821)->(10,7,39.4)->(9,7,39.9)->(8,7,40.4)->(7,7,40.9179)->(6,7,41.4858)->(5,7,42.1679)->(4,7,43.4858)->(3,7,46.1142)->(3,8,5023.25)->
Agent 14:(15,16,1.8)->(16,16,3.01421)->(17,16,4.34806)->(18,16,5.17649)->(19,16,6.51034)->(20,16,8.72456)->(20,17,11.5246)->(20,18,14.7388)->(19,18,19.4123)->(20,18,23.1142)->(21,18,24.4321)->(22,18,25.1142)->(23,18,25.6821)->(24,18,26.2)->(25,18,26.7)->(26,18,27.2)->(27,18,27.7179)->(28,18,28.2858)->(29,18,28.9679)->(30,18,30.2858)->(31,18,5014.85)->
Agent 15:(25,21,1.8)->(26,21,3.6)->(27,21,6.4)->(27,20,8.61421)->(27,19,9.93205)->(27,18,10.6142)->(27,17,11.1821)->(27,16,11.7)->(27,15,12.2)->(27,14,12.7)->(27,13,13.2)->(27,12,13.7)->(27,11,14.2)->(27,10,14.7)->(27,9,15.2)->(27,8,15.7)->(27,7,16.2179)->(27,6,16.7858)->(27,5,17.4679)->(27,4,18.7858)->(27,3,21)->(26,3,23.2142)->(25,3,24.5481)->(24,3,25.3765)->(23,3,26.7103)->(22,3,29.7191)->(22,2,33.3137)->(22,1,36.1137)->(21,1,38.3279)->(20,1,39.6458)->(19,1,40.3279)->(18,1,40.8958)->(17,1,41.4137)->(16,1,41.9137)->(15,1,42.4137)->(14,1,42.9137)->(13,1,43.4137)->(12,1,43.9137)->(11,1,44.4137)->(10,1,44.9317)->(9,1,45.4995)->(8,1,46.1817)->(7,1,47.4995)->(6,1,5023.46)->
Agent 16:(15,30,1.71421)->(15,31,3.81421)->(16,31,6.44264)->(17,31,7.76048)->(18,31,8.49253)->(19,31,9.22458)->(20,31,10.5424)->(21,31,18.6641)->(21,30,26.7858)->(21,29,28.1036)->(21,28,28.7858)->(21,27,29.3536)->(21,26,29.8716)->(21,25,30.3716)->(21,24,30.8716)->(21,23,31.3716)->(21,22,31.8716)->(21,21,32.3716)->(21,20,32.8716)->(21,19,33.3716)->(21,18,33.8895)->(21,17,34.4574)->(21,16,35.1395)->(21,15,36.4574)->(21,14,39.0858)->(22,14,5019.74)->
Agent 17:(1,21,4.02843)->(2,21,17.66)->(2,20,29.5057)->(2,19,30.8236)->(2,18,31.5057)->(2,17,32.0736)->(2,16,32.5915)->(2,15,33.0915)->(2,14,33.5915)->(2,13,34.0915)->(2,12,34.5915)->(2,11,35.0915)->(2,10,35.5915)->(2,9,36.0915)->(2,8,36.5915)->(2,7,37.1095)->(2,6,37.6773)->(2,5,38.3595)->(2,4,39.6773)->(2,3,42.3057)->(3,3,5021.35)->
Agent 18:(2,7,2.61421)->(2,6,9)->(3,6,15.0142)->(4,6,16.3321)->(5,6,17.0142)->(6,6,17.5821)->(7,6,18.1)->(8,6,18.6)->(9,6,19.1)->(10,6,19.6)->(11,6,20.1)->(12,6,20.6)->(13,6,21.1)->(14,6,21.6)->(15,6,22.1179)->(16,6,22.6858)->(17,6,23.3679)->(18,6,24.6858)->(19,6,30.6606)->(19,7,36.6354)->(19,8,37.9532)->(19,9,38.6354)->(19,10,39.2212)->(19,11,39.807)->(19,12,40.4891)->(19,13,41.807)->(19,14,5020.61)->
Agent 19:(20,27,1.8)->(19,27,3.6)->(18,27,8.9)->(18,26,13.6495)->(18,25,15.6495)->(18,24,17.899)->(17,24,20.1132)->(16,24,21.431)->(15,24,22.1132)->(14,24,22.681)->(13,24,23.199)->(12,24,23.699)->(11,24,24.2169)->(10,24,24.7848)->(9,24,25.4669)->(8,24,26.7848)->(7,24,29.3817)->(7,23,31.9785)->(7,22,33.2964)->(7,21,33.9785)->(7,20,34.5464)->(7,19,35.0643)->(7,18,35.5823)->(7,17,36.1501)->(7,16,36.8323)->(7,15,38.1501)->(7,14,40.3643)->(6,14,42.5785)->(5,14,43.8964)->(4,14,44.6284)->(3,14,45.3605)->(2,14,46.6783)->(1,14,49.3067)->(1,13,5024.85)->
Agent 20:(13,24,2.61421)->(13,23,5.61421)->(14,23,8.24264)->(15,23,9.56048)->(16,23,10.2426)->(17,23,10.8105)->(18,23,11.3464)->(19,23,11.9142)->(20,23,12.5964)->(21,23,13.9142)->(22,23,16.5322)->(22,22,19.1501)->(22,21,20.4679)->(22,20,21.1501)->(22,19,21.7179)->(22,18,22.2359)->(22,17,22.7359)->(22,16,23.2359)->(22,15,23.7359)->(22,14,24.2359)->(22,13,24.7359)->(22,12,25.2359)->(22,11,25.7359)->(22,10,26.2359)->(22,9,26.7359)->(22,8,27.2538)->(22,7,27.8217)->(22,6,28.5038)->(22,5,29.8217)->(22,4,32.4501)->(21,4,5016.42)->
Agent 21:(2,15,1.8)->(3,15,3.01421)->(4,15,4.33205)->(5,15,5.01421)->(6,15,5.58205)->(7,15,6.1)->(8,15,6.61795)->(9,15,7.18579)->(10,15,7.86795)->(11,15,9.18579)->(12,15,11.4)->(12,14,14.2)->(12,13,17.4142)->(13,13,22.8)->(13,14,27.8)->(13,15,5013.9)->
Agent 22:(16,29,1.71421)->(16,30,8.65)->(15,30,16.1142)->(14,30,17.4321)->(13,30,18.1142)->(12,30,18.6821)->(11,30,19.2)->(10,30,19.7)->(9,30,20.2)->(8,30,20.7)->(7,30,21.2)->(6,30,21.7)->(5,30,22.2179)->(4,30,22.7858)->(3,30,23.4679)->(2,30,24.7858)->(1,30,27)->(1,29,29.2142)->(1,28,30.6284)->(1,27,32.0426)->(1,26,5015.73)->
Agent 23:(25,28,2.2)->(25,27,3.84949)->(25,26,5.84949)->(25,25,8.51319)->(26,25,13.0315)->(26,24,16.5783)->(26,23,17.8962)->(26,22,18.5783)->(26,21,19.1462)->(26,20,19.6641)->(26,19,20.1641)->(26,18,20.6641)->(26,17,21.1821)->(26,16,21.7499)->(26,15,22.4321)->(26,14,23.7499)->(26,13,27.5642)->(27,13,32.7643)->(27,14,5016.78)->
Agent 24:(0,12,2.2)->(0,11,3.81421)->(0,10,5.13205)->(0,9,5.81421)->(0,8,6.38205)->(0,7,6.9)->(0,6,7.4)->(0,5,7.9)->(0,4,8.41795)->(0,3,8.98579)->(0,2,9.66795)->(0,1,10.9858)->(0,0,13.3642)->(1,0,15.7426)->(2,0,17.0605)->(3,0,17.7426)->(4,0,18.3105)->(5,0,18.8284)->(6,0,19.3284)->(7,0,19.8284)->(8,0,20.3284)->(9,0,20.8284)->(10,0,21.3284)->(11,0,21.8284)->(12,0,22.3284)->(13,0,22.8284)->(14,0,23.3284)->(15,0,23.8284)->(16,0,24.3284)->(17,0,24.8284)->(18,0,25.3284)->(19,0,25.8284)->(20,0,26.3284)->(21,0,26.8284)->(22,0,27.3284)->(23,0,27.8284)->(24,0,28.3284)->(25,0,28.8464)->(26,0,29.4142)->(27,0,30.0964)->(28,0,31.4142)->(29,0,5015.41)->
Agent 25:(25,4,1.3)->(25,5,2.01421)->(25,6,3.33205)->(25,7,4.01421)->(25,8,4.58205)->(25,9,5.1)->(25,10,5.6)->(25,11,6.1)->(25,12,6.6)->(25,13,7.1)->(25,14,7.6)->(25,15,8.1)->(25,16,8.6)->(25,17,9.1)->(25,18,9.6)->(25,19,10.1179)->(25,20,10.6858)->(25,21,11.3679)->(25,22,12.6858)->(25,23,15.6821)->(24,23,18.6783)->(23,23,19.9962)->(22,23,20.6783)->(21,23,21.2462)->(20,23,21.7641)->(19,23,22.2641)->(18,23,22.7641)->(17,23,23.2641)->(16,23,23.7641)->(15,23,24.2641)->(14,23,24.7641)->(13,23,25.2641)->(12,23,25.7641)->(11,23,26.2641)->(10,23,26.7641)->(9,23,27.2641)->(8,23,27.7641)->(7,23,28.2641)->(6,23,28.7641)->(5,23,29.2821)->(4,23,29.8499)->(3,23,30.5321)->(2,23,31.8499)->(1,23,34.4783)->(1,24,5017.43)->
Agent 26:(13,1,1.3)->(13,2,2.01421)->(13,3,3.33205)->(13,4,4.01421)->(13,5,4.58205)->(13,6,5.1)->(13,7,5.6)->(13,8,6.11795)->(13,9,6.68579)->(13,10,7.36795)->(13,11,8.68579)->(13,12,10.9)->(12,12,13.1142)->(11,12,14.4321)->(10,12,15.1142)->(9,12,15.6821)->(8,12,16.2)->(7,12,16.7179)->(6,12,17.2858)->(5,12,17.9679)->(4,12,19.2858)->(3,12,21.5)->(3,13,23.7142)->(3,14,25.0321)->(3,15,25.7142)->(3,16,26.2821)->(3,17,26.8)->(3,18,27.3179)->(3,19,27.8858)->(3,20,28.5679)->(3,21,29.8858)->(3,22,32.5142)->(4,22,36.1142)->(4,23,38.7426)->(4,24,40.0605)->(4,25,40.7925)->(4,26,41.5246)->(4,27,42.8424)->(4,28,5021.13)->
Agent 27:(22,7,1.55)->(22,8,2.51421)->(22,9,3.83205)->(22,10,4.51421)->(22,11,5.08205)->(22,12,5.6)->(22,13,6.1)->(22,14,6.6)->(22,15,7.1)->(22,16,7.6)->(22,17,8.11795)->(22,18,8.68579)->(22,19,9.36795)->(22,20,10.6858)->(22,21,12.9)->(23,21,15.1142)->(24,21,16.4321)->(25,21,17.1641)->(26,21,17.8962)->(27,21,19.214)->(28,21,23.7265)->(28,22,28.239)->(28,23,29.5729)->(28,24,30.4013)->(28,25,31.7352)->(28,26,5015.57)->
Agent 28:(21,20,1.3)->(21,21,2.01421)->(21,22,3.33205)->(21,23,4.01421)->(21,24,4.58205)->(21,25,5.11795)->(21,26,5.68579)->(21,27,6.36795)->(21,28,7.68579)->(21,29,12.4)->(20,29,17.1142)->(19,29,18.4321)->(18,29,19.1142)->(17,29,19.6821)->(16,29,20.2)->(15,29,20.7)->(14,29,21.2)->(13,29,21.7)->(12,29,22.2)->(11,29,22.7)->(10,29,23.2)->(9,29,23.7179)->(8,29,24.2858)->(7,29,24.9679)->(6,29,26.2858)->(5,29,5012.85)->
Agent 29:(17,11,2.61421)->(17,10,7.56733)->(16,10,12.1489)->(15,10,13.4667)->(14,10,14.1489)->(13,10,14.7167)->(12,10,15.2347)->(11,10,15.7347)->(10,10,16.2347)->(9,10,16.7347)->(8,10,17.2347)->(7,10,17.7347)->(6,10,18.2526)->(5,10,18.8204)->(4,10,19.5026)->(3,10,20.8204)->(2,10,23.0347)->(2,11,25.2489)->(2,12,26.6631)->(2,13,28.0773)->(2,14,30.2915)->(1,14,33.0915)->(0,14,5016.55)->
Agent 30:(19,24,2.21421)->(20,24,5.43579)->(20,23,8.68579)->(20,22,10.1)->(20,21,11.5142)->(20,20,14.1426)->(19,20,19.0284)->(20,20,27.2464)->(20,21,5015.48)->
Agent 31:(23,6,2.21421)->(22,6,6.1)->(22,7,10.6)->(22,8,13.9537)->(21,8,16.7217)->(20,8,18.1359)->(19,8,19.5501)->(18,8,5009.48)->
Agent 32:(19,12,1.8)->(18,12,3.6)->(17,12,6.7637)->(17,13,9.34162)->(17,14,10.6595)->(17,15,11.3416)->(17,16,11.9095)->(17,17,12.4274)->(17,18,12.9274)->(17,19,13.4274)->(17,20,13.9274)->(17,21,14.4454)->(17,22,15.0132)->(17,23,15.6954)->(17,24,17.0132)->(17,25,19.2274)->(16,25,21.4416)->(15,25,22.7595)->(14,25,23.4915)->(13,25,24.2236)->(12,25,25.5414)->(11,25,27.7556)->(11,26,29.9698)->(11,27,31.2877)->(11,28,32.0197)->(11,29,32.7518)->(11,30,34.0696)->(11,31,5016.74)->
Agent 33:(30,4,1.8)->(29,4,3.01421)->(28,4,4.33205)->(27,4,5.01421)->(26,4,5.58205)->(25,4,6.1)->(24,4,6.6)->(23,4,7.1)->(22,4,7.61795)->(21,4,8.18579)->(20,4,8.86795)->(19,4,10.1858)->(18,4,12.9179)->(18,5,15.6501)->(18,6,16.9679)->(18,7,17.6501)->(18,8,18.2179)->(18,9,18.7359)->(18,10,19.2359)->(18,11,19.7359)->(18,12,20.2359)->(18,13,20.7359)->(18,14,21.2359)->(18,15,21.7359)->(18,16,22.2359)->(18,17,22.7538)->(18,18,23.3217)->(18,19,24.0038)->(18,20,25.3217)->(18,21,27.5359)->(17,21,29.7501)->(16,21,31.0679)->(15,21,31.7501)->(14,21,32.3179)->(13,21,32.8359)->(12,21,33.3359)->(11,21,33.8359)->(10,21,34.3359)->(9,21,34.8538)->(8,21,35.4217)->(7,21,36.1038)->(6,21,37.4217)->(5,21,40.0501)->(5,22,5020.22)->
Agent 34:(31,11,2.21421)->(30,11,7.62843)->(30,12,13.0711)->(30,13,14.3889)->(30,14,15.0711)->(30,15,15.6389)->(30,16,16.1569)->(30,17,16.6569)->(30,18,17.1569)->(30,19,17.6569)->(30,20,18.1569)->(30,21,18.6569)->(30,22,19.1748)->(30,23,19.7426)->(30,24,20.4248)->(30,25,21.7426)->(30,26,25.4211)->(29,26,29.0995)->(28,26,30.4173)->(27,26,31.0995)->(26,26,31.6673)->(25,26,32.1853)->(24,26,32.6853)->(23,26,33.1853)->(22,26,33.6853)->(21,26,34.1853)->(20,26,34.6853)->(19,26,35.1853)->(18,26,35.6853)->(17,26,36.1853)->(16,26,36.6853)->(15,26,37.1853)->(14,26,37.6853)->(13,26,38.1853)->(12,26,38.6853)->(11,26,39.1853)->(10,26,39.7032)->(9,26,40.2711)->(8,26,40.9532)->(7,26,42.2711)->(6,26,44.8995)->(6,27,48.4995)->(5,27,51.1632)->(4,27,53.1632)->(3,27,5026.31)->
Agent 35:(27,23,4.6)->(27,22,8.61421)->(27,21,9.93205)->(27,20,10.6142)->(27,19,11.1821)->(27,18,11.7)->(27,17,12.2)->(27,16,12.7)->(27,15,13.2)->(27,14,13.7)->(27,13,14.2)->(27,12,14.7179)->(27,11,15.2858)->(27,10,15.9679)->(27,9,17.2858)->(27,8,20.9907)->(27,9,25.6672)->(26,9,28.2956)->(25,9,29.6135)->(24,9,30.2956)->(23,9,30.8635)->(22,9,31.3814)->(21,9,31.8814)->(20,9,32.3814)->(19,9,32.8994)->(18,9,33.4672)->(17,9,34.1494)->(16,9,35.4672)->(15,9,5017.44)->
Agent 36:(22,24,2.21421)->(23,24,4.81421)->(23,23,7.44264)->(23,22,8.76048)->(23,21,9.49253)->(23,20,10.2246)->(23,19,11.5424)->(23,18,14.1708)->(24,18,18.0783)->(24,17,21.6)->(24,16,5010.8)->
Agent 37:(21,13,1.8)->(22,13,3.6)->(23,13,10.2005)->(23,14,16.2505)->(23,15,18.2505)->(23,16,5008.85)->
Agent 38:(14,19,2.03205)->(15,19,3.47832)->(16,19,4.79615)->(17,19,5.48792)->(18,19,6.1236)->(19,19,6.81537)->(20,19,8.1332)->(21,19,10.3474)->(21,18,12.5616)->(21,17,13.8795)->(21,16,14.5712)->(21,15,15.2069)->(21,14,15.8987)->(21,13,17.2165)->(21,12,19.4307)->(22,12,21.6449)->(23,12,22.9628)->(24,12,23.6449)->(25,12,24.2128)->(26,12,24.7487)->(27,12,25.3165)->(28,12,25.9987)->(29,12,27.3165)->(30,12,29.9449)->(30,13,5015.17)->
Agent 39:(23,19,1.8)->(24,19,3.01421)->(25,19,4.33205)->(26,19,5.02382)->(27,19,5.65949)->(28,19,6.35126)->(29,19,7.6691)->(30,19,9.88331)->(30,20,12.0975)->(30,21,13.4154)->(30,22,14.0975)->(30,23,14.6654)->(30,24,15.1833)->(30,25,15.7013)->(30,26,16.2691)->(30,27,16.9513)->(30,28,18.2691)->(30,29,5008.84)->
Agent 40:(5,11,2.2)->(5,10,3.81421)->(5,9,5.13205)->(5,8,5.81421)->(5,7,6.38205)->(5,6,6.9)->(5,5,7.41795)->(5,4,7.98579)->(5,3,8.66795)->(5,2,9.98579)->(5,1,12.2)->(4,1,14.4142)->(3,1,15.7481)->(2,1,16.5765)->(1,1,17.9103)->(0,1,5008.66)->
Agent 41:(0,23,2.2)->(0,22,3.81421)->(0,21,5.13205)->(0,20,5.81421)->(0,19,6.4)->(0,18,6.98579)->(0,17,7.66795)->(0,16,8.98579)->(0,15,11.2821)->(1,15,13.5783)->(2,15,14.8962)->(3,15,15.5783)->(4,15,16.1462)->(5,15,16.6641)->(6,15,17.1641)->(7,15,17.6641)->(8,15,18.1641)->(9,15,18.6641)->(10,15,19.1641)->(11,15,19.6641)->(12,15,20.1641)->(13,15,20.6641)->(14,15,21.1641)->(15,15,21.6641)->(16,15,22.1641)->(17,15,22.6641)->(18,15,23.1821)->(19,15,23.7499)->(20,15,24.4321)->(21,15,25.7499)->(22,15,27.9641)->(22,16,30.7641)->(22,17,5015.38)->
Agent 42:(23,0,1.3)->(23,1,2.01421)->(23,2,3.33205)->(23,3,4.01421)->(23,4,4.58205)->(23,5,5.1)->(23,6,5.6)->(23,7,6.1)->(23,8,6.61795)->(23,9,7.18579)->(23,10,7.86795)->(23,11,9.18579)->(23,12,11.6179)->(22,12,14.0501)->(21,12,15.3679)->(20,12,16.0501)->(19,12,16.6179)->(18,12,17.1359)->(17,12,17.6359)->(16,12,18.1359)->(15,12,18.6359)->(14,12,19.1359)->(13,12,19.6359)->(12,12,20.1359)->(11,12,20.6359)->(10,12,21.1359)->(9,12,21.6359)->(8,12,22.1359)->(7,12,22.6538)->(6,12,23.2217)->(5,12,23.9038)->(4,12,25.2217)->(3,12,27.6822)->(3,13,30.1426)->(3,14,31.4605)->(3,15,32.1426)->(3,16,32.7105)->(3,17,33.2284)->(3,18,33.7464)->(3,19,34.3142)->(3,20,34.9964)->(3,21,36.3142)->(3,22,38.9426)->(4,22,5019.66)->
Agent 43:(6,28,2.2)->(6,27,4.4)->(6,26,7.91433)->(7,26,10.8429)->(8,26,12.1607)->(9,26,12.8928)->(10,26,13.6248)->(11,26,14.9426)->(12,26,17.5711)->(12,27,5008.98)->
Agent 44:(4,2,2.21421)->(3,2,6.04264)->(3,3,9.89949)->(3,4,11.2173)->(3,5,11.8995)->(3,6,12.4673)->(3,7,13.0032)->(3,8,13.5711)->(3,9,14.2532)->(3,10,15.5711)->(3,11,20.0242)->(3,10,5011.12)->
Agent 45:(5,0,1.8)->(6,0,3.01421)->(7,0,4.34806)->(8,0,5.17649)->(9,0,6.51034)->(10,0,13.3765)->(10,1,20.2426)->(10,2,21.5605)->(10,3,22.2426)->(10,4,22.8105)->(10,5,23.3284)->(10,6,23.8284)->(10,7,24.3284)->(10,8,24.8284)->(10,9,25.3284)->(10,10,25.8284)->(10,11,26.3284)->(10,12,26.8284)->(10,13,27.3284)->(10,14,27.8284)->(10,15,28.3464)->(10,16,28.9142)->(10,17,29.5964)->(10,18,30.9142)->(10,19,5015.16)->
Agent 46:(11,3,4.28154)->(11,4,7.97729)->(11,5,9.29513)->(11,6,9.97729)->(11,7,10.5451)->(11,8,11.0631)->(11,9,11.5631)->(11,10,12.0631)->(11,11,12.5631)->(11,12,13.0631)->(11,13,13.5631)->(11,14,14.0631)->(11,15,14.5631)->(11,16,15.0631)->(11,17,15.5631)->(11,18,16.0631)->(11,19,16.5631)->(11,20,17.0631)->(11,21,17.5631)->(11,22,18.081)->(11,23,18.6489)->(11,24,19.331)->(11,25,20.6489)->(11,26,22.8631)->(10,26,25.0773)->(9,26,26.3951)->(8,26,27.0773)->(7,26,27.6631)->(6,26,28.2489)->(5,26,28.931)->(4,26,30.2489)->(3,26,5014.83)->
Agent 47:(13,14,1.71421)->(13,15,3.81421)->(14,15,6.44264)->(15,15,7.76048)->(16,15,8.44264)->(17,15,9.01048)->(18,15,9.54638)->(19,15,10.1142)->(20,15,10.7964)->(21,15,12.1142)->(22,15,14.3284)->(22,14,16.5426)->(22,13,17.8605)->(22,12,18.5426)->(22,11,19.1105)->(22,10,19.6284)->(22,9,20.1284)->(22,8,20.6284)->(22,7,21.1284)->(22,6,21.6464)->(22,5,22.2142)->(22,4,22.8964)->(22,3,24.2142)->(22,2,26.8426)->(23,2,32.0031)->(23,1,5016.97)->
Agent 48:(12,26,1.8)->(13,26,3.01421)->(14,26,4.33205)->(15,26,5.01421)->(16,26,5.58205)->(17,26,6.1)->(18,26,6.6)->(19,26,7.1)->(20,26,7.6)->(21,26,8.1)->(22,26,8.6)->(23,26,9.1)->(24,26,9.61795)->(25,26,10.1858)->(26,26,10.8679)->(27,26,12.1858)->(28,26,17.85)->(27,26,23.5142)->(26,26,24.9284)->(25,26,26.3426)->(24,26,28.9711)->(24,27,5014.68)->
Agent 49:(29,6,1.3)->(29,7,2.01421)->(29,8,3.33205)->(29,9,4.01421)->(29,10,4.58205)->(29,11,5.1)->(29,12,5.6)->(29,13,6.1)->(29,14,6.6)->(29,15,7.11795)->(29,16,7.68579)->(29,17,8.36795)->(29,18,9.68579)->(29,19,13.15)->(28,19,16.6142)->(27,19,17.9321)->(26,19,18.6142)->(25,19,19.1821)->(24,19,19.7)->(23,19,20.2)->(22,19,20.7)->(21,19,21.2)->(20,19,21.7)->(19,19,22.2)->(18,19,22.7)->(17,19,23.2)->(16,19,23.7179)->(15,19,24.2858)->(14,19,24.9679)->(13,19,26.2858)->(12,19,5012.85)->
Agent 50:(17,13,2.21421)->(16,13,4.81421)->(16,12,7.44264)->(16,11,8.76048)->(16,10,9.44264)->(16,9,10.0105)->(16,8,10.5464)->(16,7,11.1142)->(16,6,11.7964)->(16,5,13.1142)->(16,4,15.3284)->(15,4,17.5426)->(14,4,18.8605)->(13,4,19.5426)->(12,4,20.1105)->(11,4,20.6284)->(10,4,21.1464)->(9,4,21.7142)->(8,4,22.3964)->(7,4,23.7142)->(6,4,26.3426)->(6,5,5013.36)->
Agent 51:(29,3,4.85)->(29,4,9.11421)->(29,5,10.4321)->(29,6,11.1142)->(29,7,11.6821)->(29,8,12.2)->(29,9,12.7)->(29,10,13.2)->(29,11,13.7)->(29,12,14.2)->(29,13,14.7)->(29,14,15.2)->(29,15,15.7)->(29,16,16.2)->(29,17,16.7)->(29,18,17.2)->(29,19,17.7179)->(29,20,18.2858)->(29,21,18.9679)->(29,22,20.2858)->(29,23,22.5)->(28,23,24.7142)->(27,23,26.0321)->(26,23,26.7142)->(25,23,27.2821)->(24,23,27.8)->(23,23,28.3)->(22,23,28.8)->(21,23,29.3)->(20,23,29.8179)->(19,23,30.3858)->(18,23,31.0679)->(17,23,32.3858)->(16,23,5015.9)->
Agent 52:(20,5,1.71421)->(20,6,3.81421)->(19,6,6.44264)->(18,6,7.76048)->(17,6,8.44264)->(16,6,9.02843)->(15,6,9.61421)->(14,6,10.2964)->(13,6,11.6142)->(12,6,13.8284)->(12,5,16.0426)->(12,4,17.3765)->(12,3,18.2049)->(12,2,19.5388)->(12,1,29.6444)->(12,2,39.7501)->(12,3,41.0679)->(12,4,41.8)->(12,5,42.5321)->(12,6,43.8499)->(12,7,5021.63)->
Agent 53:(10,2,1.6642)->(10,3,2.74261)->(10,4,4.06045)->(10,5,4.74261)->(10,6,5.31045)->(10,7,5.8284)->(10,8,6.3284)->(10,9,6.8284)->(10,10,7.3284)->(10,11,7.8284)->(10,12,8.34635)->(10,13,8.91419)->(10,14,9.59635)->(10,15,10.9142)->(10,16,13.9457)->(11,16,17.5631)->(12,16,25.0458)->(12,17,32.5284)->(12,18,5016.26)->
Agent 54:(24,28,2.61421)->(24,27,5.61421)->(23,27,8.27792)->(22,27,10.2779)->(21,27,12.5274)->(21,26,14.7416)->(21,25,16.0595)->(21,24,16.7416)->(21,23,17.3095)->(21,22,17.8274)->(21,21,18.3274)->(21,20,18.8274)->(21,19,19.3274)->(21,18,19.8274)->(21,17,20.3274)->(21,16,20.8274)->(21,15,21.3274)->(21,14,21.8274)->(21,13,22.3274)->(21,12,22.8274)->(21,11,23.3274)->(21,10,23.8274)->(21,9,24.3274)->(21,8,24.8274)->(21,7,25.3454)->(21,6,25.9132)->(21,5,26.5954)->(21,4,27.9132)->(21,3,30.1274)->(20,3,32.3769)->(19,3,34.3769)->(18,3,5016.91)->
Agent 55:(8,24,1.8)->(7,24,3.6)->(6,24,6.4)->(6,23,8.61421)->(6,22,9.93205)->(6,21,10.6142)->(6,20,11.2)->(6,19,11.7858)->(6,18,12.4679)->(6,17,13.7858)->(6,16,16.4142)->(5,16,21.6963)->(5,15,5011.88)->
Agent 56:(11,27,1.8)->(10,27,3.6)->(9,27,6.4)->(9,26,8.61421)->(9,25,9.93205)->(9,24,10.6142)->(9,23,11.1821)->(9,22,11.7)->(9,21,12.2)->(9,20,12.7)->(9,19,13.2)->(9,18,13.7)->(9,17,14.2)->(9,16,14.7)->(9,15,15.2)->(9,14,15.7179)->(9,13,16.2858)->(9,12,16.9679)->(9,11,18.2858)->(9,10,21.1)->(10,10,23.9142)->(11,10,25.2321)->(12,10,25.9142)->(13,10,26.4821)->(14,10,27)->(15,10,27.5)->(16,10,28)->(17,10,28.5)->(18,10,29.0179)->(19,10,29.5858)->(20,10,30.2679)->(21,10,31.5858)->(22,10,33.8)->(22,9,36.0142)->(22,8,37.3321)->(22,7,38.0142)->(22,6,38.5821)->(22,5,39.1)->(22,4,39.6179)->(22,3,40.1858)->(22,2,40.8679)->(22,1,42.1858)->(22,0,5020.8)->
Agent 57:(11,26,2.8)->(12,26,5.01421)->(13,26,6.33205)->(14,26,7.01421)->(15,26,7.58205)->(16,26,8.1)->(17,26,8.6)->(18,26,9.1)->(19,26,9.6)->(20,26,10.1)->(21,26,10.6)->(22,26,11.1)->(23,26,11.6179)->(24,26,12.1858)->(25,26,12.8679)->(26,26,14.1858)->(27,26,17.85)->(27,25,21.5142)->(27,24,22.8321)->(27,23,23.5142)->(27,22,24.0821)->(27,21,24.6)->(27,20,25.1)->(27,19,25.6)->(27,18,26.1)->(27,17,26.6)->(27,16,27.1)->(27,15,27.6)->(27,14,28.1)->(27,13,28.6179)->(27,12,29.1858)->(27,11,29.8679)->(27,10,31.1858)->(27,9,33.8142)->(26,9,5017.1)->
Agent 58:(30,28,2.55)->(29,28,4.51421)->(28,28,5.83205)->(27,28,6.51421)->(26,28,7.08205)->(25,28,7.6)->(24,28,8.1)->(23,28,8.6)->(22,28,9.1)->(21,28,9.6)->(20,28,10.1179)->(19,28,10.6858)->(18,28,11.3679)->(17,28,12.6858)->(16,28,17.7858)->(16,27,22.8858)->(16,26,24.2036)->(16,25,24.8858)->(16,24,25.4536)->(16,23,25.9716)->(16,22,26.4716)->(16,21,26.9716)->(16,20,27.4716)->(16,19,27.9716)->(16,18,28.4716)->(16,17,28.9716)->(16,16,29.4716)->(16,15,29.9716)->(16,14,30.4716)->(16,13,30.9716)->(16,12,31.4716)->(16,11,31.9895)->(16,10,32.5574)->(16,9,33.2395)->(16,8,34.5574)->(16,7,36.7716)->(15,7,38.9858)->(14,7,40.3036)->(13,7,41.0357)->(12,7,41.7677)->(11,7,43.0856)->(10,7,45.714)->(10,6,5023.05)->
Agent 59:(19,23,3.6)->(19,22,6.61421)->(19,21,7.93205)->(19,20,8.61421)->(19,19,9.18205)->(19,18,9.7)->(19,17,10.2)->(19,16,10.7)->(19,15,11.2)->(19,14,11.7)->(19,13,12.2)->(19,12,12.7)->(19,11,13.2)->(19,10,13.7)->(19,9,14.2)->(19,8,14.7)->(19,7,15.2)->(19,6,15.7)->(19,5,16.2179)->(19,4,16.7858)->(19,3,17.4679)->(19,2,18.7858)->(19,1,21)->(18,1,23.2142)->(17,1,24.5321)->(16,1,25.2641)->(15,1,25.9962)->(14,1,27.314)->(13,1,29.5282)->(13,2,32.3282)->(13,3,35.1282)->(12,3,37.3777)->(11,3,39.3777)->(10,3,5019.41)->
Agent 60:(31,16,1.8)->(30,16,3.01421)->(29,16,4.34806)->(28,16,5.17649)->(27,16,6.51034)->(26,16,8.72456)->(26,15,10.9388)->(26,14,12.2566)->(26,13,12.9388)->(26,12,13.5066)->(26,11,14.0425)->(26,10,14.6103)->(26,9,15.2925)->(26,8,16.6103)->(26,7,18.8246)->(25,7,21.074)->(24,7,23.074)->(23,7,5011.26)->
Agent 61:(16,25,1.3)->(16,26,2.6)->(16,27,5.40051)->(15,27,7.65051)->(14,27,9.65051)->(13,27,17.65)->(13,28,26.2)->(13,29,5013.1)->
Agent 62:(15,7,2.05)->(16,7,3.51421)->(17,7,4.83205)->(18,7,5.51421)->(19,7,6.08205)->(20,7,6.61795)->(21,7,7.18579)->(22,7,7.86795)->(23,7,9.18579)->(24,7,13.5822)->(24,6,27.4179)->(23,6,39.1)->(22,6,5019.55)->
Agent 63:(10,12,1.3)->(10,13,2.01421)->(10,14,3.33205)->(10,15,4.01421)->(10,16,4.6)->(10,17,5.18579)->(10,18,5.86795)->(10,19,7.18579)->(10,20,9.43579)->(11,20,11.6858)->(12,20,13.0036)->(13,20,13.6858)->(14,20,14.2716)->(15,20,14.8574)->(16,20,15.5395)->(17,20,16.8574)->(18,20,19.0716)->(18,21,21.8716)->(18,22,5010.94)->
Agent 64:(31,0,1.3)->(31,1,2.01421)->(31,2,3.33205)->(31,3,4.0641)->(31,4,4.79615)->(31,5,6.11399)->(31,6,8.6141)->(30,6,11.1142)->(29,6,12.4321)->(28,6,13.1142)->(27,6,13.6821)->(26,6,14.2)->(25,6,14.7)->(24,6,15.2179)->(23,6,15.7858)->(22,6,16.4679)->(21,6,17.7858)->(20,6,5008.6)->
Agent 65:(13,10,2.4142)->(12,10,4.24261)->(11,10,5.56045)->(10,10,6.24261)->(9,10,6.81045)->(8,10,7.3284)->(7,10,7.8284)->(6,10,8.3284)->(5,10,8.84635)->(4,10,9.41419)->(3,10,10.0963)->(2,10,11.4142)->(1,10,13.6284)->(1,9,15.8426)->(1,8,17.1605)->(1,7,17.8426)->(1,6,18.4105)->(1,5,18.9463)->(1,4,19.5142)->(1,3,20.1963)->(1,2,21.5142)->(1,1,5010.46)->
Agent 66:(2,11,2.2)->(2,10,3.81421)->(2,9,5.22843)->(2,8,6.64264)->(2,7,8.85685)->(3,7,11.0711)->(4,7,12.3889)->(5,7,13.0711)->(6,7,13.6389)->(7,7,14.1569)->(8,7,14.6569)->(9,7,15.1569)->(10,7,15.6569)->(11,7,16.1569)->(12,7,16.6569)->(13,7,17.1569)->(14,7,17.6748)->(15,7,18.2426)->(16,7,18.9248)->(17,7,20.2426)->(18,7,29.6142)->(17,7,38.9858)->(16,7,40.4)->(15,7,41.8142)->(14,7,5020.61)->
Agent 67:(28,2,2.91421)->(28,3,5.24264)->(28,4,6.56048)->(28,5,7.24264)->(28,6,7.81048)->(28,7,8.32843)->(28,8,8.82843)->(28,9,9.32843)->(28,10,9.82843)->(28,11,10.3284)->(28,12,10.8284)->(28,13,11.3284)->(28,14,11.8284)->(28,15,12.3284)->(28,16,12.8284)->(28,17,13.3284)->(28,18,13.8464)->(28,19,14.4142)->(28,20,15.0964)->(28,21,16.4142)->(28,22,18.6284)->(27,22,20.8426)->(26,22,22.1605)->(25,22,22.8426)->(24,22,23.4284)->(23,22,24.0142)->(22,22,24.6964)->(21,22,26.0142)->(20,22,5012.71)->
Agent 68:(14,9,5.61733)->(13,9,10.6489)->(12,9,11.9667)->(11,9,12.6489)->(10,9,13.2167)->(9,9,13.7347)->(8,9,14.2347)->(7,9,14.7347)->(6,9,15.2347)->(5,9,15.7526)->(4,9,16.3204)->(3,9,17.0026)->(2,9,18.3204)->(1,9,20.5347)->(1,10,22.7489)->(1,11,24.0667)->(1,12,24.7489)->(1,13,25.3347)->(1,14,25.9204)->(1,15,26.6026)->(1,16,27.9204)->(1,17,5013.67)->
Agent 69:(13,27,4.55)->(13,26,8.51421)->(13,25,9.83205)->(13,24,10.5142)->(13,23,11.0821)->(13,22,11.6)->(13,21,12.1)->(13,20,12.6)->(13,19,13.1)->(13,18,13.6)->(13,17,14.1)->(13,16,14.6)->(13,15,15.1)->(13,14,15.6)->(13,13,16.1)->(13,12,16.6)->(13,11,17.1)->(13,10,17.6)->(13,9,18.1)->(13,8,18.6179)->(13,7,19.1858)->(13,6,19.8679)->(13,5,21.1858)->(13,4,23.4)->(12,4,25.6495)->(11,4,27.6495)->(10,4,35.3637)->(10,5,5020.4)->
Agent 70:(26,13,2.2)->(26,12,3.81421)->(26,11,5.13205)->(26,10,5.81421)->(26,9,6.4)->(26,8,6.98579)->(26,7,7.66795)->(26,6,8.98579)->(26,5,11.2)->(25,5,13.4142)->(24,5,14.7321)->(23,5,15.4142)->(22,5,15.9821)->(21,5,16.5)->(20,5,17)->(19,5,17.5)->(18,5,18.0179)->(17,5,18.5858)->(16,5,19.2679)->(15,5,20.5858)->(14,5,23.2142)->(14,6,5011.8)->
Agent 71:(7,3,1.3)->(7,4,2.01421)->(7,5,3.33205)->(7,6,4.01421)->(7,7,4.58205)->(7,8,5.1)->(7,9,5.6)->(7,10,6.1)->(7,11,6.6)->(7,12,7.1)->(7,13,7.6)->(7,14,8.1)->(7,15,8.6)->(7,16,9.1)->(7,17,9.6)->(7,18,10.1)->(7,19,10.6)->(7,20,11.1)->(7,21,11.6)->(7,22,12.1)->(7,23,12.6)->(7,24,13.1179)->(7,25,13.6858)->(7,26,14.3679)->(7,27,15.6858)->(7,28,17.9)->(8,28,20.1142)->(9,28,21.4321)->(10,28,22.1142)->(11,28,22.6821)->(12,28,23.2)->(13,28,23.7)->(14,28,24.2)->(15,28,24.7)->(16,28,25.2)->(17,28,25.7)->(18,28,26.2)->(19,28,26.7)->(20,28,27.2)->(21,28,27.7)->(22,28,28.2)->(23,28,28.7179)->(24,28,29.2858)->(25,28,29.9679)->(26,28,31.2858)->(27,28,33.9142)->(27,29,5017.15)->
Agent 72:(12,10,1.3)->(12,11,2.01421)->(12,12,3.33205)->(12,13,4.01421)->(12,14,4.58205)->(12,15,5.11795)->(12,16,5.68579)->(12,17,6.36795)->(12,18,7.68579)->(12,19,9.98579)->(11,19,12.2858)->(10,19,13.6036)->(9,19,14.3357)->(8,19,15.0677)->(7,19,16.3856)->(6,19,5007.9)->
Agent 73:(8,13,2.2)->(8,12,3.81421)->(8,11,5.14806)->(8,10,5.97649)->(8,9,7.31034)->(8,8,9.52456)->(7,8,12.3246)->(6,8,15.5388)->(6,7,26.0729)->(6,8,35.6354)->(6,9,36.9532)->(6,10,37.6354)->(6,11,38.2032)->(6,12,38.7212)->(6,13,39.2391)->(6,14,39.807)->(6,15,40.4891)->(6,16,41.807)->(6,17,5020.61)->
Agent 74:(18,4,1.46421)->(18,5,2.34264)->(18,6,3.66048)->(18,7,4.34264)->(18,8,4.91048)->(18,9,5.42843)->(18,10,5.92843)->(18,11,6.42843)->(18,12,6.92843)->(18,13,7.42843)->(18,14,7.92843)->(18,15,8.42843)->(18,16,8.92843)->(18,17,9.42843)->(18,18,9.94638)->(18,19,10.5142)->(18,20,11.1964)->(18,21,12.5142)->(18,22,15.9784)->(17,22,19.4426)->(16,22,20.7605)->(15,22,21.4426)->(14,22,22.0105)->(13,22,22.5284)->(12,22,23.0284)->(11,22,23.5284)->(10,22,24.0464)->(9,22,24.6142)->(8,22,25.2964)->(7,22,26.6142)->(6,22,5013.01)->
Agent 75:(12,14,1.3)->(12,15,2.01421)->(12,16,3.33205)->(12,17,4.01421)->(12,18,4.58205)->(12,19,5.1)->(12,20,5.6)->(12,21,6.1)->(12,22,6.6)->(12,23,7.11795)->(12,24,7.68579)->(12,25,8.36795)->(12,26,9.68579)->(12,27,11.9)->(11,27,14.1495)->(10,27,16.1495)->(9,27,19.9174)->(9,28,23.6854)->(9,29,25.6854)->(9,30,5012.57)->
Agent 76:(19,28,1.8)->(18,28,3.01421)->(17,28,4.33205)->(16,28,5.01421)->(15,28,5.58205)->(14,28,6.1)->(13,28,6.61795)->(12,28,7.18579)->(11,28,7.86795)->(10,28,9.18579)->(9,28,11.4)->(9,27,13.6142)->(9,26,14.9321)->(9,25,15.6142)->(9,24,16.1821)->(9,23,16.7)->(9,22,17.2)->(9,21,17.7)->(9,20,18.2179)->(9,19,18.7858)->(9,18,19.4679)->(9,17,20.7858)->(9,16,5010.1)->
Agent 77:(2,22,2.2)->(2,21,3.81421)->(2,20,5.14806)->(2,19,5.97649)->(2,18,7.31034)->(2,17,10.2302)->(3,17,13.1501)->(4,17,14.4679)->(5,17,15.1501)->(6,17,15.7179)->(7,17,16.2359)->(8,17,16.7359)->(9,17,17.2359)->(10,17,17.7359)->(11,17,18.2359)->(12,17,18.7359)->(13,17,19.2359)->(14,17,19.7359)->(15,17,20.2359)->(16,17,20.7359)->(17,17,21.2359)->(18,17,21.7359)->(19,17,22.2359)->(20,17,22.7359)->(21,17,23.2359)->(22,17,23.7538)->(23,17,24.3217)->(24,17,25.0038)->(25,17,26.3217)->(26,17,5012.87)->
Agent 78:(28,17,1.3)->(28,18,2.01421)->(28,19,3.33205)->(28,20,4.01421)->(28,21,4.58205)->(28,22,5.1)->(28,23,5.61795)->(28,24,6.18579)->(28,25,6.86795)->(28,26,8.18579)->(28,27,10.6174)->(27,27,13.0491)->(26,27,14.3669)->(25,27,15.0491)->(24,27,15.6169)->(23,27,16.1349)->(22,27,16.6528)->(21,27,17.2207)->(20,27,17.9028)->(19,27,19.2207)->(18,27,24.0817)->(18,28,5013.35)->
Agent 79:(15,0,1.3)->(15,1,2.01421)->(15,2,3.33205)->(15,3,4.01421)->(15,4,4.58205)->(15,5,5.1)->(15,6,5.6)->(15,7,6.1)->(15,8,6.6)->(15,9,7.1)->(15,10,7.6)->(15,11,8.1)->(15,12,8.6)->(15,13,9.1)->(15,14,9.61795)->(15,15,10.1858)->(15,16,10.8679)->(15,17,12.1858)->(15,18,21.0642)->(14,18,29.9426)->(13,18,31.2605)->(12,18,31.9426)->(11,18,32.5105)->(10,18,33.0284)->(9,18,33.5284)->(8,18,34.0284)->(7,18,34.5464)->(6,18,35.1142)->(5,18,35.7964)->(4,18,37.1142)->(3,18,5018.26)->
Agent 80:(27,15,2.2)->(27,14,4.4)->(27,13,7.2)->(28,13,9.41421)->(29,13,10.8284)->(30,13,12.2426)->(31,13,19.7926)->(31,14,5012.55)->
Agent 81:(14,30,7.75)->(14,29,14.9142)->(14,28,16.2321)->(14,27,16.9142)->(14,26,17.4821)->(14,25,18)->(14,24,18.5)->(14,23,19)->(14,22,19.5)->(14,21,20)->(14,20,20.5)->(14,19,21)->(14,18,21.5)->(14,17,22)->(14,16,22.5)->(14,15,23)->(14,14,23.5)->(14,13,24)->(14,12,24.5179)->(14,11,25.0858)->(14,10,25.7679)->(14,9,27.0858)->(14,8,29.3)->(13,8,31.5142)->(12,8,32.8321)->(11,8,33.5238)->(10,8,34.1595)->(9,8,34.8513)->(8,8,36.1691)->(7,8,5017.79)->
Agent 82:(8,27,2.86733)->(8,26,5.14887)->(8,25,6.4667)->(8,24,7.14887)->(8,23,7.7167)->(8,22,8.23465)->(8,21,8.73465)->(8,20,9.23465)->(8,19,9.73465)->(8,18,10.2347)->(8,17,10.7347)->(8,16,11.2347)->(8,15,11.7347)->(8,14,12.2347)->(8,13,12.7526)->(8,12,13.3204)->(8,11,14.0026)->(8,10,15.3204)->(8,9,17.5347)->(9,9,19.7489)->(10,9,21.0827)->(11,9,21.9111)->(12,9,23.245)->(13,9,5011.33)->
Agent 83:(3,5,1.3)->(3,6,2.01421)->(3,7,3.33205)->(3,8,4.01421)->(3,9,4.58205)->(3,10,5.1)->(3,11,5.6)->(3,12,6.1)->(3,13,6.6)->(3,14,7.11795)->(3,15,7.68579)->(3,16,8.36795)->(3,17,9.68579)->(3,18,11.9)->(4,18,14.1142)->(5,18,15.4321)->(6,18,16.1142)->(7,18,16.6821)->(8,18,17.2)->(9,18,17.7179)->(10,18,18.2858)->(11,18,18.9679)->(12,18,20.2858)->(13,18,25.1142)->(13,19,5013.85)->
Agent 84:(31,3,1.3)->(31,4,2.01421)->(31,5,3.33205)->(31,6,4.01421)->(31,7,4.58205)->(31,8,5.1)->(31,9,5.6)->(31,10,6.11795)->(31,11,6.68579)->(31,12,7.36795)->(31,13,8.68579)->(31,14,16.6)->(30,14,24.5142)->(29,14,25.8321)->(28,14,26.5142)->(27,14,27.0821)->(26,14,27.6)->(25,14,28.1)->(24,14,28.6)->(23,14,29.1)->(22,14,29.6)->(21,14,30.1)->(20,14,30.6)->(19,14,31.1)->(18,14,31.6)->(17,14,32.1)->(16,14,32.6)->(15,14,33.1)->(14,14,33.6)->(13,14,34.1)->(12,14,34.6179)->(11,14,35.1858)->(10,14,35.8679)->(9,14,37.1858)->(8,14,5018.3)->
Agent 85:(19,30,3.3)->(19,29,6.01421)->(19,28,7.33205)->(19,27,8.01421)->(19,26,8.58205)->(19,25,9.1)->(19,24,9.6)->(19,23,10.1)->(19,22,10.6)->(19,21,11.1)->(19,20,11.6)->(19,19,12.1)->(19,18,12.6)->(19,17,13.1)->(19,16,13.6)->(19,15,14.1)->(19,14,14.6)->(19,13,15.1)->(19,12,15.6)->(19,11,16.1)->(19,10,16.6)->(19,9,17.1)->(19,8,17.6179)->(19,7,18.1858)->(19,6,18.8679)->(19,5,20.1858)->(19,4,29.5963)->(18,4,39.0067)->(17,4,40.3246)->(16,4,41.0067)->(15,4,41.5746)->(14,4,42.0925)->(13,4,42.5925)->(12,4,43.1105)->(11,4,43.6783)->(10,4,44.3605)->(9,4,45.6783)->(8,4,5022.55)->
Agent 86:(1,9,1.38579)->(1,10,2.18579)->(1,11,3.50362)->(1,12,4.18579)->(1,13,4.75362)->(1,14,5.27157)->(1,15,5.77157)->(1,16,6.27157)->(1,17,6.77157)->(1,18,7.27157)->(1,19,7.77157)->(1,20,8.27157)->(1,21,8.77157)->(1,22,9.27157)->(1,23,9.77157)->(1,24,10.2895)->(1,25,10.8574)->(1,26,11.5395)->(1,27,12.8574)->(1,28,15.8904)->(2,28,18.9234)->(3,28,20.2413)->(4,28,20.933)->(5,28,21.5687)->(6,28,22.2605)->(7,28,23.5783)->(8,28,5011.5)->
Agent 87:(13,22,2.2)->(13,21,3.81421)->(13,20,5.14806)->(13,19,5.97649)->(13,18,7.31034)->(13,17,10.1623)->(14,17,13.0142)->(15,17,14.3321)->(16,17,15.0142)->(17,17,15.5821)->(18,17,16.1)->(19,17,16.6)->(20,17,17.1)->(21,17,17.6)->(22,17,18.1)->(23,17,18.6)->(24,17,19.1)->(25,17,19.6)->(26,17,20.1)->(27,17,20.6179)->(28,17,21.1858)->(29,17,21.8679)->(30,17,23.1858)->(31,17,5011.3)->
Agent 88:(9,15,2.2)->(9,14,4.4)->(9,13,7.2)->(8,13,9.41421)->(7,13,10.8284)->(6,13,12.2426)->(5,13,20.6784)->(6,13,29.7)->(7,13,5014.85)->
Agent 89:(7,30,10.35)->(7,29,20.1142)->(7,28,21.4321)->(7,27,22.1142)->(7,26,22.6821)->(7,25,23.2)->(7,24,23.7)->(7,23,24.2)->(7,22,24.7)->(7,21,25.2)->(7,20,25.7)->(7,19,26.2)->(7,18,26.7)->(7,17,27.2)->(7,16,27.7)->(7,15,28.2)->(7,14,28.7)->(7,13,29.2)->(7,12,29.7)->(7,11,30.2)->(7,10,30.7)->(7,9,31.2179)->(7,8,31.7858)->(7,7,32.4679)->(7,6,33.7858)->(7,5,36)->(8,5,38.2142)->(9,5,39.5321)->(10,5,40.2142)->(11,5,40.7821)->(12,5,41.3)->(13,5,41.8)->(14,5,42.3)->(15,5,42.8)->(16,5,43.3)->(17,5,43.8)->(18,5,44.3179)->(19,5,44.8858)->(20,5,45.5679)->(21,5,46.8858)->(22,5,5023.15)->
Agent 90:(1,5,1.3)->(1,6,2.01421)->(1,7,3.33205)->(1,8,4.01421)->(1,9,4.58205)->(1,10,5.1)->(1,11,5.6)->(1,12,6.1)->(1,13,6.61795)->(1,14,7.18579)->(1,15,7.86795)->(1,16,9.18579)->(1,17,13.65)->(2,17,18.1142)->(3,17,19.4321)->(4,17,20.1142)->(5,17,20.6821)->(6,17,21.2)->(7,17,21.7)->(8,17,22.2)->(9,17,22.7)->(10,17,23.2)->(11,17,23.7)->(12,17,24.2)->(13,17,24.7)->(14,17,25.2179)->(15,17,25.7858)->(16,17,26.4679)->(17,17,27.7858)->(18,17,5013.6)->
Agent 91:(29,21,1.3)->(29,22,2.04949)->(29,23,4.04949)->(29,24,6.29898)->(28,24,8.51319)->(27,24,9.83103)->(26,24,10.5132)->(25,24,11.081)->(24,24,11.599)->(23,24,12.099)->(22,24,12.599)->(21,24,13.099)->(20,24,13.599)->(19,24,14.099)->(18,24,14.599)->(17,24,15.099)->(16,24,15.599)->(15,24,16.099)->(14,24,16.599)->(13,24,17.099)->(12,24,17.599)->(11,24,18.099)->(10,24,18.599)->(9,24,19.099)->(8,24,19.599)->(7,24,20.1169)->(6,24,20.6848)->(5,24,21.3669)->(4,24,22.6848)->(3,24,5011.05)->
Agent 92:(7,29,1.8)->(8,29,3.01421)->(9,29,4.33205)->(10,29,5.01421)->(11,29,5.58205)->(12,29,6.1)->(13,29,6.6)->(14,29,7.1)->(15,29,7.6)->(16,29,8.11795)->(17,29,8.68579)->(18,29,9.36795)->(19,29,10.6858)->(20,29,12.9)->(20,28,15.1142)->(20,27,16.4321)->(20,26,17.1142)->(20,25,17.6821)->(20,24,18.2)->(20,23,18.7)->(20,22,19.2)->(20,21,19.7)->(20,20,20.2)->(20,19,20.7)->(20,18,21.2)->(20,17,21.7179)->(20,16,22.2858)->(20,15,22.9679)->(20,14,24.2858)->(20,13,5011.85)->
Agent 93:(24,7,2.04949)->(24,8,3.51319)->(24,9,4.83103)->(24,10,5.51319)->(24,11,6.08103)->(24,12,6.59898)->(24,13,7.09898)->(24,14,7.59898)->(24,15,8.09898)->(24,16,8.59898)->(24,17,9.09898)->(24,18,9.59898)->(24,19,10.099)->(24,20,10.599)->(24,21,11.099)->(24,22,11.599)->(24,23,12.099)->(24,24,12.599)->(24,25,13.1169)->(24,26,13.6848)->(24,27,14.3669)->(24,28,15.6848)->(24,29,18.3132)->(25,29,5009.35)->
Agent 94:(16,17,1.3)->(16,18,2.01421)->(16,19,3.33205)->(16,20,4.01421)->(16,21,4.6)->(16,22,5.18579)->(16,23,5.86795)->(16,24,7.18579)->(16,25,9.9)->(15,25,12.6142)->(14,25,13.9321)->(13,25,14.6142)->(12,25,15.1821)->(11,25,15.7)->(10,25,16.2)->(9,25,16.7)->(8,25,17.2)->(7,25,17.7179)->(6,25,18.2858)->(5,25,18.9679)->(4,25,20.2858)->(3,25,5009.85)->
Agent 95:(1,0,1.3)->(1,1,2.6)->(1,2,7.30685)->(2,2,11.4279)->(3,2,12.7458)->(4,2,13.4279)->(5,2,13.9958)->(6,2,14.5137)->(7,2,15.0137)->(8,2,15.5137)->(9,2,16.0137)->(10,2,16.5137)->(11,2,17.0137)->(12,2,17.5137)->(13,2,18.0317)->(14,2,18.5995)->(15,2,19.2817)->(16,2,20.5995)->(17,2,5010.01)->
Agent 96:(4,30,2.2)->(4,29,3.81421)->(4,28,5.13205)->(4,27,5.82382)->(4,26,6.45949)->(4,25,7.15126)->(4,24,8.4691)->(4,23,11.0975)->(5,23,20.1237)->(5,24,28.2136)->(5,25,30.2136)->(5,26,5014.83)->
Agent 97:(23,20,1.71421)->(23,21,4.35)->(22,21,7.51421)->(21,21,8.83205)->(20,21,9.51421)->(19,21,10.0821)->(18,21,10.6)->(17,21,11.1)->(16,21,11.6)->(15,21,12.1)->(14,21,12.6)->(13,21,13.1)->(12,21,13.6)->(11,21,14.1)->(10,21,14.6)->(9,21,15.1)->(8,21,15.6179)->(7,21,16.1858)->(6,21,16.8679)->(5,21,18.1858)->(4,21,5008.8)->
Agent 98:(21,17,4.26421)->(21,16,7.94264)->(21,15,9.26048)->(21,14,9.94264)->(21,13,10.5105)->(21,12,11.0284)->(21,11,11.5284)->(21,10,12.0284)->(21,9,12.5284)->(21,8,13.0284)->(21,7,13.5284)->(21,6,14.0284)->(21,5,14.5464)->(21,4,15.1142)->(21,3,15.7964)->(21,2,17.1142)->(21,1,24.5069)->(22,1,31.8995)->(23,1,33.2173)->(24,1,33.8995)->(25,1,34.4853)->(26,1,35.0711)->(27,1,35.7532)->(28,1,37.0711)->(29,1,5018.24)->
Agent 99:(5,30,2.2)->(5,29,3.81421)->(5,28,5.13205)->(5,27,5.81421)->(5,26,6.38205)->(5,25,6.9)->(5,24,7.4)->(5,23,7.9)->(5,22,8.4)->(5,21,8.9)->(5,20,9.4)->(5,19,9.9)->(5,18,10.4179)->(5,17,10.9858)->(5,16,11.6679)->(5,15,12.9858)->(5,14,15.2)->(6,14,17.4142)->(7,14,18.7321)->(8,14,19.4142)->(9,14,19.9821)->(10,14,20.5)->(11,14,21)->(12,14,21.5)->(13,14,22)->(14,14,22.5)->(15,14,23.0179)->(16,14,23.5858)->(17,14,24.2679)->(18,14,25.5858)->(19,14,27.8)->(19,13,30.0142)->(19,12,31.4284)->(19,11,32.8426)->(19,10,35.4711)->(20,10,5017.93)->
