Agent 0:(29,14,1.8)->(28,14,3.01421)->(27,14,4.34806)->(26,14,5.17649)->(25,14,6.51034)->(24,14,9.1407)->(24,13,12.3569)->(24,12,17.6563)->(23,12,22.37)->(22,12,23.6879)->(21,12,24.37)->(20,12,24.9379)->(19,12,25.4558)->(18,12,25.9558)->(17,12,26.4558)->(16,12,26.9558)->(15,12,27.4558)->(14,12,27.9558)->(13,12,28.4558)->(12,12,28.9558)->(11,12,29.4558)->(10,12,29.9738)->(9,12,30.5416)->(8,12,31.2238)->(7,12,32.5416)->(6,12,35.17)->(6,13,5017.78)->
Agent 1:(8,17,2.60182)->(7,17,4.61786)->(6,17,5.95171)->(5,17,6.78014)->(4,17,8.11399)->(3,17,19.821)->(3,18,31.5279)->(3,19,32.8458)->(3,20,33.5279)->(3,21,34.1137)->(3,22,34.6995)->(3,23,35.3817)->(3,24,36.6995)->(3,25,5018.06)->
Agent 2:(28,1,1.3)->(28,2,2.04949)->(28,3,4.04949)->(28,4,8.44587)->(27,4,12.807)->(26,4,14.1248)->(25,4,14.807)->(24,4,15.3748)->(23,4,15.8928)->(22,4,16.3928)->(21,4,16.8928)->(20,4,17.3928)->(19,4,17.8928)->(18,4,18.3928)->(17,4,18.8928)->(16,4,19.3928)->(15,4,19.8928)->(14,4,20.4107)->(13,4,20.9785)->(12,4,21.6607)->(11,4,22.9785)->(10,4,27.9928)->(10,5,33.007)->(10,6,34.3248)->(10,7,35.007)->(10,8,35.5748)->(10,9,36.0928)->(10,10,36.5928)->(10,11,37.0928)->(10,12,37.5928)->(10,13,38.0928)->(10,14,38.5928)->(10,15,39.0928)->(10,16,39.5928)->(10,17,40.0928)->(10,18,40.5928)->(10,19,41.1107)->(10,20,41.6785)->(10,21,42.3607)->(10,22,43.6785)->(10,23,45.8928)->(9,23,48.107)->(8,23,49.5212)->(7,23,50.9354)->(6,23,5025.17)->
Agent 3:(19,0,1.38579)->(19,1,2.18579)->(19,2,3.6)->(19,3,5.01421)->(19,4,7.64264)->(18,4,11.2426)->(18,5,13.8711)->(18,6,15.1889)->(18,7,15.8711)->(18,8,16.4389)->(18,9,16.9748)->(18,10,17.5426)->(18,11,18.2248)->(18,12,19.5426)->(18,13,26.2285)->(18,12,5015.34)->
Agent 4:(3,20,2.4142)->(4,20,4.24261)->(5,20,5.65683)->(6,20,7.07104)->(7,20,12.0729)->(7,19,17.0747)->(7,18,18.3925)->(7,17,19.1246)->(7,16,19.8566)->(7,15,21.1744)->(7,14,26.6953)->(6,14,32.2162)->(5,14,33.534)->(4,14,34.2258)->(3,14,34.8615)->(2,14,35.5532)->(1,14,36.8711)->(0,14,5018.14)->
Agent 5:(5,18,1.3)->(5,19,2.01421)->(5,20,3.33205)->(5,21,4.01421)->(5,22,4.6)->(5,23,5.18579)->(5,24,5.86795)->(5,25,7.18579)->(5,26,9.4)->(6,26,11.6142)->(7,26,12.9321)->(8,26,13.6142)->(9,26,14.1821)->(10,26,14.7)->(11,26,15.2)->(12,26,15.7)->(13,26,16.2)->(14,26,16.7179)->(15,26,17.2858)->(16,26,17.9679)->(17,26,19.2858)->(18,26,30.0736)->(18,25,40.8615)->(18,24,42.1953)->(18,23,43.0237)->(18,22,44.3576)->(18,21,5021.89)->
Agent 6:(22,28,2.55)->(21,28,4.51421)->(20,28,5.83205)->(19,28,6.51421)->(18,28,7.08205)->(17,28,7.6)->(16,28,8.1)->(15,28,8.61795)->(14,28,9.18579)->(13,28,9.86795)->(12,28,11.1858)->(11,28,14.6426)->(11,27,18.0995)->(11,26,19.4333)->(11,25,20.2618)->(11,24,21.5956)->(11,23,36.2655)->(10,23,5024.35)->
Agent 7:(30,4,1.3)->(30,5,2.6)->(30,6,5.81421)->(31,6,16.5037)->(30,6,26.2217)->(29,6,27.5395)->(28,6,28.2217)->(27,6,28.7895)->(26,6,29.3075)->(25,6,29.8075)->(24,6,30.3075)->(23,6,30.8075)->(22,6,31.3075)->(21,6,31.8075)->(20,6,32.3075)->(19,6,32.8075)->(18,6,33.3254)->(17,6,33.8933)->(16,6,34.5754)->(15,6,35.8933)->(14,6,5017.65)->
Agent 8:(31,1,1.8)->(30,1,3.01421)->(29,1,4.33205)->(28,1,5.01421)->(27,1,5.58205)->(26,1,6.1)->(25,1,6.6)->(24,1,7.1)->(23,1,7.6)->(22,1,8.1)->(21,1,8.6)->(20,1,9.1)->(19,1,9.6)->(18,1,10.1)->(17,1,10.6)->(16,1,11.1)->(15,1,11.6179)->(14,1,12.1858)->(13,1,12.8679)->(12,1,14.1858)->(11,1,16.5822)->(11,2,18.9785)->(11,3,20.2964)->(11,4,20.9785)->(11,5,21.5464)->(11,6,22.0643)->(11,7,22.5643)->(11,8,23.0643)->(11,9,23.5643)->(11,10,24.0643)->(11,11,24.5643)->(11,12,25.0823)->(11,13,25.6501)->(11,14,26.3323)->(11,15,27.6501)->(11,16,30.2785)->(10,16,33.8785)->(10,17,36.507)->(10,18,37.8248)->(10,19,38.507)->(10,20,39.0928)->(10,21,39.6785)->(10,22,40.3607)->(10,23,41.6785)->(10,24,44.307)->(11,24,5022.35)->
Agent 9:(6,5,1.8)->(7,5,3.01421)->(8,5,4.42843)->(9,5,5.84264)->(10,5,8.71382)->(10,6,11.585)->(10,7,12.9028)->(10,8,13.6349)->(10,9,14.3669)->(10,10,15.6848)->(10,11,18.3132)->(9,11,22.7828)->(9,12,26.2809)->(9,13,27.5987)->(9,14,28.2809)->(9,15,28.8487)->(9,16,29.3667)->(9,17,29.8667)->(9,18,30.3667)->(9,19,30.8667)->(9,20,31.3846)->(9,21,31.9525)->(9,22,32.6346)->(9,23,33.9525)->(9,24,36.1667)->(10,24,38.3809)->(11,24,39.7951)->(12,24,41.2093)->(13,24,43.4235)->(13,25,45.6377)->(13,26,46.9716)->(13,27,47.8)->(13,28,49.1339)->(13,29,5024.27)->
Agent 10:(19,19,2.23891)->(20,19,3.89202)->(21,19,5.20986)->(22,19,5.89202)->(23,19,6.45986)->(24,19,6.99576)->(25,19,7.5636)->(26,19,8.24576)->(27,19,9.5636)->(28,19,15.5652)->(28,18,21.5668)->(28,17,22.8846)->(28,16,23.5764)->(28,15,24.2121)->(28,14,24.9038)->(28,13,26.2217)->(28,12,28.8501)->(29,12,5014.62)->
Agent 11:(11,30,1.71421)->(11,31,4.6)->(11,30,8.01421)->(11,29,9.33205)->(11,28,10.0142)->(11,27,10.5821)->(11,26,11.1)->(11,25,11.6)->(11,24,12.1)->(11,23,12.6)->(11,22,13.1)->(11,21,13.6)->(11,20,14.1179)->(11,19,14.6858)->(11,18,15.3679)->(11,17,16.6858)->(11,16,21.5822)->(11,17,27.0643)->(11,18,5013.53)->
Agent 12:(8,19,2.21421)->(7,19,4.81421)->(7,18,7.44264)->(7,17,8.76048)->(7,16,9.44264)->(7,15,10.0105)->(7,14,10.5284)->(7,13,11.0464)->(7,12,11.6142)->(7,11,12.2964)->(7,10,13.6142)->(7,9,17.8143)->(8,9,22.0144)->(9,9,23.3323)->(10,9,24.0144)->(11,9,24.5823)->(12,9,25.1002)->(13,9,25.6002)->(14,9,26.1002)->(15,9,26.6002)->(16,9,27.1002)->(17,9,27.6002)->(18,9,28.1002)->(19,9,28.6002)->(20,9,29.1182)->(21,9,29.686)->(22,9,30.3682)->(23,9,31.686)->(24,9,33.9002)->(24,8,36.1144)->(24,7,37.5287)->(24,6,38.9429)->(24,5,5019.18)->
Agent 13:(14,3,1.3)->(14,4,2.01421)->(14,5,3.33205)->(14,6,4.01421)->(14,7,4.58205)->(14,8,5.1)->(14,9,5.6)->(14,10,6.1)->(14,11,6.6)->(14,12,7.1)->(14,13,7.6)->(14,14,8.11795)->(14,15,8.68579)->(14,16,9.36795)->(14,17,10.6858)->(14,18,13.3142)->(13,18,20.3822)->(13,19,5012.12)->
Agent 14:(4,24,1.71421)->(4,25,3.81421)->(3,25,6.44264)->(2,25,7.85685)->(1,25,9.27107)->(0,25,11.4853)->(0,24,13.6995)->(0,23,15.0173)->(0,22,15.6995)->(0,21,16.2673)->(0,20,16.7853)->(0,19,17.2853)->(0,18,17.7853)->(0,17,18.2853)->(0,16,18.7853)->(0,15,19.2853)->(0,14,19.7853)->(0,13,20.2853)->(0,12,20.7853)->(0,11,21.2853)->(0,10,21.7853)->(0,9,22.3032)->(0,8,22.8711)->(0,7,23.5532)->(0,6,24.8711)->(0,5,5012.14)->
Agent 15:(23,29,2.21421)->(22,29,7.18579)->(22,28,12.1858)->(22,27,13.5036)->(22,26,14.1858)->(22,25,14.7536)->(22,24,15.2716)->(22,23,15.7716)->(22,22,16.2716)->(22,21,16.7716)->(22,20,17.2716)->(22,19,17.7716)->(22,18,18.2716)->(22,17,18.7716)->(22,16,19.2716)->(22,15,19.7716)->(22,14,20.2716)->(22,13,20.7716)->(22,12,21.2716)->(22,11,21.7716)->(22,10,22.2895)->(22,9,22.8574)->(22,8,23.5395)->(22,7,24.8574)->(22,6,27.0716)->(21,6,29.2858)->(20,6,30.6036)->(19,6,31.2858)->(18,6,31.8536)->(17,6,32.3716)->(16,6,32.8716)->(15,6,33.3895)->(14,6,33.9574)->(13,6,34.6395)->(12,6,35.9574)->(11,6,38.1716)->(11,5,40.4211)->(11,4,42.4211)->(11,3,5020.94)->
Agent 16:(17,5,1.8)->(18,5,3.01421)->(19,5,4.33205)->(20,5,5.01421)->(21,5,5.58205)->(22,5,6.1)->(23,5,6.6)->(24,5,7.1)->(25,5,7.61795)->(26,5,8.18579)->(27,5,8.86795)->(28,5,10.1858)->(29,5,12.4)->(29,6,14.6142)->(29,7,15.9321)->(29,8,16.6142)->(29,9,17.1821)->(29,10,17.7)->(29,11,18.2)->(29,12,18.7)->(29,13,19.2)->(29,14,19.7)->(29,15,20.2)->(29,16,20.7)->(29,17,21.2)->(29,18,21.7)->(29,19,22.2)->(29,20,22.7)->(29,21,23.2)->(29,22,23.7)->(29,23,24.2)->(29,24,24.7179)->(29,25,25.2858)->(29,26,25.9679)->(29,27,27.2858)->(29,28,29.9142)->(30,28,5015.15)->
Agent 17:(28,26,2.2)->(28,25,3.81421)->(28,24,5.13205)->(28,23,5.81421)->(28,22,6.38205)->(28,21,6.9)->(28,20,7.4)->(28,19,7.9)->(28,18,8.4)->(28,17,8.9)->(28,16,9.4)->(28,15,9.9)->(28,14,10.4)->(28,13,10.9)->(28,12,11.4)->(28,11,11.9)->(28,10,12.4179)->(28,9,12.9858)->(28,8,13.6679)->(28,7,14.9858)->(28,6,17.2)->(27,6,19.4142)->(26,6,20.7321)->(25,6,21.4142)->(24,6,21.9821)->(23,6,22.5)->(22,6,23)->(21,6,23.5)->(20,6,24)->(19,6,24.5)->(18,6,25)->(17,6,25.5)->(16,6,26)->(15,6,26.5)->(14,6,27)->(13,6,27.5)->(12,6,28)->(11,6,28.5)->(10,6,29)->(9,6,29.5)->(8,6,30)->(7,6,30.5179)->(6,6,31.0858)->(5,6,31.7679)->(4,6,33.0858)->(3,6,35.7142)->(3,7,5018.05)->
Agent 18:(9,17,1.4142)->(9,18,2.24261)->(9,19,3.57646)->(9,20,4.40489)->(9,21,5.73874)->(9,22,7.95296)->(10,22,10.1672)->(11,22,11.485)->(12,22,12.2171)->(13,22,12.9491)->(14,22,14.2669)->(15,22,20.4479)->(15,23,26.6642)->(15,24,28.6642)->(15,25,5014.06)->
Agent 19:(21,30,7.67843)->(20,30,14.7711)->(19,30,16.0889)->(18,30,16.7711)->(17,30,17.3389)->(16,30,17.8569)->(15,30,18.3569)->(14,30,18.8569)->(13,30,19.3569)->(12,30,19.8569)->(11,30,20.3569)->(10,30,20.8569)->(9,30,21.3569)->(8,30,21.8569)->(7,30,22.3569)->(6,30,22.8569)->(5,30,23.3748)->(4,30,23.9426)->(3,30,24.6248)->(2,30,25.9426)->(1,30,5012.68)->
Agent 20:(31,30,2.2)->(31,29,3.81421)->(31,28,5.13205)->(31,27,5.81421)->(31,26,6.38205)->(31,25,6.9)->(31,24,7.4)->(31,23,7.9)->(31,22,8.4)->(31,21,8.9)->(31,20,9.4)->(31,19,9.9)->(31,18,10.4179)->(31,17,10.9858)->(31,16,11.6679)->(31,15,12.9858)->(31,14,19.5679)->(30,14,26.1501)->(29,14,27.4679)->(28,14,28.1501)->(27,14,28.7179)->(26,14,29.2359)->(25,14,29.7359)->(24,14,30.2359)->(23,14,30.7359)->(22,14,31.2359)->(21,14,31.7359)->(20,14,32.2359)->(19,14,32.7359)->(18,14,33.2359)->(17,14,33.7359)->(16,14,34.2359)->(15,14,34.7359)->(14,14,35.2359)->(13,14,35.7359)->(12,14,36.2359)->(11,14,36.7359)->(10,14,37.2538)->(9,14,37.8217)->(8,14,38.5038)->(7,14,39.8217)->(6,14,42.4501)->(6,15,5021.42)->
Agent 21:(29,5,1.93902)->(29,6,3.29225)->(29,7,4.61008)->(29,8,5.29225)->(29,9,5.86008)->(29,10,6.37803)->(29,11,6.87803)->(29,12,7.39598)->(29,13,7.96382)->(29,14,8.64598)->(29,15,9.96382)->(29,16,13.6853)->(28,16,17.4067)->(27,16,18.7246)->(26,16,19.4067)->(25,16,19.9746)->(24,16,20.4925)->(23,16,20.9925)->(22,16,21.4925)->(21,16,21.9925)->(20,16,22.4925)->(19,16,22.9925)->(18,16,23.5105)->(17,16,24.0783)->(16,16,24.7605)->(15,16,26.0783)->(14,16,28.2925)->(14,17,30.5067)->(14,18,31.8246)->(14,19,32.5067)->(14,20,33.0746)->(14,21,33.5925)->(14,22,34.0925)->(14,23,34.5925)->(14,24,35.1105)->(14,25,35.6783)->(14,26,36.3605)->(14,27,37.6783)->(14,28,45.2345)->(13,28,5025.27)->
Agent 22:(4,11,1.3)->(4,12,2.01421)->(4,13,3.34806)->(4,14,4.17649)->(4,15,5.51034)->(4,16,8.26228)->(5,16,11.0142)->(6,16,12.3321)->(7,16,13.0142)->(8,16,13.5821)->(9,16,14.1)->(10,16,14.6)->(11,16,15.1)->(12,16,15.6179)->(13,16,16.1858)->(14,16,16.8679)->(15,16,18.1858)->(16,16,20.8142)->(16,17,5010.6)->
Agent 23:(26,1,1.3)->(26,2,2.6)->(26,3,5.8248)->(25,3,8.46382)->(24,3,9.78166)->(23,3,10.4638)->(22,3,11.0317)->(21,3,11.5676)->(20,3,12.1354)->(19,3,12.8176)->(18,3,14.1354)->(17,3,20.3607)->(17,4,26.586)->(17,5,27.9038)->(17,6,28.586)->(17,7,29.1538)->(17,8,29.6718)->(17,9,30.1718)->(17,10,30.6718)->(17,11,31.1718)->(17,12,31.6718)->(17,13,32.1718)->(17,14,32.6718)->(17,15,33.1718)->(17,16,33.6718)->(17,17,34.1897)->(17,18,34.7576)->(17,19,35.4397)->(17,20,36.7576)->(17,21,38.9718)->(16,21,41.186)->(15,21,42.6002)->(14,21,44.0144)->(13,21,46.6429)->(13,22,5023.51)->
Agent 24:(28,16,1.87649)->(27,16,3.1672)->(26,16,4.48503)->(25,16,5.1672)->(24,16,5.75298)->(23,16,6.33877)->(22,16,7.02093)->(21,16,8.33877)->(20,16,10.553)->(20,15,12.7672)->(20,14,14.101)->(20,13,14.9295)->(20,12,16.2633)->(20,11,18.4775)->(19,11,20.6918)->(18,11,22.0096)->(17,11,22.7416)->(16,11,23.4737)->(15,11,24.7915)->(14,11,5012.1)->
Agent 25:(28,17,1.8)->(29,17,3.6)->(30,17,6.4)->(30,16,8.61421)->(30,15,9.94806)->(30,14,10.7765)->(30,13,12.1103)->(30,12,17.8482)->(29,12,23.586)->(28,12,24.9038)->(27,12,25.586)->(26,12,26.1538)->(25,12,26.6718)->(24,12,27.1718)->(23,12,27.6718)->(22,12,28.1718)->(21,12,28.6718)->(20,12,29.1718)->(19,12,29.6718)->(18,12,30.1718)->(17,12,30.6718)->(16,12,31.1718)->(15,12,31.6718)->(14,12,32.1718)->(13,12,32.6718)->(12,12,33.1718)->(11,12,33.6897)->(10,12,34.2576)->(9,12,34.9397)->(8,12,36.2576)->(7,12,5017.84)->
Agent 26:(4,31,11.25)->(4,30,21.9142)->(4,29,23.2321)->(4,28,23.9142)->(4,27,24.4821)->(4,26,25)->(4,25,25.5)->(4,24,26)->(4,23,26.5)->(4,22,27)->(4,21,27.5)->(4,20,28)->(4,19,28.5)->(4,18,29)->(4,17,29.5)->(4,16,30)->(4,15,30.5)->(4,14,31)->(4,13,31.5)->(4,12,32)->(4,11,32.5)->(4,10,33)->(4,9,33.5)->(4,8,34)->(4,7,34.5)->(4,6,35)->(4,5,35.5179)->(4,4,36.0858)->(4,3,36.7679)->(4,2,38.0858)->(4,1,40.3)->(5,1,42.5142)->(6,1,43.8321)->(7,1,44.5142)->(8,1,45.0821)->(9,1,45.6)->(10,1,46.1)->(11,1,46.6)->(12,1,47.1)->(13,1,47.6)->(14,1,48.1)->(15,1,48.6)->(16,1,49.1)->(17,1,49.6)->(18,1,50.1)->(19,1,50.6)->(20,1,51.1)->(21,1,51.6)->(22,1,52.1)->(23,1,52.6179)->(24,1,53.1858)->(25,1,53.8679)->(26,1,55.1858)->(27,1,5027.3)->
Agent 27:(20,0,2.4142)->(19,0,4.24261)->(18,0,5.56045)->(17,0,6.24261)->(16,0,6.81045)->(15,0,7.3284)->(14,0,7.84635)->(13,0,8.41419)->(12,0,9.09635)->(11,0,10.4142)->(10,0,13.9711)->(10,1,17.5279)->(10,2,18.8458)->(10,3,19.5279)->(10,4,20.0958)->(10,5,20.6137)->(10,6,21.1137)->(10,7,21.6137)->(10,8,22.1137)->(10,9,22.6137)->(10,10,23.1137)->(10,11,23.6137)->(10,12,24.1137)->(10,13,24.6137)->(10,14,25.1137)->(10,15,25.6137)->(10,16,26.1137)->(10,17,26.6137)->(10,18,27.1137)->(10,19,27.6137)->(10,20,28.1137)->(10,21,28.6317)->(10,22,29.1995)->(10,23,29.8817)->(10,24,31.1995)->(10,25,33.8279)->(9,25,37.4279)->(9,26,40.0563)->(9,27,41.3742)->(9,28,42.1062)->(9,29,42.8383)->(9,30,44.1561)->(9,31,5021.79)->
Agent 28:(29,21,2.61421)->(29,20,6.02843)->(30,20,10.0426)->(30,19,13.2569)->(30,18,18.7284)->(29,18,23.6495)->(28,18,25.6495)->(27,18,5012.55)->
Agent 29:(13,14,2.33205)->(13,15,4.07832)->(13,16,5.39615)->(13,17,6.07832)->(13,18,6.64615)->(13,19,7.1641)->(13,20,7.6641)->(13,21,8.1641)->(13,22,8.6641)->(13,23,9.1641)->(13,24,9.68205)->(13,25,10.2499)->(13,26,10.9321)->(13,27,12.2499)->(13,28,14.4641)->(14,28,16.7136)->(15,28,18.7136)->(16,28,22.4389)->(16,27,26.1642)->(16,26,28.1642)->(16,25,34.9447)->(17,25,42.2757)->(18,25,5021.14)->
Agent 30:(16,4,2.21421)->(17,4,8.6)->(17,5,15.0142)->(17,6,16.3321)->(17,7,17.0142)->(17,8,17.5821)->(17,9,18.1)->(17,10,18.6)->(17,11,19.1)->(17,12,19.6)->(17,13,20.1)->(17,14,20.6)->(17,15,21.1)->(17,16,21.6)->(17,17,22.1)->(17,18,22.6179)->(17,19,23.1858)->(17,20,23.8679)->(17,21,25.1858)->(17,22,27.4)->(16,22,29.6142)->(15,22,30.9321)->(14,22,31.6142)->(13,22,32.2)->(12,22,32.7858)->(11,22,33.4679)->(10,22,34.7858)->(9,22,37)->(9,23,39.8)->(9,24,43.0142)->(8,24,5021.7)->
Agent 31:(2,22,1.3)->(2,23,2.01421)->(2,24,3.33205)->(2,25,4.02382)->(2,26,4.65949)->(2,27,5.35126)->(2,28,6.6691)->(2,29,8.88331)->(3,29,11.0975)->(4,29,12.4154)->(5,29,13.0975)->(6,29,13.6654)->(7,29,14.1833)->(8,29,14.6833)->(9,29,15.1833)->(10,29,15.6833)->(11,29,16.1833)->(12,29,16.6833)->(13,29,17.1833)->(14,29,17.6833)->(15,29,18.1833)->(16,29,18.6833)->(17,29,19.1833)->(18,29,19.6833)->(19,29,20.1833)->(20,29,20.6833)->(21,29,21.1833)->(22,29,21.6833)->(23,29,22.1833)->(24,29,22.7013)->(25,29,23.2691)->(26,29,23.9513)->(27,29,25.2691)->(28,29,27.4833)->(28,28,29.6975)->(28,27,31.0314)->(28,26,31.8598)->(28,25,33.1937)->(28,24,35.8221)->(27,24,5018.1)->
Agent 32:(24,28,2.2)->(24,27,3.81421)->(24,26,5.14806)->(24,25,5.97649)->(24,24,7.31034)->(24,23,9.88708)->(23,23,12.4638)->(22,23,13.7817)->(21,23,14.4638)->(20,23,15.0317)->(19,23,15.5496)->(18,23,16.0676)->(17,23,16.6354)->(16,23,17.3176)->(15,23,18.6354)->(14,23,21.1248)->(14,22,24.2)->(14,21,27.2068)->(13,21,29.6279)->(12,21,30.9618)->(11,21,31.7902)->(10,21,33.124)->(9,21,39.2297)->(10,21,5021.55)->
Agent 33:(0,3,2.2)->(0,2,3.84949)->(0,1,5.84949)->(0,0,8.09898)->(1,0,10.3132)->(2,0,11.631)->(3,0,12.3228)->(4,0,12.9585)->(5,0,13.6502)->(6,0,14.9681)->(7,0,5007.19)->
Agent 34:(15,23,1.3)->(15,24,2.6)->(15,25,5.4)->(14,25,7.61421)->(13,25,8.93205)->(12,25,9.61421)->(11,25,10.1821)->(10,25,10.7179)->(9,25,11.2858)->(8,25,11.9679)->(7,25,13.2858)->(6,25,16.5464)->(6,24,19.807)->(6,23,21.2212)->(6,22,22.6354)->(6,21,25.2638)->(5,21,28.8638)->(5,20,31.4922)->(5,19,32.8101)->(5,18,33.4922)->(5,17,34.0601)->(5,16,34.578)->(5,15,35.078)->(5,14,35.578)->(5,13,36.096)->(5,12,36.6638)->(5,11,37.346)->(5,10,38.6638)->(5,9,5019.04)->
Agent 35:(7,6,2.4142)->(8,6,4.24261)->(9,6,5.56045)->(10,6,6.24261)->(11,6,6.81045)->(12,6,7.3284)->(13,6,7.8284)->(14,6,8.3284)->(15,6,8.8284)->(16,6,9.34635)->(17,6,9.91419)->(18,6,10.5963)->(19,6,11.9142)->(20,6,15.1407)->(20,7,18.3672)->(20,8,19.701)->(20,9,20.5295)->(20,10,21.8633)->(20,11,28.0673)->(19,11,34.8571)->(18,11,5017.43)->
Agent 36:(18,23,1.8)->(17,23,3.01421)->(16,23,4.42843)->(15,23,5.84264)->(14,23,11.6532)->(14,22,17.4638)->(14,21,18.7817)->(14,20,19.5137)->(14,19,20.2458)->(14,18,21.5636)->(14,17,24.5889)->(13,17,28.2)->(12,17,31.4142)->(12,18,5015.9)->
Agent 37:(18,18,2.58205)->(17,18,4.57832)->(16,18,5.89615)->(15,18,6.57832)->(14,18,7.14615)->(13,18,7.6641)->(12,18,8.18205)->(11,18,8.74989)->(10,18,9.43205)->(9,18,10.7499)->(8,18,14.1036)->(8,17,17.4574)->(8,16,18.7912)->(8,15,19.6196)->(8,14,20.9535)->(8,13,23.1677)->(9,13,25.4172)->(10,13,27.4172)->(11,13,31.9514)->(11,12,5017.1)->
Agent 38:(27,23,1.3)->(27,24,2.6)->(27,25,6.80685)->(26,25,10.4279)->(25,25,11.7458)->(24,25,12.4279)->(23,25,12.9958)->(22,25,13.5137)->(21,25,14.0137)->(20,25,14.5137)->(19,25,15.0137)->(18,25,15.5137)->(17,25,16.0137)->(16,25,16.5137)->(15,25,17.0137)->(14,25,17.5137)->(13,25,18.0137)->(12,25,18.5137)->(11,25,19.0137)->(10,25,19.5137)->(9,25,20.0137)->(8,25,20.5137)->(7,25,21.0137)->(6,25,21.5137)->(5,25,22.0137)->(4,25,22.5317)->(3,25,23.0995)->(2,25,23.7817)->(1,25,25.0995)->(0,25,27.3137)->(0,24,29.5279)->(0,23,30.8458)->(0,22,31.5279)->(0,21,32.0958)->(0,20,32.6137)->(0,19,33.1137)->(0,18,33.6137)->(0,17,34.1137)->(0,16,34.6137)->(0,15,35.1317)->(0,14,35.6995)->(0,13,36.3817)->(0,12,37.6995)->(0,11,5018.56)->
Agent 39:(23,5,2.93902)->(23,6,5.29225)->(23,7,6.61008)->(23,8,7.29225)->(23,9,7.86008)->(23,10,8.37803)->(23,11,8.87803)->(23,12,9.37803)->(23,13,9.87803)->(23,14,10.378)->(23,15,10.878)->(23,16,11.378)->(23,17,11.878)->(23,18,12.396)->(23,19,12.9638)->(23,20,13.646)->(23,21,14.9638)->(23,22,18.2032)->(24,22,21.4426)->(25,22,22.7605)->(26,22,23.4426)->(27,22,24.0284)->(28,22,24.6142)->(29,22,25.2964)->(30,22,26.6142)->(31,22,29.2426)->(31,23,5014.81)->
Agent 40:(4,20,1.3)->(4,21,2.01421)->(4,22,3.42843)->(4,23,4.84264)->(4,24,7.05685)->(5,24,9.27107)->(6,24,10.5889)->(7,24,11.2711)->(8,24,11.8389)->(9,24,12.3569)->(10,24,12.8569)->(11,24,13.3569)->(12,24,13.8569)->(13,24,14.3569)->(14,24,14.8569)->(15,24,15.3569)->(16,24,15.8569)->(17,24,16.3569)->(18,24,16.8748)->(19,24,17.4426)->(20,24,18.1248)->(21,24,19.4426)->(22,24,22.4711)->(21,24,26.4711)->(21,25,29.1348)->(21,26,31.1348)->(21,27,5015.29)->
Agent 41:(27,12,1.8)->(26,12,3.01421)->(25,12,4.33205)->(24,12,5.0641)->(23,12,5.79615)->(22,12,7.11399)->(21,12,9.3282)->(21,13,11.5424)->(21,14,12.8603)->(21,15,13.5424)->(21,16,14.1282)->(21,17,14.714)->(21,18,15.3962)->(21,19,16.714)->(21,20,18.9282)->(20,20,21.1777)->(19,20,23.1777)->(18,20,25.8414)->(18,21,34.9995)->(17,21,43.186)->(16,21,44.6002)->(15,21,46.0144)->(14,21,5022.71)->
Agent 42:(0,10,2.2)->(0,9,3.81421)->(0,8,5.13205)->(0,7,5.81421)->(0,6,6.4)->(0,5,6.98579)->(0,4,7.66795)->(0,3,8.98579)->(0,2,12.8232)->(1,2,16.6606)->(2,2,17.9784)->(3,2,18.6606)->(4,2,19.2284)->(5,2,19.7464)->(6,2,20.2464)->(7,2,20.7464)->(8,2,21.2464)->(9,2,21.7464)->(10,2,22.2464)->(11,2,22.7464)->(12,2,23.2464)->(13,2,23.7464)->(14,2,24.2464)->(15,2,24.7464)->(16,2,25.2464)->(17,2,25.7464)->(18,2,26.2464)->(19,2,26.7464)->(20,2,27.2464)->(21,2,27.7464)->(22,2,28.2464)->(23,2,28.7464)->(24,2,29.2464)->(25,2,29.7464)->(26,2,30.2464)->(27,2,30.7643)->(28,2,31.3322)->(29,2,32.0143)->(30,2,33.3322)->(31,2,5016.37)->
Agent 43:(17,12,3.8)->(17,13,7.01421)->(17,14,8.33205)->(17,15,9.01421)->(17,16,9.58205)->(17,17,10.1)->(17,18,10.6179)->(17,19,11.1858)->(17,20,11.8679)->(17,21,13.1858)->(17,22,16.739)->(18,22,22.2459)->(18,23,26.8279)->(19,23,30.0421)->(20,23,5015.02)->
Agent 44:(23,21,2.21421)->(22,21,4.81421)->(22,20,7.44264)->(22,19,8.76048)->(22,18,9.44264)->(22,17,10.0284)->(22,16,10.6142)->(22,15,11.2964)->(22,14,12.6142)->(22,13,14.8284)->(21,13,17.0779)->(20,13,19.0779)->(19,13,21.3274)->(19,12,23.5416)->(19,11,24.8595)->(19,10,25.5416)->(19,9,26.1095)->(19,8,26.6454)->(19,7,27.2132)->(19,6,27.8954)->(19,5,29.2132)->(19,4,5014.31)->
Agent 45:(22,3,2.21421)->(23,3,5.73902)->(23,4,9.29225)->(23,5,10.6101)->(23,6,11.2922)->(23,7,11.8601)->(23,8,12.378)->(23,9,12.878)->(23,10,13.396)->(23,11,13.9638)->(23,12,14.646)->(23,13,15.9638)->(23,14,18.5922)->(24,14,24.357)->(24,15,5013.45)->
Agent 46:(15,1,1.3)->(15,2,2.01421)->(15,3,3.33205)->(15,4,4.01421)->(15,5,4.58205)->(15,6,5.1)->(15,7,5.6)->(15,8,6.1)->(15,9,6.6)->(15,10,7.1)->(15,11,7.6)->(15,12,8.1)->(15,13,8.6)->(15,14,9.1)->(15,15,9.61795)->(15,16,10.1858)->(15,17,10.8679)->(15,18,12.1858)->(15,19,16.5142)->(15,18,20.8426)->(15,17,22.1605)->(15,16,22.8925)->(15,15,23.6246)->(15,14,24.9424)->(15,13,27.5708)->(16,13,5013.98)->
Agent 47:(3,23,2.71421)->(2,23,5.42843)->(1,23,12.6574)->(1,22,19.3005)->(1,21,20.6184)->(1,20,21.3005)->(1,19,21.8684)->(1,18,22.3863)->(1,17,22.8863)->(1,16,23.3863)->(1,15,23.8863)->(1,14,24.3863)->(1,13,24.8863)->(1,12,25.4043)->(1,11,25.9721)->(1,10,26.6543)->(1,9,27.9721)->(1,8,30.6005)->(0,8,5015.49)->
Agent 48:(14,2,4.14625)->(15,2,7.70672)->(16,2,9.02455)->(17,2,9.70672)->(18,2,10.2746)->(19,2,10.7925)->(20,2,11.2925)->(21,2,11.7925)->(22,2,12.2925)->(23,2,12.7925)->(24,2,13.2925)->(25,2,13.7925)->(26,2,14.3105)->(27,2,14.8783)->(28,2,15.5605)->(29,2,16.8783)->(30,2,19.0925)->(30,3,21.3067)->(30,4,22.6246)->(30,5,23.3067)->(30,6,23.8746)->(30,7,24.3925)->(30,8,24.8925)->(30,9,25.3925)->(30,10,25.9105)->(30,11,26.4783)->(30,12,27.1605)->(30,13,28.4783)->(30,14,31.1067)->(31,14,34.7067)->(31,15,37.3351)->(31,16,38.653)->(31,17,39.3351)->(31,18,39.9209)->(31,19,40.5067)->(31,20,41.1889)->(31,21,42.5067)->(31,22,45.1351)->(30,22,48.7351)->(30,23,51.3636)->(30,24,52.7778)->(30,25,54.192)->(30,26,5026.8)->
Agent 49:(9,19,1.3)->(9,20,2.01421)->(9,21,3.34806)->(9,22,4.17649)->(9,23,5.51034)->(9,24,8.12456)->(9,23,10.7388)->(9,22,12.0566)->(9,21,12.7388)->(9,20,13.3066)->(9,19,13.8246)->(9,18,14.3246)->(9,17,14.8246)->(9,16,15.3246)->(9,15,15.8246)->(9,14,16.3246)->(9,13,16.8246)->(9,12,17.3246)->(9,11,17.8246)->(9,10,18.3246)->(9,9,18.8246)->(9,8,19.3425)->(9,7,19.9103)->(9,6,20.5925)->(9,5,21.9103)->(9,4,24.1246)->(8,4,26.3388)->(7,4,27.753)->(6,4,29.1672)->(5,4,5014.29)->
Agent 50:(13,2,1.8)->(12,2,3.01421)->(11,2,4.34806)->(10,2,5.17649)->(9,2,6.51034)->(8,2,8.72456)->(8,1,11.5246)->(8,0,17.3855)->(8,1,22.6959)->(8,2,24.6959)->(8,3,5012.07)->
Agent 51:(20,25,2.21421)->(19,25,5.22843)->(19,24,8.27107)->(19,23,9.58891)->(19,22,10.2711)->(19,21,10.8389)->(19,20,11.3569)->(19,19,11.8569)->(19,18,12.3569)->(19,17,12.8569)->(19,16,13.3569)->(19,15,13.8569)->(19,14,14.3569)->(19,13,14.8569)->(19,12,15.3748)->(19,11,15.9426)->(19,10,16.6248)->(19,9,17.9426)->(19,8,20.1569)->(18,8,22.3711)->(17,8,23.6889)->(16,8,24.3711)->(15,8,24.9389)->(14,8,25.4569)->(13,8,25.9748)->(12,8,26.5426)->(11,8,27.2248)->(10,8,28.5426)->(9,8,5013.98)->
Agent 52:(20,14,5.18215)->(19,14,9.77851)->(18,14,11.0963)->(17,14,11.7785)->(16,14,12.3643)->(15,14,12.9501)->(14,14,13.6322)->(13,14,14.9501)->(12,14,20.2323)->(12,15,25.5144)->(12,16,26.8323)->(12,17,27.5643)->(12,18,28.2964)->(12,19,29.6142)->(12,20,5014.51)->
Agent 53:(11,17,1.8)->(12,17,3.01421)->(13,17,4.34806)->(14,17,5.17649)->(15,17,6.51034)->(16,17,8.99816)->(16,16,11.486)->(16,15,12.8038)->(16,14,13.486)->(16,13,14.0538)->(16,12,14.5718)->(16,11,15.0718)->(16,10,15.5718)->(16,9,16.0897)->(16,8,16.6576)->(16,7,17.3397)->(16,6,18.6576)->(16,5,21.6038)->(17,5,24.5501)->(18,5,25.8679)->(19,5,26.5501)->(20,5,27.1179)->(21,5,27.6359)->(22,5,28.1359)->(23,5,28.6359)->(24,5,29.1359)->(25,5,29.6538)->(26,5,30.2217)->(27,5,30.9038)->(28,5,32.2217)->(29,5,34.4359)->(29,4,36.6854)->(29,3,38.6854)->(29,2,5019.07)->
Agent 54:(22,12,2.2)->(22,11,4.4)->(22,10,7.63902)->(23,10,10.878)->(24,10,5005.44)->
Agent 55:(18,8,1.3)->(18,9,2.01421)->(18,10,3.33205)->(18,11,4.01421)->(18,12,4.58205)->(18,13,5.1)->(18,14,5.6)->(18,15,6.1)->(18,16,6.6)->(18,17,7.1)->(18,18,7.61795)->(18,19,8.18579)->(18,20,8.86795)->(18,21,10.1858)->(18,22,13.8248)->(18,21,17.4991)->(18,20,19.4991)->(18,19,22.7052)->(19,19,25.9112)->(20,19,27.9112)->(21,19,5013.68)->
Agent 56:(8,16,5.29949)->(8,15,10.0132)->(8,14,11.331)->(8,13,12.0132)->(8,12,12.581)->(8,11,13.1169)->(8,10,13.6848)->(8,9,14.3669)->(8,8,15.6848)->(8,7,17.899)->(7,7,20.1485)->(6,7,22.1485)->(5,7,5010.8)->
Agent 57:(27,17,2.82841)->(26,17,7.42105)->(27,17,12.3995)->(27,18,15.0279)->(27,19,16.3458)->(27,20,17.0279)->(27,21,17.5958)->(27,22,18.1137)->(27,23,18.6317)->(27,24,19.1995)->(27,25,19.8817)->(27,26,21.1995)->(27,27,5010.31)->
Agent 58:(10,16,1.46421)->(10,17,2.34264)->(10,18,3.66048)->(10,19,4.34264)->(10,20,4.91048)->(10,21,5.42843)->(10,22,5.92843)->(10,23,6.44638)->(10,24,7.01421)->(10,25,7.69638)->(10,26,9.01421)->(10,27,11.2284)->(11,27,13.4426)->(12,27,14.7605)->(13,27,15.4426)->(14,27,16.0284)->(15,27,16.6142)->(16,27,17.2964)->(17,27,18.6142)->(18,27,5009.01)->
Agent 59:(26,11,5.68677)->(26,10,10.7878)->(26,9,12.1056)->(26,8,12.7974)->(26,7,13.433)->(26,6,14.1248)->(26,5,15.4426)->(26,4,18.0711)->(25,4,27.4674)->(26,4,35.8922)->(27,4,37.3065)->(28,4,38.7207)->(29,4,5019.07)->
Agent 60:(23,10,1.3)->(23,11,2.01421)->(23,12,3.42843)->(23,13,4.84264)->(23,14,7.05685)->(22,14,9.27107)->(21,14,10.5889)->(20,14,11.321)->(19,14,12.053)->(18,14,13.3708)->(17,14,16.3993)->(18,14,21.3213)->(17,14,24.9071)->(16,14,26.9071)->(15,14,29.985)->(15,13,5015.39)->
Agent 61:(6,11,3.22157)->(6,10,5.85736)->(6,9,7.1752)->(6,8,7.85736)->(6,7,8.4252)->(6,6,8.94315)->(6,5,9.46109)->(6,4,10.0289)->(6,3,10.7111)->(6,2,12.0289)->(6,1,15.6127)->(7,1,19.1965)->(8,1,20.5143)->(9,1,21.1965)->(10,1,21.7643)->(11,1,22.2823)->(12,1,22.7823)->(13,1,23.2823)->(14,1,23.7823)->(15,1,24.2823)->(16,1,24.7823)->(17,1,25.2823)->(18,1,25.7823)->(19,1,26.2823)->(20,1,26.7823)->(21,1,27.2823)->(22,1,27.8002)->(23,1,28.3681)->(24,1,29.0502)->(25,1,30.3681)->(26,1,32.9965)->(26,2,5016.69)->
Agent 62:(28,23,2.4142)->(27,23,4.27789)->(26,23,6.27789)->(25,23,14.4205)->(25,24,23.1137)->(25,25,5011.56)->
Agent 63:(28,8,1.3)->(28,9,2.01421)->(28,10,3.42843)->(28,11,4.84264)->(28,12,7.05685)->(27,12,9.27107)->(26,12,10.5889)->(25,12,11.2711)->(24,12,11.8389)->(23,12,12.3569)->(22,12,12.8569)->(21,12,13.3569)->(20,12,13.8569)->(19,12,14.3569)->(18,12,14.8569)->(17,12,15.3569)->(16,12,15.8569)->(15,12,16.3569)->(14,12,16.8569)->(13,12,17.3569)->(12,12,17.8569)->(11,12,18.3569)->(10,12,18.8748)->(9,12,19.4426)->(8,12,20.1248)->(7,12,21.4426)->(6,12,23.6569)->(6,13,25.8711)->(6,14,27.1889)->(6,15,27.8711)->(6,16,28.4389)->(6,17,28.9569)->(6,18,29.4748)->(6,19,30.0426)->(6,20,30.7248)->(6,21,32.0426)->(6,22,5015.73)->
Agent 64:(25,1,1.3)->(25,2,2.01421)->(25,3,3.33205)->(25,4,4.01421)->(25,5,4.58205)->(25,6,5.1)->(25,7,5.6)->(25,8,6.1)->(25,9,6.6)->(25,10,7.1)->(25,11,7.6)->(25,12,8.1)->(25,13,8.6)->(25,14,9.1)->(25,15,9.6)->(25,16,10.1)->(25,17,10.6179)->(25,18,11.1858)->(25,19,11.8679)->(25,20,13.1858)->(25,21,15.4)->(24,21,17.6142)->(23,21,18.9321)->(22,21,19.6142)->(21,21,20.1821)->(20,21,20.7)->(19,21,21.2)->(18,21,21.7)->(17,21,22.2)->(16,21,22.7)->(15,21,23.2)->(14,21,23.7)->(13,21,24.2)->(12,21,24.7)->(11,21,25.2179)->(10,21,25.7858)->(9,21,26.4679)->(8,21,27.7858)->(7,21,30)->(7,22,32.2142)->(7,23,33.6284)->(7,24,35.0426)->(7,25,5017.23)->
Agent 65:(18,0,1.3)->(18,1,2.01421)->(18,2,3.33205)->(18,3,4.01421)->(18,4,4.58205)->(18,5,5.1)->(18,6,5.6)->(18,7,6.1)->(18,8,6.6)->(18,9,7.1)->(18,10,7.6)->(18,11,8.1)->(18,12,8.6)->(18,13,9.1)->(18,14,9.6)->(18,15,10.1179)->(18,16,10.6858)->(18,17,11.3679)->(18,18,12.6858)->(18,19,14.9)->(19,19,17.1495)->(20,19,19.1495)->(21,19,22.9799)->(21,20,26.7749)->(21,21,28.1088)->(21,22,28.9372)->(21,23,30.2711)->(21,24,5014.84)->
Agent 66:(5,12,1.8)->(6,12,3.01421)->(7,12,4.33205)->(8,12,5.02382)->(9,12,5.65949)->(10,12,6.35126)->(11,12,7.6691)->(12,12,11.1673)->(12,11,14.6656)->(12,10,15.9834)->(12,9,16.6752)->(12,8,17.3108)->(12,7,18.0026)->(12,6,19.3204)->(12,5,21.5347)->(13,5,24.3347)->(14,5,5012.17)->
Agent 67:(4,6,1.3)->(4,7,2.01421)->(4,8,3.33205)->(4,9,4.01421)->(4,10,4.58205)->(4,11,5.11795)->(4,12,5.68579)->(4,13,6.36795)->(4,14,7.68579)->(4,15,11.7358)->(5,15,15.7858)->(6,15,17.1036)->(7,15,17.7858)->(8,15,18.3536)->(9,15,18.8716)->(10,15,19.3716)->(11,15,19.8716)->(12,15,20.3716)->(13,15,20.8716)->(14,15,21.3716)->(15,15,21.8716)->(16,15,22.3716)->(17,15,22.8716)->(18,15,23.3716)->(19,15,23.8716)->(20,15,24.3716)->(21,15,24.8716)->(22,15,25.3716)->(23,15,25.8716)->(24,15,26.3895)->(25,15,26.9574)->(26,15,27.6395)->(27,15,28.9574)->(28,15,31.1716)->(28,16,33.4211)->(28,17,35.4211)->(28,18,5017.44)->
Agent 68:(3,16,1.91048)->(3,17,3.23517)->(3,18,4.55301)->(3,19,5.23517)->(3,20,5.80301)->(3,21,6.32096)->(3,22,6.82096)->(3,23,7.33891)->(3,24,7.90674)->(3,25,8.58891)->(3,26,9.90674)->(3,27,13.2105)->(4,27,16.5142)->(5,27,17.8321)->(6,27,18.5142)->(7,27,19.1)->(8,27,19.6858)->(9,27,20.3679)->(10,27,21.6858)->(11,27,24.3142)->(11,28,5012.35)->
Agent 69:(18,4,1.8)->(19,4,3.01421)->(20,4,4.33205)->(21,4,5.02382)->(22,4,5.65949)->(23,4,6.35126)->(24,4,7.6691)->(25,4,9.88331)->(25,5,12.0975)->(25,6,13.4154)->(25,7,14.0975)->(25,8,14.6654)->(25,9,15.1833)->(25,10,15.6833)->(25,11,16.1833)->(25,12,16.6833)->(25,13,17.1833)->(25,14,17.6833)->(25,15,18.1833)->(25,16,18.6833)->(25,17,19.2013)->(25,18,19.7691)->(25,19,20.4513)->(25,20,21.7691)->(25,21,24.3975)->(26,21,27.9975)->(26,22,30.626)->(26,23,31.9598)->(26,24,32.7882)->(26,25,34.1221)->(26,26,5016.77)->
Agent 70:(19,16,1.3)->(19,17,2.6)->(19,18,6.92854)->(20,18,10.6713)->(21,18,12.0855)->(22,18,13.4997)->(23,18,15.7139)->(23,19,18.5139)->(23,20,24.057)->(22,20,29.6)->(21,20,5014.8)->
Agent 71:(21,12,1.3)->(21,13,2.01421)->(21,14,3.34806)->(21,15,4.17649)->(21,16,5.51034)->(21,17,9.26228)->(20,17,13.0142)->(19,17,14.3321)->(18,17,15.0142)->(17,17,15.5821)->(16,17,16.1)->(15,17,16.6)->(14,17,17.1)->(13,17,17.6)->(12,17,18.1)->(11,17,18.6179)->(10,17,19.1858)->(9,17,19.8679)->(8,17,21.1858)->(7,17,24.2464)->(7,18,5012.53)->
Agent 72:(2,3,1.55)->(2,4,2.51421)->(2,5,3.83205)->(2,6,4.51421)->(2,7,5.08205)->(2,8,5.6)->(2,9,6.1)->(2,10,6.6)->(2,11,7.1)->(2,12,7.6)->(2,13,8.1)->(2,14,8.6)->(2,15,9.1)->(2,16,9.6)->(2,17,10.1)->(2,18,10.6)->(2,19,11.1)->(2,20,11.6)->(2,21,12.1)->(2,22,12.6)->(2,23,13.1)->(2,24,13.6)->(2,25,14.1179)->(2,26,14.6858)->(2,27,15.3679)->(2,28,16.6858)->(2,29,19.3142)->(3,29,5009.85)->
Agent 73:(9,11,2.80736)->(8,11,5.02893)->(7,11,6.44315)->(6,11,7.85736)->(5,11,13.9083)->(5,12,19.9593)->(5,13,21.2772)->(5,14,21.9689)->(5,15,22.6046)->(5,16,23.2964)->(5,17,24.6142)->(5,18,28.1784)->(4,18,5014.75)->
Agent 74:(1,0,1.3)->(1,1,2.01421)->(1,2,3.33205)->(1,3,4.01421)->(1,4,4.58205)->(1,5,5.1)->(1,6,5.6)->(1,7,6.1)->(1,8,6.6)->(1,9,7.1)->(1,10,7.6)->(1,11,8.1)->(1,12,8.6)->(1,13,9.1)->(1,14,9.6)->(1,15,10.1179)->(1,16,10.6858)->(1,17,11.3679)->(1,18,12.6858)->(1,19,14.9)->(2,19,17.1142)->(3,19,18.4321)->(4,19,19.1142)->(5,19,19.6821)->(6,19,20.2)->(7,19,20.7)->(8,19,21.2)->(9,19,21.7)->(10,19,22.2)->(11,19,22.7)->(12,19,23.2)->(13,19,23.7179)->(14,19,24.2858)->(15,19,24.9679)->(16,19,26.2858)->(17,19,28.5)->(17,20,30.7495)->(17,21,32.7495)->(17,22,5016.1)->
Agent 75:(15,22,1.8)->(16,22,3.01421)->(17,22,4.34806)->(18,22,5.17649)->(19,22,6.51034)->(20,22,9.26177)->(20,21,12.0132)->(20,20,13.331)->(20,19,14.0132)->(20,18,14.599)->(20,17,15.1848)->(20,16,15.8669)->(20,15,17.1848)->(20,14,22.1495)->(20,15,5012.44)->
Agent 76:(3,26,1.8)->(4,26,3.01421)->(5,26,4.33205)->(6,26,5.01421)->(7,26,5.58205)->(8,26,6.1)->(9,26,6.6)->(10,26,7.1)->(11,26,7.6)->(12,26,8.1)->(13,26,8.6)->(14,26,9.1)->(15,26,9.6)->(16,26,10.1)->(17,26,10.6)->(18,26,11.1)->(19,26,11.6)->(20,26,12.1)->(21,26,12.6)->(22,26,13.1)->(23,26,13.6)->(24,26,14.1)->(25,26,14.6)->(26,26,15.1179)->(27,26,15.6858)->(28,26,16.3679)->(29,26,17.6858)->(30,26,19.9)->(30,25,22.1142)->(30,24,23.4321)->(30,23,24.1142)->(30,22,24.6821)->(30,21,25.2)->(30,20,25.7)->(30,19,26.2179)->(30,18,26.7858)->(30,17,27.4679)->(30,16,28.7858)->(30,15,5014.1)->
Agent 77:(3,9,3.7)->(4,9,6.81421)->(5,9,8.13205)->(6,9,8.81421)->(7,9,9.38205)->(8,9,9.9)->(9,9,10.4179)->(10,9,10.9858)->(11,9,11.6679)->(12,9,12.9858)->(13,9,15.2)->(13,10,18)->(13,11,5009)->
Agent 78:(30,13,2.4142)->(29,13,4.24261)->(28,13,5.56045)->(27,13,6.24261)->(26,13,6.81045)->(25,13,7.3284)->(24,13,7.8284)->(23,13,8.3284)->(22,13,8.8284)->(21,13,9.3284)->(20,13,9.8284)->(19,13,10.3284)->(18,13,10.8284)->(17,13,11.3284)->(16,13,11.8284)->(15,13,12.3284)->(14,13,12.8463)->(13,13,13.4142)->(12,13,14.0963)->(11,13,15.4142)->(10,13,17.6284)->(10,14,19.8426)->(10,15,21.1605)->(10,16,21.8426)->(10,17,22.4105)->(10,18,22.9284)->(10,19,23.4284)->(10,20,23.9284)->(10,21,24.4284)->(10,22,24.9463)->(10,23,25.5142)->(10,24,26.1963)->(10,25,27.5142)->(10,26,29.7284)->(9,26,32.5284)->(8,26,35.3284)->(8,27,37.5426)->(8,28,38.9568)->(8,29,40.371)->(8,30,5019.89)->
Agent 79:(7,10,3.88579)->(7,9,7.22106)->(7,8,9.22106)->(7,7,11.4706)->(8,7,13.6848)->(9,7,15.0026)->(10,7,15.6848)->(11,7,16.2526)->(12,7,16.7706)->(13,7,17.2706)->(14,7,17.7706)->(15,7,18.2706)->(16,7,18.7706)->(17,7,19.2885)->(18,7,19.8563)->(19,7,20.5385)->(20,7,21.8563)->(21,7,5010.64)->
Agent 80:(26,17,1.3)->(26,18,2.04949)->(26,19,4.04949)->(26,20,6.29898)->(25,20,8.51319)->(24,20,9.83103)->(23,20,10.5132)->(22,20,11.081)->(21,20,11.599)->(20,20,12.099)->(19,20,12.599)->(18,20,13.099)->(17,20,13.6169)->(16,20,14.1848)->(15,20,14.8669)->(14,20,16.1848)->(13,20,18.399)->(13,21,20.6132)->(13,22,21.931)->(13,23,22.6228)->(13,24,23.2585)->(13,25,23.9502)->(13,26,25.2681)->(13,27,27.4823)->(12,27,29.6965)->(11,27,31.0143)->(10,27,31.6965)->(9,27,32.2643)->(8,27,32.7823)->(7,27,33.2823)->(6,27,33.7823)->(5,27,34.2823)->(4,27,34.8002)->(3,27,35.3681)->(2,27,36.0502)->(1,27,37.3681)->(0,27,5018.39)->
Agent 81:(5,30,2.21421)->(4,30,4.81421)->(4,29,7.44264)->(4,28,8.76048)->(4,27,9.44264)->(4,26,10.0284)->(4,25,10.6142)->(4,24,11.2964)->(4,23,12.6142)->(4,22,15.2426)->(5,22,24.0431)->(5,23,31.872)->(5,24,33.2058)->(5,25,34.0342)->(5,26,35.3681)->(5,27,5017.39)->
Agent 82:(12,9,1.71421)->(12,10,6.60685)->(11,10,12.0279)->(10,10,13.4421)->(9,10,14.8563)->(8,10,20.2764)->(8,11,25.6965)->(8,12,27.0143)->(8,13,27.6965)->(8,14,28.2643)->(8,15,28.7823)->(8,16,29.2823)->(8,17,29.7823)->(8,18,30.3002)->(8,19,30.8681)->(8,20,31.5502)->(8,21,32.8681)->(8,22,5016.14)->
Agent 83:(3,12,1.3)->(3,13,2.01421)->(3,14,3.33205)->(3,15,4.0641)->(3,16,4.79615)->(3,17,6.11399)->(3,18,14.0463)->(4,18,21.9785)->(5,18,23.2964)->(6,18,23.9785)->(7,18,24.5464)->(8,18,25.0643)->(9,18,25.5643)->(10,18,26.0643)->(11,18,26.5643)->(12,18,27.0643)->(13,18,27.5643)->(14,18,28.0643)->(15,18,28.5643)->(16,18,29.0823)->(17,18,29.6501)->(18,18,30.3323)->(19,18,31.6501)->(20,18,5015.53)->
Agent 84:(12,27,2.2)->(12,26,3.81421)->(12,25,5.22843)->(12,24,6.64264)->(12,23,5003.03)->
Agent 85:(15,27,1.8)->(16,27,3.01421)->(17,27,4.33205)->(18,27,5.01421)->(19,27,5.58205)->(20,27,6.1)->(21,27,6.6)->(22,27,7.11795)->(23,27,7.68579)->(24,27,8.36795)->(25,27,9.68579)->(26,27,13.3679)->(26,26,17.0501)->(26,25,18.3679)->(26,24,19.0501)->(26,23,19.6179)->(26,22,20.1359)->(26,21,20.6359)->(26,20,21.1359)->(26,19,21.6359)->(26,18,22.1359)->(26,17,22.6359)->(26,16,23.1359)->(26,15,23.6359)->(26,14,24.1359)->(26,13,24.6359)->(26,12,25.1359)->(26,11,25.6359)->(26,10,26.1359)->(26,9,26.6359)->(26,8,27.1359)->(26,7,27.6538)->(26,6,28.2217)->(26,5,28.9038)->(26,4,30.2217)->(26,3,5014.82)->
Agent 86:(18,13,1.8)->(17,13,3.6)->(16,13,6.93579)->(16,12,9.68579)->(16,11,11.0036)->(16,10,11.6858)->(16,9,12.2536)->(16,8,12.7716)->(16,7,13.2895)->(16,6,13.8574)->(16,5,14.5395)->(16,4,15.8574)->(16,3,18.4858)->(15,3,5009.44)->
Agent 87:(21,9,2.22157)->(21,8,3.85736)->(21,7,5.27157)->(21,6,6.68579)->(21,5,9.31421)->(22,5,14.7106)->(22,4,5008.45)->
Agent 88:(0,26,2.2)->(0,25,4.4)->(0,24,8.01795)->(1,24,11.0501)->(2,24,12.3679)->(3,24,13.0501)->(4,24,13.6179)->(5,24,14.1359)->(6,24,14.6359)->(7,24,15.1359)->(8,24,15.6359)->(9,24,16.1359)->(10,24,16.6359)->(11,24,17.1359)->(12,24,17.6359)->(13,24,18.1359)->(14,24,18.6359)->(15,24,19.1359)->(16,24,19.6538)->(17,24,20.2217)->(18,24,20.9038)->(19,24,22.2217)->(20,24,5010.82)->
Agent 89:(27,21,3.34264)->(27,20,6.09949)->(27,19,7.41733)->(27,18,8.09949)->(27,17,8.66733)->(27,16,9.18528)->(27,15,9.68528)->(27,14,10.1853)->(27,13,10.6853)->(27,12,11.1853)->(27,11,11.6853)->(27,10,12.1853)->(27,9,12.6853)->(27,8,13.1853)->(27,7,13.6853)->(27,6,14.1853)->(27,5,14.6853)->(27,4,15.2032)->(27,3,15.7711)->(27,2,16.4532)->(27,1,17.7711)->(27,0,19.9853)->(26,0,22.1995)->(25,0,23.6137)->(24,0,25.0279)->(23,0,5012.22)->
Agent 90:(1,23,2.2)->(1,22,3.84949)->(1,21,5.84949)->(1,20,13.0069)->(2,20,20.1289)->(3,20,21.4468)->(4,20,22.1289)->(5,20,22.6968)->(6,20,23.2147)->(7,20,23.7147)->(8,20,24.2147)->(9,20,24.7147)->(10,20,25.2147)->(11,20,25.7147)->(12,20,26.2327)->(13,20,26.8005)->(14,20,27.4827)->(15,20,28.8005)->(16,20,5014.11)->
Agent 91:(30,19,1.3)->(30,20,2.6)->(30,21,6.0748)->(29,21,8.96382)->(28,21,10.2817)->(27,21,10.9638)->(26,21,11.5317)->(25,21,12.0496)->(24,21,12.5496)->(23,21,13.0496)->(22,21,13.5496)->(21,21,14.0496)->(20,21,14.5496)->(19,21,15.0496)->(18,21,15.5496)->(17,21,16.0496)->(16,21,16.5496)->(15,21,17.0496)->(14,21,17.5496)->(13,21,18.0496)->(12,21,18.5496)->(11,21,19.0496)->(10,21,19.5496)->(9,21,20.0496)->(8,21,20.5496)->(7,21,21.0496)->(6,21,21.5496)->(5,21,22.0676)->(4,21,22.6354)->(3,21,23.3176)->(2,21,24.6354)->(1,21,5012.02)->
Agent 92:(22,0,3.10323)->(22,1,5.62067)->(22,2,6.93851)->(22,3,7.62067)->(22,4,8.18851)->(22,5,8.70646)->(22,6,9.20646)->(22,7,9.72441)->(22,8,10.2922)->(22,9,10.9744)->(22,10,12.2922)->(22,11,14.5065)->(23,11,16.7207)->(24,11,18.0385)->(25,11,18.7207)->(26,11,19.2885)->(27,11,19.8244)->(28,11,20.3922)->(29,11,21.0744)->(30,11,22.3922)->(31,11,5010.9)->
Agent 93:(13,30,1.99626)->(12,30,3.40674)->(11,30,4.72458)->(10,30,5.40674)->(9,30,5.97458)->(8,30,6.49253)->(7,30,6.99253)->(6,30,7.51048)->(5,30,8.07832)->(4,30,8.76048)->(3,30,10.0783)->(2,30,17.0105)->(2,29,23.9426)->(2,28,25.2605)->(2,27,25.9522)->(2,26,26.5879)->(2,25,27.2797)->(2,24,28.5975)->(2,23,5014.01)->
Agent 94:(26,31,2.75685)->(26,30,4.92792)->(26,29,6.24576)->(26,28,6.92792)->(26,27,7.49576)->(26,26,8.01371)->(26,25,8.51371)->(26,24,9.01371)->(26,23,9.51371)->(26,22,10.0137)->(26,21,10.5137)->(26,20,11.0137)->(26,19,11.5137)->(26,18,12.0137)->(26,17,12.5317)->(26,16,13.0995)->(26,15,13.7817)->(26,14,15.0995)->(26,13,17.3137)->(27,13,19.5279)->(28,13,20.8618)->(29,13,21.6902)->(30,13,23.0241)->(31,13,5011.22)->
Agent 95:(5,3,1.3)->(5,4,2.01421)->(5,5,3.33205)->(5,6,4.01421)->(5,7,4.58205)->(5,8,5.1)->(5,9,5.6)->(5,10,6.1)->(5,11,6.6)->(5,12,7.1)->(5,13,7.6)->(5,14,8.1)->(5,15,8.6)->(5,16,9.1)->(5,17,9.6)->(5,18,10.1)->(5,19,10.6)->(5,20,11.1)->(5,21,11.6)->(5,22,12.1)->(5,23,12.6)->(5,24,13.1179)->(5,25,13.6858)->(5,26,14.3679)->(5,27,15.6858)->(5,28,17.9)->(6,28,20.1142)->(7,28,21.4481)->(8,28,22.2765)->(9,28,23.6103)->(10,28,5011.51)->
Agent 96:(15,0,2.4142)->(15,1,4.24261)->(15,2,5.56045)->(15,3,6.24261)->(15,4,6.81045)->(15,5,7.3284)->(15,6,7.8284)->(15,7,8.3284)->(15,8,8.8284)->(15,9,9.3284)->(15,10,9.8284)->(15,11,10.3284)->(15,12,10.8284)->(15,13,11.3284)->(15,14,11.8463)->(15,15,12.4142)->(15,16,13.0963)->(15,17,14.4142)->(15,18,16.6284)->(16,18,18.8426)->(17,18,20.1605)->(18,18,20.8426)->(19,18,21.4105)->(20,18,21.9284)->(21,18,22.4463)->(22,18,23.0142)->(23,18,23.6963)->(24,18,25.0142)->(25,18,27.6426)->(25,19,5014.01)->
Agent 97:(29,9,2.43902)->(29,10,4.29225)->(29,11,5.61008)->(29,12,6.29225)->(29,13,6.86008)->(29,14,7.37803)->(29,15,7.87803)->(29,16,8.37803)->(29,17,8.87803)->(29,18,9.37803)->(29,19,9.87803)->(29,20,10.378)->(29,21,10.896)->(29,22,11.4638)->(29,23,12.146)->(29,24,13.4638)->(29,25,16.7459)->(28,25,20.0279)->(27,25,21.3458)->(26,25,22.0279)->(25,25,22.5958)->(24,25,23.1137)->(23,25,23.6137)->(22,25,24.1137)->(21,25,24.6137)->(20,25,25.1137)->(19,25,25.6137)->(18,25,26.1137)->(17,25,26.6137)->(16,25,27.1137)->(15,25,27.6137)->(14,25,28.1137)->(13,25,28.6137)->(12,25,29.1137)->(11,25,29.6137)->(10,25,30.1137)->(9,25,30.6137)->(8,25,31.1137)->(7,25,31.6137)->(6,25,32.1317)->(5,25,32.6995)->(4,25,33.3817)->(3,25,34.6995)->(2,25,5017.06)->
Agent 98:(5,29,1.8)->(6,29,3.01421)->(7,29,4.33205)->(8,29,5.01421)->(9,29,5.58205)->(10,29,6.1)->(11,29,6.6)->(12,29,7.1)->(13,29,7.6)->(14,29,8.1)->(15,29,8.61795)->(16,29,9.18579)->(17,29,9.86795)->(18,29,11.1858)->(19,29,13.4)->(19,28,15.6142)->(19,27,16.9321)->(19,26,17.6238)->(19,25,18.2595)->(19,24,18.9513)->(19,23,20.2691)->(19,22,5009.84)->
Agent 99:(2,8,2.38579)->(3,8,4.18579)->(4,8,5.50362)->(5,8,6.18579)->(6,8,6.75362)->(7,8,7.27157)->(8,8,7.77157)->(9,8,8.27157)->(10,8,8.77157)->(11,8,9.27157)->(12,8,9.77157)->(13,8,10.2716)->(14,8,10.7716)->(15,8,11.2716)->(16,8,11.7716)->(17,8,12.2716)->(18,8,12.7716)->(19,8,13.2716)->(20,8,13.7716)->(21,8,14.2895)->(22,8,14.8574)->(23,8,15.5395)->(24,8,16.8574)->(25,8,19.0716)->(25,9,21.2858)->(25,10,22.6036)->(25,11,23.2858)->(25,12,23.8536)->(25,13,24.3895)->(25,14,24.9574)->(25,15,25.6395)->(25,16,26.9574)->(25,17,5013.19)->
