Agent 0:(4,8,1.8)->(5,8,3.6)->(6,8,6.4)->(6,7,8.61421)->(6,6,9.93205)->(6,5,10.6641)->(6,4,11.3962)->(6,3,12.714)->(6,2,23.8793)->(6,3,35.0446)->(6,4,36.3624)->(6,5,37.0542)->(6,6,37.6899)->(6,7,38.3817)->(6,8,39.6995)->(6,9,5019.56)->
Agent 1:(7,13,4.7)->(8,13,8.81421)->(9,13,10.1321)->(10,13,10.8238)->(11,13,11.4595)->(12,13,12.1513)->(13,13,13.4691)->(14,13,15.6833)->(14,12,18.4833)->(14,11,22.0975)->(14,12,5011.44)->
Agent 2:(8,4,2.61421)->(8,3,5.65)->(9,3,8.31421)->(10,3,9.63205)->(11,3,10.3142)->(12,3,10.8821)->(13,3,11.4)->(14,3,11.9)->(15,3,12.4)->(16,3,12.9)->(17,3,13.4)->(18,3,13.9)->(19,3,14.4)->(20,3,14.9)->(21,3,15.4)->(22,3,15.9179)->(23,3,16.4858)->(24,3,17.1679)->(25,3,18.4858)->(26,3,20.7)->(26,4,22.9142)->(26,5,24.2321)->(26,6,24.9238)->(26,7,25.5595)->(26,8,26.2513)->(26,9,27.5691)->(26,10,30.1975)->(25,10,33.7975)->(25,11,36.426)->(25,12,37.7438)->(25,13,38.4356)->(25,14,39.0712)->(25,15,39.763)->(25,16,41.0808)->(25,17,5020.25)->
Agent 3:(18,15,1.3)->(18,16,2.6)->(18,17,8.28205)->(19,17,13.3783)->(20,17,14.6962)->(21,17,15.3783)->(22,17,15.9462)->(23,17,16.4641)->(24,17,16.9821)->(25,17,17.5499)->(26,17,18.2321)->(27,17,19.5499)->(28,17,21.7641)->(28,18,23.9783)->(28,19,25.2962)->(28,20,26.0282)->(28,21,26.7603)->(28,22,28.0781)->(28,23,30.7065)->(29,23,34.4726)->(29,24,37.853)->(29,25,5018.93)->
Agent 4:(4,26,1.71421)->(4,27,4.64626)->(5,27,8.10674)->(6,27,9.42458)->(7,27,10.1067)->(8,27,10.6746)->(9,27,11.2105)->(10,27,11.7783)->(11,27,12.4605)->(12,27,13.7783)->(13,27,17.3463)->(13,26,21.5)->(13,25,28.5357)->(13,26,35.5713)->(13,27,5017.79)->
Agent 5:(16,0,1.3)->(16,1,2.01421)->(16,2,3.33205)->(16,3,4.01421)->(16,4,4.58205)->(16,5,5.1)->(16,6,5.61795)->(16,7,6.18579)->(16,8,6.86795)->(16,9,8.18579)->(16,10,10.7284)->(15,10,13.2711)->(14,10,14.5889)->(13,10,15.2711)->(12,10,15.8389)->(11,10,16.3569)->(10,10,16.8569)->(9,10,17.3569)->(8,10,17.8569)->(7,10,18.3569)->(6,10,18.8748)->(5,10,19.4426)->(4,10,20.1248)->(3,10,21.4426)->(2,10,23.8746)->(2,11,26.3065)->(2,12,27.6244)->(2,13,28.3065)->(2,14,28.8744)->(2,15,29.3923)->(2,16,29.8923)->(2,17,30.3923)->(2,18,30.8923)->(2,19,31.3923)->(2,20,31.8923)->(2,21,32.3923)->(2,22,32.8923)->(2,23,33.3923)->(2,24,33.9103)->(2,25,34.4781)->(2,26,35.1603)->(2,27,36.4781)->(2,28,5017.95)->
Agent 6:(29,15,6.95374)->(29,16,13.3217)->(29,17,14.7359)->(29,18,16.1501)->(29,19,5007.78)->
Agent 7:(23,6,1.3)->(23,7,2.01421)->(23,8,3.33205)->(23,9,4.01421)->(23,10,4.6)->(23,11,5.18579)->(23,12,5.86795)->(23,13,7.18579)->(23,14,9.81421)->(24,14,14.5353)->(23,14,19.6706)->(23,15,5010.24)->
Agent 8:(10,10,2.2)->(10,9,3.81421)->(10,8,5.13205)->(10,7,5.81421)->(10,6,6.38205)->(10,5,6.91795)->(10,4,7.48579)->(10,3,8.16795)->(10,2,9.48579)->(10,1,11.7)->(9,1,14.5)->(8,1,20.6822)->(8,0,5012.02)->
Agent 9:(11,18,6.41421)->(11,19,12.2426)->(11,20,13.5605)->(11,21,14.2426)->(11,22,14.8105)->(11,23,15.3284)->(11,24,15.8284)->(11,25,16.3464)->(11,26,16.9142)->(11,27,17.5964)->(11,28,18.9142)->(11,29,21.1284)->(12,29,23.3426)->(13,29,24.6605)->(14,29,25.3426)->(15,29,25.9105)->(16,29,26.4284)->(17,29,26.9284)->(18,29,27.4284)->(19,29,27.9284)->(20,29,28.4284)->(21,29,28.9464)->(22,29,29.5142)->(23,29,30.1964)->(24,29,31.5142)->(25,29,5015.46)->
Agent 10:(13,11,1.3)->(13,12,2.04949)->(13,13,4.04949)->(13,14,8.17792)->(12,14,12.2711)->(11,14,13.5889)->(10,14,14.2711)->(9,14,14.8389)->(8,14,15.3569)->(7,14,15.8569)->(6,14,16.3569)->(5,14,16.8748)->(4,14,17.4426)->(3,14,18.1248)->(2,14,19.4426)->(1,14,22.0711)->(1,13,26.0853)->(0,13,5013.44)->
Agent 11:(12,12,1.8)->(11,12,3.6)->(10,12,6.4)->(10,13,8.61421)->(10,14,9.93205)->(10,15,10.6238)->(10,16,11.2595)->(10,17,11.9513)->(10,18,13.2691)->(10,19,15.8975)->(11,19,19.4975)->(11,20,22.126)->(11,21,23.4438)->(11,22,24.126)->(11,23,24.7117)->(11,24,25.2975)->(11,25,25.9797)->(11,26,27.2975)->(11,27,30.4095)->(12,27,33.5215)->(13,27,34.8393)->(14,27,35.5215)->(15,27,36.0893)->(16,27,36.6072)->(17,27,37.1072)->(18,27,37.6072)->(19,27,38.1072)->(20,27,38.6072)->(21,27,39.1072)->(22,27,39.6072)->(23,27,40.1072)->(24,27,40.6072)->(25,27,41.1252)->(26,27,41.693)->(27,27,42.3752)->(28,27,43.693)->(29,27,46.3215)->(29,28,5023.35)->
Agent 12:(9,13,1.3)->(9,14,2.01421)->(9,15,3.33205)->(9,16,4.01421)->(9,17,4.58205)->(9,18,5.11795)->(9,19,5.68579)->(9,20,6.36795)->(9,21,7.68579)->(9,22,11.2142)->(10,22,14.7426)->(11,22,16.0605)->(12,22,16.7426)->(13,22,17.3105)->(14,22,17.8284)->(15,22,18.3284)->(16,22,18.8284)->(17,22,19.3284)->(18,22,19.8284)->(19,22,20.3284)->(20,22,20.8464)->(21,22,21.4142)->(22,22,22.0964)->(23,22,23.4142)->(24,22,26.3605)->(24,23,29.3067)->(24,24,30.6246)->(24,25,31.3067)->(24,26,31.8746)->(24,27,32.4105)->(24,28,32.9783)->(24,29,33.6605)->(24,30,34.9783)->(24,31,5017.2)->
Agent 13:(30,16,4.5)->(29,16,8.41421)->(28,16,9.73205)->(27,16,10.4142)->(26,16,10.9821)->(25,16,11.5)->(24,16,12.0179)->(23,16,12.5858)->(22,16,13.2679)->(21,16,14.5858)->(20,16,17.2142)->(20,17,20.9596)->(19,17,23.7334)->(18,17,25.0513)->(17,17,25.743)->(16,17,26.3787)->(15,17,27.0705)->(14,17,28.3883)->(13,17,5013.9)->
Agent 14:(27,7,1.3)->(27,8,2.04949)->(27,9,4.04949)->(27,10,7.59115)->(26,10,11.0975)->(25,10,12.4154)->(24,10,13.0975)->(23,10,13.6654)->(22,10,14.1833)->(21,10,14.6833)->(20,10,15.1833)->(19,10,15.6833)->(18,10,16.1833)->(17,10,16.6833)->(16,10,17.1833)->(15,10,17.7013)->(14,10,18.2691)->(13,10,18.9513)->(12,10,20.2691)->(11,10,22.4833)->(11,11,24.6975)->(11,12,26.0314)->(11,13,26.8598)->(11,14,28.1937)->(11,15,30.4079)->(10,15,32.6574)->(9,15,34.6574)->(8,15,5017.05)->
Agent 15:(22,29,2.2)->(22,28,3.81421)->(22,27,5.13205)->(22,26,5.8641)->(22,25,6.59615)->(22,24,7.91399)->(22,23,10.1282)->(23,23,12.3424)->(24,23,13.6603)->(25,23,14.3923)->(26,23,15.1244)->(27,23,16.4422)->(28,23,19.0706)->(28,24,5009.73)->
Agent 16:(5,5,2.35051)->(5,6,4.15051)->(5,7,6.15051)->(5,8,10.5)->(4,8,14.8142)->(3,8,16.2284)->(2,8,17.6426)->(1,8,5008.53)->
Agent 17:(7,29,4.02843)->(7,28,7.47107)->(7,27,8.78891)->(7,26,9.47107)->(7,25,10.0389)->(7,24,10.5569)->(7,23,11.0569)->(7,22,11.5569)->(7,21,12.0569)->(7,20,12.5569)->(7,19,13.0748)->(7,18,13.6426)->(7,17,14.3248)->(7,16,15.6426)->(7,15,17.8652)->(8,15,20.0878)->(9,15,21.4056)->(10,15,22.0974)->(11,15,22.733)->(12,15,23.4248)->(13,15,24.7426)->(14,15,5012.08)->
Agent 18:(6,26,1.8)->(5,26,3.6)->(4,26,6.4)->(4,25,8.61421)->(4,24,9.93205)->(4,23,10.6142)->(4,22,11.1821)->(4,21,11.7)->(4,20,12.2)->(4,19,12.7)->(4,18,13.2)->(4,17,13.7)->(4,16,14.2)->(4,15,14.7)->(4,14,15.2)->(4,13,15.7)->(4,12,16.2)->(4,11,16.7)->(4,10,17.2)->(4,9,17.7179)->(4,8,18.2858)->(4,7,18.9679)->(4,6,20.2858)->(4,5,22.9142)->(3,5,26.9284)->(3,4,31.3569)->(4,4,5016.08)->
Agent 19:(29,4,1.8)->(28,4,3.01421)->(27,4,4.33205)->(26,4,5.01421)->(25,4,5.58205)->(24,4,6.1)->(23,4,6.6)->(22,4,7.1)->(21,4,7.6)->(20,4,8.1)->(19,4,8.6)->(18,4,9.1)->(17,4,9.6)->(16,4,10.1)->(15,4,10.6)->(14,4,11.1179)->(13,4,11.6858)->(12,4,12.3679)->(11,4,13.6858)->(10,4,16.2462)->(10,5,18.8065)->(10,6,20.1244)->(10,7,20.8065)->(10,8,21.3744)->(10,9,21.8923)->(10,10,22.3923)->(10,11,22.8923)->(10,12,23.3923)->(10,13,23.8923)->(10,14,24.3923)->(10,15,24.8923)->(10,16,25.3923)->(10,17,25.8923)->(10,18,26.3923)->(10,19,26.8923)->(10,20,27.3923)->(10,21,27.8923)->(10,22,28.3923)->(10,23,28.8923)->(10,24,29.4103)->(10,25,29.9781)->(10,26,30.6603)->(10,27,31.9781)->(10,28,34.1923)->(9,28,36.9923)->(8,28,39.7923)->(8,29,42.5923)->(8,30,5021.3)->
Agent 20:(10,30,3.32843)->(10,29,6.07107)->(10,28,7.38891)->(10,27,8.07107)->(10,26,8.63891)->(10,25,9.15685)->(10,24,9.6748)->(10,23,10.2426)->(10,22,10.9248)->(10,21,12.2426)->(10,20,15.8368)->(9,20,19.4309)->(8,20,20.7487)->(7,20,21.4405)->(6,20,22.0762)->(5,20,22.7679)->(4,20,24.0858)->(3,20,5011.75)->
Agent 21:(31,5,1.3)->(31,6,2.01421)->(31,7,3.33205)->(31,8,4.01421)->(31,9,4.58205)->(31,10,5.1)->(31,11,5.6)->(31,12,6.1)->(31,13,6.6)->(31,14,7.1)->(31,15,7.6)->(31,16,8.1)->(31,17,8.61795)->(31,18,9.18579)->(31,19,9.86795)->(31,20,11.1858)->(31,21,13.4962)->(30,21,15.8065)->(29,21,17.1244)->(28,21,17.8065)->(27,21,18.3744)->(26,21,18.8923)->(25,21,19.3923)->(24,21,19.8923)->(23,21,20.3923)->(22,21,20.8923)->(21,21,21.3923)->(20,21,21.8923)->(19,21,22.3923)->(18,21,22.8923)->(17,21,23.3923)->(16,21,23.8923)->(15,21,24.3923)->(14,21,24.8923)->(13,21,25.3923)->(12,21,25.8923)->(11,21,26.3923)->(10,21,26.8923)->(9,21,27.3923)->(8,21,27.8923)->(7,21,28.3923)->(6,21,28.8923)->(5,21,29.3923)->(4,21,29.9103)->(3,21,30.4781)->(2,21,31.1603)->(1,21,32.4781)->(0,21,5015.95)->
Agent 22:(17,26,1.3)->(17,27,2.6)->(17,28,5.4)->(18,28,7.61421)->(19,28,8.93205)->(20,28,9.62382)->(21,28,10.2595)->(22,28,10.9513)->(23,28,12.2691)->(24,28,14.5378)->(24,27,16.8065)->(24,26,18.1244)->(24,25,18.8065)->(24,24,19.3744)->(24,23,19.8923)->(24,22,20.3923)->(24,21,20.8923)->(24,20,21.3923)->(24,19,21.8923)->(24,18,22.3923)->(24,17,22.8923)->(24,16,23.3923)->(24,15,23.8923)->(24,14,24.4103)->(24,13,24.9781)->(24,12,25.6603)->(24,11,26.9781)->(24,10,29.6604)->(24,11,32.9284)->(24,12,37.1163)->(25,12,5019.24)->
Agent 23:(6,27,3.61421)->(7,27,6.64264)->(8,27,7.96048)->(9,27,8.64264)->(10,27,9.21048)->(11,27,9.72843)->(12,27,10.2284)->(13,27,10.7284)->(14,27,11.2284)->(15,27,11.7284)->(16,27,12.2284)->(17,27,12.7284)->(18,27,13.2464)->(19,27,13.8142)->(20,27,14.4964)->(21,27,15.8142)->(22,27,18.0284)->(22,26,20.2426)->(22,25,21.5605)->(22,24,22.2426)->(22,23,22.8105)->(22,22,23.3284)->(22,21,23.8284)->(22,20,24.3284)->(22,19,24.8284)->(22,18,25.3284)->(22,17,25.8464)->(22,16,26.4142)->(22,15,27.0964)->(22,14,28.4142)->(22,13,5013.91)->
Agent 24:(2,23,1.8)->(3,23,3.01421)->(4,23,4.42843)->(5,23,5.84264)->(6,23,8.05685)->(6,22,10.2711)->(6,21,11.5889)->(6,20,12.2711)->(6,19,12.8389)->(6,18,13.3569)->(6,17,13.8569)->(6,16,14.3569)->(6,15,14.8569)->(6,14,15.3569)->(6,13,15.8569)->(6,12,16.3748)->(6,11,16.9426)->(6,10,17.6248)->(6,9,18.9426)->(6,8,21.1569)->(7,8,23.3711)->(8,8,24.6889)->(9,8,25.3711)->(10,8,25.9389)->(11,8,26.4569)->(12,8,26.9569)->(13,8,27.4569)->(14,8,27.9748)->(15,8,28.5426)->(16,8,29.2248)->(17,8,30.5426)->(18,8,5014.98)->
Agent 25:(26,21,5.24626)->(26,20,9.90674)->(26,19,11.2246)->(26,18,11.9067)->(26,17,12.4746)->(26,16,12.9925)->(26,15,13.5105)->(26,14,14.0783)->(26,13,14.7605)->(26,12,16.0783)->(26,11,22.6605)->(26,12,29.8284)->(26,13,5014.91)->
Agent 26:(9,3,1.3)->(9,4,2.01421)->(9,5,3.34806)->(9,6,4.17649)->(9,7,5.51034)->(9,8,8.24806)->(10,8,10.9858)->(11,8,12.3036)->(12,8,13.0357)->(13,8,13.7677)->(14,8,15.0856)->(15,8,17.2998)->(15,9,19.5493)->(15,10,21.5493)->(15,11,26.2136)->(16,11,30.8426)->(17,11,32.1605)->(18,11,32.8426)->(19,11,33.4105)->(20,11,33.9464)->(21,11,34.5142)->(22,11,35.1964)->(23,11,36.5142)->(24,11,5017.96)->
Agent 27:(19,26,2.21421)->(18,26,4.81421)->(18,25,7.44264)->(18,24,8.76048)->(18,23,9.44264)->(18,22,10.0284)->(18,21,10.6142)->(18,20,11.2964)->(18,19,12.6142)->(18,18,15.2426)->(17,18,21.7059)->(18,18,5012.48)->
Agent 28:(3,29,2.2)->(3,28,3.81421)->(3,27,5.13205)->(3,26,5.81421)->(3,25,6.38205)->(3,24,6.9)->(3,23,7.4)->(3,22,7.9)->(3,21,8.4)->(3,20,8.9)->(3,19,9.4)->(3,18,9.9)->(3,17,10.4)->(3,16,10.9)->(3,15,11.4)->(3,14,11.9)->(3,13,12.4)->(3,12,12.9)->(3,11,13.4)->(3,10,13.9)->(3,9,14.4)->(3,8,14.9)->(3,7,15.4179)->(3,6,15.9858)->(3,5,16.6679)->(3,4,17.9858)->(3,3,20.2)->(4,3,22.4142)->(5,3,23.7321)->(6,3,24.4142)->(7,3,24.9821)->(8,3,25.5)->(9,3,26)->(10,3,26.5)->(11,3,27)->(12,3,27.5179)->(13,3,28.0858)->(14,3,28.7679)->(15,3,30.0858)->(16,3,32.3)->(16,2,35.1)->(16,1,37.9)->(17,1,40.1142)->(18,1,41.5284)->(19,1,42.9426)->(20,1,45.5711)->(20,0,5022.98)->
Agent 29:(20,12,2.45)->(19,12,4.31421)->(18,12,5.63205)->(17,12,6.31421)->(16,12,6.88205)->(15,12,7.4)->(14,12,7.9)->(13,12,8.4)->(12,12,8.9)->(11,12,9.4)->(10,12,9.9)->(9,12,10.4)->(8,12,10.9)->(7,12,11.4179)->(6,12,11.9858)->(5,12,12.6679)->(4,12,13.9858)->(3,12,16.2)->(3,13,18.4142)->(3,14,19.7321)->(3,15,20.4142)->(3,16,20.9821)->(3,17,21.5)->(3,18,22)->(3,19,22.5)->(3,20,23)->(3,21,23.5179)->(3,22,24.0858)->(3,23,24.7679)->(3,24,26.0858)->(3,25,5012.75)->
Agent 30:(22,23,2.2)->(22,22,4.4)->(22,21,9.14264)->(21,21,13.2995)->(20,21,14.6173)->(19,21,15.2995)->(18,21,15.8673)->(17,21,16.3853)->(16,21,16.8853)->(15,21,17.3853)->(14,21,17.8853)->(13,21,18.3853)->(12,21,18.8853)->(11,21,19.3853)->(10,21,19.8853)->(9,21,20.4032)->(8,21,20.9711)->(7,21,21.6532)->(6,21,22.9711)->(5,21,25.5995)->(5,22,29.6137)->(6,22,5015.21)->
Agent 31:(17,31,4.04264)->(17,30,8.47107)->(16,30,11.6853)->(15,30,14.4853)->(15,29,17.2853)->(15,28,22.8569)->(15,29,28.4284)->(15,30,5014.21)->
Agent 32:(8,10,2.2)->(9,10,4.4)->(10,10,9.95834)->(10,11,14.9309)->(10,12,16.2487)->(10,13,16.9309)->(10,14,17.4987)->(10,15,18.0167)->(10,16,18.5167)->(10,17,19.0167)->(10,18,19.5167)->(10,19,20.0167)->(10,20,20.5346)->(10,21,21.1025)->(10,22,21.7846)->(10,23,23.1025)->(10,24,25.3167)->(11,24,27.5309)->(12,24,28.8487)->(13,24,29.5808)->(14,24,30.3128)->(15,24,31.6307)->(16,24,34.2591)->(16,25,5017.32)->
Agent 33:(11,0,1.8)->(10,0,3.6)->(9,0,12.7784)->(9,1,21.3711)->(9,2,22.6889)->(9,3,23.3711)->(9,4,23.9569)->(9,5,24.5426)->(9,6,25.2248)->(9,7,26.5426)->(9,8,5012.98)->
Agent 34:(0,22,2.2)->(0,21,3.84949)->(0,20,5.84949)->(0,19,17.1459)->(1,19,28.407)->(2,19,29.7248)->(3,19,30.407)->(4,19,30.9748)->(5,19,31.4928)->(6,19,31.9928)->(7,19,32.4928)->(8,19,32.9928)->(9,19,33.4928)->(10,19,33.9928)->(11,19,34.4928)->(12,19,34.9928)->(13,19,35.4928)->(14,19,35.9928)->(15,19,36.4928)->(16,19,37.0107)->(17,19,37.5785)->(18,19,38.2607)->(19,19,39.5785)->(20,19,5019.5)->
Agent 35:(17,14,2.21421)->(16,14,6.26421)->(16,13,11.3142)->(17,13,14.5284)->(18,13,17.3284)->(18,14,19.5426)->(18,15,20.8605)->(18,16,21.5426)->(18,17,22.1105)->(18,18,22.6284)->(18,19,23.1284)->(18,20,23.6284)->(18,21,24.1284)->(18,22,24.6284)->(18,23,25.1284)->(18,24,25.6464)->(18,25,26.2142)->(18,26,26.8964)->(18,27,28.2142)->(18,28,31.1358)->(19,28,34.0574)->(20,28,35.3752)->(21,28,36.0574)->(22,28,36.6252)->(23,28,37.1431)->(24,28,37.6431)->(25,28,38.1431)->(26,28,38.6431)->(27,28,39.1611)->(28,28,39.7289)->(29,28,40.4111)->(30,28,41.7289)->(31,28,43.9431)->(31,29,46.7431)->(31,30,5023.37)->
Agent 36:(27,6,2.21421)->(28,6,5.22843)->(28,7,13.4426)->(27,7,20.2711)->(26,7,21.5889)->(25,7,22.2711)->(24,7,22.8389)->(23,7,23.3569)->(22,7,23.8569)->(21,7,24.3569)->(20,7,24.8569)->(19,7,25.3569)->(18,7,25.8569)->(17,7,26.3569)->(16,7,26.8569)->(15,7,27.3569)->(14,7,27.8569)->(13,7,28.3569)->(12,7,28.8569)->(11,7,29.3569)->(10,7,29.8748)->(9,7,30.4426)->(8,7,31.1248)->(7,7,32.4426)->(6,7,34.6569)->(6,8,36.8711)->(6,9,38.2049)->(6,10,39.0333)->(6,11,40.3672)->(6,12,5019.89)->
Agent 37:(12,11,3.18205)->(13,11,5.77832)->(14,11,7.09615)->(15,11,7.77832)->(16,11,8.34615)->(17,11,8.8641)->(18,11,9.3641)->(19,11,9.8641)->(20,11,10.3641)->(21,11,10.8641)->(22,11,11.3641)->(23,11,11.8641)->(24,11,12.3641)->(25,11,12.8821)->(26,11,13.4499)->(27,11,14.1321)->(28,11,15.4499)->(29,11,17.6641)->(29,10,19.8783)->(29,9,21.2925)->(29,8,22.7067)->(29,7,25.7352)->(29,8,5013.26)->
Agent 38:(30,17,2.71989)->(29,17,4.85398)->(28,17,6.18783)->(27,17,7.01626)->(26,17,8.35011)->(25,17,11.95)->(25,16,15.5499)->(25,15,16.8677)->(25,14,17.5499)->(25,13,18.1357)->(25,12,18.7215)->(25,11,19.4036)->(25,10,20.7215)->(25,9,23.7642)->(24,9,5012.28)->
Agent 39:(28,2,1.8)->(27,2,3.01421)->(26,2,4.33205)->(25,2,5.01421)->(24,2,5.58205)->(23,2,6.1)->(22,2,6.6)->(21,2,7.1)->(20,2,7.6)->(19,2,8.1)->(18,2,8.6)->(17,2,9.1)->(16,2,9.6)->(15,2,10.1179)->(14,2,10.6858)->(13,2,11.3679)->(12,2,12.6858)->(11,2,15.3142)->(11,1,19.3284)->(10,1,23.7569)->(10,2,5012.28)->
Agent 40:(19,14,2.93205)->(19,13,5.27832)->(19,12,6.59615)->(19,11,7.27832)->(19,10,7.84615)->(19,9,8.3641)->(19,8,8.88205)->(19,7,9.44989)->(19,6,10.1321)->(19,5,11.4499)->(19,4,13.6641)->(18,4,15.8783)->(17,4,17.1962)->(16,4,17.8783)->(15,4,18.4462)->(14,4,18.9641)->(13,4,19.4641)->(12,4,19.9641)->(11,4,20.4641)->(10,4,20.9641)->(9,4,21.4641)->(8,4,21.9641)->(7,4,22.4641)->(6,4,22.9641)->(5,4,23.4821)->(4,4,24.0499)->(3,4,24.7321)->(2,4,26.0499)->(1,4,5012.73)->
Agent 41:(1,31,2.2)->(1,30,3.81421)->(1,29,5.13205)->(1,28,5.81421)->(1,27,6.4)->(1,26,6.98579)->(1,25,7.66795)->(1,24,8.98579)->(1,23,11.2)->(2,23,13.4142)->(3,23,14.7321)->(4,23,15.4142)->(5,23,16)->(6,23,16.5858)->(7,23,17.2679)->(8,23,18.5858)->(9,23,5009)->
Agent 42:(31,14,2.21421)->(30,14,4.81421)->(30,13,7.44264)->(30,12,8.77649)->(30,11,9.60492)->(30,10,10.9388)->(30,9,13.7443)->(29,9,16.5499)->(28,9,17.8677)->(27,9,18.5499)->(26,9,19.1177)->(25,9,19.6357)->(24,9,20.1357)->(23,9,20.6357)->(22,9,21.1536)->(21,9,21.7215)->(20,9,22.4036)->(19,9,23.7215)->(18,9,5011.57)->
Agent 43:(5,20,4.87256)->(5,19,9.15933)->(5,18,10.4772)->(5,17,11.1689)->(5,16,11.8046)->(5,15,12.4964)->(5,14,13.8142)->(5,13,16.0284)->(6,13,18.2426)->(7,13,19.5605)->(8,13,20.2426)->(9,13,20.8105)->(10,13,21.3284)->(11,13,21.8284)->(12,13,22.3284)->(13,13,22.8284)->(14,13,23.3284)->(15,13,23.8284)->(16,13,24.3284)->(17,13,24.8284)->(18,13,25.3284)->(19,13,25.8284)->(20,13,26.3284)->(21,13,26.8284)->(22,13,27.3284)->(23,13,27.8284)->(24,13,28.3284)->(25,13,28.8284)->(26,13,29.3284)->(27,13,29.8464)->(28,13,30.4142)->(29,13,31.0964)->(30,13,32.4142)->(31,13,5015.91)->
Agent 44:(26,22,1.3)->(26,23,2.6)->(26,24,7)->(25,24,10.8142)->(24,24,12.1321)->(23,24,12.8142)->(22,24,13.3821)->(21,24,13.9)->(20,24,14.4)->(19,24,14.9)->(18,24,15.4)->(17,24,15.9)->(16,24,16.4)->(15,24,16.9)->(14,24,17.4)->(13,24,17.9)->(12,24,18.4)->(11,24,18.9)->(10,24,19.4)->(9,24,19.9)->(8,24,20.4)->(7,24,20.9)->(6,24,21.4)->(5,24,21.9179)->(4,24,22.4858)->(3,24,23.1679)->(2,24,24.4858)->(1,24,5011.95)->
Agent 45:(29,29,2.2)->(29,28,3.81421)->(29,27,5.13205)->(29,26,5.81421)->(29,25,6.38205)->(29,24,6.9)->(29,23,7.41795)->(29,22,7.98579)->(29,21,8.66795)->(29,20,9.98579)->(29,19,12.4822)->(28,19,14.9785)->(27,19,16.2964)->(26,19,16.9785)->(25,19,17.5464)->(24,19,18.0643)->(23,19,18.5643)->(22,19,19.0643)->(21,19,19.5643)->(20,19,20.0643)->(19,19,20.5643)->(18,19,21.0643)->(17,19,21.5643)->(16,19,22.0643)->(15,19,22.5643)->(14,19,23.0643)->(13,19,23.5643)->(12,19,24.0823)->(11,19,24.6501)->(10,19,25.3323)->(9,19,26.6501)->(8,19,29.2785)->(8,20,5014.83)->
Agent 46:(12,20,2.95)->(12,19,5.31421)->(12,18,6.63205)->(12,17,7.31421)->(12,16,7.88205)->(12,15,8.4)->(12,14,8.9)->(12,13,9.4)->(12,12,9.9)->(12,11,10.4)->(12,10,10.9)->(12,9,11.4)->(12,8,11.9)->(12,7,12.4)->(12,6,12.9)->(12,5,13.4)->(12,4,13.9179)->(12,3,14.4858)->(12,2,15.1679)->(12,1,16.4858)->(12,0,18.7)->(11,0,20.9142)->(10,0,22.2321)->(9,0,22.9142)->(8,0,23.5)->(7,0,24.0858)->(6,0,24.7679)->(5,0,26.0858)->(4,0,5012.75)->
Agent 47:(10,24,2.2)->(10,23,3.81421)->(10,22,5.22843)->(10,21,6.64264)->(10,20,8.85685)->(11,20,11.1063)->(12,20,13.1063)->(13,20,16.3563)->(13,19,19.5711)->(13,18,20.8889)->(13,17,21.5711)->(13,16,22.1569)->(13,15,22.7426)->(13,14,23.4248)->(13,13,24.7426)->(13,12,5012.08)->
Agent 48:(19,30,1.8)->(18,30,3.01421)->(17,30,4.42843)->(16,30,5.84264)->(15,30,8.29315)->(15,29,10.7789)->(15,28,12.7789)->(15,27,16.7464)->(14,27,22.0643)->(14,28,5011.43)->
Agent 49:(31,19,1.93205)->(30,19,3.27832)->(29,19,4.59615)->(28,19,5.27832)->(27,19,5.84615)->(26,19,6.38205)->(25,19,6.94989)->(24,19,7.63205)->(23,19,8.94989)->(22,19,11.1641)->(22,18,13.3783)->(22,17,14.6962)->(22,16,15.3783)->(22,15,15.9462)->(22,14,16.4641)->(22,13,16.9641)->(22,12,17.4641)->(22,11,17.9641)->(22,10,18.4641)->(22,9,18.9821)->(22,8,19.5499)->(22,7,20.2321)->(22,6,21.5499)->(22,5,24.1783)->(21,5,5012.28)->
Agent 50:(7,28,2.2)->(7,27,3.81421)->(7,26,5.13205)->(7,25,5.81421)->(7,24,6.38205)->(7,23,6.9)->(7,22,7.4)->(7,21,7.9)->(7,20,8.4)->(7,19,8.9)->(7,18,9.4)->(7,17,9.9)->(7,16,10.4179)->(7,15,10.9858)->(7,14,11.6679)->(7,13,12.9858)->(7,12,15.2)->(8,12,17.4142)->(9,12,18.7321)->(10,12,19.4142)->(11,12,19.9821)->(12,12,20.5)->(13,12,21)->(14,12,21.5)->(15,12,22)->(16,12,22.5)->(17,12,23)->(18,12,23.5)->(19,12,24)->(20,12,24.5179)->(21,12,25.0858)->(22,12,25.7679)->(23,12,27.0858)->(24,12,29.7142)->(24,13,5015.05)->
Agent 51:(24,18,2.2)->(24,17,3.81421)->(24,16,5.13205)->(24,15,5.81421)->(24,14,6.38205)->(24,13,6.9)->(24,12,7.4)->(24,11,7.9)->(24,10,8.4)->(24,9,8.9)->(24,8,9.4)->(24,7,9.9)->(24,6,10.4)->(24,5,10.9179)->(24,4,11.4858)->(24,3,12.1679)->(24,2,13.4858)->(24,1,16.8926)->(23,1,20.2995)->(22,1,21.6173)->(21,1,22.2995)->(20,1,22.8673)->(19,1,23.3853)->(18,1,23.8853)->(17,1,24.3853)->(16,1,24.8853)->(15,1,25.3853)->(14,1,25.8853)->(13,1,26.3853)->(12,1,26.8853)->(11,1,27.3853)->(10,1,27.8853)->(9,1,28.3853)->(8,1,28.8853)->(7,1,29.3853)->(6,1,29.9032)->(5,1,30.4711)->(4,1,31.1532)->(3,1,32.4711)->(2,1,5015.94)->
Agent 52:(19,22,3.73205)->(19,21,6.87832)->(19,20,8.19615)->(19,19,8.87832)->(19,18,9.44615)->(19,17,9.9641)->(19,16,10.4641)->(19,15,10.9641)->(19,14,11.4641)->(19,13,11.9641)->(19,12,12.4641)->(19,11,12.9641)->(19,10,13.4641)->(19,9,13.9641)->(19,8,14.4821)->(19,7,15.0499)->(19,6,15.7321)->(19,5,17.0499)->(19,4,19.2641)->(20,4,21.4783)->(21,4,22.7962)->(22,4,23.4879)->(23,4,24.1236)->(24,4,24.8154)->(25,4,26.1332)->(26,4,5012.77)->
Agent 53:(30,6,3.12843)->(31,6,6.64264)->(31,5,9.27107)->(31,4,10.6853)->(31,3,12.0995)->(31,2,5005.76)->
Agent 54:(11,15,1.8)->(12,15,3.01421)->(13,15,4.33205)->(14,15,5.02382)->(15,15,5.65949)->(16,15,6.35126)->(17,15,7.6691)->(18,15,9.88331)->(18,14,12.0975)->(18,13,13.4154)->(18,12,14.0975)->(18,11,14.6654)->(18,10,15.1833)->(18,9,15.6833)->(18,8,16.1833)->(18,7,16.6833)->(18,6,17.1833)->(18,5,17.6833)->(18,4,18.2013)->(18,3,18.7691)->(18,2,19.4513)->(18,1,20.7691)->(18,0,23.7975)->(18,1,29.2769)->(18,0,5015.57)->
Agent 55:(19,29,2.21421)->(20,29,5.22843)->(20,30,10.2142)->(20,29,13.8142)->(20,28,15.1481)->(20,27,15.9765)->(20,26,17.3103)->(20,25,25.9664)->(20,26,34.6578)->(20,27,36.6578)->(20,28,5018.05)->
Agent 56:(26,19,1.71421)->(26,20,4.54626)->(25,20,7.90674)->(24,20,9.22458)->(23,20,9.90674)->(22,20,10.4746)->(21,20,10.9925)->(20,20,11.5105)->(19,20,12.0783)->(18,20,12.7605)->(17,20,14.0783)->(16,20,5006.75)->
Agent 57:(0,31,3.2)->(1,31,5.81421)->(2,31,7.13205)->(3,31,7.82382)->(4,31,8.45949)->(5,31,9.15126)->(6,31,10.4691)->(7,31,14.1417)->(7,30,17.8142)->(7,29,19.1321)->(7,28,19.8142)->(7,27,20.3821)->(7,26,20.9)->(7,25,21.4)->(7,24,21.9)->(7,23,22.4)->(7,22,22.9)->(7,21,23.4)->(7,20,23.9)->(7,19,24.4)->(7,18,24.9)->(7,17,25.4)->(7,16,25.9)->(7,15,26.4)->(7,14,26.9179)->(7,13,27.4858)->(7,12,28.1679)->(7,11,29.4858)->(7,10,5014.45)->
Agent 58:(8,31,4.89626)->(8,30,9.20674)->(8,29,10.5246)->(8,28,11.2067)->(8,27,11.7746)->(8,26,12.2925)->(8,25,12.7925)->(8,24,13.2925)->(8,23,13.7925)->(8,22,14.2925)->(8,21,14.7925)->(8,20,15.2925)->(8,19,15.7925)->(8,18,16.2925)->(8,17,16.7925)->(8,16,17.2925)->(8,15,17.7925)->(8,14,18.3105)->(8,13,18.8783)->(8,12,19.5605)->(8,11,20.8783)->(8,10,23.5067)->(9,10,5011.95)->
Agent 59:(2,6,3.41421)->(2,7,6.24264)->(2,8,7.56048)->(2,9,8.24264)->(2,10,8.81048)->(2,11,9.32843)->(2,12,9.82843)->(2,13,10.3284)->(2,14,10.8284)->(2,15,11.3284)->(2,16,11.8284)->(2,17,12.3284)->(2,18,12.8284)->(2,19,13.3284)->(2,20,13.8284)->(2,21,14.3284)->(2,22,14.8284)->(2,23,15.3284)->(2,24,15.8284)->(2,25,16.3464)->(2,26,16.9142)->(2,27,17.5964)->(2,28,18.9142)->(2,29,21.1284)->(3,29,23.3779)->(4,29,25.3779)->(5,29,28.0416)->(5,30,5014.21)->
Agent 60:(2,24,2.44039)->(3,24,4.295)->(4,24,5.61284)->(5,24,6.30461)->(6,24,6.94028)->(7,24,7.63205)->(8,24,8.94989)->(9,24,13.4688)->(9,25,17.9878)->(9,26,19.3056)->(9,27,19.9974)->(9,28,20.633)->(9,29,21.3248)->(9,30,22.6426)->(9,31,5011.03)->
Agent 61:(24,27,7.53216)->(24,26,14.4785)->(24,25,15.7964)->(24,24,16.4785)->(24,23,17.0464)->(24,22,17.5643)->(24,21,18.0643)->(24,20,18.5643)->(24,19,19.0643)->(24,18,19.5643)->(24,17,20.0643)->(24,16,20.5643)->(24,15,21.0643)->(24,14,21.5643)->(24,13,22.0643)->(24,12,22.5643)->(24,11,23.0643)->(24,10,23.5643)->(24,9,24.0643)->(24,8,24.5643)->(24,7,25.0643)->(24,6,25.5643)->(24,5,26.0643)->(24,4,26.5823)->(24,3,27.1501)->(24,2,27.8323)->(24,1,29.1501)->(24,0,31.3643)->(25,0,33.5785)->(26,0,34.9124)->(27,0,35.7408)->(28,0,37.0747)->(29,0,5018.24)->
Agent 62:(11,3,1.3)->(11,4,2.01421)->(11,5,3.33205)->(11,6,4.01421)->(11,7,4.58205)->(11,8,5.1)->(11,9,5.6)->(11,10,6.1)->(11,11,6.61795)->(11,12,7.18579)->(11,13,7.86795)->(11,14,9.18579)->(11,15,11.4)->(12,15,13.6142)->(13,15,14.9321)->(14,15,15.6142)->(15,15,16.1821)->(16,15,16.7179)->(17,15,17.2858)->(18,15,17.9679)->(19,15,19.2858)->(20,15,21.9142)->(20,16,5011.15)->
Agent 63:(4,10,1.71421)->(4,11,4.39166)->(5,11,7.59753)->(6,11,8.91537)->(7,11,9.59753)->(8,11,10.1654)->(9,11,10.6833)->(10,11,11.1833)->(11,11,11.6833)->(12,11,12.1833)->(13,11,12.6833)->(14,11,13.2013)->(15,11,13.7691)->(16,11,14.4513)->(17,11,15.7691)->(18,11,17.9833)->(18,12,20.1975)->(18,13,21.5154)->(18,14,22.1975)->(18,15,22.7654)->(18,16,23.2833)->(18,17,23.8013)->(18,18,24.3691)->(18,19,25.0513)->(18,20,26.3691)->(18,21,28.5833)->(19,21,30.7975)->(20,21,32.1154)->(21,21,32.7975)->(22,21,33.3654)->(23,21,33.9013)->(24,21,34.4691)->(25,21,35.1513)->(26,21,36.4691)->(27,21,5017.94)->
Agent 64:(19,31,4.60685)->(19,30,8.62792)->(19,29,9.94576)->(19,28,10.6279)->(19,27,11.1958)->(19,26,11.7137)->(19,25,12.2137)->(19,24,12.7137)->(19,23,13.2137)->(19,22,13.7137)->(19,21,14.2137)->(19,20,14.7137)->(19,19,15.2137)->(19,18,15.7137)->(19,17,16.2137)->(19,16,16.7137)->(19,15,17.2137)->(19,14,17.7137)->(19,13,18.2137)->(19,12,18.7137)->(19,11,19.2137)->(19,10,19.7137)->(19,9,20.2137)->(19,8,20.7137)->(19,7,21.2137)->(19,6,21.7137)->(19,5,22.2137)->(19,4,22.7317)->(19,3,23.2995)->(19,2,23.9817)->(19,1,25.2995)->(19,0,27.5137)->(18,0,29.7279)->(17,0,31.0618)->(16,0,31.8902)->(15,0,33.2241)->(14,0,5016.32)->
Agent 65:(13,9,2.2)->(13,8,3.84949)->(13,7,5.84949)->(13,6,8.09898)->(14,6,10.3132)->(15,6,11.7274)->(16,6,13.1416)->(17,6,15.3558)->(17,5,18.1558)->(17,4,20.9558)->(18,4,23.7558)->(19,4,27.6279)->(19,5,31.5)->(19,6,34.3)->(20,6,37.1)->(21,6,5018.55)->
Agent 66:(13,29,3.29315)->(12,29,6.03579)->(11,29,8.03579)->(10,29,5003.74)->
Agent 67:(2,22,1.8)->(3,22,3.04949)->(4,22,5.04949)->(5,22,7.29898)->(5,21,9.51319)->(5,20,10.9274)->(5,19,12.3416)->(5,18,5005.88)->
Agent 68:(20,10,2.2)->(20,9,3.84949)->(20,8,5.84949)->(20,7,8.66733)->(19,7,11.4499)->(18,7,12.7837)->(17,7,13.6122)->(16,7,14.946)->(15,7,18.6821)->(15,6,22.4181)->(15,5,23.7519)->(15,4,24.5804)->(15,3,25.9142)->(15,2,29.8284)->(15,3,5015.75)->
Agent 69:(2,12,1.3)->(2,13,2.01421)->(2,14,3.33205)->(2,15,4.01421)->(2,16,4.58205)->(2,17,5.1)->(2,18,5.6)->(2,19,6.1)->(2,20,6.6)->(2,21,7.1)->(2,22,7.6)->(2,23,8.1)->(2,24,8.6)->(2,25,9.1)->(2,26,9.61795)->(2,27,10.1858)->(2,28,10.8679)->(2,29,12.1858)->(2,30,14.4142)->(3,30,16.6426)->(4,30,17.9605)->(5,30,18.6426)->(6,30,19.2105)->(7,30,19.7284)->(8,30,20.2284)->(9,30,20.7284)->(10,30,21.2284)->(11,30,21.7284)->(12,30,22.2284)->(13,30,22.7284)->(14,30,23.2284)->(15,30,23.7284)->(16,30,24.2464)->(17,30,24.8142)->(18,30,25.4964)->(19,30,26.8142)->(20,30,5013.11)->
Agent 70:(0,30,2.2)->(0,29,3.81421)->(0,28,5.22843)->(0,27,6.64264)->(0,26,9.27843)->(1,26,11.9142)->(2,26,13.2321)->(3,26,13.9142)->(4,26,14.4821)->(5,26,15)->(6,26,15.5)->(7,26,16)->(8,26,16.5)->(9,26,17)->(10,26,17.5)->(11,26,18)->(12,26,18.5)->(13,26,19)->(14,26,19.5)->(15,26,20)->(16,26,20.5)->(17,26,21)->(18,26,21.5)->(19,26,22)->(20,26,22.5)->(21,26,23)->(22,26,23.5179)->(23,26,24.0858)->(24,26,24.7679)->(25,26,26.0858)->(26,26,28.7142)->(26,25,32.3142)->(27,25,34.9426)->(28,25,36.2765)->(29,25,37.1049)->(30,25,38.4388)->(31,25,41.0672)->(31,26,5020.73)->
Agent 71:(23,21,4.83205)->(24,21,9.07832)->(25,21,10.4925)->(26,21,11.9067)->(27,21,14.5887)->(27,22,17.8564)->(27,23,5008.93)->
Agent 72:(16,31,7.2)->(15,31,13.8142)->(14,31,15.1321)->(13,31,15.8142)->(12,31,16.3821)->(11,31,16.9)->(10,31,17.4)->(9,31,17.9)->(8,31,18.4)->(7,31,18.9179)->(6,31,19.4858)->(5,31,20.1679)->(4,31,21.4858)->(3,31,24.1142)->(3,30,5012.25)->
Agent 73:(8,5,3.93205)->(9,5,7.27832)->(10,5,8.59615)->(11,5,9.27832)->(12,5,9.84615)->(13,5,10.3641)->(14,5,10.8641)->(15,5,11.3641)->(16,5,11.8641)->(17,5,12.3641)->(18,5,12.8641)->(19,5,13.3641)->(20,5,13.8641)->(21,5,14.3821)->(22,5,14.9499)->(23,5,15.6321)->(24,5,16.9499)->(25,5,19.1641)->(25,4,21.3783)->(25,3,22.7925)->(25,2,24.2067)->(25,1,5011.81)->
Agent 74:(15,19,2.61421)->(16,19,4.64264)->(17,19,5.96048)->(18,19,6.69253)->(19,19,7.42458)->(20,19,8.74242)->(21,19,11.3708)->(21,18,22.2462)->(21,19,32.1499)->(21,20,33.4677)->(21,21,34.1499)->(21,22,34.7357)->(21,23,35.3215)->(21,24,36.0036)->(21,25,37.3215)->(21,26,5018.37)->
Agent 75:(6,24,2.2)->(6,23,3.81421)->(6,22,5.13205)->(6,21,5.81421)->(6,20,6.38205)->(6,19,6.9)->(6,18,7.4)->(6,17,7.9)->(6,16,8.4)->(6,15,8.9)->(6,14,9.4)->(6,13,9.9)->(6,12,10.4)->(6,11,10.9)->(6,10,11.4)->(6,9,11.9179)->(6,8,12.4858)->(6,7,13.1679)->(6,6,14.4858)->(6,5,17.2)->(7,5,19.9142)->(8,5,21.2321)->(9,5,21.9142)->(10,5,22.4821)->(11,5,23)->(12,5,23.5)->(13,5,24)->(14,5,24.5)->(15,5,25)->(16,5,25.5179)->(17,5,26.0858)->(18,5,26.7679)->(19,5,28.0858)->(20,5,30.7142)->(20,4,34.3142)->(21,4,36.9779)->(22,4,38.9779)->(23,4,41.6416)->(23,5,5021.01)->
Agent 76:(12,19,1.8)->(11,19,3.6)->(10,19,6.8)->(11,19,9.41421)->(12,19,10.7321)->(13,19,11.4238)->(14,19,12.0595)->(15,19,12.7513)->(16,19,14.0691)->(17,19,16.2833)->(17,20,18.5328)->(17,21,20.5328)->(17,22,5009.99)->
Agent 77:(27,14,5.7)->(27,13,10.8142)->(27,12,12.1321)->(27,11,12.8142)->(27,10,13.4)->(27,9,13.9858)->(27,8,14.6679)->(27,7,15.9858)->(27,6,18.2)->(26,6,20.4142)->(25,6,21.7321)->(24,6,22.4142)->(23,6,22.9821)->(22,6,23.5)->(21,6,24.0179)->(20,6,24.5858)->(19,6,25.2679)->(18,6,26.5858)->(17,6,5013)->
Agent 78:(30,3,7.31784)->(30,4,14.0499)->(30,5,15.3677)->(30,6,16.0499)->(30,7,16.6177)->(30,8,17.1357)->(30,9,17.6357)->(30,10,18.1357)->(30,11,18.6357)->(30,12,19.1357)->(30,13,19.6357)->(30,14,20.1357)->(30,15,20.6357)->(30,16,21.1357)->(30,17,21.6357)->(30,18,22.1357)->(30,19,22.6357)->(30,20,23.1357)->(30,21,23.6357)->(30,22,24.1536)->(30,23,24.7215)->(30,24,25.4036)->(30,25,26.7215)->(30,26,28.9357)->(29,26,31.1499)->(28,26,32.4677)->(27,26,33.1499)->(26,26,33.7177)->(25,26,34.2357)->(24,26,34.7357)->(23,26,35.2357)->(22,26,35.7357)->(21,26,36.2357)->(20,26,36.7357)->(19,26,37.2357)->(18,26,37.7357)->(17,26,38.2357)->(16,26,38.7357)->(15,26,39.2357)->(14,26,39.7357)->(13,26,40.2357)->(12,26,40.7357)->(11,26,41.2357)->(10,26,41.7357)->(9,26,42.2357)->(8,26,42.7357)->(7,26,43.2357)->(6,26,43.7357)->(5,26,44.2357)->(4,26,44.7536)->(3,26,45.3215)->(2,26,46.0036)->(1,26,47.3215)->(0,26,5023.37)->
Agent 79:(31,28,6.69615)->(31,27,12.8065)->(31,26,14.1244)->(31,25,14.8065)->(31,24,15.3744)->(31,23,15.8923)->(31,22,16.3923)->(31,21,16.8923)->(31,20,17.3923)->(31,19,17.8923)->(31,18,18.3923)->(31,17,18.8923)->(31,16,19.3923)->(31,15,19.8923)->(31,14,20.3923)->(31,13,20.8923)->(31,12,21.3923)->(31,11,21.9103)->(31,10,22.4781)->(31,9,23.1603)->(31,8,24.4781)->(31,7,26.6923)->(30,7,28.9065)->(29,7,30.2404)->(28,7,31.0688)->(27,7,32.4026)->(26,7,5015.91)->
Agent 80:(20,14,6.98205)->(19,14,13.3783)->(18,14,14.6962)->(17,14,15.3783)->(16,14,15.9462)->(15,14,16.4641)->(14,14,16.9641)->(13,14,17.4641)->(12,14,17.9641)->(11,14,18.4641)->(10,14,18.9821)->(9,14,19.5499)->(8,14,20.2321)->(7,14,21.5499)->(6,14,23.7641)->(6,15,25.9783)->(6,16,27.2962)->(6,17,28.0282)->(6,18,28.7603)->(6,19,30.0781)->(6,20,5014.75)->
Agent 81:(15,26,3.6)->(16,26,6.61421)->(17,26,7.93205)->(18,26,8.61421)->(19,26,9.18205)->(20,26,9.7)->(21,26,10.2)->(22,26,10.7)->(23,26,11.2179)->(24,26,11.7858)->(25,26,12.4679)->(26,26,13.7858)->(27,26,21.9377)->(27,27,30.0897)->(27,28,31.4235)->(27,29,32.2519)->(27,30,33.5858)->(27,31,5016.5)->
Agent 82:(17,13,3.34626)->(18,13,6.10674)->(19,13,7.52096)->(20,13,8.93517)->(21,13,11.3169)->(21,12,13.7338)->(21,11,15.7338)->(21,10,23.6064)->(22,10,31.4789)->(23,10,33.4789)->(24,10,5016.46)->
Agent 83:(15,10,1.8)->(16,10,3.01421)->(17,10,4.33205)->(18,10,5.0641)->(19,10,5.79615)->(20,10,7.11399)->(21,10,9.3282)->(21,9,12.1282)->(21,8,5006.06)->
Agent 84:(28,16,2.2)->(27,16,3.81421)->(26,16,5.13205)->(25,16,5.81421)->(24,16,6.4)->(23,16,6.98579)->(22,16,7.66795)->(21,16,8.98579)->(20,16,11.2)->(20,15,13.4142)->(20,14,14.7481)->(20,13,15.5765)->(20,12,16.9103)->(20,11,19.5388)->(19,11,23.6265)->(19,12,5012.25)->
Agent 85:(14,4,3.2)->(14,5,5.81421)->(14,6,7.13205)->(14,7,7.81421)->(14,8,8.38205)->(14,9,8.9)->(14,10,9.4)->(14,11,9.9)->(14,12,10.4)->(14,13,10.9)->(14,14,11.4)->(14,15,11.9)->(14,16,12.4)->(14,17,12.9)->(14,18,13.4)->(14,19,13.9)->(14,20,14.4)->(14,21,14.9)->(14,22,15.4)->(14,23,15.9)->(14,24,16.4)->(14,25,16.9)->(14,26,17.4)->(14,27,17.9179)->(14,28,18.4858)->(14,29,19.1679)->(14,30,20.4858)->(14,31,22.7)->(15,31,24.9142)->(16,31,26.2321)->(17,31,26.9142)->(18,31,27.4821)->(19,31,28)->(20,31,28.5)->(21,31,29)->(22,31,29.5)->(23,31,30)->(24,31,30.5)->(25,31,31.0179)->(26,31,31.5858)->(27,31,32.2679)->(28,31,33.5858)->(29,31,5016.5)->
Agent 86:(5,10,2.4142)->(5,11,4.24261)->(5,12,5.65683)->(5,13,7.07104)->(5,14,9.44263)->(4,14,11.8142)->(3,14,13.1481)->(2,14,13.9765)->(1,14,15.3103)->(0,14,5007.36)->
Agent 87:(26,18,2.2)->(25,18,3.84949)->(24,18,5.84949)->(23,18,9.42056)->(23,17,12.9563)->(23,16,14.2742)->(23,15,14.9563)->(23,14,15.5242)->(23,13,16.0421)->(23,12,16.5421)->(23,11,17.0421)->(23,10,17.5421)->(23,9,18.0421)->(23,8,18.5421)->(23,7,19.0421)->(23,6,19.5421)->(23,5,20.0421)->(23,4,20.5601)->(23,3,21.1279)->(23,2,21.8101)->(23,1,23.1279)->(23,0,25.7563)->(22,0,5013.07)->
Agent 88:(22,15,1.8)->(23,15,3.01421)->(24,15,4.34806)->(25,15,5.17649)->(26,15,6.51034)->(27,15,9.66228)->(27,14,12.8142)->(27,13,14.1481)->(27,12,14.9765)->(27,11,16.3103)->(27,10,18.5246)->(28,10,21.3246)->(29,10,5010.66)->
Agent 89:(7,24,1.8)->(8,24,3.01421)->(9,24,4.33205)->(10,24,5.01421)->(11,24,5.58205)->(12,24,6.11795)->(13,24,6.68579)->(14,24,7.36795)->(15,24,8.68579)->(16,24,11.65)->(16,23,5006.19)->
Agent 90:(4,20,2.2)->(4,19,3.81421)->(4,18,5.13205)->(4,17,5.81421)->(4,16,6.38205)->(4,15,6.9)->(4,14,7.4)->(4,13,7.9)->(4,12,8.4)->(4,11,8.9)->(4,10,9.4)->(4,9,9.9)->(4,8,10.4)->(4,7,10.9179)->(4,6,11.4858)->(4,5,12.1679)->(4,4,13.4858)->(4,3,15.7)->(5,3,17.9142)->(6,3,19.2321)->(7,3,19.9142)->(8,3,20.4821)->(9,3,21)->(10,3,21.5)->(11,3,22)->(12,3,22.5)->(13,3,23)->(14,3,23.5)->(15,3,24)->(16,3,24.5)->(17,3,25)->(18,3,25.5)->(19,3,26)->(20,3,26.5)->(21,3,27)->(22,3,27.5)->(23,3,28)->(24,3,28.5)->(25,3,29.0179)->(26,3,29.5858)->(27,3,30.2679)->(28,3,31.5858)->(29,3,5015.5)->
Agent 91:(14,6,3.2)->(15,6,5.81421)->(16,6,7.13205)->(17,6,7.81421)->(18,6,8.38205)->(19,6,8.9)->(20,6,9.4)->(21,6,9.9)->(22,6,10.4)->(23,6,10.9)->(24,6,11.4179)->(25,6,11.9858)->(26,6,12.6679)->(27,6,13.9858)->(28,6,5006.7)->
Agent 92:(28,22,2.51784)->(28,21,4.44989)->(28,20,5.76773)->(28,19,6.44989)->(28,18,7.01773)->(28,17,7.53567)->(28,16,8.03567)->(28,15,8.53567)->(28,14,9.03567)->(28,13,9.55362)->(28,12,10.1215)->(28,11,10.8036)->(28,10,12.1215)->(28,9,14.3357)->(27,9,16.5499)->(26,9,17.8677)->(25,9,18.5499)->(24,9,19.1177)->(23,9,19.6357)->(22,9,20.1357)->(21,9,20.6357)->(20,9,21.1357)->(19,9,21.6536)->(18,9,22.2215)->(17,9,22.9036)->(16,9,24.2215)->(15,9,5011.82)->
Agent 93:(17,20,2.2)->(17,19,3.81421)->(17,18,5.22843)->(17,17,6.64264)->(17,16,11.6353)->(18,16,17.2137)->(19,16,5008.61)->
Agent 94:(3,3,1.3)->(3,4,2.6)->(3,5,5.81421)->(2,5,21.0964)->(3,5,35.407)->(4,5,36.8212)->(5,5,38.2354)->(6,5,5018.82)->
Agent 95:(21,20,1.3)->(21,21,2.04949)->(21,22,4.04949)->(21,23,6.34949)->(20,23,8.61421)->(19,23,9.93205)->(18,23,10.6142)->(17,23,11.2)->(16,23,11.7858)->(15,23,12.4679)->(14,23,13.7858)->(13,23,5006.6)->
Agent 96:(8,18,2.2)->(8,17,3.81421)->(8,16,5.13205)->(8,15,5.81421)->(8,14,6.38205)->(8,13,6.9)->(8,12,7.4)->(8,11,7.9)->(8,10,8.4)->(8,9,8.9)->(8,8,9.4)->(8,7,9.9)->(8,6,10.4179)->(8,5,10.9858)->(8,4,11.6679)->(8,3,12.9858)->(8,2,15.2)->(9,2,17.4142)->(10,2,18.7321)->(11,2,19.4142)->(12,2,19.9821)->(13,2,20.5179)->(14,2,21.0858)->(15,2,21.7679)->(16,2,23.0858)->(17,2,25.7142)->(17,3,5013.05)->
Agent 97:(15,6,1.3)->(15,7,2.01421)->(15,8,3.33205)->(15,9,4.01421)->(15,10,4.58205)->(15,11,5.1)->(15,12,5.6)->(15,13,6.1)->(15,14,6.6)->(15,15,7.1)->(15,16,7.61795)->(15,17,8.18579)->(15,18,8.86795)->(15,19,10.1858)->(15,20,13.6642)->(14,20,5007.45)->
Agent 98:(5,11,1.3)->(5,12,2.01421)->(5,13,3.34806)->(5,14,4.17649)->(5,15,5.51034)->(5,16,7.93023)->(6,16,10.3501)->(7,16,11.6679)->(8,16,12.3501)->(9,16,12.9179)->(10,16,13.4359)->(11,16,13.9538)->(12,16,14.5217)->(13,16,15.2038)->(14,16,16.5217)->(15,16,5007.97)->
Agent 99:(30,27,2.2)->(30,26,3.81421)->(30,25,5.13205)->(30,24,5.82382)->(30,23,6.45949)->(30,22,7.15126)->(30,21,8.4691)->(30,20,11.6114)->(29,20,14.7538)->(28,20,16.0876)->(27,20,16.916)->(26,20,18.2499)->(25,20,5008.83)->
