Agent 0:(15,25,4.3)->(14,25,8.01421)->(13,25,9.33205)->(12,25,10.0142)->(11,25,10.5821)->(10,25,11.1)->(9,25,11.6)->(8,25,12.1)->(7,25,12.6)->(6,25,13.1)->(5,25,13.6179)->(4,25,14.1858)->(3,25,14.8679)->(2,25,16.1858)->(1,25,18.4)->(1,24,20.6142)->(1,23,21.9321)->(1,22,22.6142)->(1,21,23.1821)->(1,20,23.7)->(1,19,24.2)->(1,18,24.7)->(1,17,25.2)->(1,16,25.7)->(1,15,26.2)->(1,14,26.7179)->(1,13,27.2858)->(1,12,27.9679)->(1,11,29.2858)->(1,10,5014.35)->
Agent 1:(26,26,1.8)->(25,26,3.01421)->(24,26,4.42843)->(23,26,5.84264)->(22,26,8.05685)->(22,25,10.2711)->(22,24,11.5889)->(22,23,12.321)->(22,22,13.053)->(22,21,14.3708)->(22,20,16.5851)->(21,20,18.7993)->(20,20,20.1171)->(19,20,20.7993)->(18,20,21.3671)->(17,20,21.8851)->(16,20,22.3851)->(15,20,22.8851)->(14,20,23.3851)->(13,20,23.8851)->(12,20,24.3851)->(11,20,24.8851)->(10,20,25.403)->(9,20,25.9708)->(8,20,26.653)->(7,20,27.9708)->(6,20,30.5993)->(6,21,5015.49)->
Agent 2:(1,23,2.82841)->(0,23,6.04261)->(0,22,8.67104)->(0,21,9.98888)->(0,20,10.671)->(0,19,11.2389)->(0,18,11.7568)->(0,17,12.2568)->(0,16,12.7568)->(0,15,13.2568)->(0,14,13.7748)->(0,13,14.3426)->(0,12,15.0248)->(0,11,16.3426)->(0,10,18.5568)->(1,10,20.771)->(2,10,22.0889)->(3,10,22.771)->(4,10,23.3389)->(5,10,23.8748)->(6,10,24.4426)->(7,10,25.1248)->(8,10,26.4426)->(9,10,28.6568)->(9,9,30.871)->(9,8,32.1889)->(9,7,32.8806)->(9,6,33.5163)->(9,5,34.2081)->(9,4,35.5259)->(9,3,38.1544)->(10,3,41.7544)->(10,2,44.9686)->(10,1,5022.48)->
Agent 3:(0,2,1.3)->(0,3,2.01421)->(0,4,3.33205)->(0,5,4.0641)->(0,6,4.79615)->(0,7,6.11399)->(0,8,17.8283)->(1,8,29.5426)->(2,8,30.8765)->(3,8,31.7049)->(4,8,33.0388)->(5,8,5016.23)->
Agent 4:(23,25,2.8)->(23,24,5.01421)->(23,23,6.33205)->(23,22,7.02382)->(23,21,7.65949)->(23,20,8.35126)->(23,19,9.6691)->(23,18,11.8833)->(22,18,14.0975)->(21,18,15.5117)->(20,18,16.926)->(19,18,19.4484)->(19,17,21.9708)->(19,16,23.2887)->(19,15,23.9805)->(19,14,24.6161)->(19,13,25.3079)->(19,12,26.6257)->(19,11,29.4437)->(18,11,32.2616)->(17,11,33.5795)->(16,11,34.2616)->(15,11,34.8295)->(14,11,35.3474)->(13,11,35.8474)->(12,11,36.3654)->(11,11,36.9332)->(10,11,37.6154)->(9,11,38.9332)->(8,11,41.5616)->(8,10,5020.97)->
Agent 5:(3,12,1.8)->(4,12,3.01421)->(5,12,4.33205)->(6,12,5.01421)->(7,12,5.58205)->(8,12,6.1)->(9,12,6.6)->(10,12,7.1)->(11,12,7.6)->(12,12,8.1)->(13,12,8.61795)->(14,12,9.18579)->(15,12,9.86795)->(16,12,11.1858)->(17,12,5005.3)->
Agent 6:(2,4,2.8)->(2,3,5.04949)->(2,2,7.04949)->(2,1,16.5514)->(3,1,26.0181)->(4,1,27.3519)->(5,1,28.1804)->(6,1,29.5142)->(7,1,5014.46)->
Agent 7:(24,10,1.3)->(24,11,2.04949)->(24,12,4.04949)->(24,13,6.71319)->(25,13,10.3132)->(25,14,13.5274)->(25,15,18.9136)->(24,15,24.2998)->(23,15,5012.15)->
Agent 8:(29,17,1.3)->(29,18,2.04949)->(29,19,4.04949)->(29,20,6.34949)->(28,20,8.61421)->(27,20,9.93205)->(26,20,10.6142)->(25,20,11.1821)->(24,20,11.7)->(23,20,12.2)->(22,20,12.7)->(21,20,13.2)->(20,20,13.7)->(19,20,14.2)->(18,20,14.7)->(17,20,15.2)->(16,20,15.7)->(15,20,16.2)->(14,20,16.7)->(13,20,17.2)->(12,20,17.7)->(11,20,18.2)->(10,20,18.7179)->(9,20,19.2858)->(8,20,19.9679)->(7,20,21.2858)->(6,20,23.5)->(6,19,25.7142)->(6,18,27.0481)->(6,17,27.8765)->(6,16,29.2103)->(6,15,33.6387)->(5,15,38.6528)->(4,15,5019.33)->
Agent 9:(2,14,2.2)->(2,13,3.81421)->(2,12,5.13205)->(2,11,5.81421)->(2,10,6.38205)->(2,9,6.9)->(2,8,7.4)->(2,7,7.9)->(2,6,8.41795)->(2,5,8.98579)->(2,4,9.66795)->(2,3,10.9858)->(2,2,13.2)->(3,2,15.4142)->(4,2,16.7321)->(5,2,17.4142)->(6,2,17.9821)->(7,2,18.5)->(8,2,19)->(9,2,19.5)->(10,2,20)->(11,2,20.5)->(12,2,21)->(13,2,21.5)->(14,2,22)->(15,2,22.5)->(16,2,23)->(17,2,23.5)->(18,2,24)->(19,2,24.5)->(20,2,25)->(21,2,25.5179)->(22,2,26.0858)->(23,2,26.7679)->(24,2,28.0858)->(25,2,30.7142)->(25,3,34.3142)->(26,3,36.9426)->(27,3,38.2605)->(28,3,38.9925)->(29,3,39.7246)->(30,3,41.0424)->(31,3,43.6708)->(31,2,5022.03)->
Agent 10:(31,12,1.8)->(30,12,3.04949)->(29,12,5.04949)->(28,12,7.29898)->(28,13,9.51319)->(28,14,10.831)->(28,15,11.5132)->(28,16,12.081)->(28,17,12.599)->(28,18,13.099)->(28,19,13.6169)->(28,20,14.1848)->(28,21,14.8669)->(28,22,16.1848)->(28,23,18.399)->(27,23,20.6132)->(26,23,21.931)->(25,23,22.6132)->(24,23,23.181)->(23,23,23.699)->(22,23,24.199)->(21,23,24.699)->(20,23,25.199)->(19,23,25.699)->(18,23,26.199)->(17,23,26.699)->(16,23,27.199)->(15,23,27.699)->(14,23,28.199)->(13,23,28.699)->(12,23,29.199)->(11,23,29.699)->(10,23,30.199)->(9,23,30.699)->(8,23,31.2169)->(7,23,31.7848)->(6,23,32.4669)->(5,23,33.7848)->(4,23,35.999)->(4,24,38.2132)->(4,25,39.547)->(4,26,40.3755)->(4,27,41.7093)->(4,28,43.9235)->(3,28,46.173)->(2,28,48.173)->(1,28,5023.81)->
Agent 11:(2,9,1.8)->(3,9,3.01421)->(4,9,4.33205)->(5,9,5.01421)->(6,9,5.58205)->(7,9,6.1)->(8,9,6.61795)->(9,9,7.18579)->(10,9,7.86795)->(11,9,9.18579)->(12,9,12.1)->(12,10,15.0142)->(12,11,16.3321)->(12,12,17.0142)->(12,13,17.5821)->(12,14,18.1)->(12,15,18.6)->(12,16,19.1)->(12,17,19.6)->(12,18,20.1)->(12,19,20.6)->(12,20,21.1179)->(12,21,21.6858)->(12,22,22.3679)->(12,23,23.6858)->(12,24,25.9737)->(13,24,28.2616)->(14,24,29.6758)->(15,24,31.0901)->(16,24,33.3043)->(16,25,35.5185)->(16,26,36.9327)->(16,27,38.3469)->(16,28,5018.88)->
Agent 12:(2,24,1.3)->(2,25,2.6)->(2,26,6.67649)->(3,26,5003.96)->
Agent 13:(17,11,2.21421)->(16,11,4.81421)->(16,12,7.44264)->(16,13,8.76048)->(16,14,9.49253)->(16,15,10.2246)->(16,16,11.5424)->(16,17,14.6567)->(15,17,5007.76)->
Agent 14:(15,24,2.2)->(15,23,3.84949)->(15,22,5.84949)->(15,21,11.0673)->(16,21,16.2499)->(17,21,17.5677)->(18,21,18.2499)->(19,21,18.8177)->(20,21,19.3357)->(21,21,19.8357)->(22,21,20.3357)->(23,21,20.8357)->(24,21,21.3536)->(25,21,21.9215)->(26,21,22.6036)->(27,21,23.9215)->(28,21,26.1357)->(28,20,28.3499)->(28,19,29.6677)->(28,18,30.3499)->(28,17,30.9357)->(28,16,31.5215)->(28,15,32.2036)->(28,14,33.5215)->(28,13,38.0558)->(28,14,5020.17)->
Agent 15:(23,11,2.61421)->(22,11,4.64264)->(21,11,6.05685)->(20,11,7.47107)->(19,11,10.0995)->(19,12,17.8247)->(18,12,27.8415)->(18,13,32.7616)->(18,14,34.0955)->(18,15,34.9239)->(18,16,36.2578)->(18,17,5017.84)->
Agent 16:(7,24,1.8)->(6,24,3.01421)->(5,24,4.34806)->(4,24,5.17649)->(3,24,6.51034)->(2,24,14.9388)->(2,23,23.3672)->(2,22,24.685)->(2,21,25.3672)->(2,20,25.935)->(2,19,26.453)->(2,18,26.953)->(2,17,27.453)->(2,16,27.953)->(2,15,28.453)->(2,14,28.953)->(2,13,29.453)->(2,12,29.953)->(2,11,30.4709)->(2,10,31.0388)->(2,9,31.7209)->(2,8,33.0388)->(2,7,35.253)->(1,7,38.053)->(0,7,5019.03)->
Agent 17:(22,3,1.3)->(22,4,2.01421)->(22,5,3.33205)->(22,6,4.01421)->(22,7,4.58205)->(22,8,5.1)->(22,9,5.6)->(22,10,6.1)->(22,11,6.6)->(22,12,7.1)->(22,13,7.6)->(22,14,8.1)->(22,15,8.61795)->(22,16,9.18579)->(22,17,9.86795)->(22,18,11.1858)->(22,19,13.9)->(21,19,16.6142)->(20,19,17.9321)->(19,19,18.6238)->(18,19,19.2595)->(17,19,19.9513)->(16,19,21.2691)->(15,19,23.8975)->(15,20,30.9306)->(15,19,38.3778)->(16,19,5019.59)->
Agent 18:(29,21,1.3)->(29,22,2.01421)->(29,23,3.33205)->(29,24,4.01421)->(29,25,4.6)->(29,26,5.18579)->(29,27,5.86795)->(29,28,7.18579)->(29,29,11.3995)->(28,29,15.6132)->(27,29,16.931)->(26,29,17.6132)->(25,29,18.181)->(24,29,18.699)->(23,29,19.199)->(22,29,19.699)->(21,29,20.199)->(20,29,20.699)->(19,29,21.199)->(18,29,21.699)->(17,29,22.199)->(16,29,22.7169)->(15,29,23.2848)->(14,29,23.9669)->(13,29,25.2848)->(12,29,5012.35)->
Agent 19:(20,4,2.38579)->(19,4,4.18579)->(18,4,5.50362)->(17,4,6.23567)->(16,4,6.96773)->(15,4,8.28556)->(14,4,11.2357)->(14,5,14.1858)->(14,6,15.5036)->(14,7,16.1858)->(14,8,16.7716)->(14,9,17.3574)->(14,10,18.0395)->(14,11,19.3574)->(14,12,5009.39)->
Agent 20:(16,31,1.8)->(15,31,3.01421)->(14,31,4.33205)->(13,31,5.01421)->(12,31,5.58205)->(11,31,6.11795)->(10,31,6.68579)->(9,31,7.36795)->(8,31,8.68579)->(7,31,10.9)->(7,30,13.1142)->(7,29,14.4321)->(7,28,15.1142)->(7,27,15.6821)->(7,26,16.2)->(7,25,16.7179)->(7,24,17.2858)->(7,23,17.9679)->(7,22,19.2858)->(7,21,5009.35)->
Agent 21:(12,3,1.3)->(12,4,2.01421)->(12,5,3.34806)->(12,6,4.17649)->(12,7,5.51034)->(12,8,9.84806)->(13,8,14.1858)->(14,8,15.5036)->(15,8,16.1858)->(16,8,16.7536)->(17,8,17.2716)->(18,8,17.7716)->(19,8,18.2716)->(20,8,18.7716)->(21,8,19.2895)->(22,8,19.8574)->(23,8,20.5395)->(24,8,21.8574)->(25,8,24.4858)->(25,9,5012.44)->
Agent 22:(3,30,1.8)->(4,30,3.01421)->(5,30,4.33205)->(6,30,5.0641)->(7,30,5.79615)->(8,30,7.11399)->(9,30,9.3282)->(9,29,11.5424)->(9,28,12.8603)->(9,27,13.5424)->(9,26,14.1103)->(9,25,14.6462)->(9,24,15.214)->(9,23,15.8962)->(9,22,17.214)->(9,21,19.8424)->(8,21,5010.11)->
Agent 23:(18,31,6.08205)->(18,30,11.5783)->(18,29,12.8962)->(18,28,13.5783)->(18,27,14.1462)->(18,26,14.6641)->(18,25,15.1641)->(18,24,15.6641)->(18,23,16.1641)->(18,22,16.6641)->(18,21,17.1641)->(18,20,17.6641)->(18,19,18.1641)->(18,18,18.6641)->(18,17,19.1641)->(18,16,19.6641)->(18,15,20.1641)->(18,14,20.6641)->(18,13,21.1821)->(18,12,21.7499)->(18,11,22.4321)->(18,10,23.7499)->(18,9,25.9641)->(19,9,28.1783)->(20,9,29.5122)->(21,9,30.3406)->(22,9,31.6744)->(23,9,5015.54)->
Agent 24:(2,3,1.8)->(3,3,3.04949)->(4,3,5.04949)->(5,3,8.86733)->(5,4,12.6499)->(5,5,13.9677)->(5,6,14.6499)->(5,7,15.2177)->(5,8,15.7357)->(5,9,16.2357)->(5,10,16.7357)->(5,11,17.2357)->(5,12,17.7357)->(5,13,18.2357)->(5,14,18.7357)->(5,15,19.2357)->(5,16,19.7357)->(5,17,20.2357)->(5,18,20.7536)->(5,19,21.3215)->(5,20,22.0036)->(5,21,23.3215)->(5,22,25.9499)->(6,22,5013.17)->
Agent 25:(28,17,2.82841)->(29,17,7.25586)->(29,16,11.0975)->(29,15,12.4154)->(29,14,13.0975)->(29,13,13.6654)->(29,12,14.1833)->(29,11,14.6833)->(29,10,15.1833)->(29,9,15.6833)->(29,8,16.1833)->(29,7,16.7013)->(29,6,17.2691)->(29,5,17.9513)->(29,4,19.2691)->(29,3,21.8975)->(28,3,29.0283)->(28,4,5016.47)->
Agent 26:(19,20,2.30194)->(19,21,4.01809)->(19,22,5.35194)->(19,23,6.18036)->(19,24,7.51421)->(19,25,9.72843)->(18,25,11.9426)->(17,25,13.2605)->(16,25,13.9426)->(15,25,14.5105)->(14,25,15.0464)->(13,25,15.6142)->(12,25,16.2964)->(11,25,17.6142)->(10,25,20.2426)->(10,26,26.2069)->(11,26,5014.48)->
Agent 27:(26,2,1.55)->(26,3,2.51421)->(26,4,3.83205)->(26,5,4.51421)->(26,6,5.08205)->(26,7,5.6)->(26,8,6.1)->(26,9,6.6)->(26,10,7.1)->(26,11,7.6)->(26,12,8.1)->(26,13,8.6)->(26,14,9.1)->(26,15,9.61795)->(26,16,10.1858)->(26,17,10.8679)->(26,18,12.1858)->(26,19,14.9858)->(25,19,17.7858)->(24,19,19.1036)->(23,19,19.7954)->(22,19,20.4311)->(21,19,21.1228)->(20,19,22.4407)->(19,19,24.6549)->(19,20,26.9044)->(19,21,28.9044)->(19,22,5014.18)->
Agent 28:(1,9,1.3)->(1,10,2.01421)->(1,11,3.33205)->(1,12,4.01421)->(1,13,4.58205)->(1,14,5.1)->(1,15,5.6)->(1,16,6.1)->(1,17,6.61795)->(1,18,7.18579)->(1,19,7.86795)->(1,20,9.18579)->(1,21,11.4)->(2,21,14.2)->(3,21,17)->(3,22,19.2142)->(3,23,20.6284)->(3,24,22.0426)->(3,25,5010.73)->
Agent 29:(8,28,1.8)->(9,28,3.01421)->(10,28,4.33205)->(11,28,5.0641)->(12,28,5.79615)->(13,28,7.11399)->(14,28,9.3282)->(14,27,12.1282)->(14,26,14.9499)->(15,26,17.1858)->(16,26,18.5036)->(17,26,19.1858)->(18,26,19.7536)->(19,26,20.2716)->(20,26,20.7895)->(21,26,21.3574)->(22,26,22.0395)->(23,26,23.3574)->(24,26,25.5716)->(24,27,27.8211)->(24,28,29.8211)->(24,29,5014.64)->
Agent 30:(24,24,2.21421)->(25,24,4.81421)->(25,25,7.44264)->(25,26,8.85685)->(25,27,10.2711)->(25,28,12.4853)->(24,28,14.6995)->(23,28,16.0173)->(22,28,16.6995)->(21,28,17.2673)->(20,28,17.8032)->(19,28,18.3711)->(18,28,19.0532)->(17,28,20.3711)->(16,28,22.5853)->(16,27,24.7995)->(16,26,26.1333)->(16,25,26.9618)->(16,24,28.2956)->(16,23,30.5098)->(15,23,32.7241)->(14,23,34.0419)->(13,23,34.7241)->(12,23,35.2919)->(11,23,35.8098)->(10,23,36.3098)->(9,23,36.8098)->(8,23,37.3278)->(7,23,37.8956)->(6,23,38.5778)->(5,23,39.8956)->(4,23,42.1098)->(4,22,44.3593)->(4,21,46.3593)->(4,20,48.6088)->(3,20,51.4088)->(2,20,5025.7)->
Agent 31:(6,27,2.2)->(6,26,3.81421)->(6,25,5.13205)->(6,24,5.8641)->(6,23,6.59615)->(6,22,7.91399)->(6,21,10.1282)->(7,21,12.3424)->(8,21,13.6603)->(9,21,14.3424)->(10,21,14.9282)->(11,21,15.514)->(12,21,16.1962)->(13,21,17.514)->(14,21,21.4066)->(14,20,25.2993)->(14,19,26.6171)->(14,18,27.3492)->(14,17,28.0812)->(14,16,29.399)->(14,15,31.6133)->(15,15,34.4133)->(16,15,5017.21)->
Agent 32:(15,4,1.3)->(15,5,2.01421)->(15,6,3.33205)->(15,7,4.01421)->(15,8,4.58205)->(15,9,5.1)->(15,10,5.6)->(15,11,6.11795)->(15,12,6.68579)->(15,13,7.36795)->(15,14,8.68579)->(15,15,11.6678)->(14,15,14.6499)->(13,15,15.9677)->(12,15,16.6499)->(11,15,17.2177)->(10,15,17.7357)->(9,15,18.2357)->(8,15,18.7357)->(7,15,19.2357)->(6,15,19.7357)->(5,15,20.2357)->(4,15,20.7536)->(3,15,21.3215)->(2,15,22.0036)->(1,15,23.3215)->(0,15,5011.37)->
Agent 33:(0,23,1.3)->(0,24,2.6)->(0,25,5.92841)->(0,24,8.67104)->(0,23,9.98888)->(0,22,10.671)->(0,21,11.2389)->(0,20,11.7568)->(0,19,12.2568)->(0,18,12.7748)->(0,17,13.3426)->(0,16,14.0248)->(0,15,15.3426)->(0,14,22.1049)->(1,14,28.8672)->(2,14,30.185)->(3,14,30.8672)->(4,14,31.435)->(5,14,31.953)->(6,14,32.453)->(7,14,32.953)->(8,14,33.453)->(9,14,33.953)->(10,14,34.453)->(11,14,34.953)->(12,14,35.453)->(13,14,35.953)->(14,14,36.453)->(15,14,36.953)->(16,14,37.453)->(17,14,37.953)->(18,14,38.453)->(19,14,38.953)->(20,14,39.453)->(21,14,39.953)->(22,14,40.453)->(23,14,40.9709)->(24,14,41.5388)->(25,14,42.2209)->(26,14,43.5388)->(27,14,45.753)->(27,13,48.553)->(27,12,5024.28)->
Agent 34:(2,19,2.2)->(2,18,3.81421)->(2,17,5.13205)->(2,16,5.82382)->(2,15,6.45949)->(2,14,7.15126)->(2,13,8.4691)->(2,12,17.7559)->(3,12,27.0426)->(4,12,28.3605)->(5,12,29.0426)->(6,12,29.6105)->(7,12,30.1284)->(8,12,30.6464)->(9,12,31.2142)->(10,12,31.8964)->(11,12,33.2142)->(12,12,5016.31)->
Agent 35:(26,31,6.97107)->(26,30,13.3563)->(26,29,14.6742)->(26,28,15.3563)->(26,27,15.9242)->(26,26,16.4421)->(26,25,16.9421)->(26,24,17.4421)->(26,23,17.9421)->(26,22,18.4421)->(26,21,18.9421)->(26,20,19.4421)->(26,19,19.9421)->(26,18,20.4421)->(26,17,20.9421)->(26,16,21.4421)->(26,15,21.9421)->(26,14,22.4421)->(26,13,22.9421)->(26,12,23.4421)->(26,11,23.9421)->(26,10,24.4421)->(26,9,24.9421)->(26,8,25.4421)->(26,7,25.9421)->(26,6,26.4421)->(26,5,26.9601)->(26,4,27.5279)->(26,3,28.2101)->(26,2,29.5279)->(26,1,32.1563)->(25,1,5016.27)->
Agent 36:(10,11,2.2)->(10,10,3.81421)->(10,9,5.13205)->(10,8,5.81421)->(10,7,6.38205)->(10,6,6.9)->(10,5,7.4)->(10,4,7.91795)->(10,3,8.48579)->(10,2,9.16795)->(10,1,10.4858)->(10,0,5004.95)->
Agent 37:(23,24,1.8)->(22,24,3.01421)->(21,24,4.33205)->(20,24,5.01421)->(19,24,5.58205)->(18,24,6.11795)->(17,24,6.68579)->(16,24,7.36795)->(15,24,8.68579)->(14,24,10.9)->(14,23,13.1142)->(14,22,14.4321)->(14,21,15.1142)->(14,20,15.6821)->(14,19,16.2)->(14,18,16.7)->(14,17,17.2179)->(14,16,17.7858)->(14,15,18.4679)->(14,14,19.7858)->(14,13,22)->(13,13,24.2142)->(12,13,25.5321)->(11,13,26.2142)->(10,13,26.7821)->(9,13,27.3)->(8,13,27.8)->(7,13,28.3)->(6,13,28.8)->(5,13,29.3179)->(4,13,29.8858)->(3,13,30.5679)->(2,13,31.8858)->(1,13,34.5142)->(1,14,5017.45)->
Agent 38:(13,7,1.3)->(13,8,2.01421)->(13,9,3.33205)->(13,10,4.01421)->(13,11,4.58205)->(13,12,5.1)->(13,13,5.6)->(13,14,6.1)->(13,15,6.6)->(13,16,7.1)->(13,17,7.6)->(13,18,8.1)->(13,19,8.6)->(13,20,9.1)->(13,21,9.6)->(13,22,10.1)->(13,23,10.6179)->(13,24,11.1858)->(13,25,11.8679)->(13,26,13.1858)->(13,27,18.1142)->(12,27,23.0426)->(11,27,24.3605)->(10,27,25.0925)->(9,27,25.8246)->(8,27,27.1424)->(7,27,5013.28)->
Agent 39:(18,14,2.62744)->(19,14,4.70438)->(20,14,6.70438)->(21,14,20.0006)->(21,15,33.2616)->(21,16,34.5795)->(21,17,35.2616)->(21,18,35.8295)->(21,19,36.3474)->(21,20,36.8474)->(21,21,37.3474)->(21,22,37.8474)->(21,23,38.3654)->(21,24,38.9332)->(21,25,39.6154)->(21,26,40.9332)->(21,27,5020.17)->
Agent 40:(15,7,1.3)->(15,8,2.01421)->(15,9,3.33205)->(15,10,4.01421)->(15,11,4.58205)->(15,12,5.1)->(15,13,5.61795)->(15,14,6.18579)->(15,15,6.86795)->(15,16,8.18579)->(15,17,11.5642)->(15,16,14.9426)->(15,15,16.2605)->(15,14,16.9426)->(15,13,17.5105)->(15,12,18.0284)->(15,11,18.5284)->(15,10,19.0284)->(15,9,19.5284)->(15,8,20.0284)->(15,7,20.5284)->(15,6,21.0464)->(15,5,21.6142)->(15,4,22.2964)->(15,3,23.6142)->(15,2,25.8284)->(16,2,28.0426)->(17,2,29.3765)->(18,2,30.2049)->(19,2,31.5388)->(20,2,5015.48)->
Agent 41:(27,19,1.8)->(26,19,3.01421)->(25,19,4.33205)->(24,19,5.01421)->(23,19,5.58205)->(22,19,6.1)->(21,19,6.6)->(20,19,7.1)->(19,19,7.6)->(18,19,8.1)->(17,19,8.6)->(16,19,9.1)->(15,19,9.6)->(14,19,10.1)->(13,19,10.6179)->(12,19,11.1858)->(11,19,11.8679)->(10,19,13.1858)->(9,19,15.8142)->(9,18,18.4426)->(9,17,19.7605)->(9,16,20.4426)->(9,15,21.0105)->(9,14,21.5284)->(9,13,22.0284)->(9,12,22.5284)->(9,11,23.0284)->(9,10,23.5284)->(9,9,24.0284)->(9,8,24.5284)->(9,7,25.0284)->(9,6,25.5284)->(9,5,26.0464)->(9,4,26.6142)->(9,3,27.2964)->(9,2,28.6142)->(9,1,5014.01)->
Agent 42:(30,9,5.51421)->(29,9,10.4426)->(28,9,11.7605)->(27,9,12.4426)->(26,9,13.0105)->(25,9,13.5284)->(24,9,14.0284)->(23,9,14.5284)->(22,9,15.0284)->(21,9,15.5284)->(20,9,16.0284)->(19,9,16.5284)->(18,9,17.0284)->(17,9,17.5284)->(16,9,18.0284)->(15,9,18.5284)->(14,9,19.0284)->(13,9,19.5284)->(12,9,20.0284)->(11,9,20.5284)->(10,9,21.0284)->(9,9,21.5284)->(8,9,22.0284)->(7,9,22.5464)->(6,9,23.1142)->(5,9,23.7964)->(4,9,25.1142)->(3,9,27.3284)->(3,8,29.5426)->(3,7,30.9569)->(3,6,32.3711)->(3,5,5015.89)->
Agent 43:(6,14,2.8)->(6,13,5.01421)->(6,12,6.33205)->(6,11,7.01421)->(6,10,7.58205)->(6,9,8.1)->(6,8,8.61795)->(6,7,9.18579)->(6,6,9.86795)->(6,5,11.1858)->(6,4,15.0224)->(7,4,18.8591)->(8,4,20.1769)->(9,4,20.8591)->(10,4,21.4269)->(11,4,21.9449)->(12,4,22.4449)->(13,4,22.9449)->(14,4,23.4449)->(15,4,23.9449)->(16,4,24.4449)->(17,4,24.9449)->(18,4,25.4449)->(19,4,25.9449)->(20,4,26.4449)->(21,4,26.9449)->(22,4,27.4449)->(23,4,27.9449)->(24,4,28.4449)->(25,4,28.9628)->(26,4,29.5307)->(27,4,30.2128)->(28,4,31.5307)->(29,4,5015.47)->
Agent 44:(21,14,1.8)->(22,14,3.01421)->(23,14,4.42843)->(24,14,5.84264)->(25,14,8.05685)->(25,15,10.2711)->(25,16,11.5889)->(25,17,12.2711)->(25,18,12.8389)->(25,19,13.3569)->(25,20,13.8748)->(25,21,14.4426)->(25,22,15.1248)->(25,23,16.4426)->(25,24,20.8284)->(24,24,25.2495)->(23,24,27.2495)->(22,24,5013.35)->
Agent 45:(19,12,3.07693)->(19,13,5.56808)->(19,14,6.90193)->(19,15,7.73036)->(19,16,9.06421)->(19,17,11.6926)->(20,17,17.9667)->(20,18,23.2691)->(20,19,24.5869)->(20,20,25.2691)->(20,21,25.8369)->(20,22,26.3549)->(20,23,26.8549)->(20,24,27.3728)->(20,25,27.9407)->(20,26,28.6228)->(20,27,29.9407)->(20,28,32.5691)->(19,28,5016.48)->
Agent 46:(8,2,1.3)->(8,3,2.01421)->(8,4,3.33205)->(8,5,4.0641)->(8,6,4.79615)->(8,7,6.11399)->(8,8,8.3282)->(7,8,10.5424)->(6,8,11.8763)->(5,8,12.7047)->(4,8,14.0385)->(3,8,16.2528)->(3,9,18.467)->(3,10,19.7848)->(3,11,20.467)->(3,12,21.0528)->(3,13,21.6385)->(3,14,22.3207)->(3,15,23.6385)->(3,16,27.1671)->(2,16,32.0814)->(2,17,5016.44)->
Agent 47:(22,0,6.84949)->(22,1,13.1132)->(22,2,14.431)->(22,3,15.1132)->(22,4,15.681)->(22,5,16.199)->(22,6,16.699)->(22,7,17.199)->(22,8,17.699)->(22,9,18.199)->(22,10,18.699)->(22,11,19.199)->(22,12,19.699)->(22,13,20.199)->(22,14,20.699)->(22,15,21.199)->(22,16,21.699)->(22,17,22.199)->(22,18,22.699)->(22,19,23.199)->(22,20,23.699)->(22,21,24.199)->(22,22,24.7169)->(22,23,25.2848)->(22,24,25.9669)->(22,25,27.2848)->(22,26,29.9132)->(23,26,5015.15)->
Agent 48:(21,3,2.84989)->(20,3,5.11399)->(19,3,6.43183)->(18,3,7.11399)->(17,3,7.68183)->(16,3,8.19978)->(15,3,8.69978)->(14,3,9.19978)->(13,3,9.69978)->(12,3,10.1998)->(11,3,10.6998)->(10,3,11.1998)->(9,3,11.6998)->(8,3,12.1998)->(7,3,12.7177)->(6,3,13.2856)->(5,3,13.9677)->(4,3,15.2856)->(3,3,17.4998)->(3,4,19.714)->(3,5,21.0318)->(3,6,21.714)->(3,7,22.2998)->(3,8,22.8856)->(3,9,23.5677)->(3,10,24.8856)->(3,11,27.514)->(4,11,31.114)->(4,12,33.7424)->(4,13,35.0763)->(4,14,35.9047)->(4,15,37.2385)->(4,16,5018.33)->
Agent 49:(22,30,2.61421)->(22,29,5.61421)->(21,29,8.24264)->(20,29,9.56048)->(19,29,10.2426)->(18,29,10.8105)->(17,29,11.3464)->(16,29,11.9142)->(15,29,12.5964)->(14,29,13.9142)->(13,29,18.5879)->(13,28,23.2616)->(13,27,24.5795)->(13,26,25.2616)->(13,25,25.8295)->(13,24,26.3474)->(13,23,26.8474)->(13,22,27.3474)->(13,21,27.8474)->(13,20,28.3474)->(13,19,28.8474)->(13,18,29.3474)->(13,17,29.8474)->(13,16,30.3474)->(13,15,30.8474)->(13,14,31.3654)->(13,13,31.9332)->(13,12,32.6154)->(13,11,33.9332)->(13,10,36.5616)->(12,10,5018.47)->
Agent 50:(5,4,1.8)->(6,4,3.6)->(7,4,10.5224)->(7,5,16.8591)->(7,6,18.1769)->(7,7,18.8687)->(7,8,19.5044)->(7,9,20.1962)->(7,10,21.514)->(7,11,5010.46)->
Agent 51:(21,12,2.2)->(21,11,3.81421)->(21,10,5.13205)->(21,9,5.81421)->(21,8,6.38205)->(21,7,6.9)->(21,6,7.4)->(21,5,7.91795)->(21,4,8.48579)->(21,3,9.16795)->(21,2,10.4858)->(21,1,12.7)->(20,1,14.9142)->(19,1,16.2321)->(18,1,16.9142)->(17,1,17.4821)->(16,1,18)->(15,1,18.5)->(14,1,19)->(13,1,19.5)->(12,1,20)->(11,1,20.5179)->(10,1,21.0858)->(9,1,21.7679)->(8,1,23.0858)->(7,1,25.7142)->(7,0,5013.05)->
Agent 52:(1,4,1.3)->(1,5,2.01421)->(1,6,3.33205)->(1,7,4.01421)->(1,8,4.58205)->(1,9,5.1)->(1,10,5.61795)->(1,11,6.18579)->(1,12,6.86795)->(1,13,8.18579)->(1,14,15.9737)->(2,14,23.7616)->(3,14,25.0795)->(4,14,25.7616)->(5,14,26.3295)->(6,14,26.8474)->(7,14,27.3474)->(8,14,27.8474)->(9,14,28.3474)->(10,14,28.8474)->(11,14,29.3474)->(12,14,29.8474)->(13,14,30.3474)->(14,14,30.8474)->(15,14,31.3474)->(16,14,31.8474)->(17,14,32.3474)->(18,14,32.8474)->(19,14,33.3474)->(20,14,33.8474)->(21,14,34.3474)->(22,14,34.8474)->(23,14,35.3474)->(24,14,35.8474)->(25,14,36.3654)->(26,14,36.9332)->(27,14,37.6154)->(28,14,38.9332)->(29,14,5019.17)->
Agent 53:(24,0,6.89989)->(24,1,13.214)->(24,2,14.5318)->(24,3,15.214)->(24,4,15.7818)->(24,5,16.2998)->(24,6,16.7998)->(24,7,17.2998)->(24,8,17.7998)->(24,9,18.2998)->(24,10,18.7998)->(24,11,19.2998)->(24,12,19.7998)->(24,13,20.3177)->(24,14,20.8856)->(24,15,21.5677)->(24,16,22.8856)->(24,17,25.0998)->(23,17,27.314)->(22,17,28.6318)->(21,17,29.3236)->(20,17,29.9593)->(19,17,30.651)->(18,17,31.9689)->(17,17,5015.69)->
Agent 54:(10,13,1.3)->(10,14,2.01421)->(10,15,3.33205)->(10,16,4.01421)->(10,17,4.58205)->(10,18,5.1)->(10,19,5.6)->(10,20,6.1)->(10,21,6.6)->(10,22,7.1)->(10,23,7.61795)->(10,24,8.18579)->(10,25,8.86795)->(10,26,10.1858)->(10,27,12.4)->(11,27,15.2)->(12,27,18.4142)->(12,28,5009.4)->
Agent 55:(7,4,1.3)->(7,5,2.01421)->(7,6,3.33205)->(7,7,4.01421)->(7,8,4.58205)->(7,9,5.1)->(7,10,5.6)->(7,11,6.1)->(7,12,6.6)->(7,13,7.11795)->(7,14,7.68579)->(7,15,8.36795)->(7,16,9.68579)->(7,17,11.9)->(8,17,14.1142)->(9,17,15.5284)->(10,17,16.9426)->(11,17,19.1569)->(11,18,21.3711)->(11,19,22.6889)->(11,20,23.3711)->(11,21,23.9389)->(11,22,24.4569)->(11,23,24.9748)->(11,24,25.5426)->(11,25,26.2248)->(11,26,27.5426)->(11,27,30.1711)->(12,27,5015.28)->
Agent 56:(24,23,2.8)->(24,22,5.01421)->(24,21,6.33205)->(24,20,7.01421)->(24,19,7.6)->(24,18,8.18579)->(24,17,8.86795)->(24,16,10.1858)->(24,15,12.4)->(23,15,14.6142)->(22,15,15.9321)->(21,15,16.6142)->(20,15,17.1821)->(19,15,17.7)->(18,15,18.2)->(17,15,18.7)->(16,15,19.2)->(15,15,19.7)->(14,15,20.2)->(13,15,20.7)->(12,15,21.2)->(11,15,21.7179)->(10,15,22.2858)->(9,15,22.9679)->(8,15,24.2858)->(7,15,26.9142)->(7,16,5013.65)->
Agent 57:(11,27,2.2)->(11,26,3.81421)->(11,25,5.13205)->(11,24,5.81421)->(11,23,6.38205)->(11,22,6.9)->(11,21,7.4)->(11,20,7.9)->(11,19,8.4)->(11,18,8.9)->(11,17,9.4)->(11,16,9.9)->(11,15,10.4179)->(11,14,10.9858)->(11,13,11.6679)->(11,12,12.9858)->(11,11,15.2)->(10,11,17.4142)->(9,11,18.7321)->(8,11,19.4641)->(7,11,20.1962)->(6,11,21.514)->(5,11,23.7282)->(5,10,25.9424)->(5,9,27.2603)->(5,8,27.9424)->(5,7,28.5103)->(5,6,29.0462)->(5,5,29.614)->(5,4,30.2962)->(5,3,31.614)->(5,2,5015.51)->
Agent 58:(1,16,1.3)->(1,17,2.01421)->(1,18,3.33205)->(1,19,4.0641)->(1,20,4.79615)->(1,21,6.11399)->(1,22,8.3282)->(2,22,10.5424)->(3,22,11.8603)->(4,22,12.5424)->(5,22,13.1103)->(6,22,13.6282)->(7,22,14.1282)->(8,22,14.6282)->(9,22,15.1282)->(10,22,15.6282)->(11,22,16.1282)->(12,22,16.6282)->(13,22,17.1282)->(14,22,17.6282)->(15,22,18.1282)->(16,22,18.6282)->(17,22,19.1282)->(18,22,19.6282)->(19,22,20.1282)->(20,22,20.6282)->(21,22,21.1282)->(22,22,21.6282)->(23,22,22.1282)->(24,22,22.6462)->(25,22,23.214)->(26,22,23.8962)->(27,22,25.214)->(28,22,27.4282)->(28,23,29.6777)->(28,24,31.6777)->(28,25,34.3414)->(29,25,5017.36)->
Agent 59:(28,31,8.84949)->(28,30,17.1132)->(28,29,18.431)->(28,28,19.1132)->(28,27,19.681)->(28,26,20.199)->(28,25,20.699)->(28,24,21.199)->(28,23,21.699)->(28,22,22.199)->(28,21,22.699)->(28,20,23.199)->(28,19,23.699)->(28,18,24.199)->(28,17,24.699)->(28,16,25.199)->(28,15,25.699)->(28,14,26.199)->(28,13,26.699)->(28,12,27.199)->(28,11,27.699)->(28,10,28.2169)->(28,9,28.7848)->(28,8,29.4669)->(28,7,30.7848)->(28,6,33.4132)->(29,6,5016.9)->
Agent 60:(18,6,1.3)->(18,7,2.01421)->(18,8,3.33205)->(18,9,4.02382)->(18,10,4.65949)->(18,11,5.35126)->(18,12,6.6691)->(18,13,9.29753)->(19,13,17.1296)->(18,13,23.9901)->(17,13,25.3079)->(16,13,25.9901)->(15,13,26.5579)->(14,13,27.0758)->(13,13,27.5938)->(12,13,28.1616)->(11,13,28.8438)->(10,13,30.1616)->(9,13,5014.79)->
Agent 61:(14,4,1.3)->(14,5,2.01421)->(14,6,3.33205)->(14,7,4.01421)->(14,8,4.58205)->(14,9,5.1)->(14,10,5.61795)->(14,11,6.18579)->(14,12,6.86795)->(14,13,8.18579)->(14,14,10.4)->(13,14,12.6142)->(12,14,14.0284)->(11,14,15.4426)->(10,14,21.4269)->(10,15,27.4112)->(10,16,28.7291)->(10,17,29.4112)->(10,18,29.9791)->(10,19,30.497)->(10,20,30.997)->(10,21,31.497)->(10,22,31.997)->(10,23,32.497)->(10,24,32.997)->(10,25,33.497)->(10,26,34.015)->(10,27,34.5828)->(10,28,35.265)->(10,29,36.5828)->(10,30,38.797)->(11,30,41.0112)->(12,30,42.3451)->(13,30,43.1735)->(14,30,44.5074)->(15,30,5021.96)->
Agent 62:(31,10,1.8)->(30,10,3.01421)->(29,10,4.33205)->(28,10,5.01421)->(27,10,5.58205)->(26,10,6.1)->(25,10,6.6)->(24,10,7.1)->(23,10,7.6)->(22,10,8.1)->(21,10,8.6)->(20,10,9.1)->(19,10,9.6)->(18,10,10.1)->(17,10,10.6)->(16,10,11.1)->(15,10,11.6)->(14,10,12.1)->(13,10,12.6)->(12,10,13.1)->(11,10,13.6)->(10,10,14.1179)->(9,10,14.6858)->(8,10,15.3679)->(7,10,16.6858)->(6,10,18.9)->(6,9,21.1142)->(6,8,22.4321)->(6,7,23.1641)->(6,6,23.8962)->(6,5,25.214)->(6,4,5012.31)->
Agent 63:(13,30,1.8)->(14,30,3.01421)->(15,30,4.33205)->(16,30,5.01421)->(17,30,5.58205)->(18,30,6.1)->(19,30,6.6)->(20,30,7.11795)->(21,30,7.68579)->(22,30,8.36795)->(23,30,9.68579)->(24,30,15.15)->(24,31,5009.19)->
Agent 64:(13,11,1.8)->(12,11,3.04949)->(11,11,5.04949)->(10,11,7.29898)->(10,10,9.51319)->(10,9,10.847)->(10,8,11.6755)->(10,7,13.0093)->(10,6,15.6377)->(11,6,19.652)->(11,5,5010.23)->
Agent 65:(31,4,7.87371)->(31,5,15.1616)->(31,6,16.4795)->(31,7,17.1616)->(31,8,17.7295)->(31,9,18.2474)->(31,10,18.7474)->(31,11,19.2474)->(31,12,19.7474)->(31,13,20.2474)->(31,14,20.7474)->(31,15,21.2474)->(31,16,21.7474)->(31,17,22.2474)->(31,18,22.7474)->(31,19,23.2474)->(31,20,23.7474)->(31,21,24.2474)->(31,22,24.7474)->(31,23,25.2654)->(31,24,25.8332)->(31,25,26.5154)->(31,26,27.8332)->(31,27,30.0474)->(30,27,32.2616)->(29,27,33.5795)->(28,27,34.2616)->(27,27,34.8295)->(26,27,35.3474)->(25,27,35.8474)->(24,27,36.3654)->(23,27,36.9332)->(22,27,37.6154)->(21,27,38.9332)->(20,27,5019.17)->
Agent 66:(3,13,1.3)->(3,14,2.01421)->(3,15,3.33205)->(3,16,4.0641)->(3,17,4.79615)->(3,18,6.11399)->(3,19,16.8708)->(4,19,27.6277)->(5,19,28.9455)->(6,19,29.6277)->(7,19,30.1955)->(8,19,30.7135)->(9,19,31.2135)->(10,19,31.7135)->(11,19,32.2135)->(12,19,32.7135)->(13,19,33.2135)->(14,19,33.7135)->(15,19,34.2314)->(16,19,34.7993)->(17,19,35.4814)->(18,19,36.7993)->(19,19,5018.11)->
Agent 67:(24,21,2.72157)->(25,21,4.85736)->(26,21,6.1752)->(27,21,6.90725)->(28,21,7.6393)->(29,21,8.95714)->(30,21,11.7236)->(30,20,14.4901)->(30,19,15.8079)->(30,18,16.4901)->(30,17,17.0579)->(30,16,17.5758)->(30,15,18.0758)->(30,14,18.5758)->(30,13,19.0758)->(30,12,19.5758)->(30,11,20.0938)->(30,10,20.6616)->(30,9,21.3438)->(30,8,22.6616)->(30,7,5011.04)->
Agent 68:(31,16,1.8)->(30,16,3.01421)->(29,16,4.42843)->(28,16,5.84264)->(27,16,8.05685)->(27,17,10.2711)->(27,18,11.6853)->(27,19,13.0995)->(27,20,15.3137)->(26,20,17.5279)->(25,20,18.8458)->(24,20,19.5279)->(23,20,20.0958)->(22,20,20.6137)->(21,20,21.1137)->(20,20,21.6317)->(19,20,22.1995)->(18,20,22.8817)->(17,20,24.1995)->(16,20,5011.81)->
Agent 69:(26,21,1.3)->(26,22,2.6)->(26,23,5.81421)->(25,23,8.44264)->(24,23,9.76048)->(23,23,10.4426)->(22,23,11.0105)->(21,23,11.5284)->(20,23,12.0284)->(19,23,12.5284)->(18,23,13.0284)->(17,23,13.5284)->(16,23,14.0284)->(15,23,14.5284)->(14,23,15.0284)->(13,23,15.5284)->(12,23,16.0464)->(11,23,16.6142)->(10,23,17.2964)->(9,23,18.6142)->(8,23,21.2426)->(8,24,5010.81)->
Agent 70:(13,29,1.8)->(14,29,3.6)->(15,29,6.4)->(15,28,8.61421)->(15,27,9.94806)->(15,26,10.7765)->(15,25,12.1103)->(15,24,14.3246)->(16,24,17.1246)->(17,24,20.5765)->(17,25,5010.6)->
Agent 71:(11,7,6.60051)->(11,8,12.6505)->(11,9,14.6505)->(11,10,5007.05)->
Agent 72:(5,14,1.3)->(5,15,2.01421)->(5,16,3.34806)->(5,17,4.17649)->(5,18,5.51034)->(5,19,7.72456)->(6,19,9.97405)->(7,19,11.974)->(8,19,20.8185)->(8,20,5013.69)->
Agent 73:(8,13,1.3)->(8,14,2.01421)->(8,15,3.33205)->(8,16,4.01421)->(8,17,4.58205)->(8,18,5.1)->(8,19,5.6)->(8,20,6.1)->(8,21,6.6)->(8,22,7.11795)->(8,23,7.68579)->(8,24,8.36795)->(8,25,9.68579)->(8,26,14.3142)->(7,26,5008.35)->
Agent 74:(17,1,1.8)->(17,2,3.01421)->(17,3,4.33205)->(17,4,5.01421)->(17,5,5.58205)->(17,6,6.1)->(17,7,6.6)->(17,8,7.1)->(17,9,7.6)->(17,10,8.1)->(17,11,8.6)->(17,12,9.1)->(17,13,9.6)->(17,14,10.1)->(17,15,10.6)->(17,16,11.1)->(17,17,11.6)->(17,18,12.1)->(17,19,12.6)->(17,20,13.1)->(17,21,13.6)->(17,22,14.1)->(17,23,14.6179)->(17,24,15.1858)->(17,25,15.8679)->(17,26,17.1858)->(17,27,19.8142)->(18,27,5010.1)->
Agent 75:(14,28,2.2)->(14,27,3.81421)->(14,26,5.13205)->(14,25,5.81421)->(14,24,6.4)->(14,23,6.98579)->(14,22,7.66795)->(14,21,8.98579)->(14,20,11.2)->(13,20,13.4142)->(12,20,14.7321)->(11,20,15.4142)->(10,20,15.9821)->(9,20,16.5)->(8,20,17.0179)->(7,20,17.5858)->(6,20,18.2679)->(5,20,19.5858)->(4,20,22.6142)->(5,20,26.6142)->(5,21,29.2426)->(5,22,30.5605)->(5,23,31.2426)->(5,24,31.8105)->(5,25,32.3464)->(5,26,32.9142)->(5,27,33.5964)->(5,28,34.9142)->(5,29,5017.16)->
Agent 76:(9,27,2.52843)->(10,27,4.47107)->(11,27,5.78891)->(12,27,6.47107)->(13,27,7.03891)->(14,27,7.55685)->(15,27,8.05685)->(16,27,8.55685)->(17,27,9.05685)->(18,27,9.55685)->(19,27,10.0569)->(20,27,10.5569)->(21,27,11.0569)->(22,27,11.5569)->(23,27,12.0569)->(24,27,12.5569)->(25,27,13.0748)->(26,27,13.6426)->(27,27,14.3248)->(28,27,15.6426)->(29,27,17.8569)->(29,26,20.0711)->(29,25,21.4049)->(29,24,22.2333)->(29,23,23.5672)->(29,22,5011.49)->
Agent 77:(23,13,1.86012)->(22,13,3.16972)->(21,13,5.16972)->(20,13,7.41921)->(20,14,9.6687)->(20,15,11.6687)->(20,16,15.8233)->(20,15,5008.85)->
Agent 78:(20,10,1.3)->(20,11,2.01421)->(20,12,3.33205)->(20,13,4.02382)->(20,14,4.65949)->(20,15,5.35126)->(20,16,6.6691)->(20,17,8.88331)->(21,17,11.0975)->(22,17,12.4314)->(23,17,13.2598)->(24,17,14.5937)->(25,17,17.2221)->(25,18,5008.8)->
Agent 79:(9,15,1.3)->(9,16,2.01421)->(9,17,3.33205)->(9,18,4.01421)->(9,19,4.58205)->(9,20,5.11795)->(9,21,5.68579)->(9,22,6.36795)->(9,23,7.68579)->(9,24,9.9)->(10,24,12.1142)->(11,24,13.4481)->(12,24,14.2765)->(13,24,15.6103)->(14,24,20.5265)->(14,25,5011.6)->
Agent 80:(25,31,2.61421)->(25,30,9.99949)->(26,30,17.9848)->(26,29,20.6132)->(26,28,21.931)->(26,27,22.6132)->(26,26,23.181)->(26,25,23.699)->(26,24,24.199)->(26,23,24.699)->(26,22,25.199)->(26,21,25.699)->(26,20,26.199)->(26,19,26.699)->(26,18,27.199)->(26,17,27.699)->(26,16,28.199)->(26,15,28.699)->(26,14,29.199)->(26,13,29.699)->(26,12,30.199)->(26,11,30.7169)->(26,10,31.2848)->(26,9,31.9669)->(26,8,33.2848)->(26,7,35.499)->(27,7,37.7485)->(28,7,39.7485)->(29,7,5019.6)->
Agent 81:(27,15,1.38579)->(27,16,2.18579)->(27,17,3.50362)->(27,18,4.18579)->(27,19,4.75362)->(27,20,5.27157)->(27,21,5.77157)->(27,22,6.27157)->(27,23,6.77157)->(27,24,7.27157)->(27,25,7.77157)->(27,26,8.27157)->(27,27,8.78952)->(27,28,9.35736)->(27,29,10.0395)->(27,30,11.3574)->(27,31,13.5716)->(26,31,15.7858)->(25,31,17.1036)->(24,31,17.7858)->(23,31,18.3536)->(22,31,18.8716)->(21,31,19.3716)->(20,31,19.8716)->(19,31,20.3716)->(18,31,20.8716)->(17,31,21.3716)->(16,31,21.8716)->(15,31,22.3716)->(14,31,22.8716)->(13,31,23.3716)->(12,31,23.8716)->(11,31,24.3716)->(10,31,24.8716)->(9,31,25.3716)->(8,31,25.8716)->(7,31,26.3895)->(6,31,26.9574)->(5,31,27.6395)->(4,31,28.9574)->(3,31,5014.19)->
Agent 82:(23,4,1.3)->(23,5,2.01421)->(23,6,3.33205)->(23,7,4.01421)->(23,8,4.58205)->(23,9,5.1)->(23,10,5.6)->(23,11,6.1)->(23,12,6.61795)->(23,13,7.18579)->(23,14,7.86795)->(23,15,9.18579)->(23,16,14.15)->(22,16,19.1142)->(21,16,20.4321)->(20,16,21.1238)->(19,16,21.7595)->(18,16,22.4513)->(17,16,23.7691)->(16,16,5011.59)->
Agent 83:(21,26,4.00587)->(21,25,7.42596)->(21,24,8.74379)->(21,23,9.42596)->(21,22,9.99379)->(21,21,10.5297)->(21,20,11.0975)->(21,19,11.7797)->(21,18,13.0975)->(21,17,16.3559)->(22,17,19.6142)->(23,17,20.9321)->(24,17,21.6641)->(25,17,22.3962)->(26,17,23.714)->(27,17,5011.56)->
Agent 84:(31,18,1.8)->(30,18,3.01421)->(29,18,4.33205)->(28,18,5.01421)->(27,18,5.58205)->(26,18,6.1)->(25,18,6.6)->(24,18,7.1)->(23,18,7.6)->(22,18,8.1)->(21,18,8.6)->(20,18,9.1)->(19,18,9.61795)->(18,18,10.1858)->(17,18,10.8679)->(16,18,12.1858)->(15,18,14.4)->(15,19,16.6495)->(15,20,18.6495)->(15,21,5009.05)->
Agent 85:(3,6,2.61421)->(3,5,7.08579)->(4,5,11.1858)->(5,5,12.5036)->(6,5,13.1954)->(7,5,13.8311)->(8,5,14.5228)->(9,5,15.8407)->(10,5,5007.63)->
Agent 86:(18,28,3.13579)->(18,27,5.68579)->(18,26,7.00362)->(18,25,7.68579)->(18,24,8.25362)->(18,23,8.77157)->(18,22,9.27157)->(18,21,9.77157)->(18,20,10.2716)->(18,19,10.7716)->(18,18,11.2716)->(18,17,11.7716)->(18,16,12.2716)->(18,15,12.7716)->(18,14,13.2716)->(18,13,13.7716)->(18,12,14.2716)->(18,11,14.7716)->(18,10,15.2895)->(18,9,15.8574)->(18,8,16.5395)->(18,7,17.8574)->(18,6,20.0716)->(17,6,22.2858)->(16,6,23.6036)->(15,6,24.2858)->(14,6,24.8716)->(13,6,25.4574)->(12,6,26.1395)->(11,6,27.4574)->(10,6,29.6716)->(10,7,32.4716)->(10,8,5016.24)->
Agent 87:(26,10,1.55)->(26,11,2.51421)->(26,12,3.83205)->(26,13,4.51421)->(26,14,5.08205)->(26,15,5.6)->(26,16,6.1)->(26,17,6.6)->(26,18,7.1)->(26,19,7.6)->(26,20,8.1)->(26,21,8.61795)->(26,22,9.18579)->(26,23,9.86795)->(26,24,11.1858)->(26,25,13.4)->(25,25,15.6142)->(24,25,16.9321)->(23,25,17.6142)->(22,25,18.1821)->(21,25,18.7)->(20,25,19.2)->(19,25,19.7)->(18,25,20.2)->(17,25,20.7)->(16,25,21.2179)->(15,25,21.7858)->(14,25,22.4679)->(13,25,23.7858)->(12,25,26.4142)->(12,26,5013.4)->
Agent 88:(16,30,2.2)->(16,29,3.81421)->(16,28,5.22843)->(16,27,6.64264)->(16,26,9.37843)->(17,26,12.1142)->(18,26,13.4321)->(19,26,14.1142)->(20,26,14.6821)->(21,26,15.2)->(22,26,15.7)->(23,26,16.2179)->(24,26,16.7858)->(25,26,17.4679)->(26,26,18.7858)->(27,26,5009.1)->
Agent 89:(27,18,1.8)->(26,18,3.01421)->(25,18,4.33205)->(24,18,5.01421)->(23,18,5.58205)->(22,18,6.1)->(21,18,6.6)->(20,18,7.1)->(19,18,7.6)->(18,18,8.1)->(17,18,8.6)->(16,18,9.1)->(15,18,9.6)->(14,18,10.1)->(13,18,10.6)->(12,18,11.1)->(11,18,11.6)->(10,18,12.1)->(9,18,12.6)->(8,18,13.1)->(7,18,13.6179)->(6,18,14.1858)->(5,18,14.8679)->(4,18,16.1858)->(3,18,18.8142)->(3,17,5009.6)->
Agent 90:(23,29,6.85)->(23,28,13.1142)->(23,27,14.4321)->(23,26,15.1142)->(23,25,15.6821)->(23,24,16.2)->(23,23,16.7)->(23,22,17.2)->(23,21,17.7)->(23,20,18.2)->(23,19,18.7)->(23,18,19.2)->(23,17,19.7)->(23,16,20.2179)->(23,15,20.7858)->(23,14,21.4679)->(23,13,22.7858)->(23,12,25)->(22,12,27.2495)->(21,12,29.2495)->(20,12,5014.35)->
Agent 91:(20,30,2.2)->(20,29,3.81421)->(20,28,5.13205)->(20,27,5.8641)->(20,26,6.59615)->(20,25,7.91399)->(20,24,10.5424)->(19,24,15.7782)->(19,23,20.6282)->(19,22,23.4282)->(18,22,25.6424)->(17,22,27.0566)->(16,22,28.4708)->(15,22,5013.94)->
Agent 92:(19,23,1.3)->(19,24,2.01421)->(19,25,3.34806)->(19,26,4.17649)->(19,27,5.51034)->(19,28,7.72456)->(18,28,9.93877)->(17,28,11.2566)->(16,28,11.9388)->(15,28,12.5066)->(14,28,13.0246)->(13,28,13.5246)->(12,28,14.0246)->(11,28,14.5246)->(10,28,15.0246)->(9,28,15.5246)->(8,28,16.0246)->(7,28,16.5246)->(6,28,17.0246)->(5,28,17.5425)->(4,28,18.1103)->(3,28,18.7925)->(2,28,20.1103)->(1,28,22.7388)->(1,29,5011.56)->
Agent 93:(31,6,1.3)->(31,7,2.01421)->(31,8,3.33205)->(31,9,4.02382)->(31,10,4.65949)->(31,11,5.35126)->(31,12,6.6691)->(31,13,8.88331)->(30,13,11.0975)->(29,13,12.4154)->(28,13,13.0975)->(27,13,13.6654)->(26,13,14.1833)->(25,13,14.6833)->(24,13,15.2013)->(23,13,15.7691)->(22,13,16.4513)->(21,13,17.7691)->(20,13,5008.59)->
Agent 94:(13,14,1.3)->(13,15,2.01421)->(13,16,3.33205)->(13,17,4.01421)->(13,18,4.58205)->(13,19,5.1)->(13,20,5.6)->(13,21,6.1)->(13,22,6.6)->(13,23,7.1)->(13,24,7.6)->(13,25,8.1)->(13,26,8.61795)->(13,27,9.18579)->(13,28,9.86795)->(13,29,11.1858)->(13,30,13.4)->(14,30,16.2)->(15,30,19)->(15,29,21.2495)->(15,28,23.2495)->(15,27,5011.35)->
Agent 95:(3,11,2.8)->(3,12,5.01421)->(3,13,6.34806)->(3,14,7.17649)->(3,15,8.51034)->(3,16,12.1407)->(4,16,15.7711)->(5,16,17.0889)->(6,16,17.7711)->(7,16,18.3389)->(8,16,18.8569)->(9,16,19.3569)->(10,16,19.8569)->(11,16,20.3748)->(12,16,20.9426)->(13,16,21.6248)->(14,16,22.9426)->(15,16,5011.18)->
Agent 96:(31,19,4.57371)->(31,18,8.56163)->(31,17,9.87947)->(31,16,10.5616)->(31,15,11.1474)->(31,14,11.7332)->(31,13,12.4154)->(31,12,13.7332)->(31,11,15.9474)->(30,11,18.1616)->(29,11,19.4795)->(28,11,20.1616)->(27,11,20.7295)->(26,11,21.2474)->(25,11,21.7654)->(24,11,22.3332)->(23,11,23.0154)->(22,11,24.3332)->(21,11,5011.87)->
Agent 97:(8,22,1.8)->(7,22,3.01421)->(6,22,4.42843)->(5,22,5.84264)->(4,22,8.05685)->(4,21,10.2711)->(4,20,11.5889)->(4,19,12.2711)->(4,18,12.8389)->(4,17,13.3569)->(4,16,13.8569)->(4,15,14.3569)->(4,14,14.8569)->(4,13,15.3569)->(4,12,15.8569)->(4,11,16.3569)->(4,10,16.8569)->(4,9,17.3748)->(4,8,17.9426)->(4,7,18.6248)->(4,6,19.9426)->(4,5,5009.68)->
Agent 98:(7,8,1.8)->(6,8,3.6)->(5,8,7.35)->(5,9,10.5142)->(5,10,11.8321)->(5,11,12.5142)->(5,12,13.0821)->(5,13,13.6)->(5,14,14.1)->(5,15,14.6)->(5,16,15.1)->(5,17,15.6)->(5,18,16.1)->(5,19,16.6179)->(5,20,17.1858)->(5,21,17.8679)->(5,22,19.1858)->(5,23,21.4)->(4,23,24.2)->(3,23,5012.1)->
Agent 99:(20,22,3.97157)->(20,21,7.35736)->(20,20,8.77157)->(20,19,10.1858)->(20,18,12.4)->(19,18,14.6142)->(18,18,16.0284)->(17,18,17.4426)->(16,18,5008.43)->
