Agent 0:(19,8,2.2)->(19,7,3.81421)->(19,6,5.22843)->(19,5,6.64264)->(19,4,8.85685)->(18,4,11.0711)->(17,4,12.4049)->(16,4,13.2333)->(15,4,14.5672)->(14,4,16.7814)->(14,5,18.9956)->(14,6,20.3135)->(14,7,20.9956)->(14,8,21.5814)->(14,9,22.1672)->(14,10,22.8494)->(14,11,24.1672)->(14,12,26.3814)->(13,12,29.1814)->(12,12,37.5437)->(13,12,45.906)->(14,12,5022.95)->
Agent 1:(24,2,1.8)->(23,2,3.01421)->(22,2,4.33205)->(21,2,5.01421)->(20,2,5.58205)->(19,2,6.1)->(18,2,6.61795)->(17,2,7.18579)->(16,2,7.86795)->(15,2,9.18579)->(14,2,12.8701)->(14,3,5007.16)->
Agent 2:(16,20,1.3)->(16,21,2.01421)->(16,22,3.33205)->(16,23,4.0641)->(16,24,4.79615)->(16,25,6.11399)->(16,26,8.3282)->(17,26,11.1282)->(18,26,25.068)->(17,26,39.0079)->(16,26,5019.5)->
Agent 3:(8,3,1.8)->(7,3,3.01421)->(6,3,4.42843)->(5,3,5.84264)->(4,3,8.05685)->(4,4,10.2711)->(4,5,11.5889)->(4,6,12.2711)->(4,7,12.8389)->(4,8,13.3569)->(4,9,13.8569)->(4,10,14.3748)->(4,11,14.9426)->(4,12,15.6248)->(4,13,16.9426)->(4,14,19.1569)->(5,14,21.3711)->(6,14,22.7049)->(7,14,23.5333)->(8,14,24.8672)->(9,14,27.0814)->(9,15,29.8814)->(9,16,32.6814)->(10,16,34.8956)->(11,16,36.2295)->(12,16,37.0579)->(13,16,38.3918)->(14,16,40.606)->(14,15,42.8202)->(14,14,44.138)->(14,13,44.8202)->(14,12,45.388)->(14,11,45.906)->(14,10,46.406)->(14,9,46.906)->(14,8,47.4239)->(14,7,47.9918)->(14,6,48.6739)->(14,5,49.9918)->(14,4,52.206)->(15,4,55.006)->(16,4,57.806)->(16,5,60.0202)->(16,6,61.338)->(16,7,62.0202)->(16,8,62.588)->(16,9,63.106)->(16,10,63.606)->(16,11,64.106)->(16,12,64.606)->(16,13,65.106)->(16,14,65.606)->(16,15,66.106)->(16,16,66.606)->(16,17,67.106)->(16,18,67.606)->(16,19,68.106)->(16,20,68.606)->(16,21,69.1239)->(16,22,69.6918)->(16,23,70.3739)->(16,24,71.6918)->(16,25,74.3202)->(17,25,77.9202)->(17,26,81.1344)->(17,27,83.9344)->(16,27,86.1486)->(15,27,87.4664)->(14,27,88.1985)->(13,27,88.9305)->(12,27,90.2484)->(11,27,5044.83)->
Agent 4:(25,9,1.8)->(26,9,3.6)->(27,9,6.4)->(27,8,9.2)->(27,7,22.1654)->(27,8,35.1307)->(27,9,5017.57)->
Agent 5:(23,9,2.2)->(23,8,3.81421)->(23,7,5.13205)->(23,6,5.82382)->(23,5,6.45949)->(23,4,7.15126)->(23,3,8.4691)->(23,2,10.6833)->(22,2,12.8975)->(21,2,14.2154)->(20,2,14.8975)->(19,2,15.4654)->(18,2,15.9833)->(17,2,16.5013)->(16,2,17.0691)->(15,2,17.7513)->(14,2,19.0691)->(13,2,5009.24)->
Agent 6:(29,15,2.2)->(29,14,3.81421)->(29,13,5.22843)->(29,12,6.64264)->(29,11,8.85685)->(28,11,11.0711)->(27,11,12.3889)->(26,11,13.0807)->(25,11,13.7163)->(24,11,14.4081)->(23,11,15.726)->(22,11,5007.57)->
Agent 7:(28,6,2.2)->(27,6,3.81421)->(26,6,5.13205)->(25,6,5.82382)->(24,6,6.45949)->(23,6,7.15126)->(22,6,8.4691)->(21,6,10.6833)->(21,5,13.4833)->(21,4,16.2833)->(20,4,18.4975)->(19,4,19.8314)->(18,4,20.6598)->(17,4,21.9937)->(16,4,24.2079)->(16,5,26.4221)->(16,6,27.7399)->(16,7,28.4221)->(16,8,28.9899)->(16,9,29.5079)->(16,10,30.0079)->(16,11,30.5079)->(16,12,31.0079)->(16,13,31.5079)->(16,14,32.0079)->(16,15,32.5079)->(16,16,33.0079)->(16,17,33.5079)->(16,18,34.0079)->(16,19,34.5079)->(16,20,35.0079)->(16,21,35.5079)->(16,22,36.0079)->(16,23,36.5079)->(16,24,37.0258)->(16,25,37.5937)->(16,26,38.2758)->(16,27,39.5937)->(16,28,41.8079)->(15,28,44.0574)->(14,28,46.0574)->(13,28,5022.75)->
Agent 8:(13,10,2.2)->(13,9,3.81421)->(13,8,5.13205)->(13,7,5.82382)->(13,6,6.45949)->(13,5,7.15126)->(13,4,8.4691)->(13,3,10.6833)->(14,3,12.8975)->(15,3,14.2154)->(16,3,14.8975)->(17,3,15.4654)->(18,3,15.9833)->(19,3,16.4833)->(20,3,17.0013)->(21,3,17.5691)->(22,3,18.2513)->(23,3,19.5691)->(24,3,21.7833)->(24,4,23.9975)->(24,5,25.3154)->(24,6,26.0474)->(24,7,26.7795)->(24,8,28.0973)->(24,9,30.3115)->(25,9,32.5257)->(26,9,33.8436)->(27,9,34.5353)->(28,9,35.171)->(29,9,35.8628)->(30,9,37.1806)->(31,9,39.3948)->(31,10,41.609)->(31,11,42.9269)->(31,12,43.609)->(31,13,44.1769)->(31,14,44.6948)->(31,15,45.1948)->(31,16,45.6948)->(31,17,46.1948)->(31,18,46.6948)->(31,19,47.1948)->(31,20,47.6948)->(31,21,48.1948)->(31,22,48.6948)->(31,23,49.1948)->(31,24,49.6948)->(31,25,50.2128)->(31,26,50.7806)->(31,27,51.4628)->(31,28,52.7806)->(31,29,54.9948)->(30,29,57.209)->(29,29,58.5429)->(28,29,59.3713)->(27,29,60.7052)->(26,29,62.9194)->(26,30,65.7194)->(26,31,68.5194)->(25,31,70.7336)->(24,31,72.1478)->(23,31,73.562)->(22,31,75.7762)->(22,30,78.5762)->(22,29,5039.29)->
Agent 9:(28,27,1.8)->(29,27,3.04949)->(30,27,5.04949)->(31,27,7.29898)->(31,26,9.51319)->(31,25,10.831)->(31,24,11.5132)->(31,23,12.081)->(31,22,12.599)->(31,21,13.099)->(31,20,13.599)->(31,19,14.099)->(31,18,14.599)->(31,17,15.099)->(31,16,15.599)->(31,15,16.099)->(31,14,16.599)->(31,13,17.099)->(31,12,17.599)->(31,11,18.099)->(31,10,18.6169)->(31,9,19.1848)->(31,8,19.8669)->(31,7,21.1848)->(31,6,23.399)->(30,6,25.6132)->(29,6,26.931)->(28,6,27.6132)->(27,6,28.181)->(26,6,28.699)->(25,6,29.2169)->(24,6,29.7848)->(23,6,30.4669)->(22,6,31.7848)->(21,6,33.999)->(21,5,36.799)->(21,4,39.599)->(20,4,41.8132)->(19,4,43.131)->(18,4,43.8132)->(17,4,44.381)->(16,4,44.899)->(15,4,45.4169)->(14,4,45.9848)->(13,4,46.6669)->(12,4,47.9848)->(11,4,50.199)->(11,5,52.4132)->(11,6,53.731)->(11,7,54.4132)->(11,8,54.981)->(11,9,55.499)->(11,10,55.999)->(11,11,56.499)->(11,12,57.0169)->(11,13,57.5848)->(11,14,58.2669)->(11,15,59.5848)->(11,16,61.799)->(10,16,64.0132)->(9,16,65.347)->(8,16,66.1755)->(7,16,67.5093)->(6,16,69.7235)->(6,15,71.9377)->(6,14,73.2716)->(6,13,74.1)->(6,12,75.4339)->(6,11,77.6481)->(5,11,79.8623)->(4,11,81.1962)->(3,11,82.0246)->(2,11,83.3584)->(1,11,85.5726)->(1,10,88.3726)->(1,9,5044.19)->
