Agent 0:(15,4,2.61421)->(15,3,5.61421)->(16,3,8.24264)->(17,3,9.56048)->(18,3,10.2426)->(19,3,10.8105)->(20,3,11.3464)->(21,3,11.9142)->(22,3,12.5964)->(23,3,13.9142)->(24,3,16.1284)->(24,4,18.3426)->(24,5,19.6765)->(24,6,20.5049)->(24,7,21.8388)->(24,8,24.4672)->(25,8,5012.43)->
Agent 1:(26,30,2.61421)->(26,29,5.61421)->(27,29,8.27792)->(28,29,10.2779)->(29,29,5004.86)->
Agent 2:(17,29,2.94626)->(17,28,5.30674)->(17,27,6.62458)->(17,26,7.30674)->(17,25,7.87458)->(17,24,8.39253)->(17,23,8.89253)->(17,22,9.39253)->(17,21,9.89253)->(17,20,10.3925)->(17,19,10.8925)->(17,18,11.3925)->(17,17,11.8925)->(17,16,12.3925)->(17,15,12.8925)->(17,14,13.3925)->(17,13,13.8925)->(17,12,14.3925)->(17,11,14.8925)->(17,10,15.3925)->(17,9,15.8925)->(17,8,16.4105)->(17,7,16.9783)->(17,6,17.6605)->(17,5,18.9783)->(17,4,21.1925)->(16,4,23.4067)->(15,4,24.7246)->(14,4,25.4566)->(13,4,26.1887)->(12,4,27.5065)->(11,4,30.1349)->(11,5,5015.26)->
Agent 3:(31,29,1.8)->(30,29,3.6)->(29,29,6.4)->(29,30,9.2)->(29,31,12)->(28,31,14.2142)->(27,31,15.5321)->(26,31,16.2142)->(25,31,16.8)->(24,31,17.3858)->(23,31,18.0679)->(22,31,19.3858)->(21,31,21.6)->(21,30,23.8495)->(21,29,25.8495)->(21,28,5012.65)->
Agent 4:(1,17,2.2)->(1,16,3.84949)->(1,15,5.84949)->(1,14,8.09898)->(2,14,10.3132)->(3,14,11.631)->(4,14,12.3132)->(5,14,12.899)->(6,14,13.4848)->(7,14,14.1669)->(8,14,15.4848)->(9,14,17.699)->(9,15,19.9485)->(9,16,21.9485)->(9,17,24.198)->(10,17,26.4122)->(11,17,27.746)->(12,17,28.5745)->(13,17,29.9083)->(14,17,32.523)->(14,16,35.1377)->(14,15,36.4556)->(14,14,37.1377)->(14,13,37.7056)->(14,12,38.2235)->(14,11,38.7235)->(14,10,39.2235)->(14,9,39.7235)->(14,8,40.2415)->(14,7,40.8093)->(14,6,41.4915)->(14,5,42.8093)->(14,4,45.0235)->(15,4,47.2377)->(16,4,48.5556)->(17,4,49.2377)->(18,4,49.8056)->(19,4,50.3235)->(20,4,50.8415)->(21,4,51.4093)->(22,4,52.0915)->(23,4,53.4093)->(24,4,55.6235)->(24,5,57.873)->(24,6,59.873)->(24,7,62.1225)->(25,7,64.3367)->(26,7,65.6546)->(27,7,66.3463)->(28,7,66.982)->(29,7,67.6738)->(30,7,68.9916)->(31,7,5034.2)->
Agent 5:(16,31,1.8)->(15,31,3.6)->(14,31,6.4)->(14,30,8.61421)->(14,29,9.94806)->(14,28,10.7765)->(14,27,12.1103)->(14,26,14.3246)->(15,26,17.1246)->(16,26,19.9246)->(16,25,22.1388)->(16,24,23.4566)->(16,23,24.1388)->(16,22,24.7066)->(16,21,25.2246)->(16,20,25.7246)->(16,19,26.2246)->(16,18,26.7246)->(16,17,27.2246)->(16,16,27.7246)->(16,15,28.2246)->(16,14,28.7246)->(16,13,29.2246)->(16,12,29.7246)->(16,11,30.2246)->(16,10,30.7246)->(16,9,31.2246)->(16,8,31.7425)->(16,7,32.3103)->(16,6,32.9925)->(16,5,34.3103)->(16,4,36.5246)->(15,4,38.774)->(14,4,40.774)->(13,4,43.0235)->(13,5,45.2377)->(13,6,46.5556)->(13,7,47.2377)->(13,8,47.8056)->(13,9,48.3235)->(13,10,48.8235)->(13,11,49.3235)->(13,12,49.8235)->(13,13,50.3235)->(13,14,50.8235)->(13,15,51.3415)->(13,16,51.9093)->(13,17,52.5915)->(13,18,53.9093)->(13,19,56.1235)->(12,19,58.3377)->(11,19,59.6556)->(10,19,60.3474)->(9,19,60.983)->(8,19,61.6748)->(7,19,62.9926)->(6,19,65.2068)->(6,20,68.0068)->(6,21,5034)->
Agent 6:(19,11,3.92256)->(19,10,7.25933)->(19,9,8.57716)->(19,8,9.26893)->(19,7,9.90461)->(19,6,10.5964)->(19,5,11.9142)->(19,4,14.1284)->(18,4,16.3426)->(17,4,17.6605)->(16,4,18.3522)->(15,4,18.9879)->(14,4,19.6797)->(13,4,20.9975)->(12,4,23.2117)->(12,5,25.426)->(12,6,26.7598)->(12,7,27.5882)->(12,8,28.9221)->(12,9,5014.17)->
Agent 7:(23,5,2.61421)->(23,4,5.61421)->(22,4,8.24264)->(21,4,9.56048)->(20,4,10.2426)->(19,4,10.8105)->(18,4,11.3284)->(17,4,11.8464)->(16,4,12.4142)->(15,4,13.0964)->(14,4,14.4142)->(13,4,16.6284)->(13,5,18.8426)->(13,6,20.1605)->(13,7,20.8426)->(13,8,21.4105)->(13,9,21.9284)->(13,10,22.4284)->(13,11,22.9464)->(13,12,23.5142)->(13,13,24.1964)->(13,14,25.5142)->(13,15,27.7284)->(12,15,30.5284)->(11,15,33.7426)->(11,16,37.7569)->(10,16,5019.28)->
Agent 8:(5,24,1.8)->(6,24,3.01421)->(7,24,4.42843)->(8,24,5.84264)->(9,24,8.05685)->(9,23,10.2711)->(9,22,11.5889)->(9,21,12.2711)->(9,20,12.8569)->(9,19,13.4426)->(9,18,14.1248)->(9,17,15.4426)->(9,16,17.6569)->(10,16,19.8711)->(11,16,21.2049)->(12,16,22.0333)->(13,16,23.3672)->(14,16,25.5814)->(14,15,27.7956)->(14,14,29.1135)->(14,13,29.7956)->(14,12,30.3635)->(14,11,30.8814)->(14,10,31.3814)->(14,9,31.8814)->(14,8,32.3814)->(14,7,32.8994)->(14,6,33.4672)->(14,5,34.1494)->(14,4,35.4672)->(14,3,37.6814)->(15,3,39.9309)->(16,3,41.9309)->(17,3,5020.69)->
Agent 9:(21,1,1.8)->(20,1,3.01421)->(19,1,4.33205)->(18,1,5.01421)->(17,1,5.58205)->(16,1,6.11795)->(15,1,6.68579)->(14,1,7.36795)->(13,1,8.68579)->(12,1,11.6907)->(12,2,14.6956)->(12,3,16.0135)->(12,4,16.6956)->(12,5,17.2635)->(12,6,17.7814)->(12,7,18.2814)->(12,8,18.7814)->(12,9,19.2814)->(12,10,19.7814)->(12,11,20.2814)->(12,12,20.7994)->(12,13,21.3672)->(12,14,22.0494)->(12,15,23.3672)->(12,16,5011.39)->
