Agent 0:(26,28,1.8)->(27,28,3.01421)->(28,28,4.34806)->(29,28,5.17649)->(30,28,6.51034)->(31,28,8.72456)->(31,27,10.9388)->(31,26,12.2566)->(31,25,12.9388)->(31,24,13.5066)->(31,23,14.0246)->(31,22,14.5246)->(31,21,15.0246)->(31,20,15.5246)->(31,19,16.0246)->(31,18,16.5246)->(31,17,17.0246)->(31,16,17.5246)->(31,15,18.0246)->(31,14,18.5246)->(31,13,19.0246)->(31,12,19.5246)->(31,11,20.0246)->(31,10,20.5425)->(31,9,21.1103)->(31,8,21.7925)->(31,7,23.1103)->(31,6,25.3246)->(30,6,27.5388)->(29,6,28.8566)->(28,6,29.5388)->(27,6,30.1066)->(26,6,30.6246)->(25,6,31.1425)->(24,6,31.7103)->(23,6,32.3925)->(22,6,33.7103)->(21,6,35.9246)->(21,5,38.7246)->(21,4,41.5246)->(20,4,44.3246)->(19,4,47.1246)->(19,5,49.3388)->(19,6,50.6566)->(19,7,51.3388)->(19,8,51.9066)->(19,9,52.4246)->(19,10,52.9246)->(19,11,53.4246)->(19,12,53.9246)->(19,13,54.4246)->(19,14,54.9246)->(19,15,55.4246)->(19,16,55.9246)->(19,17,56.4246)->(19,18,56.9425)->(19,19,57.5103)->(19,20,58.1925)->(19,21,59.5103)->(19,22,61.7246)->(20,22,63.974)->(21,22,65.974)->(22,22,5032.71)->
Agent 1:(11,29,1.8)->(12,29,3.01421)->(13,29,4.33205)->(14,29,5.02382)->(15,29,5.65949)->(16,29,6.35126)->(17,29,7.6691)->(18,29,9.88331)->(18,28,12.0975)->(18,27,13.4154)->(18,26,14.0975)->(18,25,14.6654)->(18,24,15.1833)->(18,23,15.6833)->(18,22,16.1833)->(18,21,16.6833)->(18,20,17.1833)->(18,19,17.6833)->(18,18,18.1833)->(18,17,18.6833)->(18,16,19.1833)->(18,15,19.6833)->(18,14,20.2013)->(18,13,20.7691)->(18,12,21.4513)->(18,11,22.7691)->(18,10,5011.09)->
Agent 2:(2,27,3.72106)->(2,28,6.85634)->(2,29,8.27055)->(2,30,9.68477)->(2,31,11.9793)->(3,31,14.2739)->(4,31,15.6078)->(5,31,16.4362)->(6,31,17.77)->(7,31,19.9843)->(7,30,22.1985)->(7,29,23.5163)->(7,28,24.1985)->(7,27,24.7663)->(7,26,25.2843)->(7,25,25.7843)->(7,24,26.3022)->(7,23,26.87)->(7,22,27.5522)->(7,21,28.87)->(7,20,31.4985)->(6,20,5015.94)->
Agent 3:(10,17,1.8)->(11,17,3.01421)->(12,17,4.42843)->(13,17,5.84264)->(14,17,8.05685)->(14,16,10.2711)->(14,15,11.5889)->(14,14,12.2711)->(14,13,12.8389)->(14,12,13.3569)->(14,11,13.8569)->(14,10,14.3569)->(14,9,14.8569)->(14,8,15.3569)->(14,7,15.8569)->(14,6,16.3748)->(14,5,16.9426)->(14,4,17.6248)->(14,3,18.9426)->(14,2,21.1569)->(15,2,23.9569)->(16,2,5011.98)->
Agent 4:(2,28,1.3)->(2,29,2.04949)->(2,30,4.04949)->(2,31,6.29898)->(3,31,8.51319)->(4,31,9.92741)->(5,31,11.3416)->(6,31,13.5558)->(6,30,15.77)->(6,29,17.0879)->(6,28,17.77)->(6,27,18.3379)->(6,26,18.8558)->(6,25,19.3558)->(6,24,19.8558)->(6,23,20.3558)->(6,22,20.8558)->(6,21,21.3558)->(6,20,21.8558)->(6,19,22.3558)->(6,18,22.8558)->(6,17,23.3558)->(6,16,23.8558)->(6,15,24.3738)->(6,14,24.9416)->(6,13,25.6238)->(6,12,26.9416)->(6,11,29.1558)->(5,11,31.9558)->(4,11,34.7558)->(4,10,36.97)->(4,9,38.2879)->(4,8,38.97)->(4,7,39.5558)->(4,6,40.1416)->(4,5,40.8238)->(4,4,42.1416)->(4,3,44.3558)->(5,3,46.57)->(6,3,47.9039)->(7,3,48.7323)->(8,3,50.0662)->(9,3,5024.74)->
Agent 5:(18,31,1.8)->(17,31,3.01421)->(16,31,4.42843)->(15,31,5.84264)->(14,31,8.05685)->(14,30,10.8569)->(14,29,5005.43)->
Agent 6:(21,2,1.8)->(20,2,3.6)->(19,2,26.7623)->(19,3,49.3388)->(19,4,50.6566)->(19,5,51.3388)->(19,6,51.9066)->(19,7,52.4246)->(19,8,52.9246)->(19,9,53.4246)->(19,10,53.9246)->(19,11,54.4246)->(19,12,54.9425)->(19,13,55.5103)->(19,14,56.1925)->(19,15,57.5103)->(19,16,5028.46)->
Agent 7:(4,19,2.2)->(4,18,3.81421)->(4,17,5.14806)->(4,16,5.97649)->(4,15,7.31034)->(4,14,9.52456)->(5,14,11.7388)->(6,14,13.0726)->(7,14,13.901)->(8,14,15.2349)->(9,14,17.4491)->(9,15,20.2491)->(9,16,23.0491)->(10,16,25.2633)->(11,16,26.5972)->(12,16,27.4256)->(13,16,28.7595)->(14,16,30.9737)->(14,15,33.1879)->(14,14,34.5057)->(14,13,35.1879)->(14,12,35.7557)->(14,11,36.2737)->(14,10,36.7737)->(14,9,37.2737)->(14,8,37.7916)->(14,7,38.3595)->(14,6,39.0416)->(14,5,40.3595)->(14,4,44.5812)->(15,4,48.8029)->(16,4,50.1207)->(17,4,50.8029)->(18,4,51.3707)->(19,4,51.9066)->(20,4,52.4744)->(21,4,53.1566)->(22,4,54.4744)->(23,4,57.1029)->(23,5,5028.74)->
Agent 8:(26,7,1.8)->(25,7,3.6)->(24,7,6.4)->(24,6,8.61421)->(24,5,9.94806)->(24,4,10.7765)->(24,3,12.1103)->(24,2,14.7388)->(25,2,5007.56)->
Agent 9:(11,19,1.8)->(10,19,3.01421)->(9,19,4.42843)->(8,19,5.84264)->(7,19,8.05685)->(7,20,10.2711)->(7,21,11.5889)->(7,22,12.2711)->(7,23,12.8569)->(7,24,13.4426)->(7,25,14.1248)->(7,26,15.4426)->(7,27,18.2706)->(6,27,5009.43)->
