Agent 0:(22,16,1.3)->(22,17,2.01421)->(22,18,3.34806)->(22,19,4.17649)->(22,20,5.51034)->(22,21,7.72456)->(21,21,9.97405)->(20,21,11.974)->(19,21,14.2235)->(19,20,16.4377)->(19,19,17.7556)->(19,18,18.4377)->(19,17,19.0056)->(19,16,19.5235)->(19,15,20.0235)->(19,14,20.5235)->(19,13,21.0235)->(19,12,21.5235)->(19,11,22.0235)->(19,10,22.5235)->(19,9,23.0235)->(19,8,23.5415)->(19,7,24.1093)->(19,6,24.7915)->(19,5,26.1093)->(19,4,28.3235)->(20,4,30.5377)->(21,4,31.8716)->(22,4,32.7)->(23,4,34.0339)->(24,4,36.2481)->(24,5,38.4623)->(24,6,39.7962)->(24,7,40.6246)->(24,8,41.9584)->(24,9,44.1726)->(25,9,46.3869)->(26,9,47.7047)->(27,9,48.3965)->(28,9,49.0321)->(29,9,49.7239)->(30,9,51.0417)->(31,9,53.256)->(31,10,55.4702)->(31,11,56.788)->(31,12,57.4702)->(31,13,58.038)->(31,14,58.556)->(31,15,59.056)->(31,16,59.556)->(31,17,60.056)->(31,18,60.556)->(31,19,61.056)->(31,20,61.556)->(31,21,62.056)->(31,22,62.5739)->(31,23,63.1417)->(31,24,63.8239)->(31,25,65.1417)->(31,26,67.356)->(30,26,69.5702)->(29,26,70.9844)->(28,26,72.3986)->(27,26,74.6128)->(27,25,76.827)->(27,24,78.1449)->(27,23,78.827)->(27,22,79.3949)->(27,21,79.9128)->(27,20,80.4128)->(27,19,80.9128)->(27,18,81.4128)->(27,17,81.9128)->(27,16,82.4308)->(27,15,82.9986)->(27,14,83.6808)->(27,13,84.9986)->(27,12,5042.21)->
Agent 1:(31,18,2.2)->(31,17,3.81421)->(31,16,5.13205)->(31,15,5.81421)->(31,14,6.38205)->(31,13,6.9)->(31,12,7.4)->(31,11,7.9)->(31,10,8.41795)->(31,9,8.98579)->(31,8,9.66795)->(31,7,10.9858)->(31,6,13.6142)->(30,6,5007)->
Agent 2:(24,13,1.8)->(25,13,3.01421)->(26,13,4.34806)->(27,13,5.17649)->(28,13,6.51034)->(29,13,8.72456)->(29,14,10.9388)->(29,15,12.2566)->(29,16,12.9388)->(29,17,13.5066)->(29,18,14.0246)->(29,19,14.5246)->(29,20,15.0246)->(29,21,15.5246)->(29,22,16.0425)->(29,23,16.6103)->(29,24,17.2925)->(29,25,18.6103)->(29,26,20.8246)->(30,26,23.6246)->(31,26,26.4246)->(31,25,28.6388)->(31,24,29.9566)->(31,23,30.6388)->(31,22,31.2066)->(31,21,31.7246)->(31,20,32.2246)->(31,19,32.7246)->(31,18,33.2246)->(31,17,33.7246)->(31,16,34.2246)->(31,15,34.7246)->(31,14,35.2246)->(31,13,35.7246)->(31,12,36.2246)->(31,11,36.7425)->(31,10,37.3103)->(31,9,37.9925)->(31,8,39.3103)->(31,7,41.5246)->(30,7,43.7388)->(29,7,45.0566)->(28,7,45.7388)->(27,7,46.3066)->(26,7,46.8246)->(25,7,47.3425)->(24,7,47.9103)->(23,7,48.5925)->(22,7,49.9103)->(21,7,52.1246)->(21,6,54.374)->(21,5,56.374)->(21,4,58.6235)->(20,4,60.8377)->(19,4,62.1556)->(18,4,62.8377)->(17,4,63.4056)->(16,4,63.9235)->(15,4,64.4415)->(14,4,65.0093)->(13,4,65.6915)->(12,4,67.0093)->(11,4,69.2235)->(11,5,71.4377)->(11,6,72.7556)->(11,7,73.4377)->(11,8,74.0056)->(11,9,74.5235)->(11,10,75.0235)->(11,11,75.5235)->(11,12,76.0415)->(11,13,76.6093)->(11,14,77.2915)->(11,15,78.6093)->(11,16,80.8235)->(10,16,83.0377)->(9,16,84.3716)->(8,16,85.2)->(7,16,86.5339)->(6,16,88.7481)->(6,15,91.5481)->(6,14,94.3481)->(5,14,96.5976)->(4,14,98.5976)->(3,14,101.261)->(3,15,5050.82)->
Agent 3:(17,23,1.8)->(18,23,3.01421)->(19,23,4.33205)->(20,23,5.0641)->(21,23,5.79615)->(22,23,7.11399)->(23,23,9.3282)->(23,22,11.5424)->(23,21,12.8763)->(23,20,13.7047)->(23,19,15.0385)->(23,18,5007.23)->
Agent 4:(7,16,1.8)->(8,16,3.01421)->(9,16,4.33205)->(10,16,5.02382)->(11,16,5.65949)->(12,16,6.35126)->(13,16,7.6691)->(14,16,9.88331)->(14,15,12.0975)->(14,14,13.4154)->(14,13,14.0975)->(14,12,14.6654)->(14,11,15.1833)->(14,10,15.6833)->(14,9,16.1833)->(14,8,16.7013)->(14,7,17.2691)->(14,6,17.9513)->(14,5,19.2691)->(14,4,23.9902)->(15,4,28.7113)->(16,4,30.0291)->(17,4,30.7209)->(18,4,31.3566)->(19,4,32.0483)->(20,4,33.3662)->(21,4,35.5804)->(21,5,37.7946)->(21,6,39.1285)->(21,7,39.9569)->(21,8,41.2907)->(21,9,5020.35)->
Agent 5:(30,8,1.8)->(29,8,3.01421)->(28,8,4.33205)->(27,8,5.01421)->(26,8,5.58205)->(25,8,6.11795)->(24,8,6.68579)->(23,8,7.36795)->(22,8,8.68579)->(21,8,10.9)->(21,7,13.1142)->(21,6,14.4321)->(21,5,15.1238)->(21,4,15.7595)->(21,3,16.4513)->(21,2,17.7691)->(21,1,19.9833)->(20,1,22.1975)->(19,1,23.5154)->(18,1,24.2071)->(17,1,24.8428)->(16,1,25.5346)->(15,1,26.8524)->(14,1,5013.13)->
Agent 6:(18,27,2.2)->(18,26,3.81421)->(18,25,5.13205)->(18,24,5.81421)->(18,23,6.38205)->(18,22,6.9)->(18,21,7.4)->(18,20,7.9)->(18,19,8.4)->(18,18,8.9)->(18,17,9.4)->(18,16,9.9)->(18,15,10.4)->(18,14,10.9179)->(18,13,11.4858)->(18,12,12.1679)->(18,11,13.4858)->(18,10,5006.45)->
Agent 7:(6,29,2.2)->(6,28,3.81421)->(6,27,5.13205)->(6,26,5.81421)->(6,25,6.38205)->(6,24,6.9)->(6,23,7.4)->(6,22,7.9)->(6,21,8.4)->(6,20,8.91795)->(6,19,9.48579)->(6,18,10.1679)->(6,17,11.4858)->(6,16,13.7)->(7,16,15.9142)->(8,16,17.2321)->(9,16,17.9142)->(10,16,18.5)->(11,16,19.0858)->(12,16,19.7679)->(13,16,21.0858)->(14,16,23.3)->(14,15,25.5142)->(14,14,26.8321)->(14,13,27.5142)->(14,12,28.0821)->(14,11,28.6)->(14,10,29.1)->(14,9,29.6)->(14,8,30.1179)->(14,7,30.6858)->(14,6,31.3679)->(14,5,32.6858)->(14,4,34.9)->(15,4,37.1142)->(16,4,38.4321)->(17,4,39.1142)->(18,4,39.6821)->(19,4,40.2)->(20,4,40.7179)->(21,4,41.2858)->(22,4,41.9679)->(23,4,43.2858)->(24,4,45.8481)->(24,5,48.4103)->(24,6,49.7442)->(24,7,50.5726)->(24,8,51.9065)->(24,9,54.1207)->(25,9,56.3349)->(26,9,57.6527)->(27,9,58.3445)->(28,9,58.9802)->(29,9,59.6719)->(30,9,60.9898)->(31,9,63.204)->(31,10,65.4535)->(31,11,67.4535)->(31,12,5033.45)->
Agent 8:(5,21,1.8)->(6,21,3.01421)->(7,21,4.42843)->(8,21,5.84264)->(9,21,8.05685)->(9,22,10.2711)->(9,23,11.6853)->(9,24,13.0995)->(9,25,5006.26)->
Agent 9:(3,23,1.8)->(4,23,3.01421)->(5,23,4.34806)->(6,23,5.17649)->(7,23,6.51034)->(8,23,8.72456)->(8,22,10.9388)->(8,21,12.2566)->(8,20,12.9388)->(8,19,13.5066)->(8,18,14.0246)->(8,17,14.5246)->(8,16,15.0246)->(8,15,15.5425)->(8,14,16.1103)->(8,13,16.7925)->(8,12,18.1103)->(8,11,5008.76)->
