Agent 0:(73,9,1.8)->(74,9,3.04949)->(75,9,5.04949)->(76,9,7.29898)->(76,10,9.51319)->(76,11,10.831)->(76,12,11.5228)->(76,13,12.1585)->(76,14,12.8502)->(76,15,14.1681)->(76,16,16.3823)->(75,16,18.5965)->(74,16,19.9143)->(73,16,20.5965)->(72,16,21.1643)->(71,16,21.6823)->(70,16,22.1823)->(69,16,22.6823)->(68,16,23.2002)->(67,16,23.7681)->(66,16,24.4502)->(65,16,25.7681)->(64,16,27.9823)->(64,17,30.1965)->(64,18,31.5143)->(64,19,32.1965)->(64,20,32.7643)->(64,21,33.3002)->(64,22,33.8681)->(64,23,34.5502)->(64,24,35.8681)->(64,25,38.0823)->(63,25,40.2965)->(62,25,41.6143)->(61,25,42.2965)->(60,25,42.8643)->(59,25,43.4002)->(58,25,43.9681)->(57,25,44.6502)->(56,25,45.9681)->(55,25,48.5965)->(55,26,5024.49)->
Agent 1:(57,12,4.54166)->(57,11,9.4691)->(58,11,12.0975)->(59,11,13.4154)->(60,11,14.1474)->(61,11,14.8795)->(62,11,16.1973)->(63,11,18.4115)->(63,12,20.6257)->(63,13,22.0399)->(63,14,23.4542)->(63,15,25.6684)->(64,15,28.4684)->(65,15,5014.23)->
Agent 2:(76,56,1.8)->(75,56,3.01421)->(74,56,4.33205)->(73,56,5.01421)->(72,56,5.58205)->(71,56,6.11795)->(70,56,6.68579)->(69,56,7.36795)->(68,56,8.68579)->(67,56,10.9)->(67,55,13.1142)->(67,54,14.4321)->(67,53,15.1142)->(67,52,15.6821)->(67,51,16.2)->(67,50,16.7)->(67,49,17.2)->(67,48,17.7)->(67,47,18.2)->(67,46,18.7)->(67,45,19.2)->(67,44,19.7)->(67,43,20.2)->(67,42,20.7)->(67,41,21.2)->(67,40,21.7)->(67,39,22.2)->(67,38,22.7)->(67,37,23.2)->(67,36,23.7)->(67,35,24.2)->(67,34,24.7)->(67,33,25.2)->(67,32,25.7)->(67,31,26.2)->(67,30,26.7)->(67,29,27.2)->(67,28,27.7)->(67,27,28.2)->(67,26,28.7)->(67,25,29.2)->(67,24,29.7)->(67,23,30.2179)->(67,22,30.7858)->(67,21,31.4679)->(67,20,32.7858)->(67,19,35)->(66,19,37.8)->(65,19,5018.9)->
Agent 3:(68,54,1.8)->(67,54,3.6)->(66,54,6.4)->(66,55,9.2)->(66,56,5004.6)->
Agent 4:(20,25,1.8)->(21,25,3.01421)->(22,25,4.33205)->(23,25,5.01421)->(24,25,5.6)->(25,25,6.18579)->(26,25,6.86795)->(27,25,8.18579)->(28,25,10.4)->(28,26,12.6142)->(28,27,13.9321)->(28,28,14.6142)->(28,29,15.1821)->(28,30,15.7)->(28,31,16.2)->(28,32,16.7)->(28,33,17.2)->(28,34,17.7)->(28,35,18.2)->(28,36,18.7)->(28,37,19.2)->(28,38,19.7)->(28,39,20.2)->(28,40,20.7)->(28,41,21.2)->(28,42,21.7)->(28,43,22.2)->(28,44,22.7)->(28,45,23.2)->(28,46,23.7)->(28,47,24.2)->(28,48,24.7179)->(28,49,25.2858)->(28,50,25.9679)->(28,51,27.2858)->(28,52,29.5)->(27,52,31.7142)->(26,52,33.0321)->(25,52,33.7238)->(24,52,34.3595)->(23,52,35.0513)->(22,52,36.3691)->(21,52,5017.89)->
Agent 5:(35,27,2.2)->(35,26,3.81421)->(35,25,5.13205)->(35,24,5.8641)->(35,23,6.59615)->(35,22,7.91399)->(35,21,10.1282)->(34,21,12.3424)->(33,21,13.6603)->(32,21,14.3424)->(31,21,14.9103)->(30,21,15.4282)->(29,21,15.9282)->(28,21,16.4282)->(27,21,16.9282)->(26,21,17.4282)->(25,21,17.9282)->(24,21,18.4282)->(23,21,18.9282)->(22,21,19.4282)->(21,21,19.9462)->(20,21,20.514)->(19,21,21.1962)->(18,21,22.514)->(17,21,48.3783)->(18,21,74.8284)->(19,21,5037.41)->
Agent 6:(35,30,1.8)->(36,30,3.01421)->(37,30,4.34806)->(38,30,5.17649)->(39,30,6.51034)->(40,30,8.72456)->(40,31,10.9388)->(40,32,12.2566)->(40,33,12.9388)->(40,34,13.5066)->(40,35,14.0246)->(40,36,14.5246)->(40,37,15.0246)->(40,38,15.5246)->(40,39,16.0246)->(40,40,16.5246)->(40,41,17.0246)->(40,42,17.5246)->(40,43,18.0246)->(40,44,18.5246)->(40,45,19.0246)->(40,46,19.5246)->(40,47,20.0246)->(40,48,20.5246)->(40,49,21.0425)->(40,50,21.6103)->(40,51,22.2925)->(40,52,23.6103)->(40,53,25.8246)->(41,53,28.0388)->(42,53,29.3566)->(43,53,30.0388)->(44,53,30.6066)->(45,53,31.1246)->(46,53,31.6246)->(47,53,32.1246)->(48,53,32.6246)->(49,53,33.1425)->(50,53,33.7103)->(51,53,34.3925)->(52,53,35.7103)->(53,53,38.3388)->(53,54,5019.36)->
Agent 7:(73,14,1.8)->(72,14,3.01421)->(71,14,4.33205)->(70,14,5.01421)->(69,14,5.58205)->(68,14,6.11795)->(67,14,6.68579)->(66,14,7.36795)->(65,14,8.68579)->(64,14,10.9)->(64,15,13.1142)->(64,16,14.4321)->(64,17,15.1142)->(64,18,15.6821)->(64,19,16.2)->(64,20,16.7)->(64,21,17.2)->(64,22,17.7179)->(64,23,18.2858)->(64,24,18.9679)->(64,25,20.2858)->(64,26,22.5)->(63,26,24.7142)->(62,26,26.0321)->(61,26,26.7142)->(60,26,27.2821)->(59,26,27.8)->(58,26,28.3)->(57,26,28.8)->(56,26,29.3)->(55,26,29.8)->(54,26,30.3179)->(53,26,30.8858)->(52,26,31.5679)->(51,26,32.8858)->(50,26,5016.15)->
Agent 8:(27,54,2.2)->(27,53,3.81421)->(27,52,5.13205)->(27,51,5.81421)->(27,50,6.38205)->(27,49,6.9)->(27,48,7.4)->(27,47,7.9)->(27,46,8.4)->(27,45,8.9)->(27,44,9.4)->(27,43,9.9)->(27,42,10.4)->(27,41,10.9)->(27,40,11.4)->(27,39,11.9)->(27,38,12.4)->(27,37,12.9)->(27,36,13.4)->(27,35,13.9)->(27,34,14.4)->(27,33,14.9)->(27,32,15.4)->(27,31,15.9)->(27,30,16.4)->(27,29,16.9)->(27,28,17.4)->(27,27,17.9)->(27,26,18.4)->(27,25,18.9179)->(27,24,19.4858)->(27,23,20.1679)->(27,22,21.4858)->(27,21,23.7)->(26,21,25.9495)->(25,21,27.9495)->(24,21,5013.7)->
Agent 9:(50,30,2.2)->(50,29,3.84949)->(50,28,5.84949)->(50,27,8.09898)->(49,27,10.3132)->(48,27,11.631)->(47,27,12.3132)->(46,27,12.881)->(45,27,13.399)->(44,27,13.899)->(43,27,14.399)->(42,27,14.899)->(41,27,15.4169)->(40,27,15.9848)->(39,27,16.6669)->(38,27,17.9848)->(37,27,20.6132)->(37,26,24.2132)->(36,26,26.8416)->(35,26,28.1595)->(34,26,28.8416)->(33,26,29.4095)->(32,26,29.9274)->(31,26,30.4274)->(30,26,30.9274)->(29,26,31.4274)->(28,26,31.9454)->(27,26,32.5132)->(26,26,33.1954)->(25,26,34.5132)->(24,26,5016.96)->
Agent 10:(67,42,5.81421)->(67,41,11.0426)->(67,40,12.3605)->(67,39,13.0426)->(67,38,13.6105)->(67,37,14.1284)->(67,36,14.6284)->(67,35,15.1284)->(67,34,15.6284)->(67,33,16.1284)->(67,32,16.6284)->(67,31,17.1464)->(67,30,17.7142)->(67,29,18.3964)->(67,28,19.7142)->(67,27,21.9284)->(66,27,24.1426)->(65,27,25.4605)->(64,27,26.1522)->(63,27,26.7879)->(62,27,27.4797)->(61,27,28.7975)->(60,27,31.0117)->(60,28,33.8117)->(60,29,36.8701)->(59,29,39.3426)->(58,29,40.6605)->(57,29,41.3426)->(56,29,41.9105)->(55,29,42.4284)->(54,29,42.9284)->(53,29,43.4284)->(52,29,43.9284)->(51,29,44.4284)->(50,29,44.9284)->(49,29,45.4284)->(48,29,45.9284)->(47,29,46.4284)->(46,29,46.9284)->(45,29,47.4284)->(44,29,47.9284)->(43,29,48.4284)->(42,29,48.9284)->(41,29,49.4284)->(40,29,49.9284)->(39,29,50.4284)->(38,29,50.9284)->(37,29,51.4284)->(36,29,51.9284)->(35,29,52.4284)->(34,29,52.9284)->(33,29,53.4284)->(32,29,53.9464)->(31,29,54.5142)->(30,29,55.1964)->(29,29,56.5142)->(28,29,58.7284)->(28,30,60.9426)->(28,31,62.2605)->(28,32,62.9426)->(28,33,63.5105)->(28,34,64.0464)->(28,35,64.6142)->(28,36,65.2964)->(28,37,66.6142)->(28,38,5033.01)->
Agent 11:(16,23,1.3)->(16,24,2.04949)->(16,25,4.04949)->(16,26,6.29898)->(17,26,8.51319)->(18,26,9.83103)->(19,26,10.5132)->(20,26,11.081)->(21,26,11.599)->(22,26,12.099)->(23,26,12.599)->(24,26,13.1169)->(25,26,13.6848)->(26,26,14.3669)->(27,26,15.6848)->(28,26,18.8137)->(28,27,22.5284)->(28,28,25.3284)->(29,28,27.5426)->(30,28,28.8605)->(31,28,29.5426)->(32,28,30.1105)->(33,28,30.6284)->(34,28,31.1284)->(35,28,31.6284)->(36,28,32.1284)->(37,28,32.6284)->(38,28,33.1284)->(39,28,33.6284)->(40,28,34.1284)->(41,28,34.6284)->(42,28,35.1284)->(43,28,35.6284)->(44,28,36.1284)->(45,28,36.6284)->(46,28,37.1284)->(47,28,37.6284)->(48,28,38.1284)->(49,28,38.6284)->(50,28,39.1464)->(51,28,39.7142)->(52,28,40.3964)->(53,28,41.7142)->(54,28,43.9284)->(54,27,46.1426)->(54,26,47.4605)->(54,25,48.1426)->(54,24,48.7105)->(54,23,49.2284)->(54,22,49.7284)->(54,21,50.2284)->(54,20,50.7284)->(54,19,51.2284)->(54,18,51.7284)->(54,17,52.2284)->(54,16,52.7284)->(54,15,53.2284)->(54,14,53.7284)->(54,13,54.2284)->(54,12,54.7284)->(54,11,55.2284)->(54,10,55.7284)->(54,9,56.2284)->(54,8,56.7464)->(54,7,57.3142)->(54,6,57.9964)->(54,5,59.3142)->(54,4,61.9426)->(53,4,5031.16)->
Agent 12:(66,38,2.21421)->(67,38,4.81421)->(67,37,7.44264)->(67,36,8.76048)->(67,35,9.44264)->(67,34,10.0105)->(67,33,10.5284)->(67,32,11.0284)->(67,31,11.5464)->(67,30,12.1142)->(67,29,12.7964)->(67,28,14.1142)->(67,27,16.3284)->(66,27,18.5426)->(65,27,19.8605)->(64,27,20.5426)->(63,27,21.1105)->(62,27,21.6464)->(61,27,22.2142)->(60,27,22.8964)->(59,27,24.2142)->(58,27,26.4284)->(58,28,29.2284)->(58,29,32.0284)->(57,29,34.2426)->(56,29,35.5605)->(55,29,36.2426)->(54,29,36.8105)->(53,29,37.3284)->(52,29,37.8284)->(51,29,38.3284)->(50,29,38.8284)->(49,29,39.3284)->(48,29,39.8284)->(47,29,40.3284)->(46,29,40.8284)->(45,29,41.3284)->(44,29,41.8284)->(43,29,42.3284)->(42,29,42.8464)->(41,29,43.4142)->(40,29,44.0964)->(39,29,45.4142)->(38,29,47.6284)->(38,30,49.8426)->(38,31,51.1605)->(38,32,51.8426)->(38,33,52.4105)->(38,34,52.9284)->(38,35,53.4284)->(38,36,53.9284)->(38,37,54.4284)->(38,38,54.9284)->(38,39,55.4284)->(38,40,55.9284)->(38,41,56.4284)->(38,42,56.9284)->(38,43,57.4284)->(38,44,57.9284)->(38,45,58.4284)->(38,46,58.9284)->(38,47,59.4284)->(38,48,59.9284)->(38,49,60.4284)->(38,50,60.9284)->(38,51,61.4284)->(38,52,61.9284)->(38,53,62.4284)->(38,54,62.9284)->(38,55,63.4284)->(38,56,63.9464)->(38,57,64.5142)->(38,58,65.1964)->(38,59,66.5142)->(38,60,69.1426)->(37,60,5034.76)->
Agent 13:(61,61,2.21421)->(60,61,4.81421)->(60,60,7.44264)->(60,59,8.76048)->(60,58,9.44264)->(60,57,10.0105)->(60,56,10.5464)->(60,55,11.1142)->(60,54,11.7964)->(60,53,13.1142)->(60,52,15.3284)->(59,52,17.5426)->(58,52,18.8605)->(57,52,19.5426)->(56,52,20.1105)->(55,52,20.6284)->(54,52,21.1284)->(53,52,21.6284)->(52,52,22.1284)->(51,52,22.6284)->(50,52,23.1284)->(49,52,23.6284)->(48,52,24.1284)->(47,52,24.6284)->(46,52,25.1464)->(45,52,25.7142)->(44,52,26.3964)->(43,52,27.7142)->(42,52,29.9284)->(42,51,32.1426)->(42,50,33.4605)->(42,49,34.1426)->(42,48,34.7105)->(42,47,35.2284)->(42,46,35.7284)->(42,45,36.2284)->(42,44,36.7284)->(42,43,37.2284)->(42,42,37.7284)->(42,41,38.2284)->(42,40,38.7284)->(42,39,39.2284)->(42,38,39.7284)->(42,37,40.2284)->(42,36,40.7284)->(42,35,41.2284)->(42,34,41.7284)->(42,33,42.2284)->(42,32,42.7464)->(42,31,43.3142)->(42,30,43.9964)->(42,29,45.3142)->(42,28,47.5284)->(43,28,49.7426)->(44,28,51.0605)->(45,28,51.7426)->(46,28,52.3105)->(47,28,52.8284)->(48,28,53.3284)->(49,28,53.8284)->(50,28,54.3284)->(51,28,54.8284)->(52,28,55.3284)->(53,28,55.8284)->(54,28,56.3284)->(55,28,56.8284)->(56,28,57.3284)->(57,28,57.8284)->(58,28,58.3464)->(59,28,58.9142)->(60,28,59.5964)->(61,28,60.9142)->(62,28,65.0701)->(62,27,70.1975)->(63,27,72.826)->(64,27,74.1438)->(65,27,74.8758)->(66,27,75.6079)->(67,27,76.9257)->(68,27,79.1399)->(68,28,81.3542)->(68,29,82.672)->(68,30,83.3542)->(68,31,83.922)->(68,32,84.4399)->(68,33,84.9399)->(68,34,85.4399)->(68,35,85.9399)->(68,36,86.4399)->(68,37,86.9399)->(68,38,87.4579)->(68,39,88.0257)->(68,40,88.7079)->(68,41,90.0257)->(68,42,5044.72)->
Agent 14:(7,9,1.8)->(8,9,3.01421)->(9,9,4.33205)->(10,9,5.01421)->(11,9,5.58205)->(12,9,6.1)->(13,9,6.6)->(14,9,7.1)->(15,9,7.6)->(16,9,8.1)->(17,9,8.6)->(18,9,9.1)->(19,9,9.61795)->(20,9,10.1858)->(21,9,10.8679)->(22,9,12.1858)->(23,9,14.4)->(23,8,16.6142)->(23,7,17.9321)->(23,6,18.6641)->(23,5,19.3962)->(23,4,20.714)->(23,3,22.9282)->(24,3,25.1424)->(25,3,26.4763)->(26,3,27.3047)->(27,3,28.6385)->(28,3,5014.03)->
Agent 15:(56,20,2.61421)->(56,19,5.61421)->(57,19,8.24264)->(58,19,9.56048)->(59,19,10.2426)->(60,19,10.8105)->(61,19,11.3284)->(62,19,11.8284)->(63,19,12.3284)->(64,19,12.8284)->(65,19,13.3284)->(66,19,13.8284)->(67,19,14.3284)->(68,19,14.8464)->(69,19,15.4142)->(70,19,16.0964)->(71,19,17.4142)->(72,19,19.6284)->(72,20,22.4284)->(72,21,5011.21)->
Agent 16:(14,20,5.02256)->(14,21,9.45933)->(14,22,10.7772)->(14,23,11.4689)->(14,24,12.1046)->(14,25,12.7964)->(14,26,14.1142)->(14,27,16.3284)->(15,27,18.5426)->(16,27,19.8605)->(17,27,20.5426)->(18,27,21.1105)->(19,27,21.6284)->(20,27,22.1284)->(21,27,22.6284)->(22,27,23.1284)->(23,27,23.6284)->(24,27,24.1284)->(25,27,24.6284)->(26,27,25.1284)->(27,27,25.6284)->(28,27,26.1284)->(29,27,26.6284)->(30,27,27.1284)->(31,27,27.6284)->(32,27,28.1284)->(33,27,28.6284)->(34,27,29.1284)->(35,27,29.6284)->(36,27,30.1284)->(37,27,30.6284)->(38,27,31.1284)->(39,27,31.6284)->(40,27,32.1284)->(41,27,32.6284)->(42,27,33.1284)->(43,27,33.6284)->(44,27,34.1464)->(45,27,34.7142)->(46,27,35.3964)->(47,27,36.7142)->(48,27,39.3426)->(48,28,43.7569)->(48,27,48.1711)->(49,27,50.7995)->(50,27,52.1173)->(51,27,52.7995)->(52,27,53.3673)->(53,27,53.8853)->(54,27,54.3853)->(55,27,54.8853)->(56,27,55.3853)->(57,27,55.8853)->(58,27,56.4032)->(59,27,56.9711)->(60,27,57.6532)->(61,27,58.9711)->(62,27,61.5995)->(62,26,65.1995)->(63,26,67.8279)->(64,26,69.1458)->(65,26,69.8279)->(66,26,70.4137)->(67,26,70.9995)->(68,26,71.6817)->(69,26,72.9995)->(70,26,75.2137)->(70,25,77.4279)->(70,24,78.7458)->(70,23,79.4279)->(70,22,79.9958)->(70,21,80.5137)->(70,20,81.0137)->(70,19,81.5317)->(70,18,82.0995)->(70,17,82.7817)->(70,16,84.0995)->(70,15,86.3137)->(71,15,88.5279)->(72,15,89.8458)->(73,15,90.5279)->(74,15,91.1137)->(75,15,91.6995)->(76,15,92.3817)->(77,15,93.6995)->(78,15,5046.56)->
Agent 17:(4,52,1.8)->(5,52,3.01421)->(6,52,4.33205)->(7,52,5.01421)->(8,52,5.58205)->(9,52,6.11795)->(10,52,6.68579)->(11,52,7.36795)->(12,52,8.68579)->(13,52,14.4417)->(13,51,20.1975)->(13,50,21.5154)->(13,49,22.1975)->(13,48,22.7654)->(13,47,23.2833)->(13,46,23.7833)->(13,45,24.2833)->(13,44,24.7833)->(13,43,25.2833)->(13,42,25.7833)->(13,41,26.2833)->(13,40,26.7833)->(13,39,27.2833)->(13,38,27.7833)->(13,37,28.2833)->(13,36,28.7833)->(13,35,29.2833)->(13,34,29.7833)->(13,33,30.2833)->(13,32,30.7833)->(13,31,31.3013)->(13,30,31.8691)->(13,29,32.5513)->(13,28,33.8691)->(13,27,36.0833)->(14,27,38.2975)->(15,27,39.6154)->(16,27,40.2975)->(17,27,40.8654)->(18,27,41.3833)->(19,27,41.8833)->(20,27,42.3833)->(21,27,42.8833)->(22,27,43.3833)->(23,27,43.8833)->(24,27,44.3833)->(25,27,44.8833)->(26,27,45.3833)->(27,27,45.8833)->(28,27,46.3833)->(29,27,46.8833)->(30,27,47.3833)->(31,27,47.8833)->(32,27,48.3833)->(33,27,48.8833)->(34,27,49.3833)->(35,27,49.8833)->(36,27,50.3833)->(37,27,50.8833)->(38,27,51.3833)->(39,27,51.8833)->(40,27,52.3833)->(41,27,52.8833)->(42,27,53.3833)->(43,27,53.8833)->(44,27,54.3833)->(45,27,54.8833)->(46,27,55.3833)->(47,27,55.8833)->(48,27,56.3833)->(49,27,56.8833)->(50,27,57.3833)->(51,27,57.8833)->(52,27,58.3833)->(53,27,58.8833)->(54,27,59.4013)->(55,27,59.9691)->(56,27,60.6513)->(57,27,61.9691)->(58,27,64.1833)->(58,28,66.3975)->(58,29,67.7154)->(58,30,68.3975)->(58,31,68.9654)->(58,32,69.4833)->(58,33,69.9833)->(58,34,70.4833)->(58,35,70.9833)->(58,36,71.5013)->(58,37,72.0691)->(58,38,72.7513)->(58,39,74.0691)->(58,40,76.2833)->(59,40,78.5328)->(60,40,80.5328)->(61,40,5039.99)->
Agent 18:(21,55,1.8)->(22,55,3.01421)->(23,55,4.33205)->(24,55,5.0641)->(25,55,5.79615)->(26,55,7.11399)->(27,55,9.57832)->(27,54,12.0426)->(27,53,13.3605)->(27,52,14.0426)->(27,51,14.6105)->(27,50,15.1284)->(27,49,15.6284)->(27,48,16.1284)->(27,47,16.6284)->(27,46,17.1284)->(27,45,17.6284)->(27,44,18.1284)->(27,43,18.6284)->(27,42,19.1284)->(27,41,19.6284)->(27,40,20.1284)->(27,39,20.6284)->(27,38,21.1284)->(27,37,21.6284)->(27,36,22.1284)->(27,35,22.6284)->(27,34,23.1284)->(27,33,23.6284)->(27,32,24.1284)->(27,31,24.6284)->(27,30,25.1284)->(27,29,25.6284)->(27,28,26.1464)->(27,27,26.7142)->(27,26,27.3964)->(27,25,28.7142)->(27,24,32.5059)->(26,24,36.2975)->(25,24,37.6154)->(24,24,38.2975)->(23,24,38.8654)->(22,24,39.3833)->(21,24,39.8833)->(20,24,40.3833)->(19,24,40.8833)->(18,24,41.3833)->(17,24,41.8833)->(16,24,42.3833)->(15,24,42.8833)->(14,24,43.3833)->(13,24,43.8833)->(12,24,44.4013)->(11,24,44.9691)->(10,24,45.6513)->(9,24,46.9691)->(8,24,5023.19)->
Agent 19:(71,61,1.8)->(70,61,3.6)->(69,61,6.4)->(69,60,8.61421)->(69,59,9.93205)->(69,58,10.6142)->(69,57,11.1821)->(69,56,11.7)->(69,55,12.2)->(69,54,12.7)->(69,53,13.2)->(69,52,13.7)->(69,51,14.2)->(69,50,14.7)->(69,49,15.2)->(69,48,15.7)->(69,47,16.2)->(69,46,16.7)->(69,45,17.2)->(69,44,17.7)->(69,43,18.2)->(69,42,18.7)->(69,41,19.2)->(69,40,19.7)->(69,39,20.2)->(69,38,20.7)->(69,37,21.2)->(69,36,21.7)->(69,35,22.2)->(69,34,22.7)->(69,33,23.2)->(69,32,23.7)->(69,31,24.2179)->(69,30,24.7858)->(69,29,25.4679)->(69,28,26.7858)->(69,27,44.5917)->(68,27,62.3975)->(67,27,63.7154)->(66,27,64.3975)->(65,27,64.9654)->(64,27,65.4833)->(63,27,65.9833)->(62,27,66.4833)->(61,27,66.9833)->(60,27,67.4833)->(59,27,67.9833)->(58,27,68.4833)->(57,27,68.9833)->(56,27,69.4833)->(55,27,69.9833)->(54,27,70.4833)->(53,27,70.9833)->(52,27,71.4833)->(51,27,71.9833)->(50,27,72.4833)->(49,27,72.9833)->(48,27,73.4833)->(47,27,73.9833)->(46,27,74.4833)->(45,27,74.9833)->(44,27,75.4833)->(43,27,75.9833)->(42,27,76.4833)->(41,27,76.9833)->(40,27,77.4833)->(39,27,77.9833)->(38,27,78.4833)->(37,27,78.9833)->(36,27,79.4833)->(35,27,79.9833)->(34,27,80.4833)->(33,27,80.9833)->(32,27,81.4833)->(31,27,81.9833)->(30,27,82.4833)->(29,27,82.9833)->(28,27,83.4833)->(27,27,83.9833)->(26,27,84.4833)->(25,27,84.9833)->(24,27,85.5013)->(23,27,86.0691)->(22,27,86.7513)->(21,27,88.0691)->(20,27,90.2833)->(20,26,92.4975)->(20,25,93.8154)->(20,24,94.4975)->(20,23,95.0654)->(20,22,95.5833)->(20,21,96.0833)->(20,20,96.5833)->(20,19,97.0833)->(20,18,97.5833)->(20,17,98.0833)->(20,16,98.5833)->(20,15,99.0833)->(20,14,99.5833)->(20,13,100.083)->(20,12,100.583)->(20,11,101.083)->(20,10,101.583)->(20,9,102.083)->(20,8,102.601)->(20,7,103.169)->(20,6,103.851)->(20,5,105.169)->(20,4,107.383)->(19,4,109.598)->(18,4,110.915)->(17,4,111.598)->(16,4,112.165)->(15,4,112.683)->(14,4,113.183)->(13,4,113.683)->(12,4,114.201)->(11,4,114.769)->(10,4,115.451)->(9,4,116.769)->(8,4,119.398)->(8,3,5059.89)->
Agent 20:(41,42,4.21744)->(41,41,7.84909)->(41,40,9.16693)->(41,39,9.84909)->(41,38,10.4169)->(41,37,10.9349)->(41,36,11.4349)->(41,35,11.9349)->(41,34,12.4349)->(41,33,12.9349)->(41,32,13.4349)->(41,31,13.9528)->(41,30,14.5207)->(41,29,15.2028)->(41,28,16.5207)->(41,27,18.7349)->(42,27,20.9491)->(43,27,22.2669)->(44,27,22.9491)->(45,27,23.5169)->(46,27,24.0349)->(47,27,24.5349)->(48,27,25.0349)->(49,27,25.5349)->(50,27,26.0349)->(51,27,26.5349)->(52,27,27.0349)->(53,27,27.5349)->(54,27,28.0349)->(55,27,28.5528)->(56,27,29.1207)->(57,27,29.8028)->(58,27,31.1207)->(59,27,33.7491)->(59,26,37.3491)->(60,26,39.9775)->(61,26,41.2954)->(62,26,41.9775)->(63,26,42.5454)->(64,26,43.0633)->(65,26,43.5813)->(66,26,44.1491)->(67,26,44.8313)->(68,26,46.1491)->(69,26,55.2733)->(69,27,64.3975)->(69,28,65.7154)->(69,29,66.3975)->(69,30,66.9654)->(69,31,67.4833)->(69,32,67.9833)->(69,33,68.4833)->(69,34,68.9833)->(69,35,69.4833)->(69,36,69.9833)->(69,37,70.4833)->(69,38,70.9833)->(69,39,71.4833)->(69,40,71.9833)->(69,41,72.4833)->(69,42,72.9833)->(69,43,73.4833)->(69,44,73.9833)->(69,45,74.4833)->(69,46,74.9833)->(69,47,75.4833)->(69,48,75.9833)->(69,49,76.4833)->(69,50,76.9833)->(69,51,77.4833)->(69,52,77.9833)->(69,53,78.5013)->(69,54,79.0691)->(69,55,79.7513)->(69,56,81.0691)->(69,57,5040.24)->
Agent 21:(28,28,1.8)->(27,28,3.01421)->(26,28,4.33205)->(25,28,5.01421)->(24,28,5.6)->(23,28,6.18579)->(22,28,6.86795)->(21,28,8.18579)->(20,28,10.4)->(20,27,12.6142)->(20,26,13.9321)->(20,25,14.6142)->(20,24,15.1821)->(20,23,15.7)->(20,22,16.2)->(20,21,16.7)->(20,20,17.2)->(20,19,17.7)->(20,18,18.2)->(20,17,18.7)->(20,16,19.2)->(20,15,19.7)->(20,14,20.2)->(20,13,20.7)->(20,12,21.2)->(20,11,21.7)->(20,10,22.2)->(20,9,22.7)->(20,8,23.2179)->(20,7,23.7858)->(20,6,24.4679)->(20,5,25.7858)->(20,4,28)->(19,4,30.2142)->(18,4,31.5321)->(17,4,32.2238)->(16,4,32.8595)->(15,4,33.5513)->(14,4,34.8691)->(13,4,37.4975)->(13,3,77.4475)->(13,4,5057.09)->
Agent 22:(61,11,1.8)->(60,11,3.01421)->(59,11,4.33205)->(58,11,5.02382)->(57,11,5.65949)->(56,11,6.35126)->(55,11,7.6691)->(54,11,9.88331)->(54,12,12.0975)->(54,13,13.4154)->(54,14,14.0975)->(54,15,14.6654)->(54,16,15.1833)->(54,17,15.6833)->(54,18,16.1833)->(54,19,16.6833)->(54,20,17.1833)->(54,21,17.6833)->(54,22,18.1833)->(54,23,18.6833)->(54,24,19.1833)->(54,25,19.7013)->(54,26,20.2691)->(54,27,20.9513)->(54,28,22.2691)->(54,29,24.4833)->(53,29,26.6975)->(52,29,28.0154)->(51,29,28.6975)->(50,29,29.2654)->(49,29,29.7833)->(48,29,30.2833)->(47,29,30.7833)->(46,29,31.2833)->(45,29,31.7833)->(44,29,32.2833)->(43,29,32.7833)->(42,29,33.2833)->(41,29,33.7833)->(40,29,34.2833)->(39,29,34.7833)->(38,29,35.2833)->(37,29,35.7833)->(36,29,36.2833)->(35,29,36.7833)->(34,29,37.2833)->(33,29,37.7833)->(32,29,38.2833)->(31,29,38.7833)->(30,29,39.3013)->(29,29,39.8691)->(28,29,40.5513)->(27,29,41.8691)->(26,29,44.0833)->(26,28,46.2975)->(26,27,47.6154)->(26,26,48.2975)->(26,25,48.8654)->(26,24,49.3833)->(26,23,49.9013)->(26,22,50.4691)->(26,21,51.1513)->(26,20,52.4691)->(26,19,54.6833)->(25,19,56.8975)->(24,19,58.2154)->(23,19,58.9071)->(22,19,59.5428)->(21,19,60.2346)->(20,19,61.5524)->(19,19,63.7666)->(19,18,65.9808)->(19,17,67.2987)->(19,16,67.9808)->(19,15,68.5487)->(19,14,69.0666)->(19,13,69.5846)->(19,12,70.1524)->(19,11,70.8346)->(19,10,72.1524)->(19,9,74.3666)->(18,9,76.5808)->(17,9,77.8987)->(16,9,78.5808)->(15,9,79.1487)->(14,9,79.6666)->(13,9,80.1666)->(12,9,80.6666)->(11,9,81.1666)->(10,9,81.6666)->(9,9,82.1846)->(8,9,82.7524)->(7,9,83.4346)->(6,9,84.7524)->(5,9,86.9666)->(5,8,89.2161)->(5,7,91.2161)->(5,6,5045.33)->
Agent 23:(43,58,2.2)->(43,57,3.84949)->(43,56,5.84949)->(43,55,33.4514)->(42,55,61.0181)->(41,55,62.3519)->(40,55,63.1804)->(39,55,64.5142)->(38,55,5031.96)->
Agent 24:(73,57,1.88216)->(72,57,3.17854)->(71,57,4.49638)->(70,57,5.22843)->(69,57,5.96048)->(68,57,7.27832)->(67,57,12.8247)->(67,56,18.3711)->(67,55,19.6889)->(67,54,20.3711)->(67,53,20.9389)->(67,52,21.4569)->(67,51,21.9569)->(67,50,22.4569)->(67,49,22.9569)->(67,48,23.4569)->(67,47,23.9569)->(67,46,24.4569)->(67,45,24.9569)->(67,44,25.4569)->(67,43,25.9569)->(67,42,26.4569)->(67,41,26.9569)->(67,40,27.4569)->(67,39,27.9569)->(67,38,28.4569)->(67,37,28.9569)->(67,36,29.4569)->(67,35,29.9569)->(67,34,30.4569)->(67,33,30.9569)->(67,32,31.4569)->(67,31,31.9748)->(67,30,32.5426)->(67,29,33.2248)->(67,28,34.5426)->(67,27,48.4701)->(66,27,62.3975)->(65,27,63.7154)->(64,27,64.3975)->(63,27,64.9654)->(62,27,65.4833)->(61,27,65.9833)->(60,27,66.4833)->(59,27,66.9833)->(58,27,67.4833)->(57,27,67.9833)->(56,27,68.4833)->(55,27,68.9833)->(54,27,69.4833)->(53,27,69.9833)->(52,27,70.4833)->(51,27,70.9833)->(50,27,71.4833)->(49,27,71.9833)->(48,27,72.4833)->(47,27,72.9833)->(46,27,73.4833)->(45,27,73.9833)->(44,27,74.4833)->(43,27,74.9833)->(42,27,75.4833)->(41,27,75.9833)->(40,27,76.4833)->(39,27,76.9833)->(38,27,77.4833)->(37,27,77.9833)->(36,27,78.4833)->(35,27,78.9833)->(34,27,79.4833)->(33,27,79.9833)->(32,27,80.4833)->(31,27,80.9833)->(30,27,81.4833)->(29,27,81.9833)->(28,27,82.4833)->(27,27,82.9833)->(26,27,83.4833)->(25,27,83.9833)->(24,27,84.4833)->(23,27,84.9833)->(22,27,85.4833)->(21,27,85.9833)->(20,27,86.4833)->(19,27,86.9833)->(18,27,87.4833)->(17,27,88.0013)->(16,27,88.5691)->(15,27,89.2513)->(14,27,90.5691)->(13,27,93.1975)->(13,26,5046.79)->
Agent 25:(10,10,1.8)->(11,10,3.01421)->(12,10,4.33205)->(13,10,5.01421)->(14,10,5.58205)->(15,10,6.11795)->(16,10,6.68579)->(17,10,7.36795)->(18,10,8.68579)->(19,10,10.9)->(19,11,13.1142)->(19,12,14.4321)->(19,13,15.1142)->(19,14,15.6821)->(19,15,16.2)->(19,16,16.7)->(19,17,17.2)->(19,18,17.7)->(19,19,18.2)->(19,20,18.7)->(19,21,19.2)->(19,22,19.7)->(19,23,20.2179)->(19,24,20.7858)->(19,25,21.4679)->(19,26,22.7858)->(19,27,25)->(18,27,27.2142)->(17,27,28.5321)->(16,27,29.2238)->(15,27,29.8595)->(14,27,30.5513)->(13,27,31.8691)->(12,27,34.0833)->(12,28,36.2975)->(12,29,37.6154)->(12,30,38.2975)->(12,31,38.8654)->(12,32,39.3833)->(12,33,39.8833)->(12,34,40.3833)->(12,35,40.8833)->(12,36,41.3833)->(12,37,41.8833)->(12,38,42.3833)->(12,39,42.8833)->(12,40,43.3833)->(12,41,43.8833)->(12,42,44.3833)->(12,43,44.8833)->(12,44,45.3833)->(12,45,45.8833)->(12,46,46.3833)->(12,47,46.8833)->(12,48,47.4013)->(12,49,47.9691)->(12,50,48.6513)->(12,51,49.9691)->(12,52,52.2417)->(11,52,54.5142)->(10,52,55.9284)->(9,52,57.3426)->(8,52,59.9711)->(8,53,5030.18)->
Agent 26:(3,53,1.8)->(4,53,3.01421)->(5,53,4.33205)->(6,53,5.01421)->(7,53,5.58205)->(8,53,6.1)->(9,53,6.61795)->(10,53,7.18579)->(11,53,7.86795)->(12,53,9.18579)->(13,53,17.4917)->(13,52,25.7975)->(13,51,27.1154)->(13,50,27.7975)->(13,49,28.3654)->(13,48,28.8833)->(13,47,29.3833)->(13,46,29.8833)->(13,45,30.3833)->(13,44,30.8833)->(13,43,31.3833)->(13,42,31.8833)->(13,41,32.3833)->(13,40,32.8833)->(13,39,33.3833)->(13,38,33.8833)->(13,37,34.3833)->(13,36,34.8833)->(13,35,35.3833)->(13,34,35.8833)->(13,33,36.3833)->(13,32,36.8833)->(13,31,37.3833)->(13,30,37.8833)->(13,29,38.3833)->(13,28,38.8833)->(13,27,39.4013)->(13,26,39.9691)->(13,25,40.6513)->(13,24,41.9691)->(13,23,44.1833)->(14,23,46.3975)->(15,23,47.7154)->(16,23,48.3975)->(17,23,48.9654)->(18,23,49.4833)->(19,23,49.9833)->(20,23,50.4833)->(21,23,50.9833)->(22,23,51.5013)->(23,23,52.0691)->(24,23,52.7513)->(25,23,54.0691)->(26,23,5026.74)->
Agent 27:(68,59,2.2)->(68,58,3.81421)->(68,57,5.13205)->(68,56,5.81421)->(68,55,6.38205)->(68,54,6.9)->(68,53,7.4)->(68,52,7.9)->(68,51,8.4)->(68,50,8.9)->(68,49,9.4)->(68,48,9.9)->(68,47,10.4)->(68,46,10.9)->(68,45,11.4)->(68,44,11.9)->(68,43,12.4)->(68,42,12.9)->(68,41,13.4)->(68,40,13.9)->(68,39,14.4)->(68,38,14.9)->(68,37,15.4)->(68,36,15.9)->(68,35,16.4)->(68,34,16.9)->(68,33,17.4)->(68,32,17.9)->(68,31,18.4179)->(68,30,18.9858)->(68,29,19.6679)->(68,28,20.9858)->(68,27,26.7642)->(67,27,32.5426)->(66,27,33.8605)->(65,27,34.5426)->(64,27,35.1105)->(63,27,35.6284)->(62,27,36.1284)->(61,27,36.6284)->(60,27,37.1284)->(59,27,37.6284)->(58,27,38.1284)->(57,27,38.6284)->(56,27,39.1284)->(55,27,39.6284)->(54,27,40.1284)->(53,27,40.6284)->(52,27,41.1284)->(51,27,41.6284)->(50,27,42.1284)->(49,27,42.6284)->(48,27,43.1284)->(47,27,43.6284)->(46,27,44.1284)->(45,27,44.6464)->(44,27,45.2142)->(43,27,45.8964)->(42,27,47.2142)->(41,27,49.4284)->(41,26,51.6426)->(41,25,52.9765)->(41,24,53.8049)->(41,23,55.1388)->(41,22,57.353)->(40,22,59.5672)->(39,22,60.885)->(38,22,61.5672)->(37,22,62.135)->(36,22,62.653)->(35,22,63.153)->(34,22,63.653)->(33,22,64.153)->(32,22,64.653)->(31,22,65.153)->(30,22,65.653)->(29,22,66.153)->(28,22,66.6709)->(27,22,67.2388)->(26,22,67.9209)->(25,22,69.2388)->(24,22,5034.33)->
Agent 28:(2,26,1.71421)->(2,27,3.81421)->(3,27,6.44264)->(4,27,7.76048)->(5,27,8.44264)->(6,27,9.01048)->(7,27,9.52843)->(8,27,10.0284)->(9,27,10.5284)->(10,27,11.0284)->(11,27,11.5284)->(12,27,12.0284)->(13,27,12.5284)->(14,27,13.0284)->(15,27,13.5284)->(16,27,14.0284)->(17,27,14.5284)->(18,27,15.0284)->(19,27,15.5284)->(20,27,16.0284)->(21,27,16.5284)->(22,27,17.0284)->(23,27,17.5284)->(24,27,18.0284)->(25,27,18.5284)->(26,27,19.0284)->(27,27,19.5284)->(28,27,20.0284)->(29,27,20.5284)->(30,27,21.0284)->(31,27,21.5284)->(32,27,22.0284)->(33,27,22.5284)->(34,27,23.0284)->(35,27,23.5284)->(36,27,24.0284)->(37,27,24.5284)->(38,27,25.0284)->(39,27,25.5284)->(40,27,26.0284)->(41,27,26.5284)->(42,27,27.0284)->(43,27,27.5284)->(44,27,28.0284)->(45,27,28.5284)->(46,27,29.0284)->(47,27,29.5284)->(48,27,30.0284)->(49,27,30.5284)->(50,27,31.0284)->(51,27,31.5464)->(52,27,32.1142)->(53,27,32.7964)->(54,27,34.1142)->(55,27,36.3284)->(55,28,38.5426)->(55,29,39.8605)->(55,30,40.5426)->(55,31,41.1105)->(55,32,41.6284)->(55,33,42.1284)->(55,34,42.6284)->(55,35,43.1284)->(55,36,43.6464)->(55,37,44.2142)->(55,38,44.8964)->(55,39,46.2142)->(55,40,5022.81)->
Agent 29:(41,40,2.2)->(41,39,3.81421)->(41,38,5.13205)->(41,37,5.81421)->(41,36,6.38205)->(41,35,6.9)->(41,34,7.4)->(41,33,7.9)->(41,32,8.4)->(41,31,8.9)->(41,30,9.41795)->(41,29,9.98579)->(41,28,10.6679)->(41,27,11.9858)->(41,26,14.2)->(40,26,16.4142)->(39,26,17.7321)->(38,26,18.4142)->(37,26,18.9821)->(36,26,19.5)->(35,26,20)->(34,26,20.5)->(33,26,21)->(32,26,21.5)->(31,26,22)->(30,26,22.5)->(29,26,23)->(28,26,23.5)->(27,26,24)->(26,26,24.5)->(25,26,25)->(24,26,25.5)->(23,26,26)->(22,26,26.5)->(21,26,27)->(20,26,27.5)->(19,26,28)->(18,26,28.5)->(17,26,29)->(16,26,29.5)->(15,26,30.0179)->(14,26,30.5858)->(13,26,31.2679)->(12,26,32.5858)->(11,26,34.8)->(11,27,37.0142)->(11,28,38.3321)->(11,29,39.0142)->(11,30,39.5821)->(11,31,40.1)->(11,32,40.6)->(11,33,41.1)->(11,34,41.6)->(11,35,42.1)->(11,36,42.6)->(11,37,43.1)->(11,38,43.6)->(11,39,44.1)->(11,40,44.6)->(11,41,45.1)->(11,42,45.6)->(11,43,46.1)->(11,44,46.6)->(11,45,47.1)->(11,46,47.6)->(11,47,48.1)->(11,48,48.6)->(11,49,49.1179)->(11,50,49.6858)->(11,51,50.3679)->(11,52,51.6858)->(11,53,53.9)->(10,53,56.7)->(9,53,5028.35)->
