Agent 0:(37,53,2.2)->(37,52,3.84949)->(37,51,5.84949)->(37,50,8.09898)->(36,50,10.3132)->(35,50,11.631)->(34,50,12.3228)->(33,50,12.9585)->(32,50,13.6502)->(31,50,14.9681)->(30,50,5007.19)->
Agent 1:(35,50,2.2)->(35,49,3.81421)->(35,48,5.13205)->(35,47,5.81421)->(35,46,6.38205)->(35,45,6.9)->(35,44,7.4)->(35,43,7.9)->(35,42,8.4)->(35,41,8.9)->(35,40,9.4)->(35,39,9.9)->(35,38,10.4179)->(35,37,10.9858)->(35,36,11.6679)->(35,35,12.9858)->(35,34,15.2)->(36,34,18)->(37,34,25.85)->(37,33,33.1142)->(37,32,34.4321)->(37,31,35.1142)->(37,30,35.6821)->(37,29,36.2)->(37,28,36.7)->(37,27,37.2)->(37,26,37.7)->(37,25,38.2)->(37,24,38.7)->(37,23,39.2)->(37,22,39.7)->(37,21,40.2)->(37,20,40.7)->(37,19,41.2)->(37,18,41.7)->(37,17,42.2)->(37,16,42.7)->(37,15,43.2)->(37,14,43.7)->(37,13,44.2)->(37,12,44.7179)->(37,11,45.2858)->(37,10,45.9679)->(37,9,47.2858)->(37,8,49.9142)->(38,8,53.5142)->(38,7,56.1426)->(38,6,57.5569)->(38,5,58.9711)->(38,4,61.5995)->(39,4,5030.99)->
Agent 2:(25,32,2.2)->(25,31,3.81421)->(25,30,5.13205)->(25,29,5.8641)->(25,28,6.59615)->(25,27,7.91399)->(25,26,11.8566)->(26,26,15.7993)->(27,26,17.1171)->(28,26,17.7993)->(29,26,18.3671)->(30,26,18.8851)->(31,26,19.3851)->(32,26,19.8851)->(33,26,20.3851)->(34,26,20.8851)->(35,26,21.3851)->(36,26,21.8851)->(37,26,22.3851)->(38,26,22.8851)->(39,26,23.3851)->(40,26,23.8851)->(41,26,24.3851)->(42,26,24.8851)->(43,26,25.3851)->(44,26,25.8851)->(45,26,26.403)->(46,26,26.9708)->(47,26,27.653)->(48,26,28.9708)->(49,26,31.5993)->(49,27,5015.99)->
Agent 3:(10,4,2.21421)->(11,4,4.81421)->(11,5,7.44264)->(11,6,8.76048)->(11,7,9.44264)->(11,8,10.0105)->(11,9,10.5284)->(11,10,11.0284)->(11,11,11.5284)->(11,12,12.0284)->(11,13,12.5284)->(11,14,13.0284)->(11,15,13.5284)->(11,16,14.0284)->(11,17,14.5284)->(11,18,15.0284)->(11,19,15.5284)->(11,20,16.0284)->(11,21,16.5284)->(11,22,17.0284)->(11,23,17.5284)->(11,24,18.0464)->(11,25,18.6142)->(11,26,19.2964)->(11,27,20.6142)->(11,28,23.2426)->(10,28,26.8426)->(10,29,29.4711)->(10,30,30.7889)->(10,31,31.4711)->(10,32,32.0389)->(10,33,32.5569)->(10,34,33.0748)->(10,35,33.6426)->(10,36,34.3248)->(10,37,35.6426)->(10,38,38.2711)->(11,38,5019.33)->
Agent 4:(30,17,1.3)->(30,18,2.01421)->(30,19,3.33205)->(30,20,4.0641)->(30,21,4.79615)->(30,22,6.11399)->(30,23,8.3282)->(29,23,10.5424)->(28,23,11.8603)->(27,23,12.5424)->(26,23,13.1282)->(25,23,13.714)->(24,23,14.3962)->(23,23,15.714)->(22,23,5007.56)->
Agent 5:(47,26,2.2)->(47,25,3.81421)->(47,24,5.14806)->(47,23,5.97649)->(47,22,7.31034)->(47,21,9.52456)->(46,21,11.7388)->(45,21,13.0566)->(44,21,13.7388)->(43,21,14.3246)->(42,21,14.9103)->(41,21,15.5925)->(40,21,16.9103)->(39,21,5008.16)->
Agent 6:(11,48,1.3)->(11,49,2.01421)->(11,50,3.33205)->(11,51,4.01421)->(11,52,4.6)->(11,53,5.18579)->(11,54,5.86795)->(11,55,7.18579)->(11,56,9.4)->(12,56,11.6142)->(13,56,12.9321)->(14,56,13.6142)->(15,56,14.1821)->(16,56,14.7)->(17,56,15.2)->(18,56,15.7)->(19,56,16.2)->(20,56,16.7)->(21,56,17.2)->(22,56,17.7)->(23,56,18.2)->(24,56,18.7)->(25,56,19.2)->(26,56,19.7)->(27,56,20.2)->(28,56,20.7)->(29,56,21.2)->(30,56,21.7)->(31,56,22.2)->(32,56,22.7)->(33,56,23.2)->(34,56,23.7)->(35,56,24.2179)->(36,56,24.7858)->(37,56,25.4679)->(38,56,26.7858)->(39,56,29)->(39,57,31.2142)->(39,58,32.6284)->(39,59,34.0426)->(39,60,5016.73)->
Agent 7:(63,50,2.61421)->(63,49,5.61421)->(62,49,8.24264)->(61,49,9.56048)->(60,49,10.2426)->(59,49,10.8105)->(58,49,11.3284)->(57,49,11.8284)->(56,49,12.3284)->(55,49,12.8284)->(54,49,13.3284)->(53,49,13.8284)->(52,49,14.3284)->(51,49,14.8284)->(50,49,15.3284)->(49,49,15.8284)->(48,49,16.3284)->(47,49,16.8284)->(46,49,17.3284)->(45,49,17.8284)->(44,49,18.3284)->(43,49,18.8284)->(42,49,19.3284)->(41,49,19.8284)->(40,49,20.3284)->(39,49,20.8284)->(38,49,21.3464)->(37,49,21.9142)->(36,49,22.5964)->(35,49,23.9142)->(34,49,26.1284)->(34,48,28.3426)->(34,47,29.6605)->(34,46,30.3522)->(34,45,30.9879)->(34,44,31.6797)->(34,43,32.9975)->(34,42,35.2117)->(33,42,37.426)->(32,42,38.7438)->(31,42,39.426)->(30,42,39.9938)->(29,42,40.5117)->(28,42,41.0117)->(27,42,41.5117)->(26,42,42.0117)->(25,42,42.5117)->(24,42,43.0117)->(23,42,43.5117)->(22,42,44.0117)->(21,42,44.5117)->(20,42,45.0117)->(19,42,45.5117)->(18,42,46.0117)->(17,42,46.5297)->(16,42,47.0975)->(15,42,47.7797)->(14,42,49.0975)->(13,42,51.726)->(13,43,5026.06)->
Agent 8:(41,20,2.2)->(41,19,3.81421)->(41,18,5.14806)->(41,17,5.97649)->(41,16,7.31034)->(41,15,9.6425)->(40,15,11.9747)->(39,15,13.2925)->(38,15,13.9747)->(37,15,14.5425)->(36,15,15.0605)->(35,15,15.5605)->(34,15,16.0605)->(33,15,16.5605)->(32,15,17.0784)->(31,15,17.6462)->(30,15,18.3284)->(29,15,19.6462)->(28,15,21.8605)->(28,14,24.0747)->(28,13,25.3925)->(28,12,26.0747)->(28,11,26.6425)->(28,10,27.1605)->(28,9,27.6605)->(28,8,28.1784)->(28,7,28.7462)->(28,6,29.4284)->(28,5,30.7462)->(28,4,33.3747)->(27,4,5016.88)->
Agent 9:(27,52,2.2)->(27,51,3.81421)->(27,50,5.13205)->(27,49,5.81421)->(27,48,6.38205)->(27,47,6.9)->(27,46,7.4)->(27,45,7.91795)->(27,44,8.48579)->(27,43,9.16795)->(27,42,10.4858)->(27,41,13.1142)->(28,41,5006.75)->
Agent 10:(39,39,1.8)->(40,39,3.01421)->(41,39,4.33205)->(42,39,5.01421)->(43,39,5.6)->(44,39,6.18579)->(45,39,6.86795)->(46,39,8.18579)->(47,39,10.4)->(47,40,12.6142)->(47,41,13.9481)->(47,42,14.7765)->(47,43,16.1103)->(47,44,5007.76)->
Agent 11:(35,46,1.8)->(34,46,3.01421)->(33,46,4.33205)->(32,46,5.02382)->(31,46,5.65949)->(30,46,6.35126)->(29,46,7.6691)->(28,46,9.88331)->(28,47,12.0975)->(28,48,13.4314)->(28,49,14.2598)->(28,50,15.5937)->(28,51,17.8079)->(27,51,20.0221)->(26,51,21.3399)->(25,51,22.0221)->(24,51,22.5899)->(23,51,23.1079)->(22,51,23.6079)->(21,51,24.1079)->(20,51,24.6079)->(19,51,25.1079)->(18,51,25.6079)->(17,51,26.1079)->(16,51,26.6079)->(15,51,27.1079)->(14,51,27.6079)->(13,51,28.1079)->(12,51,28.6079)->(11,51,29.1079)->(10,51,29.6079)->(9,51,30.1258)->(8,51,30.6937)->(7,51,31.3758)->(6,51,32.6937)->(5,51,34.9079)->(5,50,37.7079)->(5,49,40.9221)->(6,49,5020.65)->
Agent 12:(35,31,1.8)->(34,31,3.01421)->(33,31,4.34806)->(32,31,5.17649)->(31,31,6.51034)->(30,31,8.7425)->(30,30,10.9747)->(30,29,12.2925)->(30,28,12.9747)->(30,27,13.5425)->(30,26,14.0605)->(30,25,14.5605)->(30,24,15.0605)->(30,23,15.5605)->(30,22,16.0605)->(30,21,16.5605)->(30,20,17.0605)->(30,19,17.5605)->(30,18,18.0605)->(30,17,18.5605)->(30,16,19.0605)->(30,15,19.5605)->(30,14,20.0605)->(30,13,20.5605)->(30,12,21.0605)->(30,11,21.5605)->(30,10,22.0605)->(30,9,22.5605)->(30,8,23.0605)->(30,7,23.5605)->(30,6,24.0605)->(30,5,24.5784)->(30,4,25.1462)->(30,3,25.8284)->(30,2,27.1462)->(30,1,31.1605)->(29,1,35.1747)->(28,1,36.4925)->(27,1,37.1747)->(26,1,37.7425)->(25,1,38.2784)->(24,1,38.8462)->(23,1,39.5284)->(22,1,40.8462)->(21,1,43.4747)->(21,0,5021.93)->
Agent 13:(61,10,1.3)->(61,11,2.01421)->(61,12,3.33205)->(61,13,4.01421)->(61,14,4.58205)->(61,15,5.1)->(61,16,5.6)->(61,17,6.1)->(61,18,6.6)->(61,19,7.11795)->(61,20,7.68579)->(61,21,8.36795)->(61,22,9.68579)->(61,23,11.9)->(60,23,14.1142)->(59,23,15.5284)->(58,23,16.9426)->(57,23,20.3284)->(57,24,23.7142)->(57,25,25.0321)->(57,26,25.7142)->(57,27,26.2821)->(57,28,26.8)->(57,29,27.3)->(57,30,27.8)->(57,31,28.3)->(57,32,28.8)->(57,33,29.3)->(57,34,29.8)->(57,35,30.3)->(57,36,30.8)->(57,37,31.3)->(57,38,31.8)->(57,39,32.3)->(57,40,32.8)->(57,41,33.3179)->(57,42,33.8858)->(57,43,34.5679)->(57,44,35.8858)->(57,45,38.5142)->(56,45,42.1142)->(56,46,44.7426)->(56,47,46.0605)->(56,48,46.7426)->(56,49,47.3105)->(56,50,47.8284)->(56,51,48.3284)->(56,52,48.8284)->(56,53,49.3464)->(56,54,49.9142)->(56,55,50.5964)->(56,56,51.9142)->(56,57,54.1284)->(55,57,56.3426)->(54,57,57.6605)->(53,57,58.3426)->(52,57,58.9105)->(51,57,59.4284)->(50,57,59.9284)->(49,57,60.4284)->(48,57,60.9284)->(47,57,61.4284)->(46,57,61.9284)->(45,57,62.4284)->(44,57,62.9284)->(43,57,63.4284)->(42,57,63.9284)->(41,57,64.4284)->(40,57,64.9284)->(39,57,65.4284)->(38,57,65.9284)->(37,57,66.4284)->(36,57,66.9284)->(35,57,67.4284)->(34,57,67.9284)->(33,57,68.4284)->(32,57,68.9284)->(31,57,69.4284)->(30,57,69.9284)->(29,57,70.4464)->(28,57,71.0142)->(27,57,71.6964)->(26,57,73.0142)->(25,57,5036.21)->
Agent 14:(59,44,1.8)->(58,44,3.6)->(57,44,6.4)->(57,43,8.61421)->(57,42,9.93205)->(57,41,10.6142)->(57,40,11.1821)->(57,39,11.7)->(57,38,12.2)->(57,37,12.7)->(57,36,13.2)->(57,35,13.7)->(57,34,14.2)->(57,33,14.7)->(57,32,15.2)->(57,31,15.7)->(57,30,16.2)->(57,29,16.7179)->(57,28,17.2858)->(57,27,17.9679)->(57,26,19.2858)->(57,25,21.5)->(56,25,23.7142)->(55,25,25.0321)->(54,25,25.7142)->(53,25,26.2821)->(52,25,26.8)->(51,25,27.3)->(50,25,27.8)->(49,25,28.3)->(48,25,28.8)->(47,25,29.3)->(46,25,29.8)->(45,25,30.3179)->(44,25,30.8858)->(43,25,31.5679)->(42,25,32.8858)->(41,25,35.5142)->(41,26,39.1142)->(40,26,41.7426)->(39,26,43.0605)->(38,26,43.7426)->(37,26,44.3105)->(36,26,44.8284)->(35,26,45.3284)->(34,26,45.8284)->(33,26,46.3284)->(32,26,46.8284)->(31,26,47.3284)->(30,26,47.8284)->(29,26,48.3284)->(28,26,48.8284)->(27,26,49.3284)->(26,26,49.8284)->(25,26,50.3284)->(24,26,50.8284)->(23,26,51.3284)->(22,26,51.8284)->(21,26,52.3284)->(20,26,52.8464)->(19,26,53.4142)->(18,26,54.0964)->(17,26,55.4142)->(16,26,57.6284)->(16,25,59.8426)->(16,24,61.1605)->(16,23,61.8426)->(16,22,62.4105)->(16,21,62.9284)->(16,20,63.4284)->(16,19,63.9284)->(16,18,64.4284)->(16,17,64.9284)->(16,16,65.4284)->(16,15,65.9284)->(16,14,66.4284)->(16,13,66.9284)->(16,12,67.4284)->(16,11,67.9464)->(16,10,68.5142)->(16,9,69.1964)->(16,8,70.5142)->(16,7,73.1426)->(17,7,5036.76)->
Agent 15:(7,35,2.2)->(7,34,3.81421)->(7,33,5.14806)->(7,32,5.97649)->(7,31,7.31034)->(7,30,9.52456)->(8,30,11.7388)->(9,30,13.0566)->(10,30,13.7388)->(11,30,14.3066)->(12,30,14.8246)->(13,30,15.3246)->(14,30,15.8246)->(15,30,16.3246)->(16,30,16.8246)->(17,30,17.3246)->(18,30,17.8246)->(19,30,18.3246)->(20,30,18.8246)->(21,30,19.3246)->(22,30,19.8246)->(23,30,20.3246)->(24,30,20.8246)->(25,30,21.3246)->(26,30,21.8425)->(27,30,22.4103)->(28,30,23.0925)->(29,30,24.4103)->(30,30,26.6246)->(30,29,28.8388)->(30,28,30.1566)->(30,27,30.8388)->(30,26,31.4066)->(30,25,31.9246)->(30,24,32.4425)->(30,23,33.0103)->(30,22,33.6925)->(30,21,35.0103)->(30,20,37.2246)->(31,20,39.4388)->(32,20,40.853)->(33,20,42.2672)->(34,20,5020.84)->
Agent 16:(11,40,2.2)->(11,39,3.81421)->(11,38,5.22843)->(11,37,6.64264)->(11,36,8.85685)->(10,36,11.6569)->(9,36,5005.83)->
Agent 17:(42,11,1.8)->(41,11,3.01421)->(40,11,4.34806)->(39,11,5.17649)->(38,11,6.51034)->(37,11,8.72456)->(37,12,10.9388)->(37,13,12.2566)->(37,14,12.9388)->(37,15,13.5066)->(37,16,14.0246)->(37,17,14.5246)->(37,18,15.0246)->(37,19,15.5246)->(37,20,16.0246)->(37,21,16.5246)->(37,22,17.0246)->(37,23,17.5246)->(37,24,18.0246)->(37,25,18.5246)->(37,26,19.0425)->(37,27,19.6103)->(37,28,20.2925)->(37,29,21.6103)->(37,30,23.8246)->(36,30,26.0388)->(35,30,27.3566)->(34,30,28.0388)->(33,30,28.6066)->(32,30,29.1246)->(31,30,29.6246)->(30,30,30.1246)->(29,30,30.6246)->(28,30,31.1246)->(27,30,31.6246)->(26,30,32.1246)->(25,30,32.6246)->(24,30,33.1246)->(23,30,33.6425)->(22,30,34.2103)->(21,30,34.8925)->(20,30,36.2103)->(19,30,38.4246)->(19,31,40.6388)->(19,32,41.9566)->(19,33,42.6388)->(19,34,43.2066)->(19,35,43.7246)->(19,36,44.2246)->(19,37,44.7425)->(19,38,45.3103)->(19,39,45.9925)->(19,40,47.3103)->(19,41,49.9388)->(18,41,5025.16)->
Agent 18:(33,24,1.71421)->(33,25,3.81421)->(32,25,6.44264)->(31,25,7.76048)->(30,25,8.49253)->(29,25,9.22458)->(28,25,10.5424)->(27,25,16.7548)->(27,26,22.9672)->(27,27,24.285)->(27,28,24.9672)->(27,29,25.535)->(27,30,26.053)->(27,31,26.553)->(27,32,27.053)->(27,33,27.553)->(27,34,28.053)->(27,35,28.553)->(27,36,29.053)->(27,37,29.553)->(27,38,30.053)->(27,39,30.553)->(27,40,31.053)->(27,41,31.553)->(27,42,32.053)->(27,43,32.553)->(27,44,33.053)->(27,45,33.553)->(27,46,34.053)->(27,47,34.553)->(27,48,35.053)->(27,49,35.553)->(27,50,36.0709)->(27,51,36.6388)->(27,52,37.3209)->(27,53,38.6388)->(27,54,41.2672)->(28,54,44.8672)->(28,55,47.4956)->(28,56,48.8135)->(28,57,49.4956)->(28,58,50.0814)->(28,59,50.6672)->(28,60,51.3494)->(28,61,52.6672)->(28,62,5026.04)->
Agent 19:(40,53,2.2)->(40,52,3.81421)->(40,51,5.13205)->(40,50,5.81421)->(40,49,6.38205)->(40,48,6.9)->(40,47,7.4)->(40,46,7.9)->(40,45,8.4)->(40,44,8.9)->(40,43,9.4)->(40,42,9.9)->(40,41,10.4)->(40,40,10.9)->(40,39,11.4)->(40,38,11.9179)->(40,37,12.4858)->(40,36,13.1679)->(40,35,14.4858)->(40,34,16.7)->(41,34,18.9142)->(42,34,20.2321)->(43,34,20.9238)->(44,34,21.5595)->(45,34,22.2513)->(46,34,23.5691)->(47,34,25.7833)->(47,33,27.9975)->(47,32,29.3154)->(47,31,29.9975)->(47,30,30.5654)->(47,29,31.0833)->(47,28,31.5833)->(47,27,32.0833)->(47,26,32.5833)->(47,25,33.0833)->(47,24,33.5833)->(47,23,34.0833)->(47,22,34.5833)->(47,21,35.0833)->(47,20,35.5833)->(47,19,36.0833)->(47,18,36.5833)->(47,17,37.1013)->(47,16,37.6691)->(47,15,38.3513)->(47,14,39.6691)->(47,13,41.8833)->(48,13,44.0975)->(49,13,45.4154)->(50,13,46.1071)->(51,13,46.7428)->(52,13,47.4346)->(53,13,48.7524)->(54,13,50.9666)->(54,12,53.7666)->(54,11,5026.88)->
Agent 20:(21,34,1.3)->(21,35,2.01421)->(21,36,3.33205)->(21,37,4.01421)->(21,38,4.6)->(21,39,5.18579)->(21,40,5.86795)->(21,41,7.18579)->(21,42,9.4)->(22,42,11.6142)->(23,42,12.9321)->(24,42,13.6142)->(25,42,14.1821)->(26,42,14.7)->(27,42,15.2)->(28,42,15.7)->(29,42,16.2)->(30,42,16.7)->(31,42,17.2)->(32,42,17.7)->(33,42,18.2)->(34,42,18.7)->(35,42,19.2)->(36,42,19.7179)->(37,42,20.2858)->(38,42,20.9679)->(39,42,22.2858)->(40,42,24.5)->(40,43,26.7142)->(40,44,28.0321)->(40,45,28.7238)->(40,46,29.3595)->(40,47,30.0513)->(40,48,31.3691)->(40,49,33.5833)->(41,49,35.7975)->(42,49,37.1154)->(43,49,37.7975)->(44,49,38.3654)->(45,49,38.8833)->(46,49,39.3833)->(47,49,39.8833)->(48,49,40.3833)->(49,49,40.8833)->(50,49,41.3833)->(51,49,41.8833)->(52,49,42.3833)->(53,49,42.8833)->(54,49,43.3833)->(55,49,43.9013)->(56,49,44.4691)->(57,49,45.1513)->(58,49,46.4691)->(59,49,48.6833)->(59,50,50.8975)->(59,51,52.2314)->(59,52,53.0598)->(59,53,54.3937)->(59,54,56.6079)->(60,54,59.4079)->(61,54,5029.7)->
Agent 21:(22,49,1.71421)->(22,50,3.81421)->(23,50,6.44264)->(24,50,7.77649)->(25,50,8.60492)->(26,50,9.93877)->(27,50,12.153)->(27,49,14.3672)->(27,48,15.685)->(27,47,16.3672)->(27,46,16.935)->(27,45,17.453)->(27,44,17.953)->(27,43,18.453)->(27,42,18.953)->(27,41,19.453)->(27,40,19.953)->(27,39,20.4709)->(27,38,21.0388)->(27,37,21.7209)->(27,36,23.0388)->(27,35,25.253)->(28,35,27.4672)->(29,35,28.785)->(30,35,29.4672)->(31,35,30.053)->(32,35,30.6388)->(33,35,31.3209)->(34,35,32.6388)->(35,35,5016.03)->
Agent 22:(9,39,2.61421)->(10,39,4.67792)->(11,39,6.67792)->(12,39,8.92741)->(12,40,11.1416)->(12,41,12.4595)->(12,42,13.1416)->(12,43,13.7095)->(12,44,14.2274)->(12,45,14.7274)->(12,46,15.2274)->(12,47,15.7274)->(12,48,16.2274)->(12,49,16.7274)->(12,50,17.2454)->(12,51,17.8132)->(12,52,18.4954)->(12,53,19.8132)->(12,54,5009.61)->
Agent 23:(60,1,2.42843)->(60,2,4.27107)->(60,3,5.58891)->(60,4,6.27107)->(60,5,6.83891)->(60,6,7.35685)->(60,7,7.85685)->(60,8,8.35685)->(60,9,8.85685)->(60,10,9.35685)->(60,11,9.85685)->(60,12,10.3569)->(60,13,10.8569)->(60,14,11.3569)->(60,15,11.8569)->(60,16,12.3569)->(60,17,12.8569)->(60,18,13.3569)->(60,19,13.8569)->(60,20,14.3748)->(60,21,14.9426)->(60,22,15.6248)->(60,23,16.9426)->(60,24,19.1569)->(59,24,21.9569)->(58,24,5010.98)->
Agent 24:(20,28,1.3)->(20,29,2.01421)->(20,30,3.33205)->(20,31,4.02382)->(20,32,4.65949)->(20,33,5.35126)->(20,34,6.6691)->(20,35,8.88331)->(21,35,11.0975)->(22,35,12.4154)->(23,35,13.0975)->(24,35,13.6654)->(25,35,14.1833)->(26,35,14.6833)->(27,35,15.1833)->(28,35,15.6833)->(29,35,16.1833)->(30,35,16.6833)->(31,35,17.1833)->(32,35,17.6833)->(33,35,18.1833)->(34,35,18.6833)->(35,35,19.1833)->(36,35,19.7013)->(37,35,20.2691)->(38,35,20.9513)->(39,35,22.2691)->(40,35,25.5333)->(40,36,28.7975)->(40,37,30.1154)->(40,38,30.7975)->(40,39,31.3654)->(40,40,31.8833)->(40,41,32.3833)->(40,42,32.8833)->(40,43,33.3833)->(40,44,33.8833)->(40,45,34.4013)->(40,46,34.9691)->(40,47,35.6513)->(40,48,36.9691)->(40,49,39.1833)->(41,49,41.3975)->(42,49,42.7154)->(43,49,43.3975)->(44,49,43.9654)->(45,49,44.4833)->(46,49,45.0013)->(47,49,45.5691)->(48,49,46.2513)->(49,49,47.5691)->(50,49,5023.49)->
Agent 25:(59,0,1.71421)->(59,1,3.81421)->(58,1,6.44264)->(57,1,7.76048)->(56,1,8.44264)->(55,1,9.01048)->(54,1,9.52843)->(53,1,10.0284)->(52,1,10.5284)->(51,1,11.0284)->(50,1,11.5284)->(49,1,12.0284)->(48,1,12.5284)->(47,1,13.0284)->(46,1,13.5284)->(45,1,14.0284)->(44,1,14.5284)->(43,1,15.0284)->(42,1,15.5284)->(41,1,16.0284)->(40,1,16.5284)->(39,1,17.0284)->(38,1,17.5284)->(37,1,18.0284)->(36,1,18.5284)->(35,1,19.0284)->(34,1,19.5284)->(33,1,20.0284)->(32,1,20.5464)->(31,1,21.1142)->(30,1,21.7964)->(29,1,23.1142)->(28,1,29.1444)->(28,2,35.1747)->(28,3,36.4925)->(28,4,37.1747)->(28,5,37.7425)->(28,6,38.2605)->(28,7,38.7605)->(28,8,39.2605)->(28,9,39.7605)->(28,10,40.2784)->(28,11,40.8462)->(28,12,41.5284)->(28,13,42.8462)->(28,14,5021.13)->
Agent 26:(18,55,1.8)->(19,55,3.01421)->(20,55,4.33205)->(21,55,5.0641)->(22,55,5.79615)->(23,55,7.11399)->(24,55,9.3282)->(24,56,12.1282)->(24,57,14.9282)->(25,57,17.1424)->(26,57,18.4603)->(27,57,19.1424)->(28,57,19.7103)->(29,57,20.2282)->(30,57,20.7282)->(31,57,21.2282)->(32,57,21.7282)->(33,57,22.2282)->(34,57,22.7282)->(35,57,23.2282)->(36,57,23.7282)->(37,57,24.2282)->(38,57,24.7282)->(39,57,25.2282)->(40,57,25.7282)->(41,57,26.2282)->(42,57,26.7282)->(43,57,27.2282)->(44,57,27.7282)->(45,57,28.2282)->(46,57,28.7282)->(47,57,29.2282)->(48,57,29.7282)->(49,57,30.2282)->(50,57,30.7282)->(51,57,31.2282)->(52,57,31.7282)->(53,57,32.2282)->(54,57,32.7462)->(55,57,33.314)->(56,57,33.9962)->(57,57,35.314)->(58,57,37.9424)->(58,56,45.8283)->(57,56,53.3284)->(56,56,5026.66)->
Agent 27:(51,4,2.21421)->(50,4,4.81421)->(50,5,7.44264)->(50,6,8.76048)->(50,7,9.44264)->(50,8,10.0105)->(50,9,10.5284)->(50,10,11.0284)->(50,11,11.5284)->(50,12,12.0284)->(50,13,12.5284)->(50,14,13.0284)->(50,15,13.5464)->(50,16,14.1142)->(50,17,14.7964)->(50,18,16.1142)->(50,19,5007.76)->
Agent 28:(27,48,2.2)->(27,47,3.81421)->(27,46,5.13205)->(27,45,5.81421)->(27,44,6.38205)->(27,43,6.9)->(27,42,7.4)->(27,41,7.9)->(27,40,8.4)->(27,39,8.9)->(27,38,9.4)->(27,37,9.91795)->(27,36,10.4858)->(27,35,11.1679)->(27,34,12.4858)->(27,33,14.7)->(28,33,16.9142)->(29,33,18.2321)->(30,33,18.9142)->(31,33,19.4821)->(32,33,20)->(33,33,20.5179)->(34,33,21.0858)->(35,33,21.7679)->(36,33,23.0858)->(37,33,25.3)->(37,32,27.5142)->(37,31,28.8321)->(37,30,29.5142)->(37,29,30.1)->(37,28,30.6858)->(37,27,31.3679)->(37,26,32.6858)->(37,25,34.9)->(38,25,37.1142)->(39,25,38.4321)->(40,25,39.1142)->(41,25,39.6821)->(42,25,40.2)->(43,25,40.7)->(44,25,41.2)->(45,25,41.7)->(46,25,42.2)->(47,25,42.7)->(48,25,43.2)->(49,25,43.7)->(50,25,44.2)->(51,25,44.7)->(52,25,45.2)->(53,25,45.7)->(54,25,46.2)->(55,25,46.7)->(56,25,47.2179)->(57,25,47.7858)->(58,25,48.4679)->(59,25,49.7858)->(60,25,52)->(60,26,54.8)->(60,27,5027.4)->
Agent 29:(47,13,1.71421)->(47,14,3.81421)->(48,14,6.44264)->(49,14,7.76048)->(50,14,8.44264)->(51,14,9.01048)->(52,14,9.52843)->(53,14,10.0464)->(54,14,10.6142)->(55,14,11.2964)->(56,14,12.6142)->(57,14,14.8284)->(57,13,17.0426)->(57,12,18.3605)->(57,11,19.0426)->(57,10,19.6105)->(57,9,20.1464)->(57,8,20.7142)->(57,7,21.3964)->(57,6,22.7142)->(57,5,5011.06)->
