Agent 0:(28,21,1.3)->(28,22,2.01421)->(28,23,3.34806)->(28,24,4.17649)->(28,25,5.51034)->(28,26,7.72456)->(29,26,9.97405)->(30,26,11.974)->(31,26,14.2235)->(31,25,16.4377)->(31,24,17.7556)->(31,23,18.4377)->(31,22,19.0056)->(31,21,19.5235)->(31,20,20.0235)->(31,19,20.5235)->(31,18,21.0235)->(31,17,21.5235)->(31,16,22.0235)->(31,15,22.5235)->(31,14,23.0235)->(31,13,23.5415)->(31,12,24.1093)->(31,11,24.7915)->(31,10,26.1093)->(31,9,28.3235)->(30,9,30.5377)->(29,9,31.8716)->(28,9,32.7)->(27,9,34.0339)->(26,9,42.474)->(26,8,51.5)->(26,7,5025.75)->
Agent 1:(18,9,2.8)->(18,8,5.04949)->(18,7,7.04949)->(18,6,10.1137)->(19,6,14.1142)->(19,5,16.7426)->(19,4,18.1569)->(19,3,19.5711)->(19,2,25.7333)->(18,2,31.8956)->(17,2,33.2135)->(16,2,33.9455)->(15,2,34.6776)->(14,2,35.9954)->(13,2,38.2096)->(13,3,40.4238)->(13,4,41.7417)->(13,5,42.4238)->(13,6,42.9917)->(13,7,43.5096)->(13,8,44.0096)->(13,9,44.5096)->(13,10,45.0096)->(13,11,45.5096)->(13,12,46.0276)->(13,13,46.5954)->(13,14,47.2776)->(13,15,48.5954)->(13,16,54.1327)->(12,16,59.67)->(11,16,60.9879)->(10,16,61.7199)->(9,16,62.452)->(8,16,63.7698)->(7,16,66.3983)->(7,15,5033.39)->
Agent 2:(19,6,2.2)->(19,5,3.81421)->(19,4,5.14806)->(19,3,5.97649)->(19,2,7.31034)->(19,1,9.52456)->(18,1,11.7388)->(17,1,13.0566)->(16,1,13.7484)->(15,1,14.384)->(14,1,15.0758)->(13,1,16.3937)->(12,1,23.9803)->(12,2,31.567)->(12,3,32.8848)->(12,4,33.567)->(12,5,34.1348)->(12,6,34.6528)->(12,7,35.1528)->(12,8,35.6528)->(12,9,36.1528)->(12,10,36.6528)->(12,11,37.1707)->(12,12,37.7385)->(12,13,38.4207)->(12,14,39.7385)->(12,15,42.367)->(11,15,45.967)->(11,16,48.5954)->(11,17,50.0096)->(11,18,51.4238)->(11,19,53.638)->(10,19,56.438)->(9,19,59.238)->(9,20,61.4523)->(9,21,62.8665)->(9,22,64.2807)->(9,23,66.4949)->(10,23,68.7091)->(11,23,70.1233)->(12,23,71.5375)->(13,23,5035.48)->
Agent 3:(12,24,1.8)->(11,24,3.01421)->(10,24,4.42843)->(9,24,5.84264)->(8,24,8.05685)->(8,23,10.2711)->(8,22,11.5889)->(8,21,12.321)->(8,20,13.053)->(8,19,14.3708)->(8,18,17.7066)->(9,18,21.0777)->(10,18,23.0777)->(11,18,25.3272)->(11,17,27.5414)->(11,16,28.8592)->(11,15,29.5414)->(11,14,30.1092)->(11,13,30.6272)->(11,12,31.1272)->(11,11,31.6272)->(11,10,32.1451)->(11,9,32.713)->(11,8,33.3951)->(11,7,34.713)->(11,6,5017.06)->
Agent 4:(30,27,2.21421)->(31,27,4.81421)->(31,26,7.44264)->(31,25,8.76048)->(31,24,9.44264)->(31,23,10.0105)->(31,22,10.5284)->(31,21,11.0284)->(31,20,11.5284)->(31,19,12.0284)->(31,18,12.5284)->(31,17,13.0284)->(31,16,13.5284)->(31,15,14.0284)->(31,14,14.5284)->(31,13,15.0284)->(31,12,15.5464)->(31,11,16.1142)->(31,10,16.7964)->(31,9,18.1142)->(31,8,20.3284)->(30,8,22.5426)->(29,8,23.8605)->(28,8,24.5426)->(27,8,25.1105)->(26,8,25.6464)->(25,8,26.2142)->(24,8,26.8964)->(23,8,28.2142)->(22,8,30.4284)->(22,7,32.6426)->(22,6,33.9605)->(22,5,34.6522)->(22,4,35.2879)->(22,3,35.9797)->(22,2,37.2975)->(22,1,5018.36)->
Agent 5:(30,26,2.21421)->(29,26,4.81421)->(29,25,7.47792)->(29,24,9.47792)->(29,23,11.7274)->(28,23,14.5274)->(27,23,17.3274)->(27,22,19.5416)->(27,21,20.9558)->(27,20,22.37)->(27,19,24.9985)->(28,19,68.8821)->(27,19,112.38)->(26,19,5056.19)->
Agent 6:(28,8,1.8)->(27,8,3.01421)->(26,8,4.33205)->(25,8,5.02382)->(24,8,5.65949)->(23,8,6.35126)->(22,8,7.6691)->(21,8,9.88331)->(21,7,12.0975)->(21,6,13.4314)->(21,5,14.2598)->(21,4,15.5937)->(21,3,22.9911)->(20,3,30.3886)->(19,3,31.7225)->(18,3,32.5509)->(17,3,33.8848)->(16,3,36.099)->(16,2,38.899)->(16,1,54.8117)->(16,2,70.1385)->(16,3,71.4724)->(16,4,72.3008)->(16,5,73.6347)->(16,6,5036.52)->
Agent 7:(11,4,2.2)->(11,3,4.4)->(11,2,7.2)->(12,2,9.41421)->(13,2,10.7321)->(14,2,11.4238)->(15,2,12.0595)->(16,2,12.7513)->(17,2,14.0691)->(18,2,16.2833)->(18,3,18.4975)->(18,4,19.8154)->(18,5,20.4975)->(18,6,21.0654)->(18,7,21.5833)->(18,8,22.0833)->(18,9,22.5833)->(18,10,23.0833)->(18,11,23.6013)->(18,12,24.1691)->(18,13,24.8513)->(18,14,26.1691)->(18,15,28.7975)->(17,15,50.9237)->(18,15,72.6641)->(19,15,5036.33)->
Agent 8:(14,9,7.36239)->(14,8,14.139)->(14,7,15.4568)->(14,6,16.1889)->(14,5,16.9209)->(14,4,18.2388)->(14,3,20.453)->(15,3,22.6672)->(16,3,24.0814)->(17,3,25.4956)->(18,3,27.7098)->(18,4,29.9241)->(18,5,31.2419)->(18,6,31.9337)->(18,7,32.5693)->(18,8,33.2611)->(18,9,34.5789)->(18,10,5017)->
Agent 9:(23,18,1.3)->(23,19,2.04949)->(23,20,4.04949)->(23,21,6.55732)->(22,21,9.02988)->(21,21,10.3477)->(20,21,11.0395)->(19,21,11.6752)->(18,21,12.3669)->(17,21,13.6848)->(16,21,15.899)->(16,20,18.1132)->(16,19,19.431)->(16,18,20.1132)->(16,17,20.681)->(16,16,21.199)->(16,15,21.699)->(16,14,22.199)->(16,13,22.699)->(16,12,23.199)->(16,11,23.699)->(16,10,24.199)->(16,9,24.699)->(16,8,25.199)->(16,7,25.7169)->(16,6,26.2848)->(16,5,26.9669)->(16,4,28.2848)->(16,3,30.499)->(15,3,32.7132)->(14,3,34.1274)->(13,3,35.5416)->(12,3,37.7558)->(12,4,39.97)->(12,5,41.2879)->(12,6,41.97)->(12,7,42.5379)->(12,8,43.0558)->(12,9,43.5558)->(12,10,44.0558)->(12,11,44.5558)->(12,12,45.0738)->(12,13,45.6416)->(12,14,46.3238)->(12,15,47.6416)->(12,16,49.8558)->(11,16,52.07)->(10,16,53.3879)->(9,16,54.1199)->(8,16,54.852)->(7,16,56.1698)->(6,16,58.384)->(6,15,60.6335)->(6,14,62.6335)->(6,13,64.883)->(5,13,67.683)->(4,13,70.483)->(4,12,72.6972)->(4,11,74.0151)->(4,10,74.6972)->(4,9,75.2651)->(4,8,75.801)->(4,7,76.3688)->(4,6,77.051)->(4,5,78.3688)->(4,4,80.583)->(5,4,82.7972)->(6,4,84.2114)->(7,4,85.6257)->(8,4,87.8399)->(8,5,90.0894)->(8,6,92.0894)->(8,7,5045.77)->
Agent 10:(24,2,1.3)->(24,3,2.01421)->(24,4,3.34806)->(24,5,4.17649)->(24,6,5.51034)->(24,7,7.72456)->(25,7,9.93877)->(26,7,11.2566)->(27,7,11.9484)->(28,7,12.584)->(29,7,13.2758)->(30,7,14.5937)->(31,7,16.8079)->(31,6,19.0221)->(31,5,20.4363)->(31,4,21.8505)->(31,3,35.3824)->(31,4,48.9142)->(31,5,50.2321)->(31,6,50.9142)->(31,7,51.4821)->(31,8,52)->(31,9,52.5)->(31,10,53)->(31,11,53.5)->(31,12,54)->(31,13,54.5)->(31,14,55)->(31,15,55.5)->(31,16,56)->(31,17,56.5)->(31,18,57)->(31,19,57.5)->(31,20,58)->(31,21,58.5)->(31,22,59)->(31,23,59.5179)->(31,24,60.0858)->(31,25,60.7679)->(31,26,62.0858)->(31,27,64.3)->(30,27,67.1)->(29,27,5033.55)->
Agent 11:(16,15,5.64626)->(16,14,10.7067)->(16,13,12.0246)->(16,12,12.7067)->(16,11,13.2746)->(16,10,13.7925)->(16,9,14.2925)->(16,8,14.8105)->(16,7,15.3783)->(16,6,16.0605)->(16,5,17.3783)->(16,4,20.0067)->(15,4,23.6067)->(15,3,26.2704)->(15,2,28.2704)->(15,1,30.5199)->(14,1,32.7694)->(13,1,34.7694)->(12,1,44.1516)->(12,2,53.4985)->(12,3,54.8163)->(12,4,55.4985)->(12,5,56.0663)->(12,6,56.5843)->(12,7,57.0843)->(12,8,57.5843)->(12,9,58.0843)->(12,10,58.5843)->(12,11,59.0843)->(12,12,59.5843)->(12,13,60.0843)->(12,14,60.5843)->(12,15,61.1022)->(12,16,61.67)->(12,17,62.3522)->(12,18,63.67)->(12,19,65.8843)->(11,19,68.0985)->(10,19,69.4163)->(9,19,70.1484)->(8,19,70.8804)->(7,19,72.1983)->(6,19,74.4125)->(6,20,76.662)->(6,21,78.662)->(6,22,5039.06)->
Agent 12:(19,16,1.8)->(18,16,3.04949)->(17,16,5.04949)->(16,16,7.29898)->(16,17,9.51319)->(16,18,10.831)->(16,19,11.5132)->(16,20,12.081)->(16,21,12.599)->(16,22,13.099)->(16,23,13.6169)->(16,24,14.1848)->(16,25,14.8669)->(16,26,16.1848)->(16,27,18.399)->(15,27,20.6132)->(14,27,21.947)->(13,27,22.7755)->(12,27,24.1093)->(11,27,5011.76)->
Agent 13:(21,14,1.8)->(22,14,3.01421)->(23,14,4.33205)->(24,14,5.02382)->(25,14,5.65949)->(26,14,6.35126)->(27,14,7.6691)->(28,14,9.88331)->(28,15,12.0975)->(28,16,13.4154)->(28,17,14.0975)->(28,18,14.6654)->(28,19,15.1833)->(28,20,15.6833)->(28,21,16.1833)->(28,22,16.6833)->(28,23,17.1833)->(28,24,17.7013)->(28,25,18.2691)->(28,26,18.9513)->(28,27,20.2691)->(28,28,22.4833)->(29,28,24.7328)->(30,28,26.7328)->(31,28,30.5411)->(31,27,34.3142)->(31,26,35.6321)->(31,25,36.3142)->(31,24,36.8821)->(31,23,37.4)->(31,22,37.9)->(31,21,38.4)->(31,20,38.9)->(31,19,39.4)->(31,18,39.9)->(31,17,40.4)->(31,16,40.9)->(31,15,41.4)->(31,14,41.9)->(31,13,42.4)->(31,12,42.9179)->(31,11,43.4858)->(31,10,44.1679)->(31,9,45.4858)->(31,8,48.2)->(30,8,50.9142)->(29,8,52.2321)->(28,8,52.9142)->(27,8,53.4821)->(26,8,54.0179)->(25,8,54.5858)->(24,8,55.2679)->(23,8,56.5858)->(22,8,58.8)->(22,7,61.0142)->(22,6,62.4284)->(22,5,63.8426)->(22,4,68.2726)->(21,4,72.7026)->(20,4,74.0205)->(19,4,74.7026)->(18,4,75.2884)->(17,4,75.8742)->(16,4,76.5564)->(15,4,77.8742)->(14,4,80.0884)->(14,5,82.3026)->(14,6,83.6205)->(14,7,84.3026)->(14,8,84.8705)->(14,9,85.3884)->(14,10,85.8884)->(14,11,86.3884)->(14,12,86.9064)->(14,13,87.4742)->(14,14,88.1564)->(14,15,89.4742)->(14,16,93.0828)->(13,16,96.6913)->(12,16,98.0091)->(11,16,98.6913)->(10,16,99.2771)->(9,16,99.8629)->(8,16,100.545)->(7,16,101.863)->(6,16,104.077)->(6,15,106.877)->(6,14,109.677)->(5,14,112.477)->(4,14,115.277)->(4,13,117.491)->(4,12,118.809)->(4,11,119.491)->(4,10,120.059)->(4,9,120.577)->(4,8,121.077)->(4,7,121.595)->(4,6,122.163)->(4,5,122.845)->(4,4,124.163)->(4,3,126.377)->(5,3,128.591)->(6,3,129.925)->(7,3,130.754)->(8,3,132.087)->(9,3,134.302)->(9,4,136.516)->(9,5,137.93)->(9,6,139.344)->(9,7,5069.38)->
Agent 14:(18,8,1.8)->(17,8,3.6)->(16,8,8.73216)->(16,7,13.2785)->(16,6,14.5964)->(16,5,15.3284)->(16,4,16.0605)->(16,3,17.3783)->(16,2,24.2726)->(15,2,31.167)->(14,2,32.5812)->(13,2,33.9954)->(12,2,39.5327)->(12,3,45.07)->(12,4,46.3879)->(12,5,47.07)->(12,6,47.6379)->(12,7,48.1558)->(12,8,48.6558)->(12,9,49.1558)->(12,10,49.6558)->(12,11,50.1558)->(12,12,50.6738)->(12,13,51.2416)->(12,14,51.9238)->(12,15,53.2416)->(12,16,55.4558)->(11,16,57.67)->(10,16,58.9879)->(9,16,59.7199)->(8,16,60.452)->(7,16,61.7698)->(6,16,63.984)->(6,15,66.784)->(6,14,69.584)->(5,14,71.8335)->(4,14,73.8335)->(3,14,76.083)->(3,15,78.883)->(3,16,5039.44)->
Agent 15:(5,12,2.21421)->(6,12,4.81421)->(6,13,7.44264)->(6,14,8.76048)->(6,15,9.44264)->(6,16,10.0105)->(6,17,10.5284)->(6,18,11.0284)->(6,19,11.5464)->(6,20,12.1142)->(6,21,12.7964)->(6,22,14.1142)->(6,23,16.3284)->(5,23,18.5426)->(4,23,19.8765)->(3,23,20.7049)->(2,23,22.0388)->(1,23,5010.73)->
Agent 16:(27,3,1.8)->(26,3,3.01421)->(25,3,4.33205)->(24,3,5.01421)->(23,3,5.58205)->(22,3,6.1)->(21,3,6.61795)->(20,3,7.18579)->(19,3,7.86795)->(18,3,9.18579)->(17,3,12.55)->(17,4,15.9142)->(17,5,17.2321)->(17,6,17.9142)->(17,7,18.4821)->(17,8,19)->(17,9,19.5)->(17,10,20)->(17,11,20.5)->(17,12,21)->(17,13,21.5)->(17,14,22)->(17,15,22.5)->(17,16,23)->(17,17,23.5)->(17,18,24)->(17,19,24.5)->(17,20,25)->(17,21,25.5)->(17,22,26)->(17,23,26.5)->(17,24,27)->(17,25,27.5179)->(17,26,28.0858)->(17,27,28.7679)->(17,28,30.0858)->(17,29,32.3)->(16,29,34.5495)->(15,29,36.5495)->(14,29,38.799)->(14,30,41.599)->(14,31,44.399)->(15,31,47.199)->(16,31,5023.6)->
Agent 17:(30,31,2.21421)->(29,31,4.81421)->(29,30,7.47792)->(29,29,9.47792)->(29,28,11.7274)->(30,28,14.5274)->(31,28,18.8255)->(31,27,22.5377)->(31,26,23.8556)->(31,25,24.5377)->(31,24,25.1056)->(31,23,25.6235)->(31,22,26.1235)->(31,21,26.6235)->(31,20,27.1235)->(31,19,27.6235)->(31,18,28.1235)->(31,17,28.6235)->(31,16,29.1235)->(31,15,29.6235)->(31,14,30.1235)->(31,13,30.6235)->(31,12,31.1415)->(31,11,31.7093)->(31,10,32.3915)->(31,9,33.7093)->(31,8,35.9235)->(30,8,38.1377)->(29,8,39.4556)->(28,8,40.1377)->(27,8,40.7056)->(26,8,41.2415)->(25,8,41.8093)->(24,8,42.4915)->(23,8,43.8093)->(22,8,46.0235)->(22,7,48.2377)->(22,6,49.5716)->(22,5,50.4)->(22,4,51.7339)->(22,3,55.8711)->(21,3,60.0083)->(20,3,61.3261)->(19,3,62.0083)->(18,3,62.5761)->(17,3,63.112)->(16,3,63.6799)->(15,3,64.362)->(14,3,65.6799)->(13,3,72.4413)->(13,4,79.2026)->(13,5,80.5205)->(13,6,81.2026)->(13,7,81.7705)->(13,8,82.2884)->(13,9,82.7884)->(13,10,83.2884)->(13,11,83.7884)->(13,12,84.3064)->(13,13,84.8742)->(13,14,85.5564)->(13,15,86.8742)->(13,16,89.0884)->(12,16,91.3026)->(11,16,92.6365)->(10,16,93.4649)->(9,16,94.7988)->(8,16,97.013)->(8,15,99.2272)->(8,14,100.561)->(8,13,101.389)->(8,12,102.723)->(8,11,5051.07)->
Agent 18:(3,19,3.76615)->(3,18,6.94651)->(3,17,8.28036)->(3,16,9.10879)->(3,15,10.4426)->(3,14,12.6569)->(4,14,14.8711)->(5,14,16.2853)->(6,14,17.6995)->(7,14,25.0833)->(7,15,32.4672)->(7,16,33.785)->(7,17,34.4672)->(7,18,35.035)->(7,19,35.553)->(7,20,36.053)->(7,21,36.553)->(7,22,37.053)->(7,23,37.553)->(7,24,38.053)->(7,25,38.553)->(7,26,39.053)->(7,27,39.5709)->(7,28,40.1388)->(7,29,40.8209)->(7,30,42.1388)->(7,31,44.353)->(6,31,46.5672)->(5,31,47.885)->(4,31,48.6171)->(3,31,49.3491)->(2,31,50.667)->(1,31,52.8812)->(1,30,55.6812)->(1,29,5027.84)->
Agent 19:(6,20,2.61421)->(6,19,5.61421)->(7,19,8.24264)->(8,19,9.56048)->(9,19,10.2522)->(10,19,10.8879)->(11,19,11.5797)->(12,19,12.8975)->(13,19,15.1117)->(13,18,17.326)->(13,17,18.6438)->(13,16,19.326)->(13,15,19.8938)->(13,14,20.4117)->(13,13,20.9117)->(13,12,21.4117)->(13,11,21.9117)->(13,10,22.4117)->(13,9,22.9117)->(13,8,23.4297)->(13,7,23.9975)->(13,6,24.6797)->(13,5,25.9975)->(13,4,30.4598)->(14,4,34.9221)->(15,4,36.2399)->(16,4,36.9221)->(17,4,37.4899)->(18,4,38.0079)->(19,4,38.5258)->(20,4,39.0937)->(21,4,39.7758)->(22,4,41.0937)->(23,4,43.3079)->(23,5,45.5221)->(23,6,46.8559)->(23,7,47.6844)->(23,8,49.0182)->(23,9,52.7741)->(24,9,56.53)->(25,9,57.8478)->(26,9,58.53)->(27,9,59.1157)->(28,9,59.7015)->(29,9,60.3837)->(30,9,61.7015)->(31,9,63.9157)->(31,10,66.13)->(31,11,67.4478)->(31,12,68.13)->(31,13,68.6978)->(31,14,69.2157)->(31,15,69.7157)->(31,16,70.2157)->(31,17,70.7157)->(31,18,71.2157)->(31,19,71.7157)->(31,20,72.2157)->(31,21,72.7157)->(31,22,73.2337)->(31,23,73.8015)->(31,24,74.4837)->(31,25,75.8015)->(31,26,78.0157)->(30,26,80.8157)->(29,26,83.6157)->(29,25,85.83)->(29,24,87.1478)->(29,23,87.83)->(29,22,88.3978)->(29,21,88.9337)->(29,20,89.5015)->(29,19,90.1837)->(29,18,91.5015)->(29,17,5045.46)->
Agent 20:(19,18,2.2)->(19,17,3.81421)->(19,16,5.13205)->(19,15,5.81421)->(19,14,6.38205)->(19,13,6.9)->(19,12,7.4)->(19,11,7.9)->(19,10,8.4)->(19,9,8.9)->(19,8,9.4)->(19,7,9.9)->(19,6,10.4)->(19,5,10.9179)->(19,4,11.4858)->(19,3,12.1679)->(19,2,13.4858)->(19,1,15.7)->(18,1,18.5)->(17,1,43.4178)->(17,2,68.3357)->(17,3,5034.17)->
Agent 21:(4,30,1.71421)->(4,31,3.81421)->(5,31,7.02843)->(6,31,11.3105)->(6,30,15.0067)->(6,29,16.3246)->(6,28,17.0067)->(6,27,17.5746)->(6,26,18.0925)->(6,25,18.6105)->(6,24,19.1783)->(6,23,19.8605)->(6,22,21.1783)->(6,21,23.3925)->(5,21,25.6067)->(4,21,27.021)->(3,21,28.4352)->(2,21,5013.92)->
Agent 22:(7,29,6.8907)->(7,28,13.1956)->(7,27,14.5135)->(7,26,15.1956)->(7,25,15.7635)->(7,24,16.2814)->(7,23,16.7994)->(7,22,17.3672)->(7,21,18.0494)->(7,20,19.3672)->(7,19,24.3726)->(8,19,29.3781)->(9,19,30.6959)->(10,19,31.3877)->(11,19,32.0234)->(12,19,32.7151)->(13,19,34.033)->(14,19,42.2133)->(14,18,50.3936)->(14,17,51.7114)->(14,16,52.3936)->(14,15,52.9614)->(14,14,53.4794)->(14,13,53.9794)->(14,12,54.4794)->(14,11,54.9794)->(14,10,55.4794)->(14,9,55.9794)->(14,8,56.4794)->(14,7,56.9794)->(14,6,57.4973)->(14,5,58.0652)->(14,4,58.7473)->(14,3,60.0652)->(14,2,71.1839)->(14,3,82.3026)->(14,4,83.6205)->(14,5,84.3026)->(14,6,84.8705)->(14,7,85.4064)->(14,8,85.9742)->(14,9,86.6564)->(14,10,87.9742)->(14,11,5043.69)->
Agent 23:(22,3,1.71421)->(22,4,3.81421)->(21,4,6.44264)->(20,4,7.85685)->(19,4,9.27107)->(18,4,11.4853)->(18,5,13.6995)->(18,6,15.0173)->(18,7,15.6995)->(18,8,16.2673)->(18,9,16.7853)->(18,10,17.2853)->(18,11,17.7853)->(18,12,18.2853)->(18,13,18.7853)->(18,14,19.2853)->(18,15,19.7853)->(18,16,20.3032)->(18,17,20.8711)->(18,18,21.5532)->(18,19,22.8711)->(18,20,5011.14)->
Agent 24:(31,13,2.2)->(31,12,3.81421)->(31,11,5.13205)->(31,10,5.82382)->(31,9,6.45949)->(31,8,7.15126)->(31,7,8.4691)->(31,6,10.6833)->(30,6,12.8975)->(29,6,14.2154)->(28,6,14.8975)->(27,6,15.4654)->(26,6,15.9833)->(25,6,16.5013)->(24,6,17.0691)->(23,6,17.7513)->(22,6,19.0691)->(21,6,21.2833)->(21,5,24.0833)->(21,4,26.8833)->(20,4,29.6833)->(19,4,32.4833)->(19,5,34.6975)->(19,6,36.0154)->(19,7,36.6975)->(19,8,37.2654)->(19,9,37.7833)->(19,10,38.2833)->(19,11,38.7833)->(19,12,39.2833)->(19,13,39.7833)->(19,14,40.2833)->(19,15,40.7833)->(19,16,41.2833)->(19,17,41.7833)->(19,18,42.2833)->(19,19,42.7833)->(19,20,43.2833)->(19,21,43.7833)->(19,22,44.2833)->(19,23,44.7833)->(19,24,45.2833)->(19,25,45.8013)->(19,26,46.3691)->(19,27,47.0513)->(19,28,48.3691)->(19,29,50.5833)->(18,29,52.7975)->(17,29,54.1154)->(16,29,54.8071)->(15,29,55.4428)->(14,29,56.1346)->(13,29,57.4524)->(12,29,59.6666)->(12,30,62.4666)->(12,31,5031.23)->
Agent 25:(9,24,2.2)->(9,23,3.81421)->(9,22,5.13205)->(9,21,5.82382)->(9,20,6.45949)->(9,19,7.15126)->(9,18,8.4691)->(9,17,10.6833)->(10,17,12.8975)->(11,17,14.2314)->(12,17,15.0598)->(13,17,16.3937)->(14,17,18.6079)->(14,16,20.8221)->(14,15,22.1399)->(14,14,22.8221)->(14,13,23.3899)->(14,12,23.9079)->(14,11,24.4079)->(14,10,24.9079)->(14,9,25.4079)->(14,8,25.9258)->(14,7,26.4937)->(14,6,27.1758)->(14,5,28.4937)->(14,4,30.7079)->(15,4,32.9221)->(16,4,34.2399)->(17,4,34.9221)->(18,4,35.4899)->(19,4,36.0079)->(20,4,36.5258)->(21,4,37.0937)->(22,4,37.7758)->(23,4,39.0937)->(24,4,41.3079)->(24,5,43.5221)->(24,6,44.8559)->(24,7,45.6844)->(24,8,47.0182)->(24,9,49.2324)->(25,9,51.4466)->(26,9,52.7645)->(27,9,53.4562)->(28,9,54.0919)->(29,9,54.7837)->(30,9,56.1015)->(31,9,58.3157)->(31,10,60.53)->(31,11,61.8478)->(31,12,62.53)->(31,13,63.0978)->(31,14,63.6157)->(31,15,64.1157)->(31,16,64.6157)->(31,17,65.1157)->(31,18,65.6157)->(31,19,66.1157)->(31,20,66.6157)->(31,21,67.1157)->(31,22,67.6157)->(31,23,68.1157)->(31,24,68.6157)->(31,25,69.1337)->(31,26,69.7015)->(31,27,70.3837)->(31,28,71.7015)->(31,29,73.9157)->(30,29,76.13)->(29,29,77.4638)->(28,29,78.2922)->(27,29,79.6261)->(26,29,81.8403)->(26,30,84.6403)->(26,31,87.4403)->(25,31,89.6545)->(24,31,91.0687)->(23,31,92.4829)->(22,31,94.6971)->(22,30,96.9114)->(22,29,98.3256)->(22,28,99.7398)->(22,27,5049.58)->
Agent 26:(3,10,1.3)->(3,11,2.01421)->(3,12,3.42843)->(3,13,4.84264)->(3,14,7.05685)->(4,14,9.27107)->(5,14,10.5889)->(6,14,11.321)->(7,14,12.053)->(8,14,13.3708)->(9,14,17.621)->(9,15,22.4569)->(9,16,26.2765)->(10,16,29.5103)->(11,16,30.8442)->(12,16,31.6726)->(13,16,33.0065)->(14,16,35.2207)->(14,15,37.4349)->(14,14,38.7527)->(14,13,39.4349)->(14,12,40.0027)->(14,11,40.5207)->(14,10,41.0207)->(14,9,41.5207)->(14,8,42.0386)->(14,7,42.6065)->(14,6,43.2886)->(14,5,44.6065)->(14,4,46.8207)->(15,4,49.0349)->(16,4,50.3527)->(17,4,51.0349)->(18,4,51.6027)->(19,4,52.1207)->(20,4,52.6386)->(21,4,53.2065)->(22,4,53.8886)->(23,4,55.2065)->(24,4,57.4207)->(24,5,59.6349)->(24,6,60.9687)->(24,7,61.7972)->(24,8,63.131)->(24,9,65.3452)->(25,9,67.5595)->(26,9,68.8773)->(27,9,69.5691)->(28,9,70.2047)->(29,9,70.8965)->(30,9,72.2143)->(31,9,74.4286)->(31,10,76.6428)->(31,11,77.9606)->(31,12,78.6428)->(31,13,79.2106)->(31,14,79.7286)->(31,15,80.2286)->(31,16,80.7286)->(31,17,81.2286)->(31,18,81.7286)->(31,19,82.2286)->(31,20,82.7286)->(31,21,83.2286)->(31,22,83.7465)->(31,23,84.3143)->(31,24,84.9965)->(31,25,86.3143)->(31,26,88.5286)->(30,26,90.7428)->(29,26,92.0766)->(28,26,92.905)->(27,26,94.2389)->(26,26,96.4531)->(26,25,98.6673)->(26,24,99.9852)->(26,23,100.667)->(26,22,101.235)->(26,21,101.771)->(26,20,102.339)->(26,19,103.021)->(26,18,104.339)->(26,17,5051.88)->
Agent 27:(3,24,1.8)->(4,24,3.01421)->(5,24,4.42843)->(6,24,5.84264)->(7,24,8.05685)->(7,23,10.2711)->(7,22,11.6049)->(7,21,12.4333)->(7,20,13.7672)->(7,19,15.9814)->(8,19,18.1956)->(9,19,19.6098)->(10,19,21.0241)->(11,19,25.601)->(11,18,30.178)->(11,17,31.4959)->(11,16,32.178)->(11,15,32.7459)->(11,14,33.2638)->(11,13,33.7638)->(11,12,34.2638)->(11,11,34.7818)->(11,10,35.3496)->(11,9,36.0318)->(11,8,37.3496)->(11,7,40.9098)->(12,7,45.0558)->(13,7,47.8558)->(13,6,50.07)->(13,5,51.4039)->(13,4,52.2323)->(13,3,53.5662)->(13,2,55.7804)->(14,2,58.0299)->(15,2,60.0299)->(16,2,64.1018)->(16,3,68.1385)->(16,4,69.4564)->(16,5,70.1385)->(16,6,70.7064)->(16,7,71.2243)->(16,8,71.7243)->(16,9,72.2423)->(16,10,72.8101)->(16,11,73.4923)->(16,12,74.8101)->(16,13,77.0243)->(17,13,79.8243)->(18,13,5039.91)->
Agent 28:(26,14,1.3)->(26,15,2.01421)->(26,16,3.33205)->(26,17,4.01421)->(26,18,4.58205)->(26,19,5.1)->(26,20,5.6)->(26,21,6.1)->(26,22,6.61795)->(26,23,7.18579)->(26,24,7.86795)->(26,25,9.18579)->(26,26,11.6495)->(27,26,14.1132)->(28,26,15.447)->(29,26,16.2755)->(30,26,17.6093)->(31,26,20.0735)->(31,25,22.5377)->(31,24,23.8556)->(31,23,24.5377)->(31,22,25.1056)->(31,21,25.6235)->(31,20,26.1235)->(31,19,26.6235)->(31,18,27.1235)->(31,17,27.6235)->(31,16,28.1235)->(31,15,28.6235)->(31,14,29.1235)->(31,13,29.6235)->(31,12,30.1235)->(31,11,30.6235)->(31,10,31.1415)->(31,9,31.7093)->(31,8,32.3915)->(31,7,33.7093)->(31,6,35.9235)->(30,6,38.1377)->(29,6,39.4556)->(28,6,40.1377)->(27,6,40.7056)->(26,6,41.2235)->(25,6,41.7415)->(24,6,42.3093)->(23,6,42.9915)->(22,6,44.3093)->(21,6,46.5235)->(21,5,48.773)->(21,4,50.773)->(21,3,53.0225)->(20,3,55.8225)->(19,3,58.6225)->(19,4,60.8367)->(19,5,62.1546)->(19,6,62.8367)->(19,7,63.4046)->(19,8,63.9225)->(19,9,64.4225)->(19,10,64.9225)->(19,11,65.4225)->(19,12,65.9225)->(19,13,66.4225)->(19,14,66.9225)->(19,15,67.4225)->(19,16,67.9225)->(19,17,68.4225)->(19,18,68.9405)->(19,19,69.5083)->(19,20,70.1905)->(19,21,71.5083)->(19,22,5035.46)->
Agent 29:(13,24,2.8)->(12,24,5.01421)->(11,24,6.42843)->(10,24,7.84264)->(9,24,10.0569)->(9,23,12.2711)->(9,22,13.5889)->(9,21,14.2711)->(9,20,14.8569)->(9,19,15.4426)->(9,18,16.1248)->(9,17,17.4426)->(9,16,19.6569)->(10,16,21.8711)->(11,16,23.2049)->(12,16,24.0333)->(13,16,25.3672)->(14,16,27.5814)->(14,15,29.7956)->(14,14,31.1135)->(14,13,31.7956)->(14,12,32.3635)->(14,11,32.8814)->(14,10,33.3814)->(14,9,33.8814)->(14,8,34.3994)->(14,7,34.9672)->(14,6,35.6494)->(14,5,36.9672)->(14,4,39.1814)->(15,4,41.3956)->(16,4,42.7295)->(17,4,43.5579)->(18,4,44.8918)->(19,4,47.106)->(19,5,49.3202)->(19,6,50.638)->(19,7,51.3202)->(19,8,51.888)->(19,9,52.406)->(19,10,52.906)->(19,11,53.406)->(19,12,53.906)->(19,13,54.406)->(19,14,54.906)->(19,15,55.406)->(19,16,55.906)->(19,17,56.4239)->(19,18,56.9918)->(19,19,57.6739)->(19,20,58.9918)->(19,21,61.206)->(20,21,63.4555)->(21,21,65.4555)->(22,21,5032.45)->
Agent 30:(16,4,1.3)->(16,5,2.6)->(16,6,5.8)->(16,5,8.44949)->(16,4,10.4495)->(16,3,12.699)->(15,3,14.9132)->(14,3,16.3274)->(13,3,17.7416)->(12,3,22.3402)->(12,4,26.9388)->(12,5,28.2566)->(12,6,28.9388)->(12,7,29.5066)->(12,8,30.0246)->(12,9,30.5246)->(12,10,31.0246)->(12,11,31.5246)->(12,12,32.0246)->(12,13,32.5425)->(12,14,33.1103)->(12,15,33.7925)->(12,16,35.1103)->(12,17,37.3246)->(11,17,39.5388)->(10,17,40.8726)->(9,17,41.701)->(8,17,43.0349)->(7,17,45.2491)->(7,16,47.4633)->(7,15,48.7812)->(7,14,49.5132)->(7,13,50.2453)->(7,12,51.5631)->(7,11,53.7773)->(6,11,56.5773)->(5,11,80.4965)->(5,12,104.416)->(5,13,5052.21)->
Agent 31:(21,7,3.47894)->(21,6,6.40736)->(21,5,8.40736)->(21,4,10.6569)->(22,4,12.8711)->(23,4,14.2853)->(24,4,15.6995)->(25,4,5007.56)->
Agent 32:(23,27,1.3)->(23,28,2.01421)->(23,29,3.42843)->(23,30,4.84264)->(23,31,7.05685)->(24,31,9.27107)->(25,31,10.5889)->(26,31,11.321)->(27,31,12.053)->(28,31,13.3708)->(29,31,15.5851)->(29,30,17.7993)->(29,29,19.2135)->(29,28,20.6277)->(29,27,22.8419)->(30,27,25.6419)->(31,27,29.271)->(31,26,32.3142)->(31,25,33.6321)->(31,24,34.3142)->(31,23,34.8821)->(31,22,35.4)->(31,21,35.9)->(31,20,36.4)->(31,19,36.9)->(31,18,37.4)->(31,17,37.9)->(31,16,38.4)->(31,15,38.9)->(31,14,39.4)->(31,13,39.9)->(31,12,40.4)->(31,11,40.9179)->(31,10,41.4858)->(31,9,42.1679)->(31,8,43.4858)->(31,7,45.7)->(30,7,47.9142)->(29,7,49.2321)->(28,7,49.9142)->(27,7,50.4821)->(26,7,51)->(25,7,51.5179)->(24,7,52.0858)->(23,7,52.7679)->(22,7,54.0858)->(21,7,59.1447)->(21,6,64.2389)->(21,5,66.2389)->(21,4,68.4884)->(20,4,70.7026)->(19,4,72.0205)->(18,4,72.7026)->(17,4,73.2705)->(16,4,73.8064)->(15,4,74.3742)->(14,4,75.0564)->(13,4,76.3742)->(12,4,78.8384)->(12,5,81.3026)->(12,6,82.6205)->(12,7,83.3026)->(12,8,83.8705)->(12,9,84.3884)->(12,10,84.8884)->(12,11,85.3884)->(12,12,85.8884)->(12,13,86.3884)->(12,14,86.8884)->(12,15,87.4064)->(12,16,87.9742)->(12,17,88.6564)->(12,18,89.9742)->(12,19,92.1884)->(11,19,94.4026)->(10,19,95.8169)->(9,19,97.2311)->(8,19,99.8595)->(8,20,5050.12)->
Agent 33:(8,23,2.2)->(8,22,3.81421)->(8,21,5.13205)->(8,20,5.81421)->(8,19,6.38205)->(8,18,6.9)->(8,17,7.4)->(8,16,7.9)->(8,15,8.41795)->(8,14,8.98579)->(8,13,9.66795)->(8,12,10.9858)->(8,11,13.2)->(7,11,15.4142)->(6,11,16.8284)->(5,11,18.2426)->(4,11,20.4569)->(4,10,22.6711)->(4,9,23.9889)->(4,8,24.6711)->(4,7,25.2389)->(4,6,25.7569)->(4,5,26.2748)->(4,4,26.8426)->(4,3,27.5248)->(4,2,28.8426)->(4,1,31.4711)->(3,1,46.5615)->(4,1,61.2662)->(5,1,5030.63)->
Agent 34:(11,9,1.3)->(11,10,2.01421)->(11,11,3.33205)->(11,12,4.02382)->(11,13,4.65949)->(11,14,5.35126)->(11,15,6.6691)->(11,16,8.88331)->(10,16,11.0975)->(9,16,12.4314)->(8,16,13.2598)->(7,16,14.5937)->(6,16,16.8079)->(6,15,19.0221)->(6,14,20.3559)->(6,13,21.1844)->(6,12,22.5182)->(6,11,24.7324)->(5,11,27.5324)->(4,11,30.3324)->(4,10,32.5466)->(4,9,33.8645)->(4,8,34.5466)->(4,7,35.1145)->(4,6,35.6324)->(4,5,36.1504)->(4,4,36.7182)->(4,3,37.4004)->(4,2,38.7182)->(4,1,41.3466)->(5,1,51.4993)->(5,2,5029.22)->
Agent 35:(17,13,2.2)->(17,12,3.81421)->(17,11,5.13205)->(17,10,5.81421)->(17,9,6.38205)->(17,8,6.91795)->(17,7,7.48579)->(17,6,8.16795)->(17,5,9.48579)->(17,4,11.7)->(16,4,13.9142)->(15,4,15.2481)->(14,4,16.0765)->(13,4,17.4103)->(12,4,19.6246)->(12,5,21.8388)->(12,6,23.1566)->(12,7,23.8388)->(12,8,24.4066)->(12,9,24.9246)->(12,10,25.4246)->(12,11,25.9246)->(12,12,26.4246)->(12,13,26.9425)->(12,14,27.5103)->(12,15,28.1925)->(12,16,29.5103)->(12,17,31.7246)->(11,17,33.9388)->(10,17,35.2566)->(9,17,35.9887)->(8,17,36.7207)->(7,17,38.0385)->(6,17,40.2528)->(6,16,42.467)->(6,15,43.8008)->(6,14,44.6292)->(6,13,45.9631)->(6,12,5022.69)->
Agent 36:(14,14,1.3)->(14,15,2.6)->(14,16,6.83983)->(13,16,10.4939)->(12,16,11.8117)->(11,16,12.5438)->(10,16,13.2758)->(9,16,14.5937)->(8,16,16.8079)->(8,15,19.0221)->(8,14,20.3559)->(8,13,21.1844)->(8,12,22.5182)->(8,11,26.704)->(7,11,30.8898)->(6,11,32.304)->(5,11,33.7182)->(4,11,35.9324)->(4,10,38.1466)->(4,9,39.4645)->(4,8,40.1466)->(4,7,40.7145)->(4,6,41.2504)->(4,5,41.8182)->(4,4,42.5004)->(4,3,43.8182)->(4,2,46.0324)->(5,2,48.2466)->(6,2,49.6609)->(7,2,51.0751)->(8,2,53.7035)->(8,1,5027.04)->
Agent 37:(21,13,1.8)->(22,13,3.01421)->(23,13,4.33205)->(24,13,5.01421)->(25,13,5.6)->(26,13,6.18579)->(27,13,6.86795)->(28,13,8.18579)->(29,13,10.4)->(29,14,12.6142)->(29,15,13.9321)->(29,16,14.6142)->(29,17,15.1821)->(29,18,15.7)->(29,19,16.2)->(29,20,16.7)->(29,21,17.2)->(29,22,17.7179)->(29,23,18.2858)->(29,24,18.9679)->(29,25,20.2858)->(29,26,22.5)->(30,26,25.3)->(31,26,28.1)->(31,25,30.3142)->(31,24,31.6321)->(31,23,32.3142)->(31,22,32.8821)->(31,21,33.4)->(31,20,33.9)->(31,19,34.4)->(31,18,34.9)->(31,17,35.4)->(31,16,35.9)->(31,15,36.4)->(31,14,36.9)->(31,13,37.4)->(31,12,37.9)->(31,11,38.4)->(31,10,38.9179)->(31,9,39.4858)->(31,8,40.1679)->(31,7,41.4858)->(31,6,43.7)->(30,6,45.9142)->(29,6,47.2321)->(28,6,47.9142)->(27,6,48.4821)->(26,6,49)->(25,6,49.5179)->(24,6,50.0858)->(23,6,50.7679)->(22,6,52.0858)->(21,6,55.7942)->(21,5,60.0884)->(21,4,62.8884)->(20,4,65.1026)->(19,4,66.4205)->(18,4,67.1026)->(17,4,67.6705)->(16,4,68.2064)->(15,4,68.7742)->(14,4,69.4564)->(13,4,70.7742)->(12,4,72.9884)->(12,5,75.2026)->(12,6,76.5205)->(12,7,77.2026)->(12,8,77.7705)->(12,9,78.2884)->(12,10,78.7884)->(12,11,79.2884)->(12,12,79.8064)->(12,13,80.3742)->(12,14,81.0564)->(12,15,82.3742)->(12,16,84.5884)->(11,16,86.8026)->(10,16,88.1205)->(9,16,88.8525)->(8,16,89.5846)->(7,16,90.9024)->(6,16,93.1166)->(6,15,95.3661)->(6,14,97.3661)->(6,13,99.6156)->(5,13,102.416)->(4,13,105.216)->(4,12,107.43)->(4,11,108.748)->(4,10,109.43)->(4,9,109.998)->(4,8,110.534)->(4,7,111.101)->(4,6,111.784)->(4,5,113.101)->(4,4,115.316)->(5,4,117.565)->(6,4,119.565)->(7,4,5059.51)->
Agent 38:(3,31,7.38205)->(4,31,14.1783)->(5,31,15.4962)->(6,31,16.2282)->(7,31,16.9603)->(8,31,18.2781)->(9,31,20.4923)->(9,30,22.7065)->(9,29,24.0244)->(9,28,24.7065)->(9,27,25.2744)->(9,26,25.7923)->(9,25,26.2923)->(9,24,26.7923)->(9,23,27.2923)->(9,22,27.7923)->(9,21,28.2923)->(9,20,28.8103)->(9,19,29.3781)->(9,18,30.0603)->(9,17,31.3781)->(9,16,33.5923)->(10,16,35.8065)->(11,16,37.1404)->(12,16,37.9688)->(13,16,39.3026)->(14,16,41.5169)->(14,15,43.7311)->(14,14,45.0489)->(14,13,45.7311)->(14,12,46.2989)->(14,11,46.8169)->(14,10,47.3169)->(14,9,47.8169)->(14,8,48.3348)->(14,7,48.9026)->(14,6,49.5848)->(14,5,50.9026)->(14,4,53.1169)->(15,4,55.3311)->(16,4,56.6489)->(17,4,57.3311)->(18,4,57.8989)->(19,4,58.4169)->(20,4,58.9348)->(21,4,59.5026)->(22,4,60.1848)->(23,4,61.5026)->(24,4,63.7169)->(24,5,66.5169)->(24,6,69.3169)->(25,6,71.5311)->(26,6,72.8489)->(27,6,73.581)->(28,6,74.313)->(29,6,75.6308)->(30,6,5037.52)->
Agent 39:(17,4,2.4142)->(16,4,4.24261)->(15,4,5.56045)->(14,4,6.2925)->(13,4,7.02455)->(12,4,8.34239)->(11,4,10.5566)->(11,5,12.7708)->(11,6,14.0887)->(11,7,14.7708)->(11,8,15.3387)->(11,9,15.8566)->(11,10,16.3566)->(11,11,16.8566)->(11,12,17.3566)->(11,13,17.8746)->(11,14,18.4424)->(11,15,19.1246)->(11,16,20.4424)->(11,17,22.6566)->(10,17,24.8708)->(9,17,26.2047)->(8,17,27.0331)->(7,17,28.3669)->(6,17,30.5812)->(6,16,32.7954)->(6,15,34.1132)->(6,14,34.8453)->(6,13,35.5773)->(6,12,36.8951)->(6,11,39.1094)->(5,11,41.9094)->(4,11,44.7094)->(4,10,46.9236)->(4,9,48.2414)->(4,8,48.9236)->(4,7,49.4914)->(4,6,50.0273)->(4,5,50.5951)->(4,4,51.2773)->(4,3,52.5951)->(4,2,54.8094)->(5,2,57.0236)->(6,2,58.4378)->(7,2,59.852)->(8,2,5029.63)->
