Agent 0:(31,6,1.3)->(31,7,2.01421)->(31,8,3.33205)->(31,9,4.01421)->(31,10,4.58205)->(31,11,5.11795)->(31,12,5.68579)->(31,13,6.36795)->(31,14,7.68579)->(31,15,10.3142)->(30,15,5005.35)->
Agent 1:(40,36,2.21421)->(41,36,4.81421)->(41,35,7.44264)->(41,34,8.76048)->(41,33,9.44264)->(41,32,10.0284)->(41,31,10.6142)->(41,30,11.2964)->(41,29,12.6142)->(41,28,14.8284)->(42,28,17.0426)->(43,28,18.3765)->(44,28,19.2049)->(45,28,20.5388)->(46,28,5009.98)->
Agent 2:(21,39,1.3)->(21,40,2.6)->(21,41,5.4)->(20,41,7.61421)->(19,41,8.93205)->(18,41,9.61421)->(17,41,10.1821)->(16,41,10.7)->(15,41,11.2179)->(14,41,11.7858)->(13,41,12.4679)->(12,41,13.7858)->(11,41,16)->(11,40,18.2142)->(11,39,19.5321)->(11,38,20.2142)->(11,37,20.7821)->(11,36,21.3)->(11,35,21.8)->(11,34,22.3)->(11,33,22.8)->(11,32,23.3)->(11,31,23.8)->(11,30,24.3)->(11,29,24.8)->(11,28,25.3)->(11,27,25.8)->(11,26,26.3)->(11,25,26.8)->(11,24,27.3)->(11,23,27.8)->(11,22,28.3)->(11,21,28.8)->(11,20,29.3)->(11,19,29.8)->(11,18,30.3)->(11,17,30.8)->(11,16,31.3)->(11,15,31.8)->(11,14,32.3)->(11,13,32.8)->(11,12,33.3)->(11,11,33.8)->(11,10,34.3)->(11,9,34.8)->(11,8,35.3)->(11,7,35.8)->(11,6,36.3)->(11,5,36.8179)->(11,4,37.3858)->(11,3,38.0679)->(11,2,39.3858)->(11,1,41.6)->(12,1,43.8142)->(13,1,45.1321)->(14,1,45.8142)->(15,1,46.3821)->(16,1,46.9)->(17,1,47.4)->(18,1,47.9)->(19,1,48.4)->(20,1,48.9)->(21,1,49.4)->(22,1,49.9)->(23,1,50.4)->(24,1,50.9)->(25,1,51.4)->(26,1,51.9)->(27,1,52.4179)->(28,1,52.9858)->(29,1,53.6679)->(30,1,54.9858)->(31,1,57.2)->(31,2,59.4142)->(31,3,60.7321)->(31,4,61.4142)->(31,5,62)->(31,6,62.5858)->(31,7,63.2679)->(31,8,64.5858)->(31,9,66.8)->(32,9,69.0142)->(33,9,70.3321)->(34,9,71.0238)->(35,9,71.6595)->(36,9,72.3513)->(37,9,73.6691)->(38,9,75.8833)->(38,10,78.0975)->(38,11,79.4314)->(38,12,80.2598)->(38,13,81.5937)->(38,14,5040.5)->
Agent 3:(52,55,1.8)->(53,55,3.04949)->(54,55,5.04949)->(55,55,7.29898)->(55,54,9.51319)->(55,53,10.831)->(55,52,11.5132)->(55,51,12.081)->(55,50,12.599)->(55,49,13.099)->(55,48,13.599)->(55,47,14.099)->(55,46,14.599)->(55,45,15.099)->(55,44,15.599)->(55,43,16.1169)->(55,42,16.6848)->(55,41,17.3669)->(55,40,18.6848)->(55,39,20.899)->(54,39,23.1132)->(53,39,24.5274)->(52,39,25.9416)->(51,39,5012.68)->
Agent 4:(31,62,1.8)->(30,62,3.6)->(29,62,6.4)->(29,61,8.61421)->(29,60,9.93205)->(29,59,10.6142)->(29,58,11.1821)->(29,57,11.7)->(29,56,12.2)->(29,55,12.7)->(29,54,13.2)->(29,53,13.7)->(29,52,14.2)->(29,51,14.7179)->(29,50,15.2858)->(29,49,15.9679)->(29,48,17.2858)->(29,47,19.5)->(30,47,21.7142)->(31,47,23.0321)->(32,47,23.7142)->(33,47,24.2821)->(34,47,24.8)->(35,47,25.3)->(36,47,25.8)->(37,47,26.3)->(38,47,26.8)->(39,47,27.3)->(40,47,27.8179)->(41,47,28.3858)->(42,47,29.0679)->(43,47,30.3858)->(44,47,32.6)->(44,48,34.8142)->(44,49,36.1321)->(44,50,36.8142)->(44,51,37.3821)->(44,52,37.9)->(44,53,38.4179)->(44,54,38.9858)->(44,55,39.6679)->(44,56,40.9858)->(44,57,43.2)->(45,57,45.4142)->(46,57,46.7481)->(47,57,47.5765)->(48,57,48.9103)->(49,57,51.5388)->(49,58,5025.96)->
Agent 5:(52,22,1.71421)->(52,23,3.81421)->(53,23,6.47792)->(54,23,8.47792)->(55,23,5003.96)->
Agent 6:(45,25,1.8)->(44,25,3.01421)->(43,25,4.42843)->(42,25,5.84264)->(41,25,11.0284)->(41,26,16.2142)->(41,27,17.5321)->(41,28,18.2142)->(41,29,18.7821)->(41,30,19.3179)->(41,31,19.8858)->(41,32,20.5679)->(41,33,21.8858)->(41,34,24.1)->(42,34,26.3142)->(43,34,27.6321)->(44,34,28.3142)->(45,34,28.8821)->(46,34,29.4)->(47,34,29.9)->(48,34,30.4)->(49,34,30.9)->(50,34,31.4)->(51,34,31.9179)->(52,34,32.4858)->(53,34,33.1679)->(54,34,34.4858)->(55,34,36.7)->(55,35,38.9142)->(55,36,40.2321)->(55,37,40.9142)->(55,38,41.4821)->(55,39,42)->(55,40,42.5)->(55,41,43)->(55,42,43.5)->(55,43,44)->(55,44,44.5)->(55,45,45)->(55,46,45.5)->(55,47,46)->(55,48,46.5)->(55,49,47)->(55,50,47.5)->(55,51,48)->(55,52,48.5)->(55,53,49)->(55,54,49.5)->(55,55,50)->(55,56,50.5)->(55,57,51)->(55,58,51.5179)->(55,59,52.0858)->(55,60,52.7679)->(55,61,54.0858)->(55,62,56.3)->(56,62,59.1)->(57,62,5029.55)->
Agent 7:(42,56,1.71421)->(42,57,3.81421)->(43,57,6.44264)->(44,57,7.76048)->(45,57,8.44264)->(46,57,9.01048)->(47,57,9.52843)->(48,57,10.0284)->(49,57,10.5284)->(50,57,11.0284)->(51,57,11.5284)->(52,57,12.0284)->(53,57,12.5284)->(54,57,13.0284)->(55,57,13.5464)->(56,57,14.1142)->(57,57,14.7964)->(58,57,16.1142)->(59,57,18.3284)->(59,56,21.1284)->(59,55,5010.56)->
Agent 8:(3,23,1.3)->(3,24,2.01421)->(3,25,3.33205)->(3,26,4.01421)->(3,27,4.6)->(3,28,5.18579)->(3,29,5.86795)->(3,30,7.18579)->(3,31,9.4)->(4,31,11.6142)->(5,31,12.9321)->(6,31,13.6142)->(7,31,14.1821)->(8,31,14.7)->(9,31,15.2)->(10,31,15.7179)->(11,31,16.2858)->(12,31,16.9679)->(13,31,18.2858)->(14,31,20.5)->(14,32,22.7142)->(14,33,24.0321)->(14,34,24.7142)->(14,35,25.2821)->(14,36,25.8)->(14,37,26.3)->(14,38,26.8)->(14,39,27.3)->(14,40,27.8)->(14,41,28.3)->(14,42,28.8)->(14,43,29.3179)->(14,44,29.8858)->(14,45,30.5679)->(14,46,31.8858)->(14,47,34.1)->(13,47,36.3142)->(12,47,37.6321)->(11,47,38.3142)->(10,47,38.8821)->(9,47,39.4)->(8,47,39.9)->(7,47,40.4179)->(6,47,40.9858)->(5,47,41.6679)->(4,47,42.9858)->(3,47,45.2)->(3,48,47.4142)->(3,49,48.7321)->(3,50,49.4142)->(3,51,50)->(3,52,50.5858)->(3,53,51.2679)->(3,54,52.5858)->(3,55,55.2142)->(2,55,5027.8)->
Agent 9:(40,41,1.3)->(40,42,2.04949)->(40,43,4.04949)->(40,44,6.29898)->(39,44,8.51319)->(38,44,9.83103)->(37,44,10.5132)->(36,44,11.081)->(35,44,11.599)->(34,44,12.099)->(33,44,12.599)->(32,44,13.099)->(31,44,13.599)->(30,44,14.099)->(29,44,14.599)->(28,44,15.099)->(27,44,15.599)->(26,44,16.099)->(25,44,16.599)->(24,44,17.099)->(23,44,17.599)->(22,44,18.099)->(21,44,18.6169)->(20,44,19.1848)->(19,44,19.8669)->(18,44,21.1848)->(17,44,23.399)->(17,43,25.6132)->(17,42,26.931)->(17,41,27.6228)->(17,40,28.2585)->(17,39,28.9502)->(17,38,30.2681)->(17,37,32.4823)->(16,37,34.7318)->(15,37,36.7318)->(14,37,38.9813)->(14,36,41.1955)->(14,35,42.5133)->(14,34,43.2051)->(14,33,43.8408)->(14,32,44.5325)->(14,31,45.8504)->(14,30,5022.63)->
