Agent 0:(73,9,1.8)->(74,9,3.04949)->(75,9,5.04949)->(76,9,7.29898)->(76,10,9.51319)->(76,11,10.831)->(76,12,11.5228)->(76,13,12.1585)->(76,14,12.8502)->(76,15,14.1681)->(76,16,16.3823)->(75,16,18.5965)->(74,16,19.9143)->(73,16,20.5965)->(72,16,21.1643)->(71,16,21.6823)->(70,16,22.1823)->(69,16,22.6823)->(68,16,23.2002)->(67,16,23.7681)->(66,16,24.4502)->(65,16,25.7681)->(64,16,29.1232)->(64,17,32.4783)->(64,18,33.7962)->(64,19,34.4783)->(64,20,35.0462)->(64,21,35.5821)->(64,22,36.1499)->(64,23,36.8321)->(64,24,38.1499)->(64,25,40.3641)->(63,25,42.5783)->(62,25,43.8962)->(61,25,44.5783)->(60,25,45.1462)->(59,25,45.6821)->(58,25,46.2499)->(57,25,46.9321)->(56,25,48.2499)->(55,25,50.8783)->(55,26,5025.63)->
Agent 1:(57,12,4.54166)->(57,11,9.4691)->(58,11,12.0975)->(59,11,13.4154)->(60,11,14.1474)->(61,11,14.8795)->(62,11,16.1973)->(63,11,18.4115)->(63,12,20.6257)->(63,13,22.0399)->(63,14,23.4542)->(63,15,25.6684)->(64,15,28.4684)->(65,15,5014.23)->
Agent 2:(76,56,1.95834)->(75,56,3.3309)->(74,56,4.64874)->(73,56,5.34051)->(72,56,5.97618)->(71,56,6.66795)->(70,56,7.98579)->(69,56,10.2)->(69,55,12.4142)->(69,54,13.7321)->(69,53,14.4142)->(69,52,14.9821)->(69,51,15.5)->(69,50,16)->(69,49,16.5)->(69,48,17)->(69,47,17.5)->(69,46,18)->(69,45,18.5)->(69,44,19)->(69,43,19.5)->(69,42,20)->(69,41,20.5)->(69,40,21)->(69,39,21.5)->(69,38,22)->(69,37,22.5)->(69,36,23)->(69,35,23.5)->(69,34,24)->(69,33,24.5)->(69,32,25)->(69,31,25.5)->(69,30,26)->(69,29,26.5)->(69,28,27)->(69,27,27.5)->(69,26,28)->(69,25,28.5)->(69,24,29)->(69,23,29.5179)->(69,22,30.0858)->(69,21,30.7679)->(69,20,32.0858)->(69,19,34.3)->(68,19,36.5142)->(67,19,37.9284)->(66,19,39.3426)->(65,19,5019.38)->
Agent 3:(68,54,1.3)->(68,55,2.6)->(68,56,5.4)->(67,56,8.2)->(66,56,5004.1)->
Agent 4:(20,25,1.8)->(21,25,3.01421)->(22,25,4.33205)->(23,25,5.01421)->(24,25,5.6)->(25,25,6.18579)->(26,25,6.86795)->(27,25,8.18579)->(28,25,10.4)->(28,26,12.6142)->(28,27,13.9321)->(28,28,14.6142)->(28,29,15.1821)->(28,30,15.7)->(28,31,16.2)->(28,32,16.7)->(28,33,17.2)->(28,34,17.7)->(28,35,18.2)->(28,36,18.7)->(28,37,19.2)->(28,38,19.7)->(28,39,20.2)->(28,40,20.7)->(28,41,21.2)->(28,42,21.7)->(28,43,22.2)->(28,44,22.7)->(28,45,23.2)->(28,46,23.7)->(28,47,24.2)->(28,48,24.7179)->(28,49,25.2858)->(28,50,25.9679)->(28,51,27.2858)->(28,52,29.5)->(27,52,31.7142)->(26,52,33.0321)->(25,52,33.7238)->(24,52,34.3595)->(23,52,35.0513)->(22,52,36.3691)->(21,52,5017.89)->
Agent 5:(35,27,2.2)->(35,26,3.81421)->(35,25,5.13205)->(35,24,5.8641)->(35,23,6.59615)->(35,22,7.91399)->(35,21,10.1282)->(34,21,12.3424)->(33,21,13.6603)->(32,21,14.3424)->(31,21,14.9103)->(30,21,15.4282)->(29,21,15.9282)->(28,21,16.4282)->(27,21,16.9282)->(26,21,17.4282)->(25,21,17.9282)->(24,21,18.4282)->(23,21,18.9282)->(22,21,19.4282)->(21,21,19.9462)->(20,21,20.514)->(19,21,21.1962)->(18,21,22.514)->(17,21,43.5141)->(18,21,65.1)->(19,21,5032.55)->
Agent 6:(35,30,1.8)->(36,30,3.01421)->(37,30,4.33205)->(38,30,5.02382)->(39,30,5.65949)->(40,30,6.35126)->(41,30,7.6691)->(42,30,9.88331)->(42,31,12.0975)->(42,32,13.4154)->(42,33,14.0975)->(42,34,14.6654)->(42,35,15.1833)->(42,36,15.6833)->(42,37,16.1833)->(42,38,16.6833)->(42,39,17.1833)->(42,40,17.6833)->(42,41,18.1833)->(42,42,18.6833)->(42,43,19.1833)->(42,44,19.7013)->(42,45,20.2691)->(42,46,20.9513)->(42,47,22.2691)->(42,48,24.4833)->(43,48,26.7328)->(44,48,28.7328)->(45,48,30.9823)->(45,49,33.1965)->(45,50,34.5304)->(45,51,35.3588)->(45,52,36.6926)->(45,53,38.9068)->(46,53,41.1211)->(47,53,42.4389)->(48,53,43.1211)->(49,53,43.7068)->(50,53,44.2926)->(51,53,44.9748)->(52,53,46.2926)->(53,53,48.9211)->(53,54,5024.65)->
Agent 7:(73,14,1.8)->(72,14,3.01421)->(71,14,4.33205)->(70,14,5.01421)->(69,14,5.58205)->(68,14,6.11795)->(67,14,6.68579)->(66,14,7.36795)->(65,14,8.68579)->(64,14,10.9)->(64,15,13.1142)->(64,16,14.4321)->(64,17,15.1142)->(64,18,15.6821)->(64,19,16.2)->(64,20,16.7)->(64,21,17.2179)->(64,22,17.7858)->(64,23,18.4679)->(64,24,19.7858)->(64,25,22)->(63,25,24.2142)->(62,25,25.5321)->(61,25,26.2142)->(60,25,26.7821)->(59,25,27.3)->(58,25,27.8)->(57,25,28.3)->(56,25,28.8)->(55,25,29.3179)->(54,25,29.8858)->(53,25,30.5679)->(52,25,31.8858)->(51,25,34.5142)->(51,26,38.5284)->(50,26,5019.66)->
Agent 8:(27,54,2.2)->(27,53,3.81421)->(27,52,5.13205)->(27,51,5.81421)->(27,50,6.38205)->(27,49,6.9)->(27,48,7.4)->(27,47,7.9)->(27,46,8.4)->(27,45,8.9)->(27,44,9.4)->(27,43,9.9)->(27,42,10.4)->(27,41,10.9)->(27,40,11.4)->(27,39,11.9)->(27,38,12.4)->(27,37,12.9)->(27,36,13.4)->(27,35,13.9)->(27,34,14.4)->(27,33,14.9)->(27,32,15.4)->(27,31,15.9)->(27,30,16.4)->(27,29,16.9)->(27,28,17.4)->(27,27,17.9)->(27,26,18.4)->(27,25,18.9179)->(27,24,19.4858)->(27,23,20.1679)->(27,22,21.4858)->(27,21,23.7)->(26,21,25.9495)->(25,21,27.9495)->(24,21,5013.7)->
Agent 9:(50,30,2.2)->(50,29,3.84949)->(50,28,5.84949)->(50,27,8.09898)->(49,27,10.3132)->(48,27,11.631)->(47,27,12.3132)->(46,27,12.881)->(45,27,13.399)->(44,27,13.899)->(43,27,14.4169)->(42,27,14.9848)->(41,27,15.6669)->(40,27,16.9848)->(39,27,19.6132)->(39,26,24.4674)->(38,26,28.3501)->(37,26,29.6679)->(36,26,30.3501)->(35,26,30.9179)->(34,26,31.4359)->(33,26,31.9359)->(32,26,32.4359)->(31,26,32.9359)->(30,26,33.4359)->(29,26,33.9359)->(28,26,34.4538)->(27,26,35.0217)->(26,26,35.7038)->(25,26,37.0217)->(24,26,39.2359)->(24,25,42.0359)->(24,24,61.4136)->(24,25,80.7913)->(24,26,5040.4)->
Agent 10:(67,42,2.21421)->(68,42,4.81421)->(68,41,7.44264)->(68,40,8.76048)->(68,39,9.44264)->(68,38,10.0105)->(68,37,10.5284)->(68,36,11.0284)->(68,35,11.5284)->(68,34,12.0284)->(68,33,12.5284)->(68,32,13.0284)->(68,31,13.5284)->(68,30,14.0464)->(68,29,14.6142)->(68,28,15.2964)->(68,27,16.6142)->(68,26,18.8284)->(67,26,21.0426)->(66,26,22.3605)->(65,26,23.0426)->(64,26,23.6105)->(63,26,24.1284)->(62,26,24.6284)->(61,26,25.1284)->(60,26,25.6284)->(59,26,26.1284)->(58,26,26.6284)->(57,26,27.1284)->(56,26,27.6464)->(55,26,28.2142)->(54,26,28.8964)->(53,26,30.2142)->(52,26,33.8142)->(52,27,38)->(52,28,41)->(51,28,43.4142)->(50,28,44.7321)->(49,28,45.4142)->(48,28,45.9821)->(47,28,46.5)->(46,28,47.0179)->(45,28,47.5858)->(44,28,48.2679)->(43,28,49.5858)->(42,28,52.2142)->(42,29,55.8142)->(41,29,58.4426)->(40,29,59.7605)->(39,29,60.4426)->(38,29,61.0105)->(37,29,61.5284)->(36,29,62.0284)->(35,29,62.5284)->(34,29,63.0284)->(33,29,63.5284)->(32,29,64.0464)->(31,29,64.6142)->(30,29,65.2964)->(29,29,66.6142)->(28,29,68.8284)->(28,30,71.0426)->(28,31,72.3605)->(28,32,73.0426)->(28,33,73.6105)->(28,34,74.1464)->(28,35,74.7142)->(28,36,75.3964)->(28,37,76.7142)->(28,38,5038.06)->
Agent 11:(16,23,1.8)->(17,23,3.01421)->(18,23,4.33205)->(19,23,5.01421)->(20,23,5.58205)->(21,23,6.1)->(22,23,6.6)->(23,23,7.1)->(24,23,7.6)->(25,23,8.1)->(26,23,8.6)->(27,23,9.1)->(28,23,9.6)->(29,23,10.1)->(30,23,10.6)->(31,23,11.1)->(32,23,11.6)->(33,23,12.1)->(34,23,12.6)->(35,23,13.1)->(36,23,13.6)->(37,23,14.1)->(38,23,14.6)->(39,23,15.1)->(40,23,15.6179)->(41,23,16.1858)->(42,23,16.8679)->(43,23,18.1858)->(44,23,20.4)->(44,24,22.6142)->(44,25,23.9321)->(44,26,24.6641)->(44,27,25.3962)->(44,28,26.714)->(44,29,28.9282)->(45,29,31.1424)->(46,29,32.4603)->(47,29,33.1424)->(48,29,33.7103)->(49,29,34.2282)->(50,29,34.7462)->(51,29,35.314)->(52,29,35.9962)->(53,29,37.314)->(54,29,39.5282)->(54,28,41.7424)->(54,27,43.0603)->(54,26,43.7424)->(54,25,44.3103)->(54,24,44.8282)->(54,23,45.3282)->(54,22,45.8282)->(54,21,46.3282)->(54,20,46.8282)->(54,19,47.3282)->(54,18,47.8282)->(54,17,48.3282)->(54,16,48.8282)->(54,15,49.3282)->(54,14,49.8282)->(54,13,50.3282)->(54,12,50.8282)->(54,11,51.3282)->(54,10,51.8282)->(54,9,52.3282)->(54,8,52.8462)->(54,7,53.414)->(54,6,54.0962)->(54,5,55.414)->(54,4,58.0424)->(53,4,5029.21)->
Agent 12:(66,38,2.21421)->(67,38,4.81421)->(67,37,7.44264)->(67,36,8.76048)->(67,35,9.44264)->(67,34,10.0105)->(67,33,10.5284)->(67,32,11.0284)->(67,31,11.5464)->(67,30,12.1142)->(67,29,12.7964)->(67,28,14.1142)->(67,27,16.7642)->(66,27,19.4142)->(65,27,20.7321)->(64,27,21.4142)->(63,27,21.9821)->(62,27,22.5)->(61,27,23)->(60,27,23.5)->(59,27,24)->(58,27,24.5)->(57,27,25)->(56,27,25.5)->(55,27,26)->(54,27,26.5)->(53,27,27)->(52,27,27.5)->(51,27,28)->(50,27,28.5)->(49,27,29)->(48,27,29.5)->(47,27,30)->(46,27,30.5)->(45,27,31)->(44,27,31.5)->(43,27,32.0179)->(42,27,32.5858)->(41,27,33.2679)->(40,27,34.5858)->(39,27,36.8)->(39,28,39.0142)->(39,29,40.3321)->(39,30,41.0142)->(39,31,41.5821)->(39,32,42.1)->(39,33,42.6)->(39,34,43.1)->(39,35,43.6)->(39,36,44.1)->(39,37,44.6)->(39,38,45.1)->(39,39,45.6)->(39,40,46.1)->(39,41,46.6)->(39,42,47.1)->(39,43,47.6)->(39,44,48.1)->(39,45,48.6)->(39,46,49.1)->(39,47,49.6)->(39,48,50.1)->(39,49,50.6)->(39,50,51.1)->(39,51,51.6)->(39,52,52.1)->(39,53,52.6)->(39,54,53.1)->(39,55,53.6)->(39,56,54.1179)->(39,57,54.6858)->(39,58,55.3679)->(39,59,56.6858)->(39,60,58.9)->(38,60,61.7)->(37,60,5030.85)->
Agent 13:(61,61,2.21421)->(60,61,4.81421)->(60,60,7.44264)->(60,59,8.76048)->(60,58,9.44264)->(60,57,10.0105)->(60,56,10.5464)->(60,55,11.1142)->(60,54,11.7964)->(60,53,13.1142)->(60,52,16.2642)->(59,52,19.4142)->(58,52,20.7321)->(57,52,21.4142)->(56,52,21.9821)->(55,52,22.5)->(54,52,23)->(53,52,23.5)->(52,52,24)->(51,52,24.5)->(50,52,25)->(49,52,25.5)->(48,52,26)->(47,52,26.5)->(46,52,27)->(45,52,27.5179)->(44,52,28.0858)->(43,52,28.7679)->(42,52,30.0858)->(41,52,35.7765)->(41,51,41.4672)->(41,50,42.785)->(41,49,43.4672)->(41,48,44.035)->(41,47,44.553)->(41,46,45.053)->(41,45,45.553)->(41,44,46.053)->(41,43,46.553)->(41,42,47.053)->(41,41,47.553)->(41,40,48.053)->(41,39,48.553)->(41,38,49.053)->(41,37,49.553)->(41,36,50.053)->(41,35,50.553)->(41,34,51.053)->(41,33,51.553)->(41,32,52.053)->(41,31,52.5709)->(41,30,53.1388)->(41,29,53.8209)->(41,28,55.1388)->(41,27,59.6832)->(42,27,64.2277)->(43,27,65.5455)->(44,27,66.2277)->(45,27,66.7955)->(46,27,67.3135)->(47,27,67.8135)->(48,27,68.3135)->(49,27,68.8135)->(50,27,69.3135)->(51,27,69.8135)->(52,27,70.3135)->(53,27,70.8135)->(54,27,71.3135)->(55,27,71.8135)->(56,27,72.3135)->(57,27,72.8135)->(58,27,73.3135)->(59,27,73.8135)->(60,27,74.3135)->(61,27,74.8135)->(62,27,75.3135)->(63,27,75.8135)->(64,27,76.3314)->(65,27,76.8993)->(66,27,77.5814)->(67,27,78.8993)->(68,27,81.1135)->(68,28,83.3277)->(68,29,84.6455)->(68,30,85.3277)->(68,31,85.8955)->(68,32,86.4135)->(68,33,86.9135)->(68,34,87.4135)->(68,35,87.9135)->(68,36,88.4135)->(68,37,88.9135)->(68,38,89.4314)->(68,39,89.9993)->(68,40,90.6814)->(68,41,91.9993)->(68,42,5045.71)->
Agent 14:(7,9,1.8)->(8,9,3.01421)->(9,9,4.33205)->(10,9,5.01421)->(11,9,5.58205)->(12,9,6.1)->(13,9,6.6)->(14,9,7.1)->(15,9,7.6)->(16,9,8.1)->(17,9,8.6)->(18,9,9.1)->(19,9,9.61795)->(20,9,10.1858)->(21,9,10.8679)->(22,9,12.1858)->(23,9,14.4)->(23,8,16.6142)->(23,7,17.9321)->(23,6,18.6641)->(23,5,19.3962)->(23,4,20.714)->(23,3,22.9282)->(24,3,25.1424)->(25,3,26.4763)->(26,3,27.3047)->(27,3,28.6385)->(28,3,5014.03)->
Agent 15:(56,20,2.61421)->(56,19,5.61421)->(57,19,8.24264)->(58,19,9.56048)->(59,19,10.2426)->(60,19,10.8105)->(61,19,11.3284)->(62,19,11.8284)->(63,19,12.3284)->(64,19,12.8284)->(65,19,13.3284)->(66,19,13.8284)->(67,19,14.3284)->(68,19,14.8464)->(69,19,15.4142)->(70,19,16.0964)->(71,19,17.4142)->(72,19,19.6284)->(72,20,22.4284)->(72,21,5011.21)->
Agent 16:(14,20,2.55)->(15,20,4.51421)->(16,20,5.83205)->(17,20,6.51421)->(18,20,7.08205)->(19,20,7.6)->(20,20,8.1)->(21,20,8.6)->(22,20,9.1)->(23,20,9.6)->(24,20,10.1)->(25,20,10.6)->(26,20,11.1)->(27,20,11.6)->(28,20,12.1)->(29,20,12.6)->(30,20,13.1)->(31,20,13.6)->(32,20,14.1)->(33,20,14.6)->(34,20,15.1)->(35,20,15.6)->(36,20,16.1)->(37,20,16.6)->(38,20,17.1)->(39,20,17.6179)->(40,20,18.1858)->(41,20,18.8679)->(42,20,20.1858)->(43,20,22.4)->(43,21,24.6142)->(43,22,25.9321)->(43,23,26.6142)->(43,24,27.1821)->(43,25,27.7179)->(43,26,28.2858)->(43,27,28.9679)->(43,28,30.2858)->(43,29,33.5141)->(44,29,36.7424)->(45,29,38.0603)->(46,29,38.7424)->(47,29,39.3103)->(48,29,39.8282)->(49,29,40.3282)->(50,29,40.8282)->(51,29,41.3282)->(52,29,41.8282)->(53,29,42.3282)->(54,29,42.8282)->(55,29,43.3282)->(56,29,43.8282)->(57,29,44.3462)->(58,29,44.914)->(59,29,45.5962)->(60,29,46.914)->(61,29,49.1282)->(61,28,51.3424)->(61,27,52.7566)->(61,26,54.1708)->(61,25,56.3851)->(62,25,58.5993)->(63,25,59.9171)->(64,25,60.5993)->(65,25,61.1671)->(66,25,61.703)->(67,25,62.2708)->(68,25,62.953)->(69,25,64.2708)->(70,25,66.4851)->(70,24,68.6993)->(70,23,70.0171)->(70,22,70.6993)->(70,21,71.2671)->(70,20,71.7851)->(70,19,72.303)->(70,18,72.8708)->(70,17,73.553)->(70,16,74.8708)->(70,15,77.0851)->(71,15,79.2993)->(72,15,80.6171)->(73,15,81.2993)->(74,15,81.8851)->(75,15,82.4708)->(76,15,83.153)->(77,15,84.4708)->(78,15,5041.94)->
Agent 17:(4,52,1.8)->(5,52,3.01421)->(6,52,4.33205)->(7,52,5.01421)->(8,52,5.58205)->(9,52,6.11795)->(10,52,6.68579)->(11,52,7.36795)->(12,52,8.68579)->(13,52,14.4417)->(13,51,20.1975)->(13,50,21.5154)->(13,49,22.1975)->(13,48,22.7654)->(13,47,23.2833)->(13,46,23.7833)->(13,45,24.2833)->(13,44,24.7833)->(13,43,25.2833)->(13,42,25.7833)->(13,41,26.2833)->(13,40,26.7833)->(13,39,27.2833)->(13,38,27.7833)->(13,37,28.2833)->(13,36,28.7833)->(13,35,29.2833)->(13,34,29.7833)->(13,33,30.2833)->(13,32,30.7833)->(13,31,31.3013)->(13,30,31.8691)->(13,29,32.5513)->(13,28,33.8691)->(13,27,36.0833)->(14,27,38.2975)->(15,27,39.6154)->(16,27,40.2975)->(17,27,40.8654)->(18,27,41.3833)->(19,27,41.8833)->(20,27,42.3833)->(21,27,42.8833)->(22,27,43.3833)->(23,27,43.8833)->(24,27,44.3833)->(25,27,44.8833)->(26,27,45.3833)->(27,27,45.8833)->(28,27,46.3833)->(29,27,46.8833)->(30,27,47.3833)->(31,27,47.8833)->(32,27,48.3833)->(33,27,48.9013)->(34,27,49.4691)->(35,27,50.1513)->(36,27,51.4691)->(37,27,54.0975)->(37,28,57.6975)->(38,28,60.326)->(39,28,61.6438)->(40,28,62.326)->(41,28,62.8938)->(42,28,63.4117)->(43,28,63.9117)->(44,28,64.4117)->(45,28,64.9117)->(46,28,65.4117)->(47,28,65.9117)->(48,28,66.4117)->(49,28,66.9117)->(50,28,67.4117)->(51,28,67.9117)->(52,28,68.4117)->(53,28,68.9117)->(54,28,69.4297)->(55,28,69.9975)->(56,28,70.6797)->(57,28,71.9975)->(58,28,74.2117)->(58,29,76.426)->(58,30,77.7438)->(58,31,78.426)->(58,32,78.9938)->(58,33,79.5117)->(58,34,80.0117)->(58,35,80.5117)->(58,36,81.0297)->(58,37,81.5975)->(58,38,82.2797)->(58,39,83.5975)->(58,40,85.8117)->(59,40,88.0612)->(60,40,90.0612)->(61,40,5044.76)->
Agent 18:(21,55,1.8)->(22,55,3.01421)->(23,55,4.33205)->(24,55,5.0641)->(25,55,5.79615)->(26,55,7.11399)->(27,55,9.3282)->(27,54,11.5424)->(27,53,12.8603)->(27,52,13.5424)->(27,51,14.1103)->(27,50,14.6282)->(27,49,15.1282)->(27,48,15.6282)->(27,47,16.1282)->(27,46,16.6282)->(27,45,17.1282)->(27,44,17.6282)->(27,43,18.1282)->(27,42,18.6282)->(27,41,19.1282)->(27,40,19.6282)->(27,39,20.1282)->(27,38,20.6282)->(27,37,21.1282)->(27,36,21.6282)->(27,35,22.1282)->(27,34,22.6282)->(27,33,23.1282)->(27,32,23.6282)->(27,31,24.1282)->(27,30,24.6282)->(27,29,25.1282)->(27,28,25.6462)->(27,27,26.214)->(27,26,26.8962)->(27,25,28.214)->(27,24,32.2558)->(26,24,36.2975)->(25,24,37.6154)->(24,24,38.2975)->(23,24,38.8654)->(22,24,39.3833)->(21,24,39.8833)->(20,24,40.3833)->(19,24,40.8833)->(18,24,41.3833)->(17,24,41.8833)->(16,24,42.3833)->(15,24,42.8833)->(14,24,43.3833)->(13,24,43.8833)->(12,24,44.4013)->(11,24,44.9691)->(10,24,45.6513)->(9,24,46.9691)->(8,24,5023.19)->
Agent 19:(71,61,2.2)->(70,61,4.4)->(69,61,7.95)->(69,60,10.9142)->(69,59,12.2321)->(69,58,12.9142)->(69,57,13.4821)->(69,56,14)->(69,55,14.5)->(69,54,15)->(69,53,15.5)->(69,52,16)->(69,51,16.5)->(69,50,17)->(69,49,17.5)->(69,48,18)->(69,47,18.5)->(69,46,19)->(69,45,19.5)->(69,44,20)->(69,43,20.5)->(69,42,21)->(69,41,21.5)->(69,40,22)->(69,39,22.5)->(69,38,23)->(69,37,23.5)->(69,36,24)->(69,35,24.5)->(69,34,25)->(69,33,25.5)->(69,32,26)->(69,31,26.5179)->(69,30,27.0858)->(69,29,27.7679)->(69,28,29.0858)->(69,27,31.9642)->(68,27,34.8426)->(67,27,36.1605)->(66,27,36.8522)->(65,27,37.4879)->(64,27,38.1797)->(63,27,39.4975)->(62,27,42.126)->(62,28,59.8581)->(61,28,76.6187)->(60,28,77.9365)->(59,28,78.6187)->(58,28,79.1865)->(57,28,79.7045)->(56,28,80.2045)->(55,28,80.7045)->(54,28,81.2045)->(53,28,81.7045)->(52,28,82.2045)->(51,28,82.7045)->(50,28,83.2045)->(49,28,83.7045)->(48,28,84.2045)->(47,28,84.7045)->(46,28,85.2045)->(45,28,85.7045)->(44,28,86.2045)->(43,28,86.7045)->(42,28,87.2045)->(41,28,87.7045)->(40,28,88.2045)->(39,28,88.7045)->(38,28,89.2045)->(37,28,89.7045)->(36,28,90.2045)->(35,28,90.7045)->(34,28,91.2045)->(33,28,91.7045)->(32,28,92.2045)->(31,28,92.7045)->(30,28,93.2045)->(29,28,93.7045)->(28,28,94.2045)->(27,28,94.7045)->(26,28,95.2045)->(25,28,95.7045)->(24,28,96.2224)->(23,28,96.7903)->(22,28,97.4724)->(21,28,98.7903)->(20,28,101.004)->(20,27,103.219)->(20,26,104.537)->(20,25,105.219)->(20,24,105.787)->(20,23,106.304)->(20,22,106.804)->(20,21,107.304)->(20,20,107.804)->(20,19,108.304)->(20,18,108.804)->(20,17,109.304)->(20,16,109.804)->(20,15,110.304)->(20,14,110.804)->(20,13,111.304)->(20,12,111.804)->(20,11,112.304)->(20,10,112.804)->(20,9,113.304)->(20,8,113.822)->(20,7,114.39)->(20,6,115.072)->(20,5,116.39)->(20,4,118.604)->(19,4,120.819)->(18,4,122.137)->(17,4,122.869)->(16,4,123.601)->(15,4,124.918)->(14,4,127.547)->(14,3,131.147)->(13,3,133.775)->(12,3,135.093)->(11,3,135.825)->(10,3,136.557)->(9,3,137.875)->(8,3,5068.64)->
Agent 20:(41,42,2.29166)->(41,41,3.99753)->(41,40,5.31537)->(41,39,5.99753)->(41,38,6.56537)->(41,37,7.08331)->(41,36,7.58331)->(41,35,8.08331)->(41,34,8.58331)->(41,33,9.08331)->(41,32,9.60126)->(41,31,10.1691)->(41,30,10.8513)->(41,29,12.1691)->(41,28,14.3833)->(42,28,16.5975)->(43,28,17.9154)->(44,28,18.5975)->(45,28,19.1654)->(46,28,19.6833)->(47,28,20.1833)->(48,28,20.6833)->(49,28,21.1833)->(50,28,21.6833)->(51,28,22.1833)->(52,28,22.6833)->(53,28,23.1833)->(54,28,23.6833)->(55,28,24.1833)->(56,28,24.6833)->(57,28,25.1833)->(58,28,25.7013)->(59,28,26.2691)->(60,28,26.9513)->(61,28,28.2691)->(62,28,30.4833)->(62,27,33.2833)->(62,26,36.0833)->(63,26,38.2975)->(64,26,39.6154)->(65,26,40.3071)->(66,26,40.9428)->(67,26,41.6346)->(68,26,42.9524)->(69,26,45.1666)->(69,27,47.3808)->(69,28,48.6987)->(69,29,49.3808)->(69,30,49.9487)->(69,31,50.4666)->(69,32,50.9666)->(69,33,51.4666)->(69,34,51.9666)->(69,35,52.4666)->(69,36,52.9666)->(69,37,53.4666)->(69,38,53.9666)->(69,39,54.4666)->(69,40,54.9666)->(69,41,55.4666)->(69,42,55.9666)->(69,43,56.4666)->(69,44,56.9666)->(69,45,57.4666)->(69,46,57.9666)->(69,47,58.4666)->(69,48,58.9666)->(69,49,59.4666)->(69,50,59.9666)->(69,51,60.4666)->(69,52,60.9666)->(69,53,61.4846)->(69,54,62.0524)->(69,55,62.7346)->(69,56,64.0524)->(69,57,5031.73)->
Agent 21:(28,28,1.8)->(27,28,3.01421)->(26,28,4.33205)->(25,28,5.02382)->(24,28,5.65949)->(23,28,6.35126)->(22,28,7.6691)->(21,28,9.88331)->(21,27,12.0975)->(21,26,13.4154)->(21,25,14.0975)->(21,24,14.6654)->(21,23,15.1833)->(21,22,15.6833)->(21,21,16.1833)->(21,20,16.6833)->(21,19,17.1833)->(21,18,17.6833)->(21,17,18.1833)->(21,16,18.6833)->(21,15,19.1833)->(21,14,19.6833)->(21,13,20.1833)->(21,12,20.6833)->(21,11,21.1833)->(21,10,21.6833)->(21,9,22.1833)->(21,8,22.7013)->(21,7,23.2691)->(21,6,23.9513)->(21,5,25.2691)->(21,4,27.4833)->(20,4,29.6975)->(19,4,31.0154)->(18,4,31.6975)->(17,4,32.2833)->(16,4,32.8691)->(15,4,33.5513)->(14,4,34.8691)->(13,4,5017.14)->
Agent 22:(61,11,1.8)->(60,11,3.01421)->(59,11,4.33205)->(58,11,5.02382)->(57,11,5.65949)->(56,11,6.35126)->(55,11,7.6691)->(54,11,10.1596)->(54,12,12.6501)->(54,13,13.9679)->(54,14,14.6501)->(54,15,15.2179)->(54,16,15.7359)->(54,17,16.2359)->(54,18,16.7359)->(54,19,17.2359)->(54,20,17.7359)->(54,21,18.2359)->(54,22,18.7538)->(54,23,19.3217)->(54,24,20.0038)->(54,25,21.3217)->(54,26,23.5359)->(53,26,25.7854)->(52,26,27.7854)->(51,26,30.0349)->(51,27,32.8349)->(51,28,37.4174)->(50,28,41.4142)->(49,28,42.7321)->(48,28,43.4142)->(47,28,43.9821)->(46,28,44.5)->(45,28,45)->(44,28,45.5)->(43,28,46)->(42,28,46.5)->(41,28,47)->(40,28,47.5)->(39,28,48)->(38,28,48.5)->(37,28,49)->(36,28,49.5)->(35,28,50)->(34,28,50.5)->(33,28,51)->(32,28,51.5)->(31,28,52)->(30,28,52.5)->(29,28,53)->(28,28,53.5)->(27,28,54)->(26,28,54.5)->(25,28,55)->(24,28,55.5179)->(23,28,56.0858)->(22,28,56.7679)->(21,28,58.0858)->(20,28,60.3)->(20,27,62.5142)->(20,26,63.8321)->(20,25,64.5142)->(20,24,65.0821)->(20,23,65.6)->(20,22,66.1)->(20,21,66.6)->(20,20,67.1)->(20,19,67.6)->(20,18,68.1)->(20,17,68.6)->(20,16,69.1)->(20,15,69.6)->(20,14,70.1)->(20,13,70.6179)->(20,12,71.1858)->(20,11,71.8679)->(20,10,73.1858)->(20,9,75.4)->(19,9,77.6142)->(18,9,78.9321)->(17,9,79.6142)->(16,9,80.1821)->(15,9,80.7)->(14,9,81.2)->(13,9,81.7)->(12,9,82.2)->(11,9,82.7)->(10,9,83.2)->(9,9,83.7179)->(8,9,84.2858)->(7,9,84.9679)->(6,9,86.2858)->(5,9,88.5)->(5,8,90.7495)->(5,7,92.7495)->(5,6,5046.1)->
Agent 23:(43,58,2.2)->(43,57,3.84949)->(43,56,5.84949)->(43,55,28.9514)->(42,55,52.0181)->(41,55,53.3519)->(40,55,54.1804)->(39,55,55.5142)->(38,55,5027.46)->
Agent 24:(73,57,2.71795)->(72,57,4.85011)->(71,57,6.16795)->(70,57,6.9)->(69,57,7.63205)->(68,57,8.94989)->(67,57,11.1641)->(67,56,13.3783)->(67,55,14.6962)->(67,54,15.3783)->(67,53,15.9462)->(67,52,16.4641)->(67,51,16.9641)->(67,50,17.4641)->(67,49,17.9641)->(67,48,18.4641)->(67,47,18.9641)->(67,46,19.4641)->(67,45,19.9641)->(67,44,20.4641)->(67,43,20.9641)->(67,42,21.4641)->(67,41,21.9641)->(67,40,22.4641)->(67,39,22.9641)->(67,38,23.4641)->(67,37,23.9641)->(67,36,24.4641)->(67,35,24.9641)->(67,34,25.4641)->(67,33,25.9641)->(67,32,26.4641)->(67,31,26.9641)->(67,30,27.4641)->(67,29,27.9821)->(67,28,28.5499)->(67,27,29.2321)->(67,26,30.5499)->(67,25,32.7641)->(66,25,34.9783)->(65,25,36.2962)->(64,25,36.9783)->(63,25,37.5462)->(62,25,38.0641)->(61,25,38.5641)->(60,25,39.0641)->(59,25,39.5641)->(58,25,40.0641)->(57,25,40.5641)->(56,25,41.0641)->(55,25,41.5821)->(54,25,42.1499)->(53,25,42.8321)->(52,25,44.1499)->(51,25,46.3641)->(51,26,48.6136)->(51,27,50.6136)->(51,28,52.8631)->(50,28,55.0773)->(49,28,56.3951)->(48,28,57.1272)->(47,28,57.8592)->(46,28,59.1771)->(45,28,61.3913)->(45,27,64.1913)->(45,26,66.9913)->(44,26,69.2055)->(43,26,70.5233)->(42,26,71.2055)->(41,26,71.7733)->(40,26,72.2913)->(39,26,72.7913)->(38,26,73.2913)->(37,26,73.7913)->(36,26,74.2913)->(35,26,74.7913)->(34,26,75.2913)->(33,26,75.7913)->(32,26,76.2913)->(31,26,76.7913)->(30,26,77.2913)->(29,26,77.7913)->(28,26,78.2913)->(27,26,78.7913)->(26,26,79.2913)->(25,26,79.7913)->(24,26,80.2913)->(23,26,80.7913)->(22,26,81.2913)->(21,26,81.7913)->(20,26,82.2913)->(19,26,82.7913)->(18,26,83.2913)->(17,26,83.8092)->(16,26,84.3771)->(15,26,85.0592)->(14,26,86.3771)->(13,26,5042.9)->
Agent 25:(10,10,1.8)->(11,10,3.01421)->(12,10,4.33205)->(13,10,5.01421)->(14,10,5.58205)->(15,10,6.11795)->(16,10,6.68579)->(17,10,7.36795)->(18,10,8.68579)->(19,10,10.9)->(19,11,13.1142)->(19,12,14.4321)->(19,13,15.1142)->(19,14,15.6821)->(19,15,16.2)->(19,16,16.7)->(19,17,17.2)->(19,18,17.7)->(19,19,18.2)->(19,20,18.7)->(19,21,19.2)->(19,22,19.7)->(19,23,20.2179)->(19,24,20.7858)->(19,25,21.4679)->(19,26,22.7858)->(19,27,25)->(18,27,27.2142)->(17,27,28.5321)->(16,27,29.2238)->(15,27,29.8595)->(14,27,30.5513)->(13,27,31.8691)->(12,27,34.0833)->(12,28,36.2975)->(12,29,37.6154)->(12,30,38.2975)->(12,31,38.8654)->(12,32,39.3833)->(12,33,39.8833)->(12,34,40.3833)->(12,35,40.8833)->(12,36,41.3833)->(12,37,41.8833)->(12,38,42.3833)->(12,39,42.8833)->(12,40,43.3833)->(12,41,43.8833)->(12,42,44.3833)->(12,43,44.8833)->(12,44,45.3833)->(12,45,45.8833)->(12,46,46.3833)->(12,47,46.8833)->(12,48,47.4013)->(12,49,47.9691)->(12,50,48.6513)->(12,51,49.9691)->(12,52,52.3333)->(11,52,54.6975)->(10,52,56.1117)->(9,52,57.526)->(8,52,60.1544)->(8,53,5030.27)->
Agent 26:(3,53,1.8)->(4,53,3.01421)->(5,53,4.33205)->(6,53,5.01421)->(7,53,5.58205)->(8,53,6.1)->(9,53,6.61795)->(10,53,7.18579)->(11,53,7.86795)->(12,53,9.18579)->(13,53,17.4917)->(13,52,25.7975)->(13,51,27.1154)->(13,50,27.7975)->(13,49,28.3654)->(13,48,28.8833)->(13,47,29.3833)->(13,46,29.8833)->(13,45,30.3833)->(13,44,30.8833)->(13,43,31.3833)->(13,42,31.8833)->(13,41,32.3833)->(13,40,32.8833)->(13,39,33.3833)->(13,38,33.8833)->(13,37,34.3833)->(13,36,34.8833)->(13,35,35.3833)->(13,34,35.8833)->(13,33,36.3833)->(13,32,36.8833)->(13,31,37.3833)->(13,30,37.8833)->(13,29,38.3833)->(13,28,38.8833)->(13,27,39.4013)->(13,26,39.9691)->(13,25,40.6513)->(13,24,41.9691)->(13,23,44.1833)->(14,23,46.3975)->(15,23,47.7154)->(16,23,48.3975)->(17,23,48.9654)->(18,23,49.4833)->(19,23,49.9833)->(20,23,50.4833)->(21,23,50.9833)->(22,23,51.5013)->(23,23,52.0691)->(24,23,52.7513)->(25,23,54.0691)->(26,23,56.6975)->(26,22,61.1343)->(26,23,5031.18)->
Agent 27:(68,59,5.91421)->(68,58,11.2426)->(68,57,12.5605)->(68,56,13.2426)->(68,55,13.8105)->(68,54,14.3284)->(68,53,14.8284)->(68,52,15.3284)->(68,51,15.8284)->(68,50,16.3284)->(68,49,16.8284)->(68,48,17.3284)->(68,47,17.8284)->(68,46,18.3284)->(68,45,18.8284)->(68,44,19.3284)->(68,43,19.8284)->(68,42,20.3284)->(68,41,20.8284)->(68,40,21.3284)->(68,39,21.8284)->(68,38,22.3284)->(68,37,22.8284)->(68,36,23.3284)->(68,35,23.8284)->(68,34,24.3284)->(68,33,24.8284)->(68,32,25.3284)->(68,31,25.8464)->(68,30,26.4142)->(68,29,27.0964)->(68,28,28.4142)->(68,27,30.6284)->(67,27,32.8426)->(66,27,34.1605)->(65,27,34.8426)->(64,27,35.4105)->(63,27,35.9284)->(62,27,36.4284)->(61,27,36.9284)->(60,27,37.4284)->(59,27,37.9284)->(58,27,38.4284)->(57,27,38.9284)->(56,27,39.4284)->(55,27,39.9284)->(54,27,40.4284)->(53,27,40.9284)->(52,27,41.4464)->(51,27,42.0142)->(50,27,42.6964)->(49,27,44.0142)->(48,27,46.6426)->(48,28,50.2426)->(47,28,52.8711)->(46,28,54.1889)->(45,28,54.921)->(44,28,55.653)->(43,28,56.9708)->(42,28,59.1851)->(42,27,61.3993)->(42,26,62.7171)->(42,25,63.4492)->(42,24,64.1812)->(42,23,65.499)->(42,22,67.7133)->(41,22,69.9275)->(40,22,71.2453)->(39,22,71.9275)->(38,22,72.4953)->(37,22,73.0133)->(36,22,73.5133)->(35,22,74.0133)->(34,22,74.5133)->(33,22,75.0133)->(32,22,75.5133)->(31,22,76.0133)->(30,22,76.5133)->(29,22,77.0133)->(28,22,77.5312)->(27,22,78.099)->(26,22,78.7812)->(25,22,80.099)->(24,22,5039.76)->
Agent 28:(2,26,1.71421)->(2,27,4)->(3,27,6.81421)->(4,27,8.13205)->(5,27,8.81421)->(6,27,9.38205)->(7,27,9.9)->(8,27,10.4)->(9,27,10.9)->(10,27,11.4)->(11,27,11.9)->(12,27,12.4)->(13,27,12.9)->(14,27,13.4)->(15,27,13.9)->(16,27,14.4)->(17,27,14.9)->(18,27,15.4)->(19,27,15.9)->(20,27,16.4)->(21,27,16.9)->(22,27,17.4)->(23,27,17.9)->(24,27,18.4)->(25,27,18.9)->(26,27,19.4)->(27,27,19.9)->(28,27,20.4)->(29,27,20.9)->(30,27,21.4)->(31,27,21.9)->(32,27,22.4)->(33,27,22.9179)->(34,27,23.4858)->(35,27,24.1679)->(36,27,25.4858)->(37,27,27.7)->(37,28,30.5)->(37,29,33.3)->(38,29,35.5142)->(39,29,36.8321)->(40,29,37.5142)->(41,29,38.0821)->(42,29,38.6)->(43,29,39.1)->(44,29,39.6)->(45,29,40.1)->(46,29,40.6)->(47,29,41.1)->(48,29,41.6)->(49,29,42.1)->(50,29,42.6)->(51,29,43.1179)->(52,29,43.6858)->(53,29,44.3679)->(54,29,45.6858)->(55,29,47.9)->(55,30,50.1142)->(55,31,51.4321)->(55,32,52.1142)->(55,33,52.6821)->(55,34,53.2)->(55,35,53.7)->(55,36,54.2179)->(55,37,54.7858)->(55,38,55.4679)->(55,39,56.7858)->(55,40,5028.1)->
Agent 29:(41,40,2.29166)->(41,39,3.99753)->(41,38,5.31537)->(41,37,5.99753)->(41,36,6.56537)->(41,35,7.08331)->(41,34,7.58331)->(41,33,8.08331)->(41,32,8.58331)->(41,31,9.08331)->(41,30,9.60126)->(41,29,10.1691)->(41,28,10.8513)->(41,27,12.1691)->(41,26,14.3833)->(40,26,16.5975)->(39,26,17.9154)->(38,26,18.5975)->(37,26,19.1654)->(36,26,19.6833)->(35,26,20.1833)->(34,26,20.6833)->(33,26,21.1833)->(32,26,21.6833)->(31,26,22.1833)->(30,26,22.6833)->(29,26,23.1833)->(28,26,23.6833)->(27,26,24.1833)->(26,26,24.6833)->(25,26,25.1833)->(24,26,25.6833)->(23,26,26.1833)->(22,26,26.6833)->(21,26,27.1833)->(20,26,27.6833)->(19,26,28.1833)->(18,26,28.6833)->(17,26,29.1833)->(16,26,29.6833)->(15,26,30.2013)->(14,26,30.7691)->(13,26,31.4513)->(12,26,32.7691)->(11,26,34.9833)->(11,27,37.1975)->(11,28,38.5154)->(11,29,39.1975)->(11,30,39.7654)->(11,31,40.2833)->(11,32,40.7833)->(11,33,41.2833)->(11,34,41.7833)->(11,35,42.2833)->(11,36,42.7833)->(11,37,43.2833)->(11,38,43.7833)->(11,39,44.2833)->(11,40,44.7833)->(11,41,45.2833)->(11,42,45.7833)->(11,43,46.2833)->(11,44,46.7833)->(11,45,47.2833)->(11,46,47.7833)->(11,47,48.2833)->(11,48,48.7833)->(11,49,49.3013)->(11,50,49.8691)->(11,51,50.5513)->(11,52,51.8691)->(11,53,54.0833)->(10,53,56.8833)->(9,53,5028.44)->
Agent 30:(72,44,1.8)->(71,44,3.04949)->(70,44,5.04949)->(69,44,7.29898)->(69,43,9.51319)->(69,42,10.831)->(69,41,11.5132)->(69,40,12.081)->(69,39,12.599)->(69,38,13.099)->(69,37,13.599)->(69,36,14.099)->(69,35,14.599)->(69,34,15.099)->(69,33,15.599)->(69,32,16.099)->(69,31,16.599)->(69,30,17.099)->(69,29,17.599)->(69,28,18.099)->(69,27,18.599)->(69,26,19.099)->(69,25,19.599)->(69,24,20.099)->(69,23,20.599)->(69,22,21.099)->(69,21,21.599)->(69,20,22.099)->(69,19,22.599)->(69,18,23.1169)->(69,17,23.6848)->(69,16,24.3669)->(69,15,25.6848)->(69,14,27.899)->(70,14,30.1132)->(71,14,31.431)->(72,14,32.1228)->(73,14,32.7585)->(74,14,33.4502)->(75,14,34.7681)->(76,14,36.9823)->(76,13,39.1965)->(76,12,40.5143)->(76,11,41.2464)->(76,10,41.9784)->(76,9,43.2963)->(76,8,45.5105)->(75,8,47.76)->(74,8,49.76)->(73,8,5024.6)->
Agent 31:(66,14,1.3)->(66,15,2.01421)->(66,16,3.33205)->(66,17,4.01421)->(66,18,4.58205)->(66,19,5.1)->(66,20,5.6)->(66,21,6.1)->(66,22,6.61795)->(66,23,7.18579)->(66,24,7.86795)->(66,25,9.18579)->(66,26,11.4)->(65,26,13.6142)->(64,26,14.9321)->(63,26,15.6142)->(62,26,16.1821)->(61,26,16.7)->(60,26,17.2)->(59,26,17.7)->(58,26,18.2)->(57,26,18.7)->(56,26,19.2)->(55,26,19.7)->(54,26,20.2179)->(53,26,20.7858)->(52,26,21.4679)->(51,26,22.7858)->(50,26,27.2)->(50,27,32.2)->(50,28,36.1)->(49,28,39.4142)->(48,28,40.7321)->(47,28,41.4142)->(46,28,41.9821)->(45,28,42.5)->(44,28,43)->(43,28,43.5)->(42,28,44)->(41,28,44.5)->(40,28,45)->(39,28,45.5)->(38,28,46)->(37,28,46.5)->(36,28,47)->(35,28,47.5)->(34,28,48)->(33,28,48.5)->(32,28,49)->(31,28,49.5)->(30,28,50)->(29,28,50.5)->(28,28,51)->(27,28,51.5)->(26,28,52)->(25,28,52.5)->(24,28,53)->(23,28,53.5179)->(22,28,54.0858)->(21,28,54.7679)->(20,28,56.0858)->(19,28,58.3)->(19,27,60.5142)->(19,26,61.8321)->(19,25,62.5142)->(19,24,63.0821)->(19,23,63.6)->(19,22,64.1)->(19,21,64.6)->(19,20,65.1)->(19,19,65.6)->(19,18,66.1)->(19,17,66.6)->(19,16,67.1)->(19,15,67.6)->(19,14,68.1179)->(19,13,68.6858)->(19,12,69.3679)->(19,11,70.6858)->(19,10,72.9)->(18,10,75.1142)->(17,10,76.4321)->(16,10,77.1142)->(15,10,77.6821)->(14,10,78.2)->(13,10,78.7)->(12,10,79.2)->(11,10,79.7)->(10,10,80.2)->(9,10,80.7179)->(8,10,81.2858)->(7,10,81.9679)->(6,10,83.2858)->(5,10,5041.35)->
Agent 32:(58,55,2.2)->(58,54,3.84949)->(58,53,5.84949)->(58,52,9.06177)->(57,52,12.2388)->(56,52,13.5566)->(55,52,14.2388)->(54,52,14.8066)->(53,52,15.3246)->(52,52,15.8246)->(51,52,16.3246)->(50,52,16.8246)->(49,52,17.3246)->(48,52,17.8246)->(47,52,18.3246)->(46,52,18.8425)->(45,52,19.4103)->(44,52,20.0925)->(43,52,21.4103)->(42,52,23.6246)->(42,51,25.8388)->(42,50,27.1566)->(42,49,27.8388)->(42,48,28.4066)->(42,47,28.9246)->(42,46,29.4246)->(42,45,29.9425)->(42,44,30.5103)->(42,43,31.1925)->(42,42,32.5103)->(42,41,35.1388)->(41,41,38.7388)->(41,40,41.3672)->(41,39,42.685)->(41,38,43.3672)->(41,37,43.935)->(41,36,44.453)->(41,35,44.953)->(41,34,45.453)->(41,33,45.953)->(41,32,46.453)->(41,31,46.9709)->(41,30,47.5388)->(41,29,48.2209)->(41,28,49.5388)->(41,27,51.753)->(42,27,53.9672)->(43,27,55.285)->(44,27,55.9672)->(45,27,56.535)->(46,27,57.053)->(47,27,57.553)->(48,27,58.053)->(49,27,58.553)->(50,27,59.053)->(51,27,59.553)->(52,27,60.053)->(53,27,60.553)->(54,27,61.053)->(55,27,61.553)->(56,27,62.053)->(57,27,62.553)->(58,27,63.053)->(59,27,63.553)->(60,27,64.053)->(61,27,64.553)->(62,27,65.053)->(63,27,65.553)->(64,27,66.053)->(65,27,66.5709)->(66,27,67.1388)->(67,27,67.8209)->(68,27,69.1388)->(69,27,71.353)->(69,28,73.5672)->(69,29,74.885)->(69,30,75.5672)->(69,31,76.135)->(69,32,76.653)->(69,33,77.153)->(69,34,77.653)->(69,35,78.153)->(69,36,78.653)->(69,37,79.153)->(69,38,79.653)->(69,39,80.153)->(69,40,80.6709)->(69,41,81.2388)->(69,42,81.9209)->(69,43,83.2388)->(69,44,85.453)->(70,44,87.6672)->(71,44,89.001)->(72,44,89.8295)->(73,44,91.1633)->(74,44,5045.29)->
Agent 33:(69,61,2.2)->(69,60,3.81421)->(69,59,5.13205)->(69,58,5.81421)->(69,57,6.38205)->(69,56,6.9)->(69,55,7.4)->(69,54,7.9)->(69,53,8.4)->(69,52,8.9)->(69,51,9.4)->(69,50,9.9)->(69,49,10.4)->(69,48,10.9)->(69,47,11.4)->(69,46,11.9)->(69,45,12.4)->(69,44,12.9)->(69,43,13.4)->(69,42,13.9)->(69,41,14.4)->(69,40,14.9)->(69,39,15.4)->(69,38,15.9)->(69,37,16.4)->(69,36,16.9)->(69,35,17.4)->(69,34,17.9)->(69,33,18.4)->(69,32,18.9)->(69,31,19.4179)->(69,30,19.9858)->(69,29,20.6679)->(69,28,21.9858)->(69,27,24.2)->(68,27,26.4142)->(67,27,27.7321)->(66,27,28.4142)->(65,27,28.9821)->(64,27,29.5)->(63,27,30)->(62,27,30.5)->(61,27,31)->(60,27,31.5)->(59,27,32)->(58,27,32.5)->(57,27,33)->(56,27,33.5)->(55,27,34)->(54,27,34.5)->(53,27,35)->(52,27,35.5)->(51,27,36)->(50,27,36.5)->(49,27,37)->(48,27,37.5)->(47,27,38)->(46,27,38.5)->(45,27,39)->(44,27,39.5)->(43,27,40.0179)->(42,27,40.5858)->(41,27,41.2679)->(40,27,42.5858)->(39,27,44.8)->(39,26,47.0142)->(39,25,48.4284)->(39,24,49.8426)->(39,23,52.0569)->(38,23,54.2711)->(37,23,55.5889)->(36,23,56.2711)->(35,23,56.8389)->(34,23,57.3569)->(33,23,57.8569)->(32,23,58.3569)->(31,23,58.8569)->(30,23,59.3569)->(29,23,59.8569)->(28,23,60.3748)->(27,23,60.9426)->(26,23,61.6248)->(25,23,62.9426)->(24,23,5031.18)->
Agent 34:(54,57,2.2)->(54,56,3.81421)->(54,55,5.14806)->(54,54,5.97649)->(54,53,7.31034)->(54,52,9.52456)->(53,52,11.7388)->(52,52,13.0566)->(51,52,13.7388)->(50,52,14.3066)->(49,52,14.8246)->(48,52,15.3246)->(47,52,15.8246)->(46,52,16.3246)->(45,52,16.8425)->(44,52,17.4103)->(43,52,18.0925)->(42,52,19.4103)->(41,52,24.1623)->(41,51,28.9142)->(41,50,30.2321)->(41,49,30.9142)->(41,48,31.4821)->(41,47,32)->(41,46,32.5)->(41,45,33)->(41,44,33.5)->(41,43,34)->(41,42,34.5)->(41,41,35)->(41,40,35.5)->(41,39,36)->(41,38,36.5)->(41,37,37)->(41,36,37.5)->(41,35,38)->(41,34,38.5)->(41,33,39)->(41,32,39.5)->(41,31,40.0179)->(41,30,40.5858)->(41,29,41.2679)->(41,28,42.5858)->(41,27,44.8)->(42,27,47.0142)->(43,27,48.3321)->(44,27,49.0142)->(45,27,49.5821)->(46,27,50.1)->(47,27,50.6)->(48,27,51.1)->(49,27,51.6)->(50,27,52.1)->(51,27,52.6)->(52,27,53.1)->(53,27,53.6)->(54,27,54.1)->(55,27,54.6)->(56,27,55.1)->(57,27,55.6)->(58,27,56.1)->(59,27,56.6)->(60,27,57.1)->(61,27,57.6)->(62,27,58.1)->(63,27,58.6)->(64,27,59.1)->(65,27,59.6179)->(66,27,60.1858)->(67,27,60.8679)->(68,27,62.1858)->(69,27,64.4)->(69,28,66.6142)->(69,29,67.9321)->(69,30,68.6142)->(69,31,69.2)->(69,32,69.7858)->(69,33,70.4679)->(69,34,71.7858)->(69,35,74)->(70,35,76.8)->(71,35,5038.4)->
Agent 35:(16,10,1.8)->(17,10,3.01421)->(18,10,4.42843)->(19,10,5.84264)->(20,10,8.05685)->(20,11,10.2711)->(20,12,11.5889)->(20,13,12.2711)->(20,14,12.8389)->(20,15,13.3569)->(20,16,13.8569)->(20,17,14.3569)->(20,18,14.8569)->(20,19,15.3569)->(20,20,15.8569)->(20,21,16.3569)->(20,22,16.8569)->(20,23,17.3569)->(20,24,17.8748)->(20,25,18.4426)->(20,26,19.1248)->(20,27,20.4426)->(20,28,22.6569)->(21,28,24.8711)->(22,28,26.1889)->(23,28,26.8711)->(24,28,27.4389)->(25,28,27.9569)->(26,28,28.4569)->(27,28,28.9569)->(28,28,29.4569)->(29,28,29.9569)->(30,28,30.4569)->(31,28,30.9569)->(32,28,31.4569)->(33,28,31.9569)->(34,28,32.4748)->(35,28,33.0426)->(36,28,33.7248)->(37,28,35.0426)->(38,28,37.2569)->(38,29,39.4711)->(38,30,40.7889)->(38,31,41.4711)->(38,32,42.0389)->(38,33,42.5569)->(38,34,43.0569)->(38,35,43.5569)->(38,36,44.0569)->(38,37,44.5569)->(38,38,45.0569)->(38,39,45.5569)->(38,40,46.0569)->(38,41,46.5569)->(38,42,47.0569)->(38,43,47.5569)->(38,44,48.0569)->(38,45,48.5569)->(38,46,49.0569)->(38,47,49.5569)->(38,48,50.0569)->(38,49,50.5569)->(38,50,51.0569)->(38,51,51.5569)->(38,52,52.0569)->(38,53,52.5748)->(38,54,53.1426)->(38,55,53.8248)->(38,56,55.1426)->(38,57,5027.28)->
Agent 36:(24,27,2.61421)->(24,26,6.01795)->(23,26,9.05011)->(22,26,10.3679)->(21,26,11.0501)->(20,26,11.6179)->(19,26,12.1359)->(18,26,12.6359)->(17,26,13.1359)->(16,26,13.6359)->(15,26,14.1538)->(14,26,14.7217)->(13,26,15.4038)->(12,26,16.7217)->(11,26,18.9359)->(11,27,21.1501)->(11,28,22.4679)->(11,29,23.1501)->(11,30,23.7179)->(11,31,24.2359)->(11,32,24.7359)->(11,33,25.2359)->(11,34,25.7359)->(11,35,26.2359)->(11,36,26.7359)->(11,37,27.2359)->(11,38,27.7359)->(11,39,28.2359)->(11,40,28.7359)->(11,41,29.2359)->(11,42,29.7359)->(11,43,30.2359)->(11,44,30.7359)->(11,45,31.2359)->(11,46,31.7359)->(11,47,32.2359)->(11,48,32.7359)->(11,49,33.2359)->(11,50,33.7359)->(11,51,34.2359)->(11,52,34.7359)->(11,53,35.2359)->(11,54,35.7359)->(11,55,36.2538)->(11,56,36.8217)->(11,57,37.5038)->(11,58,38.8217)->(11,59,41.0359)->(10,59,43.8359)->(9,59,5021.92)->
Agent 37:(13,31,2.2)->(13,30,3.81421)->(13,29,5.22843)->(13,28,6.64264)->(13,27,8.97843)->(14,27,11.3142)->(15,27,12.6321)->(16,27,13.3142)->(17,27,13.8821)->(18,27,14.4)->(19,27,14.9)->(20,27,15.4)->(21,27,15.9)->(22,27,16.4)->(23,27,16.9)->(24,27,17.4)->(25,27,17.9)->(26,27,18.4)->(27,27,18.9)->(28,27,19.4)->(29,27,19.9)->(30,27,20.4)->(31,27,20.9)->(32,27,21.4)->(33,27,21.9)->(34,27,22.4)->(35,27,22.9)->(36,27,23.4)->(37,27,23.9)->(38,27,24.4179)->(39,27,24.9858)->(40,27,25.6679)->(41,27,26.9858)->(42,27,29.2)->(42,28,31.4142)->(42,29,32.7321)->(42,30,33.4142)->(42,31,33.9821)->(42,32,34.5)->(42,33,35)->(42,34,35.5)->(42,35,36)->(42,36,36.5)->(42,37,37)->(42,38,37.5179)->(42,39,38.0858)->(42,40,38.7679)->(42,41,40.0858)->(42,42,5019.75)->
Agent 38:(38,30,2.2)->(38,29,3.81421)->(38,28,5.14806)->(38,27,5.97649)->(38,26,7.31034)->(38,25,15.8302)->(38,26,24.9359)->(38,27,5012.47)->
Agent 39:(20,11,1.3)->(20,12,2.01421)->(20,13,3.33205)->(20,14,4.01421)->(20,15,4.58205)->(20,16,5.1)->(20,17,5.6)->(20,18,6.1)->(20,19,6.6)->(20,20,7.1)->(20,21,7.6)->(20,22,8.1)->(20,23,8.6)->(20,24,9.11795)->(20,25,9.68579)->(20,26,10.3679)->(20,27,11.6858)->(20,28,13.9)->(21,28,16.1142)->(22,28,17.4321)->(23,28,18.1142)->(24,28,18.6821)->(25,28,19.2)->(26,28,19.7)->(27,28,20.2)->(28,28,20.7)->(29,28,21.2)->(30,28,21.7)->(31,28,22.2)->(32,28,22.7)->(33,28,23.2)->(34,28,23.7)->(35,28,24.2)->(36,28,24.7)->(37,28,25.2)->(38,28,25.7)->(39,28,26.2)->(40,28,26.7)->(41,28,27.2)->(42,28,27.7)->(43,28,28.2)->(44,28,28.7)->(45,28,29.2)->(46,28,29.7)->(47,28,30.2)->(48,28,30.7)->(49,28,31.2)->(50,28,31.7)->(51,28,32.2)->(52,28,32.7)->(53,28,33.2)->(54,28,33.7179)->(55,28,34.2858)->(56,28,34.9679)->(57,28,36.2858)->(58,28,38.5)->(58,27,41.3)->(58,26,59.1559)->(58,27,76.426)->(58,28,77.8402)->(58,29,79.2544)->(58,30,5039.33)->
