Agent 0:(10,6,2.82841)->(10,7,6.04261)->(11,7,8.67104)->(12,7,9.98888)->(13,7,10.671)->(14,7,11.2389)->(15,7,11.7568)->(16,7,12.2568)->(17,7,12.7568)->(18,7,13.2568)->(19,7,13.7748)->(20,7,14.3426)->(21,7,15.0248)->(22,7,16.3426)->(23,7,18.971)->(23,8,5009.68)->
Agent 1:(5,30,6.21795)->(5,29,11.8501)->(5,28,13.1679)->(5,27,13.8501)->(5,26,14.4179)->(5,25,14.9359)->(5,24,15.4359)->(5,23,15.9538)->(5,22,16.5217)->(5,21,17.2038)->(5,20,18.5217)->(5,19,20.7359)->(4,19,22.9501)->(3,19,24.284)->(2,19,25.1124)->(1,19,26.4462)->(0,19,5012.93)->
Agent 2:(8,27,4.48205)->(8,26,8.37832)->(8,25,9.69615)->(8,24,10.3783)->(8,23,10.9462)->(8,22,11.4641)->(8,21,11.9641)->(8,20,12.4641)->(8,19,12.9641)->(8,18,13.4641)->(8,17,13.9821)->(8,16,14.5499)->(8,15,15.2321)->(8,14,16.5499)->(8,13,19.1783)->(9,13,23.9604)->(9,12,27.7708)->(9,11,29.0887)->(9,10,29.7805)->(9,9,30.4161)->(9,8,31.1079)->(9,7,32.4257)->(9,6,5015.92)->
Agent 3:(22,20,1.3)->(22,21,2.01421)->(22,22,3.33205)->(22,23,4.01421)->(22,24,4.58205)->(22,25,5.1)->(22,26,5.6)->(22,27,6.11795)->(22,28,6.68579)->(22,29,7.36795)->(22,30,8.68579)->(22,31,10.9)->(23,31,13.7)->(24,31,5006.85)->
Agent 4:(31,16,2.2)->(31,15,3.81421)->(31,14,5.13205)->(31,13,5.81421)->(31,12,6.38205)->(31,11,6.9)->(31,10,7.4)->(31,9,7.9)->(31,8,8.4)->(31,7,8.91795)->(31,6,9.48579)->(31,5,10.1679)->(31,4,11.4858)->(31,3,13.7)->(30,3,15.9142)->(29,3,17.2321)->(28,3,17.9142)->(27,3,18.5)->(26,3,19.0858)->(25,3,19.7679)->(24,3,21.0858)->(23,3,5010.25)->
Agent 5:(5,9,5.53579)->(6,9,10.4858)->(7,9,11.8036)->(8,9,12.4858)->(9,9,13.0536)->(10,9,13.5895)->(11,9,14.1574)->(12,9,14.8395)->(13,9,16.1574)->(14,9,18.3716)->(14,10,20.5858)->(14,11,21.9036)->(14,12,22.5858)->(14,13,23.1536)->(14,14,23.6716)->(14,15,24.1716)->(14,16,24.6716)->(14,17,25.1716)->(14,18,25.6895)->(14,19,26.2574)->(14,20,26.9395)->(14,21,28.2574)->(14,22,5013.84)->
Agent 6:(9,18,1.8)->(8,18,3.6)->(7,18,7.37649)->(7,19,10.5672)->(7,20,11.885)->(7,21,12.5672)->(7,22,13.135)->(7,23,13.6709)->(7,24,14.2388)->(7,25,14.9209)->(7,26,16.2388)->(7,27,5007.83)->
Agent 7:(4,30,2.2)->(4,29,3.81421)->(4,28,5.13205)->(4,27,5.81421)->(4,26,6.38205)->(4,25,6.9)->(4,24,7.4)->(4,23,7.9)->(4,22,8.4)->(4,21,8.9)->(4,20,9.4)->(4,19,9.9)->(4,18,10.4)->(4,17,10.9)->(4,16,11.4)->(4,15,11.9179)->(4,14,12.4858)->(4,13,13.1679)->(4,12,14.4858)->(4,11,16.7)->(5,11,18.9495)->(6,11,20.9495)->(7,11,24.2741)->(7,12,5012.66)->
Agent 8:(12,21,1.3)->(12,22,2.01421)->(12,23,3.33205)->(12,24,4.02382)->(12,25,4.65949)->(12,26,5.35126)->(12,27,6.6691)->(12,28,11.7284)->(13,28,16.7877)->(14,28,18.1056)->(15,28,18.7973)->(16,28,19.433)->(17,28,20.1248)->(18,28,21.4426)->(19,28,24.071)->(19,29,5012.23)->
Agent 9:(1,9,1.3)->(1,10,2.01421)->(1,11,3.33205)->(1,12,4.01421)->(1,13,4.58205)->(1,14,5.1)->(1,15,5.6)->(1,16,6.1)->(1,17,6.6)->(1,18,7.1)->(1,19,7.61795)->(1,20,8.18579)->(1,21,8.86795)->(1,22,10.1858)->(1,23,12.4)->(2,23,14.6142)->(3,23,15.9321)->(4,23,16.6142)->(5,23,17.1821)->(6,23,17.7)->(7,23,18.2)->(8,23,18.7)->(9,23,19.2)->(10,23,19.7)->(11,23,20.2)->(12,23,20.7)->(13,23,21.2)->(14,23,21.7)->(15,23,22.2)->(16,23,22.7)->(17,23,23.2)->(18,23,23.7)->(19,23,24.2)->(20,23,24.7)->(21,23,25.2)->(22,23,25.7)->(23,23,26.2)->(24,23,26.7)->(25,23,27.2)->(26,23,27.7)->(27,23,28.2179)->(28,23,28.7858)->(29,23,29.4679)->(30,23,30.7858)->(31,23,5015.1)->
Agent 10:(24,21,1.71421)->(24,22,4.98215)->(24,21,8.77851)->(24,20,10.0963)->(24,19,10.7881)->(24,18,11.4238)->(24,17,12.1156)->(24,16,13.4334)->(24,15,16.5096)->(23,15,19.5858)->(22,15,20.9036)->(21,15,21.5858)->(20,15,22.1536)->(19,15,22.6716)->(18,15,23.1716)->(17,15,23.6716)->(16,15,24.1716)->(15,15,24.6716)->(14,15,25.1716)->(13,15,25.6716)->(12,15,26.1895)->(11,15,26.7574)->(10,15,27.4395)->(9,15,28.7574)->(8,15,5014.09)->
Agent 11:(20,21,2.4142)->(21,21,4.24261)->(22,21,5.56045)->(23,21,6.24261)->(24,21,6.8284)->(25,21,7.41419)->(26,21,8.09635)->(27,21,9.41419)->(28,21,11.6284)->(28,20,13.8426)->(28,19,15.2568)->(28,18,16.671)->(28,17,5008.04)->
Agent 12:(13,11,1.3)->(13,12,2.01421)->(13,13,3.33205)->(13,14,4.01421)->(13,15,4.6)->(13,16,5.18579)->(13,17,5.86795)->(13,18,7.18579)->(13,19,9.76795)->(12,19,12.3501)->(11,19,13.6679)->(10,19,14.3501)->(9,19,14.9179)->(8,19,15.4359)->(7,19,15.9538)->(6,19,16.5217)->(5,19,17.2038)->(4,19,18.5217)->(3,19,20.7359)->(3,20,22.9501)->(3,21,24.2679)->(3,22,24.9597)->(3,23,25.5954)->(3,24,26.2872)->(3,25,27.605)->(3,26,5013.51)->
Agent 13:(25,18,2.2)->(25,17,3.81421)->(25,16,5.13205)->(25,15,5.8641)->(25,14,6.59615)->(25,13,7.91399)->(25,12,10.1282)->(24,12,12.3424)->(23,12,13.6603)->(22,12,14.3424)->(21,12,14.9103)->(20,12,15.4282)->(19,12,15.9282)->(18,12,16.4282)->(17,12,16.9282)->(16,12,17.4282)->(15,12,17.9462)->(14,12,18.514)->(13,12,19.1962)->(12,12,20.514)->(11,12,23.1424)->(11,13,5011.76)->
Agent 14:(17,30,1.71421)->(17,31,4.22843)->(16,31,5002.51)->
Agent 15:(21,8,2.21421)->(22,8,4.81421)->(22,7,7.44264)->(22,6,8.77649)->(22,5,9.60492)->(22,4,10.9388)->(22,3,18.2786)->(22,4,26.2043)->(22,5,5013.1)->
Agent 16:(9,26,5.2)->(9,25,9.81421)->(9,24,11.1321)->(9,23,11.8142)->(9,22,12.3821)->(9,21,12.9)->(9,20,13.4)->(9,19,13.9)->(9,18,14.4)->(9,17,14.9)->(9,16,15.4)->(9,15,15.9)->(9,14,16.4)->(9,13,16.9)->(9,12,17.4)->(9,11,17.9)->(9,10,18.4)->(9,9,18.9)->(9,8,19.4179)->(9,7,19.9858)->(9,6,20.6679)->(9,5,21.9858)->(9,4,24.8)->(10,4,27.6142)->(11,4,28.9321)->(12,4,29.6142)->(13,4,30.1821)->(14,4,30.7)->(15,4,31.2)->(16,4,31.7)->(17,4,32.2)->(18,4,32.7)->(19,4,33.2)->(20,4,33.7)->(21,4,34.2)->(22,4,34.7)->(23,4,35.2)->(24,4,35.7)->(25,4,36.2)->(26,4,36.7)->(27,4,37.2179)->(28,4,37.7858)->(29,4,38.4679)->(30,4,39.7858)->(31,4,42.4142)->(31,5,5021.4)->
Agent 17:(1,18,2.03205)->(2,18,3.47832)->(3,18,4.81217)->(4,18,5.64059)->(5,18,6.97444)->(6,18,5003.19)->
Agent 18:(11,3,1.8)->(12,3,3.01421)->(13,3,4.33205)->(14,3,5.01421)->(15,3,5.58205)->(16,3,6.1)->(17,3,6.6)->(18,3,7.1)->(19,3,7.6)->(20,3,8.1)->(21,3,8.6)->(22,3,9.11795)->(23,3,9.68579)->(24,3,10.3679)->(25,3,11.6858)->(26,3,13.9)->(26,4,16.1495)->(26,5,18.1495)->(26,6,5008.8)->
Agent 19:(25,20,1.8)->(24,20,3.04949)->(23,20,5.04949)->(22,20,7.29898)->(22,21,9.51319)->(22,22,10.831)->(22,23,11.5132)->(22,24,12.081)->(22,25,12.599)->(22,26,13.1169)->(22,27,13.6848)->(22,28,14.3669)->(22,29,15.6848)->(22,30,17.899)->(21,30,20.1485)->(20,30,22.1485)->(19,30,5010.8)->
Agent 20:(2,4,1.3)->(2,5,2.01421)->(2,6,3.33205)->(2,7,4.01421)->(2,8,4.6)->(2,9,5.18579)->(2,10,5.86795)->(2,11,7.18579)->(2,12,14.4604)->(3,12,21.7349)->(4,12,23.0528)->(5,12,23.7349)->(6,12,24.3028)->(7,12,24.8207)->(8,12,25.3207)->(9,12,25.8387)->(10,12,26.4065)->(11,12,27.0887)->(12,12,28.4065)->(13,12,31.0349)->(13,13,5015.71)->
Agent 21:(17,15,1.3)->(17,16,2.04949)->(17,17,4.04949)->(17,18,9.82598)->(18,18,17.2049)->(18,19,5009.13)->
Agent 22:(14,1,1.8)->(15,1,3.01421)->(16,1,4.33205)->(17,1,5.01421)->(18,1,5.58205)->(19,1,6.1)->(20,1,6.6)->(21,1,7.1)->(22,1,7.6)->(23,1,8.1)->(24,1,8.6)->(25,1,9.1)->(26,1,9.6)->(27,1,10.1179)->(28,1,10.6858)->(29,1,11.3679)->(30,1,12.6858)->(31,1,14.9)->(31,2,17.1142)->(31,3,18.4321)->(31,4,19.1238)->(31,5,19.7595)->(31,6,20.4513)->(31,7,21.7691)->(31,8,5010.59)->
Agent 23:(4,1,2.21421)->(5,1,4.81421)->(5,2,7.44264)->(5,3,8.76048)->(5,4,9.44264)->(5,5,10.0105)->(5,6,10.5284)->(5,7,11.0284)->(5,8,11.5284)->(5,9,12.0464)->(5,10,12.6142)->(5,11,13.2964)->(5,12,14.6142)->(5,13,5007.01)->
Agent 24:(11,24,2.2)->(11,23,3.81421)->(11,22,5.13205)->(11,21,5.81421)->(11,20,6.38205)->(11,19,6.9)->(11,18,7.4)->(11,17,7.9)->(11,16,8.4)->(11,15,8.9)->(11,14,9.4)->(11,13,9.9)->(11,12,10.4)->(11,11,10.9)->(11,10,11.4)->(11,9,11.9179)->(11,8,12.4858)->(11,7,13.1679)->(11,6,14.4858)->(11,5,18.65)->(10,5,22.8142)->(9,5,24.1321)->(8,5,24.8238)->(7,5,25.4595)->(6,5,26.1513)->(5,5,27.4691)->(4,5,5013.44)->
Agent 25:(13,3,1.3)->(13,4,2.01421)->(13,5,3.33205)->(13,6,4.01421)->(13,7,4.58205)->(13,8,5.1)->(13,9,5.6)->(13,10,6.1)->(13,11,6.6)->(13,12,7.1)->(13,13,7.6)->(13,14,8.11795)->(13,15,8.68579)->(13,16,9.36795)->(13,17,10.6858)->(13,18,12.9)->(12,18,15.7)->(11,18,20.3926)->(11,19,5011.13)->
Agent 26:(4,8,1.8)->(5,8,3.01421)->(6,8,4.33205)->(7,8,5.01421)->(8,8,5.58205)->(9,8,6.1)->(10,8,6.61795)->(11,8,7.18579)->(12,8,7.86795)->(13,8,9.18579)->(14,8,11.4)->(14,7,14.2)->(14,6,17)->(15,6,19.2142)->(16,6,20.5481)->(17,6,21.3765)->(18,6,22.7103)->(19,6,5011.06)->
Agent 27:(20,1,1.3)->(20,2,2.04949)->(20,3,4.04949)->(20,4,6.29898)->(19,4,8.51319)->(18,4,9.83103)->(17,4,10.5132)->(16,4,11.081)->(15,4,11.599)->(14,4,12.099)->(13,4,12.599)->(12,4,13.1169)->(11,4,13.6848)->(10,4,14.3669)->(9,4,15.6848)->(8,4,21.2591)->(8,5,26.8687)->(8,6,28.8687)->(8,7,5014.16)->
Agent 28:(30,19,1.3)->(30,20,2.01421)->(30,21,3.34806)->(30,22,4.17649)->(30,23,5.51034)->(30,24,8.12456)->(29,24,10.7388)->(28,24,12.0566)->(27,24,12.7388)->(26,24,13.3066)->(25,24,13.8246)->(24,24,14.3246)->(23,24,14.8246)->(22,24,15.3246)->(21,24,15.8246)->(20,24,16.3246)->(19,24,16.8246)->(18,24,17.3246)->(17,24,17.8246)->(16,24,18.3246)->(15,24,18.8246)->(14,24,19.3246)->(13,24,19.8246)->(12,24,20.3246)->(11,24,20.8425)->(10,24,21.4103)->(9,24,22.0925)->(8,24,23.4103)->(7,24,26.0388)->(7,25,5013.21)->
Agent 29:(6,9,1.8)->(7,9,3.01421)->(8,9,4.33205)->(9,9,5.01421)->(10,9,5.58205)->(11,9,6.11795)->(12,9,6.68579)->(13,9,7.36795)->(14,9,8.68579)->(15,9,10.9)->(15,8,13.1142)->(15,7,14.4321)->(15,6,15.1238)->(15,5,15.7595)->(15,4,16.4513)->(15,3,17.7691)->(15,2,5008.59)->
Agent 30:(1,7,3.85)->(1,8,7.11421)->(1,9,8.43205)->(1,10,9.11421)->(1,11,9.68205)->(1,12,10.2)->(1,13,10.7)->(1,14,11.2)->(1,15,11.7)->(1,16,12.2)->(1,17,12.7)->(1,18,13.2)->(1,19,13.7)->(1,20,14.2)->(1,21,14.7)->(1,22,15.2)->(1,23,15.7)->(1,24,16.2)->(1,25,16.7)->(1,26,17.2179)->(1,27,17.7858)->(1,28,18.4679)->(1,29,19.7858)->(1,30,22)->(2,30,24.2142)->(3,30,25.5321)->(4,30,26.2142)->(5,30,26.7821)->(6,30,27.3179)->(7,30,27.8858)->(8,30,28.5679)->(9,30,29.8858)->(10,30,5014.65)->
Agent 31:(31,18,2.2)->(31,17,3.81421)->(31,16,5.13205)->(31,15,5.81421)->(31,14,6.38205)->(31,13,6.91795)->(31,12,7.48579)->(31,11,8.16795)->(31,10,9.48579)->(31,9,11.7)->(30,9,13.9142)->(29,9,15.2321)->(28,9,15.9142)->(27,9,16.4821)->(26,9,17.0179)->(25,9,17.5858)->(24,9,18.2679)->(23,9,19.5858)->(22,9,5009.5)->
Agent 32:(31,26,2.2)->(31,25,3.81421)->(31,24,5.13205)->(31,23,5.81421)->(31,22,6.38205)->(31,21,6.9)->(31,20,7.4)->(31,19,7.9)->(31,18,8.4)->(31,17,8.91795)->(31,16,9.48579)->(31,15,10.1679)->(31,14,11.4858)->(31,13,15.3)->(30,13,19.1142)->(29,13,20.4321)->(28,13,21.1142)->(27,13,21.6821)->(26,13,22.2)->(25,13,22.7)->(24,13,23.2)->(23,13,23.7)->(22,13,24.2)->(21,13,24.7179)->(20,13,25.2858)->(19,13,25.9679)->(18,13,27.2858)->(17,13,5013.35)->
Agent 33:(5,29,2.46795)->(5,28,4.35011)->(5,27,5.66795)->(5,26,6.35011)->(5,25,6.91795)->(5,24,7.4359)->(5,23,7.9359)->(5,22,8.4359)->(5,21,8.9359)->(5,20,9.4359)->(5,19,9.9359)->(5,18,10.4538)->(5,17,11.0217)->(5,16,11.7038)->(5,15,13.0217)->(5,14,15.2359)->(6,14,17.4501)->(7,14,18.7679)->(8,14,19.4597)->(9,14,20.0954)->(10,14,20.7872)->(11,14,22.105)->(12,14,24.7334)->(12,13,5012.56)->
Agent 34:(13,19,1.3)->(13,20,2.01421)->(13,21,3.33205)->(13,22,4.01421)->(13,23,4.58205)->(13,24,5.1)->(13,25,5.61795)->(13,26,6.18579)->(13,27,6.86795)->(13,28,8.18579)->(13,29,11.4284)->(14,29,14.6711)->(15,29,16.0049)->(16,29,16.8333)->(17,29,18.1672)->(18,29,5008.79)->
Agent 35:(2,14,3.30854)->(2,15,6.0313)->(2,16,7.34913)->(2,17,8.0313)->(2,18,8.59913)->(2,19,9.11708)->(2,20,9.61708)->(2,21,10.1171)->(2,22,10.6171)->(2,23,11.1171)->(2,24,11.635)->(2,25,12.2029)->(2,26,12.885)->(2,27,14.2029)->(2,28,16.4171)->(3,28,18.6313)->(4,28,19.9491)->(5,28,20.6313)->(6,28,21.1991)->(7,28,21.7171)->(8,28,22.2171)->(9,28,22.735)->(10,28,23.3029)->(11,28,23.985)->(12,28,25.3029)->(13,28,5012.36)->
Agent 36:(25,29,1.8)->(24,29,3.01421)->(23,29,4.33205)->(22,29,5.01421)->(21,29,5.58205)->(20,29,6.1)->(19,29,6.61795)->(18,29,7.18579)->(17,29,7.86795)->(16,29,9.18579)->(15,29,11.9284)->(15,28,14.6711)->(15,27,15.9889)->(15,26,16.6711)->(15,25,17.2389)->(15,24,17.7569)->(15,23,18.2569)->(15,22,18.7569)->(15,21,19.2569)->(15,20,19.7569)->(15,19,20.2569)->(15,18,20.7569)->(15,17,21.2569)->(15,16,21.7569)->(15,15,22.2569)->(15,14,22.7569)->(15,13,23.2748)->(15,12,23.8426)->(15,11,24.5248)->(15,10,25.8426)->(15,9,28.4711)->(14,9,5014.43)->
Agent 37:(14,18,1.9859)->(13,18,3.38601)->(12,18,4.70385)->(11,18,5.4359)->(10,18,6.16795)->(9,18,7.48579)->(8,18,9.7)->(8,17,11.9142)->(8,16,13.2321)->(8,15,13.9142)->(8,14,14.5)->(8,13,15.0858)->(8,12,15.7679)->(8,11,17.0858)->(8,10,19.3)->(7,10,21.5142)->(6,10,22.8321)->(5,10,23.5238)->(4,10,24.1595)->(3,10,24.8513)->(2,10,26.1691)->(1,10,5012.79)->
Agent 38:(21,21,1.3)->(21,22,2.6)->(21,23,5.8)->(21,22,8.41421)->(21,21,9.82843)->(21,20,11.2426)->(21,19,13.4569)->(20,19,15.6711)->(19,19,16.9889)->(18,19,17.6711)->(17,19,18.2389)->(16,19,18.7569)->(15,19,19.2569)->(14,19,19.7569)->(13,19,20.2748)->(12,19,20.8426)->(11,19,21.5248)->(10,19,22.8426)->(9,19,5011.13)->
Agent 39:(18,31,1.8)->(19,31,3.01421)->(20,31,4.33205)->(21,31,5.02382)->(22,31,5.65949)->(23,31,6.35126)->(24,31,7.6691)->(25,31,9.88331)->(25,30,12.0975)->(25,29,13.4154)->(25,28,14.0975)->(25,27,14.6654)->(25,26,15.1833)->(25,25,15.6833)->(25,24,16.1833)->(25,23,16.6833)->(25,22,17.1833)->(25,21,17.6833)->(25,20,18.1833)->(25,19,18.6833)->(25,18,19.1833)->(25,17,19.6833)->(25,16,20.1833)->(25,15,20.6833)->(25,14,21.1833)->(25,13,21.6833)->(25,12,22.1833)->(25,11,22.7013)->(25,10,23.2691)->(25,9,23.9513)->(25,8,25.2691)->(25,7,27.8975)->(26,7,5014.14)->
Agent 40:(19,28,6.91228)->(19,27,13.2388)->(19,26,14.5566)->(19,25,15.2388)->(19,24,15.8066)->(19,23,16.3246)->(19,22,16.8246)->(19,21,17.3246)->(19,20,17.8246)->(19,19,18.3246)->(19,18,18.8246)->(19,17,19.3246)->(19,16,19.8246)->(19,15,20.3246)->(19,14,20.8246)->(19,13,21.3425)->(19,12,21.9103)->(19,11,22.5925)->(19,10,23.9103)->(19,9,26.5388)->(20,9,5013.46)->
Agent 41:(4,25,2.2)->(4,24,3.81421)->(4,23,5.13205)->(4,22,5.81421)->(4,21,6.38205)->(4,20,6.9)->(4,19,7.4)->(4,18,7.9)->(4,17,8.4)->(4,16,8.9)->(4,15,9.4)->(4,14,9.9)->(4,13,10.4)->(4,12,10.9)->(4,11,11.4)->(4,10,11.9179)->(4,9,12.4858)->(4,8,13.1679)->(4,7,14.4858)->(4,6,17.9642)->(5,6,21.4426)->(6,6,22.7605)->(7,6,23.4426)->(8,6,24.0105)->(9,6,24.5284)->(10,6,25.0284)->(11,6,25.5284)->(12,6,26.0284)->(13,6,26.5464)->(14,6,27.1142)->(15,6,27.7964)->(16,6,29.1142)->(17,6,31.7426)->(17,7,5016.06)->
Agent 42:(15,18,1.3)->(15,19,2.04949)->(15,20,4.04949)->(15,21,6.29898)->(14,21,9.09898)->(13,21,13.7118)->(13,20,21.2246)->(12,20,5012.06)->
Agent 43:(27,30,3.1642)->(27,29,5.74261)->(27,28,7.06045)->(27,27,7.74261)->(27,26,8.31045)->(27,25,8.84635)->(27,24,9.41419)->(27,23,10.0963)->(27,22,11.4142)->(27,21,14.0426)->(28,21,5007.21)->
Agent 44:(28,23,2.2)->(28,22,3.84949)->(28,21,5.84949)->(28,20,8.09898)->(29,20,10.3485)->(30,20,12.3485)->(31,20,5005.9)->
Agent 45:(28,9,1.8)->(27,9,3.01421)->(26,9,4.33205)->(25,9,5.0641)->(24,9,5.79615)->(23,9,7.11399)->(22,9,9.3282)->(22,8,11.5424)->(22,7,12.9566)->(22,6,14.3708)->(22,5,19.2626)->(22,6,24.7402)->(22,7,5012.37)->
Agent 46:(21,9,1.3)->(21,10,2.01421)->(21,11,3.34806)->(21,12,4.17649)->(21,13,5.51034)->(21,14,7.72456)->(20,14,9.93877)->(19,14,11.2566)->(18,14,11.9388)->(17,14,12.5066)->(16,14,13.0425)->(15,14,13.6103)->(14,14,14.2925)->(13,14,15.6103)->(12,14,17.8246)->(12,15,20.0388)->(12,16,21.3566)->(12,17,22.0388)->(12,18,22.6066)->(12,19,23.1246)->(12,20,23.6246)->(12,21,24.1246)->(12,22,24.6246)->(12,23,25.1246)->(12,24,25.6246)->(12,25,26.1425)->(12,26,26.7103)->(12,27,27.3925)->(12,28,28.7103)->(12,29,30.9246)->(11,29,33.7246)->(10,29,5016.86)->
Agent 47:(18,25,2.2)->(18,24,3.81421)->(18,23,5.14806)->(18,22,5.97649)->(18,21,7.31034)->(18,20,9.52456)->(17,20,11.7388)->(16,20,13.0566)->(15,20,13.7388)->(14,20,14.3246)->(13,20,14.9103)->(12,20,15.5925)->(11,20,16.9103)->(10,20,21.7049)->(10,19,5012.13)->
Agent 48:(29,27,2.2)->(29,26,3.81421)->(29,25,5.13205)->(29,24,5.81421)->(29,23,6.38205)->(29,22,6.9)->(29,21,7.4)->(29,20,7.9)->(29,19,8.4)->(29,18,8.9)->(29,17,9.4)->(29,16,9.9)->(29,15,10.4)->(29,14,10.9)->(29,13,11.4)->(29,12,11.9)->(29,11,12.4)->(29,10,12.9)->(29,9,13.4179)->(29,8,13.9858)->(29,7,14.6679)->(29,6,15.9858)->(29,5,18.2)->(28,5,21)->(27,5,5010.5)->
Agent 49:(2,25,2.2)->(3,25,3.81421)->(4,25,5.13205)->(5,25,5.81421)->(6,25,6.38205)->(7,25,6.9)->(8,25,7.4)->(9,25,7.9)->(10,25,8.4)->(11,25,8.9)->(12,25,9.4)->(13,25,9.9)->(14,25,10.4)->(15,25,10.9)->(16,25,11.4)->(17,25,11.9179)->(18,25,12.4858)->(19,25,13.1679)->(20,25,14.4858)->(21,25,17.3)->(21,24,20.1142)->(21,23,21.4321)->(21,22,22.1142)->(21,21,22.6821)->(21,20,23.2)->(21,19,23.7)->(21,18,24.2)->(21,17,24.7)->(21,16,25.2)->(21,15,25.7)->(21,14,26.2)->(21,13,26.7)->(21,12,27.2)->(21,11,27.7)->(21,10,28.2)->(21,9,28.7)->(21,8,29.2)->(21,7,29.7179)->(21,6,30.2858)->(21,5,30.9679)->(21,4,32.2858)->(21,3,34.9142)->(22,3,5017.65)->
Agent 50:(28,15,2.3)->(28,14,4.01421)->(28,13,5.33205)->(28,12,6.01421)->(28,11,6.58205)->(28,10,7.1)->(28,9,7.6)->(28,8,8.1)->(28,7,8.6)->(28,6,9.1)->(28,5,9.6)->(28,4,10.1179)->(28,3,10.6858)->(28,2,11.3679)->(28,1,12.6858)->(28,0,14.9)->(27,0,17.1142)->(26,0,18.4321)->(25,0,19.1142)->(24,0,19.7)->(23,0,20.2858)->(22,0,20.9679)->(21,0,22.2858)->(20,0,5010.85)->
Agent 51:(25,28,2.81795)->(25,27,5.05011)->(25,26,6.36795)->(25,25,7.05011)->(25,24,7.61795)->(25,23,8.1359)->(25,22,8.6359)->(25,21,9.1359)->(25,20,9.6359)->(25,19,10.1359)->(25,18,10.6359)->(25,17,11.1359)->(25,16,11.6359)->(25,15,12.1359)->(25,14,12.6359)->(25,13,13.1359)->(25,12,13.6359)->(25,11,14.1538)->(25,10,14.7217)->(25,9,15.4038)->(25,8,16.7217)->(25,7,19.438)->(24,7,22.1544)->(23,7,23.4722)->(22,7,24.1544)->(21,7,24.7222)->(20,7,25.2402)->(19,7,25.7402)->(18,7,26.2581)->(17,7,26.826)->(16,7,27.5081)->(15,7,28.826)->(14,7,31.4544)->(14,8,5015.92)->
Agent 52:(25,6,1.8)->(24,6,3.01421)->(23,6,4.33205)->(22,6,5.01421)->(21,6,5.58205)->(20,6,6.1)->(19,6,6.6)->(18,6,7.1)->(17,6,7.6)->(16,6,8.1)->(15,6,8.6)->(14,6,9.1)->(13,6,9.6)->(12,6,10.1)->(11,6,10.6)->(10,6,11.1)->(9,6,11.6179)->(8,6,12.1858)->(7,6,12.8679)->(6,6,14.1858)->(5,6,16.8142)->(5,7,5008.6)->
Agent 53:(8,8,1.3)->(8,9,2.04949)->(8,10,4.04949)->(8,11,6.29898)->(9,11,9.09898)->(10,11,12.3132)->(10,10,15.9132)->(11,10,19.1274)->(12,10,5009.56)->
Agent 54:(13,0,4.12841)->(13,1,7.67104)->(13,2,8.98888)->(13,3,9.67104)->(13,4,10.2389)->(13,5,10.7568)->(13,6,11.2568)->(13,7,11.7568)->(13,8,12.2568)->(13,9,12.7748)->(13,10,13.3426)->(13,11,14.0248)->(13,12,15.3426)->(13,13,20.2142)->(14,13,25.6716)->(15,13,28.4716)->(15,14,30.6858)->(15,15,32.0036)->(15,16,32.6858)->(15,17,33.2536)->(15,18,33.7895)->(15,19,34.3574)->(15,20,35.0395)->(15,21,36.3574)->(15,22,5017.89)->
Agent 55:(8,22,2.2)->(8,21,3.81421)->(8,20,5.13205)->(8,19,5.81421)->(8,18,6.38205)->(8,17,6.9)->(8,16,7.4)->(8,15,7.9)->(8,14,8.4)->(8,13,8.9)->(8,12,9.4)->(8,11,9.91795)->(8,10,10.4858)->(8,9,11.1679)->(8,8,12.4858)->(8,7,14.7)->(9,7,16.9142)->(10,7,18.2321)->(11,7,18.9238)->(12,7,19.5595)->(13,7,20.2513)->(14,7,21.5691)->(15,7,24.1975)->(15,8,5012.29)->
Agent 56:(18,1,1.3)->(18,2,2.01421)->(18,3,3.33205)->(18,4,4.02382)->(18,5,4.65949)->(18,6,5.35126)->(18,7,6.6691)->(18,8,9.89166)->(17,8,13.1142)->(16,8,14.4321)->(15,8,15.1641)->(14,8,15.8962)->(13,8,17.214)->(12,8,5008.31)->
Agent 57:(8,13,1.8)->(9,13,3.01421)->(10,13,4.33205)->(11,13,5.01421)->(12,13,5.58205)->(13,13,6.1)->(14,13,6.6)->(15,13,7.1)->(16,13,7.6)->(17,13,8.1)->(18,13,8.6)->(19,13,9.1)->(20,13,9.6)->(21,13,10.1)->(22,13,10.6)->(23,13,11.1)->(24,13,11.6)->(25,13,12.1179)->(26,13,12.6858)->(27,13,13.3679)->(28,13,14.6858)->(29,13,16.9)->(29,12,19.7)->(29,11,5009.85)->
Agent 58:(6,2,1.3)->(6,3,2.01421)->(6,4,3.33205)->(6,5,4.01421)->(6,6,4.58205)->(6,7,5.1)->(6,8,5.6)->(6,9,6.1)->(6,10,6.6)->(6,11,7.1)->(6,12,7.6)->(6,13,8.11795)->(6,14,8.68579)->(6,15,9.36795)->(6,16,10.6858)->(6,17,12.9)->(7,17,15.1142)->(8,17,16.4321)->(9,17,17.1142)->(10,17,17.6821)->(11,17,18.2)->(12,17,18.7)->(13,17,19.2)->(14,17,19.7)->(15,17,20.2)->(16,17,20.7)->(17,17,21.2)->(18,17,21.7)->(19,17,22.2179)->(20,17,22.7858)->(21,17,23.4679)->(22,17,24.7858)->(23,17,27)->(23,18,29.2142)->(23,19,30.6284)->(23,20,32.0426)->(23,21,5015.73)->
Agent 59:(18,23,2.2)->(18,22,3.81421)->(18,21,5.14806)->(18,20,5.97649)->(18,19,7.31034)->(18,18,9.52456)->(19,18,11.7388)->(20,18,13.0566)->(21,18,13.7388)->(22,18,14.3246)->(23,18,14.9103)->(24,18,15.5925)->(25,18,16.9103)->(26,18,5008.16)->
Agent 60:(3,16,1.3)->(3,17,2.01421)->(3,18,3.33205)->(3,19,4.0641)->(3,20,4.79615)->(3,21,6.11399)->(3,22,10.6141)->(2,22,15.7)->(1,22,5007.85)->
Agent 61:(10,7,1.3)->(10,8,2.01421)->(10,9,3.33205)->(10,10,4.01421)->(10,11,4.58205)->(10,12,5.1)->(10,13,5.6)->(10,14,6.1)->(10,15,6.6)->(10,16,7.1)->(10,17,7.6)->(10,18,8.1)->(10,19,8.6)->(10,20,9.1)->(10,21,9.61795)->(10,22,10.1858)->(10,23,10.8679)->(10,24,12.1858)->(10,25,15.8839)->(11,25,19.5819)->(12,25,20.8998)->(13,25,21.5819)->(14,25,22.1498)->(15,25,22.6857)->(16,25,23.2535)->(17,25,23.9357)->(18,25,25.2535)->(19,25,5012.33)->
Agent 62:(5,0,1.8)->(4,0,3.04949)->(3,0,5.04949)->(2,0,7.29898)->(2,1,9.51319)->(2,2,10.831)->(2,3,11.5631)->(2,4,12.2951)->(2,5,13.613)->(2,6,5006.51)->
Agent 63:(20,26,2.9642)->(20,25,5.34261)->(20,24,6.66045)->(20,23,7.34261)->(20,22,7.91045)->(20,21,8.4284)->(20,20,8.9284)->(20,19,9.4284)->(20,18,9.9284)->(20,17,10.4284)->(20,16,10.9284)->(20,15,11.4284)->(20,14,11.9284)->(20,13,12.4284)->(20,12,12.9284)->(20,11,13.4284)->(20,10,13.9284)->(20,9,14.4284)->(20,8,14.9284)->(20,7,15.4284)->(20,6,15.9463)->(20,5,16.5142)->(20,4,17.1963)->(20,3,18.5142)->(20,2,20.7284)->(21,2,22.9426)->(22,2,24.2605)->(23,2,24.9426)->(24,2,25.5105)->(25,2,26.0284)->(26,2,26.5284)->(27,2,27.0463)->(28,2,27.6142)->(29,2,28.2963)->(30,2,29.6142)->(31,2,5014.51)->
Agent 64:(24,14,2.2641)->(24,13,3.94242)->(24,12,5.26025)->(24,11,5.94242)->(24,10,6.51025)->(24,9,7.04615)->(24,8,7.61399)->(24,7,8.29615)->(24,6,9.61399)->(24,5,16.8842)->(23,5,24.1544)->(22,5,25.4722)->(21,5,26.1544)->(20,5,26.7222)->(19,5,27.2402)->(18,5,27.7581)->(17,5,28.326)->(16,5,29.0081)->(15,5,30.326)->(14,5,5014.87)->
Agent 65:(18,9,4.16228)->(18,10,7.73877)->(18,11,9.05661)->(18,12,9.73877)->(18,13,10.3066)->(18,14,10.8246)->(18,15,11.3246)->(18,16,11.8246)->(18,17,12.3246)->(18,18,12.8246)->(18,19,13.3246)->(18,20,13.8246)->(18,21,14.3246)->(18,22,14.8246)->(18,23,15.3425)->(18,24,15.9103)->(18,25,16.5925)->(18,26,17.9103)->(18,27,20.1246)->(17,27,22.3388)->(16,27,23.6566)->(15,27,24.3388)->(14,27,24.9066)->(13,27,25.4425)->(12,27,26.0103)->(11,27,26.6925)->(10,27,28.0103)->(9,27,5013.71)->
Agent 66:(22,18,2.2)->(22,17,3.81421)->(22,16,5.22843)->(22,15,6.64264)->(22,14,15.2605)->(22,15,5010.82)->
Agent 67:(11,29,2.2)->(11,28,3.81421)->(11,27,5.13205)->(11,26,5.81421)->(11,25,6.38205)->(11,24,6.9)->(11,23,7.4)->(11,22,7.9)->(11,21,8.41795)->(11,20,8.98579)->(11,19,9.66795)->(11,18,10.9858)->(11,17,13.3623)->(12,17,15.7388)->(13,17,17.0566)->(14,17,17.7388)->(15,17,18.3066)->(16,17,18.8246)->(17,17,19.3246)->(18,17,19.8246)->(19,17,20.3246)->(20,17,20.8246)->(21,17,21.3246)->(22,17,21.8246)->(23,17,22.3425)->(24,17,22.9103)->(25,17,23.5925)->(26,17,24.9103)->(27,17,27.1246)->(27,18,29.9246)->(27,19,5014.96)->
Agent 68:(19,7,1.3)->(19,8,2.01421)->(19,9,3.33205)->(19,10,4.01421)->(19,11,4.58205)->(19,12,5.1)->(19,13,5.6)->(19,14,6.1)->(19,15,6.6)->(19,16,7.1)->(19,17,7.61795)->(19,18,8.18579)->(19,19,8.86795)->(19,20,10.1858)->(19,21,13.2123)->(18,21,16.274)->(17,21,18.274)->(16,21,5008.86)->
Agent 69:(1,23,1.3)->(1,24,2.04949)->(1,25,4.04949)->(1,26,7.41177)->(2,26,10.7388)->(3,26,12.0566)->(4,26,12.7388)->(5,26,13.3066)->(6,26,13.8246)->(7,26,14.3246)->(8,26,14.8246)->(9,26,15.3246)->(10,26,15.8246)->(11,26,16.3246)->(12,26,16.8246)->(13,26,17.3246)->(14,26,17.8246)->(15,26,18.3246)->(16,26,18.8246)->(17,26,19.3246)->(18,26,19.8246)->(19,26,20.3246)->(20,26,20.8246)->(21,26,21.3246)->(22,26,21.8246)->(23,26,22.3425)->(24,26,22.9103)->(25,26,23.5925)->(26,26,24.9103)->(27,26,5012.16)->
