Agent 0:(0,23,9.09638)->(1,23,17.607)->(2,23,18.9248)->(3,23,19.607)->(4,23,20.1748)->(5,23,20.6928)->(6,23,21.1928)->(7,23,21.6928)->(8,23,22.1928)->(9,23,22.6928)->(10,23,23.1928)->(11,23,23.6928)->(12,23,24.1928)->(13,23,24.6928)->(14,23,25.2107)->(15,23,25.7785)->(16,23,26.4607)->(17,23,27.7785)->(18,23,29.9928)->(18,22,32.207)->(18,21,33.5408)->(18,20,34.3692)->(18,19,35.7031)->(18,18,5017.56)->
Agent 1:(12,24,4.82841)->(12,23,9.07104)->(12,22,10.3889)->(12,21,11.071)->(12,20,11.6389)->(12,19,12.1568)->(12,18,12.6568)->(12,17,13.1568)->(12,16,13.6568)->(12,15,14.1568)->(12,14,14.6568)->(12,13,15.1568)->(12,12,15.6568)->(12,11,16.1568)->(12,10,16.6568)->(12,9,17.1568)->(12,8,17.6568)->(12,7,18.1568)->(12,6,18.6568)->(12,5,19.1748)->(12,4,19.7426)->(12,3,20.4248)->(12,2,21.7426)->(12,1,23.9568)->(13,1,26.2063)->(14,1,28.2063)->(15,1,5013.83)->
Agent 2:(28,28,2.61421)->(28,27,5.61421)->(27,27,8.82843)->(26,27,15.0248)->(27,27,5009.2)->
Agent 3:(18,6,2.24263)->(18,7,3.89947)->(18,8,5.21731)->(18,9,5.89947)->(18,10,6.46731)->(18,11,6.98525)->(18,12,7.48525)->(18,13,7.98525)->(18,14,8.48525)->(18,15,8.98525)->(18,16,9.48525)->(18,17,9.98525)->(18,18,10.4853)->(18,19,10.9853)->(18,20,11.5032)->(18,21,12.071)->(18,22,12.7532)->(18,23,14.071)->(18,24,16.6995)->(17,24,21.8606)->(17,25,26.0501)->(17,26,27.4643)->(17,27,28.8785)->(17,28,5014.15)->
Agent 4:(13,18,2.56046)->(13,19,4.53514)->(13,20,5.85298)->(13,21,6.53514)->(13,22,7.10298)->(13,23,7.62093)->(13,24,8.12093)->(13,25,8.63888)->(13,26,9.20672)->(13,27,9.88888)->(13,28,11.2067)->(13,29,13.4209)->(14,29,15.6351)->(15,29,16.953)->(16,29,17.6351)->(17,29,18.203)->(18,29,18.7389)->(19,29,19.3067)->(20,29,19.9889)->(21,29,21.3067)->(22,29,23.9351)->(22,30,28.5531)->(23,30,5014.98)->
Agent 5:(15,8,1.71421)->(15,9,4.01601)->(16,9,6.84624)->(17,9,8.16408)->(18,9,8.84624)->(19,9,9.41408)->(20,9,9.93203)->(21,9,10.432)->(22,9,10.932)->(23,9,11.432)->(24,9,11.932)->(25,9,12.432)->(26,9,12.932)->(27,9,13.45)->(28,9,14.0178)->(29,9,14.7)->(30,9,16.0178)->(31,9,18.232)->(31,8,21.032)->(31,7,32.716)->(31,8,44.4)->(31,9,5022.2)->
Agent 6:(6,30,3.85)->(6,29,7.11421)->(6,28,8.43205)->(6,27,9.11421)->(6,26,9.68205)->(6,25,10.2)->(6,24,10.7)->(6,23,11.2)->(6,22,11.7)->(6,21,12.2)->(6,20,12.7)->(6,19,13.2)->(6,18,13.7)->(6,17,14.2)->(6,16,14.7)->(6,15,15.2)->(6,14,15.7)->(6,13,16.2)->(6,12,16.7179)->(6,11,17.2858)->(6,10,17.9679)->(6,9,19.2858)->(6,8,21.5)->(7,8,23.7142)->(8,8,25.0321)->(9,8,25.7142)->(10,8,26.2821)->(11,8,26.8)->(12,8,27.3)->(13,8,27.8)->(14,8,28.3)->(15,8,28.8)->(16,8,29.3)->(17,8,29.8)->(18,8,30.3)->(19,8,30.8)->(20,8,31.3)->(21,8,31.8)->(22,8,32.3)->(23,8,32.8)->(24,8,33.3)->(25,8,33.8)->(26,8,34.3)->(27,8,34.8179)->(28,8,35.3858)->(29,8,36.0679)->(30,8,37.3858)->(31,8,39.6)->(31,9,42.4)->(31,10,5021.2)->
Agent 7:(1,10,2.4142)->(1,11,4.24261)->(1,12,5.56045)->(1,13,6.24261)->(1,14,6.81045)->(1,15,7.3284)->(1,16,7.8284)->(1,17,8.3284)->(1,18,8.8284)->(1,19,9.3284)->(1,20,9.8284)->(1,21,10.3284)->(1,22,10.8284)->(1,23,11.3284)->(1,24,11.8463)->(1,25,12.4142)->(1,26,13.0963)->(1,27,14.4142)->(1,28,16.6284)->(2,28,18.8426)->(3,28,20.1605)->(4,28,20.8426)->(5,28,21.4105)->(6,28,21.9284)->(7,28,22.4284)->(8,28,22.9284)->(9,28,23.4284)->(10,28,23.9284)->(11,28,24.4284)->(12,28,24.9284)->(13,28,25.4284)->(14,28,25.9284)->(15,28,26.4284)->(16,28,26.9284)->(17,28,27.4284)->(18,28,27.9284)->(19,28,28.4284)->(20,28,28.9463)->(21,28,29.5142)->(22,28,30.1963)->(23,28,31.5142)->(24,28,33.7284)->(24,29,35.9779)->(24,30,37.9779)->(24,31,5018.71)->
Agent 8:(6,11,2.2)->(6,10,4.4)->(6,9,8.69263)->(7,9,12.3995)->(8,9,13.7173)->(9,9,14.3995)->(10,9,14.9673)->(11,9,15.4853)->(12,9,16.0032)->(13,9,16.571)->(14,9,17.2532)->(15,9,18.571)->(16,9,5008.99)->
Agent 9:(13,22,1.3)->(13,23,2.01421)->(13,24,3.33205)->(13,25,4.01421)->(13,26,4.58205)->(13,27,5.11795)->(13,28,5.68579)->(13,29,6.36795)->(13,30,7.68579)->(13,31,9.9)->(14,31,12.1495)->(15,31,14.1495)->(16,31,17.2317)->(16,30,20.2785)->(16,29,21.5964)->(16,28,22.2785)->(16,27,22.8464)->(16,26,23.3643)->(16,25,23.8643)->(16,24,24.3823)->(16,23,24.9501)->(16,22,25.6323)->(16,21,26.9501)->(16,20,5013.18)->
Agent 10:(5,19,5.68579)->(5,18,10.7858)->(5,17,12.1036)->(5,16,12.7858)->(5,15,13.3536)->(5,14,13.8716)->(5,13,14.3716)->(5,12,14.8716)->(5,11,15.3895)->(5,10,15.9574)->(5,9,16.6395)->(5,8,17.9574)->(5,7,20.1716)->(6,7,22.9716)->(7,7,5011.49)->
Agent 11:(10,5,1.3)->(10,6,2.01421)->(10,7,3.33205)->(10,8,4.02382)->(10,9,4.65949)->(10,10,5.35126)->(10,11,6.6691)->(10,12,9.78428)->(11,12,12.8995)->(12,12,14.2173)->(13,12,14.8995)->(14,12,15.4673)->(15,12,15.9853)->(16,12,16.4853)->(17,12,16.9853)->(18,12,17.4853)->(19,12,17.9853)->(20,12,18.4853)->(21,12,18.9853)->(22,12,19.4853)->(23,12,20.0032)->(24,12,20.571)->(25,12,21.2532)->(26,12,22.571)->(27,12,5010.99)->
Agent 12:(22,18,1.8)->(23,18,3.04949)->(24,18,5.04949)->(25,18,7.29898)->(25,17,9.51319)->(25,16,10.847)->(25,15,11.6755)->(25,14,13.0093)->(25,13,15.2235)->(26,13,18.0235)->(27,13,5009.01)->
Agent 13:(26,7,3.71795)->(26,8,6.85011)->(26,9,8.16795)->(26,10,8.85011)->(26,11,9.41795)->(26,12,9.9359)->(26,13,10.4359)->(26,14,10.9538)->(26,15,11.5217)->(26,16,12.2038)->(26,17,13.5217)->(26,18,15.7359)->(25,18,17.9501)->(24,18,19.2679)->(23,18,19.9501)->(22,18,20.5179)->(21,18,21.0359)->(20,18,21.5359)->(19,18,22.0359)->(18,18,22.5359)->(17,18,23.0359)->(16,18,23.5359)->(15,18,24.0359)->(14,18,24.5359)->(13,18,25.0359)->(12,18,25.5359)->(11,18,26.0359)->(10,18,26.5538)->(9,18,27.1217)->(8,18,27.8038)->(7,18,29.1217)->(6,18,5014.27)->
Agent 14:(20,28,1.8)->(19,28,3.01421)->(18,28,4.33205)->(17,28,5.01421)->(16,28,5.58205)->(15,28,6.1)->(14,28,6.6)->(13,28,7.1)->(12,28,7.6)->(11,28,8.11795)->(10,28,8.68579)->(9,28,9.36795)->(8,28,10.6858)->(7,28,13.9)->(7,27,17.1142)->(7,26,18.4321)->(7,25,19.1238)->(7,24,19.7595)->(7,23,20.4513)->(7,22,21.7691)->(7,21,5010.59)->
Agent 15:(26,8,2.71795)->(25,8,4.85011)->(24,8,6.16795)->(23,8,6.85011)->(22,8,7.41795)->(21,8,7.95385)->(20,8,8.52168)->(19,8,9.20385)->(18,8,10.5217)->(17,8,12.7359)->(17,7,14.9854)->(17,6,16.9854)->(17,5,5008.22)->
Agent 16:(31,16,2.2)->(31,15,3.81421)->(31,14,5.13205)->(31,13,5.81421)->(31,12,6.38205)->(31,11,6.9)->(31,10,7.4)->(31,9,7.9)->(31,8,8.41795)->(31,7,8.98579)->(31,6,9.66795)->(31,5,10.9858)->(31,4,14.0106)->(30,4,17.0354)->(29,4,18.3532)->(28,4,19.0354)->(27,4,19.6032)->(26,4,20.1212)->(25,4,20.6212)->(24,4,21.1212)->(23,4,21.6212)->(22,4,22.1212)->(21,4,22.6212)->(20,4,23.1212)->(19,4,23.6212)->(18,4,24.1212)->(17,4,24.6212)->(16,4,25.1212)->(15,4,25.6212)->(14,4,26.1212)->(13,4,26.6212)->(12,4,27.1212)->(11,4,27.6212)->(10,4,28.1212)->(9,4,28.6391)->(8,4,29.2069)->(7,4,29.8891)->(6,4,31.2069)->(5,4,33.8354)->(5,5,37.4354)->(4,5,40.0638)->(3,5,41.478)->(2,5,42.8922)->(1,5,5021.15)->
Agent 17:(9,14,2.21421)->(10,14,5.22843)->(10,13,10.8426)->(11,13,15.6568)->(12,13,19.8785)->(12,12,5010.64)->
Agent 18:(10,22,3.57841)->(9,22,6.57104)->(8,22,7.88888)->(7,22,8.57104)->(6,22,9.13888)->(5,22,9.65683)->(4,22,10.1748)->(3,22,10.7426)->(2,22,11.4248)->(1,22,12.7426)->(0,22,5006.08)->
Agent 19:(21,17,2.2)->(21,16,3.84949)->(21,15,5.84949)->(21,14,11.4421)->(20,14,16.9995)->(19,14,18.3173)->(18,14,18.9995)->(17,14,19.5673)->(16,14,20.0853)->(15,14,20.5853)->(14,14,21.0853)->(13,14,21.5853)->(12,14,22.0853)->(11,14,22.6032)->(10,14,23.171)->(9,14,23.8532)->(8,14,25.171)->(7,14,27.7995)->(7,15,5014.09)->
Agent 20:(29,30,2.2)->(29,29,3.81421)->(29,28,5.22843)->(29,27,6.64264)->(29,26,9.01059)->(28,26,11.4138)->(27,26,13.4138)->(26,26,5006.43)->
Agent 21:(25,10,2.85853)->(24,10,5.13127)->(23,10,6.44911)->(22,10,7.13127)->(21,10,7.69911)->(20,10,8.21706)->(19,10,8.71706)->(18,10,9.21706)->(17,10,9.71706)->(16,10,10.2171)->(15,10,10.7171)->(14,10,11.2171)->(13,10,11.7171)->(12,10,12.235)->(11,10,12.8028)->(10,10,13.485)->(9,10,14.8028)->(8,10,17.0443)->(8,11,19.2858)->(8,12,20.6036)->(8,13,21.2858)->(8,14,21.8536)->(8,15,22.3716)->(8,16,22.8716)->(8,17,23.3716)->(8,18,23.8716)->(8,19,24.3895)->(8,20,24.9574)->(8,21,25.6395)->(8,22,26.9574)->(8,23,29.1716)->(7,23,31.3858)->(6,23,32.7036)->(5,23,33.4357)->(4,23,34.1677)->(3,23,35.4856)->(2,23,5017.45)->
Agent 22:(1,15,1.8)->(2,15,3.04949)->(3,15,5.04949)->(4,15,7.29898)->(4,14,9.51319)->(4,13,10.831)->(4,12,11.5132)->(4,11,12.081)->(4,10,12.599)->(4,9,13.099)->(4,8,13.599)->(4,7,14.1169)->(4,6,14.6848)->(4,5,15.3669)->(4,4,16.6848)->(4,3,18.899)->(5,3,21.1132)->(6,3,22.431)->(7,3,23.1132)->(8,3,23.681)->(9,3,24.199)->(10,3,24.699)->(11,3,25.199)->(12,3,25.699)->(13,3,26.199)->(14,3,26.699)->(15,3,27.199)->(16,3,27.699)->(17,3,28.199)->(18,3,28.7169)->(19,3,29.2848)->(20,3,29.9669)->(21,3,31.2848)->(22,3,5015.35)->
Agent 23:(23,7,1.74263)->(23,8,2.89947)->(23,9,4.21731)->(23,10,4.89947)->(23,11,5.46731)->(23,12,5.98525)->(23,13,6.5032)->(23,14,7.07104)->(23,15,7.7532)->(23,16,9.07104)->(23,17,16.1748)->(22,17,23.2785)->(21,17,24.5964)->(20,17,25.2785)->(19,17,25.8464)->(18,17,26.3643)->(17,17,26.8643)->(16,17,27.3823)->(15,17,27.9501)->(14,17,28.6323)->(13,17,29.9501)->(12,17,32.1643)->(12,18,34.9643)->(12,19,5017.48)->
Agent 24:(23,29,2.2)->(23,28,3.84949)->(23,27,5.84949)->(23,26,8.09898)->(22,26,10.3132)->(21,26,11.647)->(20,26,12.4755)->(19,26,13.8093)->(18,26,17.7939)->(18,25,21.7785)->(18,24,23.0964)->(18,23,23.7785)->(18,22,24.3464)->(18,21,24.8823)->(18,20,25.4501)->(18,19,26.1323)->(18,18,27.4501)->(18,17,5013.43)->
Agent 25:(28,15,7.17843)->(27,15,13.7711)->(26,15,15.0889)->(25,15,15.7711)->(24,15,16.3389)->(23,15,16.8569)->(22,15,17.3569)->(21,15,17.8569)->(20,15,18.3569)->(19,15,18.8569)->(18,15,19.3569)->(17,15,19.8569)->(16,15,20.3569)->(15,15,20.8569)->(14,15,21.3569)->(13,15,21.8569)->(12,15,22.3569)->(11,15,22.8569)->(10,15,23.3748)->(9,15,23.9426)->(8,15,24.6248)->(7,15,25.9426)->(6,15,28.1569)->(6,14,30.4063)->(6,13,32.4063)->(6,12,5015.93)->
Agent 26:(16,23,2.61421)->(16,22,5.93204)->(15,22,8.87829)->(14,22,10.2925)->(13,22,11.7067)->(12,22,13.9209)->(12,21,16.1351)->(12,20,17.453)->(12,19,18.185)->(12,18,18.9171)->(12,17,20.2349)->(12,16,22.4491)->(11,16,24.6633)->(10,16,26.0776)->(9,16,27.4918)->(8,16,5013.45)->
Agent 27:(10,21,1.97468)->(11,21,3.36357)->(12,21,4.68141)->(13,21,5.36357)->(14,21,5.93141)->(15,21,6.44936)->(16,21,6.94936)->(17,21,7.44936)->(18,21,7.94936)->(19,21,8.44936)->(20,21,8.94936)->(21,21,9.46731)->(22,21,10.0351)->(23,21,10.7173)->(24,21,12.0351)->(25,21,14.2494)->(25,22,16.4988)->(25,23,18.4988)->(25,24,5008.97)->
Agent 28:(27,19,2.74263)->(26,19,4.89947)->(25,19,6.21731)->(24,19,6.89947)->(23,19,7.46731)->(22,19,7.98525)->(21,19,8.48525)->(20,19,8.98525)->(19,19,9.48525)->(18,19,9.98525)->(17,19,10.4853)->(16,19,10.9853)->(15,19,11.5032)->(14,19,12.071)->(13,19,12.7532)->(12,19,14.071)->(11,19,16.2853)->(11,18,18.4995)->(11,17,19.8173)->(11,16,20.4995)->(11,15,21.0673)->(11,14,21.5853)->(11,13,22.0853)->(11,12,22.5853)->(11,11,23.0853)->(11,10,23.5853)->(11,9,24.0853)->(11,8,24.5853)->(11,7,25.0853)->(11,6,25.5853)->(11,5,26.0853)->(11,4,26.6032)->(11,3,27.171)->(11,2,27.8532)->(11,1,29.171)->(11,0,5014.29)->
Agent 29:(23,9,1.74263)->(23,10,2.89947)->(23,11,4.21731)->(23,12,4.89947)->(23,13,5.46731)->(23,14,5.98525)->(23,15,6.48525)->(23,16,6.98525)->(23,17,7.48525)->(23,18,7.98525)->(23,19,8.48525)->(23,20,8.98525)->(23,21,9.48525)->(23,22,9.98525)->(23,23,10.4853)->(23,24,11.0032)->(23,25,11.571)->(23,26,12.2532)->(23,27,13.571)->(23,28,15.7853)->(24,28,17.9995)->(25,28,19.3173)->(26,28,20.0091)->(27,28,20.6447)->(28,28,21.3365)->(29,28,22.6544)->(30,28,24.8686)->(30,29,27.1181)->(30,30,29.1181)->(30,31,5014.28)->
Agent 30:(2,0,1.8)->(3,0,3.01421)->(4,0,4.33205)->(5,0,5.01421)->(6,0,5.58205)->(7,0,6.1)->(8,0,6.6)->(9,0,7.1)->(10,0,7.6)->(11,0,8.1)->(12,0,8.6)->(13,0,9.1)->(14,0,9.6)->(15,0,10.1)->(16,0,10.6)->(17,0,11.1)->(18,0,11.6179)->(19,0,12.1858)->(20,0,12.8679)->(21,0,14.1858)->(22,0,18.1859)->(22,1,22.186)->(22,2,23.5038)->(22,3,24.186)->(22,4,24.7538)->(22,5,25.2718)->(22,6,25.7718)->(22,7,26.2718)->(22,8,26.7718)->(22,9,27.2718)->(22,10,27.7718)->(22,11,28.2897)->(22,12,28.8576)->(22,13,29.5397)->(22,14,30.8576)->(22,15,5015.14)->
Agent 31:(23,5,3.30374)->(23,6,6.02168)->(23,7,7.35554)->(23,8,8.18396)->(23,9,9.51781)->(23,10,11.732)->(22,10,13.9462)->(21,10,15.2801)->(20,10,16.1085)->(19,10,17.4424)->(18,10,5008.43)->
Agent 32:(3,12,2.2)->(3,11,3.81421)->(3,10,5.13205)->(3,9,5.82382)->(3,8,6.45949)->(3,7,7.15126)->(3,6,8.4691)->(3,5,10.6833)->(2,5,13.4833)->(1,5,21.4238)->(1,6,5013.27)->
Agent 33:(1,4,2.61421)->(1,3,5.61421)->(2,3,8.24264)->(3,3,9.56048)->(4,3,10.2426)->(5,3,10.8105)->(6,3,11.3284)->(7,3,11.8284)->(8,3,12.3284)->(9,3,12.8464)->(10,3,13.4142)->(11,3,14.0964)->(12,3,15.4142)->(13,3,18.0426)->(13,2,23.9779)->(13,3,5013.35)->
Agent 34:(11,19,2.2)->(11,18,3.81421)->(11,17,5.13205)->(11,16,5.81421)->(11,15,6.4)->(11,14,6.98579)->(11,13,7.66795)->(11,12,8.98579)->(11,11,12.1358)->(10,11,15.2858)->(9,11,16.6036)->(8,11,17.2858)->(7,11,17.8536)->(6,11,18.3716)->(5,11,18.8716)->(4,11,19.3895)->(3,11,19.9574)->(2,11,20.6395)->(1,11,21.9574)->(0,11,5010.69)->
Agent 35:(8,13,2.21421)->(7,13,8.17892)->(8,13,14.2073)->(9,13,16.2073)->(10,13,5007.83)->
Agent 36:(2,7,1.3)->(2,8,2.01421)->(2,9,3.34806)->(2,10,4.17649)->(2,11,5.51034)->(2,12,10.3482)->(3,12,15.186)->(4,12,16.5038)->(5,12,17.186)->(6,12,17.7538)->(7,12,18.2718)->(8,12,18.7718)->(9,12,19.2718)->(10,12,19.7718)->(11,12,20.2718)->(12,12,20.7718)->(13,12,21.2718)->(14,12,21.7718)->(15,12,22.2718)->(16,12,22.7718)->(17,12,23.2718)->(18,12,23.7718)->(19,12,24.2897)->(20,12,24.8576)->(21,12,25.5397)->(22,12,26.8576)->(23,12,5013.14)->
Agent 37:(30,13,2.2)->(30,12,3.81421)->(30,11,5.14806)->(30,10,5.97649)->(30,9,7.31034)->(30,8,10.0191)->(29,8,12.7279)->(28,8,14.0457)->(27,8,14.7279)->(26,8,15.2957)->(25,8,15.8137)->(24,8,16.3137)->(23,8,16.8137)->(22,8,17.3137)->(21,8,17.8137)->(20,8,18.3137)->(19,8,18.8316)->(18,8,19.3995)->(17,8,20.0816)->(16,8,21.3995)->(15,8,24.0279)->(15,9,27.6279)->(14,9,30.2916)->(13,9,32.2916)->(12,9,5015.87)->
Agent 38:(27,16,3.21421)->(27,17,5.84264)->(27,18,7.16048)->(27,19,7.84264)->(27,20,8.41048)->(27,21,8.92843)->(27,22,9.42843)->(27,23,9.92843)->(27,24,10.4284)->(27,25,10.9284)->(27,26,11.4464)->(27,27,12.0142)->(27,28,12.6964)->(27,29,14.0142)->(27,30,16.2284)->(26,30,18.4426)->(25,30,19.7605)->(24,30,20.4426)->(23,30,21.0105)->(22,30,21.5284)->(21,30,22.0284)->(20,30,22.5284)->(19,30,23.0284)->(18,30,23.5284)->(17,30,24.0284)->(16,30,24.5284)->(15,30,25.0284)->(14,30,25.5284)->(13,30,26.0284)->(12,30,26.5284)->(11,30,27.0284)->(10,30,27.5284)->(9,30,28.0284)->(8,30,28.5284)->(7,30,29.0284)->(6,30,29.5284)->(5,30,30.0284)->(4,30,30.5464)->(3,30,31.1142)->(2,30,31.7964)->(1,30,33.1142)->(0,30,5016.26)->
Agent 39:(9,2,1.43215)->(9,3,2.27851)->(9,4,3.59635)->(9,5,4.27851)->(9,6,4.84635)->(9,7,5.3643)->(9,8,5.8643)->(9,9,6.3643)->(9,10,6.8643)->(9,11,7.3643)->(9,12,7.88225)->(9,13,8.45008)->(9,14,9.13225)->(9,15,10.4501)->(9,16,12.6643)->(10,16,14.8785)->(11,16,16.2927)->(12,16,17.7069)->(13,16,21.3285)->(13,17,24.9854)->(13,18,26.9854)->(13,19,29.6491)->(14,19,5015.02)->
Agent 40:(18,13,2.61421)->(19,13,4.64264)->(20,13,6.05685)->(21,13,7.47107)->(22,13,9.68528)->(22,14,11.9348)->(22,15,13.9348)->(22,16,5006.69)->
Agent 41:(11,13,1.8)->(10,13,3.04949)->(9,13,5.04949)->(8,13,7.29898)->(8,14,9.51319)->(8,15,10.831)->(8,16,11.5132)->(8,17,12.081)->(8,18,12.599)->(8,19,13.099)->(8,20,13.599)->(8,21,14.099)->(8,22,14.599)->(8,23,15.1169)->(8,24,15.6848)->(8,25,16.3669)->(8,26,17.6848)->(8,27,19.899)->(7,27,22.699)->(6,27,5011.35)->
Agent 42:(24,6,4.71795)->(23,6,8.85011)->(22,6,10.1679)->(21,6,10.8501)->(20,6,11.4179)->(19,6,11.9359)->(18,6,12.4359)->(17,6,12.9359)->(16,6,13.4359)->(15,6,13.9359)->(14,6,14.4359)->(13,6,14.9359)->(12,6,15.4359)->(11,6,15.9359)->(10,6,16.4359)->(9,6,16.9359)->(8,6,17.4359)->(7,6,17.9359)->(6,6,18.4359)->(5,6,18.9538)->(4,6,19.5217)->(3,6,20.2038)->(2,6,21.5217)->(1,6,23.7359)->(1,7,25.9501)->(1,8,27.2679)->(1,9,27.9501)->(1,10,28.5179)->(1,11,29.0359)->(1,12,29.5359)->(1,13,30.0359)->(1,14,30.5359)->(1,15,31.0359)->(1,16,31.5359)->(1,17,32.0359)->(1,18,32.5359)->(1,19,33.0359)->(1,20,33.5359)->(1,21,34.0359)->(1,22,34.5359)->(1,23,35.0538)->(1,24,35.6217)->(1,25,36.3038)->(1,26,37.6217)->(1,27,40.2501)->(0,27,5020.32)->
Agent 43:(17,8,1.3)->(17,9,2.01421)->(17,10,3.33205)->(17,11,4.01421)->(17,12,4.58205)->(17,13,5.1)->(17,14,5.61795)->(17,15,6.18579)->(17,16,6.86795)->(17,17,8.18579)->(17,18,10.4)->(18,18,13.2)->(19,18,16)->(19,19,18.2142)->(19,20,19.5321)->(19,21,20.2142)->(19,22,20.8)->(19,23,21.3858)->(19,24,22.0679)->(19,25,23.3858)->(19,26,26.0142)->(18,26,30.2426)->(18,27,5015.63)->
Agent 44:(23,24,2.31795)->(22,24,4.05011)->(21,24,5.36795)->(20,24,6.1)->(19,24,6.83205)->(18,24,8.14989)->(17,24,10.3641)->(17,23,12.5783)->(17,22,13.8962)->(17,21,14.5879)->(17,20,15.2236)->(17,19,15.9154)->(17,18,17.2332)->(17,17,21.5059)->(17,18,5011.77)->
Agent 45:(8,22,1.3)->(8,23,2.04949)->(8,24,4.04949)->(8,25,6.29898)->(9,25,8.51319)->(10,25,9.83103)->(11,25,10.5132)->(12,25,11.081)->(13,25,11.6169)->(14,25,12.1848)->(15,25,12.8669)->(16,25,14.1848)->(17,25,16.399)->(17,26,19.199)->(17,27,22.4132)->(18,27,27.0279)->(18,28,5014.21)->
Agent 46:(27,29,2.61421)->(27,28,5.61421)->(26,28,8.24264)->(25,28,9.56048)->(24,28,10.2426)->(23,28,10.8105)->(22,28,11.3284)->(21,28,11.8284)->(20,28,12.3284)->(19,28,12.8284)->(18,28,13.3284)->(17,28,13.8284)->(16,28,14.3284)->(15,28,14.8284)->(14,28,15.3464)->(13,28,15.9142)->(12,28,16.5964)->(11,28,17.9142)->(10,28,20.1284)->(10,27,22.3426)->(10,26,23.6605)->(10,25,24.3426)->(10,24,24.9105)->(10,23,25.4284)->(10,22,25.9284)->(10,21,26.4464)->(10,20,27.0142)->(10,19,27.6964)->(10,18,29.0142)->(10,17,31.2284)->(9,17,33.4426)->(8,17,34.7605)->(7,17,35.4522)->(6,17,36.0879)->(5,17,36.7797)->(4,17,38.0975)->(3,17,5018.76)->
Agent 47:(29,16,2.2)->(29,15,3.81421)->(29,14,5.13205)->(29,13,5.81421)->(29,12,6.38205)->(29,11,6.9)->(29,10,7.4)->(29,9,7.9)->(29,8,8.4)->(29,7,8.9)->(29,6,9.41795)->(29,5,9.98579)->(29,4,10.6679)->(29,3,11.9858)->(29,2,14.2)->(28,2,16.4142)->(27,2,17.7321)->(26,2,18.4142)->(25,2,18.9821)->(24,2,19.5)->(23,2,20)->(22,2,20.5179)->(21,2,21.0858)->(20,2,21.7679)->(19,2,23.0858)->(18,2,5011.25)->
Agent 48:(15,15,2.4142)->(15,16,4.24261)->(15,17,5.57646)->(15,18,6.40489)->(15,19,7.73874)->(15,20,9.95296)->(14,20,12.753)->(13,20,17.7369)->(13,21,5009.95)->
Agent 49:(5,8,1.3)->(5,9,2.01421)->(5,10,3.33205)->(5,11,4.01421)->(5,12,4.6)->(5,13,5.18579)->(5,14,5.86795)->(5,15,7.18579)->(5,16,9.4)->(6,16,12.2)->(7,16,21.3679)->(7,17,30.5359)->(7,18,5015.27)->
Agent 50:(10,30,2.2)->(10,29,3.81421)->(10,28,5.13205)->(10,27,5.82382)->(10,26,6.45949)->(10,25,7.15126)->(10,24,8.4691)->(10,23,14.288)->(11,23,20.107)->(12,23,21.4248)->(13,23,22.107)->(14,23,22.6748)->(15,23,23.2107)->(16,23,23.7785)->(17,23,24.4607)->(18,23,25.7785)->(19,23,5012.6)->
Agent 51:(24,23,3.01058)->(24,22,5.43537)->(24,21,6.7532)->(24,20,7.43537)->(24,19,8.0032)->(24,18,8.52115)->(24,17,9.02115)->(24,16,9.52115)->(24,15,10.0212)->(24,14,10.5212)->(24,13,11.0212)->(24,12,11.5212)->(24,11,12.0212)->(24,10,12.5391)->(24,9,13.1069)->(24,8,13.7891)->(24,7,15.1069)->(24,6,17.3212)->(23,6,19.5354)->(22,6,20.8532)->(21,6,21.5354)->(20,6,22.1032)->(19,6,22.6212)->(18,6,23.1391)->(17,6,23.7069)->(16,6,24.3891)->(15,6,25.7069)->(14,6,28.3354)->(14,7,5014.36)->
Agent 52:(19,18,1.3)->(19,19,2.01421)->(19,20,3.33205)->(19,21,4.01421)->(19,22,4.58205)->(19,23,5.1)->(19,24,5.6)->(19,25,6.11795)->(19,26,6.68579)->(19,27,7.36795)->(19,28,8.68579)->(19,29,10.9)->(20,29,13.1142)->(21,29,14.5284)->(22,29,15.9426)->(23,29,21.6569)->(23,30,27.9569)->(23,31,5013.98)->
Agent 53:(15,24,2.21421)->(16,24,5.54263)->(16,23,8.89947)->(16,22,10.2173)->(16,21,10.8995)->(16,20,11.4673)->(16,19,11.9853)->(16,18,12.4853)->(16,17,12.9853)->(16,16,13.4853)->(16,15,13.9853)->(16,14,14.4853)->(16,13,14.9853)->(16,12,15.4853)->(16,11,16.0032)->(16,10,16.571)->(16,9,17.2532)->(16,8,18.571)->(16,7,20.7853)->(15,7,23.0347)->(14,7,25.0347)->(13,7,5012.24)->
Agent 54:(4,16,1.3)->(4,17,2.01421)->(4,18,3.33205)->(4,19,4.01421)->(4,20,4.58205)->(4,21,5.1)->(4,22,5.61795)->(4,23,6.18579)->(4,24,6.86795)->(4,25,8.18579)->(4,26,10.8142)->(3,26,16.0463)->(3,27,20.8925)->(3,28,5010.45)->
Agent 55:(14,29,1.8)->(15,29,3.01421)->(16,29,4.33205)->(17,29,5.01421)->(18,29,5.58205)->(19,29,6.1)->(20,29,6.6)->(21,29,7.1)->(22,29,7.6)->(23,29,8.1)->(24,29,8.61795)->(25,29,9.18579)->(26,29,9.86795)->(27,29,11.1858)->(28,29,13.4)->(28,28,15.6142)->(28,27,16.9321)->(28,26,17.6142)->(28,25,18.1821)->(28,24,18.7)->(28,23,19.2)->(28,22,19.7)->(28,21,20.2)->(28,20,20.7)->(28,19,21.2)->(28,18,21.7)->(28,17,22.2)->(28,16,22.7)->(28,15,23.2)->(28,14,23.7)->(28,13,24.2)->(28,12,24.7)->(28,11,25.2)->(28,10,25.7)->(28,9,26.2)->(28,8,26.7)->(28,7,27.2)->(28,6,27.7)->(28,5,28.2179)->(28,4,28.7858)->(28,3,29.4679)->(28,2,30.7858)->(28,1,5015.1)->
Agent 56:(31,29,1.3)->(31,30,2.6)->(31,31,8.23216)->(30,31,13.2785)->(29,31,14.5964)->(28,31,15.2785)->(27,31,15.8464)->(26,31,16.3643)->(25,31,16.8643)->(24,31,17.3643)->(23,31,17.8643)->(22,31,18.3643)->(21,31,18.8643)->(20,31,19.3643)->(19,31,19.8643)->(18,31,20.3643)->(17,31,20.8643)->(16,31,21.3643)->(15,31,21.8643)->(14,31,22.3643)->(13,31,22.8643)->(12,31,23.3643)->(11,31,23.8643)->(10,31,24.3643)->(9,31,24.8643)->(8,31,25.3823)->(7,31,25.9501)->(6,31,26.6323)->(5,31,27.9501)->(4,31,5013.68)->
Agent 57:(18,26,1.8)->(19,26,3.04949)->(20,26,5.04949)->(21,26,7.29898)->(21,25,10.099)->(21,24,19.271)->(21,25,27.8573)->(21,26,29.2715)->(21,27,30.6858)->(21,28,5015.05)->
Agent 58:(1,11,1.3)->(1,12,2.01421)->(1,13,3.33205)->(1,14,4.01421)->(1,15,4.58205)->(1,16,5.1)->(1,17,5.6)->(1,18,6.1)->(1,19,6.6)->(1,20,7.1)->(1,21,7.6)->(1,22,8.1)->(1,23,8.6)->(1,24,9.1)->(1,25,9.61795)->(1,26,10.1858)->(1,27,10.8679)->(1,28,12.1858)->(1,29,14.4)->(2,29,16.6142)->(3,29,17.9321)->(4,29,18.6142)->(5,29,19.1821)->(6,29,19.7)->(7,29,20.2)->(8,29,20.7)->(9,29,21.2)->(10,29,21.7)->(11,29,22.2)->(12,29,22.7)->(13,29,23.2)->(14,29,23.7179)->(15,29,24.2858)->(16,29,24.9679)->(17,29,26.2858)->(18,29,28.9142)->(18,30,5014.65)->
Agent 59:(15,16,1.3)->(15,17,2.01421)->(15,18,3.33205)->(15,19,4.01421)->(15,20,4.58205)->(15,21,5.1)->(15,22,5.61795)->(15,23,6.18579)->(15,24,6.86795)->(15,25,8.18579)->(15,26,11.8495)->(14,26,15.5132)->(13,26,16.831)->(12,26,17.5132)->(11,26,18.081)->(10,26,18.599)->(9,26,19.099)->(8,26,19.599)->(7,26,20.099)->(6,26,20.6169)->(5,26,21.1848)->(4,26,21.8669)->(3,26,23.1848)->(2,26,5011.3)->
Agent 60:(11,24,3.07841)->(11,23,5.57104)->(11,22,6.88888)->(11,21,7.57104)->(11,20,8.13888)->(11,19,8.67478)->(11,18,9.24261)->(11,17,9.92478)->(11,16,11.2426)->(11,15,13.4568)->(10,15,15.671)->(9,15,16.9889)->(8,15,17.7209)->(7,15,18.453)->(6,15,19.7708)->(5,15,5009.59)->
Agent 61:(20,14,2.2)->(20,13,3.81421)->(20,12,5.13205)->(20,11,5.81421)->(20,10,6.38205)->(20,9,6.9)->(20,8,7.41795)->(20,7,7.98579)->(20,6,8.66795)->(20,5,9.98579)->(20,4,13.1142)->(19,4,16.2426)->(18,4,17.5605)->(17,4,18.2426)->(16,4,18.8105)->(15,4,19.3284)->(14,4,19.8284)->(13,4,20.3284)->(12,4,20.8284)->(11,4,21.3284)->(10,4,21.8284)->(9,4,22.3284)->(8,4,22.8463)->(7,4,23.4142)->(6,4,24.0963)->(5,4,25.4142)->(4,4,5012.41)->
Agent 62:(4,30,2.2)->(4,29,3.84949)->(4,28,5.84949)->(4,27,8.09898)->(5,27,10.3132)->(6,27,11.631)->(7,27,12.3132)->(8,27,12.881)->(9,27,13.399)->(10,27,13.899)->(11,27,14.399)->(12,27,14.899)->(13,27,15.399)->(14,27,15.899)->(15,27,16.399)->(16,27,16.9169)->(17,27,17.4848)->(18,27,18.1669)->(19,27,19.4848)->(20,27,22.5132)->(19,27,5011.65)->
Agent 63:(22,4,1.71421)->(22,5,6)->(21,5,10.8142)->(20,5,12.2284)->(19,5,13.6426)->(18,5,5006.53)->
Agent 64:(9,8,2.43215)->(9,9,4.27851)->(9,10,5.59635)->(9,11,6.27851)->(9,12,6.84635)->(9,13,7.3643)->(9,14,7.8643)->(9,15,8.3643)->(9,16,8.8643)->(9,17,9.38225)->(9,18,9.95008)->(9,19,10.6322)->(9,20,11.9501)->(9,21,14.1643)->(10,21,16.3785)->(11,21,17.6963)->(12,21,18.4284)->(13,21,19.1605)->(14,21,20.4783)->(15,21,5009.95)->
Agent 65:(27,6,3.67843)->(27,7,6.77107)->(27,8,8.08891)->(27,9,8.77107)->(27,10,9.33891)->(27,11,9.85685)->(27,12,10.3569)->(27,13,10.8569)->(27,14,11.3569)->(27,15,11.8569)->(27,16,12.3569)->(27,17,12.8569)->(27,18,13.3569)->(27,19,13.8569)->(27,20,14.3569)->(27,21,14.8569)->(27,22,15.3569)->(27,23,15.8569)->(27,24,16.3569)->(27,25,16.8569)->(27,26,17.3569)->(27,27,17.8748)->(27,28,18.4426)->(27,29,19.1248)->(27,30,20.4426)->(27,31,22.6569)->(26,31,24.8711)->(25,31,26.1889)->(24,31,26.8711)->(23,31,27.4389)->(22,31,27.9748)->(21,31,28.5426)->(20,31,29.2248)->(19,31,30.5426)->(18,31,5014.98)->
Agent 66:(12,14,1.3)->(12,15,2.04949)->(12,16,4.04949)->(12,17,8.0779)->(11,17,12.071)->(10,17,13.3889)->(9,17,14.071)->(8,17,14.6389)->(7,17,15.1568)->(6,17,15.6568)->(5,17,16.1568)->(4,17,16.6748)->(3,17,17.2426)->(2,17,17.9248)->(1,17,19.2426)->(0,17,5009.33)->
Agent 67:(3,27,2.2)->(3,26,3.81421)->(3,25,5.13205)->(3,24,5.81421)->(3,23,6.38205)->(3,22,6.9)->(3,21,7.4)->(3,20,7.9)->(3,19,8.4)->(3,18,8.9)->(3,17,9.4)->(3,16,9.9)->(3,15,10.4)->(3,14,10.9179)->(3,13,11.4858)->(3,12,12.1679)->(3,11,13.4858)->(3,10,15.7)->(4,10,17.9142)->(5,10,19.2481)->(6,10,20.0765)->(7,10,21.4103)->(8,10,5010.41)->
Agent 68:(14,0,2.60853)->(14,1,4.63127)->(14,2,5.94911)->(14,3,6.63127)->(14,4,7.19911)->(14,5,7.71706)->(14,6,8.21706)->(14,7,8.71706)->(14,8,9.21706)->(14,9,9.71706)->(14,10,10.2171)->(14,11,10.7171)->(14,12,11.2171)->(14,13,11.7171)->(14,14,12.2171)->(14,15,12.7171)->(14,16,13.2171)->(14,17,13.7171)->(14,18,14.235)->(14,19,14.8028)->(14,20,15.485)->(14,21,16.8028)->(14,22,19.0171)->(13,22,21.2313)->(12,22,22.5491)->(11,22,23.2313)->(10,22,23.7991)->(9,22,24.3171)->(8,22,24.835)->(7,22,25.4028)->(6,22,26.085)->(5,22,27.4028)->(4,22,5013.41)->
Agent 69:(3,16,2.4142)->(4,16,4.24261)->(5,16,5.56045)->(6,16,6.24261)->(7,16,6.81045)->(8,16,7.3284)->(9,16,7.84635)->(10,16,8.41419)->(11,16,9.09635)->(12,16,10.4142)->(13,16,12.6284)->(13,15,14.8426)->(13,14,16.1765)->(13,13,17.0049)->(13,12,18.3387)->(13,11,5008.88)->
