Agent 0:(11,17,2.21421)->(12,17,4.81421)->(12,18,7.44264)->(12,19,8.76048)->(12,20,9.44264)->(12,21,10.0105)->(12,22,10.5284)->(12,23,11.0464)->(12,24,11.6142)->(12,25,12.2964)->(12,26,13.6142)->(12,27,16.5822)->(13,27,19.5501)->(14,27,20.8679)->(15,27,21.5501)->(16,27,22.1179)->(17,27,22.6359)->(18,27,23.1359)->(19,27,23.6359)->(20,27,24.1359)->(21,27,24.6359)->(22,27,25.1359)->(23,27,25.6359)->(24,27,26.1359)->(25,27,26.6359)->(26,27,27.1538)->(27,27,27.7217)->(28,27,28.4038)->(29,27,29.7217)->(30,27,32.3501)->(30,28,5016.37)->
Agent 1:(26,29,1.8)->(25,29,3.01421)->(24,29,4.33205)->(23,29,5.01421)->(22,29,5.58205)->(21,29,6.1)->(20,29,6.6)->(19,29,7.1)->(18,29,7.6)->(17,29,8.1)->(16,29,8.6)->(15,29,9.1)->(14,29,9.6)->(13,29,10.1)->(12,29,10.6)->(11,29,11.1)->(10,29,11.6)->(9,29,12.1179)->(8,29,12.6858)->(7,29,13.3679)->(6,29,14.6858)->(5,29,16.9)->(5,28,19.1142)->(5,27,20.4321)->(5,26,21.1142)->(5,25,21.6821)->(5,24,22.2)->(5,23,22.7)->(5,22,23.2)->(5,21,23.7)->(5,20,24.2)->(5,19,24.7)->(5,18,25.2)->(5,17,25.7)->(5,16,26.2)->(5,15,26.7)->(5,14,27.2)->(5,13,27.7)->(5,12,28.2)->(5,11,28.7)->(5,10,29.2)->(5,9,29.7)->(5,8,30.2)->(5,7,30.7179)->(5,6,31.2858)->(5,5,31.9679)->(5,4,33.2858)->(5,3,35.5)->(4,3,37.7495)->(3,3,39.7495)->(2,3,5019.6)->
Agent 2:(4,6,1.3)->(4,7,2.01421)->(4,8,3.42843)->(4,9,4.84264)->(4,10,10.3284)->(5,10,15.8142)->(6,10,17.1321)->(7,10,17.8142)->(8,10,18.3821)->(9,10,18.9)->(10,10,19.4)->(11,10,19.9)->(12,10,20.4)->(13,10,20.9)->(14,10,21.4)->(15,10,21.9)->(16,10,22.4)->(17,10,22.9179)->(18,10,23.4858)->(19,10,24.1679)->(20,10,25.4858)->(21,10,5012.45)->
Agent 3:(7,11,1.8)->(6,11,3.01421)->(5,11,4.33205)->(4,11,5.0641)->(3,11,5.79615)->(2,11,7.11399)->(1,11,9.3282)->(1,12,11.5424)->(1,13,12.8603)->(1,14,13.5923)->(1,15,14.3244)->(1,16,15.6422)->(1,17,5007.53)->
Agent 4:(17,21,3.08205)->(17,20,5.57832)->(17,19,6.89615)->(17,18,7.6282)->(17,17,8.36025)->(17,16,9.67809)->(17,15,11.8923)->(16,15,14.1065)->(15,15,15.4244)->(14,15,16.1065)->(13,15,16.6744)->(12,15,17.1923)->(11,15,17.6923)->(10,15,18.1923)->(9,15,18.6923)->(8,15,19.1923)->(7,15,19.6923)->(6,15,20.1923)->(5,15,20.6923)->(4,15,21.2103)->(3,15,21.7781)->(2,15,22.4603)->(1,15,23.7781)->(0,15,5011.6)->
Agent 5:(23,15,2.4142)->(22,15,4.24261)->(21,15,5.65683)->(20,15,7.07104)->(19,15,9.28525)->(19,16,11.4995)->(19,17,12.8173)->(19,18,13.5494)->(19,19,14.2814)->(19,20,15.5992)->(19,21,17.8135)->(18,21,20.0277)->(17,21,21.3455)->(16,21,22.0277)->(15,21,22.5955)->(14,21,23.1135)->(13,21,23.6135)->(12,21,24.1314)->(11,21,24.6992)->(10,21,25.3814)->(9,21,26.6992)->(8,21,29.3277)->(8,22,5014.86)->
Agent 6:(17,30,1.8)->(16,30,3.01421)->(15,30,4.33205)->(14,30,5.01421)->(13,30,5.58205)->(12,30,6.1)->(11,30,6.6)->(10,30,7.1)->(9,30,7.6)->(8,30,8.11795)->(7,30,8.68579)->(6,30,9.36795)->(5,30,10.6858)->(4,30,12.9)->(4,29,15.1142)->(4,28,16.4321)->(4,27,17.1142)->(4,26,17.6821)->(4,25,18.2)->(4,24,18.7)->(4,23,19.2)->(4,22,19.7)->(4,21,20.2)->(4,20,20.7)->(4,19,21.2)->(4,18,21.7)->(4,17,22.2)->(4,16,22.7)->(4,15,23.2)->(4,14,23.7)->(4,13,24.2)->(4,12,24.7179)->(4,11,25.2858)->(4,10,25.9679)->(4,9,27.2858)->(4,8,5013.35)->
Agent 7:(14,1,2.61421)->(14,0,5.61421)->(15,0,8.24264)->(16,0,9.56048)->(17,0,10.2426)->(18,0,10.8105)->(19,0,11.3284)->(20,0,11.8284)->(21,0,12.3284)->(22,0,12.8284)->(23,0,13.3284)->(24,0,13.8284)->(25,0,14.3284)->(26,0,14.8284)->(27,0,15.3464)->(28,0,15.9142)->(29,0,16.5964)->(30,0,17.9142)->(31,0,5008.66)->
Agent 8:(31,29,1.8)->(30,29,3.01421)->(29,29,4.34806)->(28,29,5.17649)->(27,29,6.51034)->(26,29,8.72456)->(26,28,10.9388)->(26,27,12.2726)->(26,26,13.101)->(26,25,14.4349)->(26,24,16.6491)->(25,24,18.8633)->(24,24,20.1812)->(23,24,20.8633)->(22,24,21.4312)->(21,24,21.9491)->(20,24,22.4491)->(19,24,22.9491)->(18,24,23.4491)->(17,24,23.9491)->(16,24,24.4491)->(15,24,24.9491)->(14,24,25.4671)->(13,24,26.0349)->(12,24,26.7171)->(11,24,28.0349)->(10,24,5013.72)->
Agent 9:(25,16,2.45)->(25,15,4.31421)->(25,14,5.63205)->(25,13,6.31421)->(25,12,6.88205)->(25,11,7.4)->(25,10,7.9)->(25,9,8.41795)->(25,8,8.98579)->(25,7,9.66795)->(25,6,10.9858)->(25,5,13.2)->(26,5,15.4495)->(27,5,17.4495)->(28,5,5008.45)->
Agent 10:(31,19,1.71421)->(31,20,5.29999)->(30,20,9.41419)->(29,20,10.732)->(28,20,11.4641)->(27,20,12.1961)->(26,20,13.514)->(25,20,20.3525)->(25,21,27.7769)->(25,22,5013.89)->
Agent 11:(29,26,2.61421)->(29,25,16.7679)->(29,26,30.5501)->(29,27,31.8679)->(29,28,32.6)->(29,29,33.3321)->(29,30,34.6499)->(29,31,5017.03)->
Agent 12:(7,25,3.86601)->(8,25,7.14624)->(9,25,8.46408)->(10,25,9.15585)->(11,25,9.79152)->(12,25,10.4833)->(13,25,11.8011)->(14,25,14.0153)->(14,24,16.2296)->(14,23,17.5474)->(14,22,18.2296)->(14,21,18.8153)->(14,20,19.4011)->(14,19,20.0833)->(14,18,21.4011)->(14,17,5010.41)->
Agent 13:(28,10,1.3)->(28,11,2.01421)->(28,12,3.33205)->(28,13,4.01421)->(28,14,4.58205)->(28,15,5.1)->(28,16,5.6)->(28,17,6.1)->(28,18,6.6)->(28,19,7.1)->(28,20,7.6)->(28,21,8.1)->(28,22,8.6)->(28,23,9.1)->(28,24,9.6)->(28,25,10.1179)->(28,26,10.6858)->(28,27,11.3679)->(28,28,12.6858)->(28,29,14.9)->(27,29,17.1142)->(26,29,18.4321)->(25,29,19.1641)->(24,29,19.8962)->(23,29,21.214)->(22,29,23.4282)->(22,28,25.6424)->(22,27,26.9603)->(22,26,27.6424)->(22,25,28.2103)->(22,24,28.7282)->(22,23,29.2282)->(22,22,29.7282)->(22,21,30.2282)->(22,20,30.7282)->(22,19,31.2282)->(22,18,31.7282)->(22,17,32.2462)->(22,16,32.814)->(22,15,33.4962)->(22,14,34.814)->(22,13,37.0282)->(21,13,39.2424)->(20,13,40.5603)->(19,13,41.2424)->(18,13,41.8103)->(17,13,42.3282)->(16,13,42.8282)->(15,13,43.3282)->(14,13,43.8282)->(13,13,44.3282)->(12,13,44.8282)->(11,13,45.3282)->(10,13,45.8282)->(9,13,46.3282)->(8,13,46.8282)->(7,13,47.3282)->(6,13,47.8282)->(5,13,48.3462)->(4,13,48.914)->(3,13,49.5962)->(2,13,50.914)->(1,13,5025.16)->
Agent 14:(4,10,1.3)->(4,11,2.01421)->(4,12,3.33205)->(4,13,4.01421)->(4,14,4.58205)->(4,15,5.1)->(4,16,5.6)->(4,17,6.1)->(4,18,6.6)->(4,19,7.1)->(4,20,7.6)->(4,21,8.1)->(4,22,8.61795)->(4,23,9.18579)->(4,24,9.86795)->(4,25,11.1858)->(4,26,13.4)->(5,26,15.6142)->(6,26,16.9321)->(7,26,17.6142)->(8,26,18.1821)->(9,26,18.7)->(10,26,19.2)->(11,26,19.7)->(12,26,20.2)->(13,26,20.7)->(14,26,21.2)->(15,26,21.7179)->(16,26,22.2858)->(17,26,22.9679)->(18,26,24.2858)->(19,26,26.5)->(19,27,28.7495)->(19,28,30.7495)->(19,29,5015.1)->
Agent 15:(22,15,1.3)->(22,16,2.6)->(22,17,5.4)->(21,17,7.61421)->(20,17,8.93205)->(19,17,9.61421)->(18,17,10.1821)->(17,17,10.7)->(16,17,11.2)->(15,17,11.7)->(14,17,12.2)->(13,17,12.7)->(12,17,13.2179)->(11,17,13.7858)->(10,17,14.4679)->(9,17,15.7858)->(8,17,18.6443)->(8,16,21.5029)->(8,15,22.8207)->(8,14,23.5029)->(8,13,24.0707)->(8,12,24.5887)->(8,11,25.1066)->(8,10,25.6744)->(8,9,26.3566)->(8,8,27.6744)->(8,7,5013.54)->
Agent 16:(31,31,2.2)->(31,30,3.81421)->(31,29,5.14806)->(31,28,5.97649)->(31,27,7.31034)->(31,26,15.4764)->(30,26,23.6424)->(29,26,24.9603)->(28,26,25.6424)->(27,26,26.2103)->(26,26,26.7282)->(25,26,27.2282)->(24,26,27.7282)->(23,26,28.2462)->(22,26,28.814)->(21,26,29.4962)->(20,26,30.814)->(19,26,5015.11)->
Agent 17:(15,26,2.13579)->(16,26,3.68579)->(17,26,5.00362)->(18,26,5.68579)->(19,26,6.25362)->(20,26,6.77157)->(21,26,7.28952)->(22,26,7.85736)->(23,26,8.53952)->(24,26,9.85736)->(25,26,15.8819)->(25,25,22.4923)->(25,24,5011.25)->
Agent 18:(24,21,1.8)->(23,21,3.01421)->(22,21,4.42843)->(21,21,5.84264)->(20,21,8.05685)->(20,20,10.2711)->(20,19,11.5889)->(20,18,12.2711)->(20,17,12.8389)->(20,16,13.3569)->(20,15,13.8569)->(20,14,14.3569)->(20,13,14.8569)->(20,12,15.3569)->(20,11,15.8569)->(20,10,16.3569)->(20,9,16.8569)->(20,8,17.3569)->(20,7,17.8569)->(20,6,18.3569)->(20,5,18.8569)->(20,4,19.3748)->(20,3,19.9426)->(20,2,20.6248)->(20,1,21.9426)->(20,0,24.1569)->(19,0,26.9569)->(18,0,31.1265)->(18,1,35.2961)->(18,2,5017.65)->
Agent 19:(18,6,2.78579)->(19,6,4.98579)->(20,6,6.30362)->(21,6,6.98579)->(22,6,7.55362)->(23,6,8.07157)->(24,6,8.57157)->(25,6,9.07157)->(26,6,9.57157)->(27,6,10.0895)->(28,6,10.6574)->(29,6,11.3395)->(30,6,12.6574)->(31,6,14.8716)->(31,7,17.0858)->(31,8,18.4036)->(31,9,19.0858)->(31,10,19.6536)->(31,11,20.1716)->(31,12,20.6716)->(31,13,21.1716)->(31,14,21.6716)->(31,15,22.1716)->(31,16,22.6716)->(31,17,23.1716)->(31,18,23.6716)->(31,19,24.1895)->(31,20,24.7574)->(31,21,25.4395)->(31,22,26.7574)->(31,23,5013.09)->
Agent 20:(19,6,1.3)->(19,7,2.6)->(19,8,5.4)->(20,8,7.61421)->(21,8,8.93205)->(22,8,9.61421)->(23,8,10.1821)->(24,8,10.7)->(25,8,11.2179)->(26,8,11.7858)->(27,8,12.4679)->(28,8,13.7858)->(29,8,5006.6)->
Agent 21:(11,21,1.8)->(12,21,3.01421)->(13,21,4.42843)->(14,21,5.84264)->(15,21,9.05685)->(15,22,12.2711)->(15,23,13.5889)->(15,24,14.2711)->(15,25,14.8569)->(15,26,15.4426)->(15,27,16.1248)->(15,28,17.4426)->(15,29,20.2284)->(16,29,23.0142)->(17,29,24.3321)->(18,29,25.0641)->(19,29,25.7962)->(20,29,27.114)->(21,29,5013.26)->
Agent 22:(10,3,1.8)->(11,3,3.01421)->(12,3,4.33205)->(13,3,5.01421)->(14,3,5.58205)->(15,3,6.1)->(16,3,6.6)->(17,3,7.1)->(18,3,7.6)->(19,3,8.11795)->(20,3,8.68579)->(21,3,9.36795)->(22,3,10.6858)->(23,3,15.7)->(23,4,20.7142)->(23,5,22.0481)->(23,6,22.8765)->(23,7,24.2103)->(23,8,5011.81)->
Agent 23:(28,9,2.4142)->(28,10,4.24261)->(28,11,5.56045)->(28,12,6.24261)->(28,13,6.81045)->(28,14,7.3284)->(28,15,7.8284)->(28,16,8.3284)->(28,17,8.8284)->(28,18,9.3284)->(28,19,9.8284)->(28,20,10.3284)->(28,21,10.8284)->(28,22,11.3284)->(28,23,11.8284)->(28,24,12.3463)->(28,25,12.9142)->(28,26,13.5963)->(28,27,14.9142)->(28,28,17.1284)->(27,28,19.3426)->(26,28,20.6605)->(25,28,21.3426)->(24,28,21.9105)->(23,28,22.4284)->(22,28,22.9284)->(21,28,23.4284)->(20,28,23.9284)->(19,28,24.4284)->(18,28,24.9284)->(17,28,25.4284)->(16,28,25.9284)->(15,28,26.4463)->(14,28,27.0142)->(13,28,27.6963)->(12,28,29.0142)->(11,28,31.2284)->(11,29,34.0284)->(11,30,5017.01)->
Agent 24:(2,9,2.4142)->(1,9,4.8284)->(0,9,7.6284)->(0,10,9.84261)->(0,11,11.1605)->(0,12,11.8522)->(0,13,12.4879)->(0,14,13.1797)->(0,15,14.4975)->(0,16,16.7117)->(1,16,18.9259)->(2,16,20.2438)->(3,16,20.9259)->(4,16,21.4938)->(5,16,22.0117)->(6,16,22.5117)->(7,16,23.0117)->(8,16,23.5117)->(9,16,24.0297)->(10,16,24.5975)->(11,16,25.2797)->(12,16,26.5975)->(13,16,5013.01)->
Agent 25:(2,12,1.71421)->(2,13,6.33579)->(3,13,11.4858)->(4,13,12.8036)->(5,13,13.4858)->(6,13,14.0536)->(7,13,14.5716)->(8,13,15.0716)->(9,13,15.5716)->(10,13,16.0716)->(11,13,16.5716)->(12,13,17.0716)->(13,13,17.5716)->(14,13,18.0716)->(15,13,18.5716)->(16,13,19.0716)->(17,13,19.5716)->(18,13,20.0716)->(19,13,20.5716)->(20,13,21.0895)->(21,13,21.6574)->(22,13,22.3395)->(23,13,23.6574)->(24,13,25.8716)->(24,12,28.1211)->(24,11,30.1211)->(24,10,32.3706)->(25,10,34.5848)->(26,10,35.9186)->(27,10,36.747)->(28,10,38.0809)->(29,10,5018.75)->
Agent 26:(11,24,3.01228)->(11,23,5.43877)->(11,22,6.75661)->(11,21,7.43877)->(11,20,8.00661)->(11,19,8.52456)->(11,18,9.02456)->(11,17,9.52456)->(11,16,10.0246)->(11,15,10.5246)->(11,14,11.0246)->(11,13,11.5246)->(11,12,12.0246)->(11,11,12.5246)->(11,10,13.0246)->(11,9,13.5246)->(11,8,14.0246)->(11,7,14.5246)->(11,6,15.0246)->(11,5,15.5246)->(11,4,16.0425)->(11,3,16.6103)->(11,2,17.2925)->(11,1,18.6103)->(11,0,20.8246)->(10,0,23.0388)->(9,0,24.3566)->(8,0,25.0388)->(7,0,25.6066)->(6,0,26.1246)->(5,0,26.6246)->(4,0,27.1425)->(3,0,27.7103)->(2,0,28.3925)->(1,0,29.7103)->(0,0,5014.56)->
Agent 27:(30,7,1.8)->(29,7,3.01421)->(28,7,4.33205)->(27,7,5.01421)->(26,7,5.58205)->(25,7,6.1)->(24,7,6.6)->(23,7,7.1)->(22,7,7.6)->(21,7,8.1)->(20,7,8.6)->(19,7,9.1)->(18,7,9.6)->(17,7,10.1179)->(16,7,10.6858)->(15,7,11.3679)->(14,7,12.6858)->(13,7,16.6123)->(13,6,20.5388)->(13,5,21.8566)->(13,4,22.5887)->(13,3,23.3207)->(13,2,24.6385)->(13,1,26.8528)->(12,1,29.067)->(11,1,30.3848)->(10,1,31.067)->(9,1,31.6348)->(8,1,32.1707)->(7,1,32.7385)->(6,1,33.4207)->(5,1,34.7385)->(4,1,37.367)->(4,2,5018.88)->
Agent 28:(13,27,2.2)->(13,26,3.81421)->(13,25,5.13205)->(13,24,5.81421)->(13,23,6.38205)->(13,22,6.9)->(13,21,7.4)->(13,20,7.9)->(13,19,8.4)->(13,18,8.9)->(13,17,9.4)->(13,16,9.9)->(13,15,10.4)->(13,14,10.9)->(13,13,11.4)->(13,12,11.9179)->(13,11,12.4858)->(13,10,13.1679)->(13,9,14.4858)->(13,8,16.7)->(14,8,18.9142)->(15,8,20.3284)->(16,8,21.7426)->(17,8,24.3711)->(17,9,5012.38)->
Agent 29:(13,24,2.21421)->(14,24,5.21421)->(13,24,8.24264)->(12,24,9.65685)->(11,24,11.0711)->(10,24,13.2853)->(10,23,15.4995)->(10,22,16.8173)->(10,21,17.4995)->(10,20,18.0673)->(10,19,18.5853)->(10,18,19.0853)->(10,17,19.5853)->(10,16,20.0853)->(10,15,20.6032)->(10,14,21.1711)->(10,13,21.8532)->(10,12,23.1711)->(10,11,25.7995)->(9,11,36.5067)->(9,12,46.8282)->(9,13,5023.41)->
Agent 30:(19,25,1.3)->(19,26,2.04949)->(19,27,4.04949)->(19,28,10.4459)->(18,28,16.807)->(17,28,18.1248)->(16,28,18.807)->(15,28,19.3748)->(14,28,19.8928)->(13,28,20.3928)->(12,28,20.8928)->(11,28,21.3928)->(10,28,21.9107)->(9,28,22.4785)->(8,28,23.1607)->(7,28,24.4785)->(6,28,5011.95)->
Agent 31:(18,31,1.8)->(17,31,3.01421)->(16,31,4.42843)->(15,31,5.84264)->(14,31,8.05685)->(14,30,10.8569)->(14,29,21.0284)->(14,30,31.2)->(14,31,5015.6)->
Agent 32:(6,12,1.3)->(6,13,2.01421)->(6,14,3.42843)->(6,15,4.84264)->(6,16,8.1766)->(7,16,11.5106)->(8,16,12.8284)->(9,16,13.5106)->(10,16,14.0784)->(11,16,14.5964)->(12,16,15.0964)->(13,16,15.5964)->(14,16,16.0964)->(15,16,16.5964)->(16,16,17.0964)->(17,16,17.5964)->(18,16,18.0964)->(19,16,18.5964)->(20,16,19.1143)->(21,16,19.6821)->(22,16,20.3643)->(23,16,21.6821)->(24,16,27.2481)->(23,16,33.3998)->(22,16,5016.7)->
Agent 33:(26,20,1.8)->(25,20,3.01421)->(24,20,4.33205)->(23,20,5.01421)->(22,20,5.6)->(21,20,6.18579)->(20,20,6.86795)->(19,20,8.18579)->(18,20,10.4)->(18,19,12.6142)->(18,18,13.9321)->(18,17,14.6142)->(18,16,15.1821)->(18,15,15.7)->(18,14,16.2)->(18,13,16.7)->(18,12,17.2)->(18,11,17.7)->(18,10,18.2179)->(18,9,18.7858)->(18,8,19.4679)->(18,7,20.7858)->(18,6,23.4142)->(17,6,5011.9)->
Agent 34:(24,10,1.3)->(24,11,2.01421)->(24,12,3.33205)->(24,13,4.01421)->(24,14,4.58205)->(24,15,5.1)->(24,16,5.6)->(24,17,6.1)->(24,18,6.6)->(24,19,7.11795)->(24,20,7.68579)->(24,21,8.36795)->(24,22,9.68579)->(24,23,13.1)->(23,23,16.5142)->(22,23,17.8321)->(21,23,18.5142)->(20,23,19.0821)->(19,23,19.6)->(18,23,20.1)->(17,23,20.6)->(16,23,21.1)->(15,23,21.6)->(14,23,22.1)->(13,23,22.6179)->(12,23,23.1858)->(11,23,23.8679)->(10,23,25.1858)->(9,23,5012.3)->
Agent 35:(7,26,6.56228)->(7,25,12.5388)->(7,24,13.8566)->(7,23,14.5388)->(7,22,15.1066)->(7,21,15.6246)->(7,20,16.1246)->(7,19,16.6246)->(7,18,17.1246)->(7,17,17.6246)->(7,16,18.1246)->(7,15,18.6246)->(7,14,19.1246)->(7,13,19.6246)->(7,12,20.1246)->(7,11,20.6246)->(7,10,21.1246)->(7,9,21.6246)->(7,8,22.1246)->(7,7,22.6246)->(7,6,23.1246)->(7,5,23.6246)->(7,4,24.1425)->(7,3,24.7103)->(7,2,25.3925)->(7,1,26.7103)->(7,0,28.9246)->(8,0,31.7246)->(9,0,5015.86)->
Agent 36:(20,19,1.8)->(21,19,3.01421)->(22,19,4.33205)->(23,19,5.02382)->(24,19,5.65949)->(25,19,6.35126)->(26,19,7.6691)->(27,19,18.3948)->(27,20,29.1559)->(27,21,31.1559)->(27,22,5015.3)->
Agent 37:(4,5,2.4142)->(4,6,4.24261)->(4,7,5.65683)->(4,8,7.07104)->(4,9,11.6926)->(5,9,16.3142)->(6,9,17.6321)->(7,9,18.3142)->(8,9,18.9)->(9,9,19.4858)->(10,9,20.1679)->(11,9,21.4858)->(12,9,24.777)->(12,10,28.1035)->(12,11,30.1035)->(12,12,5014.78)->
Agent 38:(23,23,4.33205)->(23,22,8.07832)->(23,21,9.39615)->(23,20,10.0783)->(23,19,10.6462)->(23,18,11.1641)->(23,17,11.6641)->(23,16,12.1821)->(23,15,12.7499)->(23,14,13.4321)->(23,13,14.7499)->(23,12,18.8585)->(22,12,22.9672)->(21,12,24.285)->(20,12,24.9672)->(19,12,25.535)->(18,12,26.053)->(17,12,26.553)->(16,12,27.053)->(15,12,27.553)->(14,12,28.053)->(13,12,28.553)->(12,12,29.053)->(11,12,29.5709)->(10,12,30.1388)->(9,12,30.8209)->(8,12,32.1388)->(7,12,40.1906)->(8,12,48.8282)->(9,12,5024.41)->
Agent 39:(20,26,3.13579)->(20,27,5.68579)->(20,28,7.1)->(20,29,8.51421)->(20,30,10.7284)->(21,30,12.9426)->(22,30,14.3569)->(23,30,15.7711)->(24,30,5007.59)->
Agent 40:(10,25,4.28023)->(10,24,7.97467)->(10,23,9.2925)->(10,22,9.97467)->(10,21,10.5425)->(10,20,11.0605)->(10,19,11.5605)->(10,18,12.0605)->(10,17,12.5605)->(10,16,13.0605)->(10,15,13.5605)->(10,14,14.0605)->(10,13,14.5605)->(10,12,15.0605)->(10,11,15.5605)->(10,10,16.0605)->(10,9,16.5605)->(10,8,17.0605)->(10,7,17.5605)->(10,6,18.0784)->(10,5,18.6462)->(10,4,19.3284)->(10,3,20.6462)->(10,2,22.8605)->(11,2,25.0747)->(12,2,26.3925)->(13,2,27.0747)->(14,2,27.6425)->(15,2,28.1605)->(16,2,28.6605)->(17,2,29.1605)->(18,2,29.6605)->(19,2,30.1605)->(20,2,30.6605)->(21,2,31.1605)->(22,2,31.6605)->(23,2,32.1605)->(24,2,32.6605)->(25,2,33.1605)->(26,2,33.6784)->(27,2,34.2462)->(28,2,34.9284)->(29,2,36.2462)->(30,2,38.8747)->(30,1,5019.63)->
Agent 41:(8,12,2.8)->(8,11,5.04949)->(8,10,7.04949)->(8,9,12.0995)->(9,9,17.1142)->(10,9,18.4321)->(11,9,19.1142)->(12,9,19.6821)->(13,9,20.2)->(14,9,20.7)->(15,9,21.2)->(16,9,21.7)->(17,9,22.2)->(18,9,22.7)->(19,9,23.2179)->(20,9,23.7858)->(21,9,24.4679)->(22,9,25.7858)->(23,9,5012.6)->
Agent 42:(22,23,3.91784)->(22,22,7.24989)->(22,21,8.56773)->(22,20,9.24989)->(22,19,9.81773)->(22,18,10.3536)->(22,17,10.9215)->(22,16,11.6036)->(22,15,12.9215)->(22,14,16.0127)->(23,14,19.1392)->(24,14,21.1392)->(25,14,5010.29)->
Agent 43:(26,8,2.04166)->(26,9,3.49753)->(26,10,4.81537)->(26,11,5.49753)->(26,12,6.06537)->(26,13,6.58331)->(26,14,7.08331)->(26,15,7.58331)->(26,16,8.08331)->(26,17,8.58331)->(26,18,9.08331)->(26,19,9.60126)->(26,20,10.1691)->(26,21,10.8513)->(26,22,12.1691)->(26,23,14.3833)->(27,23,17.1833)->(28,23,5008.59)->
Agent 44:(8,11,1.8)->(9,11,3.01421)->(10,11,4.33205)->(11,11,5.01421)->(12,11,5.58205)->(13,11,6.1)->(14,11,6.6)->(15,11,7.1)->(16,11,7.6)->(17,11,8.1)->(18,11,8.6)->(19,11,9.1)->(20,11,9.6)->(21,11,10.1179)->(22,11,10.6858)->(23,11,11.3679)->(24,11,12.6858)->(25,11,14.9)->(25,10,17.1142)->(25,9,18.5284)->(25,8,19.9426)->(25,7,22.5711)->(24,7,5011.48)->
Agent 45:(20,6,2.2)->(20,5,3.81421)->(20,4,5.22843)->(20,3,6.64264)->(20,2,8.85685)->(19,2,11.0711)->(18,2,12.4049)->(17,2,13.2333)->(16,2,14.5672)->(15,2,17.1956)->(15,1,24.1888)->(15,2,30.7961)->(15,3,5015.4)->
Agent 46:(18,25,5.85)->(18,24,11.1142)->(18,23,12.4321)->(18,22,13.1142)->(18,21,13.6821)->(18,20,14.2)->(18,19,14.7)->(18,18,15.2)->(18,17,15.7)->(18,16,16.2)->(18,15,16.7)->(18,14,17.2)->(18,13,17.7)->(18,12,18.2179)->(18,11,18.7858)->(18,10,19.4679)->(18,9,20.7858)->(18,8,23)->(19,8,25.2495)->(20,8,27.2495)->(21,8,5013.35)->
Agent 47:(3,22,2.2)->(3,21,3.81421)->(3,20,5.13205)->(3,19,5.81421)->(3,18,6.38205)->(3,17,6.9)->(3,16,7.4)->(3,15,7.9)->(3,14,8.4)->(3,13,8.9)->(3,12,9.4)->(3,11,9.9)->(3,10,10.4)->(3,9,10.9)->(3,8,11.4)->(3,7,11.9)->(3,6,12.4179)->(3,5,12.9858)->(3,4,13.6679)->(3,3,14.9858)->(3,2,20.8481)->(4,2,26.7103)->(5,2,28.0282)->(6,2,28.7103)->(7,2,29.2782)->(8,2,29.7961)->(9,2,30.2961)->(10,2,30.7961)->(11,2,31.2961)->(12,2,31.7961)->(13,2,32.2961)->(14,2,32.7961)->(15,2,33.2961)->(16,2,33.7961)->(17,2,34.2961)->(18,2,34.7961)->(19,2,35.2961)->(20,2,35.7961)->(21,2,36.2961)->(22,2,36.7961)->(23,2,37.2961)->(24,2,37.7961)->(25,2,38.3141)->(26,2,38.8819)->(27,2,39.5641)->(28,2,40.8819)->(29,2,5020.15)->
Agent 48:(1,26,2.2)->(1,25,3.81421)->(1,24,5.13205)->(1,23,5.8641)->(1,22,6.59615)->(1,21,7.91399)->(1,20,12.4668)->(2,20,17.0196)->(3,20,18.3374)->(4,20,19.0196)->(5,20,19.5874)->(6,20,20.1053)->(7,20,20.6053)->(8,20,21.1233)->(9,20,21.6911)->(10,20,22.3733)->(11,20,23.6911)->(12,20,26.3196)->(12,21,5013.35)->
Agent 49:(27,18,1.8)->(26,18,3.6)->(25,18,6.4)->(25,19,8.61421)->(25,20,9.94806)->(25,21,10.7765)->(25,22,12.1103)->(25,23,5005.76)->
Agent 50:(16,25,2.40492)->(16,24,4.22405)->(16,23,5.54189)->(16,22,6.22405)->(16,21,6.79189)->(16,20,7.30984)->(16,19,7.80984)->(16,18,8.30984)->(16,17,8.80984)->(16,16,9.30984)->(16,15,9.80984)->(16,14,10.3098)->(16,13,10.8098)->(16,12,11.3098)->(16,11,11.8098)->(16,10,12.3098)->(16,9,12.8098)->(16,8,13.3098)->(16,7,13.8098)->(16,6,14.3098)->(16,5,14.8278)->(16,4,15.3956)->(16,3,16.0778)->(16,2,17.3956)->(16,1,19.6098)->(17,1,21.8241)->(18,1,23.1419)->(19,1,23.8337)->(20,1,24.4693)->(21,1,25.1611)->(22,1,26.4789)->(23,1,5012.95)->
Agent 51:(25,18,1.8)->(24,18,3.6)->(23,18,6.4)->(23,17,8.61421)->(23,16,9.93205)->(23,15,10.6142)->(23,14,11.1821)->(23,13,11.7)->(23,12,12.2)->(23,11,12.7)->(23,10,13.2)->(23,9,13.7179)->(23,8,14.2858)->(23,7,14.9679)->(23,6,16.2858)->(23,5,18.5)->(24,5,21.3)->(25,5,5010.65)->
Agent 52:(22,3,3.5863)->(22,4,6.62208)->(22,5,8.62208)->(22,6,11.0981)->(21,6,13.5388)->(20,6,14.8566)->(19,6,15.5388)->(18,6,16.1066)->(17,6,16.6246)->(16,6,17.1246)->(15,6,17.6246)->(14,6,18.1246)->(13,6,18.6246)->(12,6,19.1246)->(11,6,19.6246)->(10,6,20.1246)->(9,6,20.6246)->(8,6,21.1246)->(7,6,21.6246)->(6,6,22.1425)->(5,6,22.7103)->(4,6,23.3925)->(3,6,24.7103)->(2,6,5012.06)->
Agent 53:(3,11,1.71421)->(3,12,4.22843)->(2,12,8.8)->(3,12,11.9858)->(4,12,13.3036)->(5,12,13.9858)->(6,12,14.5536)->(7,12,15.0716)->(8,12,15.5716)->(9,12,16.0716)->(10,12,16.5895)->(11,12,17.1574)->(12,12,17.8395)->(13,12,19.1574)->(14,12,21.7858)->(14,11,5011.09)->
Agent 54:(17,0,4.05)->(17,1,7.51421)->(17,2,8.83205)->(17,3,9.51421)->(17,4,10.0821)->(17,5,10.6)->(17,6,11.1)->(17,7,11.6)->(17,8,12.1)->(17,9,12.6)->(17,10,13.1)->(17,11,13.6)->(17,12,14.1)->(17,13,14.6)->(17,14,15.1)->(17,15,15.6)->(17,16,16.1)->(17,17,16.6)->(17,18,17.1)->(17,19,17.6)->(17,20,18.1)->(17,21,18.6)->(17,22,19.1)->(17,23,19.6)->(17,24,20.1)->(17,25,20.6)->(17,26,21.1)->(17,27,21.6179)->(17,28,22.1858)->(17,29,22.8679)->(17,30,24.1858)->(17,31,26.4)->(16,31,28.6142)->(15,31,29.9321)->(14,31,30.6142)->(13,31,31.1821)->(12,31,31.7)->(11,31,32.2)->(10,31,32.7179)->(9,31,33.2858)->(8,31,33.9679)->(7,31,35.2858)->(6,31,5017.35)->
Agent 55:(5,29,2.2)->(5,28,3.81421)->(5,27,5.13205)->(5,26,5.81421)->(5,25,6.38205)->(5,24,6.9)->(5,23,7.4)->(5,22,7.9)->(5,21,8.4)->(5,20,8.9)->(5,19,9.4)->(5,18,9.9)->(5,17,10.4)->(5,16,10.9)->(5,15,11.4)->(5,14,11.9)->(5,13,12.4)->(5,12,12.9)->(5,11,13.4)->(5,10,13.9)->(5,9,14.4)->(5,8,14.9)->(5,7,15.4179)->(5,6,15.9858)->(5,5,16.6679)->(5,4,17.9858)->(5,3,21.3481)->(6,3,24.7103)->(7,3,26.0282)->(8,3,26.7103)->(9,3,27.2782)->(10,3,27.7961)->(11,3,28.2961)->(12,3,28.7961)->(13,3,29.2961)->(14,3,29.7961)->(15,3,30.2961)->(16,3,30.7961)->(17,3,31.2961)->(18,3,31.7961)->(19,3,32.2961)->(20,3,32.7961)->(21,3,33.2961)->(22,3,33.8141)->(23,3,34.3819)->(24,3,35.0641)->(25,3,36.3819)->(26,3,5017.9)->
Agent 56:(17,1,1.3)->(17,2,2.01421)->(17,3,3.34806)->(17,4,4.17649)->(17,5,5.51034)->(17,6,7.72456)->(16,6,9.93877)->(15,6,11.2566)->(14,6,11.9388)->(13,6,12.5246)->(12,6,13.1103)->(11,6,13.7925)->(10,6,15.1103)->(9,6,17.3246)->(9,7,19.5388)->(9,8,20.8566)->(9,9,21.5388)->(9,10,22.1066)->(9,11,22.6246)->(9,12,23.1425)->(9,13,23.7103)->(9,14,24.3925)->(9,15,25.7103)->(9,16,5012.56)->
Agent 57:(8,21,3.56279)->(9,21,6.57507)->(10,21,8.57507)->(11,21,10.8246)->(11,20,13.0388)->(11,19,14.3566)->(11,18,15.0388)->(11,17,15.6066)->(11,16,16.1246)->(11,15,16.6425)->(11,14,17.2103)->(11,13,17.8925)->(11,12,19.2103)->(11,11,32.2264)->(11,12,45.8282)->(11,13,5022.91)->
Agent 58:(16,18,3.08205)->(17,18,5.57832)->(18,18,6.89615)->(19,18,7.57832)->(20,18,8.14615)->(21,18,8.68205)->(22,18,9.24989)->(23,18,9.93205)->(24,18,11.2499)->(25,18,13.4641)->(25,17,15.6783)->(25,16,17.0122)->(25,15,17.8406)->(25,14,19.1744)->(25,13,21.3887)->(26,13,24.1887)->(27,13,5012.09)->
Agent 59:(21,7,2.2)->(21,6,4.4)->(21,5,7.2)->(20,5,10)->(19,5,5005)->
Agent 60:(0,28,2.2)->(0,27,3.81421)->(0,26,5.13205)->(0,25,5.8641)->(0,24,6.59615)->(0,23,7.91399)->(0,22,10.9668)->(1,22,14.0196)->(2,22,15.3374)->(3,22,16.0196)->(4,22,16.5874)->(5,22,17.1053)->(6,22,17.6053)->(7,22,18.1053)->(8,22,18.6053)->(9,22,19.1053)->(10,22,19.6053)->(11,22,20.1053)->(12,22,20.6053)->(13,22,21.1053)->(14,22,21.6053)->(15,22,22.1053)->(16,22,22.6053)->(17,22,23.1053)->(18,22,23.6053)->(19,22,24.1053)->(20,22,24.6053)->(21,22,25.1053)->(22,22,25.6053)->(23,22,26.1053)->(24,22,26.6233)->(25,22,27.1911)->(26,22,27.8733)->(27,22,29.1911)->(28,22,5014.3)->
Agent 61:(29,5,2.23204)->(29,6,3.87829)->(29,7,5.19613)->(29,8,5.87829)->(29,9,6.44613)->(29,10,6.96407)->(29,11,7.46407)->(29,12,7.96407)->(29,13,8.46407)->(29,14,8.96407)->(29,15,9.46407)->(29,16,9.96407)->(29,17,10.4641)->(29,18,10.9641)->(29,19,11.4641)->(29,20,11.982)->(29,21,12.5499)->(29,22,13.232)->(29,23,14.5499)->(29,24,16.7641)->(28,24,18.9783)->(27,24,20.2961)->(26,24,21.0282)->(25,24,21.7602)->(24,24,23.0781)->(23,24,5011.25)->
Agent 62:(1,9,1.3)->(1,10,2.01421)->(1,11,3.33205)->(1,12,4.01421)->(1,13,4.58205)->(1,14,5.1)->(1,15,5.61795)->(1,16,6.18579)->(1,17,6.86795)->(1,18,8.18579)->(1,19,14.2005)->(2,19,20.2505)->(3,19,22.2505)->(4,19,5010.85)->
Agent 63:(13,8,1.3)->(13,9,2.6)->(13,10,5.65)->(14,10,8.11421)->(15,10,9.43205)->(16,10,10.1142)->(17,10,10.6821)->(18,10,11.2)->(19,10,11.7179)->(20,10,12.2858)->(21,10,12.9679)->(22,10,14.2858)->(23,10,5006.85)->
Agent 64:(11,22,1.8)->(12,22,3.01421)->(13,22,4.42843)->(14,22,5.84264)->(15,22,8.05685)->(15,23,10.2711)->(15,24,11.5889)->(15,25,12.2711)->(15,26,12.8389)->(15,27,13.3748)->(15,28,13.9426)->(15,29,14.6248)->(15,30,15.9426)->(15,31,18.1569)->(16,31,20.3711)->(17,31,21.6889)->(18,31,22.3711)->(19,31,22.9389)->(20,31,23.4569)->(21,31,23.9569)->(22,31,24.4569)->(23,31,24.9569)->(24,31,25.4569)->(25,31,25.9569)->(26,31,26.4748)->(27,31,27.0426)->(28,31,27.7248)->(29,31,29.0426)->(30,31,5014.23)->
Agent 65:(21,1,1.8)->(20,1,3.01421)->(19,1,4.33205)->(18,1,5.01421)->(17,1,5.58205)->(16,1,6.1)->(15,1,6.6)->(14,1,7.1)->(13,1,7.6)->(12,1,8.1)->(11,1,8.6)->(10,1,9.1)->(9,1,9.6)->(8,1,10.1)->(7,1,10.6)->(6,1,11.1)->(5,1,11.6179)->(4,1,12.1858)->(3,1,12.8679)->(2,1,14.1858)->(1,1,16.4)->(1,2,18.6142)->(1,3,20.0284)->(1,4,21.4426)->(1,5,5010.43)->
Agent 66:(2,0,1.3)->(2,1,2.01421)->(2,2,3.33205)->(2,3,4.01421)->(2,4,4.58205)->(2,5,5.1)->(2,6,5.61795)->(2,7,6.18579)->(2,8,6.86795)->(2,9,8.18579)->(2,10,13.6027)->(3,10,19.0196)->(4,10,20.3374)->(5,10,21.0292)->(6,10,21.6648)->(7,10,22.3566)->(8,10,23.6744)->(9,10,5011.54)->
Agent 67:(29,3,2.23204)->(29,4,3.87829)->(29,5,5.19613)->(29,6,5.87829)->(29,7,6.44613)->(29,8,6.96407)->(29,9,7.46407)->(29,10,7.96407)->(29,11,8.46407)->(29,12,8.96407)->(29,13,9.46407)->(29,14,9.96407)->(29,15,10.4641)->(29,16,10.982)->(29,17,11.5499)->(29,18,12.232)->(29,19,13.5499)->(29,20,21.7847)->(28,20,30.0196)->(27,20,31.3374)->(26,20,32.0196)->(25,20,32.5874)->(24,20,33.1233)->(23,20,33.6911)->(22,20,34.3733)->(21,20,35.6911)->(20,20,5017.55)->
Agent 68:(7,24,2.2)->(7,23,3.81421)->(7,22,5.13205)->(7,21,5.81421)->(7,20,6.38205)->(7,19,6.9)->(7,18,7.4)->(7,17,7.9)->(7,16,8.4)->(7,15,8.9)->(7,14,9.4)->(7,13,9.9)->(7,12,10.4)->(7,11,10.9179)->(7,10,11.4858)->(7,9,12.1679)->(7,8,13.4858)->(7,7,16.9265)->(8,7,20.3672)->(9,7,21.685)->(10,7,22.3672)->(11,7,22.935)->(12,7,23.453)->(13,7,23.953)->(14,7,24.453)->(15,7,24.953)->(16,7,25.453)->(17,7,25.953)->(18,7,26.453)->(19,7,26.9709)->(20,7,27.5388)->(21,7,28.2209)->(22,7,29.5388)->(23,7,5014.48)->
Agent 69:(2,30,5.05267)->(2,29,9.51956)->(2,28,10.8374)->(2,27,11.5196)->(2,26,12.0874)->(2,25,12.6053)->(2,24,13.1053)->(2,23,13.6053)->(2,22,14.1053)->(2,21,14.6053)->(2,20,15.1053)->(2,19,15.6053)->(2,18,16.1053)->(2,17,16.6053)->(2,16,17.1053)->(2,15,17.6053)->(2,14,18.1053)->(2,13,18.6053)->(2,12,19.1053)->(2,11,19.6053)->(2,10,20.1053)->(2,9,20.6053)->(2,8,21.1053)->(2,7,21.6053)->(2,6,22.1233)->(2,5,22.6911)->(2,4,23.3733)->(2,3,24.6911)->(2,2,26.9053)->(3,2,29.1196)->(4,2,30.4374)->(5,2,31.1196)->(6,2,31.7053)->(7,2,32.2911)->(8,2,32.9733)->(9,2,34.2911)->(10,2,5016.85)->
