Agent 0:(17,4,1.3)->(17,5,2.01421)->(17,6,3.42843)->(17,7,4.84264)->(17,8,7.05685)->(16,8,9.27107)->(15,8,10.5889)->(14,8,11.2711)->(13,8,11.8389)->(12,8,12.3569)->(11,8,12.8569)->(10,8,13.3569)->(9,8,13.8569)->(8,8,14.3569)->(7,8,14.8569)->(6,8,15.3748)->(5,8,15.9426)->(4,8,16.6248)->(3,8,17.9426)->(2,8,20.1569)->(2,9,22.3711)->(2,10,23.6889)->(2,11,24.3711)->(2,12,24.9389)->(2,13,25.4569)->(2,14,25.9569)->(2,15,26.4569)->(2,16,26.9569)->(2,17,27.4569)->(2,18,27.9748)->(2,19,28.5426)->(2,20,29.2248)->(2,21,30.5426)->(2,22,33.1711)->(1,22,5016.78)->
Agent 1:(12,0,1.48216)->(12,1,2.37854)->(12,2,3.69638)->(12,3,4.37854)->(12,4,4.94638)->(12,5,5.46433)->(12,6,5.96433)->(12,7,6.46433)->(12,8,6.96433)->(12,9,7.46433)->(12,10,7.96433)->(12,11,8.46433)->(12,12,8.96433)->(12,13,9.46433)->(12,14,9.96433)->(12,15,10.4823)->(12,16,11.0501)->(12,17,11.7323)->(12,18,13.0501)->(12,19,15.2643)->(13,19,17.4785)->(14,19,18.8928)->(15,19,20.307)->(16,19,24.5748)->(16,20,28.8426)->(16,21,30.1765)->(16,22,31.0049)->(16,23,32.3387)->(16,24,5015.88)->
Agent 2:(21,15,1.3)->(21,16,2.01421)->(21,17,3.33205)->(21,18,4.01421)->(21,19,4.58205)->(21,20,5.11795)->(21,21,5.68579)->(21,22,6.36795)->(21,23,7.68579)->(21,24,10.2917)->(20,24,12.8975)->(19,24,14.2154)->(18,24,14.8975)->(17,24,15.4654)->(16,24,15.9833)->(15,24,16.4833)->(14,24,16.9833)->(13,24,17.4833)->(12,24,17.9833)->(11,24,18.4833)->(10,24,18.9833)->(9,24,19.4833)->(8,24,20.0013)->(7,24,20.5691)->(6,24,21.2513)->(5,24,22.5691)->(4,24,24.7833)->(4,25,27.5833)->(4,26,5013.79)->
Agent 3:(29,4,1.3)->(29,5,2.6)->(29,6,7.13579)->(28,6,11.0858)->(27,6,12.4036)->(26,6,13.0858)->(25,6,13.6536)->(24,6,14.1716)->(23,6,14.6716)->(22,6,15.1716)->(21,6,15.6716)->(20,6,16.1716)->(19,6,16.6716)->(18,6,17.1716)->(17,6,17.6716)->(16,6,18.1716)->(15,6,18.6716)->(14,6,19.1895)->(13,6,19.7574)->(12,6,20.4395)->(11,6,21.7574)->(10,6,5010.59)->
Agent 4:(21,0,1.8)->(20,0,3.01421)->(19,0,4.33205)->(18,0,5.01421)->(17,0,5.58205)->(16,0,6.1)->(15,0,6.6)->(14,0,7.1)->(13,0,7.6)->(12,0,8.1)->(11,0,8.6)->(10,0,9.1)->(9,0,9.6)->(8,0,10.1)->(7,0,10.6)->(6,0,11.1179)->(5,0,11.6858)->(4,0,12.3679)->(3,0,13.6858)->(2,0,17.8)->(2,1,22.5)->(2,2,5011.25)->
Agent 5:(14,21,2.2)->(14,20,4.4)->(14,19,10.5464)->(15,19,16.1069)->(16,19,17.4248)->(17,19,18.1069)->(18,19,18.6748)->(19,19,19.2107)->(20,19,19.7785)->(21,19,20.4607)->(22,19,21.7785)->(23,19,27.1463)->(23,20,33.1)->(23,21,5016.55)->
Agent 6:(20,31,1.8)->(21,31,3.04949)->(22,31,5.04949)->(23,31,9.5779)->(23,30,14.071)->(23,29,15.3889)->(23,28,16.071)->(23,27,16.6389)->(23,26,17.1568)->(23,25,17.6568)->(23,24,18.1568)->(23,23,18.6568)->(23,22,19.1568)->(23,21,19.6568)->(23,20,20.1568)->(23,19,20.6748)->(23,18,21.2426)->(23,17,21.9248)->(23,16,23.2426)->(23,15,25.871)->(22,15,29.8853)->(22,16,5015.34)->
Agent 7:(12,30,1.8)->(13,30,3.01421)->(14,30,4.33205)->(15,30,5.01421)->(16,30,5.58205)->(17,30,6.1)->(18,30,6.6)->(19,30,7.1)->(20,30,7.6)->(21,30,8.1)->(22,30,8.61795)->(23,30,9.18579)->(24,30,9.86795)->(25,30,11.1858)->(26,30,14.6514)->(26,29,18.1171)->(26,28,19.4509)->(26,27,20.2793)->(26,26,21.6132)->(26,25,26.0279)->(26,26,5014.1)->
Agent 8:(27,2,1.3)->(27,3,2.04949)->(27,4,4.04949)->(27,5,9.10995)->(26,5,14.1351)->(25,5,15.453)->(24,5,16.1351)->(23,5,16.7209)->(22,5,17.3067)->(21,5,17.9889)->(20,5,19.3067)->(19,5,5009.36)->
Agent 9:(28,26,2.21421)->(27,26,4.81421)->(27,25,7.44264)->(27,24,8.77649)->(27,23,9.60492)->(27,22,10.9388)->(27,21,5005.18)->
Agent 10:(4,22,2.04806)->(5,22,4.09613)->(6,22,6.89613)->(6,21,9.11034)->(6,20,10.4282)->(6,19,11.1103)->(6,18,11.6782)->(6,17,12.2141)->(6,16,12.7819)->(6,15,13.4641)->(6,14,14.7819)->(6,13,18.2623)->(7,13,21.7426)->(8,13,23.0605)->(9,13,23.7426)->(10,13,24.3105)->(11,13,24.8284)->(12,13,25.3464)->(13,13,25.9142)->(14,13,26.5964)->(15,13,27.9142)->(16,13,30.1284)->(16,14,32.9284)->(16,15,5016.46)->
Agent 11:(31,28,1.3)->(31,29,2.04949)->(31,30,4.04949)->(31,31,7.3279)->(30,31,10.571)->(29,31,11.8889)->(28,31,12.571)->(27,31,13.1389)->(26,31,13.6568)->(25,31,14.1568)->(24,31,14.6568)->(23,31,15.1568)->(22,31,15.6568)->(21,31,16.1568)->(20,31,16.6568)->(19,31,17.1568)->(18,31,17.6568)->(17,31,18.1568)->(16,31,18.6568)->(15,31,19.1748)->(14,31,19.7426)->(13,31,20.4248)->(12,31,21.7426)->(11,31,5010.58)->
Agent 12:(0,12,1.3)->(0,13,2.01421)->(0,14,3.33205)->(0,15,4.0641)->(0,16,4.79615)->(0,17,6.11399)->(0,18,8.3282)->(1,18,10.5424)->(2,18,11.8603)->(3,18,12.5424)->(4,18,13.1103)->(5,18,13.6282)->(6,18,14.1282)->(7,18,14.6282)->(8,18,15.1282)->(9,18,15.6282)->(10,18,16.1282)->(11,18,16.6282)->(12,18,17.1282)->(13,18,17.6282)->(14,18,18.1282)->(15,18,18.6282)->(16,18,19.1282)->(17,18,19.6282)->(18,18,20.1282)->(19,18,20.6282)->(20,18,21.1282)->(21,18,21.6282)->(22,18,22.1282)->(23,18,22.6282)->(24,18,23.1282)->(25,18,23.6282)->(26,18,24.1462)->(27,18,24.714)->(28,18,25.3962)->(29,18,26.714)->(30,18,28.9282)->(30,19,31.1777)->(30,20,33.1777)->(30,21,5016.31)->
Agent 13:(2,12,1.8)->(3,12,3.6)->(4,12,8.63579)->(4,13,13.0858)->(4,14,14.4196)->(4,15,15.2481)->(4,16,16.5819)->(4,17,19.2103)->(5,17,5009.8)->
Agent 14:(0,0,1.3)->(0,1,2.01421)->(0,2,3.33205)->(0,3,4.01421)->(0,4,4.58205)->(0,5,5.1)->(0,6,5.6)->(0,7,6.1)->(0,8,6.6)->(0,9,7.1)->(0,10,7.6)->(0,11,8.1)->(0,12,8.6)->(0,13,9.1)->(0,14,9.6)->(0,15,10.1)->(0,16,10.6179)->(0,17,11.1858)->(0,18,11.8679)->(0,19,13.1858)->(0,20,15.7642)->(1,20,18.3426)->(2,20,19.6605)->(3,20,20.3426)->(4,20,20.9105)->(5,20,21.4284)->(6,20,21.9284)->(7,20,22.4284)->(8,20,22.9284)->(9,20,23.4284)->(10,20,23.9284)->(11,20,24.4284)->(12,20,24.9284)->(13,20,25.4284)->(14,20,25.9284)->(15,20,26.4284)->(16,20,26.9284)->(17,20,27.4284)->(18,20,27.9284)->(19,20,28.4284)->(20,20,28.9284)->(21,20,29.4284)->(22,20,29.9463)->(23,20,30.5142)->(24,20,31.1963)->(25,20,32.5142)->(26,20,5015.96)->
Agent 15:(7,1,1.53579)->(7,2,2.48579)->(7,3,3.80362)->(7,4,4.48579)->(7,5,5.05362)->(7,6,5.57157)->(7,7,6.07157)->(7,8,6.57157)->(7,9,7.08952)->(7,10,7.65736)->(7,11,8.33952)->(7,12,9.65736)->(7,13,11.8716)->(8,13,14.0858)->(9,13,15.4036)->(10,13,16.0858)->(11,13,16.6536)->(12,13,17.1716)->(13,13,17.6716)->(14,13,18.1716)->(15,13,18.6716)->(16,13,19.1716)->(17,13,19.6895)->(18,13,20.2574)->(19,13,20.9395)->(20,13,22.2574)->(21,13,24.4716)->(21,14,26.6858)->(21,15,28.0196)->(21,16,28.8481)->(21,17,30.1819)->(21,18,32.3961)->(22,18,34.6103)->(23,18,35.9282)->(24,18,36.6103)->(25,18,37.1961)->(26,18,37.7819)->(27,18,38.4641)->(28,18,39.7819)->(29,18,42.4103)->(29,19,5021.4)->
Agent 16:(2,22,2.2)->(2,21,3.81421)->(2,20,5.13205)->(2,19,5.81421)->(2,18,6.38205)->(2,17,6.9)->(2,16,7.4)->(2,15,7.9)->(2,14,8.4)->(2,13,8.9)->(2,12,9.4)->(2,11,9.9)->(2,10,10.4)->(2,9,10.9)->(2,8,11.4)->(2,7,11.9)->(2,6,12.4)->(2,5,12.9179)->(2,4,13.4858)->(2,3,14.1679)->(2,2,15.4858)->(2,1,17.7)->(3,1,20.5)->(4,1,28.2642)->(4,2,36.0284)->(4,3,5018.01)->
Agent 17:(20,10,1.3)->(20,11,2.01421)->(20,12,3.33205)->(20,13,4.01421)->(20,14,4.58205)->(20,15,5.1)->(20,16,5.6)->(20,17,6.1)->(20,18,6.6)->(20,19,7.11795)->(20,20,7.68579)->(20,21,8.36795)->(20,22,9.68579)->(20,23,11.9)->(19,23,14.1495)->(18,23,16.1495)->(17,23,18.399)->(17,24,20.6132)->(17,25,21.947)->(17,26,22.7755)->(17,27,24.1093)->(17,28,5011.76)->
Agent 18:(23,3,1.8)->(24,3,3.01421)->(25,3,4.42843)->(26,3,5.84264)->(27,3,11.9426)->(27,4,18.0426)->(27,5,19.3605)->(27,6,20.0426)->(27,7,20.6105)->(27,8,21.1284)->(27,9,21.6284)->(27,10,22.1464)->(27,11,22.7142)->(27,12,23.3964)->(27,13,24.7142)->(27,14,27.3426)->(28,14,5013.86)->
Agent 19:(5,12,1.82168)->(6,12,3.05758)->(7,12,4.37542)->(8,12,5.10747)->(9,12,5.83952)->(10,12,7.15736)->(11,12,10.9093)->(11,11,14.6612)->(11,10,15.9951)->(11,9,16.8235)->(11,8,18.1574)->(11,7,23.2774)->(12,7,32.2632)->(12,6,37.7858)->(12,5,39.2)->(12,4,40.6142)->(12,3,5020.01)->
Agent 20:(19,1,1.3)->(19,2,2.01421)->(19,3,3.33205)->(19,4,4.0641)->(19,5,4.79615)->(19,6,6.11399)->(19,7,9.29989)->(18,7,12.4858)->(17,7,13.8036)->(16,7,14.4858)->(15,7,15.0536)->(14,7,15.5716)->(13,7,16.0716)->(12,7,16.5716)->(11,7,17.0716)->(10,7,17.5716)->(9,7,18.0716)->(8,7,18.5716)->(7,7,19.0716)->(6,7,19.5895)->(5,7,20.1574)->(4,7,20.8395)->(3,7,22.1574)->(2,7,5010.79)->
Agent 21:(16,17,2.53579)->(15,17,4.48579)->(14,17,5.80362)->(13,17,6.48579)->(12,17,7.05362)->(11,17,7.57157)->(10,17,8.07157)->(9,17,8.57157)->(8,17,9.07157)->(7,17,9.57157)->(6,17,10.0716)->(5,17,10.5895)->(4,17,11.1574)->(3,17,11.8395)->(2,17,13.1574)->(1,17,5006.29)->
Agent 22:(5,11,1.8)->(6,11,3.01421)->(7,11,4.33205)->(8,11,5.01421)->(9,11,5.58205)->(10,11,6.1)->(11,11,6.6)->(12,11,7.1)->(13,11,7.6)->(14,11,8.1)->(15,11,8.6)->(16,11,9.1)->(17,11,9.61795)->(18,11,10.1858)->(19,11,10.8679)->(20,11,12.1858)->(21,11,14.4)->(21,10,16.6142)->(21,9,17.9321)->(21,8,18.6142)->(21,7,19.2)->(21,6,19.7858)->(21,5,20.4679)->(21,4,21.7858)->(21,3,24.5142)->(22,3,27.2426)->(23,3,28.5765)->(24,3,29.4049)->(25,3,30.7387)->(26,3,5015.08)->
Agent 23:(0,17,1.3)->(0,18,2.01421)->(0,19,3.33205)->(0,20,4.01421)->(0,21,4.58205)->(0,22,5.11795)->(0,23,5.68579)->(0,24,6.36795)->(0,25,7.68579)->(0,26,9.9)->(1,26,12.1142)->(2,26,13.4321)->(3,26,14.1142)->(4,26,14.6821)->(5,26,15.2)->(6,26,15.7)->(7,26,16.2)->(8,26,16.7)->(9,26,17.2)->(10,26,17.7)->(11,26,18.2)->(12,26,18.7)->(13,26,19.2)->(14,26,19.7)->(15,26,20.2)->(16,26,20.7)->(17,26,21.2)->(18,26,21.7)->(19,26,22.2)->(20,26,22.7)->(21,26,23.2)->(22,26,23.7)->(23,26,24.2179)->(24,26,24.7858)->(25,26,25.4679)->(26,26,26.7858)->(27,26,29)->(27,27,31.2142)->(27,28,32.5481)->(27,29,33.3765)->(27,30,34.7103)->(27,31,5017.06)->
Agent 24:(20,25,1.8)->(19,25,3.01421)->(18,25,4.33205)->(17,25,5.02382)->(16,25,5.65949)->(15,25,6.35126)->(14,25,7.6691)->(13,25,9.88331)->(13,24,12.6833)->(13,23,16.4012)->(12,23,19.5332)->(11,23,20.851)->(10,23,21.5428)->(9,23,22.1785)->(8,23,22.8703)->(7,23,24.1881)->(6,23,26.4023)->(6,22,29.2023)->(6,21,5014.6)->
Agent 25:(5,5,2.97469)->(5,6,5.3636)->(5,7,6.68143)->(5,8,7.3636)->(5,9,7.93143)->(5,10,8.44938)->(5,11,8.94938)->(5,12,9.44938)->(5,13,9.94938)->(5,14,10.4494)->(5,15,10.9494)->(5,16,11.4494)->(5,17,11.9673)->(5,18,12.5352)->(5,19,13.2173)->(5,20,14.5352)->(5,21,17.3711)->(6,21,20.2069)->(7,21,21.5248)->(8,21,22.2069)->(9,21,22.7748)->(10,21,23.2927)->(11,21,23.7927)->(12,21,24.2927)->(13,21,24.7927)->(14,21,25.2927)->(15,21,25.7927)->(16,21,26.2927)->(17,21,26.7927)->(18,21,27.2927)->(19,21,27.7927)->(20,21,28.2927)->(21,21,28.8107)->(22,21,29.3785)->(23,21,30.0607)->(24,21,31.3785)->(25,21,5015.4)->
Agent 26:(30,4,2.68215)->(30,5,4.77851)->(30,6,6.09635)->(30,7,6.77851)->(30,8,7.34635)->(30,9,7.8643)->(30,10,8.3643)->(30,11,8.8643)->(30,12,9.38225)->(30,13,9.95008)->(30,14,10.6322)->(30,15,11.9501)->(30,16,14.5963)->(29,16,17.2426)->(28,16,18.5605)->(27,16,19.2426)->(26,16,19.8105)->(25,16,20.3284)->(24,16,20.8284)->(23,16,21.3284)->(22,16,21.8284)->(21,16,22.3284)->(20,16,22.8284)->(19,16,23.3284)->(18,16,23.8284)->(17,16,24.3284)->(16,16,24.8284)->(15,16,25.3284)->(14,16,25.8284)->(13,16,26.3284)->(12,16,26.8284)->(11,16,27.3463)->(10,16,27.9142)->(9,16,28.5963)->(8,16,29.9142)->(7,16,5014.66)->
Agent 27:(12,25,8.32744)->(12,24,16.0691)->(12,23,17.3869)->(12,22,18.0691)->(12,21,18.6369)->(12,20,19.1549)->(12,19,19.6549)->(12,18,20.1549)->(12,17,20.6549)->(12,16,21.1549)->(12,15,21.6549)->(12,14,22.1549)->(12,13,22.6549)->(12,12,23.1549)->(12,11,23.6549)->(12,10,24.1549)->(12,9,24.6549)->(12,8,25.1549)->(12,7,25.6549)->(12,6,26.1728)->(12,5,26.7407)->(12,4,27.4228)->(12,3,28.7407)->(12,2,31.3691)->(11,2,5015.88)->
Agent 28:(18,11,2.21421)->(17,11,4.81421)->(17,10,8.02843)->(17,9,10.8284)->(18,9,13.0426)->(19,9,14.3605)->(20,9,15.0426)->(21,9,15.6105)->(22,9,16.1284)->(23,9,16.6284)->(24,9,17.1464)->(25,9,17.7142)->(26,9,18.3964)->(27,9,19.7142)->(28,9,21.9284)->(28,10,24.1426)->(28,11,25.4605)->(28,12,26.1426)->(28,13,26.7105)->(28,14,27.2284)->(28,15,27.7284)->(28,16,28.2284)->(28,17,28.7464)->(28,18,29.3142)->(28,19,29.9964)->(28,20,31.3142)->(28,21,5015.36)->
Agent 29:(27,0,1.8)->(26,0,3.01421)->(25,0,4.33205)->(24,0,5.01421)->(23,0,5.58205)->(22,0,6.1)->(21,0,6.6)->(20,0,7.11795)->(19,0,7.68579)->(18,0,8.36795)->(17,0,9.68579)->(16,0,14.7142)->(16,1,19.7426)->(16,2,21.0605)->(16,3,21.7426)->(16,4,22.3105)->(16,5,22.8284)->(16,6,23.3284)->(16,7,23.8284)->(16,8,24.3284)->(16,9,24.8284)->(16,10,25.3284)->(16,11,25.8284)->(16,12,26.3284)->(16,13,26.8284)->(16,14,27.3284)->(16,15,27.8464)->(16,16,28.4142)->(16,17,29.0964)->(16,18,30.4142)->(16,19,33.0426)->(17,19,5016.71)->
Agent 30:(3,14,3.79315)->(4,14,7.00051)->(5,14,8.41472)->(6,14,9.82893)->(7,14,13.8716)->(7,15,17.9495)->(7,16,19.9495)->(7,17,5009.7)->
Agent 31:(22,12,2.21421)->(23,12,5.22843)->(23,11,11.007)->(24,11,15.3997)->(25,11,16.7175)->(26,11,17.4496)->(27,11,18.1816)->(28,11,19.4995)->(29,11,21.7137)->(29,12,24.5137)->(29,13,5012.26)->
Agent 32:(11,8,2.03579)->(11,9,3.48579)->(11,10,4.80362)->(11,11,5.48579)->(11,12,6.05362)->(11,13,6.57157)->(11,14,7.07157)->(11,15,7.57157)->(11,16,8.07157)->(11,17,8.57157)->(11,18,9.07157)->(11,19,9.58952)->(11,20,10.1574)->(11,21,10.8395)->(11,22,12.1574)->(11,23,14.3716)->(10,23,16.5858)->(9,23,17.9036)->(8,23,18.6357)->(7,23,19.3677)->(6,23,20.6856)->(5,23,25.651)->(6,23,31.2023)->(7,23,5015.6)->
Agent 33:(13,12,2.2)->(13,11,3.84949)->(13,10,5.84949)->(13,9,8.09898)->(12,9,10.3132)->(11,9,11.631)->(10,9,12.3132)->(9,9,12.899)->(8,9,13.4848)->(7,9,14.1669)->(6,9,15.4848)->(5,9,5007.45)->
Agent 34:(18,19,2.2)->(18,18,3.81421)->(18,17,5.13205)->(18,16,5.81421)->(18,15,6.38205)->(18,14,6.9)->(18,13,7.4)->(18,12,7.9)->(18,11,8.4)->(18,10,8.9)->(18,9,9.4)->(18,8,9.91795)->(18,7,10.4858)->(18,6,11.1679)->(18,5,12.4858)->(18,4,14.8037)->(17,4,17.1217)->(16,4,18.4395)->(15,4,19.1217)->(14,4,19.6895)->(13,4,20.2075)->(12,4,20.7075)->(11,4,21.2075)->(10,4,21.7075)->(9,4,22.2075)->(8,4,22.7075)->(7,4,23.2075)->(6,4,23.7254)->(5,4,24.2933)->(4,4,24.9754)->(3,4,26.2933)->(2,4,5012.85)->
Agent 35:(26,16,1.8)->(25,16,3.01421)->(24,16,4.33205)->(23,16,5.01421)->(22,16,5.6)->(21,16,6.18579)->(20,16,6.86795)->(19,16,8.18579)->(18,16,10.4)->(18,15,13.2)->(18,14,20.0142)->(18,15,5012)->
Agent 36:(28,19,1.8)->(27,19,3.01421)->(26,19,4.42843)->(25,19,5.84264)->(24,19,8.05685)->(24,20,10.2711)->(24,21,11.6853)->(24,22,13.0995)->(24,23,5006.26)->
Agent 37:(26,2,1.4142)->(26,3,2.24261)->(26,4,3.56045)->(26,5,4.24261)->(26,6,4.81045)->(26,7,5.3284)->(26,8,5.8284)->(26,9,6.34635)->(26,10,6.91419)->(26,11,7.59635)->(26,12,8.91419)->(26,13,14.8789)->(25,13,20.8789)->(24,13,22.8789)->(23,13,5011.16)->
Agent 38:(29,22,2.57841)->(29,21,4.57104)->(29,20,5.88888)->(29,19,6.57104)->(29,18,7.13888)->(29,17,7.65683)->(29,16,8.15683)->(29,15,8.65683)->(29,14,9.17478)->(29,13,9.74261)->(29,12,10.4248)->(29,11,11.7426)->(29,10,13.9568)->(28,10,16.171)->(27,10,17.4889)->(26,10,18.171)->(25,10,18.7389)->(24,10,19.2568)->(23,10,19.7568)->(22,10,20.2568)->(21,10,20.7748)->(20,10,21.3426)->(19,10,22.0248)->(18,10,23.3426)->(17,10,5011.38)->
Agent 39:(15,3,1.8)->(15,4,3.01421)->(15,5,4.33205)->(15,6,5.01421)->(15,7,5.58205)->(15,8,6.1)->(15,9,6.6)->(15,10,7.1)->(15,11,7.6)->(15,12,8.1)->(15,13,8.6)->(15,14,9.1)->(15,15,9.6)->(15,16,10.1)->(15,17,10.6)->(15,18,11.1)->(15,19,11.6)->(15,20,12.1)->(15,21,12.6)->(15,22,13.1)->(15,23,13.6)->(15,24,14.1)->(15,25,14.6179)->(15,26,15.1858)->(15,27,15.8679)->(15,28,17.1858)->(15,29,19.4)->(16,29,21.6142)->(17,29,22.9321)->(18,29,23.6142)->(19,29,24.2)->(20,29,24.7858)->(21,29,25.4679)->(22,29,26.7858)->(23,29,5013.1)->
Agent 40:(7,3,1.53579)->(7,4,2.48579)->(7,5,3.80362)->(7,6,4.48579)->(7,7,5.05362)->(7,8,5.57157)->(7,9,6.07157)->(7,10,6.57157)->(7,11,7.07157)->(7,12,7.57157)->(7,13,8.08952)->(7,14,8.65736)->(7,15,9.33952)->(7,16,10.6574)->(7,17,12.8716)->(8,17,15.0858)->(9,17,16.4036)->(10,17,17.0858)->(11,17,17.6536)->(12,17,18.1716)->(13,17,18.6716)->(14,17,19.1716)->(15,17,19.6716)->(16,17,20.1716)->(17,17,20.6716)->(18,17,21.1716)->(19,17,21.6716)->(20,17,22.1716)->(21,17,22.6716)->(22,17,23.1716)->(23,17,23.6716)->(24,17,24.1716)->(25,17,24.6716)->(26,17,25.1895)->(27,17,25.7574)->(28,17,26.4395)->(29,17,27.7574)->(30,17,5013.59)->
Agent 41:(23,20,1.4142)->(23,21,2.27789)->(23,22,4.27789)->(23,23,9.77789)->(22,23,15.2426)->(21,23,16.6568)->(20,23,18.071)->(19,23,5008.74)->
Agent 42:(26,4,1.3)->(26,5,2.01421)->(26,6,3.33205)->(26,7,4.01421)->(26,8,4.58205)->(26,9,5.1)->(26,10,5.6)->(26,11,6.1)->(26,12,6.6)->(26,13,7.1)->(26,14,7.6)->(26,15,8.1)->(26,16,8.6)->(26,17,9.1)->(26,18,9.6)->(26,19,10.1)->(26,20,10.6)->(26,21,11.1179)->(26,22,11.6858)->(26,23,12.3679)->(26,24,13.6858)->(26,25,16.3142)->(25,25,19.9142)->(25,26,22.5426)->(25,27,23.8605)->(25,28,24.5925)->(25,29,25.3246)->(25,30,26.6424)->(25,31,28.8566)->(24,31,31.0708)->(23,31,32.3887)->(22,31,33.0708)->(21,31,33.6387)->(20,31,34.1566)->(19,31,34.6746)->(18,31,35.2424)->(17,31,35.9246)->(16,31,37.2424)->(15,31,5018.33)->
Agent 43:(22,7,1.3)->(22,8,2.01421)->(22,9,3.33205)->(22,10,4.01421)->(22,11,4.58205)->(22,12,5.1)->(22,13,5.6)->(22,14,6.1)->(22,15,6.6)->(22,16,7.1)->(22,17,7.6)->(22,18,8.1)->(22,19,8.6)->(22,20,9.1)->(22,21,9.6)->(22,22,10.1)->(22,23,10.6)->(22,24,11.1)->(22,25,11.6179)->(22,26,12.1858)->(22,27,12.8679)->(22,28,14.1858)->(22,29,18.9284)->(22,28,23.671)->(22,27,24.9889)->(22,26,25.671)->(22,25,26.2389)->(22,24,26.7568)->(22,23,27.2568)->(22,22,27.7568)->(22,21,28.2748)->(22,20,28.8426)->(22,19,29.5248)->(22,18,30.8426)->(22,17,33.0568)->(23,17,35.3063)->(24,17,37.3063)->(25,17,5018.38)->
Agent 44:(12,11,1.3)->(12,12,2.01421)->(12,13,3.33205)->(12,14,4.01421)->(12,15,4.58205)->(12,16,5.1)->(12,17,5.61795)->(12,18,6.18579)->(12,19,6.86795)->(12,20,8.18579)->(12,21,10.4)->(13,21,12.6142)->(14,21,13.9321)->(15,21,14.6641)->(16,21,15.3962)->(17,21,16.714)->(18,21,19.3058)->(18,22,22.4833)->(18,23,26.6975)->(18,22,5014.04)->
Agent 45:(5,30,4.74166)->(5,29,8.89753)->(5,28,10.2154)->(5,27,10.8975)->(5,26,11.4833)->(5,25,12.0691)->(5,24,12.7513)->(5,23,14.0691)->(5,22,16.2833)->(6,22,18.4975)->(7,22,19.8154)->(8,22,20.4975)->(9,22,21.0654)->(10,22,21.5833)->(11,22,22.0833)->(12,22,22.5833)->(13,22,23.0833)->(14,22,23.5833)->(15,22,24.1013)->(16,22,24.6691)->(17,22,25.3513)->(18,22,26.6691)->(19,22,5013.04)->
Agent 46:(28,30,4.04263)->(28,29,7.49947)->(28,28,8.81731)->(28,27,9.49947)->(28,26,10.0673)->(28,25,10.5853)->(28,24,11.0853)->(28,23,11.5853)->(28,22,12.0853)->(28,21,12.5853)->(28,20,13.0853)->(28,19,13.5853)->(28,18,14.0853)->(28,17,14.5853)->(28,16,15.0853)->(28,15,15.5853)->(28,14,16.0853)->(28,13,16.5853)->(28,12,17.0853)->(28,11,17.5853)->(28,10,18.0853)->(28,9,18.5853)->(28,8,19.0853)->(28,7,19.5853)->(28,6,20.0853)->(28,5,20.5853)->(28,4,21.1032)->(28,3,21.671)->(28,2,22.3532)->(28,1,23.671)->(28,0,25.8853)->(27,0,28.0995)->(26,0,29.4173)->(25,0,30.0995)->(24,0,30.6673)->(23,0,31.1853)->(22,0,31.6853)->(21,0,32.1853)->(20,0,32.6853)->(19,0,33.1853)->(18,0,33.6853)->(17,0,34.1853)->(16,0,34.6853)->(15,0,35.1853)->(14,0,35.6853)->(13,0,36.1853)->(12,0,36.6853)->(11,0,37.1853)->(10,0,37.6853)->(9,0,38.2032)->(8,0,38.771)->(7,0,39.4532)->(6,0,40.771)->(5,0,5020.09)->
Agent 47:(5,29,2.2)->(5,28,3.81421)->(5,27,5.13205)->(5,26,5.82382)->(5,25,6.45949)->(5,24,7.15126)->(5,23,8.4691)->(5,22,10.6833)->(6,22,12.8975)->(7,22,14.2154)->(8,22,14.8975)->(9,22,15.4654)->(10,22,15.9833)->(11,22,16.4833)->(12,22,16.9833)->(13,22,17.4833)->(14,22,17.9833)->(15,22,18.4833)->(16,22,18.9833)->(17,22,19.4833)->(18,22,19.9833)->(19,22,20.4833)->(20,22,21.0013)->(21,22,21.5691)->(22,22,22.2513)->(23,22,23.5691)->(24,22,29.3022)->(24,21,5016.4)->
Agent 48:(31,8,2.2)->(31,7,3.81421)->(31,6,5.13205)->(31,5,5.82382)->(31,4,6.45949)->(31,3,7.15126)->(31,2,8.4691)->(31,1,11.0201)->(30,1,13.5711)->(29,1,14.8889)->(28,1,15.5711)->(27,1,16.1389)->(26,1,16.6569)->(25,1,17.1569)->(24,1,17.6569)->(23,1,18.1569)->(22,1,18.6569)->(21,1,19.1569)->(20,1,19.6569)->(19,1,20.1569)->(18,1,20.6569)->(17,1,21.1569)->(16,1,21.6569)->(15,1,22.1569)->(14,1,22.6748)->(13,1,23.2426)->(12,1,23.9248)->(11,1,25.2426)->(10,1,27.8711)->(10,2,5014.13)->
Agent 49:(0,27,7.9642)->(0,26,15.3426)->(0,25,16.6605)->(0,24,17.3426)->(0,23,17.9105)->(0,22,18.4284)->(0,21,18.9284)->(0,20,19.4284)->(0,19,19.9284)->(0,18,20.4284)->(0,17,20.9284)->(0,16,21.4284)->(0,15,21.9284)->(0,14,22.4284)->(0,13,22.9284)->(0,12,23.4284)->(0,11,23.9284)->(0,10,24.4284)->(0,9,24.9284)->(0,8,25.4284)->(0,7,25.9463)->(0,6,26.5142)->(0,5,27.1963)->(0,4,28.5142)->(0,3,30.7284)->(1,3,32.9426)->(2,3,34.2605)->(3,3,34.9426)->(4,3,35.5105)->(5,3,36.0284)->(6,3,36.5284)->(7,3,37.0284)->(8,3,37.5284)->(9,3,38.0284)->(10,3,38.5284)->(11,3,39.0284)->(12,3,39.5284)->(13,3,40.0284)->(14,3,40.5463)->(15,3,41.1142)->(16,3,41.7963)->(17,3,43.1142)->(18,3,5021.26)->
Agent 50:(6,20,1.3)->(6,21,2.01421)->(6,22,3.34806)->(6,23,4.17649)->(6,24,5.51034)->(6,25,9.59806)->(7,25,13.6858)->(8,25,15.0036)->(9,25,15.6858)->(10,25,16.2536)->(11,25,16.7716)->(12,25,17.2716)->(13,25,17.7716)->(14,25,18.2716)->(15,25,18.7716)->(16,25,19.2716)->(17,25,19.7716)->(18,25,20.2716)->(19,25,20.7716)->(20,25,21.2895)->(21,25,21.8574)->(22,25,22.5395)->(23,25,23.8574)->(24,25,26.0716)->(24,26,28.8716)->(24,27,5014.44)->
Agent 51:(25,14,2.2)->(25,13,3.81421)->(25,12,5.13205)->(25,11,5.81421)->(25,10,6.38205)->(25,9,6.91795)->(25,8,7.48579)->(25,7,8.16795)->(25,6,9.48579)->(25,5,11.8105)->(24,5,14.1351)->(23,5,15.453)->(22,5,16.1351)->(21,5,16.703)->(20,5,17.2209)->(19,5,17.7209)->(18,5,18.2209)->(17,5,18.7209)->(16,5,19.2209)->(15,5,19.7209)->(14,5,20.2209)->(13,5,20.7209)->(12,5,21.2209)->(11,5,21.7389)->(10,5,22.3067)->(9,5,22.9889)->(8,5,24.3067)->(7,5,5011.86)->
Agent 52:(10,22,2.2)->(10,21,3.81421)->(10,20,5.13205)->(10,19,5.81421)->(10,18,6.4)->(10,17,6.98579)->(10,16,7.66795)->(10,15,8.98579)->(10,14,15.8642)->(11,14,22.7426)->(12,14,24.0605)->(13,14,24.7426)->(14,14,25.3105)->(15,14,25.8284)->(16,14,26.3284)->(17,14,26.8284)->(18,14,27.3464)->(19,14,27.9142)->(20,14,28.5964)->(21,14,29.9142)->(22,14,5014.66)->
Agent 53:(24,13,1.3)->(24,14,2.6)->(24,15,5.68579)->(25,15,8.22106)->(26,15,10.2211)->(27,15,5004.84)->
Agent 54:(4,24,2.2)->(4,23,3.81421)->(4,22,5.13205)->(4,21,5.81421)->(4,20,6.38205)->(4,19,6.91795)->(4,18,7.48579)->(4,17,8.16795)->(4,16,9.48579)->(4,15,11.7)->(5,15,13.9142)->(6,15,15.2321)->(7,15,15.9142)->(8,15,16.4821)->(9,15,17)->(10,15,17.5)->(11,15,18)->(12,15,18.5)->(13,15,19)->(14,15,19.5)->(15,15,20.0179)->(16,15,20.5858)->(17,15,21.2679)->(18,15,22.5858)->(19,15,25.2142)->(19,16,5012.8)->
Agent 55:(22,11,1.8)->(21,11,3.04949)->(20,11,5.04949)->(19,11,7.29898)->(19,12,9.51319)->(19,13,10.831)->(19,14,11.5132)->(19,15,12.081)->(19,16,12.599)->(19,17,13.099)->(19,18,13.599)->(19,19,14.099)->(19,20,14.599)->(19,21,15.099)->(19,22,15.599)->(19,23,16.1169)->(19,24,16.6848)->(19,25,17.3669)->(19,26,18.6848)->(19,27,5009.05)->
Agent 56:(23,22,1.3)->(23,23,2.04949)->(23,24,4.04949)->(23,25,9.66369)->(23,24,15.2426)->(23,23,16.5605)->(23,22,17.2426)->(23,21,17.8105)->(23,20,18.3284)->(23,19,18.8284)->(23,18,19.3284)->(23,17,19.8284)->(23,16,20.3284)->(23,15,20.8284)->(23,14,21.3284)->(23,13,21.8284)->(23,12,22.3284)->(23,11,22.8284)->(23,10,23.3284)->(23,9,23.8284)->(23,8,24.3284)->(23,7,24.8284)->(23,6,25.3284)->(23,5,25.8463)->(23,4,26.4142)->(23,3,27.0963)->(23,2,28.4142)->(23,1,30.6284)->(22,1,32.8426)->(21,1,34.1605)->(20,1,34.8426)->(19,1,35.4105)->(18,1,35.9284)->(17,1,36.4284)->(16,1,36.9284)->(15,1,37.4284)->(14,1,37.9284)->(13,1,38.4284)->(12,1,38.9284)->(11,1,39.4284)->(10,1,39.9284)->(9,1,40.4463)->(8,1,41.0142)->(7,1,41.6963)->(6,1,43.0142)->(5,1,5021.21)->
Agent 57:(22,6,2.4142)->(22,7,4.24261)->(22,8,5.56045)->(22,9,6.24261)->(22,10,6.81045)->(22,11,7.3284)->(22,12,7.8284)->(22,13,8.3284)->(22,14,8.8284)->(22,15,9.3284)->(22,16,9.8284)->(22,17,10.3284)->(22,18,10.8284)->(22,19,11.3284)->(22,20,11.8284)->(22,21,12.3284)->(22,22,12.8284)->(22,23,13.3284)->(22,24,13.8463)->(22,25,14.4142)->(22,26,15.0963)->(22,27,16.4142)->(22,28,19.0426)->(21,28,24.2284)->(21,29,5013.1)->
Agent 58:(9,1,1.3)->(9,2,2.01421)->(9,3,3.33205)->(9,4,4.01421)->(9,5,4.58205)->(9,6,5.1)->(9,7,5.6)->(9,8,6.1)->(9,9,6.6)->(9,10,7.1)->(9,11,7.6)->(9,12,8.1)->(9,13,8.6)->(9,14,9.1)->(9,15,9.6)->(9,16,10.1)->(9,17,10.6)->(9,18,11.1)->(9,19,11.6)->(9,20,12.1)->(9,21,12.6)->(9,22,13.1)->(9,23,13.6)->(9,24,14.1)->(9,25,14.6)->(9,26,15.1179)->(9,27,15.6858)->(9,28,16.3679)->(9,29,17.6858)->(9,30,19.9)->(10,30,22.1142)->(11,30,23.4321)->(12,30,24.1142)->(13,30,24.6821)->(14,30,25.2179)->(15,30,25.7858)->(16,30,26.4679)->(17,30,27.7858)->(18,30,5013.6)->
Agent 59:(24,12,2.4142)->(24,13,4.8284)->(24,14,7.6284)->(25,14,10.4284)->(26,14,13.2284)->(26,15,15.4426)->(26,16,16.7765)->(26,17,17.6049)->(26,18,18.9387)->(26,19,21.5672)->(27,19,5010.98)->
Agent 60:(19,26,2.21421)->(20,26,7.95587)->(20,25,14.3117)->(20,24,20.7843)->(21,24,27.2568)->(22,24,5013.63)->
Agent 61:(20,23,1.8)->(19,23,3.6)->(18,23,6.4)->(18,24,8.64949)->(18,25,10.6495)->(18,26,12.899)->(19,26,15.1132)->(20,26,16.431)->(21,26,17.1132)->(22,26,17.681)->(23,26,18.199)->(24,26,18.699)->(25,26,19.199)->(26,26,19.699)->(27,26,20.2169)->(28,26,20.7848)->(29,26,21.4669)->(30,26,22.7848)->(31,26,5011.1)->
Agent 62:(14,13,2.2)->(14,12,3.81421)->(14,11,5.13205)->(14,10,5.81421)->(14,9,6.38205)->(14,8,6.9)->(14,7,7.4)->(14,6,7.91795)->(14,5,8.48579)->(14,4,9.16795)->(14,3,10.4858)->(14,2,12.7)->(15,2,14.9495)->(16,2,16.9495)->(17,2,5008.2)->
Agent 63:(19,8,2.69676)->(20,8,4.84301)->(21,8,6.84301)->(22,8,9.0925)->(22,7,11.3067)->(22,6,12.7209)->(22,5,14.1351)->(22,4,5006.77)->
Agent 64:(11,4,1.8)->(12,4,3.01421)->(13,4,4.33205)->(14,4,5.0641)->(15,4,5.79615)->(16,4,7.11399)->(17,4,11.1178)->(17,5,15.1217)->(17,6,16.4395)->(17,7,17.1217)->(17,8,17.6895)->(17,9,18.2254)->(17,10,18.7933)->(17,11,19.4754)->(17,12,20.7933)->(17,13,5010.1)->
Agent 65:(9,17,2.21421)->(8,17,4.81421)->(8,16,7.44264)->(8,15,8.76048)->(8,14,9.44264)->(8,13,10.0105)->(8,12,10.5284)->(8,11,11.0284)->(8,10,11.5464)->(8,9,12.1142)->(8,8,12.7964)->(8,7,14.1142)->(8,6,16.3284)->(7,6,19.1284)->(6,6,5009.56)->
Agent 66:(3,24,2.2)->(3,23,3.81421)->(3,22,5.22843)->(3,21,6.64264)->(3,20,8.85685)->(4,20,11.0711)->(5,20,12.3889)->(6,20,13.0711)->(7,20,13.6389)->(8,20,14.1569)->(9,20,14.6569)->(10,20,15.1569)->(11,20,15.6569)->(12,20,16.1569)->(13,20,16.6569)->(14,20,17.1569)->(15,20,17.6748)->(16,20,18.2426)->(17,20,18.9248)->(18,20,20.2426)->(19,20,22.8711)->(19,19,27.5068)->(19,20,5014.46)->
Agent 67:(30,13,2.61421)->(30,12,5.63215)->(29,12,8.27851)->(28,12,9.59635)->(27,12,10.2785)->(26,12,10.8463)->(25,12,11.3643)->(24,12,11.8643)->(23,12,12.3643)->(22,12,12.8643)->(21,12,13.3643)->(20,12,13.8643)->(19,12,14.3643)->(18,12,14.8643)->(17,12,15.3643)->(16,12,15.8643)->(15,12,16.3822)->(14,12,16.9501)->(13,12,17.6322)->(12,12,18.9501)->(11,12,5009.18)->
Agent 68:(23,0,1.8)->(22,0,3.01421)->(21,0,4.33205)->(20,0,5.01421)->(19,0,5.58205)->(18,0,6.1)->(17,0,6.6)->(16,0,7.1)->(15,0,7.6)->(14,0,8.1)->(13,0,8.6)->(12,0,9.11795)->(11,0,9.68579)->(10,0,10.3679)->(9,0,11.6858)->(8,0,13.9)->(8,1,16.1142)->(8,2,17.4321)->(8,3,18.1142)->(8,4,18.6821)->(8,5,19.2)->(8,6,19.7)->(8,7,20.2179)->(8,8,20.7858)->(8,9,21.4679)->(8,10,22.7858)->(8,11,5011.1)->
Agent 69:(22,30,2.61421)->(22,29,7.5)->(21,29,12.0142)->(20,29,13.3321)->(19,29,14.0142)->(18,29,14.5821)->(17,29,15.1)->(16,29,15.6)->(15,29,16.1)->(14,29,16.6)->(13,29,17.1179)->(12,29,17.6858)->(11,29,18.3679)->(10,29,19.6858)->(9,29,5009.55)->
