Agent 0:(15,25,1.8)->(14,25,3.01421)->(13,25,4.33205)->(12,25,5.01421)->(11,25,5.58205)->(10,25,6.1)->(9,25,6.6)->(8,25,7.1)->(7,25,7.6)->(6,25,8.1)->(5,25,8.61795)->(4,25,9.18579)->(3,25,9.86795)->(2,25,11.1858)->(1,25,13.4)->(1,24,15.6142)->(1,23,16.9321)->(1,22,17.6142)->(1,21,18.1821)->(1,20,18.7)->(1,19,19.2)->(1,18,19.7)->(1,17,20.2)->(1,16,20.7)->(1,15,21.2)->(1,14,21.7179)->(1,13,22.2858)->(1,12,22.9679)->(1,11,24.2858)->(1,10,5011.85)->
Agent 1:(26,26,1.8)->(25,26,3.01421)->(24,26,4.33205)->(23,26,5.01421)->(22,26,5.58205)->(21,26,6.1)->(20,26,6.6)->(19,26,7.1)->(18,26,7.6)->(17,26,8.1)->(16,26,8.6)->(15,26,9.1)->(14,26,9.6)->(13,26,10.1)->(12,26,10.6)->(11,26,11.1)->(10,26,11.6179)->(9,26,12.1858)->(8,26,12.8679)->(7,26,14.1858)->(6,26,16.4)->(6,25,18.6142)->(6,24,19.9481)->(6,23,20.7765)->(6,22,22.1103)->(6,21,5010.76)->
Agent 2:(1,23,2.44039)->(2,23,4.295)->(3,23,5.61284)->(4,23,6.30461)->(5,23,6.94028)->(6,23,7.63205)->(7,23,8.94989)->(8,23,11.9141)->(8,22,14.8783)->(8,21,16.1962)->(8,20,16.8783)->(8,19,17.4462)->(8,18,17.9641)->(8,17,18.4641)->(8,16,18.9641)->(8,15,19.4641)->(8,14,19.9641)->(8,13,20.4641)->(8,12,20.9641)->(8,11,21.4641)->(8,10,21.9641)->(8,9,22.4821)->(8,8,23.0499)->(8,7,23.7321)->(8,6,25.0499)->(8,5,27.2641)->(9,5,30.0641)->(10,5,32.8641)->(10,4,35.0783)->(10,3,36.4925)->(10,2,37.9067)->(10,1,5018.66)->
Agent 3:(0,2,1.3)->(0,3,2.01421)->(0,4,3.33205)->(0,5,4.0641)->(0,6,4.79615)->(0,7,6.11399)->(0,8,8.72843)->(1,8,11.3429)->(2,8,12.6607)->(3,8,13.3928)->(4,8,14.1248)->(5,8,15.4426)->(6,8,20.7711)->(5,8,5011.93)->
Agent 4:(23,25,1.8)->(22,25,3.01421)->(21,25,4.33205)->(20,25,5.01421)->(19,25,5.58205)->(18,25,6.1)->(17,25,6.6)->(16,25,7.1)->(15,25,7.6)->(14,25,8.11795)->(13,25,8.68579)->(12,25,9.36795)->(11,25,10.6858)->(10,25,13.55)->(10,24,16.4142)->(10,23,17.7321)->(10,22,18.4142)->(10,21,18.9821)->(10,20,19.5)->(10,19,20)->(10,18,20.5)->(10,17,21)->(10,16,21.5)->(10,15,22)->(10,14,22.5179)->(10,13,23.0858)->(10,12,23.7679)->(10,11,25.0858)->(10,10,27.3)->(9,10,30.1)->(8,10,5015.05)->
Agent 5:(3,12,2.2)->(3,11,3.81421)->(3,10,5.22843)->(3,9,6.64264)->(3,8,9.31059)->(4,8,11.9785)->(5,8,13.2964)->(6,8,13.9785)->(7,8,14.5464)->(8,8,15.0643)->(9,8,15.5643)->(10,8,16.0643)->(11,8,16.5643)->(12,8,17.0643)->(13,8,17.5823)->(14,8,18.1501)->(15,8,18.8323)->(16,8,20.1501)->(17,8,22.3643)->(17,9,24.5785)->(17,10,25.9928)->(17,11,27.407)->(17,12,5013.41)->
Agent 6:(2,4,1.8)->(3,4,3.6)->(4,4,6.4)->(4,3,8.64949)->(4,2,10.6495)->(4,1,12.899)->(5,1,15.1485)->(6,1,17.1485)->(7,1,5008.3)->
Agent 7:(24,10,2.21421)->(23,10,4.81421)->(23,9,8.02843)->(23,8,12.8284)->(23,9,17.0426)->(23,10,18.3605)->(23,11,19.0522)->(23,12,19.6879)->(23,13,20.3797)->(23,14,21.6975)->(23,15,5010.56)->
Agent 8:(29,17,2.2)->(29,16,4.4)->(29,15,9.05)->(28,15,13.1142)->(27,15,14.4321)->(26,15,15.1142)->(25,15,15.6821)->(24,15,16.2)->(23,15,16.7)->(22,15,17.2)->(21,15,17.7)->(20,15,18.2)->(19,15,18.7)->(18,15,19.2)->(17,15,19.7)->(16,15,20.2)->(15,15,20.7)->(14,15,21.2)->(13,15,21.7)->(12,15,22.2)->(11,15,22.7)->(10,15,23.2)->(9,15,23.7)->(8,15,24.2179)->(7,15,24.7858)->(6,15,25.4679)->(5,15,26.7858)->(4,15,5013.1)->
Agent 9:(2,14,2.2)->(2,13,3.81421)->(2,12,5.13205)->(2,11,5.81421)->(2,10,6.4)->(2,9,6.98579)->(2,8,7.66795)->(2,7,8.98579)->(2,6,11.2)->(3,6,13.4142)->(4,6,14.7321)->(5,6,15.4142)->(6,6,15.9821)->(7,6,16.5)->(8,6,17)->(9,6,17.5)->(10,6,18)->(11,6,18.5)->(12,6,19)->(13,6,19.5)->(14,6,20)->(15,6,20.5)->(16,6,21)->(17,6,21.5)->(18,6,22)->(19,6,22.5)->(20,6,23)->(21,6,23.5)->(22,6,24)->(23,6,24.5)->(24,6,25)->(25,6,25.5)->(26,6,26)->(27,6,26.5179)->(28,6,27.0858)->(29,6,27.7679)->(30,6,29.0858)->(31,6,31.3)->(31,5,33.5142)->(31,4,34.9284)->(31,3,36.3426)->(31,2,5017.88)->
Agent 10:(31,12,2.8141)->(30,12,5.04242)->(29,12,6.36025)->(28,12,7.04242)->(27,12,7.61025)->(26,12,8.1282)->(25,12,8.6282)->(24,12,9.1282)->(23,12,9.6282)->(22,12,10.1282)->(21,12,10.6282)->(20,12,11.1282)->(19,12,11.6282)->(18,12,12.1282)->(17,12,12.6282)->(16,12,13.1282)->(15,12,13.6462)->(14,12,14.214)->(13,12,14.8962)->(12,12,16.214)->(11,12,19.8141)->(11,13,23.4142)->(11,14,24.7321)->(11,15,25.4142)->(11,16,25.9821)->(11,17,26.5)->(11,18,27)->(11,19,27.5)->(11,20,28)->(11,21,28.5)->(11,22,29)->(11,23,29.5)->(11,24,30.0179)->(11,25,30.5858)->(11,26,31.2679)->(11,27,32.5858)->(11,28,34.8)->(10,28,37.0142)->(9,28,38.3321)->(8,28,39.0142)->(7,28,39.5821)->(6,28,40.1)->(5,28,40.6179)->(4,28,41.1858)->(3,28,41.8679)->(2,28,43.1858)->(1,28,5021.3)->
Agent 11:(2,9,2.2)->(2,8,3.81421)->(2,7,5.22843)->(2,6,6.64264)->(2,5,9.27107)->(3,5,13.2426)->(3,6,16.2426)->(3,7,17.5605)->(3,8,18.2426)->(3,9,18.8105)->(3,10,19.3284)->(3,11,19.8284)->(3,12,20.3284)->(3,13,20.8284)->(3,14,21.3284)->(3,15,21.8284)->(3,16,22.3284)->(3,17,22.8284)->(3,18,23.3284)->(3,19,23.8284)->(3,20,24.3284)->(3,21,24.8284)->(3,22,25.3464)->(3,23,25.9142)->(3,24,26.5964)->(3,25,27.9142)->(3,26,30.1284)->(4,26,32.3426)->(5,26,33.6605)->(6,26,34.3426)->(7,26,34.9105)->(8,26,35.4284)->(9,26,35.9284)->(10,26,36.4284)->(11,26,36.9284)->(12,26,37.4464)->(13,26,38.0142)->(14,26,38.6964)->(15,26,40.0142)->(16,26,42.2284)->(16,27,45.0284)->(16,28,5022.51)->
Agent 12:(2,24,1.3)->(2,25,2.6)->(2,26,5.81421)->(1,26,19.5642)->(2,26,32.9284)->(3,26,5016.46)->
Agent 13:(17,11,1.8)->(16,11,3.6)->(15,11,6.42618)->(15,12,8.66657)->(15,13,9.98441)->(15,14,10.6762)->(15,15,11.3119)->(15,16,12.0036)->(15,17,13.3215)->(15,18,18.7821)->(15,17,5011)->
Agent 14:(15,24,1.8)->(16,24,3.01421)->(17,24,4.33205)->(18,24,5.01421)->(19,24,5.58205)->(20,24,6.1)->(21,24,6.6)->(22,24,7.1)->(23,24,7.6)->(24,24,8.11795)->(25,24,8.68579)->(26,24,9.36795)->(27,24,10.6858)->(28,24,12.9)->(28,23,15.1142)->(28,22,16.4321)->(28,21,17.1142)->(28,20,17.6821)->(28,19,18.2)->(28,18,18.7)->(28,17,19.2179)->(28,16,19.7858)->(28,15,20.4679)->(28,14,21.7858)->(28,13,27.6123)->(28,14,5015.6)->
Agent 15:(23,11,4.55)->(22,11,8.51421)->(21,11,9.84806)->(20,11,10.6765)->(19,11,12.0103)->(18,11,14.9623)->(18,12,17.9142)->(18,13,19.2321)->(18,14,19.9641)->(18,15,20.6962)->(18,16,22.014)->(18,17,5010.71)->
Agent 16:(7,24,1.8)->(6,24,3.01421)->(5,24,4.33205)->(4,24,5.0641)->(3,24,5.79615)->(2,24,7.11399)->(1,24,9.3282)->(1,23,11.5424)->(1,22,12.8603)->(1,21,13.5424)->(1,20,14.1103)->(1,19,14.6282)->(1,18,15.1282)->(1,17,15.6282)->(1,16,16.1282)->(1,15,16.6282)->(1,14,17.1282)->(1,13,17.6282)->(1,12,18.1282)->(1,11,18.6462)->(1,10,19.214)->(1,9,19.8962)->(1,8,21.214)->(1,7,23.8424)->(0,7,5012.11)->
Agent 17:(22,3,1.3)->(22,4,2.01421)->(22,5,3.33205)->(22,6,4.01421)->(22,7,4.58205)->(22,8,5.1)->(22,9,5.6)->(22,10,6.1)->(22,11,6.6)->(22,12,7.1)->(22,13,7.6)->(22,14,8.11795)->(22,15,8.68579)->(22,16,9.36795)->(22,17,10.6858)->(22,18,13.9)->(21,18,17.1142)->(20,18,18.4321)->(19,18,19.1641)->(18,18,19.8962)->(17,18,21.214)->(16,18,23.8424)->(16,19,5012.11)->
Agent 18:(29,21,1.3)->(29,22,2.01421)->(29,23,3.33205)->(29,24,4.01421)->(29,25,4.6)->(29,26,5.18579)->(29,27,5.86795)->(29,28,7.18579)->(29,29,9.4)->(28,29,11.6142)->(27,29,12.9321)->(26,29,13.6142)->(25,29,14.1821)->(24,29,14.7)->(23,29,15.2)->(22,29,15.7)->(21,29,16.2)->(20,29,16.7)->(19,29,17.2)->(18,29,17.7)->(17,29,18.2)->(16,29,18.7179)->(15,29,19.2858)->(14,29,19.9679)->(13,29,21.2858)->(12,29,5010.35)->
Agent 19:(20,4,2.91433)->(19,4,5.24286)->(18,4,6.5607)->(17,4,7.29275)->(16,4,8.0248)->(15,4,9.34264)->(14,4,11.8926)->(14,5,14.4426)->(14,6,15.7605)->(14,7,16.4426)->(14,8,17.0284)->(14,9,17.6142)->(14,10,18.2964)->(14,11,19.6142)->(14,12,5009.51)->
Agent 20:(16,31,4.22832)->(16,30,7.87084)->(16,29,9.18868)->(16,28,9.87084)->(16,27,10.4387)->(16,26,10.9566)->(16,25,11.4746)->(16,24,12.0424)->(16,23,12.7246)->(16,22,14.0424)->(16,21,16.2566)->(15,21,18.4708)->(14,21,19.7887)->(13,21,20.4708)->(12,21,21.0387)->(11,21,21.5746)->(10,21,22.1424)->(9,21,22.8246)->(8,21,24.1424)->(7,21,5011.78)->
Agent 21:(12,3,1.46615)->(12,4,2.34651)->(12,5,3.68036)->(12,6,4.50879)->(12,7,5.84264)->(12,8,9.47843)->(13,8,13.1142)->(14,8,14.4321)->(15,8,15.1142)->(16,8,15.6821)->(17,8,16.2)->(18,8,16.7)->(19,8,17.2)->(20,8,17.7)->(21,8,18.2179)->(22,8,18.7858)->(23,8,19.4679)->(24,8,20.7858)->(25,8,23.4142)->(25,9,5011.9)->
Agent 22:(3,30,2.2)->(3,29,3.81421)->(3,28,5.13205)->(3,27,5.81421)->(3,26,6.4)->(3,25,6.98579)->(3,24,7.66795)->(3,23,8.98579)->(3,22,11.2964)->(4,22,13.607)->(5,22,14.9248)->(6,22,15.6569)->(7,22,16.3889)->(8,22,17.7067)->(9,22,21.753)->(9,21,27.1851)->(8,21,5013.99)->
Agent 23:(18,31,1.8)->(19,31,3.01421)->(20,31,4.42843)->(21,31,5.84264)->(22,31,12.4426)->(22,30,19.0426)->(22,29,20.3605)->(22,28,21.0426)->(22,27,21.6105)->(22,26,22.1284)->(22,25,22.6284)->(22,24,23.1284)->(22,23,23.6284)->(22,22,24.1284)->(22,21,24.6284)->(22,20,25.1284)->(22,19,25.6284)->(22,18,26.1284)->(22,17,26.6284)->(22,16,27.1284)->(22,15,27.6284)->(22,14,28.1284)->(22,13,28.6464)->(22,12,29.2142)->(22,11,29.8964)->(22,10,31.2142)->(22,9,33.8426)->(23,9,5017.11)->
Agent 24:(2,3,9.41421)->(2,4,18.2426)->(2,5,19.5605)->(2,6,20.2426)->(2,7,20.8105)->(2,8,21.3284)->(2,9,21.8284)->(2,10,22.3284)->(2,11,22.8284)->(2,12,23.3284)->(2,13,23.8284)->(2,14,24.3284)->(2,15,24.8284)->(2,16,25.3284)->(2,17,25.8284)->(2,18,26.3464)->(2,19,26.9142)->(2,20,27.5964)->(2,21,28.9142)->(2,22,31.1284)->(3,22,33.3426)->(4,22,34.7569)->(5,22,36.1711)->(6,22,5017.79)->
Agent 25:(28,17,4.2141)->(28,16,7.84242)->(28,15,9.16025)->(28,14,9.84242)->(28,13,10.4103)->(28,12,10.9282)->(28,11,11.4282)->(28,10,11.9282)->(28,9,12.4282)->(28,8,12.9462)->(28,7,13.514)->(28,6,14.1962)->(28,5,15.514)->(28,4,5007.46)->
Agent 26:(19,20,1.8)->(18,20,3.01421)->(17,20,4.33205)->(16,20,5.01421)->(15,20,5.58205)->(14,20,6.1)->(13,20,6.61795)->(12,20,7.18579)->(11,20,7.86795)->(10,20,9.18579)->(9,20,11.4)->(9,21,13.6142)->(9,22,14.9481)->(9,23,15.7765)->(9,24,17.1103)->(9,25,23.8481)->(10,25,31.1716)->(11,25,35.7142)->(11,26,5018.71)->
Agent 27:(26,2,1.3)->(26,3,2.01421)->(26,4,3.33205)->(26,5,4.01421)->(26,6,4.58205)->(26,7,5.11795)->(26,8,5.68579)->(26,9,6.36795)->(26,10,7.68579)->(26,11,9.9)->(25,11,12.1142)->(24,11,13.4481)->(23,11,14.2765)->(22,11,15.6103)->(21,11,18.0585)->(21,12,20.5067)->(21,13,21.8246)->(21,14,22.5067)->(21,15,23.0746)->(21,16,23.5925)->(21,17,24.0925)->(21,18,24.6105)->(21,19,25.1783)->(21,20,25.8605)->(21,21,27.1783)->(21,22,29.3925)->(20,22,32.1925)->(19,22,5016.1)->
Agent 28:(1,9,1.3)->(1,10,2.01421)->(1,11,3.33205)->(1,12,4.01421)->(1,13,4.58205)->(1,14,5.1)->(1,15,5.61795)->(1,16,6.18579)->(1,17,6.86795)->(1,18,8.18579)->(1,19,10.8142)->(2,19,14.4142)->(2,20,17.0426)->(2,21,18.3605)->(2,22,19.0925)->(2,23,19.8246)->(2,24,21.1424)->(2,25,26.3567)->(3,25,5014.66)->
Agent 29:(8,28,1.8)->(9,28,3.01421)->(10,28,4.33205)->(11,28,5.01421)->(12,28,5.58205)->(13,28,6.1)->(14,28,6.6)->(15,28,7.1)->(16,28,7.6)->(17,28,8.1)->(18,28,8.6)->(19,28,9.1)->(20,28,9.61795)->(21,28,10.1858)->(22,28,10.8679)->(23,28,12.1858)->(24,28,14.8142)->(24,29,5007.6)->
Agent 30:(24,24,2.21421)->(25,24,4.81421)->(25,23,7.44264)->(25,22,8.85685)->(25,21,10.2711)->(25,20,13.4426)->(24,20,16.6142)->(23,20,17.9321)->(22,20,18.6142)->(21,20,19.1821)->(20,20,19.7)->(19,20,20.2)->(18,20,20.7)->(17,20,21.2)->(16,20,21.7)->(15,20,22.2)->(14,20,22.7)->(13,20,23.2)->(12,20,23.7)->(11,20,24.2)->(10,20,24.7)->(9,20,25.2)->(8,20,25.7)->(7,20,26.2)->(6,20,26.7179)->(5,20,27.2858)->(4,20,27.9679)->(3,20,29.2858)->(2,20,5014.35)->
Agent 31:(6,27,2.2)->(6,26,3.81421)->(6,25,5.13205)->(6,24,5.81421)->(6,23,6.38205)->(6,22,6.9)->(6,21,7.41795)->(6,20,7.98579)->(6,19,8.66795)->(6,18,9.98579)->(6,17,12.2)->(7,17,14.4142)->(8,17,15.7321)->(9,17,16.4142)->(10,17,16.9821)->(11,17,17.5)->(12,17,18.0179)->(13,17,18.5858)->(14,17,19.2679)->(15,17,20.5858)->(16,17,22.8)->(16,16,25.6)->(16,15,5012.8)->
Agent 32:(15,4,2.4142)->(14,4,4.24261)->(13,4,5.56045)->(12,4,6.24261)->(11,4,6.81045)->(10,4,7.3284)->(9,4,7.8284)->(8,4,8.3284)->(7,4,8.8284)->(6,4,9.3284)->(5,4,9.8284)->(4,4,10.3463)->(3,4,10.9142)->(2,4,11.5963)->(1,4,12.9142)->(0,4,15.1284)->(0,5,17.3426)->(0,6,18.6605)->(0,7,19.3426)->(0,8,19.9105)->(0,9,20.4284)->(0,10,20.9284)->(0,11,21.4463)->(0,12,22.0142)->(0,13,22.6963)->(0,14,24.0142)->(0,15,5011.71)->
Agent 33:(0,23,2.2)->(0,22,3.81421)->(0,21,5.13205)->(0,20,5.81421)->(0,19,6.38205)->(0,18,6.9)->(0,17,7.4)->(0,16,7.9)->(0,15,8.41795)->(0,14,8.98579)->(0,13,9.66795)->(0,12,10.9858)->(0,11,13.4321)->(1,11,15.8783)->(2,11,17.1962)->(3,11,17.8783)->(4,11,18.4462)->(5,11,18.9641)->(6,11,19.4641)->(7,11,19.9641)->(8,11,20.4641)->(9,11,20.9641)->(10,11,21.4641)->(11,11,21.9641)->(12,11,22.4641)->(13,11,22.9641)->(14,11,23.4641)->(15,11,23.9641)->(16,11,24.4641)->(17,11,24.9641)->(18,11,25.4641)->(19,11,25.9641)->(20,11,26.4641)->(21,11,26.9641)->(22,11,27.4641)->(23,11,27.9821)->(24,11,28.5499)->(25,11,29.2321)->(26,11,30.5499)->(27,11,33.1783)->(27,12,5016.78)->
Agent 34:(2,19,2.2)->(2,18,3.81421)->(2,17,5.13205)->(2,16,5.82382)->(2,15,6.45949)->(2,14,7.15126)->(2,13,8.4691)->(2,12,15.3559)->(3,12,22.2426)->(4,12,23.5605)->(5,12,24.2426)->(6,12,24.8105)->(7,12,25.3284)->(8,12,25.8464)->(9,12,26.4142)->(10,12,27.0964)->(11,12,28.4142)->(12,12,5013.91)->
Agent 35:(26,31,4.52832)->(26,30,8.47084)->(26,29,9.78868)->(26,28,10.4708)->(26,27,11.0387)->(26,26,11.5566)->(26,25,12.0566)->(26,24,12.5566)->(26,23,13.0566)->(26,22,13.5566)->(26,21,14.0566)->(26,20,14.5566)->(26,19,15.0566)->(26,18,15.5566)->(26,17,16.0566)->(26,16,16.5566)->(26,15,17.0566)->(26,14,17.5566)->(26,13,18.0566)->(26,12,18.5566)->(26,11,19.0566)->(26,10,19.5566)->(26,9,20.0566)->(26,8,20.5566)->(26,7,21.0566)->(26,6,21.5566)->(26,5,22.0746)->(26,4,22.6424)->(26,3,23.3246)->(26,2,24.6424)->(26,1,27.2708)->(25,1,5013.83)->
Agent 36:(10,11,10.4821)->(10,10,20.3783)->(10,9,21.6962)->(10,8,22.3783)->(10,7,22.9462)->(10,6,23.4641)->(10,5,23.9641)->(10,4,24.4821)->(10,3,25.0499)->(10,2,25.7321)->(10,1,27.0499)->(10,0,5013.23)->
Agent 37:(23,24,2.2)->(23,23,3.81421)->(23,22,5.13205)->(23,21,5.81421)->(23,20,6.38205)->(23,19,6.9)->(23,18,7.4)->(23,17,7.91795)->(23,16,8.48579)->(23,15,9.16795)->(23,14,10.4858)->(23,13,12.7)->(22,13,14.9142)->(21,13,16.2321)->(20,13,16.9142)->(19,13,17.4821)->(18,13,18)->(17,13,18.5)->(16,13,19)->(15,13,19.5)->(14,13,20)->(13,13,20.5)->(12,13,21)->(11,13,21.5)->(10,13,22)->(9,13,22.5)->(8,13,23)->(7,13,23.5)->(6,13,24)->(5,13,24.5179)->(4,13,25.0858)->(3,13,25.7679)->(2,13,27.0858)->(1,13,29.7142)->(1,14,5015.05)->
Agent 38:(13,7,1.8)->(12,7,3.01421)->(11,7,4.33205)->(10,7,5.0641)->(9,7,5.79615)->(8,7,7.11399)->(7,7,9.3282)->(7,8,11.5424)->(7,9,12.8603)->(7,10,13.5424)->(7,11,14.1103)->(7,12,14.6282)->(7,13,15.1282)->(7,14,15.6282)->(7,15,16.1282)->(7,16,16.6282)->(7,17,17.1282)->(7,18,17.6282)->(7,19,18.1282)->(7,20,18.6282)->(7,21,19.1282)->(7,22,19.6282)->(7,23,20.1462)->(7,24,20.714)->(7,25,21.3962)->(7,26,22.714)->(7,27,5011.06)->
Agent 39:(18,14,1.3)->(18,15,2.01421)->(18,16,3.33205)->(18,17,4.01421)->(18,18,4.58205)->(18,19,5.1)->(18,20,5.6)->(18,21,6.1)->(18,22,6.6)->(18,23,7.11795)->(18,24,7.68579)->(18,25,8.36795)->(18,26,9.68579)->(18,27,11.9)->(19,27,14.1495)->(20,27,16.1495)->(21,27,5007.8)->
Agent 40:(15,7,2.80194)->(15,6,5.01809)->(15,5,6.35194)->(15,4,7.18036)->(15,3,8.51421)->(15,2,10.7284)->(16,2,12.9426)->(17,2,14.2765)->(18,2,15.1049)->(19,2,16.4388)->(20,2,5007.93)->
Agent 41:(27,19,3.01421)->(27,18,5.44264)->(27,17,6.76048)->(27,16,7.44264)->(27,15,8.01048)->(27,14,8.52843)->(27,13,9.02843)->(27,12,9.52843)->(27,11,10.0284)->(27,10,10.5284)->(27,9,11.0284)->(27,8,11.5284)->(27,7,12.0284)->(27,6,12.5284)->(27,5,13.0464)->(27,4,13.6142)->(27,3,14.2964)->(27,2,15.6142)->(27,1,17.8284)->(26,1,20.0426)->(25,1,21.3605)->(24,1,22.0426)->(23,1,22.6105)->(22,1,23.1284)->(21,1,23.6284)->(20,1,24.1284)->(19,1,24.6284)->(18,1,25.1284)->(17,1,25.6284)->(16,1,26.1284)->(15,1,26.6284)->(14,1,27.1284)->(13,1,27.6464)->(12,1,28.2142)->(11,1,28.8964)->(10,1,30.2142)->(9,1,5014.81)->
Agent 42:(30,9,4.26421)->(29,9,7.94264)->(28,9,9.26048)->(27,9,9.94264)->(26,9,10.5105)->(25,9,11.0284)->(24,9,11.5284)->(23,9,12.0284)->(22,9,12.5284)->(21,9,13.0284)->(20,9,13.5284)->(19,9,14.0284)->(18,9,14.5284)->(17,9,15.0284)->(16,9,15.5284)->(15,9,16.0284)->(14,9,16.5284)->(13,9,17.0284)->(12,9,17.5284)->(11,9,18.0284)->(10,9,18.5284)->(9,9,19.0284)->(8,9,19.5284)->(7,9,20.0464)->(6,9,20.6142)->(5,9,21.2964)->(4,9,22.6142)->(3,9,24.8284)->(3,8,27.0426)->(3,7,28.4569)->(3,6,29.8711)->(3,5,5014.64)->
Agent 43:(6,14,2.2)->(6,13,3.81421)->(6,12,5.13205)->(6,11,5.81421)->(6,10,6.38205)->(6,9,6.91795)->(6,8,7.48579)->(6,7,8.16795)->(6,6,9.48579)->(6,5,11.7)->(7,5,13.9142)->(8,5,15.2321)->(9,5,15.9142)->(10,5,16.4821)->(11,5,17)->(12,5,17.5)->(13,5,18)->(14,5,18.5)->(15,5,19)->(16,5,19.5)->(17,5,20)->(18,5,20.5)->(19,5,21)->(20,5,21.5)->(21,5,22)->(22,5,22.5)->(23,5,23)->(24,5,23.5)->(25,5,24.0179)->(26,5,24.5858)->(27,5,25.2679)->(28,5,26.5858)->(29,5,29.2142)->(29,4,5014.8)->
Agent 44:(21,14,1.3)->(21,15,2.01421)->(21,16,3.33205)->(21,17,4.01421)->(21,18,4.58205)->(21,19,5.1)->(21,20,5.61795)->(21,21,6.18579)->(21,22,6.86795)->(21,23,8.18579)->(21,24,10.8142)->(20,24,17.4142)->(21,24,23.6284)->(22,24,5011.81)->
Agent 45:(19,12,1.55)->(19,13,2.51421)->(19,14,3.83205)->(19,15,4.51421)->(19,16,5.08205)->(19,17,5.6)->(19,18,6.1)->(19,19,6.6)->(19,20,7.1)->(19,21,7.61795)->(19,22,8.18579)->(19,23,8.86795)->(19,24,10.1858)->(19,25,12.8142)->(20,25,16.4142)->(20,26,19.0779)->(20,27,21.0779)->(20,28,23.7416)->(19,28,5012.06)->
Agent 46:(8,2,1.3)->(8,3,2.01421)->(8,4,3.33205)->(8,5,4.01421)->(8,6,4.58205)->(8,7,5.1)->(8,8,5.6)->(8,9,6.1)->(8,10,6.6)->(8,11,7.1)->(8,12,7.61795)->(8,13,8.18579)->(8,14,8.86795)->(8,15,10.1858)->(8,16,12.4)->(7,16,14.6142)->(6,16,16.0284)->(5,16,17.4426)->(4,16,20.0711)->(4,17,23.6711)->(3,17,26.8853)->(2,17,5013.44)->
Agent 47:(22,0,1.3)->(22,1,2.01421)->(22,2,3.33205)->(22,3,4.01421)->(22,4,4.58205)->(22,5,5.1)->(22,6,5.61795)->(22,7,6.18579)->(22,8,6.86795)->(22,9,8.18579)->(22,10,10.8142)->(23,10,14.4142)->(23,11,17.0426)->(23,12,18.3605)->(23,13,19.0426)->(23,14,19.6105)->(23,15,20.1284)->(23,16,20.6284)->(23,17,21.1284)->(23,18,21.6284)->(23,19,22.1284)->(23,20,22.6284)->(23,21,23.1284)->(23,22,23.6464)->(23,23,24.2142)->(23,24,24.8964)->(23,25,26.2142)->(23,26,5012.81)->
Agent 48:(21,3,1.8)->(20,3,3.01421)->(19,3,4.33205)->(18,3,5.01421)->(17,3,5.58205)->(16,3,6.1)->(15,3,6.6)->(14,3,7.1)->(13,3,7.6)->(12,3,8.1)->(11,3,8.6)->(10,3,9.1)->(9,3,9.6)->(8,3,10.1179)->(7,3,10.6858)->(6,3,11.3679)->(5,3,12.6858)->(4,3,14.9)->(4,4,17.1142)->(4,5,18.4321)->(4,6,19.1142)->(4,7,19.6821)->(4,8,20.2)->(4,9,20.7)->(4,10,21.2)->(4,11,21.7)->(4,12,22.2179)->(4,13,22.7858)->(4,14,23.4679)->(4,15,24.7858)->(4,16,5012.1)->
Agent 49:(22,30,6.1)->(22,29,11.6142)->(22,28,12.9321)->(22,27,13.6142)->(22,26,14.1821)->(22,25,14.7)->(22,24,15.2)->(22,23,15.7)->(22,22,16.2)->(22,21,16.7)->(22,20,17.2)->(22,19,17.7)->(22,18,18.2)->(22,17,18.7)->(22,16,19.2)->(22,15,19.7)->(22,14,20.2179)->(22,13,20.7858)->(22,12,21.4679)->(22,11,22.7858)->(22,10,25)->(21,10,27.2142)->(20,10,28.5321)->(19,10,29.2142)->(18,10,29.7821)->(17,10,30.3)->(16,10,30.8179)->(15,10,31.3858)->(14,10,32.0679)->(13,10,33.3858)->(12,10,5016.4)->
Agent 50:(5,4,1.3)->(5,5,2.01421)->(5,6,3.33205)->(5,7,4.0641)->(5,8,4.79615)->(5,9,6.11399)->(5,10,9.8282)->(6,10,14.1282)->(7,10,18.7104)->(7,11,5010.23)->
Agent 51:(21,12,3.8)->(21,11,7.01421)->(21,10,8.33205)->(21,9,9.01421)->(21,8,9.58205)->(21,7,10.1)->(21,6,10.6)->(21,5,11.1)->(21,4,11.6179)->(21,3,12.1858)->(21,2,12.8679)->(21,1,14.1858)->(21,0,16.4)->(20,0,18.6142)->(19,0,19.9321)->(18,0,20.6142)->(17,0,21.1821)->(16,0,21.7)->(15,0,22.2)->(14,0,22.7)->(13,0,23.2)->(12,0,23.7)->(11,0,24.2179)->(10,0,24.7858)->(9,0,25.4679)->(8,0,26.7858)->(7,0,5013.1)->
Agent 52:(1,4,1.3)->(1,5,2.01421)->(1,6,3.33205)->(1,7,4.01421)->(1,8,4.58205)->(1,9,5.1)->(1,10,5.61795)->(1,11,6.18579)->(1,12,6.86795)->(1,13,8.18579)->(1,14,11.3981)->(2,14,14.6103)->(3,14,15.9282)->(4,14,16.6103)->(5,14,17.1782)->(6,14,17.6961)->(7,14,18.1961)->(8,14,18.6961)->(9,14,19.1961)->(10,14,19.6961)->(11,14,20.1961)->(12,14,20.6961)->(13,14,21.1961)->(14,14,21.6961)->(15,14,22.1961)->(16,14,22.6961)->(17,14,23.1961)->(18,14,23.6961)->(19,14,24.1961)->(20,14,24.6961)->(21,14,25.1961)->(22,14,25.6961)->(23,14,26.1961)->(24,14,26.6961)->(25,14,27.2141)->(26,14,27.7819)->(27,14,28.4641)->(28,14,29.7819)->(29,14,5014.6)->
Agent 53:(24,0,1.8)->(23,0,3.01421)->(22,0,4.33205)->(21,0,5.02382)->(20,0,5.65949)->(19,0,6.35126)->(18,0,7.6691)->(17,0,11.0539)->(17,1,14.4388)->(17,2,15.7566)->(17,3,16.4388)->(17,4,17.0066)->(17,5,17.5246)->(17,6,18.0246)->(17,7,18.5246)->(17,8,19.0246)->(17,9,19.5246)->(17,10,20.0246)->(17,11,20.5246)->(17,12,21.0246)->(17,13,21.5425)->(17,14,22.1103)->(17,15,22.7925)->(17,16,24.1103)->(17,17,5011.76)->
Agent 54:(10,13,1.3)->(10,14,2.01421)->(10,15,3.33205)->(10,16,4.01421)->(10,17,4.58205)->(10,18,5.1)->(10,19,5.6)->(10,20,6.1)->(10,21,6.6)->(10,22,7.1)->(10,23,7.6)->(10,24,8.11795)->(10,25,8.68579)->(10,26,9.36795)->(10,27,10.6858)->(10,28,12.9)->(11,28,15.7)->(12,28,18.9142)->(12,27,25.5464)->(12,28,5014.48)->
Agent 55:(7,4,1.3)->(7,5,2.01421)->(7,6,3.33205)->(7,7,4.01421)->(7,8,4.58205)->(7,9,5.1)->(7,10,5.6)->(7,11,6.1)->(7,12,6.6)->(7,13,7.1)->(7,14,7.61795)->(7,15,8.18579)->(7,16,8.86795)->(7,17,10.1858)->(7,18,12.4)->(8,18,14.6142)->(9,18,15.9481)->(10,18,16.7765)->(11,18,18.1103)->(12,18,22.4087)->(12,19,26.707)->(12,20,28.0248)->(12,21,28.707)->(12,22,29.2748)->(12,23,29.8107)->(12,24,30.3785)->(12,25,31.0607)->(12,26,32.3785)->(12,27,5015.9)->
Agent 56:(24,23,3.24626)->(24,22,5.90674)->(24,21,7.22458)->(24,20,7.91635)->(24,19,8.55202)->(24,18,9.24379)->(24,17,10.5616)->(24,16,12.7758)->(23,16,14.9901)->(22,16,16.3079)->(21,16,16.9901)->(20,16,17.5579)->(19,16,18.0758)->(18,16,18.5758)->(17,16,19.0758)->(16,16,19.5758)->(15,16,20.0758)->(14,16,20.5758)->(13,16,21.0758)->(12,16,21.5758)->(11,16,22.0938)->(10,16,22.6616)->(9,16,23.3438)->(8,16,24.6616)->(7,16,5012.04)->
Agent 57:(11,27,1.8)->(10,27,3.01421)->(9,27,4.33205)->(8,27,5.0641)->(7,27,5.79615)->(6,27,7.11399)->(5,27,10.1925)->(5,26,13.2711)->(5,25,14.5889)->(5,24,15.2711)->(5,23,15.8389)->(5,22,16.3569)->(5,21,16.8569)->(5,20,17.3569)->(5,19,17.8569)->(5,18,18.3569)->(5,17,18.8569)->(5,16,19.3569)->(5,15,19.8569)->(5,14,20.3569)->(5,13,20.8569)->(5,12,21.3569)->(5,11,21.8569)->(5,10,22.3569)->(5,9,22.8569)->(5,8,23.3569)->(5,7,23.8569)->(5,6,24.3748)->(5,5,24.9426)->(5,4,25.6248)->(5,3,26.9426)->(5,2,5013.18)->
Agent 58:(1,16,1.8)->(2,16,3.01421)->(3,16,4.33205)->(4,16,5.01421)->(5,16,5.58205)->(6,16,6.1)->(7,16,6.6)->(8,16,7.1)->(9,16,7.6)->(10,16,8.1)->(11,16,8.6)->(12,16,9.1)->(13,16,9.6)->(14,16,10.1179)->(15,16,10.6858)->(16,16,11.3679)->(17,16,12.6858)->(18,16,14.9)->(18,17,17.1142)->(18,18,18.4321)->(18,19,19.1142)->(18,20,19.6821)->(18,21,20.2179)->(18,22,20.7858)->(18,23,21.4679)->(18,24,22.7858)->(18,25,25)->(19,25,27.2142)->(20,25,28.5321)->(21,25,29.2142)->(22,25,29.7821)->(23,25,30.3)->(24,25,30.8)->(25,25,31.3179)->(26,25,31.8858)->(27,25,32.5679)->(28,25,33.8858)->(29,25,5016.65)->
Agent 59:(28,31,2.2)->(28,30,3.81421)->(28,29,5.13205)->(28,28,5.81421)->(28,27,6.38205)->(28,26,6.9)->(28,25,7.4)->(28,24,7.9)->(28,23,8.4)->(28,22,8.9)->(28,21,9.4)->(28,20,9.91795)->(28,19,10.4858)->(28,18,11.1679)->(28,17,12.4858)->(28,16,15.1142)->(29,16,19.5)->(29,15,22.9142)->(29,14,24.2321)->(29,13,24.9142)->(29,12,25.4821)->(29,11,26)->(29,10,26.5179)->(29,9,27.0858)->(29,8,27.7679)->(29,7,29.0858)->(29,6,5014.25)->
Agent 60:(18,6,1.3)->(18,7,2.01421)->(18,8,3.33205)->(18,9,4.0641)->(18,10,4.79615)->(18,11,6.11399)->(18,12,8.3282)->(17,12,10.5424)->(16,12,11.8603)->(15,12,12.5424)->(14,12,13.1103)->(13,12,13.6462)->(12,12,14.214)->(11,12,14.8962)->(10,12,16.214)->(9,12,20.7283)->(9,13,5011.5)->
Agent 61:(14,4,1.3)->(14,5,2.01421)->(14,6,3.33205)->(14,7,4.01421)->(14,8,4.58205)->(14,9,5.1)->(14,10,5.6)->(14,11,6.1)->(14,12,6.6)->(14,13,7.1)->(14,14,7.6)->(14,15,8.1)->(14,16,8.6)->(14,17,9.1)->(14,18,9.6)->(14,19,10.1)->(14,20,10.6)->(14,21,11.1)->(14,22,11.6)->(14,23,12.1)->(14,24,12.6)->(14,25,13.1)->(14,26,13.6179)->(14,27,14.1858)->(14,28,14.8679)->(14,29,16.1858)->(14,30,18.8142)->(15,30,5009.6)->
Agent 62:(31,10,2.2)->(31,9,3.81421)->(31,8,5.13205)->(31,7,5.8641)->(31,6,6.59615)->(31,5,7.91399)->(31,4,10.1282)->(30,4,12.3424)->(29,4,13.6603)->(28,4,14.3424)->(27,4,14.9103)->(26,4,15.4282)->(25,4,15.9282)->(24,4,16.4282)->(23,4,16.9282)->(22,4,17.4282)->(21,4,17.9282)->(20,4,18.4282)->(19,4,18.9282)->(18,4,19.4282)->(17,4,19.9282)->(16,4,20.4282)->(15,4,20.9282)->(14,4,21.4282)->(13,4,21.9282)->(12,4,22.4282)->(11,4,22.9282)->(10,4,23.4462)->(9,4,24.014)->(8,4,24.6962)->(7,4,26.014)->(6,4,5012.71)->
Agent 63:(13,30,1.71421)->(13,31,8.09626)->(14,31,15.0067)->(15,31,16.3246)->(16,31,17.0067)->(17,31,17.5746)->(18,31,18.0925)->(19,31,18.5925)->(20,31,19.1105)->(21,31,19.6783)->(22,31,20.3605)->(23,31,21.6783)->(24,31,5010.55)->
Agent 64:(13,11,2.2)->(13,10,3.81421)->(13,9,5.13205)->(13,8,5.82382)->(13,7,6.45949)->(13,6,7.15126)->(13,5,8.4691)->(13,4,10.6833)->(12,4,13.4833)->(11,4,16.9059)->(11,5,5008.75)->
Agent 65:(31,4,1.8)->(30,4,3.01421)->(29,4,4.33205)->(28,4,5.01421)->(27,4,5.58205)->(26,4,6.1)->(25,4,6.6)->(24,4,7.11795)->(23,4,7.68579)->(22,4,8.36795)->(21,4,9.68579)->(20,4,11.9)->(20,5,14.1142)->(20,6,15.4321)->(20,7,16.1142)->(20,8,16.6821)->(20,9,17.2)->(20,10,17.7)->(20,11,18.2)->(20,12,18.7)->(20,13,19.2)->(20,14,19.7)->(20,15,20.2)->(20,16,20.7)->(20,17,21.2)->(20,18,21.7)->(20,19,22.2)->(20,20,22.7)->(20,21,23.2)->(20,22,23.7)->(20,23,24.2179)->(20,24,24.7858)->(20,25,25.4679)->(20,26,26.7858)->(20,27,5013.1)->
Agent 66:(3,13,2.11784)->(3,14,3.64989)->(3,15,4.96773)->(3,16,5.69978)->(3,17,6.43183)->(3,18,7.74966)->(3,19,9.96388)->(4,19,12.1781)->(5,19,13.4959)->(6,19,14.1781)->(7,19,14.7459)->(8,19,15.2639)->(9,19,15.7639)->(10,19,16.2639)->(11,19,16.7639)->(12,19,17.2639)->(13,19,17.7639)->(14,19,18.2639)->(15,19,18.7818)->(16,19,19.3497)->(17,19,20.0318)->(18,19,21.3497)->(19,19,5010.38)->
Agent 67:(24,21,3.24626)->(24,20,5.90674)->(24,19,7.22458)->(24,18,7.90674)->(24,17,8.47458)->(24,16,8.99253)->(24,15,9.49253)->(24,14,9.99253)->(24,13,10.4925)->(24,12,10.9925)->(24,11,11.5105)->(24,10,12.0783)->(24,9,12.7605)->(24,8,14.0783)->(24,7,16.2925)->(25,7,18.5067)->(26,7,19.8246)->(27,7,20.5566)->(28,7,21.2887)->(29,7,22.6065)->(30,7,5011.01)->
Agent 68:(31,16,1.3)->(31,17,2.01421)->(31,18,3.42843)->(31,19,4.84264)->(31,20,11.9426)->(30,20,19.0426)->(29,20,20.3605)->(28,20,21.0426)->(27,20,21.6105)->(26,20,22.1284)->(25,20,22.6284)->(24,20,23.1284)->(23,20,23.6284)->(22,20,24.1284)->(21,20,24.6284)->(20,20,25.1464)->(19,20,25.7142)->(18,20,26.3964)->(17,20,27.7142)->(16,20,5013.56)->
Agent 69:(26,21,3.97832)->(25,21,7.37084)->(24,21,8.68868)->(23,21,9.37084)->(22,21,9.93868)->(21,21,10.4566)->(20,21,10.9566)->(19,21,11.4566)->(18,21,11.9566)->(17,21,12.4566)->(16,21,12.9566)->(15,21,13.4566)->(14,21,13.9566)->(13,21,14.4566)->(12,21,14.9746)->(11,21,15.5424)->(10,21,16.2246)->(9,21,17.5424)->(8,21,19.7566)->(8,22,22.0061)->(8,23,24.0061)->(8,24,5011.73)->
