Agent 0:(21,4,3.3)->(22,4,6.04949)->(23,4,8.04949)->(24,4,10.299)->(24,5,12.5132)->(24,6,13.831)->(24,7,14.5132)->(24,8,15.081)->(24,9,15.599)->(24,10,16.099)->(24,11,16.599)->(24,12,17.099)->(24,13,17.599)->(24,14,18.099)->(24,15,18.599)->(24,16,19.099)->(24,17,19.599)->(24,18,20.099)->(24,19,20.6169)->(24,20,21.1848)->(24,21,21.8669)->(24,22,23.1848)->(24,23,5011.3)->
Agent 1:(17,29,3.70587)->(16,29,6.82596)->(15,29,8.14379)->(14,29,8.82596)->(13,29,9.39379)->(12,29,9.91174)->(11,29,10.4117)->(10,29,10.9117)->(9,29,11.4297)->(8,29,11.9975)->(7,29,12.6797)->(6,29,13.9975)->(5,29,18.0333)->(5,28,22.0691)->(5,27,23.3869)->(5,26,24.0691)->(5,25,24.6369)->(5,24,25.1549)->(5,23,25.6549)->(5,22,26.1549)->(5,21,26.6549)->(5,20,27.1549)->(5,19,27.6549)->(5,18,28.1549)->(5,17,28.6549)->(5,16,29.1549)->(5,15,29.6549)->(5,14,30.1549)->(5,13,30.6549)->(5,12,31.1549)->(5,11,31.6728)->(5,10,32.2407)->(5,9,32.9228)->(5,8,34.2407)->(5,7,36.8691)->(4,7,5018.63)->
Agent 2:(10,12,2.03772)->(11,12,3.48966)->(12,12,4.82351)->(13,12,5.65194)->(14,12,6.98579)->(15,12,9.2)->(15,13,12)->(15,14,19.35)->(16,14,26.7)->(17,14,5013.35)->
Agent 3:(22,26,2.29166)->(21,26,3.99753)->(20,26,5.31537)->(19,26,5.99753)->(18,26,6.56537)->(17,26,7.10126)->(16,26,7.6691)->(15,26,8.35126)->(14,26,9.6691)->(13,26,12.3155)->(13,25,14.9619)->(13,24,16.2797)->(13,23,16.9619)->(13,22,17.5297)->(13,21,18.0476)->(13,20,18.5476)->(13,19,19.0476)->(13,18,19.5476)->(13,17,20.0476)->(13,16,20.5476)->(13,15,21.0476)->(13,14,21.5476)->(13,13,22.0476)->(13,12,22.5476)->(13,11,23.0476)->(13,10,23.5476)->(13,9,24.0476)->(13,8,24.5476)->(13,7,25.0476)->(13,6,25.5476)->(13,5,26.0476)->(13,4,26.5656)->(13,3,27.1334)->(13,2,27.8156)->(13,1,29.1334)->(13,0,31.3476)->(12,0,34.1476)->(11,0,5017.07)->
Agent 4:(10,0,2.6642)->(10,1,4.74261)->(10,2,6.06045)->(10,3,6.74261)->(10,4,7.31045)->(10,5,7.8284)->(10,6,8.3284)->(10,7,8.8284)->(10,8,9.3284)->(10,9,9.8284)->(10,10,10.3284)->(10,11,10.8284)->(10,12,11.3284)->(10,13,11.8463)->(10,14,12.4142)->(10,15,13.0963)->(10,16,14.4142)->(10,17,16.6284)->(9,17,18.8426)->(8,17,20.1605)->(7,17,20.8426)->(6,17,21.4284)->(5,17,22.0142)->(4,17,22.6963)->(3,17,24.0142)->(2,17,26.2284)->(2,18,28.4426)->(2,19,29.7605)->(2,20,30.4426)->(2,21,31.0105)->(2,22,31.5284)->(2,23,32.0463)->(2,24,32.6142)->(2,25,33.2963)->(2,26,34.6142)->(2,27,5017.01)->
Agent 5:(21,14,1.8)->(20,14,3.01421)->(19,14,4.33205)->(18,14,5.02382)->(17,14,5.65949)->(16,14,6.35126)->(15,14,7.6691)->(14,14,9.88331)->(14,13,12.0975)->(14,12,13.4154)->(14,11,14.0975)->(14,10,14.6833)->(14,9,15.2691)->(14,8,15.9513)->(14,7,17.2691)->(14,6,21.3296)->(14,7,26.7758)->(13,7,5013.79)->
Agent 6:(13,20,2.21421)->(12,20,4.81421)->(12,21,7.44264)->(12,22,8.77649)->(12,23,9.60492)->(12,24,10.9388)->(12,25,14.7787)->(13,25,19.5903)->(13,26,22.8045)->(13,27,5011.4)->
Agent 7:(19,30,1.87744)->(18,30,3.1691)->(17,30,4.48694)->(16,30,5.1691)->(15,30,5.73694)->(14,30,6.25489)->(13,30,6.75489)->(12,30,7.25489)->(11,30,7.75489)->(10,30,8.25489)->(9,30,8.77284)->(8,30,9.34067)->(7,30,10.0228)->(6,30,11.3407)->(5,30,17.7049)->(5,29,24.0691)->(5,28,25.3869)->(5,27,26.0691)->(5,26,26.6369)->(5,25,27.1549)->(5,24,27.6549)->(5,23,28.1549)->(5,22,28.6549)->(5,21,29.1549)->(5,20,29.6549)->(5,19,30.1549)->(5,18,30.6549)->(5,17,31.1549)->(5,16,31.6549)->(5,15,32.1549)->(5,14,32.6549)->(5,13,33.1549)->(5,12,33.6728)->(5,11,34.2407)->(5,10,34.9228)->(5,9,36.2407)->(5,8,5017.83)->
Agent 8:(22,1,1.3)->(22,2,2.01421)->(22,3,3.33205)->(22,4,4.01421)->(22,5,4.58205)->(22,6,5.1)->(22,7,5.6)->(22,8,6.1)->(22,9,6.6)->(22,10,7.1)->(22,11,7.6)->(22,12,8.1)->(22,13,8.6)->(22,14,9.1)->(22,15,9.6)->(22,16,10.1)->(22,17,10.6)->(22,18,11.1179)->(22,19,11.6858)->(22,20,12.3679)->(22,21,13.6858)->(22,22,15.9)->(21,22,18.1142)->(20,22,19.4321)->(19,22,20.1142)->(18,22,20.6821)->(17,22,21.2)->(16,22,21.7179)->(15,22,22.2858)->(14,22,22.9679)->(13,22,24.2858)->(12,22,26.9142)->(12,23,5013.65)->
Agent 9:(7,18,9.25961)->(7,19,17.9334)->(7,20,19.2513)->(7,21,19.9334)->(7,22,20.5013)->(7,23,21.0192)->(7,24,21.5192)->(7,25,22.0192)->(7,26,22.5372)->(7,27,23.105)->(7,28,23.7872)->(7,29,25.105)->(7,30,27.3192)->(8,30,29.5334)->(9,30,30.8513)->(10,30,31.5334)->(11,30,32.1013)->(12,30,32.6192)->(13,30,33.1192)->(14,30,33.6192)->(15,30,34.1192)->(16,30,34.6192)->(17,30,35.1372)->(18,30,35.705)->(19,30,36.3872)->(20,30,37.705)->(21,30,5018.56)->
Agent 10:(16,23,1.8)->(17,23,3.01421)->(18,23,4.33205)->(19,23,5.01421)->(20,23,5.58205)->(21,23,6.1)->(22,23,6.61795)->(23,23,7.18579)->(24,23,7.86795)->(25,23,9.18579)->(26,23,11.4)->(26,24,13.6142)->(26,25,14.9321)->(26,26,15.6238)->(26,27,16.2595)->(26,28,16.9513)->(26,29,18.2691)->(26,30,5008.84)->
Agent 11:(23,9,2.53205)->(22,9,4.47832)->(21,9,5.79615)->(20,9,6.47832)->(19,9,7.0641)->(18,9,7.64989)->(17,9,8.33205)->(16,9,9.64989)->(15,9,12.5404)->(15,8,15.4309)->(15,7,16.7487)->(15,6,17.4405)->(15,5,18.0762)->(15,4,18.7679)->(15,3,20.0858)->(15,2,5009.75)->
Agent 12:(4,23,1.8)->(5,23,3.01421)->(6,23,4.33205)->(7,23,5.01421)->(8,23,5.58205)->(9,23,6.1)->(10,23,6.6)->(11,23,7.1)->(12,23,7.6)->(13,23,8.1)->(14,23,8.61795)->(15,23,9.18579)->(16,23,9.86795)->(17,23,11.1858)->(18,23,13.4)->(18,24,15.6142)->(18,25,16.9321)->(18,26,17.6641)->(18,27,18.3962)->(18,28,19.714)->(18,29,21.9282)->(19,29,24.1424)->(20,29,25.4603)->(21,29,26.1424)->(22,29,26.7282)->(23,29,27.314)->(24,29,27.9962)->(25,29,29.314)->(26,29,5014.36)->
Agent 13:(6,0,1.3)->(6,1,2.6)->(6,2,5001.3)->
Agent 14:(24,8,1.3)->(24,9,2.01421)->(24,10,3.33205)->(24,11,4.01421)->(24,12,4.58205)->(24,13,5.1)->(24,14,5.6)->(24,15,6.1)->(24,16,6.6)->(24,17,7.1)->(24,18,7.6)->(24,19,8.1)->(24,20,8.6)->(24,21,9.11795)->(24,22,9.68579)->(24,23,10.3679)->(24,24,11.6858)->(24,25,13.9)->(23,25,16.1495)->(22,25,18.1495)->(21,25,5008.8)->
Agent 15:(7,20,1.8)->(8,20,3.6)->(9,20,6.71323)->(9,19,9.24067)->(9,18,10.5585)->(9,17,11.2407)->(9,16,11.8085)->(9,15,12.3265)->(9,14,12.8265)->(9,13,13.3265)->(9,12,13.8265)->(9,11,14.3265)->(9,10,14.8265)->(9,9,15.3265)->(9,8,15.8265)->(9,7,16.3444)->(9,6,16.9122)->(9,5,17.5944)->(9,4,18.9122)->(9,3,21.1265)->(10,3,23.3407)->(11,3,24.6585)->(12,3,25.3407)->(13,3,25.9085)->(14,3,26.4265)->(15,3,26.9265)->(16,3,27.4265)->(17,3,27.9265)->(18,3,28.4265)->(19,3,28.9265)->(20,3,29.4265)->(21,3,29.9444)->(22,3,30.5122)->(23,3,31.1944)->(24,3,32.5122)->(25,3,5015.96)->
Agent 16:(1,28,2.2)->(1,27,3.81421)->(1,26,5.13205)->(1,25,5.81421)->(1,24,6.38205)->(1,23,6.9)->(1,22,7.4)->(1,21,7.9)->(1,20,8.4)->(1,19,8.91795)->(1,18,9.48579)->(1,17,10.1679)->(1,16,11.4858)->(1,15,15.9049)->(2,15,20.324)->(3,15,21.6418)->(4,15,22.324)->(5,15,22.8918)->(6,15,23.4098)->(7,15,23.9098)->(8,15,24.4098)->(9,15,24.9098)->(10,15,25.4098)->(11,15,25.9098)->(12,15,26.4098)->(13,15,26.9098)->(14,15,27.4098)->(15,15,27.9098)->(16,15,28.4098)->(17,15,28.9098)->(18,15,29.4098)->(19,15,29.9098)->(20,15,30.4098)->(21,15,30.9098)->(22,15,31.4098)->(23,15,31.9098)->(24,15,32.4277)->(25,15,32.9956)->(26,15,33.6777)->(27,15,34.9956)->(28,15,37.624)->(28,16,5019)->
Agent 17:(23,2,1.3)->(23,3,2.01421)->(23,4,3.33205)->(23,5,4.0641)->(23,6,4.79615)->(23,7,6.11399)->(23,8,8.74242)->(22,8,14.1388)->(22,9,5008.16)->
Agent 18:(10,3,2.12744)->(10,4,3.6691)->(10,5,4.98694)->(10,6,5.6691)->(10,7,6.23694)->(10,8,6.75489)->(10,9,7.25489)->(10,10,7.75489)->(10,11,8.25489)->(10,12,8.75489)->(10,13,9.25489)->(10,14,9.75489)->(10,15,10.2549)->(10,16,10.7549)->(10,17,11.2549)->(10,18,11.7549)->(10,19,12.2549)->(10,20,12.7549)->(10,21,13.2549)->(10,22,13.7549)->(10,23,14.2549)->(10,24,14.7549)->(10,25,15.2549)->(10,26,15.7549)->(10,27,16.2728)->(10,28,16.8407)->(10,29,17.5228)->(10,30,18.8407)->(10,31,23.4191)->(11,31,27.9975)->(12,31,29.3314)->(13,31,30.1598)->(14,31,31.4937)->(15,31,5015.45)->
Agent 19:(10,24,6.51421)->(11,24,12.4426)->(12,24,13.7605)->(13,24,14.4426)->(14,24,15.0284)->(15,24,15.6142)->(16,24,16.2964)->(17,24,17.6142)->(18,24,20.2925)->(18,23,22.9708)->(18,22,24.2887)->(18,21,24.9708)->(18,20,25.5387)->(18,19,26.0566)->(18,18,26.5566)->(18,17,27.0566)->(18,16,27.5566)->(18,15,28.0566)->(18,14,28.5566)->(18,13,29.0566)->(18,12,29.5566)->(18,11,30.0566)->(18,10,30.5566)->(18,9,31.0566)->(18,8,31.5746)->(18,7,32.1424)->(18,6,32.8246)->(18,5,34.1424)->(18,4,5016.78)->
Agent 20:(25,6,1.71421)->(25,7,9.58154)->(25,6,17.9773)->(25,5,19.2951)->(25,4,19.9869)->(25,3,20.6226)->(25,2,21.3143)->(25,1,22.6322)->(25,0,25.2606)->(24,0,5012.82)->
Agent 21:(26,26,5.99166)->(25,26,11.3975)->(24,26,12.7154)->(23,26,13.3975)->(22,26,13.9654)->(21,26,14.4833)->(20,26,14.9833)->(19,26,15.4833)->(18,26,15.9833)->(17,26,16.4833)->(16,26,16.9833)->(15,26,17.4833)->(14,26,17.9833)->(13,26,18.4833)->(12,26,18.9833)->(11,26,19.4833)->(10,26,19.9833)->(9,26,20.4833)->(8,26,20.9833)->(7,26,21.5013)->(6,26,22.0691)->(5,26,22.7513)->(4,26,24.0691)->(3,26,26.2833)->(3,25,29.0833)->(3,24,5014.54)->
Agent 22:(16,4,4.15587)->(15,4,7.72596)->(14,4,9.04379)->(13,4,9.72596)->(12,4,10.2938)->(11,4,10.8117)->(10,4,11.3117)->(9,4,11.8117)->(8,4,12.3297)->(7,4,12.8975)->(6,4,13.5797)->(5,4,14.8975)->(4,4,17.1117)->(4,5,19.326)->(4,6,20.6598)->(4,7,21.4882)->(4,8,22.8221)->(4,9,5011.12)->
Agent 23:(31,30,2.2)->(31,29,3.81421)->(31,28,5.13205)->(31,27,5.81421)->(31,26,6.38205)->(31,25,6.9)->(31,24,7.4)->(31,23,7.9)->(31,22,8.4)->(31,21,8.9)->(31,20,9.41795)->(31,19,9.98579)->(31,18,10.6679)->(31,17,11.9858)->(31,16,20.0822)->(30,16,28.1785)->(29,16,29.4964)->(28,16,30.1785)->(27,16,30.7464)->(26,16,31.2643)->(25,16,31.7643)->(24,16,32.2643)->(23,16,32.7643)->(22,16,33.2643)->(21,16,33.7643)->(20,16,34.2643)->(19,16,34.7643)->(18,16,35.2643)->(17,16,35.7643)->(16,16,36.2643)->(15,16,36.7643)->(14,16,37.2643)->(13,16,37.7643)->(12,16,38.2643)->(11,16,38.7643)->(10,16,39.2643)->(9,16,39.7823)->(8,16,40.3501)->(7,16,41.0323)->(6,16,42.3501)->(5,16,5020.88)->
Agent 24:(17,0,1.3)->(17,1,2.01421)->(17,2,3.33205)->(17,3,4.01421)->(17,4,4.58205)->(17,5,5.1)->(17,6,5.6)->(17,7,6.1)->(17,8,6.6)->(17,9,7.1)->(17,10,7.6)->(17,11,8.1)->(17,12,8.61795)->(17,13,9.18579)->(17,14,9.86795)->(17,15,11.1858)->(17,16,13.8142)->(16,16,22.3706)->(16,17,29.9907)->(16,18,31.9907)->(16,19,5015.72)->
Agent 25:(2,7,1.3)->(2,8,2.01421)->(2,9,3.33205)->(2,10,4.01421)->(2,11,4.58205)->(2,12,5.1)->(2,13,5.6)->(2,14,6.1)->(2,15,6.61795)->(2,16,7.18579)->(2,17,7.86795)->(2,18,9.18579)->(2,19,16.0201)->(3,19,22.8544)->(4,19,24.1722)->(5,19,24.8544)->(6,19,25.4222)->(7,19,25.9402)->(8,19,26.4402)->(9,19,26.9402)->(10,19,27.4402)->(11,19,27.9402)->(12,19,28.4402)->(13,19,28.9402)->(14,19,29.4581)->(15,19,30.026)->(16,19,30.7081)->(17,19,32.026)->(18,19,5015.72)->
Agent 26:(0,16,2.2)->(0,15,3.81421)->(0,14,5.13205)->(0,13,5.81421)->(0,12,6.4)->(0,11,6.98579)->(0,10,7.66795)->(0,9,8.98579)->(0,8,11.2)->(1,8,13.4142)->(2,8,14.7321)->(3,8,15.4142)->(4,8,15.9821)->(5,8,16.5)->(6,8,17)->(7,8,17.5)->(8,8,18)->(9,8,18.5)->(10,8,19)->(11,8,19.5)->(12,8,20)->(13,8,20.5)->(14,8,21)->(15,8,21.5)->(16,8,22)->(17,8,22.5)->(18,8,23)->(19,8,23.5)->(20,8,24.0179)->(21,8,24.5858)->(22,8,25.2679)->(23,8,26.5858)->(24,8,29.2142)->(24,9,5014.8)->
Agent 27:(3,0,1.3)->(3,1,2.01421)->(3,2,3.33205)->(3,3,4.01421)->(3,4,4.58205)->(3,5,5.1)->(3,6,5.6)->(3,7,6.1)->(3,8,6.6)->(3,9,7.11795)->(3,10,7.68579)->(3,11,8.36795)->(3,12,9.68579)->(3,13,17.0132)->(4,13,24.3407)->(5,13,25.6585)->(6,13,26.3407)->(7,13,26.9085)->(8,13,27.4265)->(9,13,27.9265)->(10,13,28.4265)->(11,13,28.9265)->(12,13,29.4265)->(13,13,29.9265)->(14,13,30.4265)->(15,13,30.9265)->(16,13,31.4265)->(17,13,31.9265)->(18,13,32.4265)->(19,13,32.9265)->(20,13,33.4265)->(21,13,33.9265)->(22,13,34.4265)->(23,13,34.9444)->(24,13,35.5122)->(25,13,36.1944)->(26,13,37.5122)->(27,13,40.1407)->(27,14,5020.26)->
Agent 28:(23,0,4.22832)->(23,1,7.87084)->(23,2,9.18868)->(23,3,9.87084)->(23,4,10.4387)->(23,5,10.9566)->(23,6,11.4566)->(23,7,11.9566)->(23,8,12.4566)->(23,9,12.9566)->(23,10,13.4566)->(23,11,13.9566)->(23,12,14.4566)->(23,13,14.9566)->(23,14,15.4746)->(23,15,16.0424)->(23,16,16.7246)->(23,17,18.0424)->(23,18,20.2566)->(22,18,22.4708)->(21,18,23.7887)->(20,18,24.4708)->(19,18,25.0387)->(18,18,25.5566)->(17,18,26.0566)->(16,18,26.5746)->(15,18,27.1424)->(14,18,27.8246)->(13,18,29.1424)->(12,18,5014.28)->
Agent 29:(9,21,1.71421)->(9,22,5.21323)->(9,21,9.24067)->(9,20,10.5585)->(9,19,11.2407)->(9,18,11.8085)->(9,17,12.3265)->(9,16,12.8265)->(9,15,13.3265)->(9,14,13.8265)->(9,13,14.3265)->(9,12,14.8265)->(9,11,15.3265)->(9,10,15.8444)->(9,9,16.4122)->(9,8,17.0944)->(9,7,18.4122)->(9,6,21.205)->(10,6,23.9978)->(11,6,25.3156)->(12,6,25.9978)->(13,6,26.5656)->(14,6,27.0835)->(15,6,27.6015)->(16,6,28.1693)->(17,6,28.8515)->(18,6,30.1693)->(19,6,32.3835)->(19,7,35.1835)->(19,8,5017.59)->
Agent 30:(20,0,1.3)->(20,1,2.01421)->(20,2,3.33205)->(20,3,4.01421)->(20,4,4.58205)->(20,5,5.11795)->(20,6,5.68579)->(20,7,6.36795)->(20,8,7.68579)->(20,9,10.9784)->(21,9,14.2711)->(22,9,15.5889)->(23,9,16.2711)->(24,9,16.8389)->(25,9,17.3748)->(26,9,17.9426)->(27,9,18.6248)->(28,9,19.9426)->(29,9,5009.68)->
Agent 31:(14,6,1.3)->(14,7,2.01421)->(14,8,3.34806)->(14,9,4.17649)->(14,10,5.51034)->(14,11,7.78972)->(13,11,10.0691)->(12,11,11.3869)->(11,11,12.0691)->(10,11,12.6549)->(9,11,13.2407)->(8,11,13.9228)->(7,11,15.2407)->(6,11,17.4549)->(6,12,19.6691)->(6,13,20.9869)->(6,14,21.6787)->(6,15,22.3144)->(6,16,23.0062)->(6,17,24.324)->(6,18,5011.87)->
Agent 32:(24,11,1.55)->(24,12,2.51421)->(24,13,3.83205)->(24,14,4.51421)->(24,15,5.08205)->(24,16,5.6)->(24,17,6.1)->(24,18,6.6)->(24,19,7.1)->(24,20,7.6)->(24,21,8.1)->(24,22,8.6)->(24,23,9.1)->(24,24,9.61795)->(24,25,10.1858)->(24,26,10.8679)->(24,27,12.1858)->(24,28,15.1141)->(23,28,18.0424)->(22,28,19.3603)->(21,28,20.0424)->(20,28,20.6103)->(19,28,21.1282)->(18,28,21.6282)->(17,28,22.1282)->(16,28,22.6282)->(15,28,23.1282)->(14,28,23.6282)->(13,28,24.1282)->(12,28,24.6282)->(11,28,25.1282)->(10,28,25.6282)->(9,28,26.1462)->(8,28,26.714)->(7,28,27.3962)->(6,28,28.714)->(5,28,5014.06)->
Agent 33:(17,12,1.8)->(18,12,3.01421)->(19,12,4.42843)->(20,12,5.84264)->(21,12,8.05685)->(21,11,10.2711)->(21,10,11.5889)->(21,9,12.2711)->(21,8,12.8389)->(21,7,13.3569)->(21,6,13.8569)->(21,5,14.3569)->(21,4,14.8748)->(21,3,15.4426)->(21,2,16.1248)->(21,1,17.4426)->(21,0,5008.43)->
Agent 34:(26,5,2.84989)->(26,4,5.11399)->(26,3,6.5282)->(26,2,7.94242)->(26,1,10.1566)->(27,1,12.9566)->(28,1,5006.48)->
Agent 35:(28,0,2.53205)->(28,1,4.47832)->(28,2,5.79615)->(28,3,6.47832)->(28,4,7.04615)->(28,5,7.5641)->(28,6,8.0641)->(28,7,8.5641)->(28,8,9.0641)->(28,9,9.5641)->(28,10,10.0821)->(28,11,10.6499)->(28,12,11.3321)->(28,13,12.6499)->(28,14,14.8641)->(27,14,17.0783)->(26,14,18.4925)->(25,14,19.9067)->(24,14,5009.66)->
Agent 36:(4,28,2.2)->(4,27,3.81421)->(4,26,5.13205)->(4,25,5.81421)->(4,24,6.38205)->(4,23,6.9)->(4,22,7.4)->(4,21,7.9)->(4,20,8.4)->(4,19,8.9)->(4,18,9.4)->(4,17,9.9)->(4,16,10.4)->(4,15,10.9)->(4,14,11.4)->(4,13,11.9179)->(4,12,12.4858)->(4,11,13.1679)->(4,10,14.4858)->(4,9,16.7)->(5,9,18.9142)->(6,9,20.2321)->(7,9,20.9142)->(8,9,21.5)->(9,9,22.0858)->(10,9,22.7679)->(11,9,24.0858)->(12,9,26.3)->(12,8,28.5142)->(12,7,29.9284)->(12,6,31.3426)->(12,5,33.5569)->(13,5,35.7711)->(14,5,37.0889)->(15,5,37.7711)->(16,5,38.3389)->(17,5,38.8569)->(18,5,39.3569)->(19,5,39.8569)->(20,5,40.3569)->(21,5,40.8569)->(22,5,41.3569)->(23,5,41.8569)->(24,5,42.3569)->(25,5,42.8569)->(26,5,43.3748)->(27,5,43.9426)->(28,5,44.6248)->(29,5,45.9426)->(30,5,5022.68)->
Agent 37:(30,17,1.71421)->(30,18,13.9307)->(29,18,26.711)->(28,18,28.711)->(27,18,5014.08)->
Agent 38:(15,6,2.4142)->(14,6,4.24261)->(13,6,5.56045)->(12,6,6.24261)->(11,6,6.81045)->(10,6,7.3284)->(9,6,7.8284)->(8,6,8.3284)->(7,6,8.84635)->(6,6,9.41419)->(5,6,10.0963)->(4,6,11.4142)->(3,6,13.6284)->(3,5,16.4284)->(3,4,5008.21)->
Agent 39:(19,23,1.71421)->(19,24,4.62843)->(19,23,9.04264)->(20,23,12.2569)->(21,23,5006.13)->
Agent 40:(15,15,2.2)->(15,14,3.81421)->(15,13,5.13205)->(15,12,5.81421)->(15,11,6.38205)->(15,10,6.9)->(15,9,7.4)->(15,8,7.9)->(15,7,8.41795)->(15,6,8.98579)->(15,5,9.66795)->(15,4,10.9858)->(15,3,13.2)->(16,3,15.4142)->(17,3,16.8284)->(18,3,18.2426)->(19,3,20.9926)->(19,2,5010.75)->
Agent 41:(11,3,4.74166)->(11,4,8.89753)->(11,5,10.2154)->(11,6,10.8975)->(11,7,11.4654)->(11,8,11.9833)->(11,9,12.4833)->(11,10,13.0013)->(11,11,13.5691)->(11,12,14.2513)->(11,13,15.5691)->(11,14,18.5155)->(12,14,22.0476)->(13,14,5011.02)->
Agent 42:(27,29,2.2)->(27,28,3.81421)->(27,27,5.13205)->(27,26,5.81421)->(27,25,6.38205)->(27,24,6.9)->(27,23,7.4)->(27,22,7.9)->(27,21,8.4)->(27,20,8.91795)->(27,19,9.48579)->(27,18,10.1679)->(27,17,11.4858)->(27,16,17.3763)->(26,16,23.2668)->(25,16,24.5846)->(24,16,25.2764)->(23,16,25.9121)->(22,16,26.6038)->(21,16,27.9217)->(20,16,30.5501)->(20,17,5015.47)->
Agent 43:(6,4,1.3)->(6,5,2.01421)->(6,6,3.33205)->(6,7,4.01421)->(6,8,4.58205)->(6,9,5.1)->(6,10,5.6)->(6,11,6.1)->(6,12,6.6)->(6,13,7.1)->(6,14,7.6)->(6,15,8.1)->(6,16,8.61795)->(6,17,9.18579)->(6,18,9.86795)->(6,19,11.1858)->(6,20,13.4)->(7,20,15.6142)->(8,20,16.9321)->(9,20,17.6142)->(10,20,18.1821)->(11,20,18.7)->(12,20,19.2)->(13,20,19.7)->(14,20,20.2)->(15,20,20.7)->(16,20,21.2179)->(17,20,21.7858)->(18,20,22.4679)->(19,20,23.7858)->(20,20,26)->(20,21,28.2142)->(20,22,29.5321)->(20,23,30.2641)->(20,24,30.9962)->(20,25,32.314)->(20,26,5015.86)->
Agent 44:(23,6,1.8)->(24,6,3.6)->(25,6,10.0815)->(24,6,16.5631)->(23,6,22.2815)->(23,7,28)->(23,8,5014)->
Agent 45:(6,29,2.2)->(6,28,3.81421)->(6,27,5.13205)->(6,26,5.82382)->(6,25,6.45949)->(6,24,7.15126)->(6,23,8.4691)->(6,22,17.7559)->(7,22,27.0426)->(8,22,28.3605)->(9,22,29.0426)->(10,22,29.6105)->(11,22,30.1284)->(12,22,30.6284)->(13,22,31.1284)->(14,22,31.6464)->(15,22,32.2142)->(16,22,32.8964)->(17,22,34.2142)->(18,22,5016.81)->
Agent 46:(17,11,3.53205)->(17,12,6.47832)->(17,13,7.79615)->(17,14,8.47832)->(17,15,9.04615)->(17,16,9.5641)->(17,17,10.0641)->(17,18,10.5641)->(17,19,11.0641)->(17,20,11.5641)->(17,21,12.0821)->(17,22,12.6499)->(17,23,13.3321)->(17,24,14.6499)->(17,25,18.0788)->(16,25,21.5078)->(15,25,22.8256)->(14,25,23.5078)->(13,25,24.0756)->(12,25,24.6115)->(11,25,25.1793)->(10,25,25.8615)->(9,25,27.1793)->(8,25,5013.3)->
Agent 47:(7,12,2.2)->(7,11,3.81421)->(7,10,5.13205)->(7,9,5.81421)->(7,8,6.38205)->(7,7,6.9)->(7,6,7.41795)->(7,5,7.98579)->(7,4,8.66795)->(7,3,9.98579)->(7,2,12.2)->(8,2,14.4142)->(9,2,15.7321)->(10,2,16.4142)->(11,2,16.9821)->(12,2,17.5)->(13,2,18)->(14,2,18.5)->(15,2,19)->(16,2,19.5)->(17,2,20)->(18,2,20.5)->(19,2,21)->(20,2,21.5)->(21,2,22)->(22,2,22.5)->(23,2,23)->(24,2,23.5)->(25,2,24)->(26,2,24.5)->(27,2,25.0179)->(28,2,25.5858)->(29,2,26.2679)->(30,2,27.5858)->(31,2,29.8)->(31,1,32.6)->(31,0,5016.3)->
Agent 48:(5,3,2.2)->(5,2,4.4)->(5,1,8.42843)->(6,1,11.8711)->(7,1,13.1889)->(8,1,13.8711)->(9,1,14.4389)->(10,1,14.9569)->(11,1,15.4569)->(12,1,15.9569)->(13,1,16.4569)->(14,1,16.9569)->(15,1,17.4569)->(16,1,17.9569)->(17,1,18.4748)->(18,1,19.0426)->(19,1,19.7248)->(20,1,21.0426)->(21,1,5010.23)->
Agent 49:(16,30,2.29166)->(16,29,3.99753)->(16,28,5.31537)->(16,27,5.99753)->(16,26,6.56537)->(16,25,7.08331)->(16,24,7.58331)->(16,23,8.08331)->(16,22,8.58331)->(16,21,9.08331)->(16,20,9.58331)->(16,19,10.0833)->(16,18,10.5833)->(16,17,11.0833)->(16,16,11.5833)->(16,15,12.0833)->(16,14,12.5833)->(16,13,13.0833)->(16,12,13.5833)->(16,11,14.1013)->(16,10,14.6691)->(16,9,15.3513)->(16,8,16.6691)->(16,7,18.8833)->(15,7,21.0975)->(14,7,22.4154)->(13,7,23.0975)->(12,7,23.6654)->(11,7,24.1833)->(10,7,24.6833)->(9,7,25.1833)->(8,7,25.6833)->(7,7,26.1833)->(6,7,26.7013)->(5,7,27.2691)->(4,7,27.9513)->(3,7,29.2691)->(2,7,31.8975)->(2,8,5016.14)->
Agent 50:(7,17,2.2)->(7,16,3.81421)->(7,15,5.13205)->(7,14,5.82382)->(7,13,6.45949)->(7,12,7.15126)->(7,11,8.4691)->(7,10,13.4513)->(8,10,18.4334)->(9,10,19.7513)->(10,10,20.4334)->(11,10,21.0013)->(12,10,21.5192)->(13,10,22.0192)->(14,10,22.5192)->(15,10,23.0192)->(16,10,23.5192)->(17,10,24.0192)->(18,10,24.5192)->(19,10,25.0192)->(20,10,25.5192)->(21,10,26.0372)->(22,10,26.605)->(23,10,27.2872)->(24,10,28.605)->(25,10,31.2334)->(25,11,5015.81)->
Agent 51:(16,0,2.4142)->(17,0,4.24261)->(18,0,5.65683)->(19,0,7.07104)->(20,0,12.6426)->(20,1,18.2142)->(20,2,19.5321)->(20,3,20.2142)->(20,4,20.7821)->(20,5,21.3)->(20,6,21.8)->(20,7,22.3)->(20,8,22.8)->(20,9,23.3)->(20,10,23.8)->(20,11,24.3)->(20,12,24.8)->(20,13,25.3)->(20,14,25.8)->(20,15,26.3)->(20,16,26.8179)->(20,17,27.3858)->(20,18,28.0679)->(20,19,29.3858)->(20,20,5014.4)->
Agent 52:(30,2,1.8)->(29,2,3.01421)->(28,2,4.33205)->(27,2,5.0641)->(26,2,5.79615)->(25,2,7.11399)->(24,2,9.74242)->(24,1,22.0273)->(24,2,33.9265)->(24,3,5016.96)->
Agent 53:(5,19,1.3)->(5,20,2.6)->(5,21,5.93579)->(6,21,8.68579)->(7,21,10.0036)->(8,21,10.6954)->(9,21,11.3311)->(10,21,12.0228)->(11,21,13.3407)->(12,21,5006.38)->
Agent 54:(4,2,1.3)->(4,3,2.04949)->(4,4,4.04949)->(4,5,6.76308)->(5,5,9.4414)->(6,5,10.7592)->(7,5,11.4414)->(8,5,12.0092)->(9,5,12.5272)->(10,5,13.0272)->(11,5,13.5272)->(12,5,14.0272)->(13,5,14.5272)->(14,5,15.0272)->(15,5,15.5272)->(16,5,16.0272)->(17,5,16.5272)->(18,5,17.0272)->(19,5,17.5272)->(20,5,18.0272)->(21,5,18.5272)->(22,5,19.0272)->(23,5,19.5272)->(24,5,20.0451)->(25,5,20.613)->(26,5,21.2951)->(27,5,22.613)->(28,5,24.8272)->(28,6,27.0414)->(28,7,28.3592)->(28,8,29.0414)->(28,9,29.6092)->(28,10,30.1272)->(28,11,30.6272)->(28,12,31.1272)->(28,13,31.6272)->(28,14,32.1272)->(28,15,32.6272)->(28,16,33.1272)->(28,17,33.6272)->(28,18,34.1272)->(28,19,34.6272)->(28,20,35.1272)->(28,21,35.6272)->(28,22,36.1272)->(28,23,36.6272)->(28,24,37.1451)->(28,25,37.713)->(28,26,38.3951)->(28,27,39.713)->(28,28,5019.56)->
Agent 55:(7,19,1.8)->(6,19,3.6)->(5,19,6.4)->(5,18,8.61421)->(5,17,9.93205)->(5,16,10.6238)->(5,15,11.2595)->(5,14,11.9513)->(5,13,13.2691)->(5,12,18.2975)->(6,12,5010.54)->
Agent 56:(22,18,3.29166)->(21,18,5.99753)->(20,18,7.31537)->(19,18,7.99753)->(18,18,8.56537)->(17,18,9.08331)->(16,18,9.58331)->(15,18,10.0833)->(14,18,10.5833)->(13,18,11.1013)->(12,18,11.6691)->(11,18,12.3513)->(10,18,13.6691)->(9,18,5006.54)->
Agent 57:(7,21,2.8)->(7,22,5.04949)->(7,23,7.04949)->(7,24,11.4127)->(8,24,15.7407)->(9,24,17.1549)->(10,24,18.5691)->(11,24,22.8742)->(11,25,27.7651)->(11,26,5013.88)->
Agent 58:(8,7,1.3)->(8,8,2.01421)->(8,9,3.33205)->(8,10,4.01421)->(8,11,4.58205)->(8,12,5.1)->(8,13,5.6)->(8,14,6.1)->(8,15,6.6)->(8,16,7.1)->(8,17,7.6)->(8,18,8.1)->(8,19,8.6)->(8,20,9.1)->(8,21,9.6)->(8,22,10.1)->(8,23,10.6179)->(8,24,11.1858)->(8,25,11.8679)->(8,26,13.1858)->(8,27,15.6454)->(9,27,18.105)->(10,27,19.4228)->(11,27,20.105)->(12,27,20.6728)->(13,27,21.2087)->(14,27,21.7766)->(15,27,22.4587)->(16,27,23.7766)->(17,27,5011.6)->
Agent 59:(12,25,1.8)->(11,25,3.04949)->(10,25,5.04949)->(9,25,15.1321)->(9,26,25.2146)->(9,27,27.2146)->(9,28,5013.33)->
Agent 60:(12,31,4.01228)->(13,31,7.43877)->(14,31,8.75661)->(15,31,9.43877)->(16,31,10.0066)->(17,31,10.5246)->(18,31,11.0246)->(19,31,11.5246)->(20,31,12.0246)->(21,31,12.5246)->(22,31,13.0246)->(23,31,13.5425)->(24,31,14.1103)->(25,31,14.7925)->(26,31,16.1103)->(27,31,18.3246)->(27,30,20.5388)->(27,29,21.8566)->(27,28,22.5388)->(27,27,23.1066)->(27,26,23.6246)->(27,25,24.1246)->(27,24,24.6246)->(27,23,25.1246)->(27,22,25.6246)->(27,21,26.1246)->(27,20,26.6246)->(27,19,27.1246)->(27,18,27.6425)->(27,17,28.2103)->(27,16,28.8925)->(27,15,30.2103)->(27,14,32.8388)->(28,14,5016.61)->
Agent 61:(19,26,1.3)->(19,27,2.01421)->(19,28,3.34806)->(19,29,4.17649)->(19,30,5.51034)->(19,31,7.72456)->(20,31,9.93877)->(21,31,11.2566)->(22,31,11.9388)->(23,31,12.5066)->(24,31,13.0246)->(25,31,13.5425)->(26,31,14.1103)->(27,31,14.7925)->(28,31,16.1103)->(29,31,18.3246)->(29,30,21.1246)->(29,29,28.8539)->(29,30,36.5833)->(29,31,5018.29)->
Agent 62:(13,25,4.3)->(13,24,8.6)->(13,23,11.4)->(12,23,13.6142)->(11,23,14.9321)->(10,23,15.6238)->(9,23,16.2595)->(8,23,16.9513)->(7,23,18.2691)->(6,23,5008.84)->
Agent 63:(18,8,2.20587)->(18,9,3.82596)->(18,10,5.14379)->(18,11,5.82596)->(18,12,6.39379)->(18,13,6.91174)->(18,14,7.41174)->(18,15,7.92969)->(18,16,8.49753)->(18,17,9.17969)->(18,18,10.4975)->(18,19,12.7117)->(17,19,14.926)->(16,19,16.2438)->(15,19,16.926)->(14,19,17.4938)->(13,19,18.0297)->(12,19,18.5975)->(11,19,19.2797)->(10,19,20.5975)->(9,19,23.226)->(9,20,5011.81)->
Agent 64:(7,29,2.2)->(7,28,4.4)->(7,27,7.2)->(6,27,9.41421)->(5,27,10.7321)->(4,27,11.4641)->(3,27,12.1962)->(2,27,13.514)->(1,27,5006.46)->
Agent 65:(22,21,1.8)->(21,21,3.01421)->(20,21,4.33205)->(19,21,5.01421)->(18,21,5.6)->(17,21,6.18579)->(16,21,6.86795)->(15,21,8.18579)->(14,21,10.8096)->(14,20,13.4334)->(14,19,14.7513)->(14,18,15.4334)->(14,17,16.0013)->(14,16,16.5192)->(14,15,17.0192)->(14,14,17.5192)->(14,13,18.0372)->(14,12,18.605)->(14,11,19.2872)->(14,10,20.605)->(14,9,5010.01)->
Agent 66:(11,24,2.2)->(11,23,3.81421)->(11,22,5.13205)->(11,21,5.82382)->(11,20,6.45949)->(11,19,7.15126)->(11,18,8.4691)->(11,17,10.6833)->(12,17,12.8975)->(13,17,14.2154)->(14,17,14.8975)->(15,17,15.4654)->(16,17,15.9833)->(17,17,16.5013)->(18,17,17.0691)->(19,17,17.7513)->(20,17,19.0691)->(21,17,5009.24)->
Agent 67:(11,4,3.74166)->(11,5,6.89753)->(11,6,8.21537)->(11,7,8.89753)->(11,8,9.46537)->(11,9,9.98331)->(11,10,10.4833)->(11,11,10.9833)->(11,12,11.4833)->(11,13,11.9833)->(11,14,12.4833)->(11,15,12.9833)->(11,16,13.4833)->(11,17,13.9833)->(11,18,14.4833)->(11,19,14.9833)->(11,20,15.4833)->(11,21,15.9833)->(11,22,16.4833)->(11,23,16.9833)->(11,24,17.4833)->(11,25,17.9833)->(11,26,18.4833)->(11,27,19.0013)->(11,28,19.5691)->(11,29,20.2513)->(11,30,21.5691)->(11,31,23.7833)->(12,31,25.9975)->(13,31,27.3154)->(14,31,27.9975)->(15,31,28.5654)->(16,31,29.0833)->(17,31,29.5833)->(18,31,30.0833)->(19,31,30.5833)->(20,31,31.0833)->(21,31,31.5833)->(22,31,32.0833)->(23,31,32.5833)->(24,31,33.0833)->(25,31,33.5833)->(26,31,34.0833)->(27,31,34.6013)->(28,31,35.1691)->(29,31,35.8513)->(30,31,37.1691)->(31,31,5018.29)->
Agent 68:(4,12,2.8)->(3,12,5.01421)->(2,12,6.42843)->(1,12,7.84264)->(0,12,10.0569)->(0,13,12.2711)->(0,14,13.5889)->(0,15,14.2711)->(0,16,14.8389)->(0,17,15.3569)->(0,18,15.8569)->(0,19,16.3569)->(0,20,16.8569)->(0,21,17.3569)->(0,22,17.8569)->(0,23,18.3569)->(0,24,18.8748)->(0,25,19.4426)->(0,26,20.1248)->(0,27,21.4426)->(0,28,5010.43)->
Agent 69:(22,11,1.79166)->(22,12,2.99753)->(22,13,4.31537)->(22,14,4.99753)->(22,15,5.56537)->(22,16,6.08331)->(22,17,6.58331)->(22,18,7.08331)->(22,19,7.58331)->(22,20,8.10126)->(22,21,8.6691)->(22,22,9.35126)->(22,23,10.6691)->(22,24,5005.04)->
