Agent 0:(12,8,1.3)->(12,9,2.04949)->(12,10,4.04949)->(12,11,8.42792)->(13,11,12.7711)->(14,11,14.0889)->(15,11,14.7711)->(16,11,15.3389)->(17,11,15.8569)->(18,11,16.3569)->(19,11,16.8569)->(20,11,17.3569)->(21,11,17.8569)->(22,11,18.3569)->(23,11,18.8569)->(24,11,19.3569)->(25,11,19.8748)->(26,11,20.4426)->(27,11,21.1248)->(28,11,22.4426)->(29,11,25.0711)->(29,12,5012.73)->
Agent 1:(13,19,1.8)->(14,19,3.6)->(15,19,6.4)->(15,20,8.64949)->(15,21,10.6495)->(15,22,14.2637)->(14,22,5007.8)->
Agent 2:(4,29,2.2)->(4,28,3.81421)->(4,27,5.13205)->(4,26,5.81421)->(4,25,6.38205)->(4,24,6.9)->(4,23,7.4)->(4,22,7.9)->(4,21,8.4)->(4,20,8.9)->(4,19,9.4)->(4,18,9.9)->(4,17,10.4)->(4,16,10.9)->(4,15,11.4)->(4,14,11.9)->(4,13,12.4)->(4,12,12.9)->(4,11,13.4)->(4,10,13.9)->(4,9,14.4179)->(4,8,14.9858)->(4,7,15.6679)->(4,6,16.9858)->(4,5,19.2)->(5,5,21.4142)->(6,5,22.8284)->(7,5,24.2426)->(8,5,26.8711)->(8,4,5013.63)->
Agent 3:(17,21,1.93205)->(16,21,3.27832)->(15,21,4.59615)->(14,21,5.27832)->(13,21,5.8641)->(12,21,6.44989)->(11,21,7.13205)->(10,21,8.44989)->(9,21,13.6963)->(10,21,5008.35)->
Agent 4:(15,0,3.96421)->(15,1,7.34264)->(15,2,8.66048)->(15,3,9.34264)->(15,4,9.91048)->(15,5,10.4284)->(15,6,10.9284)->(15,7,11.4284)->(15,8,11.9284)->(15,9,12.4284)->(15,10,12.9284)->(15,11,13.4284)->(15,12,13.9284)->(15,13,14.4284)->(15,14,14.9284)->(15,15,15.4284)->(15,16,15.9284)->(15,17,16.4284)->(15,18,16.9284)->(15,19,17.4284)->(15,20,17.9284)->(15,21,18.4284)->(15,22,18.9284)->(15,23,19.4284)->(15,24,19.9464)->(15,25,20.5142)->(15,26,21.1964)->(15,27,22.5142)->(15,28,24.7284)->(14,28,26.9426)->(13,28,28.2605)->(12,28,28.9426)->(11,28,29.5105)->(10,28,30.0284)->(9,28,30.5464)->(8,28,31.1142)->(7,28,31.7964)->(6,28,33.1142)->(5,28,5016.26)->
Agent 5:(14,31,5.3)->(14,30,10.0142)->(14,29,11.3321)->(14,28,12.0142)->(14,27,12.5821)->(14,26,13.1)->(14,25,13.6)->(14,24,14.1)->(14,23,14.6)->(14,22,15.1)->(14,21,15.6)->(14,20,16.1179)->(14,19,16.6858)->(14,18,17.3679)->(14,17,18.6858)->(14,16,20.9)->(15,16,23.1142)->(16,16,24.4321)->(17,16,25.1142)->(18,16,25.6821)->(19,16,26.2)->(20,16,26.7)->(21,16,27.2)->(22,16,27.7)->(23,16,28.2)->(24,16,28.7)->(25,16,29.2179)->(26,16,29.7858)->(27,16,30.4679)->(28,16,31.7858)->(29,16,5015.6)->
Agent 6:(30,21,1.8)->(29,21,3.01421)->(28,21,4.34806)->(27,21,5.17649)->(26,21,6.51034)->(25,21,9.29433)->(25,20,12.0783)->(25,19,13.3962)->(25,18,14.0783)->(25,17,14.6462)->(25,16,15.1641)->(25,15,15.6641)->(25,14,16.1641)->(25,13,16.6641)->(25,12,17.1641)->(25,11,17.6641)->(25,10,18.1821)->(25,9,18.7499)->(25,8,19.4321)->(25,7,20.7499)->(25,6,22.9641)->(24,6,25.1783)->(23,6,26.4962)->(22,6,27.1783)->(21,6,27.7462)->(20,6,28.2641)->(19,6,28.7641)->(18,6,29.2641)->(17,6,29.7641)->(16,6,30.2641)->(15,6,30.7821)->(14,6,31.3499)->(13,6,32.0321)->(12,6,33.3499)->(11,6,5016.38)->
Agent 7:(24,30,2.2)->(24,29,4.4)->(24,28,7.2)->(25,28,9.44949)->(26,28,11.4495)->(27,28,5005.45)->
Agent 8:(30,26,2.2)->(30,25,3.81421)->(30,24,5.22843)->(30,23,6.64264)->(30,22,8.85685)->(29,22,11.0711)->(28,22,12.3889)->(27,22,13.0711)->(26,22,13.6389)->(25,22,14.1748)->(24,22,14.7426)->(23,22,15.4248)->(22,22,16.7426)->(21,22,5008.08)->
Agent 9:(18,4,1.8)->(17,4,3.01421)->(16,4,4.33205)->(15,4,5.01421)->(14,4,5.58205)->(13,4,6.1)->(12,4,6.61795)->(11,4,7.18579)->(10,4,7.86795)->(9,4,9.18579)->(8,4,11.4)->(8,5,13.6142)->(8,6,14.9321)->(8,7,15.6142)->(8,8,16.1821)->(8,9,16.7)->(8,10,17.2)->(8,11,17.7)->(8,12,18.2)->(8,13,18.7)->(8,14,19.2179)->(8,15,19.7858)->(8,16,20.4679)->(8,17,21.7858)->(8,18,24.4142)->(7,18,5012.4)->
Agent 10:(6,5,1.8)->(5,5,3.04949)->(4,5,5.04949)->(3,5,7.29898)->(3,6,9.51319)->(3,7,10.831)->(3,8,11.5132)->(3,9,12.081)->(3,10,12.599)->(3,11,13.099)->(3,12,13.599)->(3,13,14.099)->(3,14,14.599)->(3,15,15.099)->(3,16,15.599)->(3,17,16.1169)->(3,18,16.6848)->(3,19,17.3669)->(3,20,18.6848)->(3,21,5009.05)->
Agent 11:(17,15,2.2)->(17,14,3.81421)->(17,13,5.13205)->(17,12,5.81421)->(17,11,6.4)->(17,10,6.98579)->(17,9,7.66795)->(17,8,8.98579)->(17,7,11.2)->(16,7,13.4142)->(15,7,14.7321)->(14,7,15.4641)->(13,7,16.1962)->(12,7,17.514)->(11,7,20.1424)->(11,6,25.7783)->(11,7,5014.1)->
Agent 12:(5,9,1.8)->(6,9,3.01421)->(7,9,4.42843)->(8,9,5.84264)->(9,9,8.05685)->(9,10,10.2711)->(9,11,11.6853)->(9,12,13.0995)->(9,13,17.6069)->(10,13,22.7)->(11,13,5011.35)->
Agent 13:(17,20,2.21795)->(17,19,3.85011)->(17,18,5.16795)->(17,17,5.85011)->(17,16,6.41795)->(17,15,6.9359)->(17,14,7.45385)->(17,13,8.02168)->(17,12,8.70385)->(17,11,10.0217)->(17,10,12.2359)->(16,10,14.4501)->(15,10,15.8643)->(14,10,17.2785)->(13,10,19.907)->(13,11,23.507)->(12,11,26.1354)->(11,11,27.4532)->(10,11,28.1354)->(9,11,28.7032)->(8,11,29.2391)->(7,11,29.807)->(6,11,30.4891)->(5,11,31.807)->(4,11,5015.61)->
Agent 14:(0,27,6.31795)->(0,26,12.0501)->(0,25,13.3679)->(0,24,14.0501)->(0,23,14.6179)->(0,22,15.1359)->(0,21,15.6359)->(0,20,16.1359)->(0,19,16.6359)->(0,18,17.1359)->(0,17,17.6359)->(0,16,18.1359)->(0,15,18.6359)->(0,14,19.1359)->(0,13,19.6359)->(0,12,20.1538)->(0,11,20.7217)->(0,10,21.4038)->(0,9,22.7217)->(0,8,24.9359)->(1,8,27.1501)->(2,8,28.4679)->(3,8,29.1501)->(4,8,29.7179)->(5,8,30.2359)->(6,8,30.7359)->(7,8,31.2359)->(8,8,31.7359)->(9,8,32.2359)->(10,8,32.7359)->(11,8,33.2359)->(12,8,33.7359)->(13,8,34.2359)->(14,8,34.7359)->(15,8,35.2359)->(16,8,35.7359)->(17,8,36.2359)->(18,8,36.7538)->(19,8,37.3217)->(20,8,38.0038)->(21,8,39.3217)->(22,8,5019.37)->
Agent 15:(3,24,1.8)->(4,24,3.01421)->(5,24,4.33205)->(6,24,5.01421)->(7,24,5.6)->(8,24,6.18579)->(9,24,6.86795)->(10,24,8.18579)->(11,24,11.0142)->(11,23,13.8426)->(11,22,15.1605)->(11,21,15.8522)->(11,20,16.4879)->(11,19,17.1797)->(11,18,18.4975)->(11,17,26.4343)->(10,17,34.9569)->(9,17,5017.48)->
Agent 16:(13,16,2.01421)->(12,16,3.44264)->(11,16,4.76048)->(10,16,5.44264)->(9,16,6.02843)->(8,16,6.61421)->(7,16,7.29638)->(6,16,8.61421)->(5,16,11.2426)->(5,15,14.8426)->(4,15,17.5063)->(3,15,19.5063)->(2,15,22.17)->(2,16,5011.28)->
Agent 17:(3,22,1.8)->(4,22,3.01421)->(5,22,4.33205)->(6,22,5.01421)->(7,22,5.6)->(8,22,6.18579)->(9,22,6.86795)->(10,22,8.18579)->(11,22,11.0142)->(11,21,13.8426)->(11,20,15.1605)->(11,19,15.8426)->(11,18,16.4105)->(11,17,16.9284)->(11,16,17.4284)->(11,15,17.9284)->(11,14,18.4284)->(11,13,18.9284)->(11,12,19.4464)->(11,11,20.0142)->(11,10,20.6964)->(11,9,22.0142)->(11,8,24.2284)->(12,8,26.4426)->(13,8,27.7605)->(14,8,28.4426)->(15,8,29.0105)->(16,8,29.5284)->(17,8,30.0284)->(18,8,30.5464)->(19,8,31.1142)->(20,8,31.7964)->(21,8,33.1142)->(22,8,35.3284)->(22,7,37.5426)->(22,6,38.8605)->(22,5,39.5522)->(22,4,40.1879)->(22,3,40.8797)->(22,2,42.1975)->(22,1,5020.81)->
Agent 18:(28,5,1.8)->(27,5,3.04949)->(26,5,5.04949)->(25,5,7.29898)->(25,6,9.51319)->(25,7,10.9274)->(25,8,12.3416)->(25,9,14.5563)->(24,9,17.3569)->(23,9,20.1569)->(23,10,22.3711)->(23,11,23.7049)->(23,12,24.5333)->(23,13,25.8672)->(23,14,5012.64)->
Agent 19:(16,17,2.2)->(16,16,3.81421)->(16,15,5.13205)->(16,14,5.81421)->(16,13,6.4)->(16,12,6.98579)->(16,11,7.66795)->(16,10,8.98579)->(16,9,13.8642)->(17,9,5008.25)->
Agent 20:(2,17,2.2)->(2,16,3.81421)->(2,15,5.13205)->(2,14,5.82382)->(2,13,6.45949)->(2,12,7.15126)->(2,11,8.4691)->(2,10,11.4911)->(3,10,14.5132)->(4,10,15.831)->(5,10,16.5228)->(6,10,17.1585)->(7,10,17.8502)->(8,10,19.1681)->(9,10,5009.29)->
Agent 21:(14,11,1.92744)->(15,11,3.2691)->(16,11,4.58694)->(17,11,5.2691)->(18,11,5.83694)->(19,11,6.35489)->(20,11,6.85489)->(21,11,7.35489)->(22,11,7.85489)->(23,11,8.35489)->(24,11,8.85489)->(25,11,9.35489)->(26,11,9.87284)->(27,11,10.4407)->(28,11,11.1228)->(29,11,12.4407)->(30,11,14.7276)->(30,12,17.0144)->(30,13,18.3323)->(30,14,19.0144)->(30,15,19.5823)->(30,16,20.1002)->(30,17,20.6002)->(30,18,21.1002)->(30,19,21.6002)->(30,20,22.1002)->(30,21,22.6182)->(30,22,23.186)->(30,23,23.8682)->(30,24,25.186)->(30,25,5012.3)->
Agent 22:(20,14,2.46795)->(19,14,4.35011)->(18,14,5.66795)->(17,14,6.35011)->(16,14,6.91795)->(15,14,7.4359)->(14,14,7.9359)->(13,14,8.45385)->(12,14,9.02168)->(11,14,9.70385)->(10,14,11.0217)->(9,14,13.5179)->(9,15,16.0142)->(9,16,17.3321)->(9,17,18.0142)->(9,18,18.5821)->(9,19,19.1)->(9,20,19.6)->(9,21,20.1179)->(9,22,20.6858)->(9,23,21.3679)->(9,24,22.6858)->(9,25,25.3142)->(10,25,5012.85)->
Agent 23:(23,27,1.88579)->(22,27,3.18579)->(21,27,4.50362)->(20,27,5.18579)->(19,27,5.75362)->(18,27,6.27157)->(17,27,6.77157)->(16,27,7.27157)->(15,27,7.78952)->(14,27,8.35736)->(13,27,9.03952)->(12,27,10.3574)->(11,27,12.9537)->(11,26,15.5501)->(11,25,16.8679)->(11,24,17.5597)->(11,23,18.1954)->(11,22,18.8872)->(11,21,20.205)->(11,20,22.4192)->(10,20,25.2192)->(9,20,28.4334)->(9,21,5014.41)->
Agent 24:(21,16,3.74626)->(21,15,6.90674)->(21,14,8.22458)->(21,13,8.90674)->(21,12,9.47458)->(21,11,9.99253)->(21,10,10.4925)->(21,9,10.9925)->(21,8,11.4925)->(21,7,11.9925)->(21,6,12.4925)->(21,5,12.9925)->(21,4,13.5105)->(21,3,14.0783)->(21,2,14.7605)->(21,1,16.0783)->(21,0,18.2925)->(20,0,20.5067)->(19,0,21.8406)->(18,0,22.669)->(17,0,24.0029)->(16,0,5011.71)->
Agent 25:(18,27,1.8)->(17,27,3.01421)->(16,27,4.33205)->(15,27,5.01421)->(14,27,5.6)->(13,27,6.18579)->(12,27,6.86795)->(11,27,8.18579)->(10,27,10.4)->(10,26,12.6142)->(10,25,13.9321)->(10,24,14.6142)->(10,23,15.1821)->(10,22,15.7)->(10,21,16.2)->(10,20,16.7)->(10,19,17.2)->(10,18,17.7)->(10,17,18.2)->(10,16,18.7)->(10,15,19.2)->(10,14,19.7)->(10,13,20.2)->(10,12,20.7)->(10,11,21.2)->(10,10,21.7)->(10,9,22.2)->(10,8,22.7179)->(10,7,23.2858)->(10,6,23.9679)->(10,5,25.2858)->(10,4,5012.35)->
Agent 26:(18,22,2.74626)->(18,21,4.90674)->(18,20,6.22458)->(18,19,6.90674)->(18,18,7.47458)->(18,17,7.99253)->(18,16,8.49253)->(18,15,8.99253)->(18,14,9.49253)->(18,13,9.99253)->(18,12,10.4925)->(18,11,10.9925)->(18,10,11.4925)->(18,9,11.9925)->(18,8,12.4925)->(18,7,12.9925)->(18,6,13.4925)->(18,5,14.0105)->(18,4,14.5783)->(18,3,15.2605)->(18,2,16.5783)->(18,1,18.7925)->(17,1,21.0067)->(16,1,22.421)->(15,1,23.8352)->(14,1,26.4636)->(14,0,5013.42)->
Agent 27:(13,3,2.33205)->(13,4,4.07832)->(13,5,5.39615)->(13,6,6.07832)->(13,7,6.64615)->(13,8,7.1641)->(13,9,7.6641)->(13,10,8.1641)->(13,11,8.6641)->(13,12,9.1641)->(13,13,9.6641)->(13,14,10.1641)->(13,15,10.6641)->(13,16,11.1641)->(13,17,11.6641)->(13,18,12.1641)->(13,19,12.6641)->(13,20,13.1641)->(13,21,13.6641)->(13,22,14.1641)->(13,23,14.6821)->(13,24,15.2499)->(13,25,15.9321)->(13,26,17.2499)->(13,27,20.2963)->(14,27,23.3426)->(15,27,24.6605)->(16,27,25.3426)->(17,27,25.9284)->(18,27,26.5142)->(19,27,27.1964)->(20,27,28.5142)->(21,27,5013.96)->
Agent 28:(7,28,2.4142)->(6,28,4.27789)->(5,28,6.27789)->(4,28,13.4137)->(4,27,20.5142)->(4,26,21.8321)->(4,25,22.5142)->(4,24,23.0821)->(4,23,23.6)->(4,22,24.1)->(4,21,24.6)->(4,20,25.1)->(4,19,25.6)->(4,18,26.1)->(4,17,26.6)->(4,16,27.1)->(4,15,27.6)->(4,14,28.1)->(4,13,28.6)->(4,12,29.1)->(4,11,29.6)->(4,10,30.1)->(4,9,30.6)->(4,8,31.1179)->(4,7,31.6858)->(4,6,32.3679)->(4,5,33.6858)->(4,4,5016.55)->
Agent 29:(12,29,3.05)->(13,29,5.51421)->(14,29,6.83205)->(15,29,7.51421)->(16,29,8.08205)->(17,29,8.6)->(18,29,9.1)->(19,29,9.6)->(20,29,10.1)->(21,29,10.6)->(22,29,11.1)->(23,29,11.6)->(24,29,12.1)->(25,29,12.6179)->(26,29,13.1858)->(27,29,13.8679)->(28,29,15.1858)->(29,29,17.8142)->(29,28,5009.1)->
Agent 30:(14,8,10.0142)->(14,9,19.4426)->(14,10,20.7605)->(14,11,21.4426)->(14,12,22.0105)->(14,13,22.5464)->(14,14,23.1142)->(14,15,23.7964)->(14,16,25.1142)->(14,17,5012.26)->
Agent 31:(0,17,1.3)->(0,18,2.01421)->(0,19,3.33205)->(0,20,4.02382)->(0,21,4.65949)->(0,22,5.35126)->(0,23,6.6691)->(0,24,9.77382)->(1,24,12.8785)->(2,24,14.1964)->(3,24,14.8785)->(4,24,15.4464)->(5,24,15.9643)->(6,24,16.4643)->(7,24,16.9643)->(8,24,17.4643)->(9,24,17.9643)->(10,24,18.4643)->(11,24,18.9643)->(12,24,19.4643)->(13,24,19.9643)->(14,24,20.4643)->(15,24,20.9643)->(16,24,21.4643)->(17,24,21.9643)->(18,24,22.4643)->(19,24,22.9643)->(20,24,23.4643)->(21,24,23.9643)->(22,24,24.4643)->(23,24,24.9643)->(24,24,25.4643)->(25,24,25.9643)->(26,24,26.4823)->(27,24,27.0501)->(28,24,27.7323)->(29,24,29.0501)->(30,24,5014.23)->
Agent 32:(24,25,2.2)->(24,24,3.81421)->(24,23,5.13205)->(24,22,5.81421)->(24,21,6.38205)->(24,20,6.9)->(24,19,7.4)->(24,18,7.9)->(24,17,8.4)->(24,16,8.9)->(24,15,9.4)->(24,14,9.9)->(24,13,10.4)->(24,12,10.9)->(24,11,11.4179)->(24,10,11.9858)->(24,9,12.6679)->(24,8,13.9858)->(24,7,17.3)->(23,7,20.6142)->(22,7,21.9321)->(21,7,22.6142)->(20,7,23.1821)->(19,7,23.7)->(18,7,24.2)->(17,7,24.7)->(16,7,25.2)->(15,7,25.7)->(14,7,26.2)->(13,7,26.7)->(12,7,27.2)->(11,7,27.7)->(10,7,28.2179)->(9,7,28.7858)->(8,7,29.4679)->(7,7,30.7858)->(6,7,33.4142)->(6,8,5016.9)->
Agent 33:(9,20,1.8)->(8,20,3.6)->(7,20,6.4)->(7,19,9.2)->(7,18,14.15)->(8,18,19.1)->(9,18,22.3142)->(9,17,28.8284)->(9,18,34.9569)->(9,19,5017.48)->
Agent 34:(8,30,2.2)->(8,29,3.81421)->(8,28,5.13205)->(8,27,5.81421)->(8,26,6.38205)->(8,25,6.9)->(8,24,7.4)->(8,23,7.9)->(8,22,8.4)->(8,21,8.9)->(8,20,9.4)->(8,19,9.9)->(8,18,10.4179)->(8,17,10.9858)->(8,16,11.6679)->(8,15,12.9858)->(8,14,15.2)->(7,14,17.4142)->(6,14,18.8284)->(5,14,20.2426)->(4,14,22.4569)->(4,13,24.6711)->(4,12,25.9889)->(4,11,26.6711)->(4,10,27.2389)->(4,9,27.7569)->(4,8,28.2569)->(4,7,28.7569)->(4,6,29.2569)->(4,5,29.7748)->(4,4,30.3426)->(4,3,31.0248)->(4,2,32.3426)->(4,1,5015.88)->
Agent 35:(2,23,4.54949)->(2,22,8.51319)->(2,21,9.83103)->(2,20,10.5132)->(2,19,11.081)->(2,18,11.599)->(2,17,12.099)->(2,16,12.599)->(2,15,13.099)->(2,14,13.599)->(2,13,14.099)->(2,12,14.599)->(2,11,15.099)->(2,10,15.599)->(2,9,16.099)->(2,8,16.599)->(2,7,17.099)->(2,6,17.599)->(2,5,18.1169)->(2,4,18.6848)->(2,3,19.3669)->(2,2,20.6848)->(2,1,22.899)->(3,1,25.1132)->(4,1,26.431)->(5,1,27.1132)->(6,1,27.681)->(7,1,28.199)->(8,1,28.699)->(9,1,29.199)->(10,1,29.699)->(11,1,30.199)->(12,1,30.699)->(13,1,31.199)->(14,1,31.699)->(15,1,32.2169)->(16,1,32.7848)->(17,1,33.4669)->(18,1,34.7848)->(19,1,5017.1)->
Agent 36:(18,5,2.21421)->(17,5,7.8)->(17,6,13.4142)->(17,7,14.7321)->(17,8,15.4142)->(17,9,15.9821)->(17,10,16.5)->(17,11,17)->(17,12,17.5)->(17,13,18.0179)->(17,14,18.5858)->(17,15,19.2679)->(17,16,20.5858)->(17,17,23.2142)->(18,17,5011.8)->
Agent 37:(25,9,3.2)->(24,9,5.81421)->(23,9,7.13205)->(22,9,7.8641)->(21,9,8.59615)->(20,9,9.91399)->(19,9,12.1282)->(19,8,14.3424)->(19,7,15.6763)->(19,6,16.5047)->(19,5,17.8385)->(19,4,23.2584)->(19,5,29.2641)->(19,6,5014.63)->
Agent 38:(6,13,2.2)->(6,12,3.81421)->(6,11,5.13205)->(6,10,5.81421)->(6,9,6.38205)->(6,8,6.9)->(6,7,7.4)->(6,6,7.91795)->(6,5,8.48579)->(6,4,9.16795)->(6,3,10.4858)->(6,2,12.7)->(7,2,14.9142)->(8,2,16.2321)->(9,2,16.9142)->(10,2,17.5)->(11,2,18.0858)->(12,2,18.7679)->(13,2,20.0858)->(14,2,5009.75)->
Agent 39:(27,14,1.99626)->(26,14,3.40674)->(25,14,4.72458)->(24,14,5.40674)->(23,14,5.97458)->(22,14,6.49253)->(21,14,6.99253)->(20,14,7.49253)->(19,14,7.99253)->(18,14,8.49253)->(17,14,8.99253)->(16,14,9.51048)->(15,14,10.0783)->(14,14,10.7605)->(13,14,12.0783)->(12,14,14.2925)->(12,13,16.5067)->(12,12,17.8246)->(12,11,18.5067)->(12,10,19.0746)->(12,9,19.5925)->(12,8,20.1105)->(12,7,20.6783)->(12,6,21.3605)->(12,5,22.6783)->(12,4,28.4283)->(12,5,34.7641)->(12,6,5017.38)->
Agent 40:(16,26,2.56795)->(17,26,5.1359)->(18,26,10.9285)->(18,25,16.1354)->(18,24,17.4532)->(18,23,18.1354)->(18,22,18.7032)->(18,21,19.2212)->(18,20,19.7212)->(18,19,20.2212)->(18,18,20.7212)->(18,17,21.2212)->(18,16,21.7391)->(18,15,22.307)->(18,14,22.9891)->(18,13,24.307)->(18,12,5011.86)->
Agent 41:(12,23,2.2)->(12,22,3.81421)->(12,21,5.13205)->(12,20,5.81421)->(12,19,6.4)->(12,18,6.98579)->(12,17,7.66795)->(12,16,8.98579)->(12,15,12.4142)->(12,16,20.0642)->(13,16,25.9426)->(14,16,27.2605)->(15,16,27.9426)->(16,16,28.5105)->(17,16,29.0284)->(18,16,29.5284)->(19,16,30.0284)->(20,16,30.5284)->(21,16,31.0284)->(22,16,31.5284)->(23,16,32.0464)->(24,16,32.6142)->(25,16,33.2964)->(26,16,34.6142)->(27,16,5017.01)->
Agent 42:(6,16,2.21421)->(5,16,4.81421)->(5,15,7.44264)->(5,14,8.76048)->(5,13,9.44264)->(5,12,10.0105)->(5,11,10.5284)->(5,10,11.0464)->(5,9,11.6142)->(5,8,12.2964)->(5,7,13.6142)->(5,6,16.2426)->(6,6,28.4284)->(6,5,39.6779)->(6,4,41.6779)->(6,3,5020.56)->
Agent 43:(20,8,1.3)->(20,9,2.01421)->(20,10,3.33205)->(20,11,4.01421)->(20,12,4.58205)->(20,13,5.1)->(20,14,5.6)->(20,15,6.1)->(20,16,6.61795)->(20,17,7.18579)->(20,18,7.86795)->(20,19,9.18579)->(20,20,11.4)->(19,20,13.6142)->(18,20,15.0284)->(17,20,16.4426)->(16,20,5007.93)->
Agent 44:(24,31,3.61421)->(24,30,8.02843)->(25,30,5004.41)->
Agent 45:(30,17,3.21421)->(29,17,5.84264)->(28,17,7.16048)->(27,17,7.84264)->(26,17,8.41048)->(25,17,8.92843)->(24,17,9.42843)->(23,17,9.92843)->(22,17,10.4284)->(21,17,10.9284)->(20,17,11.4284)->(19,17,11.9284)->(18,17,12.4284)->(17,17,12.9284)->(16,17,13.4284)->(15,17,13.9284)->(14,17,14.4284)->(13,17,14.9284)->(12,17,15.4284)->(11,17,15.9284)->(10,17,16.4284)->(9,17,16.9284)->(8,17,17.4284)->(7,17,17.9284)->(6,17,18.4284)->(5,17,18.9284)->(4,17,19.4464)->(3,17,20.0142)->(2,17,20.6964)->(1,17,22.0142)->(0,17,24.2284)->(0,16,26.4426)->(0,15,27.7605)->(0,14,28.4426)->(0,13,29.0105)->(0,12,29.5284)->(0,11,30.0284)->(0,10,30.5284)->(0,9,31.0284)->(0,8,31.5284)->(0,7,32.0284)->(0,6,32.5284)->(0,5,33.0464)->(0,4,33.6142)->(0,3,34.2964)->(0,2,35.6142)->(0,1,5017.51)->
Agent 46:(26,8,2.46421)->(26,9,4.34264)->(26,10,5.66048)->(26,11,6.34264)->(26,12,6.91048)->(26,13,7.42843)->(26,14,7.92843)->(26,15,8.42843)->(26,16,8.94638)->(26,17,9.51421)->(26,18,10.1964)->(26,19,11.5142)->(26,20,14.1426)->(25,20,5007.26)->
Agent 47:(16,24,6.16421)->(16,23,11.7426)->(16,22,13.0605)->(16,21,13.7426)->(16,20,14.3105)->(16,19,14.8284)->(16,18,15.3284)->(16,17,15.8284)->(16,16,16.3284)->(16,15,16.8284)->(16,14,17.3284)->(16,13,17.8284)->(16,12,18.3284)->(16,11,18.8284)->(16,10,19.3284)->(16,9,19.8284)->(16,8,20.3464)->(16,7,20.9142)->(16,6,21.5964)->(16,5,22.9142)->(16,4,25.5426)->(15,4,5012.96)->
Agent 48:(20,15,1.3)->(20,16,2.01421)->(20,17,3.33205)->(20,18,4.01421)->(20,19,4.58205)->(20,20,5.1)->(20,21,5.6)->(20,22,6.1)->(20,23,6.6)->(20,24,7.11795)->(20,25,7.68579)->(20,26,8.36795)->(20,27,9.68579)->(20,28,17.401)->(19,28,25.1162)->(18,28,26.434)->(17,28,27.1258)->(16,28,27.7615)->(15,28,28.4532)->(14,28,29.7711)->(13,28,5014.59)->
Agent 49:(4,18,2.2)->(4,17,3.81421)->(4,16,5.13205)->(4,15,5.81421)->(4,14,6.38205)->(4,13,6.9)->(4,12,7.4)->(4,11,7.9)->(4,10,8.4)->(4,9,8.9)->(4,8,9.4)->(4,7,9.9)->(4,6,10.4)->(4,5,10.9179)->(4,4,11.4858)->(4,3,12.1679)->(4,2,13.4858)->(4,1,15.7)->(5,1,17.9142)->(6,1,19.2321)->(7,1,19.9142)->(8,1,20.5)->(9,1,21.0858)->(10,1,21.7679)->(11,1,23.0858)->(12,1,25.7142)->(12,0,30.1284)->(12,1,5015.66)->
Agent 50:(13,12,1.3)->(13,13,2.01421)->(13,14,3.33205)->(13,15,4.01421)->(13,16,4.58205)->(13,17,5.1)->(13,18,5.6)->(13,19,6.1)->(13,20,6.6)->(13,21,7.1)->(13,22,7.6)->(13,23,8.11795)->(13,24,8.68579)->(13,25,9.36795)->(13,26,10.6858)->(13,27,13.3821)->(12,27,16.0783)->(11,27,17.3962)->(10,27,18.0783)->(9,27,18.6641)->(8,27,19.2499)->(7,27,19.9321)->(6,27,21.2499)->(5,27,5010.33)->
Agent 51:(29,14,2.2)->(29,13,3.81421)->(29,12,5.13205)->(29,11,5.81421)->(29,10,6.38205)->(29,9,6.9)->(29,8,7.4)->(29,7,7.91795)->(29,6,8.48579)->(29,5,9.16795)->(29,4,10.4858)->(29,3,13.1105)->(28,3,15.7352)->(27,3,17.053)->(26,3,17.7352)->(25,3,18.303)->(24,3,18.821)->(23,3,19.321)->(22,3,19.821)->(21,3,20.321)->(20,3,20.821)->(19,3,21.321)->(18,3,21.821)->(17,3,22.321)->(16,3,22.821)->(15,3,23.321)->(14,3,23.821)->(13,3,24.321)->(12,3,24.8389)->(11,3,25.4067)->(10,3,26.0889)->(9,3,27.4067)->(8,3,30.0352)->(8,2,33.6352)->(7,2,36.2989)->(6,2,38.2989)->(5,2,40.9626)->(5,3,5020.67)->
Agent 52:(28,3,2.21421)->(29,3,5.22843)->(29,2,11.3142)->(28,2,16.6)->(27,2,19.4)->(27,3,21.6142)->(27,4,22.9321)->(27,5,23.6142)->(27,6,24.1821)->(27,7,24.7)->(27,8,25.2)->(27,9,25.7)->(27,10,26.2)->(27,11,26.7179)->(27,12,27.2858)->(27,13,27.9679)->(27,14,29.2858)->(27,15,5014.35)->
Agent 53:(18,24,1.8359)->(18,25,3.08601)->(18,26,4.40385)->(18,27,5.1359)->(18,28,5.86795)->(18,29,7.18579)->(18,30,9.4)->(17,30,11.6142)->(16,30,12.9321)->(15,30,13.6238)->(14,30,14.2595)->(13,30,14.9513)->(12,30,16.2691)->(11,30,5007.84)->
Agent 54:(23,30,1.8)->(22,30,3.01421)->(21,30,4.33205)->(20,30,5.01421)->(19,30,5.58205)->(18,30,6.1)->(17,30,6.6)->(16,30,7.1)->(15,30,7.6)->(14,30,8.1)->(13,30,8.6)->(12,30,9.1)->(11,30,9.61795)->(10,30,10.1858)->(9,30,10.8679)->(8,30,12.1858)->(7,30,14.4)->(7,29,16.6142)->(7,28,17.9321)->(7,27,18.6142)->(7,26,19.1821)->(7,25,19.7)->(7,24,20.2)->(7,23,20.7)->(7,22,21.2)->(7,21,21.7)->(7,20,22.2)->(7,19,22.7)->(7,18,23.2)->(7,17,23.7)->(7,16,24.2)->(7,15,24.7)->(7,14,25.2)->(7,13,25.7)->(7,12,26.2)->(7,11,26.7)->(7,10,27.2)->(7,9,27.7)->(7,8,28.2179)->(7,7,28.7858)->(7,6,29.4679)->(7,5,30.7858)->(7,4,33.4142)->(6,4,37.0142)->(6,3,39.6426)->(6,2,41.0569)->(6,1,42.4711)->(6,0,45.0995)->(7,0,5022.74)->
Agent 55:(6,28,1.3)->(6,29,2.6)->(6,30,5.8)->(6,29,8.41421)->(6,28,9.82843)->(6,27,11.2426)->(6,26,16.6105)->(5,26,22.5641)->(4,26,5011.28)->
Agent 56:(1,11,1.8)->(2,11,3.01421)->(3,11,4.34806)->(4,11,5.17649)->(5,11,6.51034)->(6,11,12.3412)->(6,12,18.2074)->(6,13,20.2074)->(6,14,5009.83)->
Agent 57:(23,1,6.42843)->(23,2,12.2711)->(23,3,13.5889)->(23,4,14.2711)->(23,5,14.8389)->(23,6,15.3569)->(23,7,15.8569)->(23,8,16.3569)->(23,9,16.8569)->(23,10,17.3569)->(23,11,17.8569)->(23,12,18.3569)->(23,13,18.8569)->(23,14,19.3569)->(23,15,19.8748)->(23,16,20.4426)->(23,17,21.1248)->(23,18,22.4426)->(23,19,24.6569)->(22,19,26.8711)->(21,19,28.1889)->(20,19,28.8711)->(19,19,29.4389)->(18,19,29.9569)->(17,19,30.4569)->(16,19,30.9569)->(15,19,31.4569)->(14,19,31.9569)->(13,19,32.4569)->(12,19,32.9569)->(11,19,33.4569)->(10,19,33.9569)->(9,19,34.4569)->(8,19,34.9569)->(7,19,35.4748)->(6,19,36.0426)->(5,19,36.7248)->(4,19,38.0426)->(3,19,5018.73)->
Agent 58:(28,15,1.8)->(29,15,3.6)->(30,15,6.4)->(30,14,8.61421)->(30,13,9.93205)->(30,12,10.6238)->(30,11,11.2595)->(30,10,11.9513)->(30,9,13.2691)->(30,8,5006.34)->
Agent 59:(31,2,1.3)->(31,3,2.01421)->(31,4,3.33205)->(31,5,4.01421)->(31,6,4.58205)->(31,7,5.1)->(31,8,5.6)->(31,9,6.1)->(31,10,6.6)->(31,11,7.11795)->(31,12,7.68579)->(31,13,8.36795)->(31,14,9.68579)->(31,15,13.6679)->(30,15,17.6501)->(29,15,18.9679)->(28,15,19.6501)->(27,15,20.2179)->(26,15,20.7359)->(25,15,21.2359)->(24,15,21.7359)->(23,15,22.2359)->(22,15,22.7359)->(21,15,23.2359)->(20,15,23.7359)->(19,15,24.2359)->(18,15,24.7359)->(17,15,25.2359)->(16,15,25.7359)->(15,15,26.2359)->(14,15,26.7359)->(13,15,27.2359)->(12,15,27.7359)->(11,15,28.2538)->(10,15,28.8217)->(9,15,29.5038)->(8,15,30.8217)->(7,15,5015.12)->
Agent 60:(23,29,2.46421)->(23,28,4.34264)->(23,27,5.66048)->(23,26,6.34264)->(23,25,6.91048)->(23,24,7.42843)->(23,23,7.92843)->(23,22,8.42843)->(23,21,8.92843)->(23,20,9.42843)->(23,19,9.92843)->(23,18,10.4464)->(23,17,11.0142)->(23,16,11.6964)->(23,15,13.0142)->(23,14,15.6426)->(24,14,5008.01)->
Agent 61:(27,27,3.81795)->(27,26,7.05011)->(27,25,8.36795)->(27,24,9.05011)->(27,23,9.61795)->(27,22,10.1359)->(27,21,10.6359)->(27,20,11.1359)->(27,19,11.6538)->(27,18,12.2217)->(27,17,12.9038)->(27,16,14.2217)->(27,15,16.4359)->(26,15,18.6501)->(25,15,19.9679)->(24,15,20.6501)->(23,15,21.2179)->(22,15,21.7359)->(21,15,22.2359)->(20,15,22.7359)->(19,15,23.2359)->(18,15,23.7359)->(17,15,24.2359)->(16,15,24.7359)->(15,15,25.2359)->(14,15,25.7359)->(13,15,26.2359)->(12,15,26.7359)->(11,15,27.2359)->(10,15,27.7359)->(9,15,28.2359)->(8,15,28.7359)->(7,15,29.2359)->(6,15,29.7359)->(5,15,30.2359)->(4,15,30.7538)->(3,15,31.3217)->(2,15,32.0038)->(1,15,33.3217)->(0,15,5016.37)->
Agent 62:(21,26,2.2)->(21,25,3.81421)->(21,24,5.14806)->(21,23,5.97649)->(21,22,7.31034)->(21,21,9.52456)->(20,21,11.7388)->(19,21,13.0726)->(18,21,13.901)->(17,21,15.2349)->(16,21,5007.32)->
Agent 63:(24,9,2.2)->(24,8,3.81421)->(24,7,5.13205)->(24,6,5.8641)->(24,5,6.59615)->(24,4,7.91399)->(24,3,11.8246)->(23,3,15.7352)->(22,3,17.053)->(21,3,17.7352)->(20,3,18.303)->(19,3,18.821)->(18,3,19.321)->(17,3,19.821)->(16,3,20.321)->(15,3,20.821)->(14,3,21.321)->(13,3,21.821)->(12,3,22.321)->(11,3,22.8389)->(10,3,23.4067)->(9,3,24.0889)->(8,3,25.4067)->(7,3,5012.41)->
Agent 64:(28,18,2.8)->(28,17,5.01421)->(28,16,6.33205)->(28,15,7.01421)->(28,14,7.58205)->(28,13,8.1)->(28,12,8.6)->(28,11,9.1)->(28,10,9.6)->(28,9,10.1)->(28,8,10.6)->(28,7,11.1)->(28,6,11.6)->(28,5,12.1)->(28,4,12.6179)->(28,3,13.1858)->(28,2,13.8679)->(28,1,15.1858)->(28,0,17.4)->(27,0,19.6142)->(26,0,20.9321)->(25,0,21.6142)->(24,0,22.1821)->(23,0,22.7179)->(22,0,23.2858)->(21,0,23.9679)->(20,0,25.2858)->(19,0,5012.35)->
Agent 65:(27,24,2.61421)->(27,23,5.75)->(26,23,8.51421)->(25,23,9.83205)->(24,23,10.5142)->(23,23,11.0821)->(22,23,11.6)->(21,23,12.1)->(20,23,12.6)->(19,23,13.1)->(18,23,13.6)->(17,23,14.1)->(16,23,14.6)->(15,23,15.1)->(14,23,15.6)->(13,23,16.1)->(12,23,16.6)->(11,23,17.1)->(10,23,17.6)->(9,23,18.1)->(8,23,18.6)->(7,23,19.1179)->(6,23,19.6858)->(5,23,20.3679)->(4,23,21.6858)->(3,23,5010.55)->
Agent 66:(26,3,6.9)->(26,4,13.2142)->(26,5,14.5321)->(26,6,15.2142)->(26,7,15.7821)->(26,8,16.3)->(26,9,16.8179)->(26,10,17.3858)->(26,11,18.0679)->(26,12,19.3858)->(26,13,21.6)->(27,13,23.8495)->(28,13,25.8495)->(29,13,5012.65)->
Agent 67:(27,0,1.3)->(27,1,2.01421)->(27,2,3.33205)->(27,3,4.01421)->(27,4,4.58205)->(27,5,5.1)->(27,6,5.6)->(27,7,6.1)->(27,8,6.6)->(27,9,7.11795)->(27,10,7.68579)->(27,11,8.36795)->(27,12,9.68579)->(27,13,13.4964)->(26,13,17.307)->(25,13,18.6248)->(24,13,19.307)->(23,13,19.8748)->(22,13,20.3928)->(21,13,20.8928)->(20,13,21.3928)->(19,13,21.8928)->(18,13,22.3928)->(17,13,22.9107)->(16,13,23.4785)->(15,13,24.1607)->(14,13,25.4785)->(13,13,27.6928)->(13,14,29.907)->(13,15,31.2408)->(13,16,32.0692)->(13,17,33.4031)->(13,18,5016.41)->
Agent 68:(31,16,1.8)->(30,16,3.01421)->(29,16,4.33205)->(28,16,5.01421)->(27,16,5.58205)->(26,16,6.1)->(25,16,6.6)->(24,16,7.1)->(23,16,7.6)->(22,16,8.1)->(21,16,8.6)->(20,16,9.1)->(19,16,9.6)->(18,16,10.1)->(17,16,10.6)->(16,16,11.1)->(15,16,11.6)->(14,16,12.1)->(13,16,12.6)->(12,16,13.1)->(11,16,13.6)->(10,16,14.1)->(9,16,14.6179)->(8,16,15.1858)->(7,16,15.8679)->(6,16,17.1858)->(5,16,19.4)->(5,17,21.6142)->(5,18,22.9481)->(5,19,23.7765)->(5,20,25.1103)->(5,21,5012.26)->
Agent 69:(9,7,1.8)->(10,7,3.01421)->(11,7,4.33205)->(12,7,5.01421)->(13,7,5.58205)->(14,7,6.1)->(15,7,6.6)->(16,7,7.11795)->(17,7,7.68579)->(18,7,8.36795)->(19,7,9.68579)->(20,7,11.9)->(20,8,14.1495)->(20,9,16.1495)->(20,10,5007.8)->
