Agent 0:(29,14,6.04949)->(28,14,11.5132)->(27,14,12.831)->(26,14,13.5132)->(25,14,14.081)->(24,14,14.599)->(23,14,15.099)->(22,14,15.599)->(21,14,16.099)->(20,14,16.599)->(19,14,17.099)->(18,14,17.599)->(17,14,18.099)->(16,14,18.599)->(15,14,19.099)->(14,14,19.599)->(13,14,20.099)->(12,14,20.599)->(11,14,21.1169)->(10,14,21.6848)->(9,14,22.3669)->(8,14,23.6848)->(7,14,26.3132)->(7,13,30.3274)->(6,13,5015.56)->
Agent 1:(8,17,1.4142)->(8,18,2.24261)->(8,19,3.56045)->(8,20,4.24261)->(8,21,4.8284)->(8,22,5.41419)->(8,23,6.09635)->(8,24,7.41419)->(8,25,12.8843)->(7,25,18.3544)->(6,25,19.6882)->(5,25,20.5167)->(4,25,21.8505)->(3,25,5010.63)->
Agent 2:(28,1,2.78154)->(27,1,4.97729)->(26,1,6.29513)->(25,1,6.97729)->(24,1,7.54513)->(23,1,8.06308)->(22,1,8.56308)->(21,1,9.06308)->(20,1,9.56308)->(19,1,10.0631)->(18,1,10.5631)->(17,1,11.0631)->(16,1,11.5631)->(15,1,12.0631)->(14,1,12.5631)->(13,1,13.0631)->(12,1,13.581)->(11,1,14.1489)->(10,1,14.831)->(9,1,16.1489)->(8,1,20.6379)->(8,2,25.127)->(8,3,26.4448)->(8,4,27.127)->(8,5,27.6948)->(8,6,28.2128)->(8,7,28.7128)->(8,8,29.2128)->(8,9,29.7128)->(8,10,30.2128)->(8,11,30.7128)->(8,12,31.2128)->(8,13,31.7128)->(8,14,32.2128)->(8,15,32.7128)->(8,16,33.2128)->(8,17,33.7128)->(8,18,34.2128)->(8,19,34.7307)->(8,20,35.2985)->(8,21,35.9807)->(8,22,37.2985)->(8,23,39.5128)->(7,23,42.3128)->(6,23,5021.16)->
Agent 3:(19,0,1.3)->(19,1,2.01421)->(19,2,3.33205)->(19,3,4.01421)->(19,4,4.58205)->(19,5,5.11795)->(19,6,5.68579)->(19,7,6.36795)->(19,8,7.68579)->(19,9,10.3142)->(20,9,15.4426)->(19,9,23.0716)->(19,10,28.2358)->(19,11,30.2358)->(19,12,32.8995)->(18,12,5016.64)->
Agent 4:(3,20,1.8)->(2,20,3.6)->(1,20,6.8)->(2,20,10)->(3,20,12.8)->(3,19,15.0142)->(3,18,16.3321)->(3,17,17.0641)->(3,16,17.7962)->(3,15,19.114)->(3,14,21.3282)->(2,14,23.5777)->(1,14,25.5777)->(0,14,5012.51)->
Agent 5:(5,18,1.71421)->(5,19,3.81421)->(6,19,6.44264)->(7,19,7.76048)->(8,19,8.44264)->(9,19,9.01048)->(10,19,9.52843)->(11,19,10.0284)->(12,19,10.5284)->(13,19,11.0284)->(14,19,11.5464)->(15,19,12.1142)->(16,19,12.7964)->(17,19,14.1142)->(18,19,19.5958)->(18,20,25.6631)->(18,21,5012.83)->
Agent 6:(22,28,1.8)->(21,28,3.01421)->(20,28,4.33205)->(19,28,5.01421)->(18,28,5.58205)->(17,28,6.1)->(16,28,6.6)->(15,28,7.1)->(14,28,7.6)->(13,28,8.11795)->(12,28,8.68579)->(11,28,9.36795)->(10,28,10.6858)->(9,28,12.9)->(9,27,15.1142)->(9,26,16.4481)->(9,25,17.2765)->(9,24,18.6103)->(9,23,21.2388)->(10,23,5010.81)->
Agent 7:(30,4,1.3)->(30,5,2.6)->(30,6,6.86048)->(29,6,10.5352)->(28,6,11.853)->(27,6,12.5352)->(26,6,13.103)->(25,6,13.621)->(24,6,14.121)->(23,6,14.621)->(22,6,15.121)->(21,6,15.621)->(20,6,16.121)->(19,6,16.621)->(18,6,17.121)->(17,6,17.621)->(16,6,18.121)->(15,6,18.621)->(14,6,19.121)->(13,6,19.6389)->(12,6,20.2067)->(11,6,20.8889)->(10,6,22.2067)->(9,6,32.0428)->(10,6,41.8789)->(11,6,43.2128)->(12,6,44.0412)->(13,6,45.3751)->(14,6,5022.39)->
Agent 8:(31,1,2.53154)->(30,1,4.47729)->(29,1,5.79513)->(28,1,6.47729)->(27,1,7.04513)->(26,1,7.56308)->(25,1,8.06308)->(24,1,8.56308)->(23,1,9.06308)->(22,1,9.56308)->(21,1,10.0631)->(20,1,10.5631)->(19,1,11.0631)->(18,1,11.5631)->(17,1,12.0631)->(16,1,12.5631)->(15,1,13.0631)->(14,1,13.581)->(13,1,14.1489)->(12,1,14.831)->(11,1,16.1489)->(10,1,19.0016)->(10,2,21.8544)->(10,3,23.1722)->(10,4,23.8544)->(10,5,24.4222)->(10,6,24.9402)->(10,7,25.4402)->(10,8,25.9402)->(10,9,26.4402)->(10,10,26.9402)->(10,11,27.4402)->(10,12,27.9402)->(10,13,28.4402)->(10,14,28.9402)->(10,15,29.4402)->(10,16,29.9402)->(10,17,30.4402)->(10,18,30.9581)->(10,19,31.526)->(10,20,32.2081)->(10,21,33.526)->(10,22,36.1544)->(11,22,39.7544)->(11,23,42.9686)->(11,24,5021.48)->
Agent 9:(6,5,1.8)->(7,5,3.01421)->(8,5,4.42843)->(9,5,5.84264)->(10,5,8.65997)->(10,6,11.4773)->(10,7,12.7951)->(10,8,13.4773)->(10,9,14.0451)->(10,10,14.5631)->(10,11,15.0631)->(10,12,15.5631)->(10,13,16.0631)->(10,14,16.5631)->(10,15,17.0631)->(10,16,17.5631)->(10,17,18.0631)->(10,18,18.5631)->(10,19,19.0631)->(10,20,19.5631)->(10,21,20.0631)->(10,22,20.5631)->(10,23,21.0631)->(10,24,21.5631)->(10,25,22.081)->(10,26,22.6489)->(10,27,23.331)->(10,28,24.6489)->(10,29,26.8631)->(11,29,29.1126)->(12,29,31.1126)->(13,29,5015.28)->
Agent 10:(19,19,1.8)->(20,19,3.01421)->(21,19,4.33205)->(22,19,5.01421)->(23,19,5.58205)->(24,19,6.1)->(25,19,6.61795)->(26,19,7.18579)->(27,19,7.86795)->(28,19,9.18579)->(29,19,13.65)->(29,18,18.1142)->(29,17,19.4321)->(29,16,20.1238)->(29,15,20.7595)->(29,14,21.4513)->(29,13,22.7691)->(29,12,5011.09)->
Agent 11:(11,30,6.1)->(11,29,11.6142)->(11,28,12.9321)->(11,27,13.6142)->(11,26,14.1821)->(11,25,14.7)->(11,24,15.2)->(11,23,15.7)->(11,22,16.2179)->(11,21,16.7858)->(11,20,17.4679)->(11,19,18.7858)->(11,18,5009.1)->
Agent 12:(8,19,1.3)->(8,20,2.01421)->(8,21,3.33205)->(8,22,4.01421)->(8,23,4.58205)->(8,24,5.11795)->(8,25,5.68579)->(8,26,6.36795)->(8,27,7.68579)->(8,28,12.4)->(9,28,17.1142)->(10,28,18.4321)->(11,28,19.1142)->(12,28,19.6821)->(13,28,20.2)->(14,28,20.7)->(15,28,21.2)->(16,28,21.7)->(17,28,22.2)->(18,28,22.7)->(19,28,23.2179)->(20,28,23.7858)->(21,28,24.4679)->(22,28,25.7858)->(23,28,28)->(23,27,30.2142)->(23,26,31.5321)->(23,25,32.2142)->(23,24,32.7821)->(23,23,33.3)->(23,22,33.8)->(23,21,34.3)->(23,20,34.8)->(23,19,35.3)->(23,18,35.8)->(23,17,36.3)->(23,16,36.8)->(23,15,37.3)->(23,14,37.8)->(23,13,38.3)->(23,12,38.8)->(23,11,39.3)->(23,10,39.8)->(23,9,40.3179)->(23,8,40.8858)->(23,7,41.5679)->(23,6,42.8858)->(23,5,45.5142)->(24,5,5022.95)->
Agent 13:(14,3,2.04166)->(14,4,3.49753)->(14,5,4.81537)->(14,6,5.49753)->(14,7,6.06537)->(14,8,6.58331)->(14,9,7.08331)->(14,10,7.58331)->(14,11,8.08331)->(14,12,8.58331)->(14,13,9.08331)->(14,14,9.58331)->(14,15,10.1013)->(14,16,10.6691)->(14,17,11.3513)->(14,18,12.6691)->(14,19,16.2616)->(13,19,5008.81)->
Agent 14:(4,24,1.8)->(3,24,3.01421)->(2,24,4.42843)->(1,24,5.84264)->(0,24,8.05685)->(0,23,10.2711)->(0,22,11.5889)->(0,21,12.2711)->(0,20,12.8389)->(0,19,13.3569)->(0,18,13.8569)->(0,17,14.3569)->(0,16,14.8569)->(0,15,15.3569)->(0,14,15.8569)->(0,13,16.3569)->(0,12,16.8569)->(0,11,17.3569)->(0,10,17.8569)->(0,9,18.3748)->(0,8,18.9426)->(0,7,19.6248)->(0,6,20.9426)->(0,5,5010.18)->
Agent 15:(23,29,10.7716)->(23,28,20.9574)->(23,27,22.2752)->(23,26,22.9574)->(23,25,23.5252)->(23,24,24.0431)->(23,23,24.5431)->(23,22,25.0431)->(23,21,25.5431)->(23,20,26.0431)->(23,19,26.5431)->(23,18,27.0431)->(23,17,27.5431)->(23,16,28.0431)->(23,15,28.5431)->(23,14,29.0431)->(23,13,29.5431)->(23,12,30.0431)->(23,11,30.5431)->(23,10,31.0431)->(23,9,31.5431)->(23,8,32.0431)->(23,7,32.5611)->(23,6,33.1289)->(23,5,33.8111)->(23,4,35.1289)->(23,3,37.3431)->(22,3,39.5574)->(21,3,40.8752)->(20,3,41.5574)->(19,3,42.1252)->(18,3,42.6431)->(17,3,43.1431)->(16,3,43.6431)->(15,3,44.1611)->(14,3,44.7289)->(13,3,45.4111)->(12,3,46.7289)->(11,3,5023.07)->
Agent 16:(17,5,1.3)->(17,6,2.01421)->(17,7,3.33205)->(17,8,4.01421)->(17,9,4.58205)->(17,10,5.1)->(17,11,5.6)->(17,12,6.1)->(17,13,6.6)->(17,14,7.1)->(17,15,7.6)->(17,16,8.1)->(17,17,8.6)->(17,18,9.11795)->(17,19,9.68579)->(17,20,10.3679)->(17,21,11.6858)->(17,22,14.6)->(18,22,17.5142)->(19,22,18.8321)->(20,22,19.5142)->(21,22,20.0821)->(22,22,20.6)->(23,22,21.1)->(24,22,21.6)->(25,22,22.1)->(26,22,22.6179)->(27,22,23.1858)->(28,22,23.8679)->(29,22,25.1858)->(30,22,27.4)->(30,23,29.6142)->(30,24,30.9321)->(30,25,31.6641)->(30,26,32.3962)->(30,27,33.714)->(30,28,5016.56)->
Agent 17:(28,26,5.1)->(28,25,9.61421)->(28,24,10.9321)->(28,23,11.6142)->(28,22,12.1821)->(28,21,12.7)->(28,20,13.2)->(28,19,13.7)->(28,18,14.2)->(28,17,14.7)->(28,16,15.2)->(28,15,15.7)->(28,14,16.2)->(28,13,16.7)->(28,12,17.2)->(28,11,17.7179)->(28,10,18.2858)->(28,9,18.9679)->(28,8,20.2858)->(28,7,22.5)->(27,7,24.7142)->(26,7,26.0321)->(25,7,26.7142)->(24,7,27.2821)->(23,7,27.8)->(22,7,28.3)->(21,7,28.8)->(20,7,29.3)->(19,7,29.8)->(18,7,30.3)->(17,7,30.8)->(16,7,31.3)->(15,7,31.8)->(14,7,32.3)->(13,7,32.8)->(12,7,33.3)->(11,7,33.8)->(10,7,34.3179)->(9,7,34.8858)->(8,7,35.5679)->(7,7,36.8858)->(6,7,39.5142)->(6,6,43.1142)->(5,6,45.7779)->(4,6,47.7779)->(3,6,50.4416)->(3,7,5025.41)->
Agent 18:(9,17,1.4142)->(9,18,2.24261)->(9,19,3.56045)->(9,20,4.25222)->(9,21,4.88789)->(9,22,5.57966)->(9,23,6.8975)->(9,24,9.11171)->(10,24,11.3259)->(11,24,12.6438)->(12,24,13.3758)->(13,24,14.1079)->(14,24,15.4257)->(15,24,18.0541)->(15,25,5009.22)->
Agent 19:(21,30,3.85)->(20,30,7.11421)->(19,30,8.43205)->(18,30,9.11421)->(17,30,9.68205)->(16,30,10.2)->(15,30,10.7)->(14,30,11.2)->(13,30,11.7)->(12,30,12.2)->(11,30,12.7)->(10,30,13.2)->(9,30,13.7)->(8,30,14.2)->(7,30,14.7)->(6,30,15.2)->(5,30,15.7179)->(4,30,16.2858)->(3,30,16.9679)->(2,30,18.2858)->(1,30,5008.85)->
Agent 20:(31,30,2.2)->(31,29,3.81421)->(31,28,5.13205)->(31,27,5.81421)->(31,26,6.38205)->(31,25,6.9)->(31,24,7.4)->(31,23,7.9)->(31,22,8.4)->(31,21,8.9)->(31,20,9.4)->(31,19,9.9)->(31,18,10.4179)->(31,17,10.9858)->(31,16,11.6679)->(31,15,12.9858)->(31,14,17.2917)->(30,14,21.5975)->(29,14,22.9154)->(28,14,23.5975)->(27,14,24.1654)->(26,14,24.6833)->(25,14,25.1833)->(24,14,25.6833)->(23,14,26.1833)->(22,14,26.6833)->(21,14,27.1833)->(20,14,27.6833)->(19,14,28.1833)->(18,14,28.6833)->(17,14,29.1833)->(16,14,29.6833)->(15,14,30.1833)->(14,14,30.6833)->(13,14,31.1833)->(12,14,31.6833)->(11,14,32.1833)->(10,14,32.7013)->(9,14,33.2691)->(8,14,33.9513)->(7,14,35.2691)->(6,14,37.8975)->(6,15,5019.14)->
Agent 21:(29,5,3.61733)->(28,5,6.64887)->(27,5,7.9667)->(26,5,8.64887)->(25,5,9.2167)->(24,5,9.73465)->(23,5,10.2347)->(22,5,10.7347)->(21,5,11.2347)->(20,5,11.7347)->(19,5,12.2347)->(18,5,12.7526)->(17,5,13.3204)->(16,5,14.0026)->(15,5,15.3204)->(14,5,18.5196)->(14,6,21.7187)->(14,7,23.0365)->(14,8,23.7187)->(14,9,24.2865)->(14,10,24.8045)->(14,11,25.3045)->(14,12,25.8045)->(14,13,26.3045)->(14,14,26.8045)->(14,15,27.3045)->(14,16,27.8045)->(14,17,28.3045)->(14,18,28.8045)->(14,19,29.3045)->(14,20,29.8045)->(14,21,30.3045)->(14,22,30.8045)->(14,23,31.3045)->(14,24,31.8224)->(14,25,32.3903)->(14,26,33.0724)->(14,27,34.3903)->(14,28,37.0187)->(13,28,5018.7)->
Agent 22:(4,11,2.21421)->(5,11,4.81421)->(5,12,7.44264)->(5,13,8.77649)->(5,14,9.60492)->(5,15,10.9388)->(5,16,13.208)->(6,16,15.4773)->(7,16,16.7951)->(8,16,17.4773)->(9,16,18.0451)->(10,16,18.5631)->(11,16,19.0631)->(12,16,19.581)->(13,16,20.1489)->(14,16,20.831)->(15,16,22.1489)->(16,16,24.7773)->(16,17,5012.58)->
Agent 23:(26,1,2.78154)->(26,2,4.97729)->(26,3,6.29513)->(26,4,6.97729)->(26,5,7.54513)->(26,6,8.06308)->(26,7,8.56308)->(26,8,9.06308)->(26,9,9.56308)->(26,10,10.0631)->(26,11,10.5631)->(26,12,11.0631)->(26,13,11.5631)->(26,14,12.0631)->(26,15,12.5631)->(26,16,13.0631)->(26,17,13.581)->(26,18,14.1489)->(26,19,14.831)->(26,20,16.1489)->(26,21,18.3631)->(25,21,20.5773)->(24,21,21.8951)->(23,21,22.5773)->(22,21,23.1451)->(21,21,23.6631)->(20,21,24.1631)->(19,21,24.6631)->(18,21,25.1631)->(17,21,25.681)->(16,21,26.2489)->(15,21,26.931)->(14,21,28.2489)->(13,21,30.8773)->(13,22,5015.63)->
Agent 24:(28,16,2.2)->(28,15,3.81421)->(28,14,5.22843)->(28,13,6.64264)->(28,12,9.49213)->(27,12,12.3416)->(26,12,13.6595)->(25,12,14.3416)->(24,12,14.9095)->(23,12,15.4274)->(22,12,15.9274)->(21,12,16.4274)->(20,12,16.9274)->(19,12,17.4454)->(18,12,18.0132)->(17,12,18.6954)->(16,12,20.0132)->(15,12,22.6416)->(15,11,26.6558)->(14,11,5013.73)->
Agent 25:(28,17,3.2)->(28,16,5.81421)->(28,15,7.22843)->(28,14,8.64264)->(28,13,10.8569)->(27,13,13.0711)->(26,13,14.3889)->(25,13,15.0711)->(24,13,15.6389)->(23,13,16.1569)->(22,13,16.6569)->(21,13,17.1748)->(20,13,17.7426)->(19,13,18.4248)->(18,13,19.7426)->(17,13,22.3711)->(17,12,25.9711)->(16,12,28.5995)->(15,12,29.9173)->(14,12,30.5995)->(13,12,31.1673)->(12,12,31.6853)->(11,12,32.2032)->(10,12,32.7711)->(9,12,33.4532)->(8,12,34.7711)->(7,12,5017.09)->
Agent 26:(4,31,1.8)->(5,31,3.01421)->(6,31,4.33205)->(7,31,5.01421)->(8,31,5.58205)->(9,31,6.1)->(10,31,6.6)->(11,31,7.1)->(12,31,7.6)->(13,31,8.1)->(14,31,8.6)->(15,31,9.1)->(16,31,9.6)->(17,31,10.1)->(18,31,10.6)->(19,31,11.1)->(20,31,11.6)->(21,31,12.1)->(22,31,12.6)->(23,31,13.1)->(24,31,13.6179)->(25,31,14.1858)->(26,31,14.8679)->(27,31,16.1858)->(28,31,20.1917)->(28,30,24.1975)->(28,29,25.5154)->(28,28,26.1975)->(28,27,26.7654)->(28,26,27.2833)->(28,25,27.7833)->(28,24,28.2833)->(28,23,28.7833)->(28,22,29.2833)->(28,21,29.7833)->(28,20,30.2833)->(28,19,30.7833)->(28,18,31.2833)->(28,17,31.7833)->(28,16,32.2833)->(28,15,32.7833)->(28,14,33.2833)->(28,13,33.7833)->(28,12,34.2833)->(28,11,34.7833)->(28,10,35.2833)->(28,9,35.7833)->(28,8,36.2833)->(28,7,36.7833)->(28,6,37.2833)->(28,5,37.8013)->(28,4,38.3691)->(28,3,39.0513)->(28,2,40.3691)->(28,1,42.9975)->(27,1,5021.69)->
Agent 27:(20,0,1.49949)->(20,1,2.41319)->(20,2,3.73103)->(20,3,4.41319)->(20,4,4.98103)->(20,5,5.49898)->(20,6,5.99898)->(20,7,6.49898)->(20,8,6.99898)->(20,9,7.49898)->(20,10,7.99898)->(20,11,8.49898)->(20,12,8.99898)->(20,13,9.49898)->(20,14,9.99898)->(20,15,10.499)->(20,16,10.999)->(20,17,11.499)->(20,18,11.999)->(20,19,12.499)->(20,20,12.999)->(20,21,13.499)->(20,22,13.999)->(20,23,14.499)->(20,24,14.999)->(20,25,15.499)->(20,26,15.999)->(20,27,16.5169)->(20,28,17.0848)->(20,29,17.7669)->(20,30,19.0848)->(20,31,21.299)->(19,31,23.5132)->(18,31,24.831)->(17,31,25.5132)->(16,31,26.081)->(15,31,26.599)->(14,31,27.099)->(13,31,27.6169)->(12,31,28.1848)->(11,31,28.8669)->(10,31,30.1848)->(9,31,5014.8)->
Agent 28:(29,21,2.2)->(29,20,3.84949)->(29,19,5.84949)->(29,18,10.9995)->(28,18,16.7)->(27,18,5008.35)->
Agent 29:(13,14,2.24615)->(13,15,3.90652)->(13,16,5.22436)->(13,17,5.90652)->(13,18,6.47436)->(13,19,6.9923)->(13,20,7.4923)->(13,21,8.01025)->(13,22,8.57809)->(13,23,9.26025)->(13,24,10.5781)->(13,25,12.7923)->(14,25,15.0065)->(15,25,16.3404)->(16,25,17.1688)->(17,25,18.5026)->(18,25,5008.96)->
Agent 30:(16,4,1.3)->(16,5,2.01421)->(16,6,3.33205)->(16,7,4.01421)->(16,8,4.58205)->(16,9,5.1)->(16,10,5.6)->(16,11,6.1)->(16,12,6.6)->(16,13,7.11795)->(16,14,7.68579)->(16,15,8.36795)->(16,16,9.68579)->(16,17,12.5642)->(15,17,15.4426)->(14,17,16.7605)->(13,17,17.4426)->(12,17,18.0284)->(11,17,18.6142)->(10,17,19.2964)->(9,17,20.6142)->(8,17,23.6226)->(8,18,26.6309)->(8,19,27.9487)->(8,20,28.6405)->(8,21,29.2762)->(8,22,29.9679)->(8,23,31.2858)->(8,24,5015.35)->
Agent 31:(2,22,8.81744)->(3,22,17.0491)->(4,22,18.3669)->(5,22,19.0491)->(6,22,19.6169)->(7,22,20.1349)->(8,22,20.6349)->(9,22,21.1349)->(10,22,21.6349)->(11,22,22.1349)->(12,22,22.6349)->(13,22,23.1349)->(14,22,23.6349)->(15,22,24.1349)->(16,22,24.6349)->(17,22,25.1349)->(18,22,25.6349)->(19,22,26.1349)->(20,22,26.6349)->(21,22,27.1349)->(22,22,27.6349)->(23,22,28.1528)->(24,22,28.7207)->(25,22,29.4028)->(26,22,30.7207)->(27,22,32.9349)->(27,23,35.7349)->(27,24,5017.87)->
Agent 32:(24,28,2.2)->(24,27,3.81421)->(24,26,5.13205)->(24,25,5.82382)->(24,24,6.45949)->(24,23,7.15126)->(24,22,8.4691)->(24,21,12.9911)->(23,21,17.5132)->(22,21,18.831)->(21,21,19.5132)->(20,21,20.081)->(19,21,20.599)->(18,21,21.099)->(17,21,21.599)->(16,21,22.099)->(15,21,22.599)->(14,21,23.099)->(13,21,23.6169)->(12,21,24.1848)->(11,21,24.8669)->(10,21,26.1848)->(9,21,31.6838)->(10,21,5017.47)->
Agent 33:(0,3,2.2)->(0,2,3.84949)->(0,1,5.84949)->(0,0,8.09898)->(1,0,10.3132)->(2,0,11.631)->(3,0,12.3228)->(4,0,12.9585)->(5,0,13.6502)->(6,0,14.9681)->(7,0,5007.19)->
Agent 34:(15,23,2.2)->(15,22,3.81421)->(15,21,5.13205)->(15,20,5.81421)->(15,19,6.38205)->(15,18,6.9)->(15,17,7.4)->(15,16,7.9)->(15,15,8.4)->(15,14,8.9)->(15,13,9.41795)->(15,12,9.98579)->(15,11,10.6679)->(15,10,11.9858)->(15,9,17.1701)->(14,9,22.3544)->(13,9,23.6722)->(12,9,24.3544)->(11,9,24.9222)->(10,9,25.4402)->(9,9,25.9581)->(8,9,26.526)->(7,9,27.2081)->(6,9,28.526)->(5,9,5013.97)->
Agent 35:(7,6,1.3)->(7,7,2.01421)->(7,8,3.34806)->(7,9,4.17649)->(7,10,5.51034)->(7,11,8.74382)->(8,11,11.9773)->(9,11,13.2951)->(10,11,13.9773)->(11,11,14.5451)->(12,11,15.0631)->(13,11,15.5631)->(14,11,16.081)->(15,11,16.6489)->(16,11,17.331)->(17,11,18.6489)->(18,11,5009.03)->
Agent 36:(18,23,1.8)->(17,23,3.01421)->(16,23,4.33205)->(15,23,5.0641)->(14,23,5.79615)->(13,23,7.11399)->(12,23,11.4518)->(12,22,15.7897)->(12,21,17.1235)->(12,20,17.9519)->(12,19,19.2858)->(12,18,5009.35)->
Agent 37:(18,18,1.8)->(19,18,3.01421)->(20,18,4.33205)->(21,18,5.0641)->(22,18,5.79615)->(23,18,7.11399)->(24,18,10.2926)->(24,17,13.4713)->(24,16,14.7891)->(24,15,15.5212)->(24,14,16.2532)->(24,13,17.5711)->(24,12,21.8353)->(23,12,26.0995)->(22,12,27.4173)->(21,12,28.0995)->(20,12,28.6673)->(19,12,29.1853)->(18,12,29.6853)->(17,12,30.1853)->(16,12,30.6853)->(15,12,31.2032)->(14,12,31.7711)->(13,12,32.4532)->(12,12,33.7711)->(11,12,5016.59)->
Agent 38:(27,23,2.2)->(27,22,3.81421)->(27,21,5.13205)->(27,20,5.81421)->(27,19,6.38205)->(27,18,6.9)->(27,17,7.4)->(27,16,7.9)->(27,15,8.4)->(27,14,8.91795)->(27,13,9.48579)->(27,12,10.1679)->(27,11,11.4858)->(27,10,13.9201)->(26,10,16.3544)->(25,10,17.6722)->(24,10,18.3544)->(23,10,18.9222)->(22,10,19.4402)->(21,10,19.9402)->(20,10,20.4402)->(19,10,20.9402)->(18,10,21.4402)->(17,10,21.9402)->(16,10,22.4402)->(15,10,22.9402)->(14,10,23.4402)->(13,10,23.9402)->(12,10,24.4402)->(11,10,24.9402)->(10,10,25.4402)->(9,10,25.9402)->(8,10,26.4402)->(7,10,26.9402)->(6,10,27.4402)->(5,10,27.9402)->(4,10,28.4581)->(3,10,29.026)->(2,10,29.7081)->(1,10,31.026)->(0,10,33.6544)->(0,11,5017.02)->
Agent 39:(23,5,2.83528)->(23,6,5.08477)->(23,7,6.4026)->(23,8,7.08477)->(23,9,7.6526)->(23,10,8.17055)->(23,11,8.67055)->(23,12,9.17055)->(23,13,9.67055)->(23,14,10.1706)->(23,15,10.6706)->(23,16,11.1706)->(23,17,11.6706)->(23,18,12.1706)->(23,19,12.6885)->(23,20,13.2563)->(23,21,13.9385)->(23,22,15.2563)->(23,23,17.4706)->(24,23,19.6848)->(25,23,21.0026)->(26,23,21.6848)->(27,23,22.2706)->(28,23,22.8563)->(29,23,23.5385)->(30,23,24.8563)->(31,23,5012.14)->
Agent 40:(4,20,1.3)->(4,21,2.01421)->(4,22,3.33205)->(4,23,4.0641)->(4,24,4.79615)->(4,25,6.11399)->(4,26,15.8636)->(5,26,25.6132)->(6,26,26.931)->(7,26,27.6132)->(8,26,28.181)->(9,26,28.699)->(10,26,29.199)->(11,26,29.699)->(12,26,30.199)->(13,26,30.699)->(14,26,31.199)->(15,26,31.699)->(16,26,32.199)->(17,26,32.7169)->(18,26,33.2848)->(19,26,33.9669)->(20,26,35.2848)->(21,26,37.9132)->(21,27,5019.15)->
Agent 41:(27,12,2.00143)->(26,12,3.41706)->(25,12,4.75092)->(24,12,5.57934)->(23,12,6.91319)->(22,12,9.16319)->(22,13,11.4132)->(22,14,12.731)->(22,15,13.4132)->(22,16,13.999)->(22,17,14.5848)->(22,18,15.2669)->(22,19,16.5848)->(22,20,21.1517)->(21,20,25.7187)->(20,20,27.0365)->(19,20,27.7187)->(18,20,28.3045)->(17,20,28.8903)->(16,20,29.5724)->(15,20,30.8903)->(14,20,33.5187)->(14,21,5016.95)->
Agent 42:(0,10,2.2)->(0,9,3.81421)->(0,8,5.13205)->(0,7,5.81421)->(0,6,6.38205)->(0,5,6.91795)->(0,4,7.48579)->(0,3,8.16795)->(0,2,9.48579)->(0,1,17.0059)->(1,1,24.526)->(2,1,25.8438)->(3,1,26.526)->(4,1,27.0938)->(5,1,27.6117)->(6,1,28.1117)->(7,1,28.6117)->(8,1,29.1117)->(9,1,29.6117)->(10,1,30.1117)->(11,1,30.6117)->(12,1,31.1117)->(13,1,31.6117)->(14,1,32.1117)->(15,1,32.6117)->(16,1,33.1117)->(17,1,33.6117)->(18,1,34.1117)->(19,1,34.6117)->(20,1,35.1117)->(21,1,35.6117)->(22,1,36.1117)->(23,1,36.6117)->(24,1,37.1117)->(25,1,37.6117)->(26,1,38.1117)->(27,1,38.6297)->(28,1,39.1975)->(29,1,39.8797)->(30,1,41.1975)->(31,1,43.826)->(31,2,5022.11)->
Agent 43:(17,12,1.3)->(17,13,2.01421)->(17,14,3.33205)->(17,15,4.01421)->(17,16,4.58205)->(17,17,5.1)->(17,18,5.6)->(17,19,6.11795)->(17,20,6.68579)->(17,21,7.36795)->(17,22,8.68579)->(17,23,14.9)->(18,23,21.1495)->(19,23,23.1495)->(20,23,5011.3)->
Agent 44:(23,21,1.8)->(22,21,3.01421)->(21,21,4.42843)->(20,21,5.84264)->(19,21,8.05685)->(19,20,10.2711)->(19,19,11.5889)->(19,18,12.2711)->(19,17,12.8389)->(19,16,13.3569)->(19,15,13.8569)->(19,14,14.3569)->(19,13,14.8569)->(19,12,15.3569)->(19,11,15.8569)->(19,10,16.3569)->(19,9,16.8569)->(19,8,17.3748)->(19,7,17.9426)->(19,6,18.6248)->(19,5,19.9426)->(19,4,5009.68)->
Agent 45:(22,3,6.31048)->(22,4,12.0352)->(22,5,13.353)->(22,6,14.0352)->(22,7,14.603)->(22,8,15.121)->(22,9,15.621)->(22,10,16.121)->(22,11,16.6389)->(22,12,17.2067)->(22,13,17.8889)->(22,14,19.2067)->(22,15,21.421)->(23,15,24.221)->(24,15,5012.11)->
Agent 46:(15,1,2.21421)->(16,1,6.09949)->(16,2,10.0132)->(16,3,11.331)->(16,4,12.0132)->(16,5,12.581)->(16,6,13.099)->(16,7,13.599)->(16,8,14.099)->(16,9,14.6169)->(16,10,15.1848)->(16,11,15.8669)->(16,12,17.1848)->(16,13,5008.3)->
Agent 47:(3,23,1.8)->(2,23,3.6)->(1,23,6.4)->(1,22,8.61421)->(1,21,9.93205)->(1,20,10.6142)->(1,19,11.1821)->(1,18,11.7)->(1,17,12.2)->(1,16,12.7)->(1,15,13.2)->(1,14,13.7)->(1,13,14.2)->(1,12,14.7179)->(1,11,15.2858)->(1,10,15.9679)->(1,9,17.2858)->(1,8,19.9142)->(0,8,5010.15)->
Agent 48:(14,2,6.29949)->(14,3,12.0132)->(14,4,13.331)->(14,5,14.0132)->(14,6,14.581)->(14,7,15.099)->(14,8,15.599)->(14,9,16.099)->(14,10,16.599)->(14,11,17.099)->(14,12,17.599)->(14,13,18.099)->(14,14,18.599)->(14,15,19.099)->(14,16,19.599)->(14,17,20.099)->(14,18,20.599)->(14,19,21.099)->(14,20,21.599)->(14,21,22.099)->(14,22,22.6169)->(14,23,23.1848)->(14,24,23.8669)->(14,25,25.1848)->(14,26,27.399)->(15,26,29.6132)->(16,26,30.931)->(17,26,31.6132)->(18,26,32.181)->(19,26,32.699)->(20,26,33.199)->(21,26,33.699)->(22,26,34.199)->(23,26,34.699)->(24,26,35.199)->(25,26,35.699)->(26,26,36.2169)->(27,26,36.7848)->(28,26,37.4669)->(29,26,38.7848)->(30,26,5019.1)->
Agent 49:(9,19,1.3)->(9,20,2.01421)->(9,21,3.33205)->(9,22,4.02382)->(9,23,4.65949)->(9,24,5.35126)->(9,25,6.6691)->(9,26,8.88331)->(8,26,11.0975)->(7,26,12.5117)->(6,26,13.926)->(5,26,16.1402)->(5,25,18.3544)->(5,24,19.6722)->(5,23,20.3544)->(5,22,20.9222)->(5,21,21.4402)->(5,20,21.9402)->(5,19,22.4402)->(5,18,22.9402)->(5,17,23.4402)->(5,16,23.9402)->(5,15,24.4402)->(5,14,24.9402)->(5,13,25.4402)->(5,12,25.9402)->(5,11,26.4402)->(5,10,26.9402)->(5,9,27.4402)->(5,8,27.9581)->(5,7,28.526)->(5,6,29.2081)->(5,5,30.526)->(5,4,5014.97)->
Agent 50:(13,2,1.8)->(12,2,3.01421)->(11,2,4.34806)->(10,2,5.17649)->(9,2,6.51034)->(8,2,8.72456)->(8,1,11.5246)->(8,0,19.6187)->(8,1,27.1623)->(8,2,29.1623)->(8,3,5014.31)->
Agent 51:(20,25,1.8)->(19,25,3.01421)->(18,25,4.33205)->(17,25,5.01421)->(16,25,5.58205)->(15,25,6.1)->(14,25,6.6)->(13,25,7.11795)->(12,25,7.68579)->(11,25,8.36795)->(10,25,9.68579)->(9,25,11.9)->(9,24,14.1142)->(9,23,15.4321)->(9,22,16.1142)->(9,21,16.6821)->(9,20,17.2)->(9,19,17.7)->(9,18,18.2)->(9,17,18.7)->(9,16,19.2)->(9,15,19.7)->(9,14,20.2)->(9,13,20.7)->(9,12,21.2179)->(9,11,21.7858)->(9,10,22.4679)->(9,9,23.7858)->(9,8,5011.6)->
Agent 52:(20,14,1.8)->(19,14,3.01421)->(18,14,4.33205)->(17,14,5.02382)->(16,14,5.65949)->(15,14,6.35126)->(14,14,7.6691)->(13,14,9.88331)->(13,15,12.0975)->(13,16,13.4154)->(13,17,14.1474)->(13,18,14.8795)->(13,19,16.1973)->(13,20,18.8257)->(12,20,5009.61)->
Agent 53:(11,17,2.8)->(11,16,5.01421)->(11,15,6.33205)->(11,14,7.01421)->(11,13,7.58205)->(11,12,8.1)->(11,11,8.6)->(11,10,9.1)->(11,9,9.6)->(11,8,10.1)->(11,7,10.6)->(11,6,11.1179)->(11,5,11.6858)->(11,4,12.3679)->(11,3,13.6858)->(11,2,15.9)->(12,2,18.1142)->(13,2,19.4321)->(14,2,20.1142)->(15,2,20.6821)->(16,2,21.2)->(17,2,21.7)->(18,2,22.2)->(19,2,22.7)->(20,2,23.2)->(21,2,23.7)->(22,2,24.2)->(23,2,24.7)->(24,2,25.2)->(25,2,25.7179)->(26,2,26.2858)->(27,2,26.9679)->(28,2,28.2858)->(29,2,5013.85)->
Agent 54:(22,12,2.2)->(22,11,3.84949)->(22,10,5.84949)->(22,9,8.09898)->(23,9,10.899)->(24,9,16.3338)->(24,10,5009.47)->
Agent 55:(18,8,1.8)->(19,8,3.04949)->(20,8,5.04949)->(21,8,7.29898)->(21,9,9.51319)->(21,10,10.831)->(21,11,11.5132)->(21,12,12.081)->(21,13,12.599)->(21,14,13.099)->(21,15,13.6169)->(21,16,14.1848)->(21,17,14.8669)->(21,18,16.1848)->(21,19,5007.8)->
Agent 56:(8,16,2.2)->(8,15,3.81421)->(8,14,5.13205)->(8,13,5.81421)->(8,12,6.38205)->(8,11,6.91795)->(8,10,7.48579)->(8,9,8.16795)->(8,8,9.48579)->(8,7,18.5564)->(7,7,27.6623)->(6,7,29.6623)->(5,7,5014.56)->
Agent 57:(27,17,2.21421)->(26,17,6.16421)->(27,17,11.1142)->(27,18,13.7426)->(27,19,15.0605)->(27,20,15.7426)->(27,21,16.3105)->(27,22,16.8284)->(27,23,17.3464)->(27,24,17.9142)->(27,25,18.5964)->(27,26,19.9142)->(27,27,5009.66)->
Agent 58:(10,16,1.3)->(10,17,2.01421)->(10,18,3.33205)->(10,19,4.01421)->(10,20,4.58205)->(10,21,5.1)->(10,22,5.6)->(10,23,6.11795)->(10,24,6.68579)->(10,25,7.36795)->(10,26,8.68579)->(10,27,12.15)->(11,27,15.6142)->(12,27,16.9321)->(13,27,17.6142)->(14,27,18.2)->(15,27,18.7858)->(16,27,19.4679)->(17,27,20.7858)->(18,27,5010.1)->
Agent 59:(26,11,1.8)->(27,11,3.04949)->(28,11,5.04949)->(29,11,7.29898)->(29,10,9.51319)->(29,9,10.831)->(29,8,11.5228)->(29,7,12.1585)->(29,6,12.8502)->(29,5,14.1681)->(29,4,5006.79)->
Agent 60:(23,10,1.3)->(23,11,2.04949)->(23,12,4.04949)->(23,13,6.33477)->(22,13,8.58477)->(21,13,9.9026)->(20,13,10.5848)->(19,13,11.1706)->(18,13,11.7563)->(17,13,12.4385)->(16,13,13.7563)->(15,13,5006.59)->
Agent 61:(6,11,2.2)->(6,10,3.81421)->(6,9,5.13205)->(6,8,5.81421)->(6,7,6.38205)->(6,6,6.91795)->(6,5,7.48579)->(6,4,8.16795)->(6,3,9.48579)->(6,2,13.05)->(7,2,16.6142)->(8,2,17.9321)->(9,2,18.6142)->(10,2,19.1821)->(11,2,19.7)->(12,2,20.2)->(13,2,20.7)->(14,2,21.2)->(15,2,21.7)->(16,2,22.2)->(17,2,22.7)->(18,2,23.2)->(19,2,23.7)->(20,2,24.2)->(21,2,24.7)->(22,2,25.2179)->(23,2,25.7858)->(24,2,26.4679)->(25,2,27.7858)->(26,2,5013.6)->
Agent 62:(28,23,1.3)->(28,24,2.6)->(28,25,5.4)->(27,25,7.64949)->(26,25,9.64949)->(25,25,5004.55)->
Agent 63:(28,8,3.54949)->(27,8,6.51319)->(26,8,7.83103)->(25,8,8.51319)->(24,8,9.08103)->(23,8,9.59898)->(22,8,10.099)->(21,8,10.599)->(20,8,11.099)->(19,8,11.599)->(18,8,12.099)->(17,8,12.599)->(16,8,13.099)->(15,8,13.599)->(14,8,14.099)->(13,8,14.599)->(12,8,15.099)->(11,8,15.599)->(10,8,16.1169)->(9,8,16.6848)->(8,8,17.3669)->(7,8,18.6848)->(6,8,20.899)->(6,9,23.1132)->(6,10,24.431)->(6,11,25.1132)->(6,12,25.681)->(6,13,26.199)->(6,14,26.699)->(6,15,27.199)->(6,16,27.699)->(6,17,28.199)->(6,18,28.7169)->(6,19,29.2848)->(6,20,29.9669)->(6,21,31.2848)->(6,22,5015.35)->
Agent 64:(25,1,1.3)->(25,2,2.01421)->(25,3,3.33205)->(25,4,4.01421)->(25,5,4.58205)->(25,6,5.1)->(25,7,5.6)->(25,8,6.1)->(25,9,6.6)->(25,10,7.1)->(25,11,7.6)->(25,12,8.1)->(25,13,8.6)->(25,14,9.1)->(25,15,9.6)->(25,16,10.1)->(25,17,10.6)->(25,18,11.1)->(25,19,11.6)->(25,20,12.1179)->(25,21,12.6858)->(25,22,13.3679)->(25,23,14.6858)->(25,24,16.9)->(24,24,19.1142)->(23,24,20.4321)->(22,24,21.1142)->(21,24,21.6821)->(20,24,22.2)->(19,24,22.7)->(18,24,23.2)->(17,24,23.7)->(16,24,24.2)->(15,24,24.7)->(14,24,25.2)->(13,24,25.7)->(12,24,26.2)->(11,24,26.7179)->(10,24,27.2858)->(9,24,27.9679)->(8,24,29.2858)->(7,24,31.9142)->(7,25,5016.15)->
Agent 65:(18,0,1.3)->(18,1,2.01421)->(18,2,3.33205)->(18,3,4.01421)->(18,4,4.58205)->(18,5,5.1)->(18,6,5.6)->(18,7,6.1)->(18,8,6.6)->(18,9,7.1)->(18,10,7.6)->(18,11,8.1)->(18,12,8.6)->(18,13,9.1)->(18,14,9.6)->(18,15,10.1)->(18,16,10.6)->(18,17,11.1)->(18,18,11.6)->(18,19,12.1179)->(18,20,12.6858)->(18,21,13.3679)->(18,22,14.6858)->(18,23,16.9)->(19,23,19.1495)->(20,23,21.1495)->(21,23,23.8132)->(21,24,5012.1)->
Agent 66:(5,12,1.8)->(6,12,3.01421)->(7,12,4.33205)->(8,12,5.01421)->(9,12,5.6)->(10,12,6.18579)->(11,12,6.86795)->(12,12,8.18579)->(13,12,10.6174)->(13,11,13.0491)->(13,10,14.3669)->(13,9,15.0587)->(13,8,15.6944)->(13,7,16.3861)->(13,6,17.704)->(13,5,21.1256)->(14,5,5011.15)->
Agent 67:(4,6,1.3)->(4,7,2.01421)->(4,8,3.33205)->(4,9,4.01421)->(4,10,4.58205)->(4,11,5.1)->(4,12,5.6)->(4,13,6.1)->(4,14,6.61795)->(4,15,7.18579)->(4,16,7.86795)->(4,17,9.18579)->(4,18,11.4)->(5,18,13.6142)->(6,18,14.9321)->(7,18,15.6142)->(8,18,16.1821)->(9,18,16.7)->(10,18,17.2)->(11,18,17.7)->(12,18,18.2)->(13,18,18.7)->(14,18,19.2)->(15,18,19.7)->(16,18,20.2)->(17,18,20.7)->(18,18,21.2)->(19,18,21.7)->(20,18,22.2)->(21,18,22.7)->(22,18,23.2179)->(23,18,23.7858)->(24,18,24.4679)->(25,18,25.7858)->(26,18,28.4142)->(26,17,32.0142)->(27,17,35.2284)->(28,17,38.4426)->(28,18,5019.41)->
Agent 68:(3,16,1.3)->(3,17,2.01421)->(3,18,3.33205)->(3,19,4.01421)->(3,20,4.58205)->(3,21,5.1)->(3,22,5.6)->(3,23,6.1)->(3,24,6.61795)->(3,25,7.18579)->(3,26,7.86795)->(3,27,9.18579)->(3,28,12.6059)->(4,28,16.026)->(5,28,17.3438)->(6,28,18.026)->(7,28,18.6117)->(8,28,19.1975)->(9,28,19.8797)->(10,28,21.1975)->(11,28,5010.31)->
Agent 69:(18,4,1.3)->(18,5,2.01421)->(18,6,3.33205)->(18,7,4.01421)->(18,8,4.58205)->(18,9,5.1)->(18,10,5.6)->(18,11,6.1)->(18,12,6.6)->(18,13,7.1)->(18,14,7.6)->(18,15,8.1)->(18,16,8.6)->(18,17,9.1)->(18,18,9.6)->(18,19,10.1)->(18,20,10.6)->(18,21,11.1)->(18,22,11.6179)->(18,23,12.1858)->(18,24,12.8679)->(18,25,14.1858)->(18,26,16.4)->(19,26,18.6142)->(20,26,19.9321)->(21,26,20.6142)->(22,26,21.2)->(23,26,21.7858)->(24,26,22.4679)->(25,26,23.7858)->(26,26,26.4142)->(26,25,33.1817)->(26,26,5018.37)->
