Agent 0:(16,6,2.2)->(16,5,3.81421)->(16,4,5.13205)->(16,3,5.8641)->(16,2,6.59615)->(16,1,7.91399)->(16,0,10.1282)->(15,0,12.3424)->(14,0,13.6603)->(13,0,14.3923)->(12,0,15.1244)->(11,0,16.4422)->(10,0,33.7524)->(10,1,5024.41)->
Agent 1:(22,16,1.3)->(22,17,2.6)->(22,18,5.81421)->(21,18,9.41421)->(21,17,12.0426)->(21,16,13.4569)->(21,15,14.8711)->(21,14,17.2747)->(22,14,19.6783)->(23,14,20.9962)->(24,14,21.6879)->(25,14,22.3236)->(26,14,23.0154)->(27,14,24.3332)->(28,14,5011.87)->
Agent 2:(13,1,1.8)->(14,1,3.01421)->(15,1,4.33205)->(16,1,5.01421)->(17,1,5.6)->(18,1,6.18579)->(19,1,6.86795)->(20,1,8.18579)->(21,1,10.4)->(21,2,12.6142)->(21,3,14.0284)->(21,4,15.4426)->(21,5,5007.43)->
Agent 3:(28,7,1.3)->(28,8,2.01421)->(28,9,3.33205)->(28,10,4.02382)->(28,11,4.65949)->(28,12,5.35126)->(28,13,6.6691)->(28,14,9.29753)->(29,14,12.8975)->(29,15,15.5612)->(29,16,17.5612)->(29,17,24.0011)->(30,17,5014.08)->
Agent 4:(7,3,1.4142)->(7,4,2.24261)->(7,5,3.56045)->(7,6,4.24261)->(7,7,4.81045)->(7,8,5.3284)->(7,9,5.8284)->(7,10,6.34635)->(7,11,6.91419)->(7,12,7.59635)->(7,13,8.91419)->(7,14,13.0964)->(8,14,17.2785)->(9,14,18.5964)->(10,14,19.2785)->(11,14,19.8464)->(12,14,20.3823)->(13,14,20.9501)->(14,14,21.6323)->(15,14,22.9501)->(16,14,25.1643)->(16,15,27.9643)->(16,16,5013.98)->
Agent 5:(20,15,1.8)->(21,15,3.01421)->(22,15,4.33205)->(23,15,5.0641)->(24,15,5.79615)->(25,15,7.11399)->(26,15,9.3282)->(26,14,11.5424)->(26,13,12.8603)->(26,12,13.5424)->(26,11,14.1103)->(26,10,14.6282)->(26,9,15.1282)->(26,8,15.6462)->(26,7,16.214)->(26,6,16.8962)->(26,5,18.214)->(26,4,5008.81)->
Agent 6:(10,17,3.97843)->(11,17,7.37107)->(12,17,8.68891)->(13,17,9.37107)->(14,17,9.93891)->(15,17,10.4569)->(16,17,10.9569)->(17,17,11.4748)->(18,17,12.0426)->(19,17,12.7248)->(20,17,14.0426)->(21,17,16.6711)->(21,16,5008.53)->
Agent 7:(12,24,1.3)->(12,25,2.01421)->(12,26,3.33205)->(12,27,4.02382)->(12,28,4.65949)->(12,29,5.35126)->(12,30,6.6691)->(12,31,10.1417)->(13,31,13.6142)->(14,31,14.9321)->(15,31,15.6142)->(16,31,16.1821)->(17,31,16.7)->(18,31,17.2)->(19,31,17.7)->(20,31,18.2)->(21,31,18.7)->(22,31,19.2)->(23,31,19.7)->(24,31,20.2179)->(25,31,20.7858)->(26,31,21.4679)->(27,31,22.7858)->(28,31,5011.1)->
Agent 8:(31,23,1.3)->(31,24,2.01421)->(31,25,3.33205)->(31,26,4.02382)->(31,27,4.65949)->(31,28,5.35126)->(31,29,6.6691)->(31,30,8.88331)->(30,30,11.0975)->(29,30,12.4154)->(28,30,13.1474)->(27,30,13.8795)->(26,30,15.1973)->(25,30,5007.31)->
Agent 9:(23,3,1.8)->(22,3,3.01421)->(21,3,4.33205)->(20,3,5.02382)->(19,3,5.65949)->(18,3,6.35126)->(17,3,7.6691)->(16,3,10.0917)->(16,4,12.5142)->(16,5,13.8321)->(16,6,14.5142)->(16,7,15.0821)->(16,8,15.6)->(16,9,16.1)->(16,10,16.6)->(16,11,17.1)->(16,12,17.6)->(16,13,18.1)->(16,14,18.6)->(16,15,19.1)->(16,16,19.6179)->(16,17,20.1858)->(16,18,20.8679)->(16,19,22.1858)->(16,20,24.8142)->(15,20,5012.6)->
Agent 10:(17,2,1.3)->(17,3,2.01421)->(17,4,3.42843)->(17,5,4.84264)->(17,6,10.7105)->(16,6,16.5783)->(15,6,17.8962)->(14,6,18.5783)->(13,6,19.1462)->(12,6,19.6821)->(11,6,20.2499)->(10,6,20.9321)->(9,6,22.2499)->(8,6,5010.83)->
Agent 11:(29,20,2.2)->(29,19,3.81421)->(29,18,5.22843)->(29,17,6.64264)->(29,16,8.85685)->(30,16,11.6569)->(31,16,5005.83)->
Agent 12:(14,18,1.3)->(14,19,2.6)->(14,20,5.81421)->(13,20,9.41421)->(13,21,12.0426)->(13,22,13.3605)->(13,23,14.0522)->(13,24,14.6879)->(13,25,15.3797)->(13,26,16.6975)->(13,27,5008.06)->
Agent 13:(10,19,1.71421)->(10,20,6.48215)->(10,19,11.7785)->(10,18,13.0963)->(10,17,13.7785)->(10,16,14.3463)->(10,15,14.8643)->(10,14,15.3822)->(10,13,15.9501)->(10,12,16.6322)->(10,11,17.9501)->(10,10,20.5321)->(9,10,23.7)->(8,10,27.3181)->(8,11,5014.05)->
Agent 14:(23,16,2.4142)->(22,16,4.24261)->(21,16,5.56045)->(20,16,6.24261)->(19,16,6.81045)->(18,16,7.3284)->(17,16,7.8284)->(16,16,8.3284)->(15,16,8.8284)->(14,16,9.3284)->(13,16,9.84635)->(12,16,10.4142)->(11,16,11.0963)->(10,16,12.4142)->(9,16,14.6284)->(9,17,16.8779)->(9,18,18.8779)->(9,19,5009.16)->
Agent 15:(5,3,6.13579)->(6,3,11.6858)->(7,3,13.0036)->(8,3,13.6858)->(9,3,14.2536)->(10,3,14.7716)->(11,3,15.2716)->(12,3,15.7716)->(13,3,16.2716)->(14,3,16.7716)->(15,3,17.2716)->(16,3,17.7716)->(17,3,18.2716)->(18,3,18.7895)->(19,3,19.3574)->(20,3,20.0395)->(21,3,21.3574)->(22,3,5010.39)->
Agent 16:(7,23,1.3)->(7,24,2.01421)->(7,25,3.34806)->(7,26,4.17649)->(7,27,5.51034)->(7,28,9.27638)->(8,28,13.0424)->(9,28,14.3603)->(10,28,15.0424)->(11,28,15.6103)->(12,28,16.1282)->(13,28,16.6282)->(14,28,17.1462)->(15,28,17.714)->(16,28,18.3962)->(17,28,19.714)->(18,28,5009.56)->
Agent 17:(22,29,1.8)->(21,29,3.01421)->(20,29,4.33205)->(19,29,5.01421)->(18,29,5.58205)->(17,29,6.1)->(16,29,6.61795)->(15,29,7.18579)->(14,29,7.86795)->(13,29,9.18579)->(12,29,14.0283)->(12,28,5008.31)->
Agent 18:(27,7,1.3)->(27,8,2.04949)->(27,9,4.04949)->(27,10,8.19202)->(26,10,12.2993)->(25,10,13.6171)->(24,10,14.2993)->(23,10,14.8671)->(22,10,15.403)->(21,10,15.9708)->(20,10,16.653)->(19,10,17.9708)->(18,10,20.9106)->(18,11,23.8503)->(18,12,25.1842)->(18,13,26.0126)->(18,14,27.3465)->(18,15,5013.38)->
Agent 19:(15,27,7.26795)->(15,26,13.9501)->(15,25,15.2679)->(15,24,15.9501)->(15,23,16.5179)->(15,22,17.0359)->(15,21,17.5359)->(15,20,18.0359)->(15,19,18.5359)->(15,18,19.0359)->(15,17,19.5359)->(15,16,20.0359)->(15,15,20.5359)->(15,14,21.0359)->(15,13,21.5359)->(15,12,22.0359)->(15,11,22.5538)->(15,10,23.1217)->(15,9,23.8038)->(15,8,25.1217)->(15,7,27.6537)->(14,7,30.1858)->(13,7,31.6)->(12,7,33.0142)->(11,7,5016.21)->
Agent 20:(12,0,1.59989)->(12,1,2.61399)->(12,2,3.93183)->(12,3,4.61399)->(12,4,5.18183)->(12,5,5.69978)->(12,6,6.19978)->(12,7,6.69978)->(12,8,7.19978)->(12,9,7.69978)->(12,10,8.19978)->(12,11,8.69978)->(12,12,9.21773)->(12,13,9.78556)->(12,14,10.4677)->(12,15,11.7856)->(12,16,14.414)->(11,16,5007.4)->
Agent 21:(16,14,1.8)->(15,14,3.01421)->(14,14,4.34806)->(13,14,5.17649)->(12,14,6.51034)->(11,14,11.3339)->(11,13,16.1574)->(11,12,17.5716)->(11,11,18.9858)->(11,10,5009.2)->
Agent 22:(22,6,2.21421)->(21,6,9.05385)->(21,7,15.9219)->(21,8,17.2397)->(21,9,17.9718)->(21,10,18.7038)->(21,11,20.0217)->(21,12,5009.72)->
Agent 23:(31,31,1.8)->(30,31,3.01421)->(29,31,4.33205)->(28,31,5.01421)->(27,31,5.58205)->(26,31,6.1)->(25,31,6.6)->(24,31,7.1)->(23,31,7.6)->(22,31,8.1)->(21,31,8.61795)->(20,31,9.18579)->(19,31,9.86795)->(18,31,11.1858)->(17,31,13.4)->(17,30,15.6142)->(17,29,16.9321)->(17,28,17.6641)->(17,27,18.3962)->(17,26,19.714)->(17,25,5009.56)->
Agent 24:(13,18,4.77256)->(14,18,8.95933)->(15,18,10.2772)->(16,18,10.9689)->(17,18,11.6046)->(18,18,12.2964)->(19,18,13.6142)->(20,18,16.7642)->(20,17,19.9142)->(20,16,21.2321)->(20,15,21.9142)->(20,14,22.4821)->(20,13,23)->(20,12,23.5)->(20,11,24)->(20,10,24.5)->(20,9,25)->(20,8,25.5)->(20,7,26)->(20,6,26.5)->(20,5,27)->(20,4,27.5179)->(20,3,28.0858)->(20,2,28.7679)->(20,1,30.0858)->(20,0,5014.75)->
Agent 25:(27,29,2.2)->(27,28,3.81421)->(27,27,5.13205)->(27,26,5.81421)->(27,25,6.38205)->(27,24,6.9)->(27,23,7.4)->(27,22,7.9)->(27,21,8.4)->(27,20,8.9)->(27,19,9.4)->(27,18,9.9)->(27,17,10.4)->(27,16,10.9)->(27,15,11.4)->(27,14,11.9)->(27,13,12.4)->(27,12,12.9)->(27,11,13.4)->(27,10,13.9)->(27,9,14.4)->(27,8,14.9)->(27,7,15.4)->(27,6,15.9179)->(27,5,16.4858)->(27,4,17.1679)->(27,3,18.4858)->(27,2,20.7)->(26,2,22.9142)->(25,2,24.2321)->(24,2,24.9142)->(23,2,25.4821)->(22,2,26)->(21,2,26.5)->(20,2,27)->(19,2,27.5)->(18,2,28)->(17,2,28.5)->(16,2,29)->(15,2,29.5)->(14,2,30)->(13,2,30.5)->(12,2,31.0179)->(11,2,31.5858)->(10,2,32.2679)->(9,2,33.5858)->(8,2,36.2142)->(8,1,39.8142)->(7,1,42.4779)->(6,1,44.4779)->(5,1,47.1416)->(5,2,5023.76)->
Agent 26:(9,3,4.21795)->(9,4,7.85011)->(9,5,9.16795)->(9,6,9.85011)->(9,7,10.4179)->(9,8,10.9359)->(9,9,11.4359)->(9,10,11.9359)->(9,11,12.4538)->(9,12,13.0217)->(9,13,13.7038)->(9,14,15.0217)->(9,15,17.2359)->(8,15,19.4501)->(7,15,20.7679)->(6,15,21.5)->(5,15,22.2321)->(4,15,23.5499)->(3,15,5011.48)->
Agent 27:(8,13,3.55)->(8,12,6.51421)->(8,11,7.83205)->(8,10,8.51421)->(8,9,9.08205)->(8,8,9.6)->(8,7,10.1)->(8,6,10.6)->(8,5,11.1179)->(8,4,11.6858)->(8,3,12.3679)->(8,2,13.6858)->(8,1,15.9)->(9,1,18.1142)->(10,1,19.4321)->(11,1,20.1142)->(12,1,20.7)->(13,1,21.2858)->(14,1,21.9679)->(15,1,23.2858)->(16,1,5011.35)->
Agent 28:(2,21,2.21421)->(3,21,4.81421)->(3,20,7.44264)->(3,19,8.76048)->(3,18,9.44264)->(3,17,10.0105)->(3,16,10.5284)->(3,15,11.0284)->(3,14,11.5284)->(3,13,12.0284)->(3,12,12.5284)->(3,11,13.0284)->(3,10,13.5284)->(3,9,14.0464)->(3,8,14.6142)->(3,7,15.2964)->(3,6,16.6142)->(3,5,18.8284)->(4,5,21.6284)->(5,5,5010.81)->
Agent 29:(18,22,1.8)->(17,22,3.01421)->(16,22,4.33205)->(15,22,5.0641)->(14,22,5.79615)->(13,22,7.11399)->(12,22,14.1963)->(12,21,21.2785)->(12,20,22.5964)->(12,19,23.2785)->(12,18,23.8464)->(12,17,24.3643)->(12,16,24.8643)->(12,15,25.3643)->(12,14,25.8643)->(12,13,26.3643)->(12,12,26.8643)->(12,11,27.3643)->(12,10,27.8643)->(12,9,28.3643)->(12,8,28.8643)->(12,7,29.3643)->(12,6,29.8643)->(12,5,30.3823)->(12,4,30.9501)->(12,3,31.6323)->(12,2,32.9501)->(12,1,39.8601)->(11,1,46.77)->(10,1,48.0879)->(9,1,48.77)->(8,1,49.3379)->(7,1,49.8558)->(6,1,50.3738)->(5,1,50.9416)->(4,1,51.6238)->(3,1,52.9416)->(2,1,5026.18)->
Agent 30:(10,13,3.54949)->(11,13,6.51319)->(12,13,7.83103)->(13,13,8.51319)->(14,13,9.08103)->(15,13,9.59898)->(16,13,10.099)->(17,13,10.599)->(18,13,11.099)->(19,13,11.599)->(20,13,12.099)->(21,13,12.599)->(22,13,13.099)->(23,13,13.599)->(24,13,14.099)->(25,13,14.599)->(26,13,15.1169)->(27,13,15.6848)->(28,13,16.3669)->(29,13,17.6848)->(30,13,19.899)->(30,14,22.1132)->(30,15,23.431)->(30,16,24.1132)->(30,17,24.681)->(30,18,25.199)->(30,19,25.699)->(30,20,26.199)->(30,21,26.699)->(30,22,27.2169)->(30,23,27.7848)->(30,24,28.4669)->(30,25,29.7848)->(30,26,5014.6)->
Agent 31:(30,4,1.8)->(29,4,3.01421)->(28,4,4.33205)->(27,4,5.01421)->(26,4,5.58205)->(25,4,6.1)->(24,4,6.6)->(23,4,7.1)->(22,4,7.6)->(21,4,8.1)->(20,4,8.6)->(19,4,9.1)->(18,4,9.6)->(17,4,10.1)->(16,4,10.6)->(15,4,11.1)->(14,4,11.6)->(13,4,12.1)->(12,4,12.6179)->(11,4,13.1858)->(10,4,13.8679)->(9,4,15.1858)->(8,4,17.4)->(8,5,19.6142)->(8,6,20.9321)->(8,7,21.6142)->(8,8,22.1821)->(8,9,22.7)->(8,10,23.2)->(8,11,23.7)->(8,12,24.2)->(8,13,24.7)->(8,14,25.2)->(8,15,25.7)->(8,16,26.2)->(8,17,26.7179)->(8,18,27.2858)->(8,19,27.9679)->(8,20,29.2858)->(8,21,31.9142)->(7,21,5016.15)->
Agent 32:(14,11,2.21421)->(13,11,10.7142)->(13,10,19.2426)->(13,9,20.5605)->(13,8,21.2426)->(13,7,21.8105)->(13,6,22.3284)->(13,5,22.8464)->(13,4,23.4142)->(13,3,24.0964)->(13,2,25.4142)->(13,1,29.3284)->(13,2,5015.5)->
Agent 33:(8,4,2.82841)->(7,4,5.07104)->(6,4,6.38888)->(5,4,7.07104)->(4,4,7.65683)->(3,4,8.24261)->(2,4,8.92478)->(1,4,10.2426)->(0,4,12.4568)->(0,5,14.671)->(0,6,15.9889)->(0,7,16.7209)->(0,8,17.453)->(0,9,18.7708)->(0,10,5009.09)->
Agent 34:(19,12,2.21421)->(18,12,4.81421)->(18,11,7.44264)->(18,10,8.76048)->(18,9,9.44264)->(18,8,10.0105)->(18,7,10.5284)->(18,6,11.0284)->(18,5,11.5284)->(18,4,12.0464)->(18,3,12.6142)->(18,2,13.2964)->(18,1,14.6142)->(18,0,16.8284)->(17,0,19.0426)->(16,0,20.3765)->(15,0,21.2049)->(14,0,22.5388)->(13,0,5010.98)->
Agent 35:(6,11,3.7)->(5,11,7.4)->(4,11,5003.7)->
Agent 36:(20,6,1.71421)->(20,7,4.59949)->(21,7,8.01319)->(22,7,9.33103)->(23,7,10.0132)->(24,7,10.581)->(25,7,11.099)->(26,7,11.6169)->(27,7,12.1848)->(28,7,12.8669)->(29,7,14.1848)->(30,7,17.131)->(30,8,20.0773)->(30,9,21.3951)->(30,10,22.0773)->(30,11,22.6451)->(30,12,23.1631)->(30,13,23.6631)->(30,14,24.181)->(30,15,24.7489)->(30,16,25.431)->(30,17,26.7489)->(30,18,5013.08)->
Agent 37:(14,8,1.8)->(13,8,3.01421)->(12,8,4.33205)->(11,8,5.01421)->(10,8,5.58205)->(9,8,6.11795)->(8,8,6.68579)->(7,8,7.36795)->(6,8,8.68579)->(5,8,10.9)->(5,9,13.1142)->(5,10,14.4321)->(5,11,15.1142)->(5,12,15.6821)->(5,13,16.2)->(5,14,16.7)->(5,15,17.2)->(5,16,17.7)->(5,17,18.2179)->(5,18,18.7858)->(5,19,19.4679)->(5,20,20.7858)->(5,21,5010.1)->
Agent 38:(22,1,2.54949)->(22,2,4.51319)->(22,3,5.83103)->(22,4,6.51319)->(22,5,7.08103)->(22,6,7.59898)->(22,7,8.09898)->(22,8,8.59898)->(22,9,9.09898)->(22,10,9.59898)->(22,11,10.099)->(22,12,10.599)->(22,13,11.099)->(22,14,11.599)->(22,15,12.099)->(22,16,12.599)->(22,17,13.1169)->(22,18,13.6848)->(22,19,14.3669)->(22,20,15.6848)->(22,21,18.3132)->(21,21,21.9132)->(21,22,24.5416)->(21,23,25.8595)->(21,24,26.5416)->(21,25,27.1095)->(21,26,27.6274)->(21,27,28.1454)->(21,28,28.7132)->(21,29,29.3954)->(21,30,30.7132)->(21,31,5015.06)->
Agent 39:(2,28,1.3)->(2,29,2.6)->(2,30,5.4)->(3,30,7.61421)->(4,30,8.93205)->(5,30,9.6641)->(6,30,10.3962)->(7,30,11.714)->(8,30,5005.56)->
Agent 40:(13,25,1.3)->(13,26,2.6)->(13,27,5.4)->(12,27,7.64949)->(11,27,9.64949)->(10,27,5004.55)->
Agent 41:(4,19,3.2)->(5,19,5.81421)->(6,19,7.13205)->(7,19,7.81421)->(8,19,8.38205)->(9,19,8.9)->(10,19,9.4)->(11,19,9.9)->(12,19,10.4)->(13,19,10.9)->(14,19,11.4)->(15,19,11.9179)->(16,19,12.4858)->(17,19,13.1679)->(18,19,14.4858)->(19,19,16.7)->(19,18,18.9142)->(19,17,20.3284)->(19,16,21.7426)->(19,15,5010.58)->
Agent 42:(24,24,1.95)->(23,24,3.31421)->(22,24,4.63205)->(21,24,5.31421)->(20,24,5.88205)->(19,24,6.4)->(18,24,6.9)->(17,24,7.4)->(16,24,7.9)->(15,24,8.4)->(14,24,8.9)->(13,24,9.4)->(12,24,9.9)->(11,24,10.4179)->(10,24,10.9858)->(9,24,11.6679)->(8,24,12.9858)->(7,24,15.2)->(7,23,17.4142)->(7,22,18.7321)->(7,21,19.4142)->(7,20,19.9821)->(7,19,20.5)->(7,18,21)->(7,17,21.5)->(7,16,22)->(7,15,22.5)->(7,14,23)->(7,13,23.5)->(7,12,24)->(7,11,24.5)->(7,10,25)->(7,9,25.5)->(7,8,26)->(7,7,26.5)->(7,6,27.0179)->(7,5,27.5858)->(7,4,28.2679)->(7,3,29.5858)->(7,2,5014.5)->
Agent 43:(9,6,1.8)->(10,6,3.01421)->(11,6,4.33205)->(12,6,5.0641)->(13,6,5.79615)->(14,6,7.11399)->(15,6,9.74242)->(15,5,20.4499)->(15,6,30.7716)->(15,7,5015.39)->
Agent 44:(2,11,1.3)->(2,12,2.01421)->(2,13,3.33205)->(2,14,4.01421)->(2,15,4.58205)->(2,16,5.1)->(2,17,5.6)->(2,18,6.1)->(2,19,6.6)->(2,20,7.1)->(2,21,7.6)->(2,22,8.11795)->(2,23,8.68579)->(2,24,9.36795)->(2,25,10.6858)->(2,26,14.4)->(3,26,18.1142)->(4,26,19.4321)->(5,26,20.1142)->(6,26,20.6821)->(7,26,21.2)->(8,26,21.7179)->(9,26,22.2858)->(10,26,22.9679)->(11,26,24.2858)->(12,26,5011.85)->
Agent 45:(1,9,1.3)->(1,10,2.01421)->(1,11,3.33205)->(1,12,4.01421)->(1,13,4.58205)->(1,14,5.1)->(1,15,5.6)->(1,16,6.1)->(1,17,6.6)->(1,18,7.1)->(1,19,7.61795)->(1,20,8.18579)->(1,21,8.86795)->(1,22,10.1858)->(1,23,14.15)->(2,23,18.1142)->(3,23,19.4321)->(4,23,20.1142)->(5,23,20.7)->(6,23,21.2858)->(7,23,21.9679)->(8,23,23.2858)->(9,23,5011.35)->
Agent 46:(13,12,2.96228)->(13,13,5.37405)->(13,14,7.37405)->(13,15,17.9444)->(14,15,28.5148)->(15,15,30.5148)->(16,15,5014.98)->
Agent 47:(7,5,1.3)->(7,6,2.01421)->(7,7,3.33205)->(7,8,4.01421)->(7,9,4.58205)->(7,10,5.1)->(7,11,5.6)->(7,12,6.11795)->(7,13,6.68579)->(7,14,7.36795)->(7,15,8.68579)->(7,16,10.9)->(6,16,13.1142)->(5,16,14.4321)->(4,16,15.1238)->(3,16,15.7595)->(2,16,16.4513)->(1,16,17.7691)->(0,16,19.9833)->(0,15,22.7833)->(0,14,5011.39)->
Agent 48:(25,22,8.31421)->(25,21,16.0426)->(25,20,17.3605)->(25,19,18.0426)->(25,18,18.6105)->(25,17,19.1284)->(25,16,19.6284)->(25,15,20.1284)->(25,14,20.6284)->(25,13,21.1284)->(25,12,21.6284)->(25,11,22.1284)->(25,10,22.6284)->(25,9,23.1284)->(25,8,23.6284)->(25,7,24.1464)->(25,6,24.7142)->(25,5,25.3964)->(25,4,26.7142)->(25,3,31.8142)->(24,3,5017.34)->
Agent 49:(10,30,2.2)->(10,29,3.81421)->(10,28,5.13205)->(10,27,5.81421)->(10,26,6.38205)->(10,25,6.91795)->(10,24,7.48579)->(10,23,8.16795)->(10,22,9.48579)->(10,21,12.4679)->(11,21,15.4501)->(12,21,16.7679)->(13,21,17.4501)->(14,21,18.0359)->(15,21,18.6217)->(16,21,19.3038)->(17,21,20.6217)->(18,21,5010.02)->
Agent 50:(21,19,1.8)->(22,19,3.04949)->(23,19,5.04949)->(24,19,7.29898)->(24,18,10.099)->(24,17,18.8196)->(24,18,27.5402)->(24,19,5013.77)->
Agent 51:(23,27,2.2)->(23,26,3.81421)->(23,25,5.13205)->(23,24,5.81421)->(23,23,6.38205)->(23,22,6.9)->(23,21,7.4)->(23,20,7.9)->(23,19,8.4)->(23,18,8.9)->(23,17,9.4)->(23,16,9.9)->(23,15,10.4)->(23,14,10.9)->(23,13,11.4)->(23,12,11.9)->(23,11,12.4179)->(23,10,12.9858)->(23,9,13.6679)->(23,8,14.9858)->(23,7,17.2)->(22,7,19.4142)->(21,7,20.7321)->(20,7,21.4142)->(19,7,21.9821)->(18,7,22.5)->(17,7,23)->(16,7,23.5)->(15,7,24.0179)->(14,7,24.5858)->(13,7,25.2679)->(12,7,26.5858)->(11,7,29.2142)->(11,6,5014.8)->
Agent 52:(6,9,7.75)->(7,9,14.9142)->(8,9,16.2321)->(9,9,16.9142)->(10,9,17.4821)->(11,9,18)->(12,9,18.5)->(13,9,19)->(14,9,19.5)->(15,9,20)->(16,9,20.5)->(17,9,21)->(18,9,21.5)->(19,9,22)->(20,9,22.5179)->(21,9,23.0858)->(22,9,23.7679)->(23,9,25.0858)->(24,9,27.75)->(24,8,30.4142)->(24,7,31.7321)->(24,6,32.4142)->(24,5,32.9821)->(24,4,33.5179)->(24,3,34.0858)->(24,2,34.7679)->(24,1,36.0858)->(24,0,5017.75)->
Agent 53:(8,12,2.1)->(9,12,3.61421)->(10,12,4.93205)->(11,12,5.61421)->(12,12,6.18205)->(13,12,6.7)->(14,12,7.2)->(15,12,7.7)->(16,12,8.2)->(17,12,8.7)->(18,12,9.21795)->(19,12,9.78579)->(20,12,10.4679)->(21,12,11.7858)->(22,12,14)->(22,13,16.2142)->(22,14,17.5321)->(22,15,18.2238)->(22,16,18.8595)->(22,17,19.5513)->(22,18,20.8691)->(22,19,23.0833)->(23,19,25.2975)->(24,19,26.7117)->(25,19,28.126)->(26,19,5013.77)->
Agent 54:(19,19,1.8)->(18,19,3.6)->(17,19,6.4)->(17,18,8.61421)->(17,17,9.93205)->(17,16,10.6142)->(17,15,11.1821)->(17,14,11.7)->(17,13,12.2)->(17,12,12.7)->(17,11,13.2179)->(17,10,13.7858)->(17,9,14.4679)->(17,8,15.7858)->(17,7,18.0322)->(16,7,20.2785)->(15,7,21.5964)->(14,7,22.2785)->(13,7,22.8643)->(12,7,23.4501)->(11,7,24.1323)->(10,7,25.4501)->(9,7,28.0785)->(9,6,32.0928)->(10,6,5016.45)->
Agent 55:(26,7,2.21421)->(25,7,4.81421)->(25,8,7.44264)->(25,9,8.76048)->(25,10,9.44264)->(25,11,10.0105)->(25,12,10.5284)->(25,13,11.0464)->(25,14,11.6142)->(25,15,12.2964)->(25,16,13.6142)->(25,17,15.8284)->(26,17,18.6284)->(27,17,21.8426)->(27,18,5011.11)->
Agent 56:(17,21,3.53579)->(17,22,6.48579)->(17,23,7.81964)->(17,24,8.64806)->(17,25,9.98191)->(17,26,12.6103)->(16,26,5006.5)->
Agent 57:(4,16,2.2)->(4,15,3.81421)->(4,14,5.13205)->(4,13,5.81421)->(4,12,6.38205)->(4,11,6.9)->(4,10,7.4)->(4,9,7.9)->(4,8,8.4)->(4,7,8.9)->(4,6,9.4)->(4,5,9.9)->(4,4,10.4179)->(4,3,10.9858)->(4,2,11.6679)->(4,1,12.9858)->(4,0,15.6142)->(3,0,36.5921)->(3,1,5027.18)->
Agent 58:(22,13,2.21421)->(23,13,4.81421)->(23,12,7.44264)->(23,11,8.76048)->(23,10,9.45225)->(23,9,10.0879)->(23,8,10.7797)->(23,7,12.0975)->(23,6,14.3117)->(22,6,16.526)->(21,6,17.8598)->(20,6,18.6882)->(19,6,20.0221)->(18,6,5009.72)->
Agent 59:(18,26,1.8)->(17,26,3.01421)->(16,26,4.33205)->(15,26,5.01421)->(14,26,5.58205)->(13,26,6.1)->(12,26,6.6)->(11,26,7.1)->(10,26,7.6)->(9,26,8.1)->(8,26,8.6)->(7,26,9.11795)->(6,26,9.68579)->(5,26,10.3679)->(4,26,11.6858)->(3,26,13.9)->(3,25,16.1142)->(3,24,17.4321)->(3,23,18.1142)->(3,22,18.6821)->(3,21,19.2)->(3,20,19.7)->(3,19,20.2)->(3,18,20.7)->(3,17,21.2)->(3,16,21.7179)->(3,15,22.2858)->(3,14,22.9679)->(3,13,24.2858)->(3,12,26.9142)->(2,12,30.9284)->(2,13,5015.86)->
Agent 60:(14,31,2.2)->(14,30,3.81421)->(14,29,5.13205)->(14,28,5.81421)->(14,27,6.38205)->(14,26,6.9)->(14,25,7.4)->(14,24,7.9)->(14,23,8.4)->(14,22,8.9)->(14,21,9.4)->(14,20,9.9)->(14,19,10.4)->(14,18,10.9)->(14,17,11.4)->(14,16,11.9)->(14,15,12.4)->(14,14,12.9)->(14,13,13.4)->(14,12,13.9179)->(14,11,14.4858)->(14,10,15.1679)->(14,9,16.4858)->(14,8,18.7)->(15,8,20.9142)->(16,8,22.2321)->(17,8,22.9142)->(18,8,23.4821)->(19,8,24)->(20,8,24.5)->(21,8,25.0179)->(22,8,25.5858)->(23,8,26.2679)->(24,8,27.5858)->(25,8,30.2142)->(25,7,5015.3)->
Agent 61:(9,15,2.2)->(9,14,3.84949)->(9,13,5.84949)->(9,12,8.86744)->(10,12,11.8501)->(11,12,13.1679)->(12,12,13.8501)->(13,12,14.4179)->(14,12,14.9359)->(15,12,15.4359)->(16,12,15.9359)->(17,12,16.4359)->(18,12,16.9359)->(19,12,17.4538)->(20,12,18.0217)->(21,12,18.7038)->(22,12,20.0217)->(23,12,5009.72)->
Agent 62:(29,28,2.2)->(29,27,3.81421)->(29,26,5.13205)->(29,25,5.81421)->(29,24,6.38205)->(29,23,6.9)->(29,22,7.41795)->(29,21,7.98579)->(29,20,8.66795)->(29,19,9.98579)->(29,18,14.3417)->(28,18,18.6975)->(27,18,20.0154)->(26,18,20.6975)->(25,18,21.2654)->(24,18,21.7833)->(23,18,22.2833)->(22,18,22.7833)->(21,18,23.2833)->(20,18,23.7833)->(19,18,24.2833)->(18,18,24.8013)->(17,18,25.3691)->(16,18,26.0513)->(15,18,27.3691)->(14,18,29.9975)->(14,19,5015.19)->
Agent 63:(22,4,1.8)->(21,4,3.01421)->(20,4,4.33205)->(19,4,5.01421)->(18,4,5.58205)->(17,4,6.1)->(16,4,6.6)->(15,4,7.1)->(14,4,7.6)->(13,4,8.1)->(12,4,8.6)->(11,4,9.1)->(10,4,9.6)->(9,4,10.1)->(8,4,10.6)->(7,4,11.1)->(6,4,11.6179)->(5,4,12.1858)->(4,4,12.8679)->(3,4,14.1858)->(2,4,16.4)->(2,5,18.6142)->(2,6,19.9321)->(2,7,20.6142)->(2,8,21.1821)->(2,9,21.7)->(2,10,22.2)->(2,11,22.7)->(2,12,23.2)->(2,13,23.7)->(2,14,24.2)->(2,15,24.7)->(2,16,25.2)->(2,17,25.7)->(2,18,26.2)->(2,19,26.7)->(2,20,27.2)->(2,21,27.7)->(2,22,28.2)->(2,23,28.7)->(2,24,29.2)->(2,25,29.7)->(2,26,30.2179)->(2,27,30.7858)->(2,28,31.4679)->(2,29,32.7858)->(2,30,5016.1)->
Agent 64:(20,4,1.71421)->(20,5,4.31421)->(19,5,8.41421)->(19,6,11.0426)->(19,7,12.3605)->(19,8,13.0925)->(19,9,13.8246)->(19,10,15.1424)->(19,11,18.0822)->(18,11,21.0219)->(17,11,22.3397)->(16,11,23.0219)->(15,11,23.5897)->(14,11,24.1077)->(13,11,24.6077)->(12,11,25.1077)->(11,11,25.6077)->(10,11,26.1256)->(9,11,26.6935)->(8,11,27.3756)->(7,11,28.6935)->(6,11,30.9077)->(6,12,33.1219)->(6,13,34.4397)->(6,14,35.1219)->(6,15,35.6897)->(6,16,36.2077)->(6,17,36.7077)->(6,18,37.2077)->(6,19,37.7077)->(6,20,38.2077)->(6,21,38.7077)->(6,22,39.2077)->(6,23,39.7077)->(6,24,40.2077)->(6,25,40.7077)->(6,26,41.2077)->(6,27,41.7256)->(6,28,42.2935)->(6,29,42.9756)->(6,30,44.2935)->(6,31,46.9219)->(5,31,5023.65)->
Agent 65:(30,13,2.2)->(30,12,3.81421)->(30,11,5.13205)->(30,10,5.81421)->(30,9,6.38205)->(30,8,6.9)->(30,7,7.4)->(30,6,7.91795)->(30,5,8.48579)->(30,4,9.16795)->(30,3,10.4858)->(30,2,16.2505)->(29,2,22.0505)->(28,2,24.0505)->(27,2,5011.75)->
Agent 66:(19,5,2.6)->(19,6,4.61421)->(19,7,5.93205)->(19,8,6.61421)->(19,9,7.18205)->(19,10,7.7)->(19,11,8.2)->(19,12,8.7)->(19,13,9.2)->(19,14,9.7)->(19,15,10.2)->(19,16,10.7)->(19,17,11.2)->(19,18,11.7)->(19,19,12.2)->(19,20,12.7)->(19,21,13.2)->(19,22,13.7)->(19,23,14.2)->(19,24,14.7)->(19,25,15.2)->(19,26,15.7)->(19,27,16.2179)->(19,28,16.7858)->(19,29,17.4679)->(19,30,18.7858)->(19,31,21)->(18,31,23.2142)->(17,31,24.5321)->(16,31,25.2641)->(15,31,25.9962)->(14,31,27.314)->(13,31,5013.36)->
Agent 67:(19,13,1.8)->(20,13,3.04949)->(21,13,5.04949)->(22,13,7.29898)->(22,14,9.51319)->(22,15,10.831)->(22,16,11.5132)->(22,17,12.081)->(22,18,12.599)->(22,19,13.1169)->(22,20,13.6848)->(22,21,14.3669)->(22,22,15.6848)->(22,23,5007.55)->
Agent 68:(18,24,2.2)->(18,23,3.81421)->(18,22,5.13205)->(18,21,5.81421)->(18,20,6.38205)->(18,19,6.9)->(18,18,7.4)->(18,17,7.9)->(18,16,8.4)->(18,15,8.9)->(18,14,9.4)->(18,13,9.9)->(18,12,10.4)->(18,11,10.9)->(18,10,11.4)->(18,9,11.9)->(18,8,12.4)->(18,7,12.9)->(18,6,13.4179)->(18,5,13.9858)->(18,4,14.6679)->(18,3,15.9858)->(18,2,18.2)->(17,2,20.4142)->(16,2,21.7321)->(15,2,22.4142)->(14,2,22.9821)->(13,2,23.5)->(12,2,24)->(11,2,24.5)->(10,2,25)->(9,2,25.5)->(8,2,26)->(7,2,26.5)->(6,2,27)->(5,2,27.5)->(4,2,28.0179)->(3,2,28.5858)->(2,2,29.2679)->(1,2,30.5858)->(0,2,32.8)->(0,1,35.6)->(0,0,5017.8)->
Agent 69:(4,21,2.7)->(5,21,4.81421)->(6,21,6.13205)->(7,21,6.81421)->(8,21,7.38205)->(9,21,7.9)->(10,21,8.4)->(11,21,8.9)->(12,21,9.4)->(13,21,9.9)->(14,21,10.4179)->(15,21,10.9858)->(16,21,11.6679)->(17,21,12.9858)->(18,21,15.2)->(18,22,17.4142)->(18,23,18.7481)->(18,24,19.5765)->(18,25,20.9103)->(18,26,23.5388)->(19,26,5011.96)->
