Agent 0:(14,0,1.3)->(14,1,2.01421)->(14,2,3.42843)->(14,3,4.84264)->(14,4,7.05685)->(15,4,9.27107)->(16,4,10.5889)->(17,4,11.2711)->(18,4,11.8389)->(19,4,12.3748)->(20,4,12.9426)->(21,4,13.6248)->(22,4,14.9426)->(23,4,17.6606)->(23,5,20.3785)->(23,6,21.6964)->(23,7,22.3785)->(23,8,22.9464)->(23,9,23.4643)->(23,10,23.9643)->(23,11,24.4643)->(23,12,24.9643)->(23,13,25.4643)->(23,14,25.9643)->(23,15,26.4643)->(23,16,26.9643)->(23,17,27.4643)->(23,18,27.9643)->(23,19,28.4643)->(23,20,28.9643)->(23,21,29.4643)->(23,22,29.9643)->(23,23,30.4643)->(23,24,30.9823)->(23,25,31.5501)->(23,26,32.2323)->(23,27,33.5501)->(23,28,36.1785)->(22,28,5018.28)->
Agent 1:(5,7,1.3)->(5,8,2.01421)->(5,9,3.33205)->(5,10,4.01421)->(5,11,4.58205)->(5,12,5.11795)->(5,13,5.68579)->(5,14,6.36795)->(5,15,7.68579)->(5,16,10.3142)->(4,16,13.9142)->(4,17,16.5779)->(4,18,18.5779)->(4,19,5009.01)->
Agent 2:(17,14,2.21421)->(18,14,6.06421)->(18,13,9.94264)->(18,12,11.2605)->(18,11,11.9426)->(18,10,12.5105)->(18,9,13.0284)->(18,8,13.5284)->(18,7,14.0284)->(18,6,14.5284)->(18,5,15.0464)->(18,4,15.6142)->(18,3,16.2964)->(18,2,17.6142)->(18,1,20.2426)->(17,1,25.153)->(17,0,30.4776)->(18,0,5015.64)->
Agent 3:(20,21,1.8)->(19,21,3.6)->(18,21,6.6141)->(18,20,9.04242)->(18,19,10.3603)->(18,18,11.0424)->(18,17,11.6103)->(18,16,12.1282)->(18,15,12.6282)->(18,14,13.1282)->(18,13,13.6282)->(18,12,14.1282)->(18,11,14.6462)->(18,10,15.214)->(18,9,15.8962)->(18,8,17.214)->(18,7,19.4282)->(17,7,21.6424)->(16,7,22.9603)->(15,7,23.6424)->(14,7,24.2103)->(13,7,24.7462)->(12,7,25.314)->(11,7,25.9962)->(10,7,27.314)->(9,7,29.5282)->(9,6,32.3282)->(9,5,5016.16)->
Agent 4:(20,15,1.8)->(19,15,3.01421)->(18,15,4.42843)->(17,15,5.84264)->(16,15,8.47107)->(16,14,13.4067)->(17,14,18.7566)->(17,15,5009.78)->
Agent 5:(7,0,1.8)->(6,0,3.01421)->(5,0,4.33205)->(4,0,5.02382)->(3,0,5.65949)->(2,0,6.35126)->(1,0,7.6691)->(0,0,9.88331)->(0,1,12.0975)->(0,2,13.4154)->(0,3,14.0975)->(0,4,14.6654)->(0,5,15.1833)->(0,6,15.6833)->(0,7,16.1833)->(0,8,16.6833)->(0,9,17.1833)->(0,10,17.6833)->(0,11,18.1833)->(0,12,18.6833)->(0,13,19.1833)->(0,14,19.6833)->(0,15,20.1833)->(0,16,20.6833)->(0,17,21.1833)->(0,18,21.6833)->(0,19,22.1833)->(0,20,22.6833)->(0,21,23.1833)->(0,22,23.7013)->(0,23,24.2691)->(0,24,24.9513)->(0,25,26.2691)->(0,26,5012.84)->
Agent 6:(3,11,2.2)->(3,10,4.4)->(3,9,14.75)->(3,10,24.5142)->(3,11,25.9284)->(3,12,27.3426)->(3,13,5013.38)->
Agent 7:(5,15,1.8)->(6,15,3.01421)->(7,15,4.42843)->(8,15,5.84264)->(9,15,8.05685)->(9,16,10.2711)->(9,17,11.5889)->(9,18,12.2711)->(9,19,12.8389)->(9,20,13.3569)->(9,21,13.8569)->(9,22,14.3748)->(9,23,14.9426)->(9,24,15.6248)->(9,25,16.9426)->(9,26,19.1569)->(10,26,21.3711)->(11,26,22.6889)->(12,26,23.3711)->(13,26,23.9389)->(14,26,24.4569)->(15,26,24.9569)->(16,26,25.4569)->(17,26,25.9748)->(18,26,26.5426)->(19,26,27.2248)->(20,26,28.5426)->(21,26,31.1711)->(21,27,34.7711)->(22,27,37.3995)->(23,27,38.7173)->(24,27,39.4091)->(25,27,40.0448)->(26,27,40.7365)->(27,27,42.0544)->(28,27,5020.73)->
Agent 8:(4,23,2.2)->(4,22,3.81421)->(4,21,5.13205)->(4,20,5.81421)->(4,19,6.38205)->(4,18,6.9)->(4,17,7.4)->(4,16,7.9)->(4,15,8.4)->(4,14,8.91795)->(4,13,9.48579)->(4,12,10.1679)->(4,11,11.4858)->(4,10,16.2678)->(5,10,21.0499)->(6,10,22.3677)->(7,10,23.0499)->(8,10,23.6177)->(9,10,24.1357)->(10,10,24.6357)->(11,10,25.1357)->(12,10,25.6357)->(13,10,26.1357)->(14,10,26.6357)->(15,10,27.1357)->(16,10,27.6357)->(17,10,28.1357)->(18,10,28.6357)->(19,10,29.1536)->(20,10,29.7215)->(21,10,30.4036)->(22,10,31.7215)->(23,10,34.3499)->(23,11,5017.37)->
Agent 9:(0,31,1.8)->(1,31,3.01421)->(2,31,4.33205)->(3,31,5.01421)->(4,31,5.58205)->(5,31,6.1)->(6,31,6.6)->(7,31,7.1)->(8,31,7.6)->(9,31,8.1)->(10,31,8.6)->(11,31,9.1)->(12,31,9.6)->(13,31,10.1)->(14,31,10.6)->(15,31,11.1)->(16,31,11.6)->(17,31,12.1)->(18,31,12.6)->(19,31,13.1)->(20,31,13.6)->(21,31,14.1)->(22,31,14.6)->(23,31,15.1)->(24,31,15.6)->(25,31,16.1179)->(26,31,16.6858)->(27,31,17.3679)->(28,31,18.6858)->(29,31,23.5142)->(29,30,28.3426)->(29,29,29.6605)->(29,28,30.3426)->(29,27,30.9105)->(29,26,31.4284)->(29,25,31.9284)->(29,24,32.4284)->(29,23,32.9284)->(29,22,33.4284)->(29,21,33.9284)->(29,20,34.4284)->(29,19,34.9284)->(29,18,35.4284)->(29,17,35.9284)->(29,16,36.4284)->(29,15,36.9284)->(29,14,37.4284)->(29,13,37.9284)->(29,12,38.4284)->(29,11,38.9284)->(29,10,39.4284)->(29,9,39.9284)->(29,8,40.4284)->(29,7,40.9284)->(29,6,41.4464)->(29,5,42.0142)->(29,4,42.6964)->(29,3,44.0142)->(29,2,46.6426)->(30,2,5023.51)->
Agent 10:(17,28,3.8141)->(17,27,7.04242)->(17,26,8.36025)->(17,25,9.04242)->(17,24,9.61025)->(17,23,10.1282)->(17,22,10.6282)->(17,21,11.1282)->(17,20,11.6282)->(17,19,12.1282)->(17,18,12.6282)->(17,17,13.1282)->(17,16,13.6282)->(17,15,14.1282)->(17,14,14.6282)->(17,13,15.1462)->(17,12,15.714)->(17,11,16.3962)->(17,10,17.714)->(17,9,19.9282)->(18,9,22.1424)->(19,9,23.4603)->(20,9,24.1424)->(21,9,24.7103)->(22,9,25.2462)->(23,9,25.814)->(24,9,26.4962)->(25,9,27.814)->(26,9,30.0282)->(26,8,32.8282)->(26,7,5016.41)->
Agent 11:(7,29,3.59039)->(7,28,6.595)->(7,27,7.91284)->(7,26,8.595)->(7,25,9.16284)->(7,24,9.68079)->(7,23,10.1808)->(7,22,10.6808)->(7,21,11.1808)->(7,20,11.6808)->(7,19,12.1808)->(7,18,12.6808)->(7,17,13.1808)->(7,16,13.6808)->(7,15,14.1808)->(7,14,14.6808)->(7,13,15.1808)->(7,12,15.6808)->(7,11,16.1808)->(7,10,16.6987)->(7,9,17.2666)->(7,8,17.9487)->(7,7,19.2666)->(7,6,21.4808)->(6,6,23.695)->(5,6,25.1092)->(4,6,26.5234)->(3,6,5012.97)->
Agent 12:(24,21,1.8)->(25,21,3.6)->(26,21,6.4)->(26,20,8.61421)->(26,19,9.94806)->(26,18,10.7765)->(26,17,12.1103)->(26,16,17.5302)->(26,17,23.5359)->(26,18,5011.77)->
Agent 13:(15,29,2.2)->(15,28,3.81421)->(15,27,5.13205)->(15,26,5.81421)->(15,25,6.38205)->(15,24,6.91795)->(15,23,7.48579)->(15,22,8.16795)->(15,21,9.48579)->(15,20,12.4821)->(14,20,15.4783)->(13,20,16.7962)->(12,20,17.4783)->(11,20,18.0462)->(10,20,18.5641)->(9,20,19.0641)->(8,20,19.5641)->(7,20,20.0641)->(6,20,20.5641)->(5,20,21.0641)->(4,20,21.5821)->(3,20,22.1499)->(2,20,22.8321)->(1,20,24.1499)->(0,20,26.7783)->(0,21,5013.58)->
Agent 14:(16,11,5.32244)->(15,11,10.0591)->(14,11,11.3769)->(13,11,12.0591)->(12,11,12.6269)->(11,11,13.1449)->(10,11,13.6449)->(9,11,14.1449)->(8,11,14.6449)->(7,11,15.1628)->(6,11,15.7307)->(5,11,16.4128)->(4,11,17.7307)->(3,11,19.9449)->(3,12,22.1591)->(3,13,23.493)->(3,14,24.3214)->(3,15,25.6552)->(3,16,5012.53)->
Agent 15:(16,20,1.3)->(16,21,2.01421)->(16,22,3.33205)->(16,23,4.0641)->(16,24,4.79615)->(16,25,6.11399)->(16,26,8.3282)->(17,26,10.5424)->(18,26,11.8763)->(19,26,12.7047)->(20,26,14.0385)->(21,26,16.667)->(21,25,27.519)->(21,26,37.9853)->(21,27,5018.99)->
Agent 16:(27,29,1.8)->(26,29,3.01421)->(25,29,4.33205)->(24,29,5.02382)->(23,29,5.65949)->(22,29,6.35126)->(21,29,7.6691)->(20,29,11.2917)->(20,28,14.9142)->(20,27,16.2321)->(20,26,16.9142)->(20,25,17.4821)->(20,24,18)->(20,23,18.5)->(20,22,19)->(20,21,19.5)->(20,20,20)->(20,19,20.5)->(20,18,21)->(20,17,21.5)->(20,16,22)->(20,15,22.5)->(20,14,23)->(20,13,23.5)->(20,12,24.0179)->(20,11,24.5858)->(20,10,25.2679)->(20,9,26.5858)->(20,8,5013)->
Agent 17:(30,10,2.4637)->(29,10,4.34162)->(28,10,5.65946)->(27,10,6.34162)->(26,10,6.90946)->(25,10,7.42741)->(24,10,7.92741)->(23,10,8.42741)->(22,10,8.92741)->(21,10,9.42741)->(20,10,9.92741)->(19,10,10.4274)->(18,10,10.9274)->(17,10,11.4274)->(16,10,11.9274)->(15,10,12.4274)->(14,10,12.9274)->(13,10,13.4274)->(12,10,13.9454)->(11,10,14.5132)->(10,10,15.1954)->(9,10,16.5132)->(8,10,18.7778)->(8,11,21.0424)->(8,12,22.3603)->(8,13,23.0424)->(8,14,23.6103)->(8,15,24.1282)->(8,16,24.6282)->(8,17,25.1282)->(8,18,25.6282)->(8,19,26.1282)->(8,20,26.6282)->(8,21,27.1462)->(8,22,27.714)->(8,23,28.3962)->(8,24,29.714)->(8,25,32.3424)->(7,25,5016.36)->
Agent 18:(20,7,1.3)->(20,8,2.01421)->(20,9,3.33205)->(20,10,4.01421)->(20,11,4.58205)->(20,12,5.1)->(20,13,5.6)->(20,14,6.1)->(20,15,6.6)->(20,16,7.1)->(20,17,7.6)->(20,18,8.1)->(20,19,8.6)->(20,20,9.11795)->(20,21,9.68579)->(20,22,10.3679)->(20,23,11.6858)->(20,24,13.9)->(21,24,16.7)->(22,24,19.5)->(22,25,22.3)->(22,26,5011.15)->
Agent 19:(4,5,1.8)->(5,5,3.6)->(6,5,6.4)->(6,6,8.61421)->(6,7,9.93205)->(6,8,10.6142)->(6,9,11.2)->(6,10,11.7858)->(6,11,12.4679)->(6,12,13.7858)->(6,13,5006.6)->
Agent 20:(27,30,1.8)->(28,30,3.6)->(29,30,6.4)->(29,29,8.61421)->(29,28,9.93205)->(29,27,10.6142)->(29,26,11.1821)->(29,25,11.7)->(29,24,12.2)->(29,23,12.7)->(29,22,13.2)->(29,21,13.7)->(29,20,14.2)->(29,19,14.7)->(29,18,15.2)->(29,17,15.7)->(29,16,16.2)->(29,15,16.7)->(29,14,17.2)->(29,13,17.7)->(29,12,18.2)->(29,11,18.7)->(29,10,19.2)->(29,9,19.7179)->(29,8,20.2858)->(29,7,20.9679)->(29,6,22.2858)->(29,5,24.5)->(30,5,27.3)->(31,5,5013.65)->
Agent 21:(12,29,2.2)->(12,28,3.81421)->(12,27,5.13205)->(12,26,5.81421)->(12,25,6.4)->(12,24,6.98579)->(12,23,7.66795)->(12,22,8.98579)->(12,21,11.2)->(13,21,13.4142)->(14,21,14.7321)->(15,21,15.4142)->(16,21,15.9821)->(17,21,16.5)->(18,21,17)->(19,21,17.5)->(20,21,18.0179)->(21,21,18.5858)->(22,21,19.2679)->(23,21,20.5858)->(24,21,23.2142)->(24,22,5011.8)->
Agent 22:(25,26,3.61421)->(25,25,7.61421)->(24,25,10.2426)->(23,25,11.5605)->(22,25,12.2426)->(21,25,12.8105)->(20,25,13.3284)->(19,25,13.8284)->(18,25,14.3464)->(17,25,14.9142)->(16,25,15.5964)->(15,25,16.9142)->(14,25,5008.16)->
Agent 23:(17,8,1.71421)->(17,9,5.08579)->(16,9,8.98579)->(15,9,10.3036)->(14,9,10.9954)->(13,9,11.6311)->(12,9,12.3228)->(11,9,13.6407)->(10,9,15.8549)->(10,10,18.0691)->(10,11,19.403)->(10,12,20.2314)->(10,13,21.5652)->(10,14,24.3076)->(9,14,27.0852)->(8,14,29.0852)->(7,14,31.3347)->(7,15,33.5489)->(7,16,34.8667)->(7,17,35.5489)->(7,18,36.1167)->(7,19,36.6347)->(7,20,37.1526)->(7,21,37.7204)->(7,22,38.4026)->(7,23,39.7204)->(7,24,5019.57)->
Agent 24:(15,18,2.2)->(15,17,3.81421)->(15,16,5.13205)->(15,15,5.81421)->(15,14,6.38205)->(15,13,6.9)->(15,12,7.4)->(15,11,7.9)->(15,10,8.41795)->(15,9,8.98579)->(15,8,9.66795)->(15,7,10.9858)->(15,6,14.0999)->(16,6,17.214)->(17,6,18.6282)->(18,6,20.0424)->(19,6,25.3924)->(19,5,5014.25)->
Agent 25:(8,19,4.79422)->(9,19,9.00265)->(10,19,10.3205)->(11,19,11.0026)->(12,19,11.5705)->(13,19,12.0884)->(14,19,12.5884)->(15,19,13.0884)->(16,19,13.5884)->(17,19,14.0884)->(18,19,14.5884)->(19,19,15.0884)->(20,19,15.5884)->(21,19,16.0884)->(22,19,16.5884)->(23,19,17.0884)->(24,19,17.5884)->(25,19,18.1064)->(26,19,18.6742)->(27,19,19.3564)->(28,19,20.6742)->(29,19,24.5442)->(29,18,28.4142)->(29,17,29.7321)->(29,16,30.4142)->(29,15,30.9821)->(29,14,31.5)->(29,13,32)->(29,12,32.5)->(29,11,33)->(29,10,33.5)->(29,9,34)->(29,8,34.5)->(29,7,35.0179)->(29,6,35.5858)->(29,5,36.2679)->(29,4,37.5858)->(29,3,39.8)->(30,3,42.6)->(31,3,5021.3)->
Agent 26:(27,19,1.3)->(27,20,2.01421)->(27,21,3.34806)->(27,22,4.17649)->(27,23,5.51034)->(27,24,12.6123)->(26,24,19.7142)->(25,24,21.0321)->(24,24,21.7142)->(23,24,22.2821)->(22,24,22.8)->(21,24,23.3)->(20,24,23.8)->(19,24,24.3)->(18,24,24.8)->(17,24,25.3)->(16,24,25.8)->(15,24,26.3179)->(14,24,26.8858)->(13,24,27.5679)->(12,24,28.8858)->(11,24,5014.15)->
Agent 27:(19,0,1.3)->(19,1,2.01421)->(19,2,3.33205)->(19,3,4.01421)->(19,4,4.6)->(19,5,5.18579)->(19,6,5.86795)->(19,7,7.18579)->(19,8,9.4)->(18,8,11.6142)->(17,8,12.9321)->(16,8,13.6142)->(15,8,14.1821)->(14,8,14.7)->(13,8,15.2)->(12,8,15.7179)->(11,8,16.2858)->(10,8,16.9679)->(9,8,18.2858)->(8,8,20.9178)->(8,9,23.5499)->(8,10,24.8677)->(8,11,25.5499)->(8,12,26.1177)->(8,13,26.6357)->(8,14,27.1357)->(8,15,27.6357)->(8,16,28.1357)->(8,17,28.6357)->(8,18,29.1357)->(8,19,29.6536)->(8,20,30.2215)->(8,21,30.9036)->(8,22,32.2215)->(8,23,34.4357)->(7,23,36.6499)->(6,23,37.9677)->(5,23,38.6998)->(4,23,39.4318)->(3,23,40.7497)->(2,23,42.9639)->(2,24,45.1781)->(2,25,46.5119)->(2,26,47.3404)->(2,27,48.6742)->(2,28,5024.04)->
Agent 28:(13,5,1.3)->(13,6,2.01421)->(13,7,3.33205)->(13,8,4.01421)->(13,9,4.58205)->(13,10,5.1)->(13,11,5.6)->(13,12,6.1)->(13,13,6.6)->(13,14,7.1)->(13,15,7.6)->(13,16,8.1)->(13,17,8.6)->(13,18,9.1)->(13,19,9.6)->(13,20,10.1)->(13,21,10.6179)->(13,22,11.1858)->(13,23,11.8679)->(13,24,13.1858)->(13,25,15.4)->(12,25,17.6142)->(11,25,18.9321)->(10,25,19.6142)->(9,25,20.1821)->(8,25,20.7)->(7,25,21.2)->(6,25,21.7179)->(5,25,22.2858)->(4,25,22.9679)->(3,25,24.2858)->(2,25,26.5)->(2,24,28.7495)->(2,23,30.7495)->(2,22,38.9814)->(2,23,47.2134)->(2,24,49.2134)->(2,25,5024.33)->
Agent 29:(14,11,2.2)->(14,10,3.81421)->(14,9,5.13205)->(14,8,5.8641)->(14,7,6.59615)->(14,6,7.91399)->(14,5,16.414)->(15,5,24.914)->(16,5,26.2318)->(17,5,26.914)->(18,5,27.4818)->(19,5,27.9998)->(20,5,28.4998)->(21,5,28.9998)->(22,5,29.5177)->(23,5,30.0856)->(24,5,30.7677)->(25,5,32.0856)->(26,5,5015.75)->
Agent 30:(10,25,3.2)->(10,24,5.84949)->(10,23,7.84949)->(10,22,10.099)->(11,22,12.3132)->(12,22,13.631)->(13,22,14.3132)->(14,22,14.899)->(15,22,15.4848)->(16,22,16.1669)->(17,22,17.4848)->(18,22,5008.45)->
Agent 31:(25,31,3.95011)->(25,30,7.31444)->(25,29,8.63227)->(25,28,9.36433)->(25,27,10.0964)->(25,26,11.4142)->(25,25,25.7343)->(25,26,40.6402)->(25,27,5020.32)->
Agent 32:(9,25,2.2)->(9,24,4.4)->(9,23,7.84949)->(10,23,10.7132)->(11,23,12.1274)->(12,23,13.5416)->(13,23,5006.48)->
Agent 33:(0,22,4.1137)->(1,22,7.64162)->(2,22,8.95946)->(3,22,9.64162)->(4,22,10.2095)->(5,22,10.7274)->(6,22,11.2274)->(7,22,11.7454)->(8,22,12.3132)->(9,22,12.9954)->(10,22,14.3132)->(11,22,17.176)->(11,21,20.0388)->(11,20,21.3566)->(11,19,22.0388)->(11,18,22.6066)->(11,17,23.1246)->(11,16,23.6246)->(11,15,24.1246)->(11,14,24.6246)->(11,13,25.1246)->(11,12,25.6246)->(11,11,26.1246)->(11,10,26.6246)->(11,9,27.1246)->(11,8,27.6246)->(11,7,28.1246)->(11,6,28.6425)->(11,5,29.2103)->(11,4,29.8925)->(11,3,31.2103)->(11,2,33.4246)->(12,2,36.2246)->(13,2,5018.11)->
Agent 34:(5,21,2.2)->(5,20,3.84949)->(5,19,5.84949)->(5,18,9.88154)->(6,18,13.8783)->(7,18,15.1962)->(8,18,15.8783)->(9,18,16.4462)->(10,18,16.9641)->(11,18,17.4641)->(12,18,17.9641)->(13,18,18.4641)->(14,18,18.9641)->(15,18,19.4641)->(16,18,19.9641)->(17,18,20.4641)->(18,18,20.9821)->(19,18,21.5499)->(20,18,22.2321)->(21,18,23.5499)->(22,18,5011.48)->
Agent 35:(24,13,1.3)->(24,14,2.6)->(24,15,7.47649)->(23,15,11.7672)->(22,15,13.085)->(21,15,13.7672)->(20,15,14.335)->(19,15,14.853)->(18,15,15.353)->(17,15,15.853)->(16,15,16.353)->(15,15,16.853)->(14,15,17.3709)->(13,15,17.9388)->(12,15,18.6209)->(11,15,19.9388)->(10,15,22.5672)->(10,16,5011.48)->
Agent 36:(28,21,2.2)->(28,20,3.81421)->(28,19,5.22843)->(28,18,6.64264)->(28,17,11.0746)->(27,17,15.5065)->(26,17,16.8244)->(25,17,17.5065)->(24,17,18.0744)->(23,17,18.5923)->(22,17,19.0923)->(21,17,19.5923)->(20,17,20.0923)->(19,17,20.5923)->(18,17,21.0923)->(17,17,21.5923)->(16,17,22.0923)->(15,17,22.5923)->(14,17,23.0923)->(13,17,23.5923)->(12,17,24.0923)->(11,17,24.5923)->(10,17,25.1103)->(9,17,25.6781)->(8,17,26.3603)->(7,17,27.6781)->(6,17,30.3065)->(6,18,5015.35)->
Agent 37:(11,7,1.3)->(11,8,2.01421)->(11,9,3.33205)->(11,10,4.01421)->(11,11,4.58205)->(11,12,5.1)->(11,13,5.6)->(11,14,6.11795)->(11,15,6.68579)->(11,16,7.36795)->(11,17,8.68579)->(11,18,11.8)->(12,18,14.9142)->(13,18,16.2321)->(14,18,16.9142)->(15,18,17.4821)->(16,18,18)->(17,18,18.5)->(18,18,19)->(19,18,19.5)->(20,18,20)->(21,18,20.5)->(22,18,21)->(23,18,21.5)->(24,18,22)->(25,18,22.5)->(26,18,23.0179)->(27,18,23.5858)->(28,18,24.2679)->(29,18,25.5858)->(30,18,5012.5)->
Agent 38:(20,11,1.8)->(19,11,3.04949)->(18,11,5.04949)->(17,11,7.29898)->(17,10,9.51319)->(17,9,10.831)->(17,8,11.5228)->(17,7,12.1585)->(17,6,12.8502)->(17,5,14.1681)->(17,4,5006.79)->
Agent 39:(27,24,1.8)->(28,24,3.01421)->(29,24,4.42843)->(30,24,5.84264)->(31,24,8.05685)->(31,23,10.2711)->(31,22,11.5889)->(31,21,12.2807)->(31,20,12.9163)->(31,19,13.6081)->(31,18,14.926)->(31,17,5007.17)->
Agent 40:(17,22,3.64989)->(17,21,6.71399)->(17,20,8.03183)->(17,19,8.71399)->(17,18,9.28183)->(17,17,9.79978)->(17,16,10.2998)->(17,15,10.7998)->(17,14,11.2998)->(17,13,11.7998)->(17,12,12.2998)->(17,11,12.7998)->(17,10,13.2998)->(17,9,13.8177)->(17,8,14.3856)->(17,7,15.0677)->(17,6,16.3856)->(17,5,18.5998)->(18,5,20.814)->(19,5,22.1318)->(20,5,22.814)->(21,5,23.3818)->(22,5,23.9177)->(23,5,24.4856)->(24,5,25.1677)->(25,5,26.4856)->(26,5,28.6998)->(26,4,30.9493)->(26,3,32.9493)->(26,2,5016.2)->
Agent 41:(31,25,2.2)->(31,24,3.81421)->(31,23,5.13205)->(31,22,5.81421)->(31,21,6.38205)->(31,20,6.9)->(31,19,7.4)->(31,18,7.9)->(31,17,8.4)->(31,16,8.9)->(31,15,9.4)->(31,14,9.9)->(31,13,10.4)->(31,12,10.9)->(31,11,11.4)->(31,10,11.9)->(31,9,12.4)->(31,8,12.9)->(31,7,13.4)->(31,6,13.9)->(31,5,14.4)->(31,4,14.9179)->(31,3,15.4858)->(31,2,16.1679)->(31,1,17.4858)->(31,0,19.7)->(30,0,21.9142)->(29,0,23.3284)->(28,0,24.7426)->(27,0,5012.08)->
Agent 42:(30,16,1.3)->(30,17,2.01421)->(30,18,3.34806)->(30,19,4.17649)->(30,20,5.51034)->(30,21,14.9444)->(29,21,24.3785)->(28,21,25.6964)->(27,21,26.3785)->(26,21,26.9464)->(25,21,27.4643)->(24,21,27.9643)->(23,21,28.4643)->(22,21,28.9643)->(21,21,29.4643)->(20,21,29.9823)->(19,21,30.5501)->(18,21,31.2323)->(17,21,32.5501)->(16,21,5015.98)->
Agent 43:(17,13,5.64989)->(16,13,10.714)->(15,13,12.0318)->(14,13,12.714)->(13,13,13.2818)->(12,13,13.7998)->(11,13,14.3177)->(10,13,14.8856)->(9,13,15.5677)->(8,13,16.8856)->(7,13,19.0998)->(7,12,21.8998)->(7,11,5010.95)->
Agent 44:(1,14,2.77792)->(1,15,4.97005)->(1,16,6.28788)->(1,17,6.97005)->(1,18,7.53788)->(1,19,8.05583)->(1,20,8.55583)->(1,21,9.05583)->(1,22,9.55583)->(1,23,10.0738)->(1,24,10.6416)->(1,25,11.3238)->(1,26,12.6416)->(1,27,14.8558)->(2,27,17.07)->(3,27,18.3879)->(4,27,19.07)->(5,27,19.6379)->(6,27,20.1558)->(7,27,20.6558)->(8,27,21.1558)->(9,27,21.6558)->(10,27,22.1558)->(11,27,22.6558)->(12,27,23.1558)->(13,27,23.6558)->(14,27,24.1558)->(15,27,24.6558)->(16,27,25.1558)->(17,27,25.6558)->(18,27,26.1558)->(19,27,26.6558)->(20,27,27.1558)->(21,27,27.6558)->(22,27,28.1558)->(23,27,28.6558)->(24,27,29.1738)->(25,27,29.7416)->(26,27,30.4238)->(27,27,31.7416)->(28,27,34.37)->(28,28,5017.38)->
Agent 45:(18,27,3.8141)->(18,26,7.04242)->(18,25,8.36025)->(18,24,9.04242)->(18,23,9.61025)->(18,22,10.1282)->(18,21,10.6282)->(18,20,11.1282)->(18,19,11.6282)->(18,18,12.1282)->(18,17,12.6282)->(18,16,13.1282)->(18,15,13.6282)->(18,14,14.1462)->(18,13,14.714)->(18,12,15.3962)->(18,11,16.714)->(18,10,19.7424)->(18,11,26.2462)->(18,10,5014.57)->
Agent 46:(11,4,1.3)->(11,5,2.01421)->(11,6,3.33205)->(11,7,4.01421)->(11,8,4.58205)->(11,9,5.1)->(11,10,5.6)->(11,11,6.1)->(11,12,6.61795)->(11,13,7.18579)->(11,14,7.86795)->(11,15,9.18579)->(11,16,11.4)->(10,16,13.6142)->(9,16,14.9321)->(8,16,15.6238)->(7,16,16.2595)->(6,16,16.9513)->(5,16,18.2691)->(4,16,23.5059)->(4,17,5013.25)->
Agent 47:(3,30,2.2)->(3,29,3.81421)->(3,28,5.13205)->(3,27,5.81421)->(3,26,6.38205)->(3,25,6.9)->(3,24,7.4)->(3,23,7.9)->(3,22,8.4)->(3,21,8.9)->(3,20,9.4)->(3,19,9.9)->(3,18,10.4179)->(3,17,10.9858)->(3,16,11.6679)->(3,15,12.9858)->(3,14,15.6142)->(2,14,24.0673)->(3,14,31.5489)->(4,14,32.8667)->(5,14,33.5489)->(6,14,34.1167)->(7,14,34.6347)->(8,14,35.1347)->(9,14,35.6347)->(10,14,36.1526)->(11,14,36.7204)->(12,14,37.4026)->(13,14,38.7204)->(14,14,5019.07)->
Agent 48:(21,5,1.8)->(21,6,3.01421)->(21,7,4.33205)->(21,8,5.0641)->(21,9,5.79615)->(21,10,7.11399)->(21,11,9.3282)->(20,11,11.5424)->(19,11,12.8603)->(18,11,13.5424)->(17,11,14.1103)->(16,11,14.6282)->(15,11,15.1282)->(14,11,15.6282)->(13,11,16.1282)->(12,11,16.6282)->(11,11,17.1282)->(10,11,17.6462)->(9,11,18.214)->(8,11,18.8962)->(7,11,20.214)->(6,11,5009.81)->
Agent 49:(9,9,6.09039)->(9,10,11.595)->(9,11,12.9128)->(9,12,13.6046)->(9,13,14.2403)->(9,14,14.9321)->(9,15,16.2499)->(9,16,5007.83)->
Agent 50:(1,25,1.8)->(2,25,3.01421)->(3,25,4.33205)->(4,25,5.01421)->(5,25,5.58205)->(6,25,6.1)->(7,25,6.6)->(8,25,7.1)->(9,25,7.6)->(10,25,8.11795)->(11,25,8.68579)->(12,25,9.36795)->(13,25,10.6858)->(14,25,12.9)->(14,26,15.1495)->(14,27,17.1495)->(14,28,19.399)->(15,28,21.6132)->(16,28,22.931)->(17,28,23.6631)->(18,28,24.3951)->(19,28,25.713)->(20,28,5012.56)->
Agent 51:(27,16,1.8)->(26,16,3.01421)->(25,16,4.34806)->(24,16,5.17649)->(23,16,6.51034)->(22,16,8.72456)->(22,15,10.9388)->(22,14,12.2566)->(22,13,12.9388)->(22,12,13.5246)->(22,11,14.1103)->(22,10,14.7925)->(22,9,16.1103)->(22,8,18.3246)->(21,8,20.5388)->(20,8,21.8566)->(19,8,22.5388)->(18,8,23.1066)->(17,8,23.6246)->(16,8,24.1246)->(15,8,24.6246)->(14,8,25.1246)->(13,8,25.6246)->(12,8,26.1246)->(11,8,26.6246)->(10,8,27.1246)->(9,8,27.6246)->(8,8,28.1246)->(7,8,28.6246)->(6,8,29.1246)->(5,8,29.6246)->(4,8,30.1425)->(3,8,30.7103)->(2,8,31.3925)->(1,8,32.7103)->(0,8,5016.06)->
Agent 52:(28,25,3.21421)->(28,24,5.84264)->(28,23,7.25685)->(28,22,8.67107)->(28,21,16.5248)->(27,21,24.3785)->(26,21,25.6964)->(25,21,26.3785)->(24,21,26.9464)->(23,21,27.4643)->(22,21,27.9643)->(21,21,28.4643)->(20,21,28.9643)->(19,21,29.4643)->(18,21,29.9643)->(17,21,30.4643)->(16,21,30.9643)->(15,21,31.4643)->(14,21,31.9643)->(13,21,32.4643)->(12,21,32.9643)->(11,21,33.4643)->(10,21,33.9643)->(9,21,34.4643)->(8,21,34.9643)->(7,21,35.4643)->(6,21,35.9823)->(5,21,36.5501)->(4,21,37.2323)->(3,21,38.5501)->(2,21,5018.98)->
Agent 53:(21,22,2.90182)->(20,22,5.21786)->(19,22,6.55171)->(18,22,7.38014)->(17,22,8.71399)->(16,22,10.9282)->(16,21,13.1424)->(16,20,14.4603)->(16,19,15.152)->(16,18,15.7877)->(16,17,16.4795)->(16,16,17.7973)->(16,15,5008.61)->
Agent 54:(10,24,2.2)->(10,23,3.81421)->(10,22,5.13205)->(10,21,5.81421)->(10,20,6.38205)->(10,19,6.9)->(10,18,7.4)->(10,17,7.9)->(10,16,8.4)->(10,15,8.9)->(10,14,9.4)->(10,13,9.9)->(10,12,10.4)->(10,11,10.9)->(10,10,11.4)->(10,9,11.9)->(10,8,12.4)->(10,7,12.9179)->(10,6,13.4858)->(10,5,14.1679)->(10,4,15.4858)->(10,3,17.7)->(11,3,19.9142)->(12,3,21.2321)->(13,3,21.9142)->(14,3,22.5)->(15,3,23.0858)->(16,3,23.7679)->(17,3,25.0858)->(18,3,27.7142)->(18,4,5014.05)->
Agent 55:(19,26,3.29615)->(19,25,6.00652)->(19,24,7.32436)->(19,23,8.00652)->(19,22,8.57436)->(19,21,9.0923)->(19,20,9.5923)->(19,19,10.0923)->(19,18,10.5923)->(19,17,11.0923)->(19,16,11.5923)->(19,15,12.0923)->(19,14,12.5923)->(19,13,13.0923)->(19,12,13.5923)->(19,11,14.0923)->(19,10,14.5923)->(19,9,15.0923)->(19,8,15.5923)->(19,7,16.0923)->(19,6,16.5923)->(19,5,17.0923)->(19,4,17.6103)->(19,3,18.1781)->(19,2,18.8603)->(19,1,20.1781)->(19,0,22.3923)->(18,0,24.6065)->(17,0,26.0207)->(16,0,27.4349)->(15,0,5013.42)->
Agent 56:(5,28,4.98205)->(5,27,9.37832)->(5,26,10.6962)->(5,25,11.3783)->(5,24,11.9462)->(5,23,12.4641)->(5,22,12.9641)->(5,21,13.4641)->(5,20,13.9641)->(5,19,14.4641)->(5,18,14.9641)->(5,17,15.4641)->(5,16,15.9641)->(5,15,16.4641)->(5,14,16.9641)->(5,13,17.4641)->(5,12,17.9641)->(5,11,18.4821)->(5,10,19.0499)->(5,9,19.7321)->(5,8,21.0499)->(5,7,23.2641)->(6,7,25.5136)->(7,7,27.5136)->(8,7,5013.48)->
Agent 57:(24,0,1.8)->(23,0,3.01421)->(22,0,4.33205)->(21,0,5.01421)->(20,0,5.58205)->(19,0,6.1)->(18,0,6.6)->(17,0,7.1)->(16,0,7.6)->(15,0,8.1)->(14,0,8.6)->(13,0,9.1)->(12,0,9.6)->(11,0,10.1)->(10,0,10.6179)->(9,0,11.1858)->(8,0,11.8679)->(7,0,13.1858)->(6,0,17.3905)->(6,1,21.5952)->(6,2,22.9131)->(6,3,23.6451)->(6,4,24.3772)->(6,5,25.695)->(6,6,5012.55)->
Agent 58:(28,5,2.19575)->(28,6,3.80572)->(28,7,5.12356)->(28,8,5.80572)->(28,9,6.37356)->(28,10,6.89151)->(28,11,7.40946)->(28,12,7.97729)->(28,13,8.65946)->(28,14,9.97729)->(28,15,12.1915)->(27,15,14.441)->(26,15,16.441)->(25,15,21.031)->(25,16,25.5858)->(25,17,27)->(25,18,28.4142)->(25,19,5013.91)->
Agent 59:(27,4,3.22157)->(27,5,5.85736)->(27,6,7.1752)->(27,7,7.85736)->(27,8,8.44315)->(27,9,9.02893)->(27,10,9.71109)->(27,11,11.0289)->(27,12,13.2431)->(26,12,15.4574)->(25,12,16.7752)->(24,12,17.4574)->(23,12,18.0252)->(22,12,18.5431)->(21,12,19.0611)->(20,12,19.6289)->(19,12,20.3111)->(18,12,21.6289)->(17,12,5010.52)->
Agent 60:(25,25,2.2)->(25,24,3.81421)->(25,23,5.13205)->(25,22,5.81421)->(25,21,6.38205)->(25,20,6.9)->(25,19,7.4)->(25,18,7.9)->(25,17,8.4)->(25,16,8.9)->(25,15,9.4)->(25,14,9.9)->(25,13,10.4)->(25,12,10.9)->(25,11,11.4)->(25,10,11.9179)->(25,9,12.4858)->(25,8,13.1679)->(25,7,14.4858)->(25,6,21.3641)->(24,6,28.2424)->(23,6,29.5603)->(22,6,30.2424)->(21,6,30.8103)->(20,6,31.3282)->(19,6,31.8282)->(18,6,32.3282)->(17,6,32.8282)->(16,6,33.3282)->(15,6,33.8462)->(14,6,34.414)->(13,6,35.0962)->(12,6,36.414)->(11,6,5017.91)->
Agent 61:(0,28,3.81977)->(1,28,7.05376)->(2,28,8.38761)->(3,28,9.21604)->(4,28,10.5499)->(5,28,13.0141)->(5,27,15.4783)->(5,26,16.7962)->(5,25,17.4783)->(5,24,18.0462)->(5,23,18.5641)->(5,22,19.0641)->(5,21,19.5641)->(5,20,20.0641)->(5,19,20.5641)->(5,18,21.0641)->(5,17,21.5641)->(5,16,22.0641)->(5,15,22.5641)->(5,14,23.0641)->(5,13,23.5641)->(5,12,24.0641)->(5,11,24.5641)->(5,10,25.0641)->(5,9,25.5641)->(5,8,26.0641)->(5,7,26.5641)->(5,6,27.0641)->(5,5,27.5821)->(5,4,28.1499)->(5,3,28.8321)->(5,2,30.1499)->(5,1,5014.78)->
Agent 62:(20,2,1.3)->(20,3,2.01421)->(20,4,3.33205)->(20,5,4.01421)->(20,6,4.58205)->(20,7,5.1)->(20,8,5.6)->(20,9,6.11795)->(20,10,6.68579)->(20,11,7.36795)->(20,12,8.68579)->(20,13,11.8462)->(19,13,15.0065)->(18,13,16.3244)->(17,13,17.0161)->(16,13,17.6518)->(15,13,18.3436)->(14,13,19.6614)->(13,13,5009.54)->
Agent 63:(21,31,2.2)->(21,30,3.81421)->(21,29,5.13205)->(21,28,5.81421)->(21,27,6.38205)->(21,26,6.9)->(21,25,7.4)->(21,24,7.9)->(21,23,8.4)->(21,22,8.9)->(21,21,9.41795)->(21,20,9.98579)->(21,19,10.6679)->(21,18,11.9858)->(21,17,14.2)->(20,17,16.4142)->(19,17,17.7321)->(18,17,18.4142)->(17,17,18.9821)->(16,17,19.5)->(15,17,20)->(14,17,20.5)->(13,17,21)->(12,17,21.5)->(11,17,22)->(10,17,22.5)->(9,17,23)->(8,17,23.5)->(7,17,24)->(6,17,24.5179)->(5,17,25.0858)->(4,17,25.7679)->(3,17,27.0858)->(2,17,29.7142)->(2,18,5015.05)->
Agent 64:(21,9,1.3)->(21,10,2.01421)->(21,11,3.33205)->(21,12,4.02382)->(21,13,4.65949)->(21,14,5.35126)->(21,15,6.6691)->(21,16,5003.04)->
Agent 65:(21,7,1.8)->(22,7,3.01421)->(23,7,4.33205)->(24,7,5.01421)->(25,7,5.58205)->(26,7,6.11795)->(27,7,6.68579)->(28,7,7.36795)->(29,7,8.68579)->(30,7,10.9)->(30,8,13.1142)->(30,9,14.4321)->(30,10,15.1142)->(30,11,15.6821)->(30,12,16.2)->(30,13,16.7)->(30,14,17.2)->(30,15,17.7)->(30,16,18.2179)->(30,17,18.7858)->(30,18,19.4679)->(30,19,20.7858)->(30,20,5010.1)->
Agent 66:(1,7,1.50997)->(1,8,2.43415)->(1,9,3.75199)->(1,10,4.43415)->(1,11,5.00199)->(1,12,5.51994)->(1,13,6.01994)->(1,14,6.51994)->(1,15,7.03788)->(1,16,7.60572)->(1,17,8.28788)->(1,18,9.60572)->(1,19,12.1742)->(2,19,14.7426)->(3,19,16.0605)->(4,19,16.7426)->(5,19,17.3105)->(6,19,17.8284)->(7,19,18.3284)->(8,19,18.8284)->(9,19,19.3284)->(10,19,19.8284)->(11,19,20.3284)->(12,19,20.8284)->(13,19,21.3284)->(14,19,21.8284)->(15,19,22.3284)->(16,19,22.8284)->(17,19,23.3284)->(18,19,23.8284)->(19,19,24.3284)->(20,19,24.8284)->(21,19,25.3284)->(22,19,25.8284)->(23,19,26.3284)->(24,19,26.8284)->(25,19,27.3284)->(26,19,27.8464)->(27,19,28.4142)->(28,19,29.0964)->(29,19,30.4142)->(30,19,34.0426)->(29,19,5017.71)->
Agent 67:(12,10,4.5)->(12,11,8.41421)->(12,12,9.73205)->(12,13,10.4142)->(12,14,10.9821)->(12,15,11.5)->(12,16,12)->(12,17,12.5)->(12,18,13)->(12,19,13.5)->(12,20,14.0179)->(12,21,14.5858)->(12,22,15.2679)->(12,23,16.5858)->(12,24,18.8)->(11,24,21.0142)->(10,24,22.3321)->(9,24,23.0142)->(8,24,23.5821)->(7,24,24.1179)->(6,24,24.6858)->(5,24,25.3679)->(4,24,26.6858)->(3,24,5013.05)->
Agent 68:(7,9,2.03205)->(6,9,3.51359)->(5,9,5.51359)->(4,9,7.76308)->(4,8,9.97729)->(4,7,11.2951)->(4,6,11.9869)->(4,5,12.6226)->(4,4,13.3143)->(4,3,14.6322)->(4,2,16.8464)->(3,2,19.0959)->(2,2,21.0959)->(1,2,5010.27)->
Agent 69:(6,1,1.8)->(7,1,3.01421)->(8,1,4.33205)->(9,1,5.01421)->(10,1,5.6)->(11,1,6.18579)->(12,1,6.86795)->(13,1,8.18579)->(14,1,15.8178)->(14,2,23.4499)->(14,3,24.7677)->(14,4,25.4499)->(14,5,26.0177)->(14,6,26.5357)->(14,7,27.0357)->(14,8,27.5357)->(14,9,28.0357)->(14,10,28.5357)->(14,11,29.0357)->(14,12,29.5536)->(14,13,30.1215)->(14,14,30.8036)->(14,15,32.1215)->(14,16,5015.77)->
