Agent 0:(24,4,1.3)->(24,5,2.6)->(24,6,5.81421)->(23,6,11.3104)->(23,7,5006.8)->
Agent 1:(16,26,1.8)->(15,26,3.01421)->(14,26,4.33205)->(13,26,5.02382)->(12,26,5.65949)->(11,26,6.35126)->(10,26,7.6691)->(9,26,9.88331)->(9,25,12.0975)->(9,24,13.4154)->(9,23,14.0975)->(9,22,14.6833)->(9,21,15.2691)->(9,20,15.9513)->(9,19,17.2691)->(9,18,21.1917)->(8,18,25.1142)->(7,18,26.4321)->(6,18,27.1142)->(5,18,27.7)->(4,18,28.2858)->(3,18,28.9679)->(2,18,30.2858)->(1,18,5014.85)->
Agent 2:(21,30,4.53205)->(20,30,8.47832)->(19,30,9.79615)->(18,30,10.4783)->(17,30,11.0641)->(16,30,11.6499)->(15,30,12.3321)->(14,30,13.6499)->(13,30,15.8641)->(13,29,18.0783)->(13,28,19.4925)->(13,27,20.9067)->(13,26,25.6926)->(13,27,5014.12)->
Agent 3:(3,18,2.2)->(3,17,3.81421)->(3,16,5.13205)->(3,15,5.81421)->(3,14,6.38205)->(3,13,6.9)->(3,12,7.4)->(3,11,7.91795)->(3,10,8.48579)->(3,9,9.16795)->(3,8,10.4858)->(3,7,12.7)->(4,7,14.9142)->(5,7,16.2321)->(6,7,16.9142)->(7,7,17.4821)->(8,7,18)->(9,7,18.5)->(10,7,19)->(11,7,19.5)->(12,7,20.0179)->(13,7,20.5858)->(14,7,21.2679)->(15,7,22.5858)->(16,7,25.2142)->(16,8,5012.8)->
Agent 4:(11,24,2.93205)->(12,24,5.27832)->(13,24,6.59615)->(14,24,7.27832)->(15,24,7.84615)->(16,24,8.3641)->(17,24,8.8641)->(18,24,9.3641)->(19,24,9.8641)->(20,24,10.3641)->(21,24,10.8821)->(22,24,11.4499)->(23,24,12.1321)->(24,24,13.4499)->(25,24,15.6641)->(25,23,17.8783)->(25,22,19.1962)->(25,21,19.8783)->(25,20,20.4462)->(25,19,20.9641)->(25,18,21.4821)->(25,17,22.0499)->(25,16,22.7321)->(25,15,24.0499)->(25,14,26.2641)->(26,14,28.4783)->(27,14,29.7962)->(28,14,30.5282)->(29,14,31.2603)->(30,14,32.5781)->(31,14,35.2065)->(31,13,5017.8)->
Agent 5:(16,20,1.3)->(16,21,2.01421)->(16,22,3.33205)->(16,23,4.0641)->(16,24,4.79615)->(16,25,6.11399)->(16,26,8.3282)->(15,26,11.1282)->(14,26,13.9282)->(14,27,16.7282)->(14,28,5008.36)->
Agent 6:(21,12,1.71421)->(21,13,4.55194)->(22,13,7.91809)->(23,13,9.25194)->(24,13,10.0804)->(25,13,11.4142)->(26,13,25.2926)->(26,12,39.1711)->(26,11,40.4889)->(26,10,41.1711)->(26,9,41.7389)->(26,8,42.2569)->(26,7,42.7569)->(26,6,43.2569)->(26,5,43.7569)->(26,4,44.2748)->(26,3,44.8426)->(26,2,45.5248)->(26,1,46.8426)->(26,0,5023.13)->
Agent 7:(18,16,1.4142)->(18,17,2.27789)->(18,18,4.27789)->(18,19,6.52738)->(17,19,8.74159)->(16,19,10.0594)->(15,19,10.7512)->(14,19,11.3869)->(13,19,12.0786)->(12,19,13.3965)->(11,19,16.9053)->(11,18,20.4142)->(11,17,21.7321)->(11,16,22.4142)->(11,15,22.9821)->(11,14,23.5)->(11,13,24)->(11,12,24.5)->(11,11,25)->(11,10,25.5)->(11,9,26)->(11,8,26.5)->(11,7,27)->(11,6,27.5)->(11,5,28)->(11,4,28.5179)->(11,3,29.0858)->(11,2,29.7679)->(11,1,31.0858)->(11,0,39.4)->(11,1,48.3)->(11,2,5024.15)->
Agent 8:(19,3,2.21421)->(18,3,9.23579)->(18,4,16.2858)->(18,5,17.6036)->(18,6,18.2858)->(18,7,18.8536)->(18,8,19.3716)->(18,9,19.8716)->(18,10,20.3716)->(18,11,20.8716)->(18,12,21.3716)->(18,13,21.8716)->(18,14,22.3716)->(18,15,22.8716)->(18,16,23.3716)->(18,17,23.8716)->(18,18,24.3716)->(18,19,24.8716)->(18,20,25.3716)->(18,21,25.8716)->(18,22,26.3716)->(18,23,26.8895)->(18,24,27.4574)->(18,25,28.1395)->(18,26,29.4574)->(18,27,32.0858)->(19,27,5016.24)->
Agent 9:(20,31,7.85)->(20,30,15.1142)->(20,29,16.4321)->(20,28,17.1142)->(20,27,17.6821)->(20,26,18.2)->(20,25,18.7)->(20,24,19.2)->(20,23,19.7)->(20,22,20.2)->(20,21,20.7179)->(20,20,21.2858)->(20,19,21.9679)->(20,18,23.2858)->(20,17,25.5)->(19,17,27.7495)->(18,17,29.7495)->(17,17,5014.6)->
Agent 10:(30,30,2.2)->(30,29,3.81421)->(30,28,5.13205)->(30,27,5.81421)->(30,26,6.38205)->(30,25,6.9)->(30,24,7.4)->(30,23,7.9)->(30,22,8.4)->(30,21,8.9)->(30,20,9.4)->(30,19,9.9)->(30,18,10.4)->(30,17,10.9179)->(30,16,11.4858)->(30,15,12.1679)->(30,14,13.4858)->(30,13,15.7)->(29,13,18.5)->(28,13,22.9358)->(28,12,26.7858)->(28,11,28.1036)->(28,10,28.7858)->(28,9,29.3536)->(28,8,29.8895)->(28,7,30.4574)->(28,6,31.1395)->(28,5,32.4574)->(28,4,5015.94)->
Agent 11:(0,21,2.2)->(0,20,3.81421)->(0,19,5.13205)->(0,18,5.81421)->(0,17,6.38205)->(0,16,6.9)->(0,15,7.4)->(0,14,7.9)->(0,13,8.4)->(0,12,8.9)->(0,11,9.4)->(0,10,9.9)->(0,9,10.4)->(0,8,10.9)->(0,7,11.4)->(0,6,11.9179)->(0,5,12.4858)->(0,4,13.1679)->(0,3,14.4858)->(0,2,16.7)->(1,2,18.9142)->(2,2,20.2321)->(3,2,20.9142)->(4,2,21.4821)->(5,2,22)->(6,2,22.5)->(7,2,23)->(8,2,23.5)->(9,2,24)->(10,2,24.5)->(11,2,25)->(12,2,25.5)->(13,2,26)->(14,2,26.5)->(15,2,27)->(16,2,27.5)->(17,2,28)->(18,2,28.5)->(19,2,29.0179)->(20,2,29.5858)->(21,2,30.2679)->(22,2,31.5858)->(23,2,34.2142)->(23,3,5017.3)->
Agent 12:(22,0,3.84989)->(22,1,7.11399)->(22,2,8.43183)->(22,3,9.16388)->(22,4,9.89593)->(22,5,11.2138)->(22,6,16.564)->(21,6,21.9142)->(20,6,23.2321)->(19,6,23.9142)->(18,6,24.4821)->(17,6,25)->(16,6,25.5)->(15,6,26.0179)->(14,6,26.5858)->(13,6,27.2679)->(12,6,28.5858)->(11,6,5014)->
Agent 13:(14,11,2.2)->(14,10,3.84949)->(14,9,5.84949)->(14,8,10.5174)->(13,8,15.1501)->(12,8,16.4679)->(11,8,17.1501)->(10,8,17.7179)->(9,8,18.2538)->(8,8,18.8217)->(7,8,19.5038)->(6,8,20.8217)->(5,8,5010.12)->
Agent 14:(20,8,1.43205)->(20,9,2.27832)->(20,10,3.59615)->(20,11,4.27832)->(20,12,4.84615)->(20,13,5.3641)->(20,14,5.8641)->(20,15,6.3641)->(20,16,6.8641)->(20,17,7.3641)->(20,18,7.8641)->(20,19,8.3641)->(20,20,8.88205)->(20,21,9.44989)->(20,22,10.1321)->(20,23,11.4499)->(20,24,13.6641)->(19,24,15.8783)->(18,24,17.1962)->(17,24,17.8783)->(16,24,18.4641)->(15,24,19.0499)->(14,24,19.7321)->(13,24,21.0499)->(12,24,23.2641)->(12,23,25.4783)->(12,22,26.7962)->(12,21,27.4783)->(12,20,28.0462)->(12,19,28.5641)->(12,18,29.0641)->(12,17,29.5821)->(12,16,30.1499)->(12,15,30.8321)->(12,14,32.1499)->(12,13,5015.78)->
Agent 15:(3,29,1.8)->(4,29,3.6)->(5,29,6.4)->(5,28,8.61421)->(5,27,9.93205)->(5,26,10.6142)->(5,25,11.1821)->(5,24,11.7)->(5,23,12.2)->(5,22,12.7)->(5,21,13.2)->(5,20,13.7)->(5,19,14.2)->(5,18,14.7)->(5,17,15.2)->(5,16,15.7)->(5,15,16.2)->(5,14,16.7)->(5,13,17.2)->(5,12,17.7)->(5,11,18.2)->(5,10,18.7)->(5,9,19.2)->(5,8,19.7179)->(5,7,20.2858)->(5,6,20.9679)->(5,5,22.2858)->(5,4,24.6)->(4,4,26.9495)->(3,4,28.9495)->(2,4,31.199)->(2,3,33.4132)->(2,2,34.8274)->(2,1,36.2416)->(2,0,5017.83)->
Agent 16:(6,14,1.51784)->(6,15,2.44989)->(6,16,3.76773)->(6,17,4.44989)->(6,18,5.01773)->(6,19,5.53567)->(6,20,6.03567)->(6,21,6.53567)->(6,22,7.05362)->(6,23,7.62146)->(6,24,8.30362)->(6,25,9.62146)->(6,26,11.8357)->(7,26,14.0499)->(8,26,15.3677)->(9,26,16.0499)->(10,26,16.6177)->(11,26,17.1536)->(12,26,17.7215)->(13,26,18.4036)->(14,26,19.7215)->(15,26,26.8826)->(15,27,34.0789)->(15,28,36.0789)->(15,29,5017.76)->
Agent 17:(14,19,3.53205)->(14,18,6.47832)->(14,17,7.79615)->(14,16,8.47832)->(14,15,9.04615)->(14,14,9.58205)->(14,13,10.1499)->(14,12,10.8321)->(14,11,12.1499)->(14,10,15.9283)->(13,10,19.7067)->(12,10,21.0246)->(11,10,21.7566)->(10,10,22.4887)->(9,10,23.8065)->(8,10,5011.61)->
Agent 18:(17,0,1.8)->(16,0,3.01421)->(15,0,4.33205)->(14,0,5.01421)->(13,0,5.58205)->(12,0,6.1)->(11,0,6.61795)->(10,0,7.18579)->(9,0,7.86795)->(8,0,9.18579)->(7,0,13.65)->(7,1,18.1142)->(7,2,19.4321)->(7,3,20.1142)->(7,4,20.6821)->(7,5,21.2)->(7,6,21.7)->(7,7,22.2)->(7,8,22.7)->(7,9,23.2)->(7,10,23.7)->(7,11,24.2)->(7,12,24.7)->(7,13,25.2)->(7,14,25.7)->(7,15,26.2)->(7,16,26.7)->(7,17,27.2)->(7,18,27.7)->(7,19,28.2)->(7,20,28.7179)->(7,21,29.2858)->(7,22,29.9679)->(7,23,31.2858)->(7,24,33.9142)->(6,24,5017.15)->
Agent 19:(26,13,2.2)->(26,12,3.81421)->(26,11,5.13205)->(26,10,5.81421)->(26,9,6.38205)->(26,8,6.9)->(26,7,7.4)->(26,6,7.91795)->(26,5,8.48579)->(26,4,9.16795)->(26,3,10.4858)->(26,2,12.7)->(27,2,14.9142)->(28,2,16.3284)->(29,2,17.7426)->(30,2,29.6426)->(30,1,42.1284)->(30,0,5021.06)->
Agent 20:(25,10,1.3)->(25,11,2.01421)->(25,12,3.33205)->(25,13,4.01421)->(25,14,4.58205)->(25,15,5.1)->(25,16,5.6)->(25,17,6.1)->(25,18,6.6)->(25,19,7.11795)->(25,20,7.68579)->(25,21,8.36795)->(25,22,9.68579)->(25,23,11.9)->(24,23,14.1142)->(23,23,15.4321)->(22,23,16.1142)->(21,23,16.6821)->(20,23,17.2)->(19,23,17.7)->(18,23,18.2)->(17,23,18.7)->(16,23,19.2)->(15,23,19.7)->(14,23,20.2)->(13,23,20.7)->(12,23,21.2)->(11,23,21.7)->(10,23,22.2)->(9,23,22.7)->(8,23,23.2)->(7,23,23.7)->(6,23,24.2179)->(5,23,24.7858)->(4,23,25.4679)->(3,23,26.7858)->(2,23,29)->(2,22,31.2142)->(2,21,32.5321)->(2,20,33.2142)->(2,19,33.7821)->(2,18,34.3179)->(2,17,34.8858)->(2,16,35.5679)->(2,15,36.8858)->(2,14,39.5142)->(1,14,5019.95)->
Agent 21:(2,6,1.3)->(2,7,2.01421)->(2,8,3.34806)->(2,9,4.17649)->(2,10,5.51034)->(2,11,8.39806)->(3,11,11.2858)->(4,11,12.6036)->(5,11,13.2858)->(6,11,13.8536)->(7,11,14.3716)->(8,11,14.8716)->(9,11,15.3716)->(10,11,15.8716)->(11,11,16.3716)->(12,11,16.8716)->(13,11,17.3716)->(14,11,17.8716)->(15,11,18.3716)->(16,11,18.8716)->(17,11,19.3716)->(18,11,19.8716)->(19,11,20.3716)->(20,11,20.8716)->(21,11,21.3716)->(22,11,21.8716)->(23,11,22.3716)->(24,11,22.8716)->(25,11,23.3895)->(26,11,23.9574)->(27,11,24.6395)->(28,11,25.9574)->(29,11,5012.69)->
Agent 22:(30,20,2.21421)->(29,20,9.4)->(29,21,16.6142)->(29,22,17.9321)->(29,23,18.6142)->(29,24,19.1821)->(29,25,19.7)->(29,26,20.2)->(29,27,20.7179)->(29,28,21.2858)->(29,29,21.9679)->(29,30,23.2858)->(29,31,25.5)->(28,31,27.7142)->(27,31,29.0321)->(26,31,29.7142)->(25,31,30.2821)->(24,31,30.8)->(23,31,31.3)->(22,31,31.8)->(21,31,32.3)->(20,31,32.8179)->(19,31,33.3858)->(18,31,34.0679)->(17,31,35.3858)->(16,31,5017.4)->
Agent 23:(19,8,1.71421)->(19,9,4.36795)->(20,9,8.1359)->(21,9,15.0037)->(21,10,21.8716)->(21,11,5010.94)->
Agent 24:(29,8,2.2)->(29,7,3.81421)->(29,6,5.22843)->(29,5,6.64264)->(29,4,10.3642)->(28,4,14.0858)->(27,4,15.4036)->(26,4,16.0858)->(25,4,16.6536)->(24,4,17.1716)->(23,4,17.6716)->(22,4,18.1716)->(21,4,18.6716)->(20,4,19.1716)->(19,4,19.6716)->(18,4,20.1716)->(17,4,20.6716)->(16,4,21.1716)->(15,4,21.6716)->(14,4,22.1716)->(13,4,22.6716)->(12,4,23.1716)->(11,4,23.6895)->(10,4,24.2574)->(9,4,24.9395)->(8,4,26.2574)->(7,4,5012.84)->
Agent 25:(13,26,2.2)->(13,25,3.81421)->(13,24,5.13205)->(13,23,5.81421)->(13,22,6.38205)->(13,21,6.9)->(13,20,7.4)->(13,19,7.9)->(13,18,8.4)->(13,17,8.9)->(13,16,9.4)->(13,15,9.9)->(13,14,10.4179)->(13,13,10.9858)->(13,12,11.6679)->(13,11,12.9858)->(13,10,15.3463)->(12,10,17.7067)->(11,10,19.0246)->(10,10,19.7067)->(9,10,20.2746)->(8,10,20.7925)->(7,10,21.2925)->(6,10,21.8105)->(5,10,22.3783)->(4,10,23.0605)->(3,10,24.3783)->(2,10,5011.9)->
Agent 26:(8,4,1.3)->(8,5,2.01421)->(8,6,3.34806)->(8,7,4.17649)->(8,8,5.51034)->(8,9,9.22649)->(9,9,12.9426)->(10,9,14.2605)->(11,9,14.9426)->(12,9,15.5105)->(13,9,16.0464)->(14,9,16.6142)->(15,9,17.2964)->(16,9,18.6142)->(17,9,21.2426)->(17,10,5010.81)->
Agent 27:(23,15,2.61421)->(23,14,8.65)->(22,14,14.9)->(21,14,5007.45)->
Agent 28:(12,18,1.8)->(13,18,3.01421)->(14,18,4.33205)->(15,18,5.02382)->(16,18,5.65949)->(17,18,6.35126)->(18,18,7.6691)->(19,18,9.88331)->(19,17,12.0975)->(19,16,13.4154)->(19,15,14.0975)->(19,14,14.6833)->(19,13,15.2691)->(19,12,15.9513)->(19,11,17.2691)->(19,10,22.3417)->(19,11,28)->(19,12,5014)->
Agent 29:(20,13,1.8)->(19,13,3.04949)->(18,13,5.04949)->(17,13,8.29949)->(17,12,11.5495)->(17,11,13.5495)->(17,10,16.7817)->(16,10,5008.87)->
Agent 30:(0,31,2.73205)->(0,30,4.87832)->(0,29,6.19615)->(0,28,6.87832)->(0,27,7.44615)->(0,26,7.9641)->(0,25,8.4641)->(0,24,8.9641)->(0,23,9.4641)->(0,22,9.9641)->(0,21,10.4641)->(0,20,10.9641)->(0,19,11.4641)->(0,18,11.9641)->(0,17,12.4641)->(0,16,12.9641)->(0,15,13.4641)->(0,14,13.9641)->(0,13,14.4641)->(0,12,14.9641)->(0,11,15.4641)->(0,10,15.9641)->(0,9,16.4641)->(0,8,16.9641)->(0,7,17.4641)->(0,6,17.9641)->(0,5,18.4641)->(0,4,18.9821)->(0,3,19.5499)->(0,2,20.2321)->(0,1,21.5499)->(0,0,23.7641)->(1,0,26.0136)->(2,0,28.0136)->(3,0,5013.73)->
Agent 31:(0,27,1.8)->(1,27,3.01421)->(2,27,4.33205)->(3,27,5.01421)->(4,27,5.58205)->(5,27,6.1)->(6,27,6.6)->(7,27,7.1)->(8,27,7.6)->(9,27,8.1)->(10,27,8.6)->(11,27,9.1)->(12,27,9.6)->(13,27,10.1)->(14,27,10.6)->(15,27,11.1)->(16,27,11.6)->(17,27,12.1)->(18,27,12.6)->(19,27,13.1)->(20,27,13.6179)->(21,27,14.1858)->(22,27,14.8679)->(23,27,16.1858)->(24,27,18.4)->(24,26,20.6495)->(24,25,22.6495)->(24,24,5011.05)->
Agent 32:(26,29,1.8)->(25,29,3.01421)->(24,29,4.33205)->(23,29,5.01421)->(22,29,5.58205)->(21,29,6.1)->(20,29,6.6)->(19,29,7.1)->(18,29,7.6)->(17,29,8.1)->(16,29,8.6)->(15,29,9.1)->(14,29,9.6)->(13,29,10.1)->(12,29,10.6)->(11,29,11.1)->(10,29,11.6)->(9,29,12.1)->(8,29,12.6179)->(7,29,13.1858)->(6,29,13.8679)->(5,29,15.1858)->(4,29,17.4)->(4,28,19.6142)->(4,27,20.9321)->(4,26,21.6142)->(4,25,22.1821)->(4,24,22.7)->(4,23,23.2)->(4,22,23.7)->(4,21,24.2)->(4,20,24.7)->(4,19,25.2)->(4,18,25.7)->(4,17,26.2)->(4,16,26.7)->(4,15,27.2)->(4,14,27.7)->(4,13,28.2)->(4,12,28.7)->(4,11,29.2)->(4,10,29.7179)->(4,9,30.2858)->(4,8,30.9679)->(4,7,32.2858)->(4,6,5015.85)->
Agent 33:(2,20,3.93579)->(2,19,7.28579)->(2,18,8.60362)->(2,17,9.28579)->(2,16,9.85362)->(2,15,10.3716)->(2,14,10.8716)->(2,13,11.3716)->(2,12,11.8716)->(2,11,12.3716)->(2,10,12.8716)->(2,9,13.3716)->(2,8,13.8716)->(2,7,14.3895)->(2,6,14.9574)->(2,5,15.6395)->(2,4,16.9574)->(2,3,19.1716)->(3,3,21.3858)->(4,3,22.7036)->(5,3,23.3858)->(6,3,23.9536)->(7,3,24.4716)->(8,3,24.9716)->(9,3,25.4895)->(10,3,26.0574)->(11,3,26.7395)->(12,3,28.0574)->(13,3,5013.74)->
Agent 34:(7,5,1.3)->(7,6,2.6)->(7,7,7.31421)->(8,7,11.4426)->(9,7,12.7605)->(10,7,13.4426)->(11,7,14.0105)->(12,7,14.5284)->(13,7,15.0464)->(14,7,15.6142)->(15,7,16.2964)->(16,7,17.6142)->(17,7,5008.51)->
Agent 35:(22,26,2.2)->(22,25,3.81421)->(22,24,5.13205)->(22,23,5.81421)->(22,22,6.38205)->(22,21,6.9)->(22,20,7.4)->(22,19,7.9)->(22,18,8.4)->(22,17,8.91795)->(22,16,9.48579)->(22,15,10.1679)->(22,14,11.4858)->(22,13,14.7821)->(21,13,18.0783)->(20,13,19.3962)->(19,13,20.0783)->(18,13,20.6641)->(17,13,21.2499)->(16,13,21.9321)->(15,13,23.2499)->(14,13,5011.33)->
Agent 36:(10,14,2.21421)->(11,14,4.81421)->(11,15,7.44264)->(11,16,8.76048)->(11,17,9.44264)->(11,18,10.0105)->(11,19,10.5284)->(11,20,11.0284)->(11,21,11.5464)->(11,22,12.1142)->(11,23,12.7964)->(11,24,14.1142)->(11,25,16.3284)->(12,25,19.1284)->(13,25,5009.56)->
Agent 37:(28,16,1.3)->(28,17,2.01421)->(28,18,3.33205)->(28,19,4.01421)->(28,20,4.58205)->(28,21,5.1)->(28,22,5.6)->(28,23,6.11795)->(28,24,6.68579)->(28,25,7.36795)->(28,26,8.68579)->(28,27,13.9179)->(27,27,19.1501)->(26,27,20.4679)->(25,27,21.1501)->(24,27,21.7179)->(23,27,22.2359)->(22,27,22.7359)->(21,27,23.2359)->(20,27,23.7359)->(19,27,24.2359)->(18,27,24.7359)->(17,27,25.2359)->(16,27,25.7359)->(15,27,26.2538)->(14,27,26.8217)->(13,27,27.5038)->(12,27,28.8217)->(11,27,5014.12)->
Agent 38:(18,18,1.3)->(18,19,2.01421)->(18,20,3.42843)->(18,21,4.84264)->(18,22,10.7284)->(17,22,16.6142)->(16,22,17.9321)->(15,22,18.6142)->(14,22,19.1821)->(13,22,19.7)->(12,22,20.2)->(11,22,20.7)->(10,22,21.2)->(9,22,21.7)->(8,22,22.2179)->(7,22,22.7858)->(6,22,23.4679)->(5,22,24.7858)->(4,22,5012.1)->
Agent 39:(16,7,1.81795)->(17,7,3.05011)->(18,7,4.36795)->(19,7,5.05011)->(20,7,5.61795)->(21,7,6.15385)->(22,7,6.72168)->(23,7,7.40385)->(24,7,8.72168)->(25,7,10.9359)->(25,8,13.1501)->(25,9,14.4679)->(25,10,15.2)->(25,11,15.9321)->(25,12,17.2499)->(25,13,5008.33)->
Agent 40:(10,15,6.43579)->(10,16,12.2858)->(10,17,13.6196)->(10,18,14.4481)->(10,19,15.7819)->(10,20,5007.6)->
Agent 41:(12,8,1.3)->(12,9,2.01421)->(12,10,3.33205)->(12,11,4.01421)->(12,12,4.6)->(12,13,5.18579)->(12,14,5.86795)->(12,15,7.18579)->(12,16,11.9877)->(13,16,16.7897)->(14,16,18.1075)->(15,16,18.7897)->(16,16,19.3575)->(17,16,19.8754)->(18,16,20.3934)->(19,16,20.9612)->(20,16,21.6434)->(21,16,22.9612)->(22,16,5011.19)->
Agent 42:(4,25,7.16421)->(4,24,13.7426)->(4,23,15.0605)->(4,22,15.7426)->(4,21,16.3105)->(4,20,16.8284)->(4,19,17.3284)->(4,18,17.8284)->(4,17,18.3284)->(4,16,18.8284)->(4,15,19.3284)->(4,14,19.8284)->(4,13,20.3284)->(4,12,20.8284)->(4,11,21.3284)->(4,10,21.8284)->(4,9,22.3284)->(4,8,22.8284)->(4,7,23.3284)->(4,6,23.8284)->(4,5,24.3464)->(4,4,24.9142)->(4,3,25.5964)->(4,2,26.9142)->(4,1,29.1284)->(5,1,31.3426)->(6,1,32.6605)->(7,1,33.3426)->(8,1,33.9105)->(9,1,34.4284)->(10,1,34.9284)->(11,1,35.4284)->(12,1,35.9284)->(13,1,36.4284)->(14,1,36.9284)->(15,1,37.4284)->(16,1,37.9284)->(17,1,38.4284)->(18,1,38.9284)->(19,1,39.4284)->(20,1,39.9284)->(21,1,40.4284)->(22,1,40.9284)->(23,1,41.4464)->(24,1,42.0142)->(25,1,42.6964)->(26,1,44.0142)->(27,1,5021.71)->
Agent 43:(5,9,2.2)->(5,8,3.84949)->(5,7,5.84949)->(5,6,8.09898)->(6,6,10.3485)->(7,6,12.3485)->(8,6,18.4132)->(7,6,5011.1)->
Agent 44:(24,28,1.8)->(23,28,3.01421)->(22,28,4.33205)->(21,28,5.01421)->(20,28,5.58205)->(19,28,6.1)->(18,28,6.6)->(17,28,7.1)->(16,28,7.6)->(15,28,8.1)->(14,28,8.6)->(13,28,9.1)->(12,28,9.61795)->(11,28,10.1858)->(10,28,10.8679)->(9,28,12.1858)->(8,28,14.4)->(8,27,16.6142)->(8,26,17.9321)->(8,25,18.6142)->(8,24,19.1821)->(8,23,19.7)->(8,22,20.2)->(8,21,20.7)->(8,20,21.2)->(8,19,21.7179)->(8,18,22.2858)->(8,17,22.9679)->(8,16,24.2858)->(8,15,26.9142)->(7,15,5013.65)->
Agent 45:(17,16,2.82841)->(18,16,8.34263)->(18,15,13.8569)->(18,14,17.0711)->(17,14,23.0211)->(17,15,5012.88)->
Agent 46:(31,22,2.2)->(31,21,3.81421)->(31,20,5.13205)->(31,19,5.81421)->(31,18,6.38205)->(31,17,6.9)->(31,16,7.4)->(31,15,7.9)->(31,14,8.4)->(31,13,8.9)->(31,12,9.4)->(31,11,9.9)->(31,10,10.4)->(31,9,10.9)->(31,8,11.4)->(31,7,11.9)->(31,6,12.4)->(31,5,12.9)->(31,4,13.4179)->(31,3,13.9858)->(31,2,14.6679)->(31,1,15.9858)->(31,0,28.35)->(30,0,40.7142)->(29,0,42.0321)->(28,0,42.7142)->(27,0,43.2821)->(26,0,43.8)->(25,0,44.3)->(24,0,44.8)->(23,0,45.3)->(22,0,45.8)->(21,0,46.3)->(20,0,46.8)->(19,0,47.3)->(18,0,47.8179)->(17,0,48.3858)->(16,0,49.0679)->(15,0,50.3858)->(14,0,5024.9)->
Agent 47:(24,27,2.2)->(24,26,3.81421)->(24,25,5.14806)->(24,24,5.97649)->(24,23,7.31034)->(24,22,9.91228)->(25,22,13.1)->(26,22,16.3142)->(26,23,5008.35)->
Agent 48:(1,20,1.3)->(1,21,2.01421)->(1,22,3.33205)->(1,23,4.01421)->(1,24,4.58205)->(1,25,5.1)->(1,26,5.61795)->(1,27,6.18579)->(1,28,6.86795)->(1,29,8.18579)->(1,30,10.4)->(2,30,12.6142)->(3,30,13.9321)->(4,30,14.6142)->(5,30,15.1821)->(6,30,15.7)->(7,30,16.2)->(8,30,16.7)->(9,30,17.2)->(10,30,17.7)->(11,30,18.2)->(12,30,18.7)->(13,30,19.2)->(14,30,19.7)->(15,30,20.2)->(16,30,20.7)->(17,30,21.2)->(18,30,21.7)->(19,30,22.2)->(20,30,22.7)->(21,30,23.2)->(22,30,23.7)->(23,30,24.2179)->(24,30,24.7858)->(25,30,25.4679)->(26,30,26.7858)->(27,30,29.4142)->(27,31,5014.9)->
Agent 49:(11,16,1.8)->(12,16,3.01421)->(13,16,4.33205)->(14,16,5.0641)->(15,16,5.79615)->(16,16,7.11399)->(17,16,12.9518)->(17,17,18.7897)->(17,18,20.1235)->(17,19,20.9519)->(17,20,22.2858)->(17,21,5010.85)->
Agent 50:(14,8,1.8)->(15,8,3.01421)->(16,8,4.33205)->(17,8,5.01421)->(18,8,5.58205)->(19,8,6.1)->(20,8,6.6)->(21,8,7.1)->(22,8,7.6)->(23,8,8.1)->(24,8,8.6)->(25,8,9.1)->(26,8,9.61795)->(27,8,10.1858)->(28,8,10.8679)->(29,8,12.1858)->(30,8,14.4)->(30,9,16.6142)->(30,10,17.9321)->(30,11,18.6142)->(30,12,19.1821)->(30,13,19.7)->(30,14,20.2)->(30,15,20.7)->(30,16,21.2)->(30,17,21.7)->(30,18,22.2)->(30,19,22.7)->(30,20,23.2)->(30,21,23.7)->(30,22,24.2)->(30,23,24.7)->(30,24,25.2)->(30,25,25.7)->(30,26,26.2)->(30,27,26.7179)->(30,28,27.2858)->(30,29,27.9679)->(30,30,29.2858)->(30,31,5014.35)->
Agent 51:(26,4,1.8)->(25,4,3.01421)->(24,4,4.33205)->(23,4,5.01421)->(22,4,5.58205)->(21,4,6.1)->(20,4,6.61795)->(19,4,7.18579)->(18,4,7.86795)->(17,4,9.18579)->(16,4,11.4)->(16,5,13.6142)->(16,6,14.9321)->(16,7,15.6142)->(16,8,16.1821)->(16,9,16.7)->(16,10,17.2179)->(16,11,17.7858)->(16,12,18.4679)->(16,13,19.7858)->(16,14,5009.6)->
Agent 52:(3,31,2.2)->(3,30,3.81421)->(3,29,5.13205)->(3,28,5.81421)->(3,27,6.38205)->(3,26,6.9)->(3,25,7.4)->(3,24,7.9)->(3,23,8.4)->(3,22,8.9)->(3,21,9.4)->(3,20,9.9)->(3,19,10.4)->(3,18,10.9)->(3,17,11.4)->(3,16,11.9179)->(3,15,12.4858)->(3,14,13.1679)->(3,13,14.4858)->(3,12,16.7)->(4,12,18.9142)->(5,12,20.2321)->(6,12,20.9142)->(7,12,21.4821)->(8,12,22)->(9,12,22.5)->(10,12,23)->(11,12,23.5)->(12,12,24)->(13,12,24.5)->(14,12,25)->(15,12,25.5)->(16,12,26)->(17,12,26.5)->(18,12,27)->(19,12,27.5)->(20,12,28)->(21,12,28.5)->(22,12,29)->(23,12,29.5)->(24,12,30)->(25,12,30.5)->(26,12,31.0179)->(27,12,31.5858)->(28,12,32.2679)->(29,12,33.5858)->(30,12,36.2142)->(30,13,5018.3)->
Agent 53:(12,4,1.8)->(13,4,3.6)->(14,4,6.4)->(14,3,8.61421)->(14,2,10.0284)->(14,1,11.4426)->(14,0,30.3284)->(14,1,49.8)->(14,2,5024.9)->
Agent 54:(8,9,1.3)->(8,10,2.01421)->(8,11,3.33205)->(8,12,4.01421)->(8,13,4.58205)->(8,14,5.1)->(8,15,5.6)->(8,16,6.11795)->(8,17,6.68579)->(8,18,7.36795)->(8,19,8.68579)->(8,20,10.9)->(9,20,13.1142)->(10,20,14.4481)->(11,20,15.2765)->(12,20,16.6103)->(13,20,22.3002)->(13,21,28.5758)->(13,22,5014.29)->
Agent 55:(26,19,3.66421)->(26,18,6.74264)->(26,17,8.06048)->(26,16,8.74264)->(26,15,9.31048)->(26,14,9.82843)->(26,13,10.3284)->(26,12,10.8284)->(26,11,11.3284)->(26,10,11.8284)->(26,9,12.3284)->(26,8,12.8284)->(26,7,13.3284)->(26,6,13.8284)->(26,5,14.3464)->(26,4,14.9142)->(26,3,15.5964)->(26,2,16.9142)->(26,1,19.1284)->(27,1,21.9284)->(28,1,5010.96)->
Agent 56:(24,30,4.82843)->(24,29,9.07107)->(24,28,10.4049)->(24,27,11.2333)->(24,26,12.5672)->(24,25,16.5907)->(25,25,20.6142)->(26,25,22.0284)->(27,25,23.4426)->(28,25,5011.43)->
Agent 57:(20,3,1.3)->(20,4,2.01421)->(20,5,3.33205)->(20,6,4.01421)->(20,7,4.58205)->(20,8,5.1)->(20,9,5.6)->(20,10,6.1)->(20,11,6.6)->(20,12,7.1)->(20,13,7.6)->(20,14,8.1)->(20,15,8.6)->(20,16,9.1)->(20,17,9.6)->(20,18,10.1179)->(20,19,10.6858)->(20,20,11.3679)->(20,21,12.6858)->(20,22,15.3821)->(19,22,18.0783)->(18,22,19.3962)->(17,22,20.0879)->(16,22,20.7236)->(15,22,21.4154)->(14,22,22.7332)->(13,22,25.3616)->(13,23,5012.87)->
Agent 58:(7,28,1.8)->(6,28,3.04949)->(5,28,5.04949)->(4,28,7.29898)->(4,29,9.54847)->(4,30,11.5485)->(4,31,17.849)->(4,30,24.1142)->(4,29,25.4321)->(4,28,26.1142)->(4,27,26.7)->(4,26,27.2858)->(4,25,27.9679)->(4,24,29.2858)->(4,23,5014.35)->
Agent 59:(1,11,1.8)->(2,11,3.01421)->(3,11,4.33205)->(4,11,5.01421)->(5,11,5.58205)->(6,11,6.1)->(7,11,6.6)->(8,11,7.1)->(9,11,7.6)->(10,11,8.1)->(11,11,8.6)->(12,11,9.1)->(13,11,9.6)->(14,11,10.1)->(15,11,10.6)->(16,11,11.1)->(17,11,11.6)->(18,11,12.1)->(19,11,12.6179)->(20,11,13.1858)->(21,11,13.8679)->(22,11,15.1858)->(23,11,17.4)->(23,12,19.6142)->(23,13,20.9321)->(23,14,21.6142)->(23,15,22.1821)->(23,16,22.7)->(23,17,23.2)->(23,18,23.7)->(23,19,24.2)->(23,20,24.7)->(23,21,25.2)->(23,22,25.7)->(23,23,26.2)->(23,24,26.7)->(23,25,27.2)->(23,26,27.7179)->(23,27,28.2858)->(23,28,28.9679)->(23,29,30.2858)->(23,30,32.9142)->(22,30,5016.65)->
Agent 60:(31,26,2.2)->(31,25,3.81421)->(31,24,5.13205)->(31,23,5.81421)->(31,22,6.38205)->(31,21,6.9)->(31,20,7.4)->(31,19,7.9)->(31,18,8.4)->(31,17,8.9)->(31,16,9.4)->(31,15,9.9)->(31,14,10.4)->(31,13,10.9179)->(31,12,11.4858)->(31,11,12.1679)->(31,10,13.4858)->(31,9,16.4642)->(30,9,19.4426)->(29,9,20.7605)->(28,9,21.4426)->(27,9,22.0105)->(26,9,22.5284)->(25,9,23.0284)->(24,9,23.5284)->(23,9,24.0284)->(22,9,24.5284)->(21,9,25.0284)->(20,9,25.5284)->(19,9,26.0284)->(18,9,26.5284)->(17,9,27.0284)->(16,9,27.5284)->(15,9,28.0284)->(14,9,28.5284)->(13,9,29.0284)->(12,9,29.5284)->(11,9,30.0284)->(10,9,30.5284)->(9,9,31.0284)->(8,9,31.5284)->(7,9,32.0284)->(6,9,32.5464)->(5,9,33.1142)->(4,9,33.7964)->(3,9,35.1142)->(2,9,5017.26)->
Agent 61:(26,21,1.8)->(25,21,3.01421)->(24,21,4.33205)->(23,21,5.01421)->(22,21,5.58205)->(21,21,6.1)->(20,21,6.6)->(19,21,7.1)->(18,21,7.61795)->(17,21,8.18579)->(16,21,8.86795)->(15,21,10.1858)->(14,21,12.4)->(14,20,15.2)->(14,19,19.1142)->(13,19,22.4426)->(12,19,23.7605)->(11,19,24.4426)->(10,19,25.0105)->(9,19,25.5284)->(8,19,26.0284)->(7,19,26.5284)->(6,19,27.0284)->(5,19,27.5284)->(4,19,28.0464)->(3,19,28.6142)->(2,19,29.2964)->(1,19,30.6142)->(0,19,33.2426)->(0,20,5016.81)->
Agent 62:(25,1,1.8)->(24,1,3.01421)->(23,1,4.33205)->(22,1,5.0641)->(21,1,5.79615)->(20,1,7.11399)->(19,1,9.3282)->(19,2,11.5424)->(19,3,12.8603)->(19,4,13.5923)->(19,5,14.3244)->(19,6,15.6422)->(19,7,5007.53)->
Agent 63:(1,0,1.3)->(1,1,2.01421)->(1,2,3.33205)->(1,3,4.01421)->(1,4,4.58205)->(1,5,5.1)->(1,6,5.6)->(1,7,6.1)->(1,8,6.6)->(1,9,7.1)->(1,10,7.6)->(1,11,8.1)->(1,12,8.6)->(1,13,9.1)->(1,14,9.6)->(1,15,10.1)->(1,16,10.6)->(1,17,11.1)->(1,18,11.6)->(1,19,12.1)->(1,20,12.6)->(1,21,13.1)->(1,22,13.6)->(1,23,14.1)->(1,24,14.6)->(1,25,15.1179)->(1,26,15.6858)->(1,27,16.3679)->(1,28,17.6858)->(1,29,19.9)->(2,29,22.1142)->(3,29,23.4321)->(4,29,24.1142)->(5,29,24.6821)->(6,29,25.2)->(7,29,25.7)->(8,29,26.2)->(9,29,26.7)->(10,29,27.2)->(11,29,27.7)->(12,29,28.2)->(13,29,28.7)->(14,29,29.2)->(15,29,29.7)->(16,29,30.2179)->(17,29,30.7858)->(18,29,31.4679)->(19,29,32.7858)->(20,29,5016.1)->
Agent 64:(28,24,1.8)->(27,24,3.6)->(26,24,11.9505)->(26,25,19.7505)->(26,26,21.7505)->(26,27,5010.6)->
Agent 65:(1,31,11.35)->(1,30,22.1142)->(1,29,23.4321)->(1,28,24.1142)->(1,27,24.6821)->(1,26,25.2)->(1,25,25.7)->(1,24,26.2)->(1,23,26.7)->(1,22,27.2)->(1,21,27.7)->(1,20,28.2)->(1,19,28.7)->(1,18,29.2)->(1,17,29.7)->(1,16,30.2)->(1,15,30.7)->(1,14,31.2)->(1,13,31.7)->(1,12,32.2)->(1,11,32.7)->(1,10,33.2)->(1,9,33.7)->(1,8,34.2)->(1,7,34.7)->(1,6,35.2179)->(1,5,35.7858)->(1,4,36.4679)->(1,3,37.7858)->(1,2,40)->(2,2,42.2142)->(3,2,43.5321)->(4,2,44.2142)->(5,2,44.7821)->(6,2,45.3)->(7,2,45.8)->(8,2,46.3)->(9,2,46.8)->(10,2,47.3)->(11,2,47.8)->(12,2,48.3)->(13,2,48.8)->(14,2,49.3)->(15,2,49.8)->(16,2,50.3)->(17,2,50.8179)->(18,2,51.3858)->(19,2,52.0679)->(20,2,53.3858)->(21,2,5026.4)->
Agent 66:(29,30,2.2)->(29,29,3.81421)->(29,28,5.13205)->(29,27,5.81421)->(29,26,6.38205)->(29,25,6.91795)->(29,24,7.48579)->(29,23,8.16795)->(29,22,9.48579)->(29,21,12.05)->(28,21,14.6142)->(27,21,15.9321)->(26,21,16.6142)->(25,21,17.1821)->(24,21,17.7)->(23,21,18.2)->(22,21,18.7)->(21,21,19.2)->(20,21,19.7)->(19,21,20.2)->(18,21,20.7)->(17,21,21.2)->(16,21,21.7)->(15,21,22.2)->(14,21,22.7)->(13,21,23.2)->(12,21,23.7)->(11,21,24.2)->(10,21,24.7179)->(9,21,25.2858)->(8,21,25.9679)->(7,21,27.2858)->(6,21,5013.35)->
Agent 67:(6,23,1.71421)->(6,24,4.08579)->(5,24,6.98579)->(4,24,8.30362)->(3,24,9.03567)->(2,24,9.76773)->(1,24,11.0856)->(0,24,5005.25)->
Agent 68:(25,7,1.3)->(25,8,2.01421)->(25,9,3.33205)->(25,10,4.01421)->(25,11,4.58205)->(25,12,5.1)->(25,13,5.6)->(25,14,6.1)->(25,15,6.6)->(25,16,7.1)->(25,17,7.61795)->(25,18,8.18579)->(25,19,8.86795)->(25,20,10.1858)->(25,21,12.9)->(24,21,15.6142)->(23,21,16.9321)->(22,21,17.6142)->(21,21,18.1821)->(20,21,18.7)->(19,21,19.2)->(18,21,19.7)->(17,21,20.2)->(16,21,20.7)->(15,21,21.2)->(14,21,21.7)->(13,21,22.2)->(12,21,22.7)->(11,21,23.2)->(10,21,23.7)->(9,21,24.2)->(8,21,24.7)->(7,21,25.2)->(6,21,25.7)->(5,21,26.2179)->(4,21,26.7858)->(3,21,27.4679)->(2,21,28.7858)->(1,21,31.4142)->(1,22,5015.9)->
Agent 69:(11,30,1.8)->(12,30,3.01421)->(13,30,4.42843)->(14,30,5.84264)->(15,30,8.42843)->(15,29,11.6)->(15,28,22.5642)->(15,29,33.5284)->(15,30,5016.76)->
