Agent 0:(9,17,1.8)->(10,17,3.01421)->(11,17,4.42843)->(12,17,5.84264)->(13,17,8.05685)->(13,16,10.2711)->(13,15,11.5889)->(13,14,12.2711)->(13,13,12.8569)->(13,12,13.4426)->(13,11,14.1248)->(13,10,15.4426)->(13,9,18.2964)->(14,9,21.1501)->(15,9,22.4679)->(16,9,23.1501)->(17,9,23.7179)->(18,9,24.2359)->(19,9,24.7359)->(20,9,25.2359)->(21,9,25.7359)->(22,9,26.2359)->(23,9,26.7359)->(24,9,27.2359)->(25,9,27.7538)->(26,9,28.3217)->(27,9,29.0038)->(28,9,30.3217)->(29,9,32.5359)->(29,10,35.3359)->(29,11,5017.67)->
Agent 1:(18,4,1.3)->(18,5,2.01421)->(18,6,3.33205)->(18,7,4.01421)->(18,8,4.58205)->(18,9,5.1)->(18,10,5.6)->(18,11,6.1)->(18,12,6.6)->(18,13,7.1)->(18,14,7.61795)->(18,15,8.18579)->(18,16,8.86795)->(18,17,10.1858)->(18,18,12.4)->(19,18,14.6495)->(20,18,16.6495)->(21,18,18.899)->(21,19,21.1132)->(21,20,22.431)->(21,21,23.1228)->(21,22,23.7585)->(21,23,24.4502)->(21,24,25.7681)->(21,25,5012.59)->
Agent 2:(9,20,2.7)->(10,20,4.81421)->(11,20,6.13205)->(12,20,6.81421)->(13,20,7.38205)->(14,20,7.91795)->(15,20,8.48579)->(16,20,9.16795)->(17,20,10.4858)->(18,20,13.8179)->(18,19,17.1501)->(18,18,18.4679)->(18,17,19.1501)->(18,16,19.7179)->(18,15,20.2359)->(18,14,20.7359)->(18,13,21.2359)->(18,12,21.7359)->(18,11,22.2359)->(18,10,22.7359)->(18,9,23.2359)->(18,8,23.7359)->(18,7,24.2359)->(18,6,24.7359)->(18,5,25.2538)->(18,4,25.8217)->(18,3,26.5038)->(18,2,27.8217)->(18,1,30.0359)->(19,1,32.2501)->(20,1,33.5679)->(21,1,34.2501)->(22,1,34.8359)->(23,1,35.4217)->(24,1,36.1038)->(25,1,37.4217)->(26,1,5018.42)->
Agent 3:(28,21,2.2)->(28,20,3.81421)->(28,19,5.13205)->(28,18,5.81421)->(28,17,6.38205)->(28,16,6.9)->(28,15,7.4)->(28,14,7.9)->(28,13,8.4)->(28,12,8.91795)->(28,11,9.48579)->(28,10,10.1679)->(28,9,11.4858)->(28,8,15.5123)->(27,8,19.5388)->(26,8,20.8566)->(25,8,21.5388)->(24,8,22.1066)->(23,8,22.6246)->(22,8,23.1246)->(21,8,23.6246)->(20,8,24.1246)->(19,8,24.6246)->(18,8,25.1246)->(17,8,25.6246)->(16,8,26.1246)->(15,8,26.6425)->(14,8,27.2103)->(13,8,27.8925)->(12,8,29.2103)->(11,8,31.8388)->(11,9,35.4388)->(10,9,38.0672)->(9,9,39.401)->(8,9,40.2295)->(7,9,41.5633)->(6,9,5020.49)->
Agent 4:(7,17,3.05)->(7,16,5.51421)->(7,15,6.83205)->(7,14,7.51421)->(7,13,8.08205)->(7,12,8.6)->(7,11,9.1)->(7,10,9.6)->(7,9,10.1179)->(7,8,10.6858)->(7,7,11.3679)->(7,6,12.6858)->(7,5,14.9)->(6,5,17.7)->(5,5,5008.85)->
Agent 5:(29,27,5.39625)->(29,26,10.2067)->(29,25,11.5246)->(29,24,12.2067)->(29,23,12.7746)->(29,22,13.2925)->(29,21,13.7925)->(29,20,14.2925)->(29,19,14.7925)->(29,18,15.2925)->(29,17,15.7925)->(29,16,16.2925)->(29,15,16.7925)->(29,14,17.2925)->(29,13,17.7925)->(29,12,18.2925)->(29,11,18.8105)->(29,10,19.3783)->(29,9,20.0605)->(29,8,21.3783)->(29,7,23.5925)->(30,7,26.3925)->(31,7,5013.2)->
Agent 6:(30,22,2.2)->(30,21,3.81421)->(30,20,5.14806)->(30,19,5.97649)->(30,18,7.31034)->(30,17,12.6548)->(29,17,17.9992)->(28,17,19.3171)->(27,17,19.9992)->(26,17,20.5671)->(25,17,21.085)->(24,17,21.603)->(23,17,22.1708)->(22,17,22.853)->(21,17,24.1708)->(20,17,26.7992)->(20,16,5013.59)->
Agent 7:(7,19,2.67843)->(8,19,4.77107)->(9,19,6.08891)->(10,19,6.77107)->(11,19,7.33891)->(12,19,7.85685)->(13,19,8.35685)->(14,19,8.85685)->(15,19,9.35685)->(16,19,9.85685)->(17,19,10.3569)->(18,19,10.8569)->(19,19,11.3569)->(20,19,11.8569)->(21,19,12.3569)->(22,19,12.8569)->(23,19,13.3569)->(24,19,13.8569)->(25,19,14.3569)->(26,19,14.8569)->(27,19,15.3748)->(28,19,15.9426)->(29,19,16.6248)->(30,19,17.9426)->(31,19,20.1569)->(31,20,22.4063)->(31,21,24.4063)->(31,22,5011.93)->
Agent 8:(8,12,1.50685)->(8,13,2.42792)->(8,14,3.74576)->(8,15,4.42792)->(8,16,5.01371)->(8,17,5.59949)->(8,18,6.28166)->(8,19,7.59949)->(8,20,13.7569)->(9,20,19.9142)->(10,20,21.2321)->(11,20,21.9142)->(12,20,22.4821)->(13,20,23)->(14,20,23.5179)->(15,20,24.0858)->(16,20,24.7679)->(17,20,26.0858)->(18,20,5012.75)->
Agent 9:(22,16,1.8)->(23,16,3.6)->(24,16,6.81421)->(24,17,10.4142)->(23,17,13.0426)->(22,17,14.3605)->(21,17,15.0426)->(20,17,15.6105)->(19,17,16.1284)->(18,17,16.6464)->(17,17,17.2142)->(16,17,17.8964)->(15,17,19.2142)->(14,17,21.4784)->(14,16,23.7426)->(14,15,25.1568)->(14,14,26.571)->(14,13,28.7853)->(13,13,31.0347)->(12,13,33.0347)->(11,13,5016.24)->
Agent 10:(2,9,1.3)->(2,10,2.01421)->(2,11,3.33205)->(2,12,4.01421)->(2,13,4.58205)->(2,14,5.1)->(2,15,5.61795)->(2,16,6.18579)->(2,17,6.86795)->(2,18,8.18579)->(2,19,15.1001)->(3,19,22.0144)->(4,19,23.3323)->(5,19,24.0643)->(6,19,24.7964)->(7,19,26.1142)->(8,19,5012.76)->
Agent 11:(9,22,2.99626)->(9,21,5.40674)->(9,20,6.72458)->(9,19,7.41635)->(9,18,8.05202)->(9,17,8.74379)->(9,16,10.0616)->(9,15,15.4021)->(10,15,20.7426)->(11,15,22.0605)->(12,15,22.7426)->(13,15,23.3105)->(14,15,23.8284)->(15,15,24.3284)->(16,15,24.8284)->(17,15,25.3284)->(18,15,25.8284)->(19,15,26.3284)->(20,15,26.8284)->(21,15,27.3284)->(22,15,27.8284)->(23,15,28.3284)->(24,15,28.8463)->(25,15,29.4142)->(26,15,30.0963)->(27,15,31.4142)->(28,15,5015.41)->
Agent 12:(1,7,1.8)->(2,7,3.6)->(3,7,7.18579)->(3,8,10.1858)->(3,9,11.5036)->(3,10,12.1858)->(3,11,12.7536)->(3,12,13.2716)->(3,13,13.7716)->(3,14,14.2716)->(3,15,14.7716)->(3,16,15.2716)->(3,17,15.7716)->(3,18,16.2716)->(3,19,16.7716)->(3,20,17.2895)->(3,21,17.8574)->(3,22,18.5395)->(3,23,19.8574)->(3,24,5009.64)->
Agent 13:(13,21,2.21421)->(12,21,5.5)->(12,20,8.81421)->(12,19,10.1321)->(12,18,10.8142)->(12,17,11.3821)->(12,16,11.9)->(12,15,12.4)->(12,14,12.9)->(12,13,13.4)->(12,12,13.9)->(12,11,14.4)->(12,10,14.9)->(12,9,15.4)->(12,8,15.9)->(12,7,16.4)->(12,6,16.9179)->(12,5,17.4858)->(12,4,18.1679)->(12,3,19.4858)->(12,2,22.1142)->(11,2,26.7142)->(11,3,5014.05)->
Agent 14:(7,11,2.2)->(7,10,3.81421)->(7,9,5.13205)->(7,8,5.81421)->(7,7,6.4)->(7,6,6.98579)->(7,5,7.66795)->(7,4,8.98579)->(7,3,11.2)->(8,3,14)->(9,3,19.4142)->(9,4,5011)->
Agent 15:(22,15,2.2)->(22,14,3.81421)->(22,13,5.13205)->(22,12,5.81421)->(22,11,6.4)->(22,10,6.98579)->(22,9,7.66795)->(22,8,8.98579)->(22,7,11.6142)->(23,7,23.7132)->(22,7,34.8407)->(21,7,36.2549)->(20,7,37.6691)->(19,7,5018.54)->
Agent 16:(12,20,2.2)->(12,19,4.4)->(12,18,7.24949)->(11,18,10.099)->(10,18,12.899)->(10,19,15.1485)->(10,20,17.1485)->(10,21,5008.3)->
Agent 17:(15,6,1.71421)->(15,7,8.66421)->(14,7,19.2623)->(14,8,24.6246)->(14,9,5012.31)->
Agent 18:(11,31,4.4142)->(11,30,8.24261)->(11,29,9.56045)->(11,28,10.2426)->(11,27,10.8105)->(11,26,11.3284)->(11,25,11.8284)->(11,24,12.3284)->(11,23,12.8284)->(11,22,13.3284)->(11,21,13.8284)->(11,20,14.3284)->(11,19,14.8284)->(11,18,15.3284)->(11,17,15.8284)->(11,16,16.3284)->(11,15,16.8284)->(11,14,17.3284)->(11,13,17.8284)->(11,12,18.3284)->(11,11,18.8284)->(11,10,19.3284)->(11,9,19.8284)->(11,8,20.3463)->(11,7,20.9142)->(11,6,21.5963)->(11,5,22.9142)->(11,4,25.1284)->(12,4,27.3426)->(13,4,28.6605)->(14,4,29.3426)->(15,4,29.9105)->(16,4,30.4284)->(17,4,30.9284)->(18,4,31.4463)->(19,4,32.0142)->(20,4,32.6963)->(21,4,34.0142)->(22,4,5016.71)->
Agent 19:(9,8,1.3)->(9,9,2.01421)->(9,10,3.33205)->(9,11,4.0641)->(9,12,4.79615)->(9,13,6.11399)->(9,14,10.0636)->(10,14,14.0132)->(11,14,15.331)->(12,14,16.0132)->(13,14,16.581)->(14,14,17.099)->(15,14,17.599)->(16,14,18.099)->(17,14,18.599)->(18,14,19.099)->(19,14,19.599)->(20,14,20.099)->(21,14,20.599)->(22,14,21.099)->(23,14,21.599)->(24,14,22.099)->(25,14,22.599)->(26,14,23.1169)->(27,14,23.6848)->(28,14,24.3669)->(29,14,25.6848)->(30,14,27.899)->(30,15,30.1485)->(30,16,32.1485)->(30,17,5015.8)->
Agent 20:(7,18,1.8)->(8,18,3.04949)->(9,18,5.04949)->(10,18,7.29898)->(10,17,9.51319)->(10,16,10.831)->(10,15,11.5132)->(10,14,12.081)->(10,13,12.599)->(10,12,13.099)->(10,11,13.6169)->(10,10,14.1848)->(10,9,14.8669)->(10,8,16.1848)->(10,7,21.776)->(10,8,5012.56)->
Agent 21:(26,21,1.3)->(26,22,2.6)->(26,23,8.69625)->(26,22,14.2067)->(26,21,15.5246)->(26,20,16.2067)->(26,19,16.7746)->(26,18,17.2925)->(26,17,17.7925)->(26,16,18.2925)->(26,15,18.7925)->(26,14,19.3105)->(26,13,19.8783)->(26,12,20.5605)->(26,11,21.8783)->(26,10,24.1463)->(25,10,26.4142)->(24,10,27.7321)->(23,10,28.4142)->(22,10,28.9821)->(21,10,29.5)->(20,10,30)->(19,10,30.5)->(18,10,31.0179)->(17,10,31.5858)->(16,10,32.2679)->(15,10,33.5858)->(14,10,5016.5)->
Agent 22:(5,13,1.3)->(5,14,2.01421)->(5,15,3.33205)->(5,16,4.01421)->(5,17,4.58205)->(5,18,5.1)->(5,19,5.6)->(5,20,6.1)->(5,21,6.6)->(5,22,7.1)->(5,23,7.6)->(5,24,8.1)->(5,25,8.6)->(5,26,9.11795)->(5,27,9.68579)->(5,28,10.3679)->(5,29,11.6858)->(5,30,15.0642)->(6,30,18.4426)->(7,30,19.7605)->(8,30,20.4426)->(9,30,21.0105)->(10,30,21.5284)->(11,30,22.0284)->(12,30,22.5284)->(13,30,23.0284)->(14,30,23.5284)->(15,30,24.0284)->(16,30,24.5464)->(17,30,25.1142)->(18,30,25.7964)->(19,30,27.1142)->(20,30,29.7426)->(20,31,5015.06)->
Agent 23:(25,1,1.3)->(25,2,2.01421)->(25,3,3.33205)->(25,4,4.01421)->(25,5,4.58205)->(25,6,5.11795)->(25,7,5.68579)->(25,8,6.36795)->(25,9,7.68579)->(25,10,11.1858)->(24,10,14.6858)->(23,10,16.0036)->(22,10,16.6858)->(21,10,17.2536)->(20,10,17.7716)->(19,10,18.2895)->(18,10,18.8574)->(17,10,19.5395)->(16,10,20.8574)->(15,10,23.4858)->(15,11,5011.94)->
Agent 24:(31,26,2.2)->(31,25,3.81421)->(31,24,5.13205)->(31,23,5.81421)->(31,22,6.4)->(31,21,6.98579)->(31,20,7.66795)->(31,19,8.98579)->(31,18,13.0142)->(30,18,17.0426)->(29,18,18.3605)->(28,18,19.0426)->(27,18,19.6105)->(26,18,20.1284)->(25,18,20.6284)->(24,18,21.1284)->(23,18,21.6284)->(22,18,22.1284)->(21,18,22.6284)->(20,18,23.1284)->(19,18,23.6284)->(18,18,24.1284)->(17,18,24.6284)->(16,18,25.1284)->(15,18,25.6284)->(14,18,26.1464)->(13,18,26.7142)->(12,18,27.3964)->(11,18,28.7142)->(10,18,31.3426)->(10,17,5015.86)->
Agent 25:(6,19,1.3)->(6,20,2.01421)->(6,21,3.33205)->(6,22,4.0641)->(6,23,4.79615)->(6,24,6.11399)->(6,25,8.3282)->(5,25,10.5777)->(4,25,12.5777)->(3,25,5006.01)->
Agent 26:(8,10,2.2)->(8,9,3.81421)->(8,8,5.13205)->(8,7,5.81421)->(8,6,6.38205)->(8,5,6.91795)->(8,4,7.48579)->(8,3,8.16795)->(8,2,9.48579)->(8,1,12.1142)->(9,1,19.7821)->(9,2,27.0641)->(9,3,5013.53)->
Agent 27:(0,20,1.3)->(0,21,2.01421)->(0,22,3.33205)->(0,23,4.01421)->(0,24,4.58205)->(0,25,5.1)->(0,26,5.61795)->(0,27,6.18579)->(0,28,6.86795)->(0,29,8.18579)->(0,30,12.5642)->(1,30,16.9426)->(2,30,18.2605)->(3,30,18.9426)->(4,30,19.5105)->(5,30,20.0284)->(6,30,20.5284)->(7,30,21.0464)->(8,30,21.6142)->(9,30,22.2964)->(10,30,23.6142)->(11,30,5011.51)->
Agent 28:(5,6,2.2)->(5,5,3.84949)->(5,4,5.84949)->(5,3,5002.65)->
Agent 29:(6,8,1.99818)->(6,9,3.41057)->(6,10,4.7284)->(6,11,5.46045)->(6,12,6.1925)->(6,13,7.51034)->(6,14,5003.46)->
Agent 30:(0,12,2.2)->(0,11,3.81421)->(0,10,5.13205)->(0,9,5.81421)->(0,8,6.38205)->(0,7,6.9)->(0,6,7.4)->(0,5,7.91795)->(0,4,8.48579)->(0,3,9.16795)->(0,2,10.4858)->(0,1,16.4821)->(1,1,22.4783)->(2,1,23.7962)->(3,1,24.4783)->(4,1,25.0462)->(5,1,25.5641)->(6,1,26.0641)->(7,1,26.5641)->(8,1,27.0641)->(9,1,27.5821)->(10,1,28.1499)->(11,1,28.8321)->(12,1,30.1499)->(13,1,5014.78)->
Agent 31:(19,31,2.6642)->(18,31,4.74261)->(17,31,6.06045)->(16,31,6.74261)->(15,31,7.31045)->(14,31,7.8284)->(13,31,8.3284)->(12,31,8.84635)->(11,31,9.41419)->(10,31,10.0963)->(9,31,11.4142)->(8,31,14.9284)->(8,30,18.4426)->(8,29,19.7605)->(8,28,20.4426)->(8,27,21.0105)->(8,26,21.5284)->(8,25,22.0284)->(8,24,22.5284)->(8,23,23.0284)->(8,22,23.5284)->(8,21,24.0284)->(8,20,24.5284)->(8,19,25.0284)->(8,18,25.5284)->(8,17,26.0284)->(8,16,26.5284)->(8,15,27.0284)->(8,14,27.5284)->(8,13,28.0464)->(8,12,28.6142)->(8,11,29.2964)->(8,10,30.6142)->(8,9,33.2426)->(7,9,36.8426)->(7,8,40.0569)->(7,7,5020.03)->
Agent 32:(29,31,1.8)->(28,31,3.01421)->(27,31,4.33205)->(26,31,5.01421)->(25,31,5.58205)->(24,31,6.1)->(23,31,6.6)->(22,31,7.11795)->(21,31,7.68579)->(20,31,8.36795)->(19,31,9.68579)->(18,31,14.3)->(18,30,18.9142)->(18,29,20.2321)->(18,28,20.9142)->(18,27,21.4821)->(18,26,22)->(18,25,22.5)->(18,24,23)->(18,23,23.5)->(18,22,24)->(18,21,24.5)->(18,20,25)->(18,19,25.5)->(18,18,26)->(18,17,26.5)->(18,16,27)->(18,15,27.5)->(18,14,28)->(18,13,28.5)->(18,12,29)->(18,11,29.5)->(18,10,30)->(18,9,30.5)->(18,8,31)->(18,7,31.5)->(18,6,32.0179)->(18,5,32.5858)->(18,4,33.2679)->(18,3,34.5858)->(18,2,5017)->
Agent 33:(10,1,1.8)->(11,1,3.01421)->(12,1,4.33205)->(13,1,5.01421)->(14,1,5.58205)->(15,1,6.1)->(16,1,6.6)->(17,1,7.1)->(18,1,7.6)->(19,1,8.1)->(20,1,8.6)->(21,1,9.1)->(22,1,9.6)->(23,1,10.1)->(24,1,10.6)->(25,1,11.1179)->(26,1,11.6858)->(27,1,12.3679)->(28,1,13.6858)->(29,1,18.4963)->(29,2,23.3067)->(29,3,24.6246)->(29,4,25.3067)->(29,5,25.8746)->(29,6,26.3925)->(29,7,26.8925)->(29,8,27.3925)->(29,9,27.8925)->(29,10,28.3925)->(29,11,28.9105)->(29,12,29.4783)->(29,13,30.1605)->(29,14,31.4783)->(29,15,5015.45)->
Agent 34:(22,27,3.55)->(22,26,6.51421)->(22,25,7.83205)->(22,24,8.51421)->(22,23,9.08205)->(22,22,9.6)->(22,21,10.1)->(22,20,10.6)->(22,19,11.1)->(22,18,11.6)->(22,17,12.1)->(22,16,12.6)->(22,15,13.1)->(22,14,13.6)->(22,13,14.1)->(22,12,14.6)->(22,11,15.1)->(22,10,15.6)->(22,9,16.1)->(22,8,16.6)->(22,7,17.1)->(22,6,17.6)->(22,5,18.1)->(22,4,18.6179)->(22,3,19.1858)->(22,2,19.8679)->(22,1,21.1858)->(22,0,23.4)->(23,0,25.6142)->(24,0,26.9321)->(25,0,27.6142)->(26,0,28.1821)->(27,0,28.7179)->(28,0,29.2858)->(29,0,29.9679)->(30,0,31.2858)->(31,0,5015.35)->
Agent 35:(25,5,1.3)->(25,6,2.01421)->(25,7,3.33205)->(25,8,4.01421)->(25,9,4.58205)->(25,10,5.1)->(25,11,5.6)->(25,12,6.1)->(25,13,6.6)->(25,14,7.11795)->(25,15,7.68579)->(25,16,8.36795)->(25,17,9.68579)->(25,18,11.9)->(24,18,14.7)->(23,18,17.9142)->(23,19,5009.15)->
Agent 36:(22,13,1.8)->(23,13,3.6)->(24,13,6.4)->(24,12,8.61421)->(24,11,9.94806)->(24,10,10.7765)->(24,9,12.1103)->(24,8,14.3246)->(23,8,16.5388)->(22,8,17.8566)->(21,8,18.5388)->(20,8,19.1066)->(19,8,19.6246)->(18,8,20.1246)->(17,8,20.6246)->(16,8,21.1246)->(15,8,21.6246)->(14,8,22.1246)->(13,8,22.6246)->(12,8,23.1425)->(11,8,23.7103)->(10,8,24.3925)->(9,8,25.7103)->(8,8,5012.56)->
Agent 37:(12,25,2.46421)->(13,25,4.34264)->(14,25,5.66048)->(15,25,6.34264)->(16,25,6.91048)->(17,25,7.42843)->(18,25,7.94638)->(19,25,8.51421)->(20,25,9.19638)->(21,25,10.5142)->(22,25,12.7284)->(22,24,14.9779)->(22,23,16.9779)->(22,22,5008.21)->
Agent 38:(21,8,2.4142)->(20,8,4.24261)->(19,8,5.56045)->(18,8,6.24261)->(17,8,6.81045)->(16,8,7.3284)->(15,8,7.8284)->(14,8,8.3284)->(13,8,8.8284)->(12,8,9.34635)->(11,8,9.91419)->(10,8,10.5963)->(9,8,11.9142)->(8,8,14.1284)->(8,9,16.9284)->(8,10,19.7284)->(7,10,22.5284)->(6,10,26.5142)->(6,11,5013.84)->
Agent 39:(7,30,3.25)->(7,29,5.91421)->(7,28,7.23205)->(7,27,7.91421)->(7,26,8.48205)->(7,25,9)->(7,24,9.5)->(7,23,10)->(7,22,10.5)->(7,21,11)->(7,20,11.5)->(7,19,12)->(7,18,12.5)->(7,17,13)->(7,16,13.5)->(7,15,14)->(7,14,14.5)->(7,13,15)->(7,12,15.5)->(7,11,16)->(7,10,16.5)->(7,9,17)->(7,8,17.5)->(7,7,18.0179)->(7,6,18.5858)->(7,5,19.2679)->(7,4,20.5858)->(7,3,22.8)->(8,3,25.0142)->(9,3,26.3321)->(10,3,27.0142)->(11,3,27.5821)->(12,3,28.1)->(13,3,28.6)->(14,3,29.1)->(15,3,29.6)->(16,3,30.1)->(17,3,30.6)->(18,3,31.1)->(19,3,31.6)->(20,3,32.1)->(21,3,32.6)->(22,3,33.1)->(23,3,33.6)->(24,3,34.1179)->(25,3,34.6858)->(26,3,35.3679)->(27,3,36.6858)->(28,3,5018.05)->
Agent 40:(17,10,1.8)->(16,10,3.01421)->(15,10,4.33205)->(14,10,5.01421)->(13,10,5.58205)->(12,10,6.1)->(11,10,6.6)->(10,10,7.1)->(9,10,7.6)->(8,10,8.1)->(7,10,8.6)->(6,10,9.1)->(5,10,9.61795)->(4,10,10.1858)->(3,10,10.8679)->(2,10,12.1858)->(1,10,14.4)->(1,11,16.6142)->(1,12,17.9321)->(1,13,18.6142)->(1,14,19.1821)->(1,15,19.7)->(1,16,20.2)->(1,17,20.7)->(1,18,21.2)->(1,19,21.7)->(1,20,22.2)->(1,21,22.7179)->(1,22,23.2858)->(1,23,23.9679)->(1,24,25.2858)->(1,25,5012.35)->
Agent 41:(18,12,1.3)->(18,13,2.01421)->(18,14,3.33205)->(18,15,4.01421)->(18,16,4.58205)->(18,17,5.1)->(18,18,5.6)->(18,19,6.1)->(18,20,6.6)->(18,21,7.1)->(18,22,7.6)->(18,23,8.11795)->(18,24,8.68579)->(18,25,9.36795)->(18,26,10.6858)->(18,27,13.5642)->(17,27,16.4426)->(16,27,17.7605)->(15,27,18.4426)->(14,27,19.0105)->(13,27,19.5284)->(12,27,20.0284)->(11,27,20.5284)->(10,27,21.0284)->(9,27,21.5284)->(8,27,22.0284)->(7,27,22.5284)->(6,27,23.0464)->(5,27,23.6142)->(4,27,24.2964)->(3,27,25.6142)->(2,27,28.2426)->(2,28,5014.31)->
Agent 42:(10,31,2.2)->(10,30,3.81421)->(10,29,5.13205)->(10,28,5.8641)->(10,27,6.59615)->(10,26,7.91399)->(10,25,10.8283)->(11,25,13.7426)->(12,25,15.0605)->(13,25,15.7426)->(14,25,16.3105)->(15,25,16.8284)->(16,25,17.3284)->(17,25,17.8284)->(18,25,18.3284)->(19,25,18.8284)->(20,25,19.3284)->(21,25,19.8284)->(22,25,20.3284)->(23,25,20.8284)->(24,25,21.3284)->(25,25,21.8284)->(26,25,22.3463)->(27,25,22.9142)->(28,25,23.5963)->(29,25,24.9142)->(30,25,27.5426)->(30,26,5013.96)->
Agent 43:(25,25,2.2)->(25,24,4.4)->(25,23,7.22843)->(24,23,9.47107)->(23,23,10.7889)->(22,23,11.4711)->(21,23,12.0389)->(20,23,12.5569)->(19,23,13.0569)->(18,23,13.5569)->(17,23,14.0569)->(16,23,14.5569)->(15,23,15.0569)->(14,23,15.5569)->(13,23,16.0569)->(12,23,16.5569)->(11,23,17.0748)->(10,23,17.6426)->(9,23,18.3248)->(8,23,19.6426)->(7,23,5009.53)->
Agent 44:(4,6,1.3)->(4,7,2.04949)->(4,8,4.04949)->(4,9,6.29898)->(3,9,8.54847)->(2,9,10.5485)->(1,9,5005)->
Agent 45:(21,6,2.42843)->(21,7,4.27107)->(21,8,5.58891)->(21,9,6.27107)->(21,10,6.83891)->(21,11,7.35685)->(21,12,7.85685)->(21,13,8.35685)->(21,14,8.85685)->(21,15,9.35685)->(21,16,9.85685)->(21,17,10.3569)->(21,18,10.8569)->(21,19,11.3569)->(21,20,11.8569)->(21,21,12.3569)->(21,22,12.8569)->(21,23,13.3569)->(21,24,13.8569)->(21,25,14.3748)->(21,26,14.9426)->(21,27,15.6248)->(21,28,16.9426)->(21,29,19.1569)->(20,29,21.3711)->(19,29,22.6889)->(18,29,23.3711)->(17,29,23.9569)->(16,29,24.5426)->(15,29,25.2248)->(14,29,26.5426)->(13,29,5012.98)->
Agent 46:(21,15,1.71421)->(21,16,2.84264)->(21,17,4.16048)->(21,18,4.84264)->(21,19,5.41048)->(21,20,5.92843)->(21,21,6.42843)->(21,22,6.92843)->(21,23,7.42843)->(21,24,7.94638)->(21,25,8.51421)->(21,26,9.19638)->(21,27,10.5142)->(21,28,12.7284)->(20,28,14.9426)->(19,28,16.2605)->(18,28,16.9426)->(17,28,17.5105)->(16,28,18.0284)->(15,28,18.5284)->(14,28,19.0284)->(13,28,19.5284)->(12,28,20.0284)->(11,28,20.5284)->(10,28,21.0284)->(9,28,21.5284)->(8,28,22.0284)->(7,28,22.5284)->(6,28,23.0284)->(5,28,23.5464)->(4,28,24.1142)->(3,28,24.7964)->(2,28,26.1142)->(1,28,5012.76)->
Agent 47:(17,20,2.2)->(17,19,3.81421)->(17,18,5.14806)->(17,17,5.97649)->(17,16,7.31034)->(17,15,9.52456)->(18,15,11.7388)->(19,15,13.0566)->(20,15,13.7388)->(21,15,14.3066)->(22,15,14.8246)->(23,15,15.3246)->(24,15,15.8246)->(25,15,16.3246)->(26,15,16.8246)->(27,15,17.3425)->(28,15,17.9103)->(29,15,18.5925)->(30,15,19.9103)->(31,15,25.3907)->(31,16,5014.31)->
Agent 48:(20,8,1.3)->(20,9,2.01421)->(20,10,3.34806)->(20,11,4.17649)->(20,12,5.51034)->(20,13,8.13877)->(19,13,12.5907)->(20,13,5006.91)->
Agent 49:(19,0,5.32841)->(19,1,10.071)->(19,2,11.3889)->(19,3,12.071)->(19,4,12.6389)->(19,5,13.1568)->(19,6,13.6568)->(19,7,14.1568)->(19,8,14.6568)->(19,9,15.1568)->(19,10,15.6568)->(19,11,16.1568)->(19,12,16.6568)->(19,13,17.1568)->(19,14,17.6568)->(19,15,18.1568)->(19,16,18.6748)->(19,17,19.2426)->(19,18,19.9248)->(19,19,21.2426)->(19,20,23.4568)->(20,20,25.671)->(21,20,26.9889)->(22,20,27.671)->(23,20,28.2568)->(24,20,28.8426)->(25,20,29.5248)->(26,20,30.8426)->(27,20,5015.13)->
Agent 50:(29,23,3.2)->(29,22,5.81421)->(29,21,7.13205)->(29,20,7.8641)->(29,19,8.59615)->(29,18,9.91399)->(29,17,12.3104)->(28,17,14.7067)->(27,17,16.0246)->(26,17,16.7067)->(25,17,17.2746)->(24,17,17.7925)->(23,17,18.2925)->(22,17,18.7925)->(21,17,19.3105)->(20,17,19.8783)->(19,17,20.5605)->(18,17,21.8783)->(17,17,5010.65)->
Agent 51:(15,28,2.2)->(15,27,4.4)->(15,26,11.4726)->(14,26,17.9593)->(13,26,19.2772)->(12,26,19.9689)->(11,26,20.6046)->(10,26,21.2964)->(9,26,22.6142)->(8,26,5011.01)->
Agent 52:(21,27,4.55)->(22,27,8.51421)->(23,27,9.92843)->(24,27,11.3426)->(25,27,5005.38)->
Agent 53:(26,16,2.2)->(26,15,3.81421)->(26,14,5.13205)->(26,13,5.81421)->(26,12,6.38205)->(26,11,6.9)->(26,10,7.4)->(26,9,7.9)->(26,8,8.4)->(26,7,8.9)->(26,6,9.41795)->(26,5,9.98579)->(26,4,10.6679)->(26,3,11.9858)->(26,2,14.2)->(25,2,16.4495)->(24,2,18.4495)->(23,2,22.4637)->(23,1,27.0284)->(23,0,32.9322)->(23,1,5018)->
Agent 54:(27,29,2.61421)->(27,28,6.59625)->(28,28,10.2067)->(29,28,11.6209)->(30,28,13.0351)->(31,28,5006.22)->
Agent 55:(19,27,2.2)->(19,26,3.81421)->(19,25,5.13205)->(19,24,5.81421)->(19,23,6.38205)->(19,22,6.9)->(19,21,7.41795)->(19,20,7.98579)->(19,19,8.66795)->(19,18,9.98579)->(19,17,12.2)->(18,17,14.4142)->(17,17,15.7321)->(16,17,16.4238)->(15,17,17.0595)->(14,17,17.7513)->(13,17,19.0691)->(12,17,24.7201)->(12,18,5014.06)->
Agent 56:(22,18,2.2)->(22,17,3.81421)->(22,16,5.13205)->(22,15,5.81421)->(22,14,6.38205)->(22,13,6.91795)->(22,12,7.48579)->(22,11,8.16795)->(22,10,9.48579)->(22,9,11.7)->(23,9,13.9142)->(24,9,15.2321)->(25,9,15.9641)->(26,9,16.6962)->(27,9,18.014)->(28,9,20.6424)->(28,10,5010.51)->
Agent 57:(14,25,2.2)->(14,24,3.81421)->(14,23,5.13205)->(14,22,5.81421)->(14,21,6.38205)->(14,20,6.9)->(14,19,7.4)->(14,18,7.9)->(14,17,8.4)->(14,16,8.9)->(14,15,9.4)->(14,14,9.9)->(14,13,10.4)->(14,12,10.9)->(14,11,11.4)->(14,10,11.9)->(14,9,12.4)->(14,8,12.9)->(14,7,13.4)->(14,6,13.9179)->(14,5,14.4858)->(14,4,15.1679)->(14,3,16.4858)->(14,2,18.7)->(15,2,20.9142)->(16,2,22.2321)->(17,2,22.9142)->(18,2,23.5)->(19,2,24.0858)->(20,2,24.7679)->(21,2,26.0858)->(22,2,5012.75)->
Agent 58:(18,0,1.6642)->(18,1,2.74261)->(18,2,4.06045)->(18,3,4.74261)->(18,4,5.31045)->(18,5,5.8284)->(18,6,6.3284)->(18,7,6.8284)->(18,8,7.34635)->(18,9,7.91419)->(18,10,8.59635)->(18,11,9.91419)->(18,12,12.5426)->(17,12,5006.46)->
Agent 59:(18,17,1.3)->(18,18,2.01421)->(18,19,3.33205)->(18,20,4.01421)->(18,21,4.58205)->(18,22,5.1)->(18,23,5.6)->(18,24,6.1)->(18,25,6.6)->(18,26,7.11795)->(18,27,7.68579)->(18,28,8.36795)->(18,29,9.68579)->(18,30,11.9)->(19,30,14.1142)->(20,30,15.4321)->(21,30,16.1142)->(22,30,16.6821)->(23,30,17.2)->(24,30,17.7)->(25,30,18.2)->(26,30,18.7)->(27,30,19.2179)->(28,30,19.7858)->(29,30,20.4679)->(30,30,21.7858)->(31,30,5010.6)->
Agent 60:(27,21,2.4142)->(26,21,4.24261)->(25,21,5.56045)->(24,21,6.24261)->(23,21,6.81045)->(22,21,7.3284)->(21,21,7.8284)->(20,21,8.3284)->(19,21,8.8284)->(18,21,9.3284)->(17,21,9.8284)->(16,21,10.3284)->(15,21,10.8284)->(14,21,11.3284)->(13,21,11.8284)->(12,21,12.3284)->(11,21,12.8284)->(10,21,13.3284)->(9,21,13.8284)->(8,21,14.3463)->(7,21,14.9142)->(6,21,15.5963)->(5,21,16.9142)->(4,21,19.1284)->(4,22,21.9284)->(4,23,5010.96)->
Agent 61:(16,3,1.3)->(16,4,2.01421)->(16,5,3.33205)->(16,6,4.01421)->(16,7,4.58205)->(16,8,5.1)->(16,9,5.6)->(16,10,6.1)->(16,11,6.6)->(16,12,7.11795)->(16,13,7.68579)->(16,14,8.36795)->(16,15,9.68579)->(16,16,11.9)->(17,16,14.1142)->(18,16,15.4321)->(19,16,16.1142)->(20,16,16.6821)->(21,16,17.2)->(22,16,17.7)->(23,16,18.2)->(24,16,18.7)->(25,16,19.2)->(26,16,19.7)->(27,16,20.2179)->(28,16,20.7858)->(29,16,21.4679)->(30,16,22.7858)->(31,16,25.4142)->(31,17,5012.9)->
Agent 62:(24,26,2.2)->(24,25,3.81421)->(24,24,5.22843)->(24,23,6.64264)->(24,22,9.29264)->(23,22,11.9426)->(22,22,13.2605)->(21,22,13.9426)->(20,22,14.5105)->(19,22,15.0284)->(18,22,15.5284)->(17,22,16.0284)->(16,22,16.5284)->(15,22,17.0284)->(14,22,17.5284)->(13,22,18.0284)->(12,22,18.5284)->(11,22,19.0464)->(10,22,19.6142)->(9,22,20.2964)->(8,22,21.6142)->(7,22,5010.51)->
Agent 63:(29,22,2.2)->(29,21,3.81421)->(29,20,5.13205)->(29,19,5.81421)->(29,18,6.38205)->(29,17,6.9)->(29,16,7.4)->(29,15,7.91795)->(29,14,8.48579)->(29,13,9.16795)->(29,12,10.4858)->(29,11,12.7)->(28,11,14.9142)->(27,11,16.2321)->(26,11,16.9142)->(25,11,17.4821)->(24,11,18)->(23,11,18.5)->(22,11,19)->(21,11,19.5)->(20,11,20)->(19,11,20.5)->(18,11,21)->(17,11,21.5)->(16,11,22)->(15,11,22.5)->(14,11,23)->(13,11,23.5)->(12,11,24)->(11,11,24.5)->(10,11,25)->(9,11,25.5)->(8,11,26)->(7,11,26.5179)->(6,11,27.0858)->(5,11,27.7679)->(4,11,29.0858)->(3,11,5014.25)->
Agent 64:(20,27,3.1642)->(20,26,5.74261)->(20,25,7.06045)->(20,24,7.74261)->(20,23,8.31045)->(20,22,8.8284)->(20,21,9.3284)->(20,20,9.8284)->(20,19,10.3284)->(20,18,10.8284)->(20,17,11.3284)->(20,16,11.8284)->(20,15,12.3284)->(20,14,12.8284)->(20,13,13.3284)->(20,12,13.8284)->(20,11,14.3284)->(20,10,14.8284)->(20,9,15.3463)->(20,8,15.9142)->(20,7,16.5963)->(20,6,17.9142)->(20,5,20.1284)->(19,5,22.3426)->(18,5,23.6605)->(17,5,24.3426)->(16,5,24.9105)->(15,5,25.4284)->(14,5,25.9463)->(13,5,26.5142)->(12,5,27.1963)->(11,5,28.5142)->(10,5,5013.96)->
Agent 65:(6,10,1.3)->(6,11,2.01421)->(6,12,3.34806)->(6,13,4.17649)->(6,14,5.51034)->(6,15,13.7123)->(7,15,21.9142)->(8,15,23.2321)->(9,15,23.9142)->(10,15,24.4821)->(11,15,25)->(12,15,25.5)->(13,15,26)->(14,15,26.5)->(15,15,27)->(16,15,27.5)->(17,15,28)->(18,15,28.5)->(19,15,29.0179)->(20,15,29.5858)->(21,15,30.2679)->(22,15,31.5858)->(23,15,5015.5)->
Agent 66:(14,20,1.8)->(15,20,3.01421)->(16,20,4.33205)->(17,20,5.01421)->(18,20,5.58205)->(19,20,6.11795)->(20,20,6.68579)->(21,20,7.36795)->(22,20,8.68579)->(23,20,10.9)->(23,21,13.1142)->(23,22,14.4321)->(23,23,15.1142)->(23,24,15.6821)->(23,25,16.2179)->(23,26,16.7858)->(23,27,17.4679)->(23,28,18.7858)->(23,29,5009.1)->
Agent 67:(3,23,1.3)->(3,24,2.01421)->(3,25,3.33205)->(3,26,4.01421)->(3,27,4.6)->(3,28,5.18579)->(3,29,5.86795)->(3,30,7.18579)->(3,31,11.8142)->(4,31,16.4426)->(5,31,17.7605)->(6,31,18.4426)->(7,31,19.0105)->(8,31,19.5284)->(9,31,20.0284)->(10,31,20.5284)->(11,31,21.0284)->(12,31,21.5284)->(13,31,22.0284)->(14,31,22.5284)->(15,31,23.0284)->(16,31,23.5284)->(17,31,24.0284)->(18,31,24.5284)->(19,31,25.0284)->(20,31,25.5284)->(21,31,26.0284)->(22,31,26.5284)->(23,31,27.0284)->(24,31,27.5464)->(25,31,28.1142)->(26,31,28.7964)->(27,31,30.1142)->(28,31,5014.76)->
Agent 68:(11,20,2.49999)->(11,19,4.41419)->(11,18,5.73202)->(11,17,6.41419)->(11,16,6.98202)->(11,15,7.49997)->(11,14,7.99997)->(11,13,8.49997)->(11,12,8.99997)->(11,11,9.49997)->(11,10,9.99997)->(11,9,10.5)->(11,8,11.0179)->(11,7,11.5858)->(11,6,12.2679)->(11,5,13.5858)->(11,4,16.7679)->(10,4,19.9501)->(9,4,21.2679)->(8,4,21.9501)->(7,4,22.5179)->(6,4,23.0359)->(5,4,23.5359)->(4,4,24.0538)->(3,4,24.6217)->(2,4,25.3038)->(1,4,26.6217)->(0,4,5013.02)->
Agent 69:(1,27,2.2)->(1,26,3.81421)->(1,25,5.13205)->(1,24,5.81421)->(1,23,6.38205)->(1,22,6.9)->(1,21,7.4)->(1,20,7.9)->(1,19,8.4)->(1,18,8.9)->(1,17,9.41795)->(1,16,9.98579)->(1,15,10.6679)->(1,14,11.9858)->(1,13,14.2)->(2,13,16.4142)->(3,13,17.7321)->(4,13,18.4142)->(5,13,18.9821)->(6,13,19.5)->(7,13,20)->(8,13,20.5)->(9,13,21)->(10,13,21.5)->(11,13,22)->(12,13,22.5)->(13,13,23)->(14,13,23.5)->(15,13,24.0179)->(16,13,24.5858)->(17,13,25.2679)->(18,13,26.5858)->(19,13,28.8)->(19,12,31.0142)->(19,11,32.3321)->(19,10,33.0238)->(19,9,33.6595)->(19,8,34.3513)->(19,7,35.6691)->(19,6,38.2975)->(20,6,5019.34)->
