Agent 0:(24,12,2.21421)->(23,12,7.46421)->(23,13,12.7426)->(23,14,14.0605)->(23,15,14.7426)->(23,16,15.3105)->(23,17,15.8464)->(23,18,16.4142)->(23,19,17.0964)->(23,20,18.4142)->(23,21,5008.91)->
Agent 1:(26,23,2.21421)->(25,23,4.81421)->(25,24,7.44264)->(25,25,8.76048)->(25,26,9.45225)->(25,27,10.0879)->(25,28,10.7797)->(25,29,12.0975)->(25,30,14.3117)->(24,30,16.526)->(23,30,17.8598)->(22,30,18.6882)->(21,30,20.0221)->(20,30,5009.72)->
Agent 2:(8,15,1.3)->(8,16,2.01421)->(8,17,3.33205)->(8,18,4.01421)->(8,19,4.58205)->(8,20,5.1)->(8,21,5.6)->(8,22,6.1)->(8,23,6.6)->(8,24,7.1)->(8,25,7.61795)->(8,26,8.18579)->(8,27,8.86795)->(8,28,10.1858)->(8,29,12.4)->(9,29,14.6142)->(10,29,15.9321)->(11,29,16.6142)->(12,29,17.1821)->(13,29,17.7)->(14,29,18.2)->(15,29,18.7)->(16,29,19.2)->(17,29,19.7)->(18,29,20.2179)->(19,29,20.7858)->(20,29,21.4679)->(21,29,22.7858)->(22,29,25.4142)->(22,30,5012.9)->
Agent 3:(10,25,1.3)->(10,26,2.01421)->(10,27,3.33205)->(10,28,4.0641)->(10,29,4.79615)->(10,30,6.11399)->(10,31,8.74242)->(9,31,5004.56)->
Agent 4:(1,20,1.3)->(1,21,2.01421)->(1,22,3.33205)->(1,23,4.01421)->(1,24,4.58205)->(1,25,5.1)->(1,26,5.61795)->(1,27,6.18579)->(1,28,6.86795)->(1,29,8.18579)->(1,30,10.4)->(2,30,12.6142)->(3,30,13.9321)->(4,30,14.6142)->(5,30,15.1821)->(6,30,15.7)->(7,30,16.2)->(8,30,16.7)->(9,30,17.2)->(10,30,17.7)->(11,30,18.2)->(12,30,18.7)->(13,30,19.2)->(14,30,19.7)->(15,30,20.2179)->(16,30,20.7858)->(17,30,21.4679)->(18,30,22.7858)->(19,30,25.4142)->(19,29,29.0142)->(20,29,32.2284)->(21,29,35.4426)->(21,30,5017.91)->
Agent 5:(27,11,1.3)->(27,12,2.01421)->(27,13,3.33205)->(27,14,4.01421)->(27,15,4.58205)->(27,16,5.1)->(27,17,5.61795)->(27,18,6.18579)->(27,19,6.86795)->(27,20,8.18579)->(27,21,11.4642)->(26,21,14.7426)->(25,21,16.0605)->(24,21,16.7426)->(23,21,17.3105)->(22,21,17.8284)->(21,21,18.3284)->(20,21,18.8284)->(19,21,19.3284)->(18,21,19.8284)->(17,21,20.3284)->(16,21,20.8284)->(15,21,21.3284)->(14,21,21.8284)->(13,21,22.3284)->(12,21,22.8284)->(11,21,23.3284)->(10,21,23.8284)->(9,21,24.3284)->(8,21,24.8284)->(7,21,25.3284)->(6,21,25.8284)->(5,21,26.3464)->(4,21,26.9142)->(3,21,27.5964)->(2,21,28.9142)->(1,21,5014.16)->
Agent 6:(3,1,1.71421)->(3,2,4.11421)->(4,2,7.04264)->(5,2,8.36048)->(6,2,9.04264)->(7,2,9.61048)->(8,2,10.1284)->(9,2,10.6284)->(10,2,11.1284)->(11,2,11.6284)->(12,2,12.1284)->(13,2,12.6284)->(14,2,13.1284)->(15,2,13.6284)->(16,2,14.1284)->(17,2,14.6284)->(18,2,15.1284)->(19,2,15.6284)->(20,2,16.1284)->(21,2,16.6284)->(22,2,17.1464)->(23,2,17.7142)->(24,2,18.3964)->(25,2,19.7142)->(26,2,21.9284)->(26,3,24.1426)->(26,4,25.4605)->(26,5,26.1426)->(26,6,26.7105)->(26,7,27.2284)->(26,8,27.7284)->(26,9,28.2284)->(26,10,28.7284)->(26,11,29.2284)->(26,12,29.7284)->(26,13,30.2284)->(26,14,30.7284)->(26,15,31.2284)->(26,16,31.7284)->(26,17,32.2464)->(26,18,32.8142)->(26,19,33.4964)->(26,20,34.8142)->(26,21,5017.11)->
Agent 7:(21,7,2.3359)->(21,6,4.08601)->(21,5,5.40385)->(21,4,6.1359)->(21,3,6.86795)->(21,2,8.18579)->(21,1,10.4)->(20,1,13.2)->(19,1,16.4142)->(19,0,5008.4)->
Agent 8:(28,31,2.2)->(28,30,3.81421)->(28,29,5.13205)->(28,28,5.81421)->(28,27,6.38205)->(28,26,6.9)->(28,25,7.4)->(28,24,7.9)->(28,23,8.4)->(28,22,8.9)->(28,21,9.4)->(28,20,9.9)->(28,19,10.4)->(28,18,10.9)->(28,17,11.4)->(28,16,11.9)->(28,15,12.4)->(28,14,12.9)->(28,13,13.4)->(28,12,13.9)->(28,11,14.4)->(28,10,14.9)->(28,9,15.4)->(28,8,15.9)->(28,7,16.4)->(28,6,16.9)->(28,5,17.4)->(28,4,17.9179)->(28,3,18.4858)->(28,2,19.1679)->(28,1,20.4858)->(28,0,22.7)->(27,0,24.9142)->(26,0,26.2321)->(25,0,26.9238)->(24,0,27.5595)->(23,0,28.2513)->(22,0,29.5691)->(21,0,5014.49)->
Agent 9:(12,4,1.8)->(13,4,3.04949)->(14,4,5.04949)->(15,4,11.2495)->(15,5,17.4142)->(15,6,18.7321)->(15,7,19.4142)->(15,8,19.9821)->(15,9,20.5)->(15,10,21)->(15,11,21.5)->(15,12,22)->(15,13,22.5)->(15,14,23)->(15,15,23.5)->(15,16,24)->(15,17,24.5)->(15,18,25)->(15,19,25.5)->(15,20,26.0179)->(15,21,26.5858)->(15,22,27.2679)->(15,23,28.5858)->(15,24,5014)->
Agent 10:(17,23,1.3)->(17,24,2.6)->(17,25,5.54263)->(18,25,7.89947)->(19,25,9.21731)->(20,25,9.89947)->(21,25,10.4673)->(22,25,10.9853)->(23,25,11.4853)->(24,25,11.9853)->(25,25,12.5032)->(26,25,13.071)->(27,25,13.7532)->(28,25,15.071)->(29,25,18.9926)->(29,24,22.9142)->(29,23,24.2321)->(29,22,24.9142)->(29,21,25.4821)->(29,20,26)->(29,19,26.5)->(29,18,27)->(29,17,27.5)->(29,16,28)->(29,15,28.5)->(29,14,29)->(29,13,29.5)->(29,12,30)->(29,11,30.5)->(29,10,31)->(29,9,31.5179)->(29,8,32.0858)->(29,7,32.7679)->(29,6,34.0858)->(29,5,5016.75)->
Agent 11:(8,22,2.49263)->(9,22,4.39947)->(10,22,5.71731)->(11,22,6.39947)->(12,22,6.96731)->(13,22,7.48525)->(14,22,7.98525)->(15,22,8.5032)->(16,22,9.07104)->(17,22,9.7532)->(18,22,11.071)->(19,22,14.2426)->(19,21,17.4142)->(19,20,18.7321)->(19,19,19.4142)->(19,18,19.9821)->(19,17,20.5)->(19,16,21)->(19,15,21.5)->(19,14,22)->(19,13,22.5)->(19,12,23)->(19,11,23.5)->(19,10,24)->(19,9,24.5)->(19,8,25)->(19,7,25.5179)->(19,6,26.0858)->(19,5,26.7679)->(19,4,28.0858)->(19,3,30.3)->(20,3,32.5142)->(21,3,33.8321)->(22,3,34.5641)->(23,3,35.2962)->(24,3,36.614)->(25,3,39.2424)->(25,2,5019.81)->
Agent 12:(25,16,1.3)->(25,17,2.01421)->(25,18,3.42843)->(25,19,4.84264)->(25,20,7.19264)->(26,20,9.54264)->(27,20,10.8605)->(28,20,11.5925)->(29,20,12.3246)->(30,20,13.6424)->(31,20,19.7783)->(30,20,26.5)->(29,20,5013.25)->
Agent 13:(15,16,1.71421)->(15,17,3.81421)->(14,17,6.44264)->(13,17,7.76048)->(12,17,8.49253)->(11,17,9.22458)->(10,17,10.5424)->(9,17,5004.98)->
Agent 14:(29,30,2.2)->(29,29,3.81421)->(29,28,5.13205)->(29,27,5.81421)->(29,26,6.38205)->(29,25,6.9)->(29,24,7.4)->(29,23,7.9)->(29,22,8.4)->(29,21,8.9)->(29,20,9.4)->(29,19,9.9)->(29,18,10.4)->(29,17,10.9)->(29,16,11.4)->(29,15,11.9)->(29,14,12.4)->(29,13,12.9)->(29,12,13.4)->(29,11,13.9)->(29,10,14.4)->(29,9,14.9)->(29,8,15.4)->(29,7,15.9)->(29,6,16.4)->(29,5,16.9)->(29,4,17.4179)->(29,3,17.9858)->(29,2,18.6679)->(29,1,19.9858)->(29,0,23.45)->(28,0,26.9142)->(27,0,28.3284)->(26,0,29.7426)->(25,0,5014.58)->
Agent 15:(30,13,2.2)->(30,12,3.81421)->(30,11,5.13205)->(30,10,5.81421)->(30,9,6.38205)->(30,8,6.9)->(30,7,7.4)->(30,6,7.91795)->(30,5,8.48579)->(30,4,9.16795)->(30,3,10.4858)->(30,2,16.0642)->(29,2,5009.7)->
Agent 16:(30,14,1.3)->(30,15,2.01421)->(30,16,3.33205)->(30,17,4.01421)->(30,18,4.58205)->(30,19,5.11795)->(30,20,5.68579)->(30,21,6.36795)->(30,22,7.68579)->(30,23,11.05)->(29,23,14.4142)->(28,23,15.7321)->(27,23,16.4142)->(26,23,16.9821)->(25,23,17.5)->(24,23,18)->(23,23,18.5)->(22,23,19)->(21,23,19.5)->(20,23,20)->(19,23,20.5)->(18,23,21)->(17,23,21.5179)->(16,23,22.0858)->(15,23,22.7679)->(14,23,24.0858)->(13,23,26.7142)->(13,24,5013.55)->
Agent 17:(20,14,2.2)->(20,13,4.4)->(20,12,7.2)->(21,12,10)->(22,12,5005)->
Agent 18:(21,29,7.75)->(21,28,14.9142)->(21,27,16.2321)->(21,26,16.9142)->(21,25,17.4821)->(21,24,18)->(21,23,18.5)->(21,22,19)->(21,21,19.5)->(21,20,20)->(21,19,20.5)->(21,18,21)->(21,17,21.5)->(21,16,22)->(21,15,22.5)->(21,14,23)->(21,13,23.5)->(21,12,24)->(21,11,24.5)->(21,10,25)->(21,9,25.5)->(21,8,26.0179)->(21,7,26.5858)->(21,6,27.2679)->(21,5,28.5858)->(21,4,31.2142)->(20,4,5015.8)->
Agent 19:(2,21,2.2)->(2,20,3.81421)->(2,19,5.13205)->(2,18,5.81421)->(2,17,6.38205)->(2,16,6.9)->(2,15,7.4)->(2,14,7.9)->(2,13,8.4)->(2,12,8.9)->(2,11,9.4)->(2,10,9.9)->(2,9,10.4)->(2,8,10.9)->(2,7,11.4179)->(2,6,11.9858)->(2,5,12.6679)->(2,4,13.9858)->(2,3,16.7179)->(3,3,19.4501)->(4,3,20.7679)->(5,3,21.4501)->(6,3,22.0179)->(7,3,22.5359)->(8,3,23.0359)->(9,3,23.5359)->(10,3,24.0359)->(11,3,24.5359)->(12,3,25.0538)->(13,3,25.6217)->(14,3,26.3038)->(15,3,27.6217)->(16,3,5013.52)->
Agent 20:(6,9,2.2)->(6,8,3.84949)->(6,7,5.84949)->(6,6,8.8137)->(7,6,11.7426)->(8,6,13.0605)->(9,6,13.7426)->(10,6,14.3105)->(11,6,14.8284)->(12,6,15.3284)->(13,6,15.8464)->(14,6,16.4142)->(15,6,17.0964)->(16,6,18.4142)->(17,6,5008.91)->
Agent 21:(23,4,5.91421)->(23,5,11.2426)->(23,6,12.5605)->(23,7,13.2426)->(23,8,13.8105)->(23,9,14.3284)->(23,10,14.8284)->(23,11,15.3284)->(23,12,15.8284)->(23,13,16.3284)->(23,14,16.8284)->(23,15,17.3284)->(23,16,17.8464)->(23,17,18.4142)->(23,18,19.0964)->(23,19,20.4142)->(23,20,22.6284)->(24,20,24.8426)->(25,20,26.2569)->(26,20,27.6711)->(27,20,5013.54)->
Agent 22:(7,29,2.24949)->(7,28,3.91319)->(7,27,5.23103)->(7,26,5.91319)->(7,25,6.48103)->(7,24,6.99898)->(7,23,7.49898)->(7,22,7.99898)->(7,21,8.49898)->(7,20,9.01693)->(7,19,9.58477)->(7,18,10.2669)->(7,17,11.5848)->(7,16,13.799)->(6,16,16.0485)->(5,16,18.0485)->(4,16,5008.75)->
Agent 23:(8,0,1.8)->(9,0,3.01421)->(10,0,4.33205)->(11,0,5.01421)->(12,0,5.58205)->(13,0,6.1)->(14,0,6.6)->(15,0,7.1)->(16,0,7.6)->(17,0,8.1)->(18,0,8.6)->(19,0,9.1)->(20,0,9.6)->(21,0,10.1)->(22,0,10.6)->(23,0,11.1)->(24,0,11.6)->(25,0,12.1)->(26,0,12.6)->(27,0,13.1179)->(28,0,13.6858)->(29,0,14.3679)->(30,0,15.6858)->(31,0,17.9)->(31,1,20.1142)->(31,2,21.4321)->(31,3,22.1142)->(31,4,22.6821)->(31,5,23.2)->(31,6,23.7)->(31,7,24.2)->(31,8,24.7)->(31,9,25.2179)->(31,10,25.7858)->(31,11,26.4679)->(31,12,27.7858)->(31,13,5013.6)->
Agent 24:(13,3,1.8)->(14,3,3.04949)->(15,3,5.04949)->(16,3,9.58721)->(16,4,14.0897)->(16,5,15.4235)->(16,6,16.2519)->(16,7,17.5858)->(16,8,5008.5)->
Agent 25:(10,16,1.3)->(10,17,2.6)->(10,18,6.69626)->(11,18,10.242)->(12,18,12.242)->(13,18,5005.85)->
Agent 26:(16,16,2.21421)->(17,16,18.4716)->(17,17,34.7574)->(17,18,36.1716)->(17,19,37.5858)->(17,20,5018.5)->
Agent 27:(6,14,2.21421)->(5,14,5.84263)->(6,14,9.49947)->(7,14,10.8173)->(8,14,11.4995)->(9,14,12.0673)->(10,14,12.5853)->(11,14,13.0853)->(12,14,13.5853)->(13,14,14.0853)->(14,14,14.5853)->(15,14,15.0853)->(16,14,15.5853)->(17,14,16.0853)->(18,14,16.5853)->(19,14,17.0853)->(20,14,17.5853)->(21,14,18.0853)->(22,14,18.5853)->(23,14,19.0853)->(24,14,19.5853)->(25,14,20.0853)->(26,14,20.5853)->(27,14,21.1032)->(28,14,21.671)->(29,14,22.3532)->(30,14,23.671)->(31,14,26.2995)->(31,15,29.8995)->(30,15,33.1137)->(29,15,5016.56)->
Agent 28:(28,1,1.8)->(27,1,3.01421)->(26,1,4.33205)->(25,1,5.01421)->(24,1,5.58205)->(23,1,6.1)->(22,1,6.6)->(21,1,7.1)->(20,1,7.6)->(19,1,8.1)->(18,1,8.6)->(17,1,9.1)->(16,1,9.6)->(15,1,10.1179)->(14,1,10.6858)->(13,1,11.3679)->(12,1,12.6858)->(11,1,15.3142)->(11,0,5007.85)->
Agent 29:(4,12,1.95)->(4,13,3.31421)->(4,14,4.63205)->(4,15,5.31421)->(4,16,5.88205)->(4,17,6.4)->(4,18,6.91795)->(4,19,7.48579)->(4,20,8.16795)->(4,21,9.48579)->(4,22,12.1142)->(5,22,21)->(5,23,29.5)->(5,24,5014.75)->
Agent 30:(28,28,1.8)->(27,28,3.01421)->(26,28,4.33205)->(25,28,5.01421)->(24,28,5.58205)->(23,28,6.1)->(22,28,6.6)->(21,28,7.1)->(20,28,7.6)->(19,28,8.1)->(18,28,8.61795)->(17,28,9.18579)->(16,28,9.86795)->(15,28,11.1858)->(14,28,16.0642)->(14,29,5009.35)->
Agent 31:(27,24,7.5)->(27,23,14.4142)->(27,22,15.7321)->(27,21,16.4142)->(27,20,16.9821)->(27,19,17.5)->(27,18,18)->(27,17,18.5)->(27,16,19)->(27,15,19.5)->(27,14,20)->(27,13,20.5)->(27,12,21)->(27,11,21.5)->(27,10,22)->(27,9,22.5179)->(27,8,23.0858)->(27,7,23.7679)->(27,6,25.0858)->(27,5,27.3)->(26,5,30.1)->(25,5,5015.05)->
Agent 32:(26,25,2.56421)->(26,24,4.54264)->(26,23,5.86048)->(26,22,6.54264)->(26,21,7.11048)->(26,20,7.62843)->(26,19,8.12843)->(26,18,8.62843)->(26,17,9.12843)->(26,16,9.62843)->(26,15,10.1284)->(26,14,10.6284)->(26,13,11.1284)->(26,12,11.6284)->(26,11,12.1284)->(26,10,12.6284)->(26,9,13.1284)->(26,8,13.6284)->(26,7,14.1284)->(26,6,14.6284)->(26,5,15.1464)->(26,4,15.7142)->(26,3,16.3964)->(26,2,17.7142)->(26,1,19.9284)->(25,1,22.1426)->(24,1,23.5569)->(23,1,24.9711)->(22,1,5012.19)->
Agent 33:(5,10,1.8)->(4,10,3.01421)->(3,10,4.42843)->(2,10,5.84264)->(1,10,8.06059)->(1,11,10.2785)->(1,12,11.5964)->(1,13,12.2785)->(1,14,12.8464)->(1,15,13.3643)->(1,16,13.8643)->(1,17,14.3643)->(1,18,14.8823)->(1,19,15.4501)->(1,20,16.1323)->(1,21,17.4501)->(1,22,5008.43)->
Agent 34:(14,27,2.2)->(14,26,3.81421)->(14,25,5.13205)->(14,24,5.81421)->(14,23,6.38205)->(14,22,6.9)->(14,21,7.4)->(14,20,7.9)->(14,19,8.4)->(14,18,8.9)->(14,17,9.41795)->(14,16,9.98579)->(14,15,10.6679)->(14,14,11.9858)->(14,13,14.2)->(13,13,16.4142)->(12,13,17.7321)->(11,13,18.4142)->(10,13,18.9821)->(9,13,19.5179)->(8,13,20.0858)->(7,13,20.7679)->(6,13,22.0858)->(5,13,24.7142)->(5,12,5012.55)->
Agent 35:(12,11,1.8)->(11,11,3.6)->(10,11,11.55)->(10,12,19.5)->(10,13,5009.75)->
Agent 36:(8,9,2.21421)->(8,8,4.42843)->(8,7,9.61784)->(9,7,14.2215)->(10,7,15.6357)->(11,7,17.0499)->(12,7,20.7926)->(12,8,25.1212)->(12,9,5012.56)->
Agent 37:(21,10,1.74263)->(21,11,2.89947)->(21,12,4.21731)->(21,13,4.89947)->(21,14,5.46731)->(21,15,5.98525)->(21,16,6.48525)->(21,17,6.98525)->(21,18,7.48525)->(21,19,7.98525)->(21,20,8.48525)->(21,21,9.0032)->(21,22,9.57104)->(21,23,10.2532)->(21,24,11.571)->(21,25,13.7853)->(20,25,15.9995)->(19,25,17.4137)->(18,25,18.8279)->(17,25,5009.12)->
Agent 38:(8,25,2.89626)->(9,25,5.20674)->(10,25,6.52458)->(11,25,7.25663)->(12,25,7.98868)->(13,25,9.30652)->(14,25,11.5207)->(14,24,13.7349)->(14,23,15.0528)->(14,22,15.7349)->(14,21,16.3028)->(14,20,16.8207)->(14,19,17.3207)->(14,18,17.8207)->(14,17,18.3387)->(14,16,18.9065)->(14,15,19.5887)->(14,14,20.9065)->(14,13,5010.16)->
Agent 39:(9,24,1.8)->(8,24,3.04949)->(7,24,5.04949)->(6,24,7.74949)->(6,23,10.4142)->(6,22,11.8284)->(6,21,13.2426)->(6,20,15.8711)->(5,20,22.8784)->(5,21,29.5)->(5,22,5014.75)->
Agent 40:(31,14,1.3)->(31,15,2.01421)->(31,16,3.33205)->(31,17,4.01421)->(31,18,4.58205)->(31,19,5.1)->(31,20,5.61795)->(31,21,6.18579)->(31,22,6.86795)->(31,23,8.18579)->(31,24,10.8)->(30,24,13.4142)->(29,24,14.7321)->(28,24,15.4142)->(27,24,15.9821)->(26,24,16.5)->(25,24,17)->(24,24,17.5)->(23,24,18)->(22,24,18.5)->(21,24,19)->(20,24,19.5)->(19,24,20)->(18,24,20.5)->(17,24,21)->(16,24,21.5)->(15,24,22)->(14,24,22.5)->(13,24,23)->(12,24,23.5)->(11,24,24)->(10,24,24.5)->(9,24,25)->(8,24,25.5179)->(7,24,26.0858)->(6,24,26.7679)->(5,24,28.0858)->(4,24,5013.75)->
Agent 41:(15,9,1.95)->(14,9,3.31421)->(13,9,4.63205)->(12,9,5.31421)->(11,9,5.9)->(10,9,6.48579)->(9,9,7.16795)->(8,9,8.48579)->(7,9,10.7)->(7,8,12.9142)->(7,7,14.2321)->(7,6,14.9142)->(7,5,15.4821)->(7,4,16.0179)->(7,3,16.5858)->(7,2,17.2679)->(7,1,18.5858)->(7,0,23.5642)->(7,1,28.5779)->(7,2,30.5779)->(7,3,5015.01)->
Agent 42:(15,7,1.8)->(16,7,3.01421)->(17,7,4.33205)->(18,7,5.01421)->(19,7,5.58205)->(20,7,6.11795)->(21,7,6.68579)->(22,7,7.36795)->(23,7,8.68579)->(24,7,14.3083)->(24,8,19.9309)->(24,9,21.2487)->(24,10,21.9405)->(24,11,22.5762)->(24,12,23.2679)->(24,13,24.5858)->(24,14,5012)->
Agent 43:(15,8,2.61421)->(14,8,4.64264)->(13,8,5.96048)->(12,8,6.64264)->(11,8,7.21048)->(10,8,7.72843)->(9,8,8.22843)->(8,8,8.72843)->(7,8,9.22843)->(6,8,9.72843)->(5,8,10.2464)->(4,8,10.8142)->(3,8,11.4964)->(2,8,12.8142)->(1,8,5006.11)->
Agent 44:(9,7,1.3)->(9,8,2.01421)->(9,9,3.34806)->(9,10,4.17649)->(9,11,5.51034)->(9,12,5002.46)->
Agent 45:(3,7,1.8)->(4,7,3.6)->(5,7,8.18216)->(5,8,12.1785)->(5,9,13.5928)->(5,10,15.007)->(5,11,17.2212)->(6,11,19.4354)->(7,11,20.7532)->(8,11,21.4354)->(9,11,22.0032)->(10,11,22.5212)->(11,11,23.0212)->(12,11,23.5391)->(13,11,24.107)->(14,11,24.7891)->(15,11,26.107)->(16,11,28.7354)->(16,12,32.6464)->(17,12,35.5858)->(18,12,36.9196)->(19,12,37.7481)->(20,12,39.0819)->(21,12,5019.25)->
Agent 46:(15,21,1.3)->(15,22,2.01421)->(15,23,3.33205)->(15,24,4.0641)->(15,25,4.79615)->(15,26,6.11399)->(15,27,8.3282)->(16,27,10.5777)->(17,27,12.5777)->(18,27,5006.01)->
Agent 47:(0,14,5.75)->(1,14,10.9142)->(2,14,12.2321)->(3,14,12.9142)->(4,14,13.4821)->(5,14,14)->(6,14,14.5)->(7,14,15)->(8,14,15.5)->(9,14,16)->(10,14,16.5)->(11,14,17)->(12,14,17.5)->(13,14,18)->(14,14,18.5)->(15,14,19)->(16,14,19.5)->(17,14,20)->(18,14,20.5)->(19,14,21)->(20,14,21.5)->(21,14,22)->(22,14,22.5)->(23,14,23)->(24,14,23.5)->(25,14,24)->(26,14,24.5179)->(27,14,25.0858)->(28,14,25.7679)->(29,14,27.0858)->(30,14,29.3)->(30,13,32.1)->(30,12,5016.05)->
Agent 48:(18,21,2.2)->(18,20,3.81421)->(18,19,5.13205)->(18,18,5.81421)->(18,17,6.38205)->(18,16,6.9)->(18,15,7.4)->(18,14,7.9)->(18,13,8.4)->(18,12,8.9)->(18,11,9.4)->(18,10,9.9)->(18,9,10.4179)->(18,8,10.9858)->(18,7,11.6679)->(18,6,12.9858)->(18,5,15.2)->(17,5,17.4142)->(16,5,18.7321)->(15,5,19.4142)->(14,5,19.9821)->(13,5,20.5)->(12,5,21)->(11,5,21.5)->(10,5,22)->(9,5,22.5)->(8,5,23)->(7,5,23.5)->(6,5,24.0179)->(5,5,24.5858)->(4,5,25.2679)->(3,5,26.5858)->(2,5,29.2142)->(2,4,5014.8)->
Agent 49:(5,18,2.75051)->(4,18,4.95051)->(3,18,6.95051)->(2,18,9.2)->(2,19,11.4142)->(2,20,12.7321)->(2,21,13.4641)->(2,22,14.1962)->(2,23,15.514)->(2,24,5007.46)->
Agent 50:(19,25,4.24263)->(19,24,7.89947)->(19,23,9.21731)->(19,22,9.89947)->(19,21,10.4673)->(19,20,10.9853)->(19,19,11.4853)->(19,18,11.9853)->(19,17,12.4853)->(19,16,12.9853)->(19,15,13.5032)->(19,14,14.071)->(19,13,14.7532)->(19,12,16.071)->(19,11,18.6995)->(18,11,5009.54)->
Agent 51:(6,23,4.5)->(6,22,8.41421)->(6,21,9.73205)->(6,20,10.4142)->(6,19,10.9821)->(6,18,11.5)->(6,17,12)->(6,16,12.5)->(6,15,13)->(6,14,13.5)->(6,13,14)->(6,12,14.5)->(6,11,15)->(6,10,15.5)->(6,9,16)->(6,8,16.5)->(6,7,17)->(6,6,17.5179)->(6,5,18.0858)->(6,4,18.7679)->(6,3,20.0858)->(6,2,22.3)->(7,2,24.5142)->(8,2,25.8321)->(9,2,26.5142)->(10,2,27.0821)->(11,2,27.6)->(12,2,28.1)->(13,2,28.6)->(14,2,29.1)->(15,2,29.6)->(16,2,30.1)->(17,2,30.6)->(18,2,31.1)->(19,2,31.6)->(20,2,32.1179)->(21,2,32.6858)->(22,2,33.3679)->(23,2,34.6858)->(24,2,5017.05)->
Agent 52:(19,18,2.2)->(19,17,3.81421)->(19,16,5.13205)->(19,15,5.81421)->(19,14,6.38205)->(19,13,6.9)->(19,12,7.41795)->(19,11,7.98579)->(19,10,8.66795)->(19,9,9.98579)->(19,8,12.2)->(18,8,14.4142)->(17,8,15.7321)->(16,8,16.4142)->(15,8,16.9821)->(14,8,17.5179)->(13,8,18.0858)->(12,8,18.7679)->(11,8,20.0858)->(10,8,24.2248)->(10,9,5013.06)->
Agent 53:(7,15,2.2)->(7,14,3.81421)->(7,13,5.13205)->(7,12,5.81421)->(7,11,6.38205)->(7,10,6.9)->(7,9,7.4)->(7,8,7.91795)->(7,7,8.48579)->(7,6,9.16795)->(7,5,10.4858)->(7,4,12.7)->(6,4,15.5)->(5,4,5007.75)->
Agent 54:(30,8,2.2)->(30,7,3.81421)->(30,6,5.13205)->(30,5,5.82382)->(30,4,6.45949)->(30,3,7.15126)->(30,2,8.4691)->(30,1,11.2559)->(29,1,14.0426)->(28,1,15.3605)->(27,1,16.0426)->(26,1,16.6105)->(25,1,17.1284)->(24,1,17.6284)->(23,1,18.1284)->(22,1,18.6284)->(21,1,19.1284)->(20,1,19.6284)->(19,1,20.1284)->(18,1,20.6284)->(17,1,21.1284)->(16,1,21.6284)->(15,1,22.1284)->(14,1,22.6284)->(13,1,23.1284)->(12,1,23.6284)->(11,1,24.1284)->(10,1,24.6284)->(9,1,25.1464)->(8,1,25.7142)->(7,1,26.3964)->(6,1,27.7142)->(5,1,30.3426)->(5,0,5015.36)->
Agent 55:(22,11,1.3)->(22,12,2.01421)->(22,13,3.33205)->(22,14,4.01421)->(22,15,4.6)->(22,16,5.18579)->(22,17,5.86795)->(22,18,7.18579)->(22,19,10.5926)->(21,19,13.9995)->(20,19,15.3173)->(19,19,15.9995)->(18,19,16.5673)->(17,19,17.0853)->(16,19,17.5853)->(15,19,18.0853)->(14,19,18.5853)->(13,19,19.0853)->(12,19,19.5853)->(11,19,20.0853)->(10,19,20.5853)->(9,19,21.0853)->(8,19,21.5853)->(7,19,22.1032)->(6,19,22.671)->(5,19,23.3532)->(4,19,24.671)->(3,19,5012.04)->
Agent 56:(23,2,5.91421)->(23,3,11.2426)->(23,4,12.5605)->(23,5,13.2426)->(23,6,13.8105)->(23,7,14.3284)->(23,8,14.8284)->(23,9,15.3284)->(23,10,15.8284)->(23,11,16.3284)->(23,12,16.8284)->(23,13,17.3464)->(23,14,17.9142)->(23,15,18.5964)->(23,16,19.9142)->(23,17,22.1284)->(22,17,24.3426)->(21,17,25.6605)->(20,17,26.3426)->(19,17,26.9105)->(18,17,27.4464)->(17,17,28.0142)->(16,17,28.6964)->(15,17,30.0142)->(14,17,5014.71)->
Agent 57:(5,31,2.2)->(5,30,3.81421)->(5,29,5.13205)->(5,28,5.81421)->(5,27,6.4)->(5,26,6.98579)->(5,25,7.66795)->(5,24,8.98579)->(5,23,17.4142)->(6,23,25.8426)->(7,23,27.1605)->(8,23,27.8426)->(9,23,28.4105)->(10,23,28.9284)->(11,23,29.4284)->(12,23,29.9284)->(13,23,30.4284)->(14,23,30.9284)->(15,23,31.4464)->(16,23,32.0142)->(17,23,32.6964)->(18,23,34.0142)->(19,23,5016.71)->
Agent 58:(7,7,1.8)->(8,7,3.01421)->(9,7,4.33205)->(10,7,5.01421)->(11,7,5.58205)->(12,7,6.11795)->(13,7,6.68579)->(14,7,7.36795)->(15,7,8.68579)->(16,7,10.9)->(16,8,13.1142)->(16,9,14.4321)->(16,10,15.1142)->(16,11,15.6821)->(16,12,16.2)->(16,13,16.7)->(16,14,17.2179)->(16,15,17.7858)->(16,16,18.4679)->(16,17,19.7858)->(16,18,5009.6)->
Agent 59:(13,7,1.8)->(14,7,3.01421)->(15,7,4.42843)->(16,7,5.84264)->(17,7,18.2142)->(17,8,30.5858)->(17,9,31.9036)->(17,10,32.5858)->(17,11,33.1536)->(17,12,33.6716)->(17,13,34.1895)->(17,14,34.7574)->(17,15,35.4395)->(17,16,36.7574)->(17,17,5018.09)->
Agent 60:(1,14,1.8)->(2,14,3.6)->(3,14,6.66421)->(3,13,9.14264)->(3,12,10.4605)->(3,11,11.1426)->(3,10,11.7105)->(3,9,12.2284)->(3,8,12.7284)->(3,7,13.2284)->(3,6,13.7464)->(3,5,14.3142)->(3,4,14.9964)->(3,3,16.3142)->(3,2,20.1642)->(4,2,24.0142)->(5,2,25.3321)->(6,2,26.0142)->(7,2,26.5821)->(8,2,27.1)->(9,2,27.6)->(10,2,28.1)->(11,2,28.6)->(12,2,29.1)->(13,2,29.6)->(14,2,30.1)->(15,2,30.6179)->(16,2,31.1858)->(17,2,31.8679)->(18,2,33.1858)->(19,2,35.8142)->(19,3,5018.1)->
Agent 61:(28,26,1.8)->(27,26,3.01421)->(26,26,4.33205)->(25,26,5.01421)->(24,26,5.58205)->(23,26,6.1)->(22,26,6.6)->(21,26,7.11795)->(20,26,7.68579)->(19,26,8.36795)->(18,26,9.68579)->(17,26,5004.55)->
Agent 62:(24,25,2.2)->(24,24,3.81421)->(24,23,5.13205)->(24,22,5.81421)->(24,21,6.38205)->(24,20,6.9)->(24,19,7.4)->(24,18,7.9)->(24,17,8.4)->(24,16,8.9)->(24,15,9.4)->(24,14,9.9)->(24,13,10.4179)->(24,12,10.9858)->(24,11,11.6679)->(24,10,12.9858)->(24,9,15.5106)->(23,9,18.0354)->(22,9,19.3532)->(21,9,20.0354)->(20,9,20.6032)->(19,9,21.1212)->(18,9,21.6212)->(17,9,22.1212)->(16,9,22.6212)->(15,9,23.1212)->(14,9,23.6212)->(13,9,24.1212)->(12,9,24.6212)->(11,9,25.1212)->(10,9,25.6212)->(9,9,26.1212)->(8,9,26.6391)->(7,9,27.2069)->(6,9,27.8891)->(5,9,29.2069)->(4,9,31.4212)->(4,8,33.6354)->(4,7,35.0496)->(4,6,36.4638)->(4,5,5017.94)->
Agent 63:(31,5,1.3)->(31,6,2.01421)->(31,7,3.33205)->(31,8,4.01421)->(31,9,4.58205)->(31,10,5.1)->(31,11,5.61795)->(31,12,6.18579)->(31,13,6.86795)->(31,14,8.18579)->(31,15,12.05)->(30,15,15.9142)->(29,15,17.2321)->(28,15,17.9142)->(27,15,18.4821)->(26,15,19)->(25,15,19.5)->(24,15,20)->(23,15,20.5)->(22,15,21)->(21,15,21.5)->(20,15,22)->(19,15,22.5)->(18,15,23)->(17,15,23.5)->(16,15,24.0179)->(15,15,24.5858)->(14,15,25.2679)->(13,15,26.5858)->(12,15,5013)->
Agent 64:(16,23,2.4142)->(17,23,4.24261)->(18,23,5.65683)->(19,23,7.07104)->(20,23,9.28525)->(20,22,11.4995)->(20,21,12.8173)->(20,20,13.4995)->(20,19,14.0673)->(20,18,14.5853)->(20,17,15.0853)->(20,16,15.5853)->(20,15,16.0853)->(20,14,16.5853)->(20,13,17.0853)->(20,12,17.5853)->(20,11,18.1032)->(20,10,18.671)->(20,9,19.3532)->(20,8,20.671)->(20,7,5010.04)->
Agent 65:(12,27,2.89626)->(12,26,5.20674)->(12,25,6.52458)->(12,24,7.20674)->(12,23,7.77458)->(12,22,8.29253)->(12,21,8.79253)->(12,20,9.29253)->(12,19,9.79253)->(12,18,10.2925)->(12,17,10.7925)->(12,16,11.2925)->(12,15,11.7925)->(12,14,12.2925)->(12,13,12.7925)->(12,12,13.2925)->(12,11,13.7925)->(12,10,14.2925)->(12,9,14.7925)->(12,8,15.3105)->(12,7,15.8783)->(12,6,16.5605)->(12,5,17.8783)->(12,4,20.0925)->(11,4,22.3067)->(10,4,23.6406)->(9,4,24.469)->(8,4,25.8029)->(7,4,5012.61)->
Agent 66:(0,9,2.2)->(0,8,3.81421)->(0,7,5.13205)->(0,6,5.81421)->(0,5,6.4)->(0,4,6.98579)->(0,3,7.66795)->(0,2,8.98579)->(0,1,19.9784)->(1,1,30.9711)->(2,1,32.2889)->(3,1,32.9711)->(4,1,33.5389)->(5,1,34.0569)->(6,1,34.5748)->(7,1,35.1426)->(8,1,35.8248)->(9,1,37.1426)->(10,1,5018.28)->
Agent 67:(14,5,4.05)->(14,6,7.51421)->(14,7,8.83205)->(14,8,9.52382)->(14,9,10.1595)->(14,10,10.8513)->(14,11,12.1691)->(14,12,5005.79)->
Agent 68:(25,9,2.67479)->(25,10,4.76379)->(25,11,6.08163)->(25,12,6.76379)->(25,13,7.33163)->(25,14,7.84958)->(25,15,8.34958)->(25,16,8.84958)->(25,17,9.34958)->(25,18,9.84958)->(25,19,10.3496)->(25,20,10.8496)->(25,21,11.3496)->(25,22,11.8675)->(25,23,12.4354)->(25,24,13.1175)->(25,25,14.4354)->(25,26,17.0638)->(26,26,5008.72)->
Agent 69:(6,20,2.2)->(6,19,3.81421)->(6,18,5.13205)->(6,17,5.81421)->(6,16,6.38205)->(6,15,6.9)->(6,14,7.41795)->(6,13,7.98579)->(6,12,8.66795)->(6,11,9.98579)->(6,10,12.2)->(7,10,14.4142)->(8,10,15.7321)->(9,10,16.4142)->(10,10,16.9821)->(11,10,17.5)->(12,10,18)->(13,10,18.5)->(14,10,19)->(15,10,19.5)->(16,10,20)->(17,10,20.5)->(18,10,21)->(19,10,21.5)->(20,10,22)->(21,10,22.5)->(22,10,23)->(23,10,23.5)->(24,10,24)->(25,10,24.5)->(26,10,25)->(27,10,25.5179)->(28,10,26.0858)->(29,10,26.7679)->(30,10,28.0858)->(31,10,30.7142)->(31,11,5015.55)->
