Agent 0:(4,8,1.71421)->(4,9,3.81421)->(5,9,6.44264)->(6,9,7.85685)->(7,9,9.27107)->(8,9,14.9069)->(7,9,21.1284)->(6,9,5010.56)->
Agent 1:(7,13,1.8)->(8,13,3.01421)->(9,13,4.33205)->(10,13,5.02382)->(11,13,5.65949)->(12,13,6.35126)->(13,13,7.6691)->(14,13,9.88331)->(14,12,12.1328)->(14,11,14.1328)->(14,10,19.5338)->(14,11,25.4853)->(14,12,5012.74)->
Agent 2:(8,4,1.3)->(8,5,2.01421)->(8,6,3.33205)->(8,7,4.01421)->(8,8,4.58205)->(8,9,5.11795)->(8,10,5.68579)->(8,11,6.36795)->(8,12,7.68579)->(8,13,9.9)->(9,13,12.1142)->(10,13,13.4321)->(11,13,14.1142)->(12,13,14.6821)->(13,13,15.2)->(14,13,15.7)->(15,13,16.2)->(16,13,16.7)->(17,13,17.2)->(18,13,17.7)->(19,13,18.2)->(20,13,18.7)->(21,13,19.2179)->(22,13,19.7858)->(23,13,20.4679)->(24,13,21.7858)->(25,13,24)->(25,14,26.2142)->(25,15,27.6284)->(25,16,29.0426)->(25,17,5014.23)->
Agent 3:(18,15,1.3)->(18,16,2.01421)->(18,17,3.33205)->(18,18,4.01421)->(18,19,4.6)->(18,20,5.18579)->(18,21,5.86795)->(18,22,7.18579)->(18,23,9.53205)->(19,23,11.8783)->(20,23,13.1962)->(21,23,13.8783)->(22,23,14.4462)->(23,23,14.9641)->(24,23,15.4821)->(25,23,16.0499)->(26,23,16.7321)->(27,23,18.0499)->(28,23,20.2641)->(28,24,23.0641)->(28,25,26.2783)->(29,25,5013.33)->
Agent 4:(4,26,1.71421)->(4,27,5.86421)->(5,27,10.5426)->(6,27,11.8605)->(7,27,12.5426)->(8,27,13.1105)->(9,27,13.6464)->(10,27,14.2142)->(11,27,14.8964)->(12,27,16.2142)->(13,27,5007.81)->
Agent 5:(16,0,1.79264)->(16,1,2.99949)->(16,2,4.31733)->(16,3,4.99949)->(16,4,5.56733)->(16,5,6.08528)->(16,6,6.58528)->(16,7,7.08528)->(16,8,7.58528)->(16,9,8.08528)->(16,10,8.58528)->(16,11,9.08528)->(16,12,9.58528)->(16,13,10.0853)->(16,14,10.5853)->(16,15,11.0853)->(16,16,11.5853)->(16,17,12.0853)->(16,18,12.5853)->(16,19,13.0853)->(16,20,13.5853)->(16,21,14.0853)->(16,22,14.5853)->(16,23,15.0853)->(16,24,15.6032)->(16,25,16.1711)->(16,26,16.8532)->(16,27,18.1711)->(16,28,20.3853)->(15,28,22.5995)->(14,28,23.9173)->(13,28,24.5995)->(12,28,25.1673)->(11,28,25.6853)->(10,28,26.1853)->(9,28,26.6853)->(8,28,27.1853)->(7,28,27.6853)->(6,28,28.2032)->(5,28,28.7711)->(4,28,29.4532)->(3,28,30.7711)->(2,28,5015.09)->
Agent 6:(29,15,2.21421)->(30,15,4.81421)->(30,16,7.44264)->(30,17,8.85685)->(30,18,10.2711)->(30,19,17.1069)->(29,19,5010.85)->
Agent 7:(23,6,1.86421)->(23,7,3.14264)->(23,8,4.46048)->(23,9,5.14264)->(23,10,5.71048)->(23,11,6.24638)->(23,12,6.81421)->(23,13,7.49638)->(23,14,8.81421)->(23,15,5004.11)->
Agent 8:(10,10,2.2)->(10,9,3.81421)->(10,8,5.13205)->(10,7,5.81421)->(10,6,6.38205)->(10,5,6.91795)->(10,4,7.48579)->(10,3,8.16795)->(10,2,9.48579)->(10,1,12.1142)->(11,1,16.3783)->(10,1,20.2566)->(9,1,25.0605)->(9,0,30.6643)->(8,0,5015.73)->
Agent 9:(11,18,3.52792)->(11,19,6.47005)->(11,20,7.78788)->(11,21,8.47005)->(11,22,9.03788)->(11,23,9.55583)->(11,24,10.0558)->(11,25,10.5738)->(11,26,11.1416)->(11,27,11.8238)->(11,28,13.1416)->(11,29,15.3558)->(12,29,17.57)->(13,29,18.8879)->(14,29,19.57)->(15,29,20.1379)->(16,29,20.6558)->(17,29,21.1558)->(18,29,21.6558)->(19,29,22.1558)->(20,29,22.6558)->(21,29,23.1738)->(22,29,23.7416)->(23,29,24.4238)->(24,29,25.7416)->(25,29,5012.58)->
Agent 10:(13,11,3.55)->(12,11,6.51421)->(11,11,7.83205)->(10,11,8.51421)->(9,11,9.08205)->(8,11,9.6)->(7,11,10.1)->(6,11,10.6)->(5,11,11.1)->(4,11,11.6179)->(3,11,12.1858)->(2,11,12.8679)->(1,11,14.1858)->(0,11,16.4)->(0,12,19.2)->(0,13,5009.6)->
Agent 11:(12,12,1.8)->(13,12,3.01421)->(14,12,4.33205)->(15,12,5.01421)->(16,12,5.58205)->(17,12,6.1)->(18,12,6.6)->(19,12,7.1)->(20,12,7.6)->(21,12,8.1)->(22,12,8.6)->(23,12,9.1)->(24,12,9.6)->(25,12,10.1179)->(26,12,10.6858)->(27,12,11.3679)->(28,12,12.6858)->(29,12,14.9)->(29,13,17.1142)->(29,14,18.4321)->(29,15,19.1142)->(29,16,19.6821)->(29,17,20.2)->(29,18,20.7)->(29,19,21.2)->(29,20,21.7)->(29,21,22.2)->(29,22,22.7)->(29,23,23.2)->(29,24,23.7179)->(29,25,24.2858)->(29,26,24.9679)->(29,27,26.2858)->(29,28,5012.85)->
Agent 12:(9,13,1.3)->(9,14,2.01421)->(9,15,3.33205)->(9,16,4.01421)->(9,17,4.58205)->(9,18,5.1)->(9,19,5.6)->(9,20,6.1)->(9,21,6.6)->(9,22,7.1)->(9,23,7.6)->(9,24,8.1)->(9,25,8.6)->(9,26,9.11795)->(9,27,9.68579)->(9,28,10.3679)->(9,29,11.6858)->(9,30,13.9)->(10,30,16.1142)->(11,30,17.4321)->(12,30,18.1142)->(13,30,18.6821)->(14,30,19.2)->(15,30,19.7)->(16,30,20.2)->(17,30,20.7)->(18,30,21.2)->(19,30,21.7)->(20,30,22.2179)->(21,30,22.7858)->(22,30,23.4679)->(23,30,24.7858)->(24,30,27.4142)->(24,31,5013.9)->
Agent 13:(30,16,1.8)->(29,16,3.01421)->(28,16,4.33205)->(27,16,5.01421)->(26,16,5.58205)->(25,16,6.1)->(24,16,6.6)->(23,16,7.1)->(22,16,7.6)->(21,16,8.11795)->(20,16,8.68579)->(19,16,9.36795)->(18,16,10.6858)->(17,16,13.3142)->(17,17,16.9142)->(16,17,19.5426)->(15,17,20.9569)->(14,17,22.3711)->(13,17,5010.89)->
Agent 14:(27,7,1.3)->(27,8,2.01421)->(27,9,3.33205)->(27,10,4.01421)->(27,11,4.58205)->(27,12,5.11795)->(27,13,5.68579)->(27,14,6.36795)->(27,15,7.68579)->(27,16,10.3)->(27,15,13.5)->(27,14,22.3)->(26,14,30.5142)->(25,14,31.8321)->(24,14,32.5142)->(23,14,33.0821)->(22,14,33.6)->(21,14,34.1)->(20,14,34.6)->(19,14,35.1)->(18,14,35.6)->(17,14,36.1)->(16,14,36.6)->(15,14,37.1)->(14,14,37.6)->(13,14,38.1)->(12,14,38.6179)->(11,14,39.1858)->(10,14,39.8679)->(9,14,41.1858)->(8,14,43.8142)->(8,15,5022.1)->
Agent 15:(22,29,4.88036)->(22,28,9.17494)->(22,27,10.5088)->(22,26,11.3372)->(22,25,12.6711)->(22,24,17.1106)->(23,24,21.5501)->(24,24,22.8679)->(25,24,23.6)->(26,24,24.3321)->(27,24,25.6499)->(28,24,5012.53)->
Agent 16:(5,5,1.8)->(4,5,3.01421)->(3,5,4.42843)->(2,5,5.84264)->(1,5,8.05685)->(1,4,10.3063)->(1,3,12.3063)->(1,2,20.0601)->(1,3,27.7785)->(1,4,29.0964)->(1,5,29.8284)->(1,6,30.5605)->(1,7,31.8783)->(1,8,5015.65)->
Agent 17:(7,29,3.54264)->(7,28,6.49949)->(7,27,7.81733)->(7,26,8.49949)->(7,25,9.06733)->(7,24,9.58528)->(7,23,10.0853)->(7,22,10.5853)->(7,21,11.0853)->(7,20,11.5853)->(7,19,12.1032)->(7,18,12.6711)->(7,17,13.3532)->(7,16,14.6711)->(7,15,16.8853)->(8,15,19.0995)->(9,15,20.4173)->(10,15,21.1091)->(11,15,21.7448)->(12,15,22.4365)->(13,15,23.7544)->(14,15,5011.58)->
Agent 18:(6,26,2.2)->(6,25,3.81421)->(6,24,5.13205)->(6,23,5.81421)->(6,22,6.38205)->(6,21,6.9)->(6,20,7.4)->(6,19,7.9)->(6,18,8.4)->(6,17,8.9)->(6,16,9.4)->(6,15,9.9)->(6,14,10.4)->(6,13,10.9)->(6,12,11.4)->(6,11,11.9)->(6,10,12.4)->(6,9,12.9)->(6,8,13.4)->(6,7,13.9179)->(6,6,14.4858)->(6,5,15.1679)->(6,4,16.4858)->(6,3,19.5142)->(6,4,23.5142)->(5,4,26.7284)->(4,4,5013.36)->
Agent 19:(29,4,1.8)->(28,4,3.01421)->(27,4,4.33205)->(26,4,5.01421)->(25,4,5.58205)->(24,4,6.1)->(23,4,6.6)->(22,4,7.1)->(21,4,7.6)->(20,4,8.1)->(19,4,8.6)->(18,4,9.1)->(17,4,9.6)->(16,4,10.1)->(15,4,10.6)->(14,4,11.1)->(13,4,11.6179)->(12,4,12.1858)->(11,4,12.8679)->(10,4,14.1858)->(9,4,17.05)->(9,5,19.9142)->(9,6,21.2321)->(9,7,21.9142)->(9,8,22.4821)->(9,9,23)->(9,10,23.5)->(9,11,24)->(9,12,24.5)->(9,13,25)->(9,14,25.5)->(9,15,26)->(9,16,26.5)->(9,17,27)->(9,18,27.5179)->(9,19,28.0858)->(9,20,28.7679)->(9,21,30.0858)->(9,22,32.7142)->(8,22,36.3142)->(8,23,38.9426)->(8,24,40.2605)->(8,25,40.9426)->(8,26,41.5284)->(8,27,42.1142)->(8,28,42.7964)->(8,29,44.1142)->(8,30,5021.76)->
Agent 20:(10,30,2.2)->(10,29,3.81421)->(10,28,5.13205)->(10,27,5.81421)->(10,26,6.38205)->(10,25,6.9)->(10,24,7.41795)->(10,23,7.98579)->(10,22,8.66795)->(10,21,9.98579)->(10,20,12.4926)->(9,20,14.9995)->(8,20,16.3173)->(7,20,16.9995)->(6,20,17.5673)->(5,20,18.1032)->(4,20,18.6711)->(3,20,19.3532)->(2,20,20.6711)->(1,20,27.8885)->(2,20,35.6917)->(3,20,5017.85)->
Agent 21:(31,5,3.04587)->(30,5,5.50595)->(29,5,6.82378)->(28,5,7.50595)->(27,5,8.07378)->(26,5,8.59173)->(25,5,9.09173)->(24,5,9.59173)->(23,5,10.0917)->(22,5,10.5917)->(21,5,11.0917)->(20,5,11.5917)->(19,5,12.0917)->(18,5,12.5917)->(17,5,13.0917)->(16,5,13.5917)->(15,5,14.0917)->(14,5,14.5917)->(13,5,15.0917)->(12,5,15.5917)->(11,5,16.0917)->(10,5,16.5917)->(9,5,17.0917)->(8,5,17.5917)->(7,5,18.1097)->(6,5,18.6775)->(5,5,19.3597)->(4,5,20.6775)->(3,5,22.8917)->(3,6,25.1059)->(3,7,26.4238)->(3,8,27.1059)->(3,9,27.6738)->(3,10,28.1917)->(3,11,28.6917)->(3,12,29.1917)->(3,13,29.6917)->(3,14,30.1917)->(3,15,30.6917)->(3,16,31.1917)->(3,17,31.7097)->(3,18,32.2775)->(3,19,32.9597)->(3,20,34.2775)->(3,21,36.4917)->(2,21,38.7412)->(1,21,40.7412)->(0,21,5020.1)->
Agent 22:(17,26,1.8)->(18,26,3.01421)->(19,26,4.33205)->(20,26,5.01421)->(21,26,5.58205)->(22,26,6.11795)->(23,26,6.68579)->(24,26,7.36795)->(25,26,8.68579)->(26,26,11.05)->(26,25,13.4142)->(26,24,14.7321)->(26,23,15.4142)->(26,22,15.9821)->(26,21,16.5)->(26,20,17)->(26,19,17.5)->(26,18,18)->(26,17,18.5)->(26,16,19.0179)->(26,15,19.5858)->(26,14,20.2679)->(26,13,21.5858)->(26,12,24.2142)->(25,12,5012.3)->
Agent 23:(6,27,5.56421)->(6,26,10.5426)->(6,25,11.8605)->(6,24,12.5426)->(6,23,13.1105)->(6,22,13.6284)->(6,21,14.1284)->(6,20,14.6284)->(6,19,15.1284)->(6,18,15.6284)->(6,17,16.1464)->(6,16,16.7142)->(6,15,17.3964)->(6,14,18.7142)->(6,13,21.4)->(7,13,24.0858)->(8,13,25.4036)->(9,13,26.0858)->(10,13,26.6536)->(11,13,27.1716)->(12,13,27.6716)->(13,13,28.1716)->(14,13,28.6716)->(15,13,29.1716)->(16,13,29.6716)->(17,13,30.1716)->(18,13,30.6895)->(19,13,31.2574)->(20,13,31.9395)->(21,13,33.2574)->(22,13,5016.34)->
Agent 24:(2,23,3.29264)->(3,23,5.99949)->(4,23,7.31733)->(5,23,7.99949)->(6,23,8.56733)->(7,23,9.08528)->(8,23,9.58528)->(9,23,10.0853)->(10,23,10.5853)->(11,23,11.0853)->(12,23,11.5853)->(13,23,12.0853)->(14,23,12.5853)->(15,23,13.1032)->(16,23,13.6711)->(17,23,14.3532)->(18,23,15.6711)->(19,23,19.4637)->(19,22,23.2563)->(19,21,24.5742)->(19,20,25.2563)->(19,19,25.8242)->(19,18,26.3421)->(19,17,26.8421)->(19,16,27.3421)->(19,15,27.8421)->(19,14,28.3421)->(19,13,28.8421)->(19,12,29.3601)->(19,11,29.9279)->(19,10,30.6101)->(19,9,31.9279)->(19,8,34.5563)->(18,8,5017.47)->
Agent 25:(26,21,1.8)->(27,21,3.6)->(28,21,6.76421)->(28,20,9.34264)->(28,19,10.6605)->(28,18,11.3426)->(28,17,11.9105)->(28,16,12.4284)->(28,15,12.9464)->(28,14,13.5142)->(28,13,14.1964)->(28,12,15.5142)->(28,11,17.7284)->(27,11,20.5284)->(26,11,24.9784)->(26,12,29.4284)->(26,13,5014.71)->
Agent 26:(9,3,1.3)->(9,4,2.01421)->(9,5,3.33205)->(9,6,4.0641)->(9,7,4.79615)->(9,8,6.11399)->(9,9,8.66784)->(10,9,11.2217)->(11,9,12.5395)->(12,9,13.2217)->(13,9,13.7895)->(14,9,14.3075)->(15,9,14.8075)->(16,9,15.3254)->(17,9,15.8933)->(18,9,16.5754)->(19,9,17.8933)->(20,9,20.1075)->(20,10,22.9075)->(20,11,25.7075)->(21,11,27.9217)->(22,11,29.3359)->(23,11,30.7501)->(24,11,5015.08)->
Agent 27:(19,26,1.71421)->(19,27,4.22843)->(18,27,11.1784)->(18,26,16.7426)->(18,25,18.0605)->(18,24,18.7426)->(18,23,19.3105)->(18,22,19.8464)->(18,21,20.4142)->(18,20,21.0964)->(18,19,22.4142)->(18,18,5010.91)->
Agent 28:(3,29,3.77792)->(3,28,6.97005)->(3,27,8.28788)->(3,26,8.97005)->(3,25,9.53788)->(3,24,10.0558)->(3,23,10.5558)->(3,22,11.0558)->(3,21,11.5558)->(3,20,12.0558)->(3,19,12.5558)->(3,18,13.0558)->(3,17,13.5558)->(3,16,14.0558)->(3,15,14.5558)->(3,14,15.0558)->(3,13,15.5558)->(3,12,16.0558)->(3,11,16.5558)->(3,10,17.0558)->(3,9,17.5558)->(3,8,18.0558)->(3,7,18.5558)->(3,6,19.0558)->(3,5,19.5738)->(3,4,20.1416)->(3,3,20.8238)->(3,2,22.1416)->(3,1,24.5168)->(4,1,26.892)->(5,1,28.2099)->(6,1,28.892)->(7,1,29.4599)->(8,1,29.9778)->(9,1,30.4778)->(10,1,30.9778)->(11,1,31.4778)->(12,1,31.9778)->(13,1,32.4778)->(14,1,32.9778)->(15,1,33.4778)->(16,1,33.9958)->(17,1,34.5636)->(18,1,35.2458)->(19,1,36.5636)->(20,1,39.192)->(20,0,5019.79)->
Agent 29:(20,12,1.3)->(20,13,2.01421)->(20,14,3.33205)->(20,15,4.01421)->(20,16,4.58205)->(20,17,5.1)->(20,18,5.6)->(20,19,6.1)->(20,20,6.6)->(20,21,7.11795)->(20,22,7.68579)->(20,23,8.36795)->(20,24,9.68579)->(20,25,13.9463)->(19,25,18.2067)->(18,25,19.5246)->(17,25,20.2067)->(16,25,20.7746)->(15,25,21.2925)->(14,25,21.7925)->(13,25,22.2925)->(12,25,22.7925)->(11,25,23.2925)->(10,25,23.7925)->(9,25,24.2925)->(8,25,24.7925)->(7,25,25.3105)->(6,25,25.8783)->(5,25,26.5605)->(4,25,27.8783)->(3,25,5013.65)->
Agent 30:(22,23,2.61421)->(22,22,5.61421)->(21,22,8.24264)->(20,22,9.56048)->(19,22,10.2426)->(18,22,10.8105)->(17,22,11.3284)->(16,22,11.8284)->(15,22,12.3284)->(14,22,12.8284)->(13,22,13.3284)->(12,22,13.8284)->(11,22,14.3284)->(10,22,14.8464)->(9,22,15.4142)->(8,22,16.0964)->(7,22,17.4142)->(6,22,5008.41)->
Agent 31:(17,31,1.8)->(16,31,3.6)->(15,31,6.4)->(15,30,8.61421)->(15,29,10.0284)->(15,28,11.4426)->(15,27,20.3574)->(15,28,29.3074)->(15,29,31.3074)->(15,30,5015.38)->
Agent 32:(8,10,1.8)->(8,11,3.01421)->(8,12,4.34806)->(8,13,5.17649)->(8,14,6.51034)->(8,15,8.72456)->(9,15,10.9388)->(10,15,12.2566)->(11,15,12.9484)->(12,15,13.584)->(13,15,14.2758)->(14,15,15.5937)->(15,15,18.3966)->(15,16,21.1995)->(15,17,22.5173)->(15,18,23.1995)->(15,19,23.7673)->(15,20,24.2853)->(15,21,24.8032)->(15,22,25.3711)->(15,23,26.0532)->(15,24,27.3711)->(15,25,29.9995)->(16,25,5015.19)->
Agent 33:(11,0,1.8)->(10,0,3.6)->(9,0,11.5141)->(9,1,18.8424)->(9,2,20.1603)->(9,3,20.8424)->(9,4,21.4282)->(9,5,22.014)->(9,6,22.6962)->(9,7,24.014)->(9,8,5011.71)->
Agent 34:(0,22,2.2)->(0,21,3.84949)->(0,20,5.84949)->(0,19,16.8637)->(1,19,27.8426)->(2,19,29.1605)->(3,19,29.8426)->(4,19,30.4105)->(5,19,30.9284)->(6,19,31.4284)->(7,19,31.9284)->(8,19,32.4284)->(9,19,32.9284)->(10,19,33.4284)->(11,19,33.9284)->(12,19,34.4284)->(13,19,34.9284)->(14,19,35.4284)->(15,19,35.9284)->(16,19,36.4464)->(17,19,37.0142)->(18,19,37.6964)->(19,19,39.0142)->(20,19,5019.21)->
Agent 35:(17,14,1.95)->(18,14,3.31421)->(19,14,4.63205)->(20,14,5.31421)->(21,14,5.88205)->(22,14,6.4)->(23,14,6.9)->(24,14,7.4)->(25,14,7.9)->(26,14,8.4)->(27,14,8.91795)->(28,14,9.48579)->(29,14,10.1679)->(30,14,11.4858)->(31,14,13.7)->(31,15,15.9142)->(31,16,17.2321)->(31,17,17.9142)->(31,18,18.4821)->(31,19,19)->(31,20,19.5)->(31,21,20)->(31,22,20.5)->(31,23,21)->(31,24,21.5)->(31,25,22)->(31,26,22.5179)->(31,27,23.0858)->(31,28,23.7679)->(31,29,25.0858)->(31,30,5012.25)->
Agent 36:(27,6,4.5859)->(27,7,8.58601)->(27,8,9.90385)->(27,9,10.6359)->(27,10,11.3679)->(27,11,12.6858)->(27,12,15.2926)->(26,12,17.8995)->(25,12,19.2173)->(24,12,19.8995)->(23,12,20.4673)->(22,12,20.9853)->(21,12,21.4853)->(20,12,21.9853)->(19,12,22.4853)->(18,12,22.9853)->(17,12,23.4853)->(16,12,23.9853)->(15,12,24.4853)->(14,12,24.9853)->(13,12,25.4853)->(12,12,25.9853)->(11,12,26.4853)->(10,12,27.0032)->(9,12,27.5711)->(8,12,28.2532)->(7,12,29.5711)->(6,12,5014.49)->
Agent 37:(12,11,2.2)->(12,10,3.84949)->(12,9,5.84949)->(12,8,8.71744)->(13,8,11.5501)->(14,8,12.8679)->(15,8,13.5501)->(16,8,14.1179)->(17,8,14.6359)->(18,8,15.1359)->(19,8,15.6359)->(20,8,16.1359)->(21,8,16.6359)->(22,8,17.1359)->(23,8,17.6359)->(24,8,18.1359)->(25,8,18.6538)->(26,8,19.2217)->(27,8,19.9038)->(28,8,21.2217)->(29,8,5010.32)->
Agent 38:(30,17,1.8)->(29,17,3.01421)->(28,17,4.34806)->(27,17,5.17649)->(26,17,6.51034)->(25,17,8.72456)->(25,16,10.9388)->(25,15,12.2566)->(25,14,12.9484)->(25,13,13.584)->(25,12,14.2758)->(25,11,15.5937)->(25,10,18.5286)->(24,10,24.0315)->(24,9,5013.01)->
Agent 39:(28,2,1.8)->(27,2,3.01421)->(26,2,4.33205)->(25,2,5.01421)->(24,2,5.58205)->(23,2,6.1)->(22,2,6.6)->(21,2,7.1)->(20,2,7.6)->(19,2,8.1)->(18,2,8.6)->(17,2,9.1)->(16,2,9.6)->(15,2,10.1)->(14,2,10.6179)->(13,2,11.1858)->(12,2,11.8679)->(11,2,13.1858)->(10,2,5006.3)->
Agent 40:(19,14,1.71421)->(19,15,4.32792)->(19,14,7.47005)->(19,13,8.78788)->(19,12,9.47005)->(19,11,10.0379)->(19,10,10.5558)->(19,9,11.0558)->(19,8,11.5558)->(19,7,12.0738)->(19,6,12.6416)->(19,5,13.3238)->(19,4,14.6416)->(19,3,17.1243)->(18,3,19.607)->(17,3,20.9248)->(16,3,21.607)->(15,3,22.1748)->(14,3,22.6928)->(13,3,23.1928)->(12,3,23.6928)->(11,3,24.1928)->(10,3,24.6928)->(9,3,25.1928)->(8,3,25.6928)->(7,3,26.1928)->(6,3,26.6928)->(5,3,27.2107)->(4,3,27.7785)->(3,3,28.4607)->(2,3,29.7785)->(1,3,32.407)->(1,4,5016.4)->
Agent 41:(1,31,2.2)->(1,30,3.81421)->(1,29,5.13205)->(1,28,5.81421)->(1,27,6.4)->(1,26,6.98579)->(1,25,7.66795)->(1,24,8.98579)->(1,23,12.7784)->(2,23,16.5711)->(3,23,17.8889)->(4,23,18.5711)->(5,23,19.1569)->(6,23,19.7426)->(7,23,20.4248)->(8,23,21.7426)->(9,23,5010.58)->
Agent 42:(31,14,2.2)->(31,13,3.81421)->(31,12,5.14806)->(31,11,5.97649)->(31,10,7.31034)->(31,9,14.3691)->(30,9,21.4279)->(29,9,22.7458)->(28,9,23.4279)->(27,9,23.9958)->(26,9,24.5137)->(25,9,25.0137)->(24,9,25.5137)->(23,9,26.0137)->(22,9,26.5317)->(21,9,27.0995)->(20,9,27.7817)->(19,9,29.0995)->(18,9,5014.26)->
Agent 43:(5,20,2.2)->(5,19,3.81421)->(5,18,5.13205)->(5,17,5.82382)->(5,16,6.45949)->(5,15,7.15126)->(5,14,8.4691)->(5,13,12.5917)->(6,13,16.7142)->(7,13,18.0321)->(8,13,18.7142)->(9,13,19.2821)->(10,13,19.8)->(11,13,20.3)->(12,13,20.8)->(13,13,21.3)->(14,13,21.8)->(15,13,22.3)->(16,13,22.8)->(17,13,23.3)->(18,13,23.8)->(19,13,24.3)->(20,13,24.8)->(21,13,25.3)->(22,13,25.8)->(23,13,26.3)->(24,13,26.8)->(25,13,27.3)->(26,13,27.8)->(27,13,28.3179)->(28,13,28.8858)->(29,13,29.5679)->(30,13,30.8858)->(31,13,5015.15)->
Agent 44:(26,22,1.3)->(26,23,2.6)->(26,24,6.09264)->(25,24,8.99949)->(24,24,10.3173)->(23,24,10.9995)->(22,24,11.5673)->(21,24,12.0853)->(20,24,12.5853)->(19,24,13.0853)->(18,24,13.5853)->(17,24,14.0853)->(16,24,14.5853)->(15,24,15.0853)->(14,24,15.5853)->(13,24,16.0853)->(12,24,16.5853)->(11,24,17.0853)->(10,24,17.5853)->(9,24,18.0853)->(8,24,18.5853)->(7,24,19.0853)->(6,24,19.5853)->(5,24,20.1032)->(4,24,20.6711)->(3,24,21.3532)->(2,24,22.6711)->(1,24,5011.04)->
Agent 45:(29,29,2.2)->(29,28,3.81421)->(29,27,5.13205)->(29,26,5.81421)->(29,25,6.38205)->(29,24,6.9)->(29,23,7.41795)->(29,22,7.98579)->(29,21,8.66795)->(29,20,9.98579)->(29,19,12.2)->(28,19,14.4142)->(27,19,15.7321)->(26,19,16.4142)->(25,19,16.9821)->(24,19,17.5)->(23,19,18)->(22,19,18.5)->(21,19,19)->(20,19,19.5)->(19,19,20)->(18,19,20.5)->(17,19,21)->(16,19,21.5)->(15,19,22)->(14,19,22.5)->(13,19,23)->(12,19,23.5179)->(11,19,24.0858)->(10,19,24.7679)->(9,19,26.0858)->(8,19,28.7142)->(8,20,5014.55)->
Agent 46:(12,20,3.31795)->(12,19,6.05011)->(12,18,7.36795)->(12,17,8.05011)->(12,16,8.61795)->(12,15,9.1359)->(12,14,9.6359)->(12,13,10.1359)->(12,12,10.6359)->(12,11,11.1359)->(12,10,11.6359)->(12,9,12.1359)->(12,8,12.6359)->(12,7,13.1359)->(12,6,13.6359)->(12,5,14.1359)->(12,4,14.6538)->(12,3,15.2217)->(12,2,15.9038)->(12,1,17.2217)->(12,0,19.4359)->(11,0,21.6501)->(10,0,22.9679)->(9,0,23.6501)->(8,0,24.2359)->(7,0,24.8217)->(6,0,25.5038)->(5,0,26.8217)->(4,0,5013.12)->
Agent 47:(10,24,2.2)->(10,23,3.81421)->(10,22,5.13205)->(10,21,5.81421)->(10,20,6.38205)->(10,19,6.9)->(10,18,7.4)->(10,17,7.9)->(10,16,8.4)->(10,15,8.91795)->(10,14,9.48579)->(10,13,10.1679)->(10,12,11.4858)->(10,11,13.7)->(11,11,15.9495)->(12,11,17.9495)->(13,11,23.1063)->(13,12,5012.99)->
Agent 48:(19,30,4.26615)->(18,30,7.94651)->(17,30,9.28036)->(16,30,10.1088)->(15,30,11.4426)->(14,30,13.6569)->(14,29,15.9063)->(14,28,17.9063)->(14,27,22.4168)->(14,28,5012.32)->
Agent 49:(31,19,1.8)->(30,19,3.01421)->(29,19,4.33205)->(28,19,5.01421)->(27,19,5.58205)->(26,19,6.1)->(25,19,6.61795)->(24,19,7.18579)->(23,19,7.86795)->(22,19,9.18579)->(21,19,11.4)->(21,18,13.6142)->(21,17,14.9321)->(21,16,15.6142)->(21,15,16.1821)->(21,14,16.7)->(21,13,17.2)->(21,12,17.7)->(21,11,18.2)->(21,10,18.7)->(21,9,19.2179)->(21,8,19.7858)->(21,7,20.4679)->(21,6,21.7858)->(21,5,5010.6)->
Agent 50:(7,28,2.2)->(7,27,3.81421)->(7,26,5.13205)->(7,25,5.81421)->(7,24,6.38205)->(7,23,6.9)->(7,22,7.4)->(7,21,7.9)->(7,20,8.4)->(7,19,8.9)->(7,18,9.41795)->(7,17,9.98579)->(7,16,10.6679)->(7,15,11.9858)->(7,14,14.2)->(8,14,16.4142)->(9,14,17.7321)->(10,14,18.4142)->(11,14,18.9821)->(12,14,19.5)->(13,14,20)->(14,14,20.5)->(15,14,21)->(16,14,21.5)->(17,14,22)->(18,14,22.5)->(19,14,23)->(20,14,23.5179)->(21,14,24.0858)->(22,14,24.7679)->(23,14,26.0858)->(24,14,28.7142)->(24,13,5014.55)->
Agent 51:(24,18,2.2)->(24,17,3.81421)->(24,16,5.13205)->(24,15,5.81421)->(24,14,6.38205)->(24,13,6.9)->(24,12,7.4)->(24,11,7.9)->(24,10,8.4)->(24,9,8.9)->(24,8,9.4)->(24,7,9.9)->(24,6,10.4)->(24,5,10.9)->(24,4,11.4179)->(24,3,11.9858)->(24,2,12.6679)->(24,1,13.9858)->(24,0,16.2)->(23,0,18.4142)->(22,0,19.7321)->(21,0,20.4142)->(20,0,20.9821)->(19,0,21.5)->(18,0,22)->(17,0,22.5)->(16,0,23)->(15,0,23.5)->(14,0,24)->(13,0,24.5)->(12,0,25)->(11,0,25.5)->(10,0,26)->(9,0,26.5179)->(8,0,27.0858)->(7,0,27.7679)->(6,0,29.0858)->(5,0,31.7142)->(5,1,35.3142)->(4,1,37.9779)->(3,1,39.9779)->(2,1,5019.71)->
Agent 52:(19,22,3.8)->(19,21,7.01421)->(19,20,8.33205)->(19,19,9.01421)->(19,18,9.58205)->(19,17,10.1)->(19,16,10.6)->(19,15,11.1)->(19,14,11.6)->(19,13,12.1)->(19,12,12.6)->(19,11,13.1)->(19,10,13.6)->(19,9,14.1)->(19,8,14.6179)->(19,7,15.1858)->(19,6,15.8679)->(19,5,17.1858)->(19,4,19.4)->(20,4,21.6142)->(21,4,22.9321)->(22,4,23.6238)->(23,4,24.2595)->(24,4,24.9513)->(25,4,26.2691)->(26,4,5012.84)->
Agent 53:(30,6,4.46008)->(30,5,8.33437)->(30,4,9.74859)->(30,3,11.1628)->(30,2,13.7912)->(31,2,5007.09)->
Agent 54:(11,15,1.8)->(12,15,3.01421)->(13,15,4.33205)->(14,15,5.02382)->(15,15,5.65949)->(16,15,6.35126)->(17,15,7.6691)->(18,15,16.0485)->(18,14,24.4279)->(18,13,25.7458)->(18,12,26.4279)->(18,11,26.9958)->(18,10,27.5137)->(18,9,28.0137)->(18,8,28.5137)->(18,7,29.0137)->(18,6,29.5137)->(18,5,30.0137)->(18,4,30.5317)->(18,3,31.0995)->(18,2,31.7817)->(18,1,33.0995)->(18,0,5016.26)->
Agent 55:(19,29,2.61421)->(19,28,6.02843)->(20,28,5003.41)->
Agent 56:(26,19,1.71421)->(26,20,4.84264)->(25,20,8.49949)->(24,20,9.81733)->(23,20,10.4995)->(22,20,11.0673)->(21,20,11.5853)->(20,20,12.1032)->(19,20,12.6711)->(18,20,13.3532)->(17,20,14.6711)->(16,20,5007.04)->
Agent 57:(0,31,3.2)->(1,31,5.81421)->(2,31,7.13205)->(3,31,7.82382)->(4,31,8.45949)->(5,31,9.15126)->(6,31,10.4691)->(7,31,13.7701)->(7,30,17.0711)->(7,29,18.3889)->(7,28,19.0711)->(7,27,19.6389)->(7,26,20.1569)->(7,25,20.6569)->(7,24,21.1569)->(7,23,21.6569)->(7,22,22.1569)->(7,21,22.6569)->(7,20,23.1569)->(7,19,23.6569)->(7,18,24.1569)->(7,17,24.6569)->(7,16,25.1569)->(7,15,25.6569)->(7,14,26.1748)->(7,13,26.7426)->(7,12,27.4248)->(7,11,28.7426)->(7,10,5014.08)->
Agent 58:(8,31,2.2)->(8,30,3.81421)->(8,29,5.13205)->(8,28,5.81421)->(8,27,6.38205)->(8,26,6.9)->(8,25,7.4)->(8,24,7.9)->(8,23,8.4)->(8,22,8.9)->(8,21,9.4)->(8,20,9.9)->(8,19,10.4)->(8,18,10.9)->(8,17,11.4)->(8,16,11.9)->(8,15,12.4)->(8,14,12.9179)->(8,13,13.4858)->(8,12,14.1679)->(8,11,15.4858)->(8,10,20.8642)->(9,10,5012)->
Agent 59:(2,6,5.87843)->(2,7,11.1711)->(2,8,12.4889)->(2,9,13.1711)->(2,10,13.7389)->(2,11,14.2569)->(2,12,14.7569)->(2,13,15.2569)->(2,14,15.7569)->(2,15,16.2569)->(2,16,16.7569)->(2,17,17.2569)->(2,18,17.7569)->(2,19,18.2569)->(2,20,18.7569)->(2,21,19.2569)->(2,22,19.7569)->(2,23,20.2569)->(2,24,20.7569)->(2,25,21.2569)->(2,26,21.7748)->(2,27,22.3426)->(2,28,23.0248)->(2,29,24.3426)->(2,30,26.5569)->(3,30,28.8063)->(4,30,30.8063)->(5,30,5015.13)->
Agent 60:(2,24,2.19039)->(2,25,3.795)->(2,26,5.11284)->(2,27,5.80461)->(2,28,6.44028)->(2,29,7.13205)->(2,30,8.44989)->(2,31,11.7509)->(3,31,15.0519)->(4,31,16.3697)->(5,31,17.0615)->(6,31,17.6971)->(7,31,18.3889)->(8,31,19.7067)->(9,31,5009.56)->
Agent 61:(24,27,5.11048)->(24,26,9.63517)->(24,25,10.953)->(24,24,11.6352)->(24,23,12.203)->(24,22,12.721)->(24,21,13.221)->(24,20,13.721)->(24,19,14.221)->(24,18,14.721)->(24,17,15.221)->(24,16,15.721)->(24,15,16.221)->(24,14,16.721)->(24,13,17.221)->(24,12,17.721)->(24,11,18.221)->(24,10,18.721)->(24,9,19.221)->(24,8,19.721)->(24,7,20.221)->(24,6,20.721)->(24,5,21.221)->(24,4,21.7389)->(24,3,22.3067)->(24,2,22.9889)->(24,1,24.3067)->(24,0,26.521)->(25,0,28.7352)->(26,0,30.069)->(27,0,30.8974)->(28,0,32.2313)->(29,0,5015.82)->
Agent 62:(11,3,1.3)->(11,4,2.01421)->(11,5,3.33205)->(11,6,4.01421)->(11,7,4.58205)->(11,8,5.1)->(11,9,5.6)->(11,10,6.1)->(11,11,6.6)->(11,12,7.11795)->(11,13,7.68579)->(11,14,8.36795)->(11,15,9.68579)->(11,16,12.0069)->(12,16,14.3279)->(13,16,15.6458)->(14,16,16.3279)->(15,16,16.8958)->(16,16,17.4317)->(17,16,17.9995)->(18,16,18.6817)->(19,16,19.9995)->(20,16,5009.71)->
Agent 63:(4,10,1.3)->(4,11,2.01421)->(4,12,3.33205)->(4,13,4.01421)->(4,14,4.58205)->(4,15,5.1)->(4,16,5.6)->(4,17,6.11795)->(4,18,6.68579)->(4,19,7.36795)->(4,20,8.68579)->(4,21,11.7283)->(5,21,14.7708)->(6,21,16.0887)->(7,21,16.7708)->(8,21,17.3387)->(9,21,17.8566)->(10,21,18.3566)->(11,21,18.8566)->(12,21,19.3566)->(13,21,19.8566)->(14,21,20.3566)->(15,21,20.8566)->(16,21,21.3566)->(17,21,21.8566)->(18,21,22.3566)->(19,21,22.8566)->(20,21,23.3566)->(21,21,23.8566)->(22,21,24.3566)->(23,21,24.8746)->(24,21,25.4424)->(25,21,26.1246)->(26,21,27.4424)->(27,21,5013.43)->
Agent 64:(19,31,5.29264)->(19,30,9.99949)->(19,29,11.3173)->(19,28,11.9995)->(19,27,12.5673)->(19,26,13.0853)->(19,25,13.5853)->(19,24,14.0853)->(19,23,14.5853)->(19,22,15.0853)->(19,21,15.5853)->(19,20,16.0853)->(19,19,16.5853)->(19,18,17.0853)->(19,17,17.5853)->(19,16,18.0853)->(19,15,18.5853)->(19,14,19.0853)->(19,13,19.5853)->(19,12,20.0853)->(19,11,20.5853)->(19,10,21.0853)->(19,9,21.5853)->(19,8,22.0853)->(19,7,22.5853)->(19,6,23.0853)->(19,5,23.5853)->(19,4,24.1032)->(19,3,24.6711)->(19,2,25.3532)->(19,1,26.6711)->(19,0,28.8853)->(18,0,31.0995)->(17,0,32.4333)->(16,0,33.2618)->(15,0,34.5956)->(14,0,5017)->
Agent 65:(13,9,2.2)->(13,8,3.84949)->(13,7,5.84949)->(13,6,8.09898)->(14,6,10.3132)->(15,6,11.631)->(16,6,12.3132)->(17,6,12.881)->(18,6,13.4169)->(19,6,13.9848)->(20,6,14.6669)->(21,6,15.9848)->(22,6,20.7137)->(21,6,5011.6)->
Agent 66:(13,29,2.61421)->(13,28,5.61421)->(12,28,8.27792)->(11,28,10.2779)->(10,28,12.9416)->(10,29,5006.66)->
Agent 67:(2,22,2.2)->(2,21,3.81421)->(2,20,5.22843)->(2,19,6.64264)->(2,18,8.85685)->(3,18,11.1063)->(4,18,13.1063)->(5,18,5006.28)->
Agent 68:(20,10,2.97256)->(20,9,5.35933)->(20,8,6.67716)->(20,7,7.36893)->(20,6,8.00461)->(20,5,8.69638)->(20,4,10.0142)->(20,3,15.8106)->(19,3,21.607)->(18,3,22.9408)->(17,3,23.7692)->(16,3,25.1031)->(15,3,5012.26)->
Agent 69:(2,12,4.57843)->(2,13,8.57107)->(2,14,9.88891)->(2,15,10.5711)->(2,16,11.1389)->(2,17,11.6569)->(2,18,12.1569)->(2,19,12.6569)->(2,20,13.1569)->(2,21,13.6569)->(2,22,14.1569)->(2,23,14.6569)->(2,24,15.1569)->(2,25,15.6569)->(2,26,16.1748)->(2,27,16.7426)->(2,28,17.4248)->(2,29,18.7426)->(2,30,20.9569)->(3,30,23.1711)->(4,30,24.4889)->(5,30,25.1711)->(6,30,25.7389)->(7,30,26.2569)->(8,30,26.7569)->(9,30,27.2569)->(10,30,27.7569)->(11,30,28.2569)->(12,30,28.7569)->(13,30,29.2569)->(14,30,29.7569)->(15,30,30.2569)->(16,30,30.7748)->(17,30,31.3426)->(18,30,32.0248)->(19,30,33.3426)->(20,30,5016.38)->
