Agent 0:(15,12,2.72832)->(15,13,4.87084)->(15,14,6.18868)->(15,15,6.87084)->(15,16,7.43868)->(15,17,7.95663)->(15,18,8.45663)->(15,19,8.95663)->(15,20,9.45663)->(15,21,9.95663)->(15,22,10.4566)->(15,23,10.9566)->(15,24,11.4566)->(15,25,11.9566)->(15,26,12.4566)->(15,27,12.9746)->(15,28,13.5424)->(15,29,14.2246)->(15,30,15.5424)->(15,31,17.7566)->(14,31,19.9708)->(13,31,21.2887)->(12,31,21.9708)->(11,31,22.5387)->(10,31,23.0566)->(9,31,23.5566)->(8,31,24.0746)->(7,31,24.6424)->(6,31,25.3246)->(5,31,26.6424)->(4,31,5013.03)->
Agent 1:(8,26,1.3)->(8,27,2.6)->(8,28,6.81048)->(9,28,16.482)->(9,27,24.1858)->(9,26,25.6)->(9,25,27.0142)->(9,24,5013.21)->
Agent 2:(13,28,2.2)->(13,27,3.81421)->(13,26,5.22843)->(13,25,6.64264)->(13,24,9.24263)->(12,24,11.8426)->(11,24,13.1605)->(10,24,13.8426)->(9,24,14.4105)->(8,24,14.9284)->(7,24,15.4284)->(6,24,15.9463)->(5,24,16.5142)->(4,24,17.1963)->(3,24,18.5142)->(2,24,21.1426)->(2,23,5010.76)->
Agent 3:(23,29,3.38579)->(23,28,6.18579)->(23,27,7.50362)->(23,26,8.18579)->(23,25,8.75362)->(23,24,9.27157)->(23,23,9.78952)->(23,22,10.3574)->(23,21,11.0395)->(23,20,12.3574)->(23,19,14.5716)->(22,19,16.7858)->(21,19,18.1036)->(20,19,18.7858)->(19,19,19.3536)->(18,19,19.8716)->(17,19,20.3716)->(16,19,20.8716)->(15,19,21.3716)->(14,19,21.8895)->(13,19,22.4574)->(12,19,23.1395)->(11,19,24.4574)->(10,19,27.0858)->(10,20,5013.74)->
Agent 4:(25,1,2.03579)->(25,2,3.48579)->(25,3,4.80362)->(25,4,5.48579)->(25,5,6.05362)->(25,6,6.57157)->(25,7,7.07157)->(25,8,7.57157)->(25,9,8.07157)->(25,10,8.57157)->(25,11,9.08952)->(25,12,9.65736)->(25,13,10.3395)->(25,14,11.6574)->(25,15,13.8716)->(26,15,16.1211)->(27,15,18.1211)->(28,15,20.7848)->(28,16,5010.59)->
Agent 5:(14,20,1.8)->(15,20,3.01421)->(16,20,4.33205)->(17,20,5.01421)->(18,20,5.58205)->(19,20,6.1)->(20,20,6.6)->(21,20,7.11795)->(22,20,7.68579)->(23,20,8.36795)->(24,20,9.68579)->(25,20,12.3096)->(25,19,14.9334)->(25,18,16.2513)->(25,17,16.9334)->(25,16,17.5013)->(25,15,18.0372)->(25,14,18.605)->(25,13,19.2872)->(25,12,20.605)->(25,11,5010.01)->
Agent 6:(16,14,1.8)->(17,14,3.01421)->(18,14,4.33205)->(19,14,5.01421)->(20,14,5.58205)->(21,14,6.1)->(22,14,6.6)->(23,14,7.1)->(24,14,7.6)->(25,14,8.1)->(26,14,8.6)->(27,14,9.11795)->(28,14,9.68579)->(29,14,10.3679)->(30,14,11.6858)->(31,14,13.9)->(31,13,16.7)->(31,12,5008.35)->
Agent 7:(7,11,1.8)->(8,11,3.01421)->(9,11,4.33205)->(10,11,5.01421)->(11,11,5.58205)->(12,11,6.1)->(13,11,6.6)->(14,11,7.1)->(15,11,7.6)->(16,11,8.1)->(17,11,8.6)->(18,11,9.1)->(19,11,9.6)->(20,11,10.1)->(21,11,10.6)->(22,11,11.1179)->(23,11,11.6858)->(24,11,12.3679)->(25,11,13.6858)->(26,11,15.9)->(26,10,18.1495)->(26,9,20.1495)->(26,8,5009.8)->
Agent 8:(11,30,2.45)->(11,29,4.31421)->(11,28,5.63205)->(11,27,6.31421)->(11,26,6.88205)->(11,25,7.4)->(11,24,7.9)->(11,23,8.4)->(11,22,8.9)->(11,21,9.41795)->(11,20,9.98579)->(11,19,10.6679)->(11,18,11.9858)->(11,17,14.2)->(12,17,16.4142)->(13,17,17.8284)->(14,17,19.2426)->(15,17,5009.33)->
Agent 9:(11,1,2.61421)->(11,0,5.61421)->(12,0,8.24264)->(13,0,9.56048)->(14,0,10.2426)->(15,0,10.8105)->(16,0,11.3284)->(17,0,11.8284)->(18,0,12.3284)->(19,0,12.8284)->(20,0,13.3284)->(21,0,13.8284)->(22,0,14.3284)->(23,0,14.8284)->(24,0,15.3284)->(25,0,15.8284)->(26,0,16.3284)->(27,0,16.8464)->(28,0,17.4142)->(29,0,18.0964)->(30,0,19.4142)->(31,0,21.6284)->(31,1,24.4284)->(31,2,5012.21)->
Agent 10:(18,27,1.8)->(19,27,3.01421)->(20,27,4.33205)->(21,27,5.01421)->(22,27,5.6)->(23,27,6.18579)->(24,27,6.86795)->(25,27,8.18579)->(26,27,10.4)->(26,26,12.6142)->(26,25,13.9481)->(26,24,14.7765)->(26,23,16.1103)->(26,22,18.7388)->(27,22,26.0623)->(26,22,5015.09)->
Agent 11:(18,29,2.2)->(18,28,3.81421)->(18,27,5.13205)->(18,26,5.82382)->(18,25,6.45949)->(18,24,7.15126)->(18,23,8.4691)->(18,22,10.6833)->(17,22,12.8975)->(16,22,14.3117)->(15,22,15.726)->(14,22,19.7843)->(14,23,5010.8)->
Agent 12:(22,30,1.8)->(21,30,3.01421)->(20,30,4.33205)->(19,30,5.01421)->(18,30,5.58205)->(17,30,6.1)->(16,30,6.6)->(15,30,7.1)->(14,30,7.6)->(13,30,8.1)->(12,30,8.6)->(11,30,9.1)->(10,30,9.6)->(9,30,10.1)->(8,30,10.6)->(7,30,11.1)->(6,30,11.6)->(5,30,12.1)->(4,30,12.6179)->(3,30,13.1858)->(2,30,13.8679)->(1,30,15.1858)->(0,30,17.4)->(0,29,19.6142)->(0,28,20.9321)->(0,27,21.6142)->(0,26,22.1821)->(0,25,22.7)->(0,24,23.2)->(0,23,23.7)->(0,22,24.2)->(0,21,24.7)->(0,20,25.2)->(0,19,25.7)->(0,18,26.2)->(0,17,26.7)->(0,16,27.2)->(0,15,27.7)->(0,14,28.2)->(0,13,28.7)->(0,12,29.2)->(0,11,29.7179)->(0,10,30.2858)->(0,9,30.9679)->(0,8,32.2858)->(0,7,34.9142)->(1,7,38.5142)->(1,6,41.1426)->(1,5,42.4605)->(1,4,43.1925)->(1,3,43.9246)->(1,2,45.2424)->(1,1,47.8708)->(0,1,5024.13)->
Agent 13:(15,22,2.21421)->(15,23,3.84264)->(15,24,5.16048)->(15,25,5.89253)->(15,26,6.62458)->(15,27,7.94242)->(15,28,10.1566)->(16,28,12.3708)->(17,28,13.6887)->(18,28,14.3805)->(19,28,15.0161)->(20,28,15.7079)->(21,28,17.0257)->(22,28,5008.22)->
Agent 14:(30,9,2.2)->(29,9,3.81421)->(28,9,5.13205)->(27,9,5.81421)->(26,9,6.4)->(25,9,6.98579)->(24,9,7.66795)->(23,9,8.98579)->(22,9,12.5037)->(22,10,16.0217)->(22,11,17.3395)->(22,12,18.0217)->(22,13,18.5895)->(22,14,19.1075)->(22,15,19.6075)->(22,16,20.1075)->(22,17,20.6075)->(22,18,21.1075)->(22,19,21.6075)->(22,20,22.1254)->(22,21,22.6933)->(22,22,23.3754)->(22,23,24.6933)->(22,24,5012.05)->
Agent 15:(1,15,4.03579)->(2,15,7.48579)->(3,15,8.80362)->(4,15,9.48579)->(5,15,10.0536)->(6,15,10.5716)->(7,15,11.0716)->(8,15,11.5716)->(9,15,12.0716)->(10,15,12.5716)->(11,15,13.0716)->(12,15,13.5716)->(13,15,14.0716)->(14,15,14.5716)->(15,15,15.0716)->(16,15,15.5716)->(17,15,16.0716)->(18,15,16.5716)->(19,15,17.0716)->(20,15,17.5716)->(21,15,18.0716)->(22,15,18.5895)->(23,15,19.1574)->(24,15,19.8395)->(25,15,21.1574)->(26,15,23.3716)->(26,16,25.5858)->(26,17,26.9036)->(26,18,27.5858)->(26,19,28.1536)->(26,20,28.6716)->(26,21,29.1716)->(26,22,29.6716)->(26,23,30.1716)->(26,24,30.6716)->(26,25,31.1895)->(26,26,31.7574)->(26,27,32.4395)->(26,28,33.7574)->(26,29,5016.59)->
Agent 16:(14,9,1.3)->(14,10,2.01421)->(14,11,3.33205)->(14,12,4.01421)->(14,13,4.58205)->(14,14,5.1)->(14,15,5.6)->(14,16,6.1)->(14,17,6.6)->(14,18,7.1)->(14,19,7.6)->(14,20,8.11795)->(14,21,8.68579)->(14,22,9.36795)->(14,23,10.6858)->(14,24,12.9)->(15,24,15.1495)->(16,24,17.1495)->(17,24,19.399)->(17,25,22.199)->(17,26,5011.1)->
Agent 17:(7,21,1.71421)->(7,22,11.0142)->(8,22,20.8426)->(9,22,22.1605)->(10,22,22.8426)->(11,22,23.4105)->(12,22,23.9284)->(13,22,24.4284)->(14,22,24.9284)->(15,22,25.4284)->(16,22,25.9284)->(17,22,26.4284)->(18,22,26.9284)->(19,22,27.4284)->(20,22,27.9463)->(21,22,28.5142)->(22,22,29.1963)->(23,22,30.5142)->(24,22,5014.96)->
Agent 18:(18,5,1.3)->(18,6,2.01421)->(18,7,3.34806)->(18,8,4.17649)->(18,9,5.51034)->(18,10,7.72456)->(19,10,9.93877)->(20,10,11.2566)->(21,10,11.9887)->(22,10,12.7207)->(23,10,14.0385)->(24,10,16.667)->(24,11,5008.53)->
Agent 19:(13,18,1.3)->(13,19,2.04949)->(13,20,4.04949)->(13,21,8.47203)->(12,21,12.8593)->(11,21,14.1771)->(10,21,14.8689)->(9,21,15.5046)->(8,21,16.1963)->(7,21,17.5142)->(6,21,20.1426)->(6,22,5010.26)->
Agent 20:(10,16,2.81604)->(11,16,5.04629)->(12,16,6.38014)->(13,16,7.20857)->(14,16,8.54242)->(15,16,10.7566)->(15,17,12.9708)->(15,18,14.3047)->(15,19,15.1331)->(15,20,16.467)->(15,21,5007.94)->
Agent 21:(4,29,8.18216)->(4,28,15.7785)->(4,27,17.0964)->(4,26,17.7785)->(4,25,18.3464)->(4,24,18.8643)->(4,23,19.3643)->(4,22,19.8643)->(4,21,20.3643)->(4,20,20.8643)->(4,19,21.3643)->(4,18,21.8643)->(4,17,22.3643)->(4,16,22.8643)->(4,15,23.3643)->(4,14,23.8643)->(4,13,24.3643)->(4,12,24.8643)->(4,11,25.3643)->(4,10,25.8643)->(4,9,26.3643)->(4,8,26.8643)->(4,7,27.3643)->(4,6,27.8643)->(4,5,28.3823)->(4,4,28.9501)->(4,3,29.6323)->(4,2,30.9501)->(4,1,5015.18)->
Agent 22:(12,1,1.71421)->(12,2,3.81421)->(11,2,6.44264)->(10,2,7.76048)->(9,2,8.44264)->(8,2,9.01048)->(7,2,9.52843)->(6,2,10.0464)->(5,2,10.6142)->(4,2,11.2964)->(3,2,12.6142)->(2,2,22.1964)->(3,2,32.3643)->(4,2,5016.18)->
Agent 23:(6,16,1.3)->(6,17,2.01421)->(6,18,3.33205)->(6,19,4.01421)->(6,20,4.58205)->(6,21,5.11795)->(6,22,5.68579)->(6,23,6.36795)->(6,24,7.68579)->(6,25,10.2905)->(7,25,12.8952)->(8,25,14.213)->(9,25,14.8952)->(10,25,15.463)->(11,25,15.981)->(12,25,16.481)->(13,25,16.981)->(14,25,17.481)->(15,25,17.981)->(16,25,18.481)->(17,25,18.981)->(18,25,19.481)->(19,25,19.981)->(20,25,20.481)->(21,25,20.981)->(22,25,21.481)->(23,25,21.981)->(24,25,22.4989)->(25,25,23.0668)->(26,25,23.7489)->(27,25,25.0668)->(28,25,27.6952)->(28,26,5014.04)->
Agent 24:(23,2,1.3)->(23,3,2.6)->(23,4,5.4)->(24,4,7.64949)->(25,4,9.64949)->(26,4,12.1353)->(26,3,14.5858)->(26,2,16)->(26,1,17.4142)->(26,0,5008.41)->
Agent 25:(12,30,2.2)->(12,29,3.81421)->(12,28,5.13205)->(12,27,5.81421)->(12,26,6.38205)->(12,25,6.9)->(12,24,7.4)->(12,23,7.9)->(12,22,8.41795)->(12,21,8.98579)->(12,20,9.66795)->(12,19,10.9858)->(12,18,13.2)->(13,18,15.4142)->(14,18,16.7321)->(15,18,17.4641)->(16,18,18.1962)->(17,18,19.514)->(18,18,22.5319)->(18,19,26.1357)->(18,20,5013.07)->
Agent 26:(7,20,2.2)->(7,19,3.81421)->(7,18,5.13205)->(7,17,5.81421)->(7,16,6.38205)->(7,15,6.9)->(7,14,7.41795)->(7,13,7.98579)->(7,12,8.66795)->(7,11,9.98579)->(7,10,12.6142)->(6,10,17.2142)->(7,10,20.8426)->(8,10,22.1605)->(9,10,22.8426)->(10,10,23.4105)->(11,10,23.9463)->(12,10,24.5142)->(13,10,25.1963)->(14,10,26.5142)->(15,10,5012.96)->
Agent 27:(20,9,2.2)->(20,8,3.81421)->(20,7,5.13205)->(20,6,5.81421)->(20,5,6.4)->(20,4,6.98579)->(20,3,7.66795)->(20,2,8.98579)->(20,1,11.2)->(19,1,13.4142)->(18,1,14.7321)->(17,1,15.4142)->(16,1,15.9821)->(15,1,16.5)->(14,1,17)->(13,1,17.5)->(12,1,18)->(11,1,18.5)->(10,1,19)->(9,1,19.5)->(8,1,20)->(7,1,20.5)->(6,1,21)->(5,1,21.5)->(4,1,22.0179)->(3,1,22.5858)->(2,1,23.2679)->(1,1,24.5858)->(0,1,27.2142)->(0,0,5013.8)->
Agent 28:(22,3,1.3)->(22,4,2.01421)->(22,5,3.33205)->(22,6,4.01421)->(22,7,4.58205)->(22,8,5.1)->(22,9,5.6)->(22,10,6.11795)->(22,11,6.68579)->(22,12,7.36795)->(22,13,8.68579)->(22,14,10.9)->(23,14,13.1142)->(24,14,14.5284)->(25,14,15.9426)->(26,14,22.1784)->(26,15,5013.09)->
Agent 29:(10,23,4.95)->(10,22,9.31421)->(10,21,10.6321)->(10,20,11.3142)->(10,19,11.8821)->(10,18,12.4)->(10,17,12.9)->(10,16,13.4)->(10,15,13.9)->(10,14,14.4)->(10,13,14.9)->(10,12,15.4)->(10,11,15.9179)->(10,10,16.4858)->(10,9,17.1679)->(10,8,18.4858)->(10,7,20.7)->(11,7,22.9142)->(12,7,24.2321)->(13,7,24.9641)->(14,7,25.6962)->(15,7,27.014)->(16,7,29.6424)->(16,6,34.0566)->(16,7,5017.63)->
Agent 30:(24,2,2.4142)->(23,2,4.24261)->(22,2,5.56045)->(21,2,6.24261)->(20,2,6.81045)->(19,2,7.3284)->(18,2,7.8284)->(17,2,8.3284)->(16,2,8.8284)->(15,2,9.3284)->(14,2,9.84635)->(13,2,10.4142)->(12,2,11.0963)->(11,2,12.4142)->(10,2,14.6284)->(10,3,17.4284)->(10,4,21.5426)->(10,3,5011.41)->
Agent 31:(27,23,2.94166)->(26,23,5.29753)->(25,23,6.61537)->(24,23,7.29753)->(23,23,7.86537)->(22,23,8.38331)->(21,23,8.88331)->(20,23,9.38331)->(19,23,9.88331)->(18,23,10.4013)->(17,23,10.9691)->(16,23,11.6513)->(15,23,12.9691)->(14,23,15.5975)->(14,24,19.7059)->(13,24,22.8426)->(12,24,24.1605)->(11,24,24.8426)->(10,24,25.4105)->(9,24,25.9284)->(8,24,26.4284)->(7,24,26.9463)->(6,24,27.5142)->(5,24,28.1963)->(4,24,29.5142)->(3,24,5014.46)->
Agent 32:(12,22,1.8)->(13,22,3.01421)->(14,22,4.33205)->(15,22,5.01421)->(16,22,5.58205)->(17,22,6.11795)->(18,22,6.68579)->(19,22,7.36795)->(20,22,8.68579)->(21,22,10.9)->(21,23,13.7)->(21,24,17.2014)->(20,24,20.1171)->(19,24,21.4509)->(18,24,22.2793)->(17,24,23.6132)->(16,24,5011.51)->
Agent 33:(1,17,4.03579)->(1,16,7.48579)->(1,15,8.80362)->(1,14,9.48579)->(1,13,10.0536)->(1,12,10.5716)->(1,11,11.0716)->(1,10,11.5716)->(1,9,12.0716)->(1,8,12.5716)->(1,7,13.0716)->(1,6,13.5716)->(1,5,14.0716)->(1,4,14.5895)->(1,3,15.1574)->(1,2,15.8395)->(1,1,17.1574)->(1,0,19.3716)->(2,0,21.5858)->(3,0,22.9036)->(4,0,23.5858)->(5,0,24.1536)->(6,0,24.6716)->(7,0,25.1895)->(8,0,25.7574)->(9,0,26.4395)->(10,0,27.7574)->(11,0,30.3858)->(11,1,33.9858)->(12,1,36.6495)->(13,1,38.6495)->(14,1,5019.05)->
Agent 34:(10,22,2.61421)->(10,21,6.15)->(9,21,9.31421)->(8,21,10.6321)->(7,21,11.3238)->(6,21,11.9595)->(5,21,12.6513)->(4,21,13.9691)->(3,21,5006.69)->
Agent 35:(3,3,2.01784)->(3,4,3.44989)->(3,5,4.76773)->(3,6,5.44989)->(3,7,6.01773)->(3,8,6.53567)->(3,9,7.03567)->(3,10,7.53567)->(3,11,8.03567)->(3,12,8.53567)->(3,13,9.03567)->(3,14,9.53567)->(3,15,10.0357)->(3,16,10.5536)->(3,17,11.1215)->(3,18,11.8036)->(3,19,13.1215)->(3,20,15.3357)->(4,20,17.5499)->(5,20,18.8677)->(6,20,19.5499)->(7,20,20.1177)->(8,20,20.6357)->(9,20,21.1357)->(10,20,21.6357)->(11,20,22.1357)->(12,20,22.6357)->(13,20,23.1357)->(14,20,23.6357)->(15,20,24.1357)->(16,20,24.6357)->(17,20,25.1357)->(18,20,25.6357)->(19,20,26.1357)->(20,20,26.6357)->(21,20,27.1357)->(22,20,27.6357)->(23,20,28.1536)->(24,20,28.7215)->(25,20,29.4036)->(26,20,30.7215)->(27,20,33.3499)->(27,21,5016.87)->
Agent 36:(31,23,2.2)->(31,22,3.81421)->(31,21,5.13205)->(31,20,5.82382)->(31,19,6.45949)->(31,18,7.15126)->(31,17,8.4691)->(31,16,10.6833)->(30,16,12.8975)->(29,16,14.2154)->(28,16,14.8975)->(27,16,15.4654)->(26,16,15.9833)->(25,16,16.4833)->(24,16,16.9833)->(23,16,17.5013)->(22,16,18.0691)->(21,16,18.7513)->(20,16,20.0691)->(19,16,22.6975)->(19,17,26.2975)->(18,17,29.5117)->(17,17,5014.76)->
Agent 37:(11,18,3.23025)->(11,17,5.87472)->(11,16,7.19255)->(11,15,7.87472)->(11,14,8.44255)->(11,13,8.9605)->(11,12,9.4605)->(11,11,9.9605)->(11,10,10.4605)->(11,9,10.9605)->(11,8,11.4605)->(11,7,11.9785)->(11,6,12.5463)->(11,5,13.2285)->(11,4,14.5463)->(11,3,16.7605)->(12,3,18.9747)->(13,3,20.2926)->(14,3,20.9747)->(15,3,21.5426)->(16,3,22.0605)->(17,3,22.5605)->(18,3,23.0605)->(19,3,23.5785)->(20,3,24.1463)->(21,3,24.8285)->(22,3,26.1463)->(23,3,28.7747)->(23,2,32.3747)->(24,2,35.5889)->(25,2,5017.79)->
Agent 38:(15,1,2.91614)->(15,2,5.24649)->(15,3,6.58034)->(15,4,7.40876)->(15,5,8.74261)->(15,6,10.9568)->(16,6,13.2063)->(17,6,15.2063)->(18,6,5007.33)->
Agent 39:(20,1,1.91614)->(19,1,3.24649)->(18,1,4.56432)->(17,1,5.24649)->(16,1,5.81432)->(15,1,6.33227)->(14,1,6.83227)->(13,1,7.33227)->(12,1,7.83227)->(11,1,8.33227)->(10,1,8.85022)->(9,1,9.41806)->(8,1,10.1002)->(7,1,11.4181)->(6,1,14.0465)->(6,2,21.0519)->(6,1,27.6716)->(6,0,5013.84)->
Agent 40:(17,24,1.71421)->(17,25,4.3779)->(17,24,7.57002)->(17,23,8.88786)->(17,22,9.57002)->(17,21,10.1379)->(17,20,10.6558)->(17,19,11.1558)->(17,18,11.6558)->(17,17,12.1558)->(17,16,12.6558)->(17,15,13.1558)->(17,14,13.6558)->(17,13,14.1558)->(17,12,14.6558)->(17,11,15.1558)->(17,10,15.6558)->(17,9,16.1558)->(17,8,16.6738)->(17,7,17.2416)->(17,6,17.9238)->(17,5,19.2416)->(17,4,21.4558)->(16,4,23.67)->(15,4,24.9879)->(14,4,25.67)->(13,4,26.2379)->(12,4,26.7558)->(11,4,27.2558)->(10,4,27.7558)->(9,4,28.2558)->(8,4,28.7558)->(7,4,29.2738)->(6,4,29.8416)->(5,4,30.5238)->(4,4,31.8416)->(3,4,34.0558)->(3,3,36.3053)->(3,2,38.3053)->(3,1,5018.88)->
Agent 41:(9,27,2.2)->(9,26,3.81421)->(9,25,5.13205)->(9,24,5.81421)->(9,23,6.38205)->(9,22,6.9)->(9,21,7.4)->(9,20,7.9)->(9,19,8.4)->(9,18,8.9)->(9,17,9.4)->(9,16,9.9)->(9,15,10.4)->(9,14,10.9)->(9,13,11.4)->(9,12,11.9)->(9,11,12.4)->(9,10,12.9)->(9,9,13.4)->(9,8,13.9)->(9,7,14.4179)->(9,6,14.9858)->(9,5,15.6679)->(9,4,16.9858)->(9,3,19.2)->(10,3,21.4142)->(11,3,22.7321)->(12,3,23.4142)->(13,3,23.9821)->(14,3,24.5)->(15,3,25)->(16,3,25.5)->(17,3,26.0179)->(18,3,26.5858)->(19,3,27.2679)->(20,3,28.5858)->(21,3,31.2142)->(21,2,5015.8)->
Agent 42:(19,12,2.2)->(19,11,3.81421)->(19,10,5.13205)->(19,9,5.81421)->(19,8,6.38205)->(19,7,6.9)->(19,6,7.41795)->(19,5,7.98579)->(19,4,8.66795)->(19,3,9.98579)->(19,2,12.2)->(18,2,14.4142)->(17,2,15.7321)->(16,2,16.4142)->(15,2,16.9821)->(14,2,17.5)->(13,2,18)->(12,2,18.5179)->(11,2,19.0858)->(10,2,19.7679)->(9,2,21.0858)->(8,2,23.9142)->(8,1,5012.25)->
Agent 43:(5,31,7.82382)->(5,30,15.0619)->(5,29,16.3797)->(5,28,17.0619)->(5,27,17.6297)->(5,26,18.1476)->(5,25,18.6476)->(5,24,19.1476)->(5,23,19.6476)->(5,22,20.1476)->(5,21,20.6476)->(5,20,21.1656)->(5,19,21.7334)->(5,18,22.4156)->(5,17,23.7334)->(5,16,25.9476)->(6,16,28.7476)->(7,16,5014.37)->
Agent 44:(11,28,2.2)->(11,27,3.81421)->(11,26,5.13205)->(11,25,5.81421)->(11,24,6.38205)->(11,23,6.9)->(11,22,7.4)->(11,21,7.9)->(11,20,8.4)->(11,19,8.9)->(11,18,9.4)->(11,17,9.9)->(11,16,10.4)->(11,15,10.9)->(11,14,11.4)->(11,13,11.9)->(11,12,12.4)->(11,11,12.9)->(11,10,13.4179)->(11,9,13.9858)->(11,8,14.6679)->(11,7,15.9858)->(11,6,20.5358)->(12,6,25.6716)->(13,6,31.8354)->(13,5,37.4134)->(13,4,38.7313)->(13,3,39.4633)->(13,2,40.1954)->(13,1,41.5132)->(13,0,5020.46)->
Agent 45:(23,16,1.8)->(24,16,3.01421)->(25,16,4.33205)->(26,16,5.0641)->(27,16,5.79615)->(28,16,7.11399)->(29,16,9.3282)->(29,17,11.5424)->(29,18,12.8603)->(29,19,13.5424)->(29,20,14.1103)->(29,21,14.6282)->(29,22,15.1462)->(29,23,15.714)->(29,24,16.3962)->(29,25,17.714)->(29,26,20.3424)->(30,26,28.97)->(30,27,37.2117)->(30,28,5018.61)->
Agent 46:(16,26,2.5779)->(16,25,4.57002)->(16,24,5.88786)->(16,23,6.57002)->(16,22,7.13786)->(16,21,7.65581)->(16,20,8.15581)->(16,19,8.65581)->(16,18,9.15581)->(16,17,9.65581)->(16,16,10.1558)->(16,15,10.6558)->(16,14,11.1558)->(16,13,11.6558)->(16,12,12.1558)->(16,11,12.6558)->(16,10,13.1558)->(16,9,13.6558)->(16,8,14.1558)->(16,7,14.6558)->(16,6,15.1738)->(16,5,15.7416)->(16,4,16.4238)->(16,3,17.7416)->(16,2,20.8353)->(15,2,23.9289)->(14,2,25.3431)->(13,2,26.7574)->(12,2,5013.09)->
Agent 47:(19,5,2.4142)->(18,5,4.24261)->(17,5,5.56045)->(16,5,6.24261)->(15,5,6.81045)->(14,5,7.3284)->(13,5,7.8284)->(12,5,8.3284)->(11,5,8.84635)->(10,5,9.41419)->(9,5,10.0963)->(8,5,11.4142)->(7,5,13.6284)->(7,6,15.8426)->(7,7,17.1605)->(7,8,17.8426)->(7,9,18.4105)->(7,10,18.9284)->(7,11,19.4284)->(7,12,19.9284)->(7,13,20.4284)->(7,14,20.9284)->(7,15,21.4284)->(7,16,21.9284)->(7,17,22.4284)->(7,18,22.9284)->(7,19,23.4284)->(7,20,23.9284)->(7,21,24.4284)->(7,22,24.9284)->(7,23,25.4284)->(7,24,25.9284)->(7,25,26.4284)->(7,26,26.9463)->(7,27,27.5142)->(7,28,28.1963)->(7,29,29.5142)->(7,30,5014.46)->
Agent 48:(29,3,1.36421)->(29,4,2.14264)->(29,5,3.46048)->(29,6,4.14264)->(29,7,4.71048)->(29,8,5.24638)->(29,9,5.81421)->(29,10,6.49638)->(29,11,7.81421)->(29,12,14.7142)->(28,12,21.6142)->(27,12,22.9321)->(26,12,23.6142)->(25,12,24.1821)->(24,12,24.7)->(23,12,25.2)->(22,12,25.7)->(21,12,26.2)->(20,12,26.7)->(19,12,27.2)->(18,12,27.7)->(17,12,28.2)->(16,12,28.7)->(15,12,29.2)->(14,12,29.7)->(13,12,30.2)->(12,12,30.7)->(11,12,31.2)->(10,12,31.7)->(9,12,32.2179)->(8,12,32.7858)->(7,12,33.4679)->(6,12,34.7858)->(5,12,37.4142)->(5,13,5018.9)->
Agent 49:(9,30,3.36421)->(9,29,6.14264)->(9,28,7.46048)->(9,27,8.14264)->(9,26,8.71048)->(9,25,9.22843)->(9,24,9.72843)->(9,23,10.2284)->(9,22,10.7284)->(9,21,11.2284)->(9,20,11.7284)->(9,19,12.2284)->(9,18,12.7284)->(9,17,13.2284)->(9,16,13.7284)->(9,15,14.2284)->(9,14,14.7284)->(9,13,15.2284)->(9,12,15.7284)->(9,11,16.2284)->(9,10,16.7464)->(9,9,17.3142)->(9,8,17.9964)->(9,7,19.3142)->(9,6,21.5284)->(8,6,23.7426)->(7,6,25.0605)->(6,6,25.7426)->(5,6,26.3105)->(4,6,26.8464)->(3,6,27.4142)->(2,6,28.0964)->(1,6,29.4142)->(0,6,5014.41)->
Agent 50:(13,13,4.97254)->(13,14,9.3593)->(13,15,10.6771)->(13,16,11.3593)->(13,17,11.9271)->(13,18,12.4451)->(13,19,12.9451)->(13,20,13.4451)->(13,21,13.9451)->(13,22,14.4451)->(13,23,14.9451)->(13,24,15.4451)->(13,25,15.963)->(13,26,16.5309)->(13,27,17.213)->(13,28,18.5309)->(13,29,20.7451)->(14,29,22.9593)->(15,29,24.3735)->(16,29,25.7877)->(17,29,5012.6)->
Agent 51:(8,13,4.3279)->(9,13,8.07002)->(10,13,9.38786)->(11,13,10.07)->(12,13,10.6379)->(13,13,11.1558)->(14,13,11.6558)->(15,13,12.1558)->(16,13,12.6558)->(17,13,13.1558)->(18,13,13.6558)->(19,13,14.1558)->(20,13,14.6558)->(21,13,15.1558)->(22,13,15.6558)->(23,13,16.1558)->(24,13,16.6558)->(25,13,17.1558)->(26,13,17.6738)->(27,13,18.2416)->(28,13,18.9238)->(29,13,20.2416)->(30,13,22.4558)->(30,14,25.2558)->(30,15,5012.63)->
Agent 52:(16,10,1.8)->(15,10,3.01421)->(14,10,4.42843)->(13,10,5.84264)->(12,10,13.2142)->(12,9,20.5858)->(12,8,21.9036)->(12,7,22.5858)->(12,6,23.1536)->(12,5,23.6716)->(12,4,24.1895)->(12,3,24.7574)->(12,2,25.4395)->(12,1,26.7574)->(12,0,5013.09)->
Agent 53:(21,10,1.3)->(21,11,2.01421)->(21,12,3.33205)->(21,13,4.02382)->(21,14,4.65949)->(21,15,5.35126)->(21,16,6.6691)->(21,17,11.4276)->(22,17,16.186)->(23,17,17.5038)->(24,17,18.2359)->(25,17,18.9679)->(26,17,20.2858)->(27,17,5009.85)->
Agent 54:(12,3,1.8)->(13,3,3.01421)->(14,3,4.33205)->(15,3,5.0641)->(16,3,5.79615)->(17,3,7.11399)->(18,3,9.3282)->(18,4,11.5424)->(18,5,12.8603)->(18,6,13.5424)->(18,7,14.1103)->(18,8,14.6282)->(18,9,15.1282)->(18,10,15.6282)->(18,11,16.1282)->(18,12,16.6462)->(18,13,17.214)->(18,14,17.8962)->(18,15,19.214)->(18,16,5009.31)->
Agent 55:(31,10,2.2)->(31,9,3.81421)->(31,8,5.13205)->(31,7,5.81421)->(31,6,6.4)->(31,5,6.98579)->(31,4,7.66795)->(31,3,8.98579)->(31,2,13.0358)->(30,2,17.0858)->(29,2,18.4036)->(28,2,19.0858)->(27,2,19.6536)->(26,2,20.1716)->(25,2,20.6716)->(24,2,21.1716)->(23,2,21.6716)->(22,2,22.1716)->(21,2,22.6716)->(20,2,23.1716)->(19,2,23.6716)->(18,2,24.1895)->(17,2,24.7574)->(16,2,25.4395)->(15,2,26.7574)->(14,2,5013.09)->
Agent 56:(20,30,1.71421)->(20,31,4.21421)->(20,30,7.24264)->(20,29,8.56048)->(20,28,9.24264)->(20,27,9.81048)->(20,26,10.3284)->(20,25,10.8284)->(20,24,11.3284)->(20,23,11.8284)->(20,22,12.3284)->(20,21,12.8284)->(20,20,13.3284)->(20,19,13.8284)->(20,18,14.3284)->(20,17,14.8284)->(20,16,15.3284)->(20,15,15.8284)->(20,14,16.3284)->(20,13,16.8284)->(20,12,17.3284)->(20,11,17.8284)->(20,10,18.3284)->(20,9,18.8464)->(20,8,19.4142)->(20,7,20.0964)->(20,6,21.4142)->(20,5,23.6284)->(19,5,25.8426)->(18,5,27.1605)->(17,5,27.8426)->(16,5,28.4105)->(15,5,28.9284)->(14,5,29.4284)->(13,5,29.9284)->(12,5,30.4284)->(11,5,30.9284)->(10,5,31.4284)->(9,5,31.9284)->(8,5,32.4284)->(7,5,32.9284)->(6,5,33.4284)->(5,5,33.9284)->(4,5,34.4464)->(3,5,35.0142)->(2,5,35.6964)->(1,5,37.0142)->(0,5,5018.21)->
Agent 57:(3,11,1.3)->(3,12,2.01421)->(3,13,3.33205)->(3,14,4.01421)->(3,15,4.58205)->(3,16,5.1)->(3,17,5.6)->(3,18,6.1)->(3,19,6.61795)->(3,20,7.18579)->(3,21,7.86795)->(3,22,9.18579)->(3,23,11.85)->(4,23,14.5142)->(5,23,15.832)->(6,23,16.5142)->(7,23,17.082)->(8,23,17.6)->(9,23,18.1)->(10,23,18.6)->(11,23,19.1)->(12,23,19.6179)->(13,23,20.1858)->(14,23,20.8679)->(15,23,22.1858)->(16,23,5010.8)->
Agent 58:(3,9,1.8)->(4,9,3.01421)->(5,9,4.33205)->(6,9,5.01421)->(7,9,5.58205)->(8,9,6.1)->(9,9,6.6)->(10,9,7.1)->(11,9,7.6)->(12,9,8.1)->(13,9,8.6)->(14,9,9.1)->(15,9,9.6)->(16,9,10.1)->(17,9,10.6179)->(18,9,11.1858)->(19,9,11.8679)->(20,9,13.1858)->(21,9,15.4)->(21,10,17.6142)->(21,11,18.9321)->(21,12,19.6142)->(21,13,20.1821)->(21,14,20.7179)->(21,15,21.2858)->(21,16,21.9679)->(21,17,23.2858)->(21,18,25.5)->(22,18,27.7142)->(23,18,29.1284)->(24,18,30.5426)->(25,18,5014.98)->
Agent 59:(30,30,3.90587)->(30,29,7.22596)->(30,28,8.54379)->(30,27,9.22596)->(30,26,9.79379)->(30,25,10.3117)->(30,24,10.8117)->(30,23,11.3117)->(30,22,11.8117)->(30,21,12.3117)->(30,20,12.8117)->(30,19,13.3117)->(30,18,13.8117)->(30,17,14.3117)->(30,16,14.8117)->(30,15,15.3117)->(30,14,15.8117)->(30,13,16.3117)->(30,12,16.8117)->(30,11,17.3117)->(30,10,17.8117)->(30,9,18.3117)->(30,8,18.8117)->(30,7,19.3297)->(30,6,19.8975)->(30,5,20.5797)->(30,4,21.8975)->(30,3,24.1117)->(29,3,26.326)->(28,3,27.6438)->(27,3,28.3758)->(26,3,29.1079)->(25,3,30.4257)->(24,3,5014.92)->
Agent 60:(1,22,1.3)->(1,23,2.01421)->(1,24,3.42843)->(1,25,4.84264)->(1,26,8.34263)->(2,26,11.8426)->(3,26,13.1605)->(4,26,13.8426)->(5,26,14.4105)->(6,26,14.9284)->(7,26,15.4284)->(8,26,15.9284)->(9,26,16.4284)->(10,26,16.9284)->(11,26,17.4284)->(12,26,17.9284)->(13,26,18.4284)->(14,26,18.9284)->(15,26,19.4463)->(16,26,20.0142)->(17,26,20.6963)->(18,26,22.0142)->(19,26,5010.71)->
Agent 61:(4,8,1.8)->(5,8,3.01421)->(6,8,4.42843)->(7,8,5.84264)->(8,8,8.05685)->(8,9,10.2711)->(8,10,11.5889)->(8,11,12.2711)->(8,12,12.8569)->(8,13,13.4426)->(8,14,14.1248)->(8,15,15.4426)->(8,16,5007.43)->
Agent 62:(7,1,1.3)->(7,2,2.6)->(7,3,5.4)->(8,3,7.61421)->(9,3,8.93205)->(10,3,9.61421)->(11,3,10.1821)->(12,3,10.7)->(13,3,11.2)->(14,3,11.7)->(15,3,12.2)->(16,3,12.7)->(17,3,13.2)->(18,3,13.7)->(19,3,14.2)->(20,3,14.7)->(21,3,15.2)->(22,3,15.7)->(23,3,16.2)->(24,3,16.7179)->(25,3,17.2858)->(26,3,17.9679)->(27,3,19.2858)->(28,3,21.9142)->(28,4,5011.15)->
Agent 63:(4,20,2.21421)->(5,20,4.81421)->(5,21,7.44264)->(5,22,8.76048)->(5,23,9.45225)->(5,24,10.0879)->(5,25,10.7797)->(5,26,12.0975)->(5,27,14.3117)->(6,27,16.526)->(7,27,17.8438)->(8,27,18.526)->(9,27,19.0938)->(10,27,19.6117)->(11,27,20.1117)->(12,27,20.6117)->(13,27,21.1117)->(14,27,21.6117)->(15,27,22.1117)->(16,27,22.6117)->(17,27,23.1117)->(18,27,23.6117)->(19,27,24.1117)->(20,27,24.6117)->(21,27,25.1117)->(22,27,25.6117)->(23,27,26.1117)->(24,27,26.6117)->(25,27,27.1117)->(26,27,27.6297)->(27,27,28.1975)->(28,27,28.8797)->(29,27,30.1975)->(30,27,32.4117)->(30,28,35.2117)->(30,29,5017.61)->
Agent 64:(4,23,2.2)->(4,22,3.81421)->(4,21,5.13205)->(4,20,5.81421)->(4,19,6.38205)->(4,18,6.9)->(4,17,7.4)->(4,16,7.9)->(4,15,8.4)->(4,14,8.9)->(4,13,9.4)->(4,12,9.9)->(4,11,10.4)->(4,10,10.9)->(4,9,11.4)->(4,8,11.9)->(4,7,12.4)->(4,6,12.9)->(4,5,13.4)->(4,4,13.9179)->(4,3,14.4858)->(4,2,15.1679)->(4,1,16.4858)->(4,0,18.7)->(5,0,20.9142)->(6,0,22.2321)->(7,0,22.9142)->(8,0,23.4821)->(9,0,24)->(10,0,24.5)->(11,0,25.0179)->(12,0,25.5858)->(13,0,26.2679)->(14,0,27.5858)->(15,0,5013.5)->
Agent 65:(25,10,1.3)->(25,11,2.01421)->(25,12,3.33205)->(25,13,4.01421)->(25,14,4.58205)->(25,15,5.1)->(25,16,5.6)->(25,17,6.1)->(25,18,6.6)->(25,19,7.11795)->(25,20,7.68579)->(25,21,8.36795)->(25,22,9.68579)->(25,23,11.9)->(24,23,14.1142)->(23,23,15.4321)->(22,23,16.1641)->(21,23,16.8962)->(20,23,18.214)->(19,23,5008.81)->
Agent 66:(14,24,1.8)->(15,24,3.01421)->(16,24,4.33205)->(17,24,5.01421)->(18,24,5.58205)->(19,24,6.1)->(20,24,6.6)->(21,24,7.1)->(22,24,7.6)->(23,24,8.11795)->(24,24,8.68579)->(25,24,9.36795)->(26,24,10.6858)->(27,24,12.9)->(27,23,15.1142)->(27,22,16.4321)->(27,21,17.1142)->(27,20,17.6821)->(27,19,18.2)->(27,18,18.7)->(27,17,19.2)->(27,16,19.7)->(27,15,20.2)->(27,14,20.7)->(27,13,21.2)->(27,12,21.7)->(27,11,22.2)->(27,10,22.7)->(27,9,23.2)->(27,8,23.7179)->(27,7,24.2858)->(27,6,24.9679)->(27,5,26.2858)->(27,4,5012.85)->
Agent 67:(2,16,1.3)->(2,17,2.01421)->(2,18,3.33205)->(2,19,4.01421)->(2,20,4.58205)->(2,21,5.11795)->(2,22,5.68579)->(2,23,6.36795)->(2,24,7.68579)->(2,25,12.9822)->(3,25,18.2785)->(4,25,19.5964)->(5,25,20.2785)->(6,25,20.8464)->(7,25,21.3643)->(8,25,21.8643)->(9,25,22.3643)->(10,25,22.8643)->(11,25,23.3643)->(12,25,23.8643)->(13,25,24.3643)->(14,25,24.8643)->(15,25,25.3643)->(16,25,25.8643)->(17,25,26.3643)->(18,25,26.8643)->(19,25,27.3643)->(20,25,27.8823)->(21,25,28.4501)->(22,25,29.1323)->(23,25,30.4501)->(24,25,5014.93)->
Agent 68:(26,11,2.2)->(26,10,3.81421)->(26,9,5.13205)->(26,8,5.81421)->(26,7,6.38205)->(26,6,6.9)->(26,5,7.41795)->(26,4,7.98579)->(26,3,8.66795)->(26,2,9.98579)->(26,1,12.2)->(25,1,14.4142)->(24,1,15.7321)->(23,1,16.4142)->(22,1,16.9821)->(21,1,17.5)->(20,1,18)->(19,1,18.5)->(18,1,19)->(17,1,19.5)->(16,1,20)->(15,1,20.5)->(14,1,21)->(13,1,21.5)->(12,1,22)->(11,1,22.5)->(10,1,23)->(9,1,23.5)->(8,1,24)->(7,1,24.5179)->(6,1,25.0858)->(5,1,25.7679)->(4,1,27.0858)->(3,1,29.7142)->(3,0,5015.05)->
Agent 69:(6,29,6.2142)->(6,28,11.8426)->(6,27,13.1605)->(6,26,13.8426)->(6,25,14.4105)->(6,24,14.9284)->(6,23,15.4284)->(6,22,15.9284)->(6,21,16.4284)->(6,20,16.9284)->(6,19,17.4284)->(6,18,17.9284)->(6,17,18.4284)->(6,16,18.9284)->(6,15,19.4284)->(6,14,19.9284)->(6,13,20.4284)->(6,12,20.9284)->(6,11,21.4463)->(6,10,22.0142)->(6,9,22.6963)->(6,8,24.0142)->(6,7,26.2284)->(7,7,28.4426)->(8,7,29.7605)->(9,7,30.4426)->(10,7,31.0105)->(11,7,31.5284)->(12,7,32.0284)->(13,7,32.5284)->(14,7,33.0284)->(15,7,33.5284)->(16,7,34.0284)->(17,7,34.5284)->(18,7,35.0463)->(19,7,35.6142)->(20,7,36.2963)->(21,7,37.6142)->(22,7,5018.51)->
