Agent 0:(5,14,1.8)->(4,14,3.04949)->(3,14,5.04949)->(2,14,7.71319)->(2,13,14.3206)->(3,13,19.9563)->(4,13,21.2742)->(5,13,21.9563)->(6,13,22.5242)->(7,13,23.0421)->(8,13,23.5421)->(9,13,24.0421)->(10,13,24.5421)->(11,13,25.0421)->(12,13,25.5421)->(13,13,26.0601)->(14,13,26.6279)->(15,13,27.3101)->(16,13,28.6279)->(17,13,31.2563)->(17,14,35.8912)->(18,14,39.5544)->(19,14,40.8722)->(20,14,41.5544)->(21,14,42.1402)->(22,14,42.726)->(23,14,43.4081)->(24,14,44.726)->(25,14,46.9402)->(25,15,49.7402)->(25,16,52.9544)->(26,16,5026.67)->
Agent 1:(26,6,2.63579)->(26,5,4.68579)->(26,4,6.1)->(26,3,7.51421)->(26,2,9.72843)->(27,2,11.9426)->(28,2,13.2765)->(29,2,14.1049)->(30,2,15.4388)->(31,2,18.4375)->(31,3,21.4362)->(31,4,22.754)->(31,5,23.4362)->(31,6,24.004)->(31,7,24.522)->(31,8,25.0399)->(31,9,25.6078)->(31,10,26.2899)->(31,11,27.6078)->(31,12,30.2362)->(30,12,34.2504)->(30,13,41.7678)->(29,13,5022.83)->
Agent 2:(0,21,2.21421)->(1,21,5.22843)->(1,20,11.9426)->(1,21,17.2711)->(1,22,18.5889)->(1,23,19.2711)->(1,24,19.8389)->(1,25,20.3748)->(1,26,20.9426)->(1,27,21.6248)->(1,28,22.9426)->(1,29,27.6794)->(2,29,32.4162)->(3,29,33.734)->(4,29,34.4162)->(5,29,35.002)->(6,29,35.5878)->(7,29,36.2699)->(8,29,37.5878)->(9,29,40.2162)->(9,30,5020.3)->
Agent 3:(27,26,2.75051)->(28,26,4.95051)->(29,26,6.95051)->(30,26,9.2)->(30,25,11.4142)->(30,24,12.7321)->(30,23,13.4142)->(30,22,13.9821)->(30,21,14.5)->(30,20,15)->(30,19,15.5)->(30,18,16.0179)->(30,17,16.5858)->(30,16,17.2679)->(30,15,18.5858)->(30,14,26.3142)->(29,14,5015.9)->
Agent 4:(9,18,2.2)->(9,17,4.4)->(9,16,7.75)->(8,16,10.5142)->(7,16,11.8481)->(6,16,12.6765)->(5,16,14.0103)->(4,16,16.2246)->(4,17,18.474)->(4,18,20.474)->(4,19,24.6618)->(4,18,5013.29)->
Agent 5:(28,31,5.71048)->(28,30,10.8352)->(28,29,12.153)->(28,28,12.8352)->(28,27,13.403)->(28,26,13.921)->(28,25,14.421)->(28,24,14.921)->(28,23,15.421)->(28,22,15.921)->(28,21,16.421)->(28,20,16.921)->(28,19,17.421)->(28,18,17.921)->(28,17,18.421)->(28,16,18.921)->(28,15,19.421)->(28,14,19.921)->(28,13,20.421)->(28,12,20.921)->(28,11,21.4389)->(28,10,22.0067)->(28,9,22.6889)->(28,8,24.0067)->(28,7,27.2673)->(27,7,30.5279)->(26,7,31.8458)->(25,7,32.5279)->(24,7,33.0958)->(23,7,33.6137)->(22,7,34.1137)->(21,7,34.6137)->(20,7,35.1137)->(19,7,35.6137)->(18,7,36.1137)->(17,7,36.6137)->(16,7,37.1137)->(15,7,37.6137)->(14,7,38.1137)->(13,7,38.6137)->(12,7,39.1137)->(11,7,39.6137)->(10,7,40.1137)->(9,7,40.6137)->(8,7,41.1137)->(7,7,41.6137)->(6,7,42.1137)->(5,7,42.6137)->(4,7,43.1317)->(3,7,43.6995)->(2,7,44.3817)->(1,7,45.6995)->(0,7,48.3279)->(0,6,5024.36)->
Agent 6:(3,25,4.09638)->(3,24,7.60697)->(3,23,8.9248)->(3,22,9.60697)->(3,21,10.1748)->(3,20,10.6928)->(3,19,11.1928)->(3,18,11.6928)->(3,17,12.1928)->(3,16,12.6928)->(3,15,13.1928)->(3,14,13.6928)->(3,13,14.1928)->(3,12,14.6928)->(3,11,15.1928)->(3,10,15.6928)->(3,9,16.1928)->(3,8,16.6928)->(3,7,17.2107)->(3,6,17.7785)->(3,5,18.4607)->(3,4,19.7785)->(3,3,21.9928)->(4,3,24.207)->(5,3,25.5248)->(6,3,26.2166)->(7,3,26.8522)->(8,3,27.544)->(9,3,28.8619)->(10,3,31.4903)->(10,4,5015.94)->
Agent 7:(0,20,1.8)->(1,20,3.6)->(2,20,6.4)->(2,19,8.61421)->(2,18,9.93205)->(2,17,10.6641)->(2,16,11.3962)->(2,15,12.714)->(2,14,14.9282)->(3,14,17.1777)->(4,14,19.1777)->(5,14,21.4272)->(5,15,24.2272)->(5,16,27.0272)->(6,16,29.8272)->(7,16,5014.91)->
Agent 8:(31,4,1.8)->(30,4,3.04949)->(29,4,5.04949)->(28,4,7.29898)->(28,5,9.51319)->(28,6,10.831)->(28,7,11.5132)->(28,8,12.099)->(28,9,12.6848)->(28,10,13.3669)->(28,11,14.6848)->(28,12,16.899)->(27,12,19.1132)->(26,12,20.431)->(25,12,21.1132)->(24,12,21.681)->(23,12,22.199)->(22,12,22.699)->(21,12,23.199)->(20,12,23.699)->(19,12,24.199)->(18,12,24.699)->(17,12,25.199)->(16,12,25.7169)->(15,12,26.2848)->(14,12,26.9669)->(13,12,28.2848)->(12,12,30.499)->(12,13,32.7132)->(12,14,34.031)->(12,15,34.7132)->(12,16,35.281)->(12,17,35.799)->(12,18,36.299)->(12,19,36.799)->(12,20,37.299)->(12,21,37.8169)->(12,22,38.3848)->(12,23,39.0669)->(12,24,40.3848)->(12,25,42.599)->(11,25,44.8132)->(10,25,46.131)->(9,25,46.8132)->(8,25,47.381)->(7,25,47.899)->(6,25,48.399)->(5,25,48.9169)->(4,25,49.4848)->(3,25,50.1669)->(2,25,51.4848)->(1,25,53.699)->(1,26,55.9132)->(1,27,57.247)->(1,28,58.0755)->(1,29,59.4093)->(1,30,62.0377)->(0,30,5031.21)->
Agent 9:(24,12,2.2)->(24,11,3.81421)->(24,10,5.13205)->(24,9,5.8641)->(24,8,6.59615)->(24,7,7.91399)->(24,6,10.1999)->(25,6,13.0716)->(26,6,15.8716)->(26,7,18.6716)->(26,8,21.8716)->(26,7,25.0716)->(26,6,30.2389)->(26,7,5016.29)->
Agent 10:(10,25,1.8)->(9,25,3.6)->(8,25,6.81421)->(8,26,10.4142)->(9,26,13.0426)->(10,26,14.3605)->(11,26,15.0925)->(12,26,15.8246)->(13,26,17.1424)->(14,26,20.5746)->(14,27,24.5925)->(14,28,5012.3)->
Agent 11:(8,13,1.8)->(9,13,3.01421)->(10,13,4.33205)->(11,13,5.01421)->(12,13,5.58205)->(13,13,6.1)->(14,13,6.6)->(15,13,7.1)->(16,13,7.6)->(17,13,8.1)->(18,13,8.61795)->(19,13,9.18579)->(20,13,9.86795)->(21,13,11.1858)->(22,13,13.4)->(22,14,15.6142)->(22,15,16.9321)->(22,16,17.6142)->(22,17,18.2)->(22,18,18.7858)->(22,19,19.4679)->(22,20,20.7858)->(22,21,23.4142)->(23,21,5011.9)->
Agent 12:(16,13,1.71421)->(16,14,4.60834)->(17,14,8.0309)->(18,14,9.34874)->(19,14,10.0405)->(20,14,10.6762)->(21,14,11.3679)->(22,14,12.6858)->(23,14,14.9)->(23,13,17.1142)->(23,12,18.5284)->(23,11,19.9426)->(23,10,27.5074)->(23,11,35.1074)->(23,12,37.1074)->(23,13,5018.28)->
Agent 13:(15,0,2.21421)->(16,0,5.95374)->(16,1,9.72168)->(16,2,11.0395)->(16,3,11.7313)->(16,4,12.367)->(16,5,13.0587)->(16,6,14.3766)->(16,7,19.0812)->(15,7,23.7858)->(14,7,25.1036)->(13,7,25.7858)->(12,7,26.3536)->(11,7,26.8716)->(10,7,27.3716)->(9,7,27.8716)->(8,7,28.3716)->(7,7,28.8895)->(6,7,29.4574)->(5,7,30.1395)->(4,7,31.4574)->(3,7,33.6716)->(3,8,35.8858)->(3,9,37.2036)->(3,10,37.8858)->(3,11,38.4716)->(3,12,39.0574)->(3,13,39.7395)->(3,14,41.0574)->(3,15,5020.24)->
Agent 14:(30,30,2.21421)->(31,30,4.81421)->(31,29,7.44264)->(31,28,8.76048)->(31,27,9.44264)->(31,26,10.0105)->(31,25,10.5284)->(31,24,11.0284)->(31,23,11.5284)->(31,22,12.0284)->(31,21,12.5284)->(31,20,13.0284)->(31,19,13.5284)->(31,18,14.0284)->(31,17,14.5284)->(31,16,15.0464)->(31,15,15.6142)->(31,14,16.2964)->(31,13,17.6142)->(31,12,19.8284)->(30,12,22.6284)->(29,12,27.1642)->(29,11,31.1495)->(29,10,33.1495)->(29,9,35.8132)->(30,9,5018.1)->
Agent 15:(0,23,4.67843)->(1,23,8.77107)->(2,23,10.0889)->(3,23,10.7711)->(4,23,11.3389)->(5,23,11.8569)->(6,23,12.3569)->(7,23,12.8569)->(8,23,13.3569)->(9,23,13.8569)->(10,23,14.3569)->(11,23,14.8569)->(12,23,15.3569)->(13,23,15.8569)->(14,23,16.3569)->(15,23,16.8569)->(16,23,17.3569)->(17,23,17.8569)->(18,23,18.3748)->(19,23,18.9426)->(20,23,19.6248)->(21,23,20.9426)->(22,23,23.4926)->(22,22,26.0426)->(22,21,27.3605)->(22,20,28.0426)->(22,19,28.6284)->(22,18,29.2142)->(22,17,29.8964)->(22,16,31.2142)->(22,15,33.8426)->(23,15,5017.11)->
Agent 16:(4,3,2.4142)->(5,3,4.27789)->(6,3,6.27789)->(7,3,14.1996)->(7,4,22.086)->(7,5,23.4038)->(7,6,24.1359)->(7,7,24.8679)->(7,8,26.1858)->(7,9,5012.8)->
Agent 17:(27,20,2.2)->(27,19,3.81421)->(27,18,5.13205)->(27,17,5.81421)->(27,16,6.38205)->(27,15,6.9)->(27,14,7.4)->(27,13,7.9)->(27,12,8.41795)->(27,11,8.98579)->(27,10,9.66795)->(27,9,10.9858)->(27,8,13.2)->(26,8,15.4142)->(25,8,16.7321)->(24,8,17.4142)->(23,8,17.9821)->(22,8,18.5)->(21,8,19.0179)->(20,8,19.5858)->(19,8,20.2679)->(18,8,21.5858)->(17,8,23.8)->(17,7,26.6)->(17,6,29.4)->(16,6,31.6142)->(15,6,32.9481)->(14,6,33.7765)->(13,6,35.1103)->(12,6,37.7388)->(12,5,42.153)->(12,6,5021.68)->
Agent 18:(29,22,2.2)->(29,21,3.81421)->(29,20,5.13205)->(29,19,5.81421)->(29,18,6.38205)->(29,17,6.9)->(29,16,7.4)->(29,15,7.9)->(29,14,8.4)->(29,13,8.9)->(29,12,9.4)->(29,11,9.9)->(29,10,10.4179)->(29,9,10.9858)->(29,8,11.6679)->(29,7,12.9858)->(29,6,15.2)->(28,6,17.4142)->(27,6,18.7321)->(26,6,19.4142)->(25,6,19.9821)->(24,6,20.5)->(23,6,21)->(22,6,21.5)->(21,6,22)->(20,6,22.5)->(19,6,23)->(18,6,23.5)->(17,6,24)->(16,6,24.5)->(15,6,25)->(14,6,25.5)->(13,6,26.0179)->(12,6,26.5858)->(11,6,27.2679)->(10,6,28.5858)->(9,6,30.8)->(9,5,33.6)->(9,4,39.9069)->(9,5,46.2137)->(9,6,5023.11)->
Agent 19:(10,19,3.84264)->(10,18,7.13477)->(10,17,9.13477)->(10,16,12.0563)->(11,16,14.9426)->(12,16,16.3569)->(13,16,17.7711)->(14,16,19.9853)->(14,15,22.1995)->(14,14,23.5173)->(14,13,24.1995)->(14,12,24.7853)->(14,11,25.3711)->(14,10,26.0532)->(14,9,27.3711)->(14,8,30.7389)->(13,8,34.1067)->(12,8,35.4246)->(11,8,36.1163)->(10,8,36.752)->(9,8,37.4438)->(8,8,38.7616)->(7,8,41.1448)->(7,7,44.1137)->(7,6,5022.06)->
Agent 20:(2,22,2.61421)->(2,21,5.61421)->(3,21,8.24264)->(4,21,9.56048)->(5,21,10.2426)->(6,21,10.8105)->(7,21,11.3284)->(8,21,11.8464)->(9,21,12.4142)->(10,21,13.0964)->(11,21,14.4142)->(12,21,18.0105)->(12,20,22.9605)->(13,20,25.9711)->(14,20,27.2889)->(15,20,27.9711)->(16,20,28.5389)->(17,20,29.0569)->(18,20,29.5569)->(19,20,30.0569)->(20,20,30.5569)->(21,20,31.0748)->(22,20,31.6426)->(23,20,32.3248)->(24,20,33.6426)->(25,20,35.8569)->(25,19,38.0711)->(25,18,39.3889)->(25,17,40.0807)->(25,16,40.7163)->(25,15,41.4081)->(25,14,42.726)->(25,13,5021.07)->
Agent 21:(11,26,1.3)->(11,27,2.6)->(11,28,5.4)->(12,28,7.61421)->(13,28,8.93205)->(14,28,9.62382)->(15,28,10.2595)->(16,28,10.9513)->(17,28,12.2691)->(18,28,16.2237)->(18,27,20.1783)->(18,26,21.4962)->(18,25,22.1783)->(18,24,22.7462)->(18,23,23.2641)->(18,22,23.7641)->(18,21,24.2821)->(18,20,24.8499)->(18,19,25.5321)->(18,18,26.8499)->(18,17,29.4783)->(19,17,5014.93)->
Agent 22:(9,29,1.8)->(10,29,3.01421)->(11,29,4.34806)->(12,29,5.17649)->(13,29,6.51034)->(14,29,10.1228)->(14,28,13.7352)->(14,27,15.053)->(14,26,15.7352)->(14,25,16.321)->(14,24,16.9067)->(14,23,17.5889)->(14,22,18.9067)->(14,21,22.9315)->(15,21,26.9563)->(16,21,28.2742)->(17,21,28.9563)->(18,21,29.5421)->(19,21,30.1279)->(20,21,30.8101)->(21,21,32.1279)->(22,21,35.6853)->(22,20,39.2426)->(22,19,40.5605)->(22,18,41.2522)->(22,17,41.8879)->(22,16,42.5797)->(22,15,43.8975)->(22,14,46.526)->(23,14,5023.46)->
Agent 23:(13,2,2.2)->(13,1,4.4)->(13,0,7.2)->(14,0,9.44949)->(15,0,11.4495)->(16,0,14.1132)->(16,1,19.7884)->(17,1,24.492)->(18,1,25.8099)->(19,1,26.492)->(20,1,27.0599)->(21,1,27.5778)->(22,1,28.0778)->(23,1,28.5958)->(24,1,29.1636)->(25,1,29.8458)->(26,1,31.1636)->(27,1,33.792)->(27,2,5017.09)->
Agent 24:(17,3,2.21421)->(18,3,4.81421)->(18,2,7.47792)->(18,1,9.47792)->(18,0,14.0743)->(19,0,18.6354)->(20,0,19.9532)->(21,0,20.6853)->(22,0,21.4173)->(23,0,22.7352)->(24,0,24.9494)->(24,1,27.1636)->(24,2,28.5778)->(24,3,29.992)->(24,4,5014.7)->
Agent 25:(9,5,2.21421)->(8,5,5.94539)->(9,5,9.705)->(10,5,11.0228)->(11,5,11.705)->(12,5,12.2728)->(13,5,12.7908)->(14,5,13.2908)->(15,5,13.8087)->(16,5,14.3766)->(17,5,15.0587)->(18,5,16.3766)->(19,5,18.6591)->(19,6,20.9416)->(19,7,22.2595)->(19,8,22.9416)->(19,9,23.5274)->(19,10,24.1132)->(19,11,24.7954)->(19,12,26.1132)->(19,13,28.6858)->(20,13,31.2585)->(21,13,32.5763)->(22,13,33.2585)->(23,13,33.8263)->(24,13,34.3622)->(25,13,34.9301)->(26,13,35.6122)->(27,13,36.9301)->(28,13,39.1443)->(28,14,41.3585)->(28,15,42.7727)->(28,16,44.1869)->(28,17,46.8153)->(29,17,5023.6)->
Agent 26:(14,26,1.71421)->(14,27,4.95374)->(15,27,8.72168)->(16,27,10.0395)->(17,27,10.7217)->(18,27,11.2895)->(19,27,11.8075)->(20,27,12.3254)->(21,27,12.8933)->(22,27,13.5754)->(23,27,14.8933)->(24,27,17.1075)->(24,26,19.3217)->(24,25,20.6395)->(24,24,21.3217)->(24,23,21.8895)->(24,22,22.4075)->(24,21,22.9254)->(24,20,23.4933)->(24,19,24.1754)->(24,18,25.4933)->(24,17,28.1217)->(25,17,32.3001)->(25,16,35.507)->(25,15,36.8248)->(25,14,37.507)->(25,13,38.0748)->(25,12,38.5928)->(25,11,39.0928)->(25,10,39.5928)->(25,9,40.0928)->(25,8,40.5928)->(25,7,41.0928)->(25,6,41.5928)->(25,5,42.1107)->(25,4,42.6785)->(25,3,43.3607)->(25,2,44.6785)->(25,1,5022.05)->
Agent 27:(11,8,3.51421)->(11,9,6.44264)->(11,10,7.76048)->(11,11,8.44264)->(11,12,9.01048)->(11,13,9.54638)->(11,14,10.1142)->(11,15,10.7964)->(11,16,12.1142)->(11,17,14.3284)->(12,17,16.5426)->(13,17,17.8605)->(14,17,18.5426)->(15,17,19.1105)->(16,17,19.6284)->(17,17,20.1284)->(18,17,20.6284)->(19,17,21.1284)->(20,17,21.6284)->(21,17,22.1284)->(22,17,22.6284)->(23,17,23.1284)->(24,17,23.6284)->(25,17,24.1464)->(26,17,24.7142)->(27,17,25.3964)->(28,17,26.7142)->(29,17,29.3426)->(29,18,5014.86)->
Agent 28:(26,8,1.8)->(27,8,3.6)->(28,8,6.4)->(28,9,8.61421)->(28,10,9.94806)->(28,11,10.7765)->(28,12,12.1103)->(28,13,15.0307)->(27,13,17.9864)->(26,13,19.9864)->(25,13,22.2359)->(25,14,24.4501)->(25,15,25.7679)->(25,16,26.4501)->(25,17,27.0179)->(25,18,27.5359)->(25,19,28.0359)->(25,20,28.5359)->(25,21,29.0538)->(25,22,29.6217)->(25,23,30.3038)->(25,24,31.6217)->(25,25,34.9596)->(24,25,38.8833)->(23,25,5019.44)->
Agent 29:(29,7,2.83528)->(29,6,5.08477)->(29,5,6.4026)->(29,4,7.13465)->(29,3,7.8667)->(29,2,9.18454)->(29,1,11.3988)->(28,1,13.613)->(27,1,15.0272)->(26,1,16.4414)->(25,1,20.5204)->(25,2,27.2958)->(24,2,5014.7)->
Agent 30:(18,17,2.2)->(18,16,4.4)->(18,15,7.61421)->(19,15,11.2142)->(19,16,13.8426)->(19,17,15.1605)->(19,18,15.8925)->(19,19,16.6246)->(19,20,17.9424)->(19,21,21.2352)->(20,21,25.1137)->(21,21,27.9137)->(21,22,30.1279)->(21,23,31.5421)->(21,24,32.9563)->(21,25,5016.19)->
Agent 31:(14,13,1.3)->(14,14,2.6)->(14,15,7)->(13,15,10.8142)->(12,15,12.2284)->(11,15,13.6426)->(10,15,16.0284)->(10,14,18.4142)->(10,13,19.8284)->(10,12,21.2426)->(10,11,25.6069)->(11,11,29.9711)->(12,11,31.2889)->(13,11,31.9711)->(14,11,32.5389)->(15,11,33.0569)->(16,11,33.5569)->(17,11,34.0569)->(18,11,34.5569)->(19,11,35.0569)->(20,11,35.5569)->(21,11,36.0569)->(22,11,36.5569)->(23,11,37.0569)->(24,11,37.5569)->(25,11,38.0748)->(26,11,38.6426)->(27,11,39.3248)->(28,11,40.6426)->(29,11,42.8569)->(29,10,45.0711)->(29,9,46.4853)->(29,8,47.8995)->(29,7,50.5279)->(30,7,5025.46)->
Agent 32:(24,24,1.8)->(23,24,3.01421)->(22,24,4.33205)->(21,24,5.0641)->(20,24,5.79615)->(19,24,7.11399)->(18,24,9.3282)->(18,23,11.5424)->(18,22,12.8763)->(18,21,13.7047)->(18,20,15.0385)->(18,19,17.6764)->(17,19,20.3142)->(16,19,21.6321)->(15,19,22.3238)->(14,19,22.9595)->(13,19,23.6513)->(12,19,24.9691)->(11,19,27.5975)->(11,20,5013.99)->
Agent 33:(23,7,3.05194)->(23,6,5.51809)->(23,5,6.85194)->(23,4,7.68036)->(23,3,9.01421)->(23,2,11.2284)->(24,2,13.4426)->(25,2,14.8569)->(26,2,16.2711)->(27,2,18.4853)->(27,3,21.2853)->(27,4,5010.64)->
Agent 34:(20,23,1.8)->(21,23,3.01421)->(22,23,4.33205)->(23,23,5.0641)->(24,23,5.79615)->(25,23,7.11399)->(26,23,9.74242)->(26,22,13.3424)->(27,22,16.5566)->(28,22,19.3566)->(28,21,21.5708)->(28,20,22.8887)->(28,19,23.5708)->(28,18,24.1387)->(28,17,24.6746)->(28,16,25.2424)->(28,15,25.9246)->(28,14,27.2424)->(28,13,31.5004)->(29,13,39.5863)->(29,12,45.0711)->(29,11,46.4853)->(29,10,47.8995)->(29,9,5023.66)->
Agent 35:(5,3,1.3)->(5,4,2.01421)->(5,5,3.42843)->(5,6,4.84264)->(5,7,7.05685)->(4,7,9.27107)->(3,7,10.6853)->(2,7,12.0995)->(1,7,14.3137)->(1,8,16.5279)->(1,9,17.8458)->(1,10,18.5279)->(1,11,19.0958)->(1,12,19.6137)->(1,13,20.1137)->(1,14,20.6137)->(1,15,21.1137)->(1,16,21.6137)->(1,17,22.1137)->(1,18,22.6137)->(1,19,23.1137)->(1,20,23.6317)->(1,21,24.1995)->(1,22,24.8817)->(1,23,26.1995)->(1,24,28.4137)->(2,24,30.6279)->(3,24,31.9458)->(4,24,32.6279)->(5,24,33.1958)->(6,24,33.7137)->(7,24,34.2137)->(8,24,34.7137)->(9,24,35.2137)->(10,24,35.7137)->(11,24,36.2317)->(12,24,36.7995)->(13,24,37.4817)->(14,24,38.7995)->(15,24,5019.11)->
Agent 36:(14,9,2.25556)->(14,8,3.92533)->(14,7,5.25918)->(14,6,6.08761)->(14,5,7.42146)->(14,4,9.63567)->(13,4,11.8499)->(12,4,13.1677)->(11,4,13.8499)->(10,4,14.4177)->(9,4,14.9536)->(8,4,15.5215)->(7,4,16.2036)->(6,4,17.5215)->(5,4,20.1499)->(5,5,5010.27)->
Agent 37:(18,14,2.53205)->(18,13,4.47832)->(18,12,5.79615)->(18,11,6.47832)->(18,10,7.04615)->(18,9,7.5641)->(18,8,8.0641)->(18,7,8.5641)->(18,6,9.0641)->(18,5,9.58205)->(18,4,10.1499)->(18,3,10.8321)->(18,2,12.1499)->(18,1,14.7783)->(17,1,19.0358)->(17,2,22.9075)->(17,3,29.0611)->(17,2,34.6642)->(17,1,36.6642)->(17,0,5018.06)->
Agent 38:(1,10,2.21421)->(1,11,3.84264)->(1,12,5.16048)->(1,13,5.84264)->(1,14,6.42843)->(1,15,7.01421)->(1,16,7.69638)->(1,17,9.01421)->(1,18,11.2284)->(2,18,13.4426)->(3,18,14.8569)->(4,18,16.2711)->(5,18,18.8995)->(5,19,22.4995)->(6,19,25.1279)->(7,19,26.5421)->(8,19,27.9563)->(9,19,5013.69)->
Agent 39:(27,3,1.3)->(27,4,2.01421)->(27,5,3.42843)->(27,6,4.84264)->(27,7,9.28216)->(26,7,13.7217)->(25,7,15.0395)->(24,7,15.7217)->(23,7,16.2895)->(22,7,16.8254)->(21,7,17.3933)->(20,7,18.0754)->(19,7,19.3933)->(18,7,23.9001)->(18,8,28.407)->(18,9,29.7248)->(18,10,30.407)->(18,11,30.9748)->(18,12,31.4928)->(18,13,31.9928)->(18,14,32.4928)->(18,15,32.9928)->(18,16,33.4928)->(18,17,33.9928)->(18,18,34.4928)->(18,19,34.9928)->(18,20,35.4928)->(18,21,35.9928)->(18,22,36.4928)->(18,23,36.9928)->(18,24,37.4928)->(18,25,38.0107)->(18,26,38.5785)->(18,27,39.2607)->(18,28,40.5785)->(18,29,5020)->
Agent 40:(22,10,1.8)->(21,10,3.6)->(20,10,9.88205)->(20,11,15.5783)->(20,12,16.8962)->(20,13,17.5783)->(20,14,18.1462)->(20,15,18.6641)->(20,16,19.1641)->(20,17,19.6641)->(20,18,20.1641)->(20,19,20.6641)->(20,20,21.1641)->(20,21,21.6641)->(20,22,22.1641)->(20,23,22.6641)->(20,24,23.1641)->(20,25,23.6641)->(20,26,24.1821)->(20,27,24.7499)->(20,28,25.4321)->(20,29,26.7499)->(20,30,29.3963)->(19,30,32.0426)->(18,30,33.3605)->(17,30,34.0426)->(16,30,34.6105)->(15,30,35.1284)->(14,30,35.6284)->(13,30,36.1284)->(12,30,36.6284)->(11,30,37.1284)->(10,30,37.6284)->(9,30,38.1284)->(8,30,38.6284)->(7,30,39.1284)->(6,30,39.6464)->(5,30,40.2142)->(4,30,40.8964)->(3,30,42.2142)->(2,30,5020.81)->
Agent 41:(15,1,1.58205)->(15,2,2.57832)->(15,3,3.89615)->(15,4,4.57832)->(15,5,5.14615)->(15,6,5.6641)->(15,7,6.1641)->(15,8,6.6641)->(15,9,7.1641)->(15,10,7.6641)->(15,11,8.1641)->(15,12,8.6641)->(15,13,9.1641)->(15,14,9.6641)->(15,15,10.1641)->(15,16,10.6641)->(15,17,11.1641)->(15,18,11.6641)->(15,19,12.1641)->(15,20,12.6641)->(15,21,13.1641)->(15,22,13.6641)->(15,23,14.1821)->(15,24,14.7499)->(15,25,15.4321)->(15,26,16.7499)->(15,27,18.9641)->(14,27,21.1783)->(13,27,22.4962)->(12,27,23.1783)->(11,27,23.7462)->(10,27,24.2641)->(9,27,24.7641)->(8,27,25.2821)->(7,27,25.8499)->(6,27,26.5321)->(5,27,27.8499)->(4,27,30.4783)->(4,28,5015.43)->
Agent 42:(18,30,1.71421)->(18,31,3.81421)->(17,31,6.44264)->(16,31,7.76048)->(15,31,8.45225)->(14,31,9.08792)->(13,31,9.77969)->(12,31,11.0975)->(11,31,13.3117)->(11,30,15.526)->(11,29,16.8438)->(11,28,17.5356)->(11,27,18.1712)->(11,26,18.863)->(11,25,20.1808)->(11,24,22.3951)->(12,24,25.1951)->(13,24,27.9951)->(13,23,30.2093)->(13,22,31.5271)->(13,21,32.2093)->(13,20,32.7771)->(13,19,33.2951)->(13,18,33.7951)->(13,17,34.313)->(13,16,34.8808)->(13,15,35.563)->(13,14,36.8808)->(13,13,5018.15)->
Agent 43:(31,8,12.261)->(30,8,23.9715)->(29,8,25.9715)->(28,8,5012.71)->
Agent 44:(31,19,1.71421)->(31,20,3.81421)->(30,20,6.44264)->(29,20,7.76048)->(28,20,8.44264)->(27,20,9.02843)->(26,20,9.61421)->(25,20,10.2964)->(24,20,11.6142)->(23,20,14.0605)->(23,21,16.5067)->(23,22,17.8246)->(23,23,18.5067)->(23,24,19.0925)->(23,25,19.6783)->(23,26,20.3605)->(23,27,21.6783)->(23,28,23.8925)->(22,28,26.1067)->(21,28,27.4246)->(20,28,28.1566)->(19,28,28.8887)->(18,28,30.2065)->(17,28,32.8349)->(17,27,5016.61)->
Agent 45:(19,9,1.8)->(20,9,3.6)->(21,9,6.81421)->(21,10,10.65)->(22,10,13.5142)->(23,10,14.8321)->(24,10,15.5142)->(25,10,16.0821)->(26,10,16.6)->(27,10,17.1179)->(28,10,17.6858)->(29,10,18.3679)->(30,10,19.6858)->(31,10,21.9)->(31,11,24.1142)->(31,12,25.4321)->(31,13,26.1142)->(31,14,26.6821)->(31,15,27.2)->(31,16,27.7)->(31,17,28.2)->(31,18,28.7)->(31,19,29.2)->(31,20,29.7)->(31,21,30.2)->(31,22,30.7179)->(31,23,31.2858)->(31,24,31.9679)->(31,25,33.2858)->(31,26,35.9142)->(30,26,5018.15)->
Agent 46:(22,26,4.03205)->(23,26,7.47832)->(24,26,8.79615)->(25,26,9.47832)->(26,26,10.0641)->(27,26,10.6499)->(28,26,11.3321)->(29,26,12.6499)->(30,26,15.2641)->(29,26,18.4641)->(28,26,5009.23)->
Agent 47:(0,4,2.4142)->(0,5,4.8284)->(0,6,7.6284)->(1,6,9.84261)->(2,6,11.1605)->(3,6,11.8426)->(4,6,12.4105)->(5,6,12.9284)->(6,6,13.4284)->(7,6,13.9463)->(8,6,14.5142)->(9,6,15.1963)->(10,6,16.5142)->(11,6,20.1642)->(11,7,23.8142)->(11,8,25.2284)->(11,9,26.6426)->(11,10,29.9605)->(12,10,33.2783)->(13,10,34.5962)->(14,10,35.3282)->(15,10,36.0603)->(16,10,37.3781)->(17,10,40.1067)->(17,11,5020.3)->
Agent 48:(23,10,2.61421)->(23,9,6.26795)->(22,9,9.55011)->(21,9,10.8679)->(20,9,11.5501)->(19,9,12.1179)->(18,9,12.6359)->(17,9,13.1359)->(16,9,13.6359)->(15,9,14.1359)->(14,9,14.6359)->(13,9,15.1359)->(12,9,15.6538)->(11,9,16.2217)->(10,9,16.9038)->(9,9,18.2217)->(8,9,20.4359)->(8,10,22.6854)->(8,11,24.6854)->(8,12,5012.07)->
Agent 49:(23,11,1.71421)->(23,12,4.85685)->(22,12,8.52792)->(21,12,9.84576)->(20,12,10.5279)->(19,12,11.0958)->(18,12,11.6137)->(17,12,12.1137)->(16,12,12.6137)->(15,12,13.1137)->(14,12,13.6137)->(13,12,14.1137)->(12,12,14.6317)->(11,12,15.1995)->(10,12,15.8817)->(9,12,17.1995)->(8,12,19.4137)->(8,13,21.6279)->(8,14,22.9458)->(8,15,23.6778)->(8,16,24.4099)->(8,17,25.7277)->(8,18,27.9419)->(7,18,30.7419)->(6,18,33.5419)->(6,19,35.7561)->(6,20,37.09)->(6,21,37.9184)->(6,22,39.2523)->(6,23,41.4665)->(5,23,44.2665)->(4,23,5022.13)->
Agent 50:(4,1,1.71421)->(4,2,4.62843)->(4,1,9.04264)->(5,1,11.6711)->(6,1,12.9889)->(7,1,13.6711)->(8,1,14.2569)->(9,1,14.8426)->(10,1,15.5248)->(11,1,16.8426)->(12,1,23.4747)->(12,2,30.1067)->(12,3,31.4246)->(12,4,32.1067)->(12,5,32.6746)->(12,6,33.1925)->(12,7,33.6925)->(12,8,34.1925)->(12,9,34.6925)->(12,10,35.1925)->(12,11,35.6925)->(12,12,36.1925)->(12,13,36.6925)->(12,14,37.1925)->(12,15,37.6925)->(12,16,38.1925)->(12,17,38.6925)->(12,18,39.1925)->(12,19,39.6925)->(12,20,40.2105)->(12,21,40.7783)->(12,22,41.4605)->(12,23,42.7783)->(12,24,44.9925)->(11,24,47.242)->(10,24,49.242)->(9,24,5024.35)->
Agent 51:(29,29,7.5482)->(28,29,14.5106)->(27,29,15.8285)->(26,29,16.5106)->(25,29,17.0785)->(24,29,17.5964)->(23,29,18.0964)->(22,29,18.5964)->(21,29,19.0964)->(20,29,19.5964)->(19,29,20.0964)->(18,29,20.5964)->(17,29,21.0964)->(16,29,21.5964)->(15,29,22.0964)->(14,29,22.5964)->(13,29,23.0964)->(12,29,23.5964)->(11,29,24.0964)->(10,29,24.5964)->(9,29,25.1143)->(8,29,25.6822)->(7,29,26.3643)->(6,29,27.6822)->(5,29,30.7812)->(5,28,33.8803)->(5,27,35.1981)->(5,26,35.8899)->(5,25,36.5256)->(5,24,37.2173)->(5,23,38.5352)->(5,22,41.1636)->(4,22,5020.77)->
Agent 52:(5,19,2.2)->(5,18,3.81421)->(5,17,5.13205)->(5,16,5.81421)->(5,15,6.38205)->(5,14,6.9)->(5,13,7.4)->(5,12,7.9)->(5,11,8.4)->(5,10,8.9)->(5,9,9.4)->(5,8,9.9)->(5,7,10.4)->(5,6,10.9)->(5,5,11.4179)->(5,4,11.9858)->(5,3,12.6679)->(5,2,13.9858)->(5,1,16.6142)->(6,1,5008.5)->
Agent 53:(21,27,2.71228)->(21,26,4.83877)->(21,25,6.15661)->(21,24,6.83877)->(21,23,7.40661)->(21,22,7.92456)->(21,21,8.4425)->(21,20,9.01034)->(21,19,9.6925)->(21,18,11.0103)->(21,17,13.2246)->(22,17,15.4388)->(23,17,16.7566)->(24,17,17.4388)->(25,17,18.0246)->(26,17,18.6103)->(27,17,19.2925)->(28,17,20.6103)->(29,17,22.8246)->(29,16,25.0388)->(29,15,26.453)->(29,14,27.8672)->(29,13,30.0814)->(30,13,32.8814)->(31,13,5016.44)->
Agent 54:(29,16,2.2)->(28,16,3.81421)->(27,16,5.13205)->(26,16,5.81421)->(25,16,6.38205)->(24,16,6.9)->(23,16,7.4)->(22,16,7.9)->(21,16,8.4)->(20,16,8.9)->(19,16,9.41795)->(18,16,9.98579)->(17,16,10.6679)->(16,16,11.9858)->(15,16,14.2)->(15,17,16.4142)->(15,18,17.7321)->(15,19,18.4238)->(15,20,19.0595)->(15,21,19.7513)->(15,22,21.0691)->(15,23,23.2833)->(14,23,25.4975)->(13,23,26.9117)->(12,23,28.326)->(11,23,5013.87)->
Agent 55:(18,4,2.16784)->(17,4,3.74989)->(16,4,5.06773)->(15,4,5.74989)->(14,4,6.31773)->(13,4,6.83567)->(12,4,7.33567)->(11,4,7.83567)->(10,4,8.33567)->(9,4,8.83567)->(8,4,9.33567)->(7,4,9.83567)->(6,4,10.3357)->(5,4,10.8536)->(4,4,11.4215)->(3,4,12.1036)->(2,4,13.4215)->(1,4,16.5425)->(1,5,19.6636)->(1,6,20.9814)->(1,7,21.6636)->(1,8,22.2314)->(1,9,22.7494)->(1,10,23.2494)->(1,11,23.7494)->(1,12,24.2494)->(1,13,24.7673)->(1,14,25.3352)->(1,15,26.0173)->(1,16,27.3352)->(1,17,29.9636)->(0,17,33.5636)->(0,18,36.192)->(0,19,37.5099)->(0,20,38.192)->(0,21,38.7778)->(0,22,39.3636)->(0,23,40.0458)->(0,24,41.3636)->(0,25,5020.39)->
Agent 56:(27,27,3.78205)->(27,26,6.97832)->(27,25,8.29615)->(27,24,8.97832)->(27,23,9.54615)->(27,22,10.0641)->(27,21,10.5641)->(27,20,11.0641)->(27,19,11.5821)->(27,18,12.1499)->(27,17,12.8321)->(27,16,14.1499)->(27,15,18.2815)->(26,15,22.4132)->(25,15,23.731)->(24,15,24.4132)->(23,15,24.981)->(22,15,25.499)->(21,15,25.999)->(20,15,26.499)->(19,15,27.0169)->(18,15,27.5848)->(17,15,28.2669)->(16,15,29.5848)->(15,15,5014.5)->
Agent 57:(20,5,12.5)->(20,6,24.4142)->(20,7,25.7321)->(20,8,26.4142)->(20,9,26.9821)->(20,10,27.5)->(20,11,28)->(20,12,28.5)->(20,13,29)->(20,14,29.5)->(20,15,30)->(20,16,30.5)->(20,17,31)->(20,18,31.5179)->(20,19,32.0858)->(20,20,32.7679)->(20,21,34.0858)->(20,22,36.3)->(21,22,38.5142)->(22,22,39.8481)->(23,22,40.6765)->(24,22,42.0103)->(25,22,5020.71)->
Agent 58:(15,10,1.8)->(14,10,3.01421)->(13,10,4.33205)->(12,10,5.01421)->(11,10,5.58205)->(10,10,6.11795)->(9,10,6.68579)->(8,10,7.36795)->(7,10,8.68579)->(6,10,13.5642)->(6,11,5008.1)->
Agent 59:(7,1,1.8)->(6,1,3.01421)->(5,1,4.33205)->(4,1,5.02382)->(3,1,5.65949)->(2,1,6.35126)->(1,1,7.6691)->(0,1,9.88331)->(0,2,12.6833)->(0,3,23.4559)->(1,3,5015.7)->
Agent 60:(15,11,2.21421)->(16,11,5.22843)->(16,10,10.1926)->(15,10,13.7711)->(14,10,15.0889)->(13,10,15.7711)->(12,10,16.3389)->(11,10,16.8569)->(10,10,17.3569)->(9,10,17.8748)->(8,10,18.4426)->(7,10,19.1248)->(6,10,20.4426)->(5,10,22.6569)->(5,11,24.9063)->(5,12,26.9063)->(5,13,5013.18)->
Agent 61:(26,26,2.4142)->(26,27,4.8284)->(26,28,11.0463)->(25,28,16.6783)->(24,28,17.9962)->(23,28,18.6783)->(22,28,19.2462)->(21,28,19.7641)->(20,28,20.2821)->(19,28,20.8499)->(18,28,21.5321)->(17,28,22.8499)->(16,28,25.0641)->(16,27,27.2783)->(16,26,28.5962)->(16,25,29.2783)->(16,24,29.8462)->(16,23,30.3641)->(16,22,30.8641)->(16,21,31.3641)->(16,20,31.8641)->(16,19,32.3641)->(16,18,32.8821)->(16,17,33.4499)->(16,16,34.1321)->(16,15,35.4499)->(16,14,37.6641)->(15,14,39.8783)->(14,14,41.1962)->(13,14,41.8783)->(12,14,42.4641)->(11,14,43.0499)->(10,14,43.7321)->(9,14,45.0499)->(8,14,47.6783)->(8,13,51.2783)->(7,13,54.4925)->(6,13,57.7067)->(6,12,5029.05)->
Agent 62:(15,14,3.71421)->(14,14,10.1679)->(15,14,15.1501)->(16,14,16.4679)->(17,14,17.2)->(18,14,17.9321)->(19,14,19.2499)->(20,14,21.6463)->(20,15,24.0426)->(20,16,25.3605)->(20,17,26.0426)->(20,18,26.6105)->(20,19,27.1284)->(20,20,27.6284)->(20,21,28.1284)->(20,22,28.6284)->(20,23,29.1284)->(20,24,29.6284)->(20,25,30.1284)->(20,26,30.6464)->(20,27,31.2142)->(20,28,31.8964)->(20,29,33.2142)->(20,30,35.4284)->(21,30,38.2284)->(22,30,5019.11)->
Agent 63:(24,17,2.2)->(24,16,3.81421)->(24,15,5.13205)->(24,14,5.81421)->(24,13,6.4)->(24,12,6.98579)->(24,11,7.66795)->(24,10,8.98579)->(24,9,12.5)->(23,9,16.0142)->(22,9,17.3321)->(21,9,18.0142)->(20,9,18.5821)->(19,9,19.1)->(18,9,19.6)->(17,9,20.1)->(16,9,20.6)->(15,9,21.1)->(14,9,21.6)->(13,9,22.1)->(12,9,22.6)->(11,9,23.1)->(10,9,23.6)->(9,9,24.1)->(8,9,24.6)->(7,9,25.1)->(6,9,25.6)->(5,9,26.1)->(4,9,26.6179)->(3,9,27.1858)->(2,9,27.8679)->(1,9,29.1858)->(0,9,5014.3)->
Agent 64:(20,18,1.8)->(19,18,3.01421)->(18,18,4.33205)->(17,18,5.02382)->(16,18,5.65949)->(15,18,6.35126)->(14,18,7.6691)->(13,18,10.1596)->(13,17,12.6501)->(13,16,13.9679)->(13,15,14.6501)->(13,14,15.2179)->(13,13,15.7359)->(13,12,16.2359)->(13,11,16.7359)->(13,10,17.2359)->(13,9,17.7359)->(13,8,18.2359)->(13,7,18.7538)->(13,6,19.3217)->(13,5,20.0038)->(13,4,21.3217)->(13,3,24.3822)->(14,3,33.0074)->(14,4,40.2642)->(14,5,42.2642)->(14,6,5020.86)->
Agent 65:(29,15,2.2)->(29,14,3.81421)->(29,13,5.13205)->(29,12,5.81421)->(29,11,6.38205)->(29,10,6.9)->(29,9,7.41795)->(29,8,7.98579)->(29,7,8.66795)->(29,6,9.98579)->(29,5,12.2)->(28,5,14.4142)->(27,5,15.7481)->(26,5,16.5765)->(25,5,17.9103)->(24,5,5008.66)->
Agent 66:(19,19,1.8)->(18,19,3.01421)->(17,19,4.33205)->(16,19,5.0641)->(15,19,5.79615)->(14,19,7.11399)->(13,19,9.3282)->(13,20,11.5777)->(13,21,13.5777)->(13,22,15.8272)->(12,22,18.0767)->(11,22,20.0767)->(10,22,5009.76)->
Agent 67:(17,24,3.42843)->(16,24,6.27107)->(15,24,7.58891)->(14,24,8.27107)->(13,24,8.83891)->(12,24,9.35685)->(11,24,9.85685)->(10,24,10.3748)->(9,24,10.9426)->(8,24,11.6248)->(7,24,12.9426)->(6,24,15.4242)->(6,23,17.9057)->(6,22,19.2236)->(6,21,19.9057)->(6,20,20.4736)->(6,19,20.9915)->(6,18,21.5095)->(6,17,22.0773)->(6,16,22.7595)->(6,15,24.0773)->(6,14,5011.75)->
Agent 68:(11,31,2.2)->(10,31,3.81421)->(9,31,5.22843)->(8,31,6.64264)->(7,31,10.0069)->(7,30,13.3711)->(7,29,14.6889)->(7,28,15.3711)->(7,27,15.9389)->(7,26,16.4569)->(7,25,16.9569)->(7,24,17.4569)->(7,23,17.9569)->(7,22,18.4569)->(7,21,18.9569)->(7,20,19.4569)->(7,19,19.9748)->(7,18,20.5426)->(7,17,21.2248)->(7,16,22.5426)->(7,15,24.7569)->(6,15,27.0063)->(5,15,29.0063)->(4,15,31.2558)->(4,14,33.47)->(4,13,34.7879)->(4,12,35.47)->(4,11,36.0379)->(4,10,36.5558)->(4,9,37.0558)->(4,8,37.5738)->(4,7,38.1416)->(4,6,38.8238)->(4,5,40.1416)->(4,4,5019.78)->
Agent 69:(19,2,1.8)->(18,2,3.01421)->(17,2,4.42843)->(16,2,5.84264)->(15,2,9.51421)->(15,3,13.1858)->(15,4,14.5036)->(15,5,15.1858)->(15,6,15.7536)->(15,7,16.2716)->(15,8,16.7716)->(15,9,17.2716)->(15,10,17.7716)->(15,11,18.2716)->(15,12,18.7716)->(15,13,19.2895)->(15,14,19.8574)->(15,15,20.5395)->(15,16,21.8574)->(15,17,25.2747)->(14,17,28.692)->(13,17,30.0099)->(12,17,30.692)->(11,17,31.2599)->(10,17,31.7778)->(9,17,32.2778)->(8,17,32.7778)->(7,17,33.2778)->(6,17,33.7778)->(5,17,34.2778)->(4,17,34.7958)->(3,17,35.3636)->(2,17,36.0458)->(1,17,37.3636)->(0,17,39.5778)->(0,18,41.792)->(0,19,43.1259)->(0,20,43.9543)->(0,21,45.2882)->(0,22,5022.35)->
Agent 70:(7,4,1.3)->(7,5,2.01421)->(7,6,3.33205)->(7,7,4.01421)->(7,8,4.58205)->(7,9,5.1)->(7,10,5.6)->(7,11,6.1)->(7,12,6.6)->(7,13,7.11795)->(7,14,7.68579)->(7,15,8.36795)->(7,16,9.68579)->(7,17,11.9)->(6,17,14.7)->(5,17,21.7322)->(5,18,5012.97)->
Agent 71:(24,1,1.8)->(23,1,3.01421)->(22,1,4.33205)->(21,1,5.01421)->(20,1,5.58205)->(19,1,6.1)->(18,1,6.6)->(17,1,7.11795)->(16,1,7.68579)->(15,1,8.36795)->(14,1,9.68579)->(13,1,18.5642)->(13,2,27.4426)->(13,3,28.7605)->(13,4,29.4426)->(13,5,30.0105)->(13,6,30.5284)->(13,7,31.0284)->(13,8,31.5464)->(13,9,32.1142)->(13,10,32.7964)->(13,11,34.1142)->(13,12,5016.76)->
Agent 72:(16,31,2.32469)->(16,30,4.0636)->(16,29,5.38143)->(16,28,6.0636)->(16,27,6.63143)->(16,26,7.16733)->(16,25,7.73517)->(16,24,8.41733)->(16,23,9.73517)->(16,22,11.9494)->(17,22,14.1989)->(18,22,16.1989)->(19,22,5007.82)->
Agent 73:(0,12,1.8)->(1,12,3.01421)->(2,12,4.42843)->(3,12,5.84264)->(4,12,8.05685)->(4,13,10.2711)->(4,14,11.5889)->(4,15,12.2711)->(4,16,12.8389)->(4,17,13.3569)->(4,18,13.8569)->(4,19,14.3569)->(4,20,14.8569)->(4,21,15.3569)->(4,22,15.8569)->(4,23,16.3569)->(4,24,16.8748)->(4,25,17.4426)->(4,26,18.1248)->(4,27,19.4426)->(4,28,21.6569)->(5,28,23.8711)->(6,28,25.1889)->(7,28,25.8807)->(8,28,26.5163)->(9,28,27.2081)->(10,28,28.526)->(11,28,5013.97)->
Agent 74:(25,18,2.2)->(25,17,3.81421)->(25,16,5.13205)->(25,15,5.81421)->(25,14,6.38205)->(25,13,6.9)->(25,12,7.4)->(25,11,7.9)->(25,10,8.4)->(25,9,8.9)->(25,8,9.4)->(25,7,9.91795)->(25,6,10.4858)->(25,5,11.1679)->(25,4,12.4858)->(25,3,15.1142)->(26,3,20.0142)->(26,4,5010.85)->
Agent 75:(0,5,1.3)->(0,6,2.01421)->(0,7,3.33205)->(0,8,4.01421)->(0,9,4.58205)->(0,10,5.1)->(0,11,5.6)->(0,12,6.1)->(0,13,6.6)->(0,14,7.1)->(0,15,7.6)->(0,16,8.1)->(0,17,8.6)->(0,18,9.1)->(0,19,9.6)->(0,20,10.1)->(0,21,10.6)->(0,22,11.1)->(0,23,11.6)->(0,24,12.1)->(0,25,12.6)->(0,26,13.1179)->(0,27,13.6858)->(0,28,14.3679)->(0,29,15.6858)->(0,30,17.9)->(1,30,20.1142)->(2,30,21.4321)->(3,30,22.1142)->(4,30,22.6821)->(5,30,23.2)->(6,30,23.7)->(7,30,24.2)->(8,30,24.7)->(9,30,25.2)->(10,30,25.7)->(11,30,26.2179)->(12,30,26.7858)->(13,30,27.4679)->(14,30,28.7858)->(15,30,31.4142)->(15,31,5015.9)->
Agent 76:(25,19,1.8)->(24,19,3.01421)->(23,19,4.33205)->(22,19,5.01421)->(21,19,5.58205)->(20,19,6.1)->(19,19,6.6)->(18,19,7.11795)->(17,19,7.68579)->(16,19,8.36795)->(15,19,9.68579)->(14,19,11.9)->(14,18,14.1142)->(14,17,15.4321)->(14,16,16.1142)->(14,15,16.6821)->(14,14,17.2)->(14,13,17.7)->(14,12,18.2)->(14,11,18.7)->(14,10,19.2)->(14,9,19.7)->(14,8,20.2)->(14,7,20.7)->(14,6,21.2179)->(14,5,21.7858)->(14,4,22.4679)->(14,3,23.7858)->(14,2,5011.6)->
Agent 77:(30,18,1.8)->(29,18,3.6)->(28,18,6.4)->(28,19,8.64949)->(28,20,10.6495)->(28,21,12.899)->(29,21,15.699)->(30,21,18.499)->(30,22,20.7132)->(30,23,22.1274)->(30,24,23.5416)->(30,25,5011.48)->
Agent 78:(6,19,2.21421)->(7,19,6)->(6,19,9.81421)->(5,19,11.1481)->(4,19,11.9765)->(3,19,13.3103)->(2,19,15.5246)->(2,18,17.7388)->(2,17,19.0566)->(2,16,19.7388)->(2,15,20.3066)->(2,14,20.8246)->(2,13,21.3246)->(2,12,21.8246)->(2,11,22.3246)->(2,10,22.8246)->(2,9,23.3246)->(2,8,23.8246)->(2,7,24.3246)->(2,6,24.8425)->(2,5,25.4103)->(2,4,26.0925)->(2,3,27.4103)->(2,2,29.6246)->(3,2,32.4246)->(4,2,5016.21)->
Agent 79:(11,4,1.3)->(11,5,2.04949)->(11,6,4.04949)->(11,7,9.30685)->(12,7,14.5289)->(13,7,15.9431)->(14,7,17.3574)->(15,7,19.5716)->(15,8,21.7858)->(15,9,23.1036)->(15,10,23.7858)->(15,11,24.3536)->(15,12,24.8895)->(15,13,25.4574)->(15,14,26.1395)->(15,15,27.4574)->(15,16,5013.44)->
Agent 80:(26,23,1.3)->(26,24,2.6)->(26,25,9.84626)->(25,25,16.5067)->(24,25,17.8246)->(23,25,18.5067)->(22,25,19.0746)->(21,25,19.5925)->(20,25,20.0925)->(19,25,20.5925)->(18,25,21.0925)->(17,25,21.5925)->(16,25,22.0925)->(15,25,22.5925)->(14,25,23.1105)->(13,25,23.6783)->(12,25,24.3605)->(11,25,25.6783)->(10,25,28.3067)->(10,26,5014.35)->
Agent 81:(20,12,4.80685)->(19,12,9.02792)->(18,12,10.3458)->(17,12,11.0279)->(16,12,11.5958)->(15,12,12.1137)->(14,12,12.6137)->(13,12,13.1137)->(12,12,13.6137)->(11,12,14.1137)->(10,12,14.6137)->(9,12,15.1137)->(8,12,15.6137)->(7,12,16.1317)->(6,12,16.6995)->(5,12,17.3817)->(4,12,18.6995)->(3,12,20.9137)->(3,13,23.1279)->(3,14,24.5421)->(3,15,25.9563)->(3,16,5012.69)->
Agent 82:(21,31,9.80685)->(21,30,19.0279)->(21,29,20.3458)->(21,28,21.0279)->(21,27,21.5958)->(21,26,22.1137)->(21,25,22.6137)->(21,24,23.1137)->(21,23,23.6137)->(21,22,24.1137)->(21,21,24.6137)->(21,20,25.1137)->(21,19,25.6137)->(21,18,26.1137)->(21,17,26.6137)->(21,16,27.1137)->(21,15,27.6137)->(21,14,28.1137)->(21,13,28.6137)->(21,12,29.1137)->(21,11,29.6137)->(21,10,30.1317)->(21,9,30.6995)->(21,8,31.3817)->(21,7,32.6995)->(21,6,34.9137)->(20,6,37.1279)->(19,6,38.4458)->(18,6,39.1279)->(17,6,39.6958)->(16,6,40.2137)->(15,6,40.7137)->(14,6,41.2137)->(13,6,41.7137)->(12,6,42.2317)->(11,6,42.7995)->(10,6,43.4817)->(9,6,44.7995)->(8,6,5022.11)->
Agent 83:(12,3,1.8)->(11,3,3.01421)->(10,3,4.42843)->(9,3,5.84264)->(8,3,8.47107)->(8,2,20.2784)->(8,3,31.7)->(8,4,5015.85)->
Agent 84:(6,26,2.2)->(6,25,3.81421)->(6,24,5.13205)->(6,23,5.81421)->(6,22,6.38205)->(6,21,6.9)->(6,20,7.4)->(6,19,7.9)->(6,18,8.4)->(6,17,8.91795)->(6,16,9.48579)->(6,15,10.1679)->(6,14,11.4858)->(6,13,13.7)->(7,13,15.9142)->(8,13,17.2321)->(9,13,17.9142)->(10,13,18.4821)->(11,13,19)->(12,13,19.5)->(13,13,20)->(14,13,20.5)->(15,13,21)->(16,13,21.5)->(17,13,22)->(18,13,22.5)->(19,13,23)->(20,13,23.5)->(21,13,24)->(22,13,24.5)->(23,13,25.0179)->(24,13,25.5858)->(25,13,26.2679)->(26,13,27.5858)->(27,13,30.2142)->(27,14,5015.3)->
Agent 85:(30,3,1.8)->(29,3,3.01421)->(28,3,4.33205)->(27,3,5.01421)->(26,3,5.58205)->(25,3,6.1)->(24,3,6.6)->(23,3,7.1)->(22,3,7.6)->(21,3,8.1)->(20,3,8.6)->(19,3,9.1)->(18,3,9.6)->(17,3,10.1)->(16,3,10.6179)->(15,3,11.1858)->(14,3,11.8679)->(13,3,13.1858)->(12,3,15.4)->(12,4,17.6142)->(12,5,18.9321)->(12,6,19.6142)->(12,7,20.1821)->(12,8,20.7)->(12,9,21.2)->(12,10,21.7)->(12,11,22.2179)->(12,12,22.7858)->(12,13,23.4679)->(12,14,24.7858)->(12,15,27)->(11,15,29.2142)->(10,15,30.6284)->(9,15,32.0426)->(8,15,5015.73)->
Agent 86:(30,13,1.71421)->(30,14,5.75)->(29,14,10.3142)->(28,14,11.7284)->(27,14,13.1426)->(26,14,5006.28)->
Agent 87:(30,29,2.2)->(30,28,3.81421)->(30,27,5.13205)->(30,26,5.81421)->(30,25,6.38205)->(30,24,6.9)->(30,23,7.4)->(30,22,7.9)->(30,21,8.4)->(30,20,8.9)->(30,19,9.4)->(30,18,9.9)->(30,17,10.4)->(30,16,10.9)->(30,15,11.4)->(30,14,11.9)->(30,13,12.4)->(30,12,12.9)->(30,11,13.4)->(30,10,13.9)->(30,9,14.4)->(30,8,14.9)->(30,7,15.4)->(30,6,15.9)->(30,5,16.4)->(30,4,16.9179)->(30,3,17.4858)->(30,2,18.1679)->(30,1,19.4858)->(30,0,24.0069)->(29,0,28.5279)->(28,0,29.8458)->(27,0,30.5279)->(26,0,31.0958)->(25,0,31.6137)->(24,0,32.1137)->(23,0,32.6137)->(22,0,33.1137)->(21,0,33.6137)->(20,0,34.1137)->(19,0,34.6137)->(18,0,35.1137)->(17,0,35.6137)->(16,0,36.1137)->(15,0,36.6137)->(14,0,37.1137)->(13,0,37.6137)->(12,0,38.1137)->(11,0,38.6137)->(10,0,39.1137)->(9,0,39.6317)->(8,0,40.1995)->(7,0,40.8817)->(6,0,42.1995)->(5,0,5020.81)->
Agent 88:(0,24,1.3)->(0,25,2.04949)->(0,26,4.04949)->(0,27,6.29898)->(1,27,8.51319)->(2,27,9.83103)->(3,27,10.5132)->(4,27,11.099)->(5,27,11.6848)->(6,27,12.3669)->(7,27,13.6848)->(8,27,16.3132)->(8,26,22.6637)->(8,27,5012.9)->
Agent 89:(26,27,1.3)->(26,28,2.6)->(26,29,6.75)->(25,29,10.3142)->(24,29,11.6321)->(23,29,12.3142)->(22,29,12.8821)->(21,29,13.4)->(20,29,13.9)->(19,29,14.4)->(18,29,14.9)->(17,29,15.4)->(16,29,15.9)->(15,29,16.4)->(14,29,16.9)->(13,29,17.4)->(12,29,17.9)->(11,29,18.4)->(10,29,18.9)->(9,29,19.4)->(8,29,19.9)->(7,29,20.4)->(6,29,20.9179)->(5,29,21.4858)->(4,29,22.1679)->(3,29,23.4858)->(2,29,25.7)->(2,28,28.5)->(2,27,5014.25)->
Agent 90:(21,22,1.8)->(22,22,3.04949)->(23,22,5.04949)->(24,22,7.29898)->(24,23,9.51319)->(24,24,10.831)->(24,25,11.5132)->(24,26,12.081)->(24,27,12.6169)->(24,28,13.1848)->(24,29,13.8669)->(24,30,15.1848)->(24,31,17.8132)->(25,31,5009.1)->
Agent 91:(10,10,2.61421)->(10,9,6.01795)->(9,9,9.05011)->(8,9,10.3679)->(7,9,11.0501)->(6,9,11.6179)->(5,9,12.1359)->(4,9,12.6538)->(3,9,13.2217)->(2,9,13.9038)->(1,9,15.2217)->(0,9,17.4359)->(0,10,19.6501)->(0,11,20.984)->(0,12,21.8124)->(0,13,23.1462)->(0,14,25.3605)->(1,14,28.1605)->(2,14,31.3747)->(2,15,5015.88)->
Agent 92:(1,5,1.3)->(1,6,2.01421)->(1,7,3.33205)->(1,8,4.0641)->(1,9,4.79615)->(1,10,6.11399)->(1,11,9.3641)->(2,11,12.6142)->(3,11,13.9321)->(4,11,14.6142)->(5,11,15.1821)->(6,11,15.7)->(7,11,16.2)->(8,11,16.7)->(9,11,17.2)->(10,11,17.7)->(11,11,18.2)->(12,11,18.7)->(13,11,19.2)->(14,11,19.7)->(15,11,20.2)->(16,11,20.7)->(17,11,21.2)->(18,11,21.7)->(19,11,22.2)->(20,11,22.7)->(21,11,23.2)->(22,11,23.7)->(23,11,24.2)->(24,11,24.7)->(25,11,25.2)->(26,11,25.7179)->(27,11,26.2858)->(28,11,26.9679)->(29,11,28.2858)->(30,11,5013.85)->
Agent 93:(14,30,2.73891)->(15,30,4.89202)->(16,30,6.22587)->(17,30,7.0543)->(18,30,8.38815)->(19,30,13.2852)->(19,29,18.1822)->(19,28,19.516)->(19,27,20.3445)->(19,26,21.6783)->(19,25,5010.55)->
Agent 94:(16,17,2.2)->(16,16,4.4)->(16,15,7.61421)->(17,15,11.2142)->(17,14,13.8426)->(17,13,15.1605)->(17,12,15.8426)->(17,11,16.4105)->(17,10,16.9284)->(17,9,17.4464)->(17,8,18.0142)->(17,7,18.6964)->(17,6,20.0142)->(17,5,22.2284)->(16,5,24.4426)->(15,5,25.7605)->(14,5,26.4426)->(13,5,27.0105)->(12,5,27.5464)->(11,5,28.1142)->(10,5,28.7964)->(9,5,30.1142)->(8,5,5014.76)->
Agent 95:(7,24,5.76421)->(7,23,10.9426)->(7,22,12.2605)->(7,21,12.9426)->(7,20,13.5284)->(7,19,14.1142)->(7,18,14.7964)->(7,17,16.1142)->(7,16,18.3284)->(6,16,20.5779)->(5,16,22.5779)->(4,16,5011.01)->
Agent 96:(6,2,1.8)->(7,2,3.01421)->(8,2,4.33205)->(9,2,5.01421)->(10,2,5.6)->(11,2,6.18579)->(12,2,6.86795)->(13,2,8.18579)->(14,2,10.4)->(14,1,13.2)->(14,0,24.9069)->(14,1,5016.89)->
Agent 97:(12,10,1.71421)->(12,11,3.81421)->(11,11,6.44264)->(10,11,7.85685)->(9,11,9.27107)->(8,11,11.4853)->(8,12,13.6995)->(8,13,15.0173)->(8,14,15.6995)->(8,15,16.2673)->(8,16,16.8032)->(8,17,17.3711)->(8,18,18.0532)->(8,19,19.3711)->(8,20,5009.39)->
Agent 98:(16,27,1.8)->(17,27,3.01421)->(18,27,4.33205)->(19,27,5.01421)->(20,27,5.58205)->(21,27,6.11795)->(22,27,6.68579)->(23,27,7.36795)->(24,27,8.68579)->(25,27,11.3142)->(25,26,5005.85)->
Agent 99:(7,29,1.71421)->(7,30,3.81421)->(8,30,6.44264)->(9,30,7.76048)->(10,30,8.44264)->(11,30,9.01048)->(12,30,9.54638)->(13,30,10.1142)->(14,30,10.7964)->(15,30,12.1142)->(16,30,18.2266)->(16,29,26.4803)->(15,29,30.2783)->(14,29,31.6122)->(13,29,32.4406)->(12,29,33.7744)->(11,29,5016.59)->
Agent 100:(14,12,2.61421)->(14,11,6.53205)->(15,11,10.0783)->(16,11,11.3962)->(17,11,12.0783)->(18,11,12.6462)->(19,11,13.1641)->(20,11,13.6641)->(21,11,14.1641)->(22,11,14.6641)->(23,11,15.1821)->(24,11,15.7499)->(25,11,16.4321)->(26,11,17.7499)->(27,11,20.9463)->(27,12,24.1426)->(27,13,25.4605)->(27,14,26.1426)->(27,15,26.7105)->(27,16,27.2284)->(27,17,27.7464)->(27,18,28.3142)->(27,19,28.9964)->(27,20,30.3142)->(27,21,32.9426)->(28,21,5016.66)->
Agent 101:(21,29,1.89446)->(20,29,3.20314)->(19,29,4.53699)->(18,29,5.36542)->(17,29,6.69927)->(16,29,10.7567)->(16,28,14.8142)->(16,27,16.1321)->(16,26,16.8142)->(16,25,17.3821)->(16,24,17.9)->(16,23,18.4)->(16,22,18.9)->(16,21,19.4)->(16,20,19.9)->(16,19,20.4)->(16,18,20.9)->(16,17,21.4)->(16,16,21.9)->(16,15,22.4)->(16,14,22.9)->(16,13,23.4)->(16,12,23.9)->(16,11,24.4)->(16,10,24.9)->(16,9,25.4)->(16,8,25.9)->(16,7,26.4179)->(16,6,26.9858)->(16,5,27.6679)->(16,4,28.9858)->(16,3,5014.2)->
Agent 102:(10,18,2.84264)->(10,17,5.09949)->(10,16,6.41733)->(10,15,7.09949)->(10,14,7.66733)->(10,13,8.18528)->(10,12,8.70323)->(10,11,9.27107)->(10,10,9.95323)->(10,9,11.2711)->(10,8,15.1606)->(10,9,19.6359)->(10,10,24.5322)->(9,10,5013.3)->
Agent 103:(21,30,2.90374)->(21,29,5.22168)->(21,28,6.53952)->(21,27,7.27157)->(21,26,8.00362)->(21,25,9.32146)->(21,24,11.9499)->(22,24,5006.17)->
Agent 104:(8,0,1.8)->(7,0,3.01421)->(6,0,4.33205)->(5,0,5.02382)->(4,0,5.65949)->(3,0,6.35126)->(2,0,7.6691)->(1,0,18.2417)->(1,1,28.8142)->(1,2,30.1321)->(1,3,30.8142)->(1,4,31.3821)->(1,5,31.9)->(1,6,32.4)->(1,7,32.9)->(1,8,33.4)->(1,9,33.9)->(1,10,34.4179)->(1,11,34.9858)->(1,12,35.6679)->(1,13,36.9858)->(1,14,39.6142)->(0,14,5020)->
Agent 105:(22,21,4.01615)->(22,20,7.44651)->(22,19,8.78036)->(22,18,9.60879)->(22,17,10.9426)->(22,16,13.5711)->(23,16,17.6642)->(22,16,20.7858)->(21,16,22.1036)->(20,16,22.7858)->(19,16,23.3536)->(18,16,23.8716)->(17,16,24.3716)->(16,16,24.8716)->(15,16,25.3716)->(14,16,25.8895)->(13,16,26.4574)->(12,16,27.1395)->(11,16,28.4574)->(10,16,5013.94)->
Agent 106:(23,4,2.21421)->(22,4,7.15)->(22,5,12.1142)->(22,6,13.4321)->(22,7,14.1142)->(22,8,14.6821)->(22,9,15.2)->(22,10,15.7)->(22,11,16.2)->(22,12,16.7)->(22,13,17.2)->(22,14,17.7)->(22,15,18.2179)->(22,16,18.7858)->(22,17,19.4679)->(22,18,20.7858)->(22,19,23)->(23,19,25.8)->(24,19,28.6)->(24,20,30.8142)->(24,21,32.1321)->(24,22,32.8238)->(24,23,33.4595)->(24,24,34.1513)->(24,25,35.4691)->(24,26,5017.44)->
Agent 107:(23,28,2.3)->(23,27,4.01421)->(23,26,5.33205)->(23,25,6.01421)->(23,24,6.58205)->(23,23,7.1)->(23,22,7.6)->(23,21,8.1)->(23,20,8.6)->(23,19,9.1)->(23,18,9.6)->(23,17,10.1)->(23,16,10.6)->(23,15,11.1)->(23,14,11.6)->(23,13,12.1)->(23,12,12.6)->(23,11,13.1)->(23,10,13.6)->(23,9,14.1)->(23,8,14.6179)->(23,7,15.1858)->(23,6,15.8679)->(23,5,17.1858)->(23,4,19.4)->(22,4,21.6142)->(21,4,22.9321)->(20,4,23.6142)->(19,4,24.1821)->(18,4,24.7)->(17,4,25.2)->(16,4,25.7)->(15,4,26.2)->(14,4,26.7)->(13,4,27.2)->(12,4,27.7)->(11,4,28.2)->(10,4,28.7)->(9,4,29.2)->(8,4,29.7)->(7,4,30.2)->(6,4,30.7179)->(5,4,31.2858)->(4,4,31.9679)->(3,4,33.2858)->(2,4,5016.35)->
Agent 108:(1,26,1.71421)->(1,27,3.81421)->(2,27,6.44264)->(3,27,7.76048)->(4,27,8.44264)->(5,27,9.01048)->(6,27,9.52843)->(7,27,10.0284)->(8,27,10.5284)->(9,27,11.0284)->(10,27,11.5284)->(11,27,12.0284)->(12,27,12.5284)->(13,27,13.0284)->(14,27,13.5284)->(15,27,14.0284)->(16,27,14.5464)->(17,27,15.1142)->(18,27,15.7964)->(19,27,17.1142)->(20,27,20.2247)->(19,27,5010.55)->
Agent 109:(25,24,6.7)->(25,23,12.8142)->(25,22,14.1321)->(25,21,14.8142)->(25,20,15.3821)->(25,19,15.9)->(25,18,16.4)->(25,17,16.9)->(25,16,17.4)->(25,15,17.9)->(25,14,18.4)->(25,13,18.9179)->(25,12,19.4858)->(25,11,20.1679)->(25,10,21.4858)->(25,9,23.7)->(26,9,25.9495)->(27,9,27.9495)->(28,9,5013.7)->
Agent 110:(9,31,2.2)->(9,30,3.81421)->(9,29,5.13205)->(9,28,5.81421)->(9,27,6.38205)->(9,26,6.9)->(9,25,7.4)->(9,24,7.9)->(9,23,8.4)->(9,22,8.9)->(9,21,9.4)->(9,20,9.9)->(9,19,10.4179)->(9,18,10.9858)->(9,17,11.6679)->(9,16,12.9858)->(9,15,15.5926)->(8,15,18.1995)->(7,15,19.5173)->(6,15,20.1995)->(5,15,20.7673)->(4,15,21.3032)->(3,15,21.8711)->(2,15,22.5532)->(1,15,23.8711)->(0,15,5011.64)->
Agent 111:(21,20,4.05)->(21,19,7.51421)->(21,18,8.84806)->(21,17,9.67649)->(21,16,11.0103)->(21,15,13.2246)->(20,15,15.4388)->(19,15,16.7566)->(18,15,17.4388)->(17,15,18.0066)->(16,15,18.5246)->(15,15,19.0246)->(14,15,19.5425)->(13,15,20.1103)->(12,15,20.7925)->(11,15,22.1103)->(10,15,24.7388)->(10,14,29.7049)->(10,15,5015.73)->
Agent 112:(26,11,2.2)->(26,10,3.81421)->(26,9,5.13205)->(26,8,5.82382)->(26,7,6.45949)->(26,6,7.15126)->(26,5,8.4691)->(26,4,14.7917)->(25,4,21.1142)->(24,4,22.4321)->(23,4,23.1142)->(22,4,23.6821)->(21,4,24.2)->(20,4,24.7)->(19,4,25.2)->(18,4,25.7)->(17,4,26.2)->(16,4,26.7)->(15,4,27.2)->(14,4,27.7)->(13,4,28.2)->(12,4,28.7)->(11,4,29.2)->(10,4,29.7179)->(9,4,30.2858)->(8,4,30.9679)->(7,4,32.2858)->(6,4,5015.85)->
Agent 113:(12,13,1.8)->(13,13,3.01421)->(14,13,4.33205)->(15,13,5.01421)->(16,13,5.58205)->(17,13,6.1)->(18,13,6.6)->(19,13,7.1)->(20,13,7.6)->(21,13,8.11795)->(22,13,8.68579)->(23,13,9.36795)->(24,13,10.6858)->(25,13,13.7142)->(24,13,17.7142)->(24,14,20.3779)->(24,15,22.3779)->(24,16,5010.91)->
Agent 114:(1,22,8.92843)->(1,23,17.2711)->(1,24,18.5889)->(1,25,19.2711)->(1,26,19.8389)->(1,27,20.3748)->(1,28,20.9426)->(1,29,21.6248)->(1,30,22.9426)->(1,31,5011.18)->
Agent 115:(17,20,2.45)->(16,20,4.31421)->(15,20,5.63205)->(14,20,6.31421)->(13,20,6.88205)->(12,20,7.4)->(11,20,7.9)->(10,20,8.4)->(9,20,8.9)->(8,20,9.4)->(7,20,9.91795)->(6,20,10.4858)->(5,20,11.1679)->(4,20,12.4858)->(3,20,15.1142)->(3,19,5007.75)->
Agent 116:(8,14,3.31795)->(8,13,6.05011)->(8,12,7.36795)->(8,11,8.05011)->(8,10,8.61795)->(8,9,9.1359)->(8,8,9.6359)->(8,7,10.1538)->(8,6,10.7217)->(8,5,11.4038)->(8,4,12.7217)->(8,3,14.9359)->(9,3,17.1501)->(10,3,18.4679)->(11,3,19.1501)->(12,3,19.7179)->(13,3,20.2359)->(14,3,20.7359)->(15,3,21.2359)->(16,3,21.7538)->(17,3,22.3217)->(18,3,23.0038)->(19,3,24.3217)->(20,3,5011.87)->
Agent 117:(25,0,1.8)->(24,0,3.04949)->(23,0,5.04949)->(22,0,12.5921)->(22,1,20.6853)->(22,2,5010.34)->
Agent 118:(20,16,2.88579)->(20,17,5.18579)->(20,18,6.50362)->(20,19,7.18579)->(20,20,7.75362)->(20,21,8.27157)->(20,22,8.77157)->(20,23,9.27157)->(20,24,9.77157)->(20,25,10.2716)->(20,26,10.7716)->(20,27,11.2895)->(20,28,11.8574)->(20,29,12.5395)->(20,30,13.8574)->(20,31,16.0716)->(19,31,18.2858)->(18,31,19.6036)->(17,31,20.2858)->(16,31,20.8536)->(15,31,21.3716)->(14,31,21.8716)->(13,31,22.3716)->(12,31,22.8716)->(11,31,23.3716)->(10,31,23.8716)->(9,31,24.3716)->(8,31,24.8716)->(7,31,25.3895)->(6,31,25.9574)->(5,31,26.6395)->(4,31,27.9574)->(3,31,5013.69)->
Agent 119:(10,28,2.45)->(10,27,4.31421)->(10,26,5.63205)->(10,25,6.31421)->(10,24,6.9)->(10,23,7.48579)->(10,22,8.16795)->(10,21,9.48579)->(10,20,13.4)->(11,20,17.3142)->(12,20,18.6321)->(13,20,19.3142)->(14,20,19.8821)->(15,20,20.4)->(16,20,20.9)->(17,20,21.4)->(18,20,21.9)->(19,20,22.4)->(20,20,22.9)->(21,20,23.4)->(22,20,23.9)->(23,20,24.4)->(24,20,24.9179)->(25,20,25.4858)->(26,20,26.1679)->(27,20,27.4858)->(28,20,5013.45)->
Agent 120:(13,26,3.42843)->(14,26,6.27107)->(15,26,7.68528)->(16,26,9.09949)->(17,26,5004.26)->
Agent 121:(18,25,1.8)->(17,25,3.01421)->(16,25,4.33205)->(15,25,5.01421)->(14,25,5.58205)->(13,25,6.11795)->(12,25,6.68579)->(11,25,7.36795)->(10,25,8.68579)->(9,25,12.35)->(9,24,16.0142)->(9,23,17.3321)->(9,22,18.0142)->(9,21,18.5821)->(9,20,19.1)->(9,19,19.6)->(9,18,20.1)->(9,17,20.6)->(9,16,21.1)->(9,15,21.6)->(9,14,22.1)->(9,13,22.6179)->(9,12,23.1858)->(9,11,23.8679)->(9,10,25.1858)->(9,9,27.8142)->(10,9,5014.1)->
Agent 122:(5,29,2.2)->(5,28,3.81421)->(5,27,5.13205)->(5,26,5.81421)->(5,25,6.38205)->(5,24,6.9)->(5,23,7.4)->(5,22,7.9)->(5,21,8.4)->(5,20,8.9)->(5,19,9.4)->(5,18,9.9)->(5,17,10.4)->(5,16,10.9)->(5,15,11.4)->(5,14,11.9)->(5,13,12.4)->(5,12,12.9179)->(5,11,13.4858)->(5,10,14.1679)->(5,9,15.4858)->(5,8,17.9)->(6,8,20.3142)->(7,8,21.6321)->(8,8,22.3142)->(9,8,22.8821)->(10,8,23.4)->(11,8,23.9)->(12,8,24.4179)->(13,8,24.9858)->(14,8,25.6679)->(15,8,26.9858)->(16,8,5013.2)->
Agent 123:(10,13,1.71421)->(10,14,3.81421)->(9,14,7.02843)->(8,14,9.82843)->(8,15,12.0426)->(8,16,13.3605)->(8,17,14.0522)->(8,18,14.6879)->(8,19,15.3797)->(8,20,16.6975)->(8,21,18.9117)->(9,21,21.7117)->(10,21,26.1663)->(10,20,30.0352)->(10,19,31.4494)->(10,18,32.8636)->(10,17,5016.14)->
Agent 124:(19,12,2.55)->(19,11,4.51421)->(19,10,5.83205)->(19,9,6.51421)->(19,8,7.08205)->(19,7,7.61795)->(19,6,8.18579)->(19,5,8.86795)->(19,4,10.1858)->(19,3,12.4)->(20,3,15.2)->(21,3,24.2074)->(21,2,32.6642)->(21,1,34.6642)->(21,0,5017.06)->
Agent 125:(9,23,2.16472)->(10,23,3.77894)->(11,23,5.77894)->(12,23,8.54264)->(12,24,11.2711)->(12,25,12.6049)->(12,26,13.4333)->(12,27,14.7672)->(12,28,5007.09)->
Agent 126:(12,24,2.2)->(12,23,3.81421)->(12,22,5.13205)->(12,21,5.81421)->(12,20,6.38205)->(12,19,6.9)->(12,18,7.41795)->(12,17,7.98579)->(12,16,8.66795)->(12,15,9.98579)->(12,14,12.2)->(11,14,14.4142)->(10,14,15.7481)->(9,14,16.5765)->(8,14,17.9103)->(7,14,5008.66)->
Agent 127:(12,17,1.8)->(13,17,3.01421)->(14,17,4.33205)->(15,17,5.01421)->(16,17,5.58205)->(17,17,6.1)->(18,17,6.6)->(19,17,7.1)->(20,17,7.6)->(21,17,8.1)->(22,17,8.6)->(23,17,9.1)->(24,17,9.6)->(25,17,10.1179)->(26,17,10.6858)->(27,17,11.3679)->(28,17,12.6858)->(29,17,14.9)->(29,18,17.1142)->(29,19,18.4321)->(29,20,19.1142)->(29,21,19.6821)->(29,22,20.2)->(29,23,20.7)->(29,24,21.2179)->(29,25,21.7858)->(29,26,22.4679)->(29,27,23.7858)->(29,28,5011.6)->
Agent 128:(9,7,2.88036)->(9,6,5.17494)->(9,5,6.50879)->(9,4,7.33722)->(9,3,8.67107)->(9,2,10.8853)->(10,2,13.0995)->(11,2,14.4173)->(12,2,15.0995)->(13,2,15.6673)->(14,2,16.1853)->(15,2,16.6853)->(16,2,17.1853)->(17,2,17.6853)->(18,2,18.1853)->(19,2,18.6853)->(20,2,19.1853)->(21,2,19.6853)->(22,2,20.1853)->(23,2,20.6853)->(24,2,21.2032)->(25,2,21.7711)->(26,2,22.4532)->(27,2,23.7711)->(28,2,5011.59)->
Agent 129:(31,14,1.3)->(31,15,2.01421)->(31,16,3.42843)->(31,17,4.84264)->(31,18,8.32843)->(30,18,11.8142)->(29,18,13.1321)->(28,18,13.8142)->(27,18,14.3821)->(26,18,14.9)->(25,18,15.4)->(24,18,15.9)->(23,18,16.4)->(22,18,16.9)->(21,18,17.4)->(20,18,17.9)->(19,18,18.4)->(18,18,18.9)->(17,18,19.4)->(16,18,19.9)->(15,18,20.4)->(14,18,20.9)->(13,18,21.4)->(12,18,21.9)->(11,18,22.4)->(10,18,22.9)->(9,18,23.4)->(8,18,23.9)->(7,18,24.4)->(6,18,24.9)->(5,18,25.4179)->(4,18,25.9858)->(3,18,26.6679)->(2,18,27.9858)->(1,18,5013.7)->
