Agent 0:(37,53,2.2)->(37,52,3.84949)->(37,51,5.84949)->(37,50,11.5495)->(36,50,17.2142)->(35,50,18.5321)->(34,50,19.2238)->(33,50,19.8595)->(32,50,20.5513)->(31,50,21.8691)->(30,50,5010.64)->
Agent 1:(35,50,2.2)->(35,49,3.81421)->(35,48,5.13205)->(35,47,5.81421)->(35,46,6.38205)->(35,45,6.9)->(35,44,7.4)->(35,43,7.9)->(35,42,8.4)->(35,41,8.9)->(35,40,9.4)->(35,39,9.9)->(35,38,10.4)->(35,37,10.9179)->(35,36,11.4858)->(35,35,12.1679)->(35,34,13.4858)->(35,33,15.7)->(34,33,17.9142)->(33,33,19.2481)->(32,33,20.0765)->(31,33,21.4103)->(30,33,23.6246)->(30,32,25.8388)->(30,31,27.1566)->(30,30,27.8388)->(30,29,28.4066)->(30,28,28.9246)->(30,27,29.4246)->(30,26,29.9246)->(30,25,30.4246)->(30,24,30.9246)->(30,23,31.4246)->(30,22,31.9246)->(30,21,32.4246)->(30,20,32.9246)->(30,19,33.4246)->(30,18,33.9246)->(30,17,34.4246)->(30,16,34.9246)->(30,15,35.4246)->(30,14,35.9246)->(30,13,36.4246)->(30,12,36.9246)->(30,11,37.4246)->(30,10,37.9246)->(30,9,38.4246)->(30,8,38.9246)->(30,7,39.4246)->(30,6,39.9425)->(30,5,40.5103)->(30,4,41.1925)->(30,3,42.5103)->(30,2,44.7246)->(31,2,46.9388)->(32,2,48.2566)->(33,2,48.9388)->(34,2,49.5066)->(35,2,50.0425)->(36,2,50.6103)->(37,2,51.2925)->(38,2,52.6103)->(39,2,54.8246)->(39,3,57.6246)->(39,4,5028.81)->
Agent 2:(25,32,2.2)->(25,31,3.81421)->(25,30,5.13205)->(25,29,5.8641)->(25,28,6.59615)->(25,27,7.91399)->(25,26,16.8141)->(26,26,25.7142)->(27,26,27.0321)->(28,26,27.7142)->(29,26,28.2821)->(30,26,28.8)->(31,26,29.3)->(32,26,29.8)->(33,26,30.3)->(34,26,30.8)->(35,26,31.3)->(36,26,31.8)->(37,26,32.3)->(38,26,32.8)->(39,26,33.3)->(40,26,33.8)->(41,26,34.3)->(42,26,34.8)->(43,26,35.3)->(44,26,35.8)->(45,26,36.3179)->(46,26,36.8858)->(47,26,37.5679)->(48,26,38.8858)->(49,26,41.5142)->(49,27,5020.95)->
Agent 3:(10,4,2.21421)->(11,4,4.81421)->(11,5,7.44264)->(11,6,8.76048)->(11,7,9.44264)->(11,8,10.0105)->(11,9,10.5284)->(11,10,11.0284)->(11,11,11.5284)->(11,12,12.0284)->(11,13,12.5284)->(11,14,13.0284)->(11,15,13.5284)->(11,16,14.0284)->(11,17,14.5284)->(11,18,15.0284)->(11,19,15.5284)->(11,20,16.0284)->(11,21,16.5284)->(11,22,17.0284)->(11,23,17.5284)->(11,24,18.0464)->(11,25,18.6142)->(11,26,19.2964)->(11,27,20.6142)->(11,28,23.2426)->(10,28,26.8426)->(10,29,29.4711)->(10,30,30.7889)->(10,31,31.4711)->(10,32,32.0389)->(10,33,32.5569)->(10,34,33.0748)->(10,35,33.6426)->(10,36,34.3248)->(10,37,35.6426)->(10,38,38.2711)->(11,38,5019.33)->
Agent 4:(30,17,1.3)->(30,18,2.01421)->(30,19,3.33205)->(30,20,4.0641)->(30,21,4.79615)->(30,22,6.11399)->(30,23,8.3282)->(29,23,10.5424)->(28,23,11.8603)->(27,23,12.5424)->(26,23,13.1282)->(25,23,13.714)->(24,23,14.3962)->(23,23,15.714)->(22,23,5007.56)->
Agent 5:(47,26,2.2)->(47,25,3.81421)->(47,24,5.14806)->(47,23,5.97649)->(47,22,7.31034)->(47,21,9.52456)->(46,21,11.7388)->(45,21,13.0566)->(44,21,13.7388)->(43,21,14.3246)->(42,21,14.9103)->(41,21,15.5925)->(40,21,16.9103)->(39,21,5008.16)->
Agent 6:(11,48,1.3)->(11,49,2.01421)->(11,50,3.33205)->(11,51,4.01421)->(11,52,4.6)->(11,53,5.18579)->(11,54,5.86795)->(11,55,7.18579)->(11,56,9.4)->(12,56,11.6142)->(13,56,12.9321)->(14,56,13.6142)->(15,56,14.1821)->(16,56,14.7)->(17,56,15.2)->(18,56,15.7)->(19,56,16.2)->(20,56,16.7)->(21,56,17.2)->(22,56,17.7)->(23,56,18.2)->(24,56,18.7)->(25,56,19.2)->(26,56,19.7)->(27,56,20.2)->(28,56,20.7)->(29,56,21.2)->(30,56,21.7)->(31,56,22.2)->(32,56,22.7)->(33,56,23.2)->(34,56,23.7)->(35,56,24.2179)->(36,56,24.7858)->(37,56,25.4679)->(38,56,26.7858)->(39,56,29)->(39,57,31.2142)->(39,58,32.6284)->(39,59,34.0426)->(39,60,5016.73)->
Agent 7:(63,50,2.61421)->(63,49,5.61421)->(62,49,8.24264)->(61,49,9.56048)->(60,49,10.2426)->(59,49,10.8105)->(58,49,11.3284)->(57,49,11.8284)->(56,49,12.3284)->(55,49,12.8284)->(54,49,13.3284)->(53,49,13.8284)->(52,49,14.3284)->(51,49,14.8284)->(50,49,15.3284)->(49,49,15.8284)->(48,49,16.3284)->(47,49,16.8284)->(46,49,17.3284)->(45,49,17.8284)->(44,49,18.3284)->(43,49,18.8284)->(42,49,19.3284)->(41,49,19.8284)->(40,49,20.3464)->(39,49,20.9142)->(38,49,21.5964)->(37,49,22.9142)->(36,49,25.1284)->(36,48,27.3426)->(36,47,28.6605)->(36,46,29.3522)->(36,45,29.9879)->(36,44,30.6797)->(36,43,31.9975)->(36,42,34.2117)->(35,42,36.426)->(34,42,37.7438)->(33,42,38.426)->(32,42,38.9938)->(31,42,39.5117)->(30,42,40.0117)->(29,42,40.5117)->(28,42,41.0117)->(27,42,41.5117)->(26,42,42.0117)->(25,42,42.5117)->(24,42,43.0117)->(23,42,43.5117)->(22,42,44.0117)->(21,42,44.5117)->(20,42,45.0117)->(19,42,45.5117)->(18,42,46.0117)->(17,42,46.5297)->(16,42,47.0975)->(15,42,47.7797)->(14,42,49.0975)->(13,42,51.726)->(13,43,5026.06)->
Agent 8:(41,20,2.2)->(41,19,3.81421)->(41,18,5.14806)->(41,17,5.97649)->(41,16,7.31034)->(41,15,9.52456)->(40,15,11.774)->(39,15,13.774)->(38,15,16.0235)->(38,14,18.2377)->(38,13,19.5556)->(38,12,20.2377)->(38,11,20.8056)->(38,10,21.3235)->(38,9,21.8235)->(38,8,22.3235)->(38,7,22.8235)->(38,6,23.3415)->(38,5,23.9093)->(38,4,24.5915)->(38,3,25.9093)->(38,2,28.1235)->(37,2,30.3377)->(36,2,31.6556)->(35,2,32.3377)->(34,2,32.9056)->(33,2,33.4235)->(32,2,33.9235)->(31,2,34.4415)->(30,2,35.0093)->(29,2,35.6915)->(28,2,37.0093)->(27,2,39.2235)->(27,3,42.0235)->(27,4,5021.01)->
Agent 9:(27,52,2.2)->(27,51,3.81421)->(27,50,5.22843)->(27,49,6.64264)->(27,48,9.27107)->(28,48,12.8711)->(28,47,15.4995)->(28,46,16.8173)->(28,45,17.5091)->(28,44,18.1448)->(28,43,18.8365)->(28,42,20.1544)->(28,41,5009.78)->
Agent 10:(39,39,1.8)->(40,39,3.01421)->(41,39,4.33205)->(42,39,5.0641)->(43,39,5.79615)->(44,39,7.11399)->(45,39,9.3282)->(45,40,11.5424)->(45,41,12.8763)->(45,42,13.7047)->(45,43,15.0385)->(45,44,29.9264)->(46,44,45.4)->(47,44,5022.7)->
Agent 11:(35,46,1.8)->(34,46,3.01421)->(33,46,4.33205)->(32,46,5.01421)->(31,46,5.6)->(30,46,6.18579)->(29,46,6.86795)->(28,46,8.18579)->(27,46,10.4)->(27,47,12.6142)->(27,48,13.9481)->(27,49,14.7765)->(27,50,16.1103)->(27,51,18.3246)->(26,51,20.5388)->(25,51,21.8566)->(24,51,22.5388)->(23,51,23.1066)->(22,51,23.6246)->(21,51,24.1246)->(20,51,24.6246)->(19,51,25.1246)->(18,51,25.6246)->(17,51,26.1246)->(16,51,26.6246)->(15,51,27.1246)->(14,51,27.6246)->(13,51,28.1246)->(12,51,28.6246)->(11,51,29.1246)->(10,51,29.6246)->(9,51,30.1425)->(8,51,30.7103)->(7,51,31.3925)->(6,51,32.7103)->(5,51,34.9246)->(5,50,37.7246)->(5,49,40.9388)->(6,49,5020.66)->
Agent 12:(35,31,1.8)->(34,31,3.01421)->(33,31,4.34806)->(32,31,5.17649)->(31,31,6.51034)->(30,31,10.5123)->(30,30,14.5142)->(30,29,15.8321)->(30,28,16.5142)->(30,27,17.0821)->(30,26,17.6)->(30,25,18.1)->(30,24,18.6)->(30,23,19.1)->(30,22,19.6)->(30,21,20.1)->(30,20,20.6)->(30,19,21.1)->(30,18,21.6)->(30,17,22.1)->(30,16,22.6)->(30,15,23.1)->(30,14,23.6)->(30,13,24.1)->(30,12,24.6)->(30,11,25.1)->(30,10,25.6)->(30,9,26.1)->(30,8,26.6)->(30,7,27.1)->(30,6,27.6)->(30,5,28.1179)->(30,4,28.6858)->(30,3,29.3679)->(30,2,30.6858)->(30,1,32.9)->(29,1,35.1142)->(28,1,36.4321)->(27,1,37.1142)->(26,1,37.6821)->(25,1,38.2179)->(24,1,38.7858)->(23,1,39.4679)->(22,1,40.7858)->(21,1,43.4142)->(21,0,5021.9)->
Agent 13:(61,10,1.3)->(61,11,2.01421)->(61,12,3.33205)->(61,13,4.01421)->(61,14,4.58205)->(61,15,5.1)->(61,16,5.6)->(61,17,6.1)->(61,18,6.6)->(61,19,7.11795)->(61,20,7.68579)->(61,21,8.36795)->(61,22,9.68579)->(61,23,11.9)->(60,23,14.1142)->(59,23,15.5284)->(58,23,16.9426)->(57,23,24.0984)->(57,24,31.2542)->(57,25,32.572)->(57,26,33.2542)->(57,27,33.822)->(57,28,34.3399)->(57,29,34.8399)->(57,30,35.3399)->(57,31,35.8399)->(57,32,36.3399)->(57,33,36.8399)->(57,34,37.3399)->(57,35,37.8399)->(57,36,38.3399)->(57,37,38.8399)->(57,38,39.3399)->(57,39,39.8399)->(57,40,40.3399)->(57,41,40.8579)->(57,42,41.4257)->(57,43,42.1079)->(57,44,43.4257)->(57,45,46.0542)->(56,45,49.6542)->(56,46,52.2826)->(56,47,53.6004)->(56,48,54.2826)->(56,49,54.8504)->(56,50,55.3684)->(56,51,55.8863)->(56,52,56.4542)->(56,53,57.1363)->(56,54,58.4542)->(56,55,60.6684)->(55,55,62.9179)->(54,55,64.9179)->(53,55,67.5816)->(53,56,71.1816)->(52,56,73.81)->(51,56,75.1278)->(50,56,75.81)->(49,56,76.3958)->(48,56,76.9816)->(47,56,77.6637)->(46,56,78.9816)->(45,56,81.61)->(45,57,85.21)->(44,57,87.8384)->(43,57,89.1563)->(42,57,89.8384)->(41,57,90.4063)->(40,57,90.9242)->(39,57,91.4242)->(38,57,91.9242)->(37,57,92.4242)->(36,57,92.9242)->(35,57,93.4242)->(34,57,93.9242)->(33,57,94.4242)->(32,57,94.9242)->(31,57,95.4242)->(30,57,95.9242)->(29,57,96.4422)->(28,57,97.01)->(27,57,97.6922)->(26,57,99.01)->(25,57,5049.21)->
Agent 14:(59,44,1.8)->(58,44,3.6)->(57,44,6.4)->(57,43,8.61421)->(57,42,9.93205)->(57,41,10.6142)->(57,40,11.1821)->(57,39,11.7)->(57,38,12.2)->(57,37,12.7)->(57,36,13.2)->(57,35,13.7)->(57,34,14.2)->(57,33,14.7)->(57,32,15.2)->(57,31,15.7)->(57,30,16.2)->(57,29,16.7179)->(57,28,17.2858)->(57,27,17.9679)->(57,26,19.2858)->(57,25,25.27)->(56,25,31.2542)->(55,25,32.572)->(54,25,33.2542)->(53,25,33.822)->(52,25,34.3399)->(51,25,34.8399)->(50,25,35.3399)->(49,25,35.8399)->(48,25,36.3399)->(47,25,36.8399)->(46,25,37.3399)->(45,25,37.8399)->(44,25,38.3399)->(43,25,38.8399)->(42,25,39.3399)->(41,25,39.8399)->(40,25,40.3399)->(39,25,40.8399)->(38,25,41.3399)->(37,25,41.8399)->(36,25,42.3399)->(35,25,42.8399)->(34,25,43.3579)->(33,25,43.9257)->(32,25,44.6079)->(31,25,45.9257)->(30,25,48.1399)->(30,24,50.3542)->(30,23,51.672)->(30,22,52.3542)->(30,21,52.922)->(30,20,53.4399)->(30,19,53.9399)->(30,18,54.4399)->(30,17,54.9399)->(30,16,55.4399)->(30,15,55.9399)->(30,14,56.4399)->(30,13,56.9399)->(30,12,57.4399)->(30,11,57.9399)->(30,10,58.4579)->(30,9,59.0257)->(30,8,59.7079)->(30,7,61.0257)->(30,6,63.2399)->(29,6,65.4542)->(28,6,66.772)->(27,6,67.4542)->(26,6,68.022)->(25,6,68.5399)->(24,6,69.0399)->(23,6,69.5399)->(22,6,70.0399)->(21,6,70.5579)->(20,6,71.1257)->(19,6,71.8079)->(18,6,73.1257)->(17,6,75.7542)->(17,7,5038.07)->
Agent 15:(7,35,2.2)->(7,34,3.81421)->(7,33,5.14806)->(7,32,5.97649)->(7,31,7.31034)->(7,30,9.52456)->(8,30,11.7388)->(9,30,13.0566)->(10,30,13.7388)->(11,30,14.3066)->(12,30,14.8246)->(13,30,15.3246)->(14,30,15.8246)->(15,30,16.3246)->(16,30,16.8246)->(17,30,17.3246)->(18,30,17.8246)->(19,30,18.3246)->(20,30,18.8246)->(21,30,19.3246)->(22,30,19.8246)->(23,30,20.3425)->(24,30,20.9103)->(25,30,21.5925)->(26,30,22.9103)->(27,30,25.1246)->(27,29,27.3388)->(27,28,28.6566)->(27,27,29.3388)->(27,26,29.9066)->(27,25,30.4246)->(27,24,30.9425)->(27,23,31.5103)->(27,22,32.1925)->(27,21,33.5103)->(27,20,35.7246)->(28,20,37.9388)->(29,20,39.2566)->(30,20,39.9484)->(31,20,40.584)->(32,20,41.2758)->(33,20,42.5937)->(34,20,5021)->
Agent 16:(11,40,2.2)->(11,39,3.81421)->(11,38,5.22843)->(11,37,6.64264)->(11,36,8.85685)->(10,36,11.6569)->(9,36,5005.83)->
Agent 17:(42,11,1.8)->(41,11,3.01421)->(40,11,4.34806)->(39,11,5.17649)->(38,11,6.51034)->(37,11,8.72456)->(37,12,10.9388)->(37,13,12.2566)->(37,14,12.9388)->(37,15,13.5066)->(37,16,14.0246)->(37,17,14.5246)->(37,18,15.0246)->(37,19,15.5246)->(37,20,16.0246)->(37,21,16.5246)->(37,22,17.0246)->(37,23,17.5246)->(37,24,18.0246)->(37,25,18.5246)->(37,26,19.0425)->(37,27,19.6103)->(37,28,20.2925)->(37,29,21.6103)->(37,30,23.8246)->(36,30,26.0388)->(35,30,27.3566)->(34,30,28.0388)->(33,30,28.6066)->(32,30,29.1246)->(31,30,29.6246)->(30,30,30.1246)->(29,30,30.6246)->(28,30,31.1246)->(27,30,31.6246)->(26,30,32.1246)->(25,30,32.6246)->(24,30,33.1246)->(23,30,33.6425)->(22,30,34.2103)->(21,30,34.8925)->(20,30,36.2103)->(19,30,38.4246)->(19,31,40.6388)->(19,32,41.9566)->(19,33,42.6388)->(19,34,43.2066)->(19,35,43.7246)->(19,36,44.2246)->(19,37,44.7425)->(19,38,45.3103)->(19,39,45.9925)->(19,40,47.3103)->(19,41,49.9388)->(18,41,5025.16)->
Agent 18:(33,24,1.71421)->(33,25,3.81421)->(32,25,6.44264)->(31,25,7.85685)->(30,25,9.27107)->(29,25,11.4853)->(29,26,13.6995)->(29,27,15.0173)->(29,28,15.6995)->(29,29,16.2673)->(29,30,16.7853)->(29,31,17.2853)->(29,32,17.7853)->(29,33,18.2853)->(29,34,18.7853)->(29,35,19.2853)->(29,36,19.7853)->(29,37,20.2853)->(29,38,20.7853)->(29,39,21.2853)->(29,40,21.7853)->(29,41,22.2853)->(29,42,22.7853)->(29,43,23.2853)->(29,44,23.8032)->(29,45,24.3711)->(29,46,25.0532)->(29,47,26.3711)->(29,48,28.5853)->(28,48,30.8348)->(27,48,32.8348)->(26,48,35.0843)->(26,49,37.2985)->(26,50,38.6163)->(26,51,39.2985)->(26,52,39.8663)->(26,53,40.3843)->(26,54,40.8843)->(26,55,41.3843)->(26,56,41.8843)->(26,57,42.3843)->(26,58,42.9022)->(26,59,43.47)->(26,60,44.1522)->(26,61,45.47)->(26,62,47.6843)->(27,62,50.4843)->(28,62,5025.24)->
Agent 19:(40,53,2.2)->(40,52,3.81421)->(40,51,5.13205)->(40,50,5.81421)->(40,49,6.38205)->(40,48,6.9)->(40,47,7.4)->(40,46,7.9)->(40,45,8.4)->(40,44,8.9)->(40,43,9.4)->(40,42,9.9)->(40,41,10.4)->(40,40,10.9)->(40,39,11.4)->(40,38,11.9179)->(40,37,12.4858)->(40,36,13.1679)->(40,35,14.4858)->(40,34,16.7)->(41,34,18.9142)->(42,34,20.2321)->(43,34,20.9142)->(44,34,21.5)->(45,34,22.0858)->(46,34,22.7679)->(47,34,24.0858)->(48,34,26.3)->(48,33,28.5142)->(48,32,29.8321)->(48,31,30.5142)->(48,30,31.0821)->(48,29,31.6)->(48,28,32.1)->(48,27,32.6)->(48,26,33.1)->(48,25,33.6)->(48,24,34.1)->(48,23,34.6)->(48,22,35.1)->(48,21,35.6)->(48,20,36.1179)->(48,19,36.6858)->(48,18,37.3679)->(48,17,38.6858)->(48,16,40.9)->(49,16,43.1142)->(50,16,44.4321)->(51,16,45.1641)->(52,16,45.8962)->(53,16,47.214)->(54,16,49.4282)->(54,15,51.6424)->(54,14,52.9763)->(54,13,53.8047)->(54,12,55.1385)->(54,11,5027.28)->
Agent 20:(21,34,1.3)->(21,35,2.01421)->(21,36,3.33205)->(21,37,4.01421)->(21,38,4.6)->(21,39,5.18579)->(21,40,5.86795)->(21,41,7.18579)->(21,42,9.4)->(22,42,11.6142)->(23,42,12.9321)->(24,42,13.6142)->(25,42,14.1821)->(26,42,14.7)->(27,42,15.2)->(28,42,15.7)->(29,42,16.2)->(30,42,16.7)->(31,42,17.2179)->(32,42,17.7858)->(33,42,18.4679)->(34,42,19.7858)->(35,42,22)->(35,43,24.2142)->(35,44,25.5321)->(35,45,26.2142)->(35,46,26.7821)->(35,47,27.3)->(35,48,27.8)->(35,49,28.3)->(35,50,28.8)->(35,51,29.3)->(35,52,29.8)->(35,53,30.3179)->(35,54,30.8858)->(35,55,31.5679)->(35,56,32.8858)->(35,57,35.1)->(36,57,37.3142)->(37,57,38.6321)->(38,57,39.3142)->(39,57,39.8821)->(40,57,40.4)->(41,57,40.9)->(42,57,41.4)->(43,57,41.9)->(44,57,42.4)->(45,57,42.9)->(46,57,43.4)->(47,57,43.9)->(48,57,44.4)->(49,57,44.9)->(50,57,45.4)->(51,57,45.9)->(52,57,46.4)->(53,57,46.9)->(54,57,47.4)->(55,57,47.9)->(56,57,48.4)->(57,57,48.9179)->(58,57,49.4858)->(59,57,50.1679)->(60,57,51.4858)->(61,57,53.7)->(61,56,55.9495)->(61,55,57.9495)->(61,54,5028.7)->
Agent 21:(22,49,1.71421)->(22,50,3.81421)->(23,50,6.44264)->(24,50,7.76048)->(25,50,8.44264)->(26,50,9.01048)->(27,50,9.52843)->(28,50,10.0284)->(29,50,10.5284)->(30,50,11.0464)->(31,50,11.6142)->(32,50,12.2964)->(33,50,13.6142)->(34,50,15.8284)->(34,49,18.0426)->(34,48,19.3605)->(34,47,20.0426)->(34,46,20.6284)->(34,45,21.2142)->(34,44,21.8964)->(34,43,23.2142)->(34,42,25.8426)->(35,42,29.4426)->(35,41,32.0711)->(35,40,33.3889)->(35,39,34.0807)->(35,38,34.7163)->(35,37,35.4081)->(35,36,36.726)->(35,35,5018.07)->
Agent 22:(9,39,3.62744)->(10,39,6.70438)->(11,39,8.70438)->(12,39,10.9539)->(12,40,13.1681)->(12,41,14.4859)->(12,42,15.1681)->(12,43,15.7359)->(12,44,16.2539)->(12,45,16.7539)->(12,46,17.2539)->(12,47,17.7539)->(12,48,18.2539)->(12,49,18.7539)->(12,50,19.2718)->(12,51,19.8397)->(12,52,20.5218)->(12,53,21.8397)->(12,54,5010.63)->
Agent 23:(60,1,2.42843)->(60,2,4.27107)->(60,3,5.58891)->(60,4,6.27107)->(60,5,6.83891)->(60,6,7.35685)->(60,7,7.85685)->(60,8,8.35685)->(60,9,8.85685)->(60,10,9.35685)->(60,11,9.85685)->(60,12,10.3569)->(60,13,10.8569)->(60,14,11.3569)->(60,15,11.8569)->(60,16,12.3569)->(60,17,12.8569)->(60,18,13.3569)->(60,19,13.8569)->(60,20,14.3748)->(60,21,14.9426)->(60,22,15.6248)->(60,23,16.9426)->(60,24,19.1569)->(59,24,21.9569)->(58,24,5010.98)->
Agent 24:(20,28,1.3)->(20,29,2.01421)->(20,30,3.33205)->(20,31,4.02382)->(20,32,4.65949)->(20,33,5.35126)->(20,34,6.6691)->(20,35,8.88331)->(21,35,11.0975)->(22,35,12.4154)->(23,35,13.0975)->(24,35,13.6654)->(25,35,14.1833)->(26,35,14.6833)->(27,35,15.1833)->(28,35,15.6833)->(29,35,16.1833)->(30,35,16.6833)->(31,35,17.1833)->(32,35,17.6833)->(33,35,18.1833)->(34,35,18.6833)->(35,35,19.1833)->(36,35,19.7013)->(37,35,20.2691)->(38,35,20.9513)->(39,35,22.2691)->(40,35,24.4833)->(40,36,26.6975)->(40,37,28.0154)->(40,38,28.6975)->(40,39,29.2654)->(40,40,29.7833)->(40,41,30.2833)->(40,42,30.7833)->(40,43,31.2833)->(40,44,31.7833)->(40,45,32.3013)->(40,46,32.8691)->(40,47,33.5513)->(40,48,34.8691)->(40,49,42.3392)->(41,49,49.8093)->(42,49,51.1272)->(43,49,51.8093)->(44,49,52.3772)->(45,49,52.8951)->(46,49,53.4131)->(47,49,53.9809)->(48,49,54.6631)->(49,49,55.9809)->(50,49,5027.7)->
Agent 25:(59,0,1.71421)->(59,1,4.55)->(58,1,7.91421)->(57,1,9.23205)->(56,1,9.91421)->(55,1,10.4821)->(54,1,11)->(53,1,11.5)->(52,1,12)->(51,1,12.5)->(50,1,13)->(49,1,13.5)->(48,1,14)->(47,1,14.5)->(46,1,15)->(45,1,15.5)->(44,1,16)->(43,1,16.5)->(42,1,17)->(41,1,17.5)->(40,1,18)->(39,1,18.5)->(38,1,19)->(37,1,19.5)->(36,1,20)->(35,1,20.5)->(34,1,21)->(33,1,21.5)->(32,1,22.0179)->(31,1,22.5858)->(30,1,23.2679)->(29,1,24.5858)->(28,1,26.8)->(28,2,29.0142)->(28,3,30.3321)->(28,4,31.0142)->(28,5,31.5821)->(28,6,32.1)->(28,7,32.6)->(28,8,33.1)->(28,9,33.6)->(28,10,34.1179)->(28,11,34.6858)->(28,12,35.3679)->(28,13,36.6858)->(28,14,5018.05)->
Agent 26:(18,55,1.8)->(19,55,3.01421)->(20,55,4.33205)->(21,55,5.0641)->(22,55,5.79615)->(23,55,7.11399)->(24,55,9.3282)->(24,56,12.1282)->(24,57,15.8924)->(25,57,19.0708)->(26,57,20.3887)->(27,57,21.0708)->(28,57,21.6387)->(29,57,22.1566)->(30,57,22.6566)->(31,57,23.1566)->(32,57,23.6566)->(33,57,24.1566)->(34,57,24.6566)->(35,57,25.1566)->(36,57,25.6566)->(37,57,26.1566)->(38,57,26.6566)->(39,57,27.1566)->(40,57,27.6566)->(41,57,28.1566)->(42,57,28.6566)->(43,57,29.1566)->(44,57,29.6566)->(45,57,30.1566)->(46,57,30.6566)->(47,57,31.1566)->(48,57,31.6566)->(49,57,32.1566)->(50,57,32.6566)->(51,57,33.1566)->(52,57,33.6746)->(53,57,34.2424)->(54,57,34.9246)->(55,57,36.2424)->(56,57,38.8708)->(56,56,5019.63)->
Agent 27:(51,4,2.21421)->(50,4,6.65)->(50,5,11.1142)->(50,6,12.4321)->(50,7,13.1142)->(50,8,13.6821)->(50,9,14.2)->(50,10,14.7)->(50,11,15.2)->(50,12,15.7)->(50,13,16.2)->(50,14,16.7)->(50,15,17.2179)->(50,16,17.7858)->(50,17,18.4679)->(50,18,19.7858)->(50,19,5009.6)->
Agent 28:(27,48,2.2)->(27,47,3.81421)->(27,46,5.13205)->(27,45,5.81421)->(27,44,6.38205)->(27,43,6.9)->(27,42,7.4)->(27,41,7.9)->(27,40,8.4)->(27,39,8.9)->(27,38,9.4)->(27,37,9.9)->(27,36,10.4)->(27,35,10.9)->(27,34,11.4)->(27,33,11.9)->(27,32,12.4)->(27,31,12.9)->(27,30,13.4179)->(27,29,13.9858)->(27,28,14.6679)->(27,27,15.9858)->(27,26,18.35)->(28,26,20.7142)->(29,26,22.0321)->(30,26,22.7142)->(31,26,23.2821)->(32,26,23.8)->(33,26,24.3)->(34,26,24.8)->(35,26,25.3)->(36,26,25.8)->(37,26,26.3)->(38,26,26.8)->(39,26,27.3)->(40,26,27.8)->(41,26,28.3)->(42,26,28.8)->(43,26,29.3)->(44,26,29.8)->(45,26,30.3)->(46,26,30.8)->(47,26,31.3)->(48,26,31.8)->(49,26,32.3179)->(50,26,32.8858)->(51,26,33.5679)->(52,26,34.8858)->(53,26,37.5142)->(53,25,41.1142)->(54,25,43.7426)->(55,25,45.0605)->(56,25,45.7522)->(57,25,46.3879)->(58,25,47.0797)->(59,25,48.3975)->(60,25,50.6117)->(60,26,53.4117)->(60,27,5026.71)->
Agent 29:(47,13,1.71421)->(47,14,3.81421)->(48,14,6.44264)->(49,14,7.76048)->(50,14,8.44264)->(51,14,9.01048)->(52,14,9.52843)->(53,14,10.0464)->(54,14,10.6142)->(55,14,11.2964)->(56,14,12.6142)->(57,14,14.8284)->(57,13,17.0426)->(57,12,18.3605)->(57,11,19.0426)->(57,10,19.6105)->(57,9,20.1464)->(57,8,20.7142)->(57,7,21.3964)->(57,6,22.7142)->(57,5,5011.06)->
Agent 30:(15,34,2.21421)->(16,34,4.81421)->(16,33,7.44264)->(16,32,8.76048)->(16,31,9.44264)->(16,30,10.0105)->(16,29,10.5284)->(16,28,11.0284)->(16,27,11.5284)->(16,26,12.0284)->(16,25,12.5284)->(16,24,13.0284)->(16,23,13.5284)->(16,22,14.0284)->(16,21,14.5284)->(16,20,15.0284)->(16,19,15.5284)->(16,18,16.0284)->(16,17,16.5284)->(16,16,17.0284)->(16,15,17.5284)->(16,14,18.0284)->(16,13,18.5284)->(16,12,19.0284)->(16,11,19.5284)->(16,10,20.0284)->(16,9,20.5284)->(16,8,21.0284)->(16,7,21.5284)->(16,6,22.0284)->(16,5,22.5464)->(16,4,23.1142)->(16,3,23.7964)->(16,2,25.1142)->(16,1,34.5784)->(17,1,44.0426)->(18,1,45.3605)->(19,1,46.0426)->(20,1,46.6105)->(21,1,47.1284)->(22,1,47.6284)->(23,1,48.1284)->(24,1,48.6284)->(25,1,49.1284)->(26,1,49.6284)->(27,1,50.1284)->(28,1,50.6284)->(29,1,51.1284)->(30,1,51.6284)->(31,1,52.1284)->(32,1,52.6284)->(33,1,53.1284)->(34,1,53.6284)->(35,1,54.1284)->(36,1,54.6284)->(37,1,55.1284)->(38,1,55.6284)->(39,1,56.1284)->(40,1,56.6284)->(41,1,57.1284)->(42,1,57.6284)->(43,1,58.1284)->(44,1,58.6284)->(45,1,59.1284)->(46,1,59.6284)->(47,1,60.1284)->(48,1,60.6284)->(49,1,61.1284)->(50,1,61.6464)->(51,1,62.2142)->(52,1,62.8964)->(53,1,64.2142)->(54,1,5031.81)->
Agent 31:(57,36,1.8)->(56,36,3.01421)->(55,36,4.33205)->(54,36,5.0641)->(53,36,5.79615)->(52,36,7.11399)->(51,36,9.3282)->(51,37,11.5424)->(51,38,12.8603)->(51,39,13.5424)->(51,40,14.1103)->(51,41,14.6282)->(51,42,15.1282)->(51,43,15.6282)->(51,44,16.1282)->(51,45,16.6282)->(51,46,17.1282)->(51,47,17.6282)->(51,48,18.1282)->(51,49,18.6282)->(51,50,19.1462)->(51,51,19.714)->(51,52,20.3962)->(51,53,21.714)->(51,54,24.3424)->(52,54,27.9424)->(52,55,30.5708)->(52,56,31.8887)->(52,57,32.5708)->(52,58,33.1387)->(52,59,33.6746)->(52,60,34.2424)->(52,61,34.9246)->(52,62,36.2424)->(52,63,5017.83)->
Agent 32:(28,15,1.8)->(29,15,3.6)->(30,15,6.4)->(30,16,8.61421)->(30,17,9.93205)->(30,18,10.6238)->(30,19,11.2595)->(30,20,11.9513)->(30,21,13.2691)->(30,22,15.4833)->(31,22,17.6975)->(32,22,19.0154)->(33,22,19.6975)->(34,22,20.2654)->(35,22,20.7833)->(36,22,21.2833)->(37,22,21.8013)->(38,22,22.3691)->(39,22,23.0513)->(40,22,24.3691)->(41,22,27.5417)->(41,23,30.7142)->(41,24,32.0321)->(41,25,32.7142)->(41,26,33.2821)->(41,27,33.8)->(41,28,34.3)->(41,29,34.8)->(41,30,35.3)->(41,31,35.8)->(41,32,36.3)->(41,33,36.8)->(41,34,37.3)->(41,35,37.8)->(41,36,38.3)->(41,37,38.8179)->(41,38,39.3858)->(41,39,40.0679)->(41,40,41.3858)->(41,41,44.0142)->(42,41,47.6142)->(42,42,50.2426)->(42,43,51.5605)->(42,44,52.2426)->(42,45,52.8105)->(42,46,53.3284)->(42,47,53.8284)->(42,48,54.3284)->(42,49,54.8284)->(42,50,55.3284)->(42,51,55.8284)->(42,52,56.3284)->(42,53,56.8464)->(42,54,57.4142)->(42,55,58.0964)->(42,56,59.4142)->(42,57,61.6284)->(43,57,63.8426)->(44,57,65.1605)->(45,57,65.8925)->(46,57,66.6246)->(47,57,67.9424)->(48,57,70.1566)->(48,58,72.3708)->(48,59,73.7047)->(48,60,74.5331)->(48,61,75.867)->(48,62,78.0812)->(49,62,80.2954)->(50,62,81.7096)->(51,62,83.1238)->(52,62,5041.27)->
Agent 33:(57,62,1.8)->(58,62,3.6)->(59,62,6.4)->(59,61,8.61421)->(59,60,9.93205)->(59,59,10.6142)->(59,58,11.1821)->(59,57,11.7)->(59,56,12.2)->(59,55,12.7)->(59,54,13.2)->(59,53,13.7)->(59,52,14.2)->(59,51,14.7)->(59,50,15.2)->(59,49,15.7)->(59,48,16.2)->(59,47,16.7)->(59,46,17.2)->(59,45,17.7)->(59,44,18.2)->(59,43,18.7)->(59,42,19.2)->(59,41,19.7179)->(59,40,20.2858)->(59,39,20.9679)->(59,38,22.2858)->(59,37,25.25)->(58,37,28.2142)->(57,37,29.5321)->(56,37,30.2142)->(55,37,30.7821)->(54,37,31.3)->(53,37,31.8)->(52,37,32.3)->(51,37,32.8)->(50,37,33.3)->(49,37,33.8)->(48,37,34.3)->(47,37,34.8)->(46,37,35.3)->(45,37,35.8)->(44,37,36.3)->(43,37,36.8)->(42,37,37.3)->(41,37,37.8)->(40,37,38.3)->(39,37,38.8)->(38,37,39.3179)->(37,37,39.8858)->(36,37,40.5679)->(35,37,41.8858)->(34,37,44.1)->(34,36,46.3142)->(34,35,47.6321)->(34,34,48.3142)->(34,33,48.8821)->(34,32,49.4)->(34,31,49.9)->(34,30,50.4)->(34,29,50.9)->(34,28,51.4)->(34,27,51.9)->(34,26,52.4)->(34,25,52.9179)->(34,24,53.4858)->(34,23,54.1679)->(34,22,55.4858)->(34,21,58.1142)->(33,21,62.1284)->(33,20,5031.46)->
Agent 34:(32,2,1.3)->(32,3,2.01421)->(32,4,3.33205)->(32,5,4.01421)->(32,6,4.58205)->(32,7,5.1)->(32,8,5.6)->(32,9,6.1)->(32,10,6.61795)->(32,11,7.18579)->(32,12,7.86795)->(32,13,9.18579)->(32,14,11.8142)->(33,14,16.2)->(33,15,19.6495)->(33,16,21.6495)->(33,17,5010.55)->
Agent 35:(5,4,1.8)->(6,4,3.6)->(7,4,6.4)->(7,5,8.61421)->(7,6,9.93205)->(7,7,10.6142)->(7,8,11.1821)->(7,9,11.7)->(7,10,12.2)->(7,11,12.7)->(7,12,13.2)->(7,13,13.7)->(7,14,14.2)->(7,15,14.7)->(7,16,15.2)->(7,17,15.7)->(7,18,16.2)->(7,19,16.7)->(7,20,17.2)->(7,21,17.7)->(7,22,18.2)->(7,23,18.7)->(7,24,19.2179)->(7,25,19.7858)->(7,26,20.4679)->(7,27,21.7858)->(7,28,24.4142)->(6,28,28.0142)->(6,29,30.6426)->(6,30,31.9605)->(6,31,32.6426)->(6,32,33.2105)->(6,33,33.7284)->(6,34,34.2284)->(6,35,34.7284)->(6,36,35.2284)->(6,37,35.7284)->(6,38,36.2284)->(6,39,36.7284)->(6,40,37.2284)->(6,41,37.7464)->(6,42,38.3142)->(6,43,38.9964)->(6,44,40.3142)->(6,45,42.5284)->(5,45,44.7779)->(4,45,46.7779)->(3,45,49.4416)->(3,46,5024.91)->
Agent 36:(48,59,2.61421)->(48,58,5.61421)->(47,58,8.24264)->(46,58,9.56048)->(45,58,10.2925)->(44,58,11.0246)->(43,58,12.3424)->(42,58,14.5566)->(42,57,16.7708)->(42,56,18.0887)->(42,55,18.7708)->(42,54,19.3387)->(42,53,19.8566)->(42,52,20.3566)->(42,51,20.8566)->(42,50,21.3566)->(42,49,21.8566)->(42,48,22.3566)->(42,47,22.8566)->(42,46,23.3566)->(42,45,23.8566)->(42,44,24.3566)->(42,43,24.8566)->(42,42,25.3566)->(42,41,25.8746)->(42,40,26.4424)->(42,39,27.1246)->(42,38,28.4424)->(42,37,30.6566)->(41,37,32.8708)->(40,37,34.1887)->(39,37,34.8708)->(38,37,35.4387)->(37,37,35.9566)->(36,37,36.4566)->(35,37,36.9746)->(34,37,37.5424)->(33,37,38.2246)->(32,37,39.5424)->(31,37,41.7566)->(31,36,43.9708)->(31,35,45.2887)->(31,34,45.9805)->(31,33,46.6161)->(31,32,47.3079)->(31,31,48.6257)->(31,30,51.2542)->(30,30,54.8542)->(30,29,57.4826)->(30,28,58.8004)->(30,27,59.4826)->(30,26,60.0504)->(30,25,60.5684)->(30,24,61.0684)->(30,23,61.5684)->(30,22,62.0684)->(30,21,62.5684)->(30,20,63.0684)->(30,19,63.5684)->(30,18,64.0684)->(30,17,64.5684)->(30,16,65.0684)->(30,15,65.5684)->(30,14,66.0684)->(30,13,66.5684)->(30,12,67.0684)->(30,11,67.5684)->(30,10,68.0684)->(30,9,68.5684)->(30,8,69.0684)->(30,7,69.5684)->(30,6,70.0684)->(30,5,70.5684)->(30,4,71.0863)->(30,3,71.6542)->(30,2,72.3363)->(30,1,73.6542)->(30,0,75.8684)->(31,0,78.6684)->(32,0,5039.33)->
Agent 37:(48,41,1.8)->(47,41,3.01421)->(46,41,4.33205)->(45,41,5.01421)->(44,41,5.58205)->(43,41,6.1)->(42,41,6.6)->(41,41,7.1)->(40,41,7.6)->(39,41,8.11795)->(38,41,8.68579)->(37,41,9.36795)->(36,41,10.6858)->(35,41,12.9)->(35,42,15.1142)->(35,43,16.4321)->(35,44,17.1142)->(35,45,17.6821)->(35,46,18.2)->(35,47,18.7)->(35,48,19.2)->(35,49,19.7)->(35,50,20.2)->(35,51,20.7179)->(35,52,21.2858)->(35,53,21.9679)->(35,54,23.2858)->(35,55,25.5)->(34,55,27.7142)->(33,55,29.1284)->(32,55,30.5426)->(31,55,5014.98)->
Agent 38:(38,59,2.2)->(38,58,4.4)->(38,57,7.2)->(39,57,9.41421)->(40,57,10.7321)->(41,57,11.4142)->(42,57,11.9821)->(43,57,12.5)->(44,57,13)->(45,57,13.5)->(46,57,14)->(47,57,14.5)->(48,57,15)->(49,57,15.5)->(50,57,16)->(51,57,16.5)->(52,57,17)->(53,57,17.5)->(54,57,18)->(55,57,18.5179)->(56,57,19.0858)->(57,57,19.7679)->(58,57,21.0858)->(59,57,23.3)->(59,56,25.5142)->(59,55,26.8321)->(59,54,27.5142)->(59,53,28.0821)->(59,52,28.6)->(59,51,29.1)->(59,50,29.6)->(59,49,30.1)->(59,48,30.6)->(59,47,31.1)->(59,46,31.6)->(59,45,32.1179)->(59,44,32.6858)->(59,43,33.3679)->(59,42,34.6858)->(59,41,37.3142)->(60,41,5018.85)->
Agent 39:(10,35,1.3)->(10,36,2.01421)->(10,37,3.33205)->(10,38,4.02382)->(10,39,4.65949)->(10,40,5.35126)->(10,41,6.6691)->(10,42,11.5701)->(11,42,16.4711)->(12,42,17.7889)->(13,42,18.4711)->(14,42,19.0389)->(15,42,19.5569)->(16,42,20.0569)->(17,42,20.5569)->(18,42,21.0569)->(19,42,21.5569)->(20,42,22.0569)->(21,42,22.5569)->(22,42,23.0569)->(23,42,23.5569)->(24,42,24.0569)->(25,42,24.5569)->(26,42,25.0569)->(27,42,25.5569)->(28,42,26.0569)->(29,42,26.5569)->(30,42,27.0748)->(31,42,27.6426)->(32,42,28.3248)->(33,42,29.6426)->(34,42,31.8569)->(34,43,34.0711)->(34,44,35.3889)->(34,45,36.0711)->(34,46,36.6389)->(34,47,37.1569)->(34,48,37.6569)->(34,49,38.1569)->(34,50,38.6569)->(34,51,39.1569)->(34,52,39.6569)->(34,53,40.1748)->(34,54,40.7426)->(34,55,41.4248)->(34,56,42.7426)->(34,57,44.9569)->(35,57,47.1711)->(36,57,48.4889)->(37,57,49.1711)->(38,57,49.7389)->(39,57,50.2569)->(40,57,50.7569)->(41,57,51.2569)->(42,57,51.7748)->(43,57,52.3426)->(44,57,53.0248)->(45,57,54.3426)->(46,57,56.5569)->(46,56,58.7711)->(46,55,60.1853)->(46,54,61.5995)->(46,53,5030.51)->
Agent 40:(28,1,1.3)->(28,2,2.01421)->(28,3,3.33205)->(28,4,4.01421)->(28,5,4.58205)->(28,6,5.1)->(28,7,5.6)->(28,8,6.1)->(28,9,6.6)->(28,10,7.1)->(28,11,7.61795)->(28,12,8.18579)->(28,13,8.86795)->(28,14,10.1858)->(28,15,12.4)->(29,15,14.6142)->(30,15,15.9321)->(31,15,16.6142)->(32,15,17.1821)->(33,15,17.7)->(34,15,18.2)->(35,15,18.7)->(36,15,19.2)->(37,15,19.7)->(38,15,20.2)->(39,15,20.7)->(40,15,21.2)->(41,15,21.7)->(42,15,22.2)->(43,15,22.7179)->(44,15,23.2858)->(45,15,23.9679)->(46,15,25.2858)->(47,15,27.55)->(47,16,29.8142)->(47,17,31.1321)->(47,18,31.8142)->(47,19,32.3821)->(47,20,32.9)->(47,21,33.4)->(47,22,33.9)->(47,23,34.4)->(47,24,34.9)->(47,25,35.4)->(47,26,35.9)->(47,27,36.4)->(47,28,36.9)->(47,29,37.4)->(47,30,37.9)->(47,31,38.4)->(47,32,38.9)->(47,33,39.4)->(47,34,39.9)->(47,35,40.4)->(47,36,40.9)->(47,37,41.4)->(47,38,41.9)->(47,39,42.4)->(47,40,42.9)->(47,41,43.4)->(47,42,43.9)->(47,43,44.4)->(47,44,44.9)->(47,45,45.4179)->(47,46,45.9858)->(47,47,46.6679)->(47,48,47.9858)->(47,49,50.2353)->(48,49,52.4848)->(49,49,53.8186)->(50,49,54.647)->(51,49,55.9809)->(52,49,58.6093)->(52,50,5029.5)->
Agent 41:(54,3,2.2)->(54,2,4.4)->(54,1,7.2)->(53,1,9.41421)->(52,1,10.7321)->(51,1,11.4142)->(50,1,11.9821)->(49,1,12.5)->(48,1,13)->(47,1,13.5)->(46,1,14)->(45,1,14.5)->(44,1,15)->(43,1,15.5)->(42,1,16)->(41,1,16.5)->(40,1,17)->(39,1,17.5)->(38,1,18)->(37,1,18.5)->(36,1,19)->(35,1,19.5)->(34,1,20)->(33,1,20.5)->(32,1,21)->(31,1,21.5)->(30,1,22)->(29,1,22.5)->(28,1,23)->(27,1,23.5)->(26,1,24)->(25,1,24.5)->(24,1,25)->(23,1,25.5)->(22,1,26.0179)->(21,1,26.5858)->(20,1,27.2679)->(19,1,28.5858)->(18,1,30.8)->(18,2,33.0142)->(18,3,34.3321)->(18,4,35.0142)->(18,5,35.5821)->(18,6,36.1)->(18,7,36.6)->(18,8,37.1)->(18,9,37.6)->(18,10,38.1)->(18,11,38.6)->(18,12,39.1)->(18,13,39.6)->(18,14,40.1)->(18,15,40.6)->(18,16,41.1)->(18,17,41.6179)->(18,18,42.1858)->(18,19,42.8679)->(18,20,44.1858)->(18,21,46.4)->(17,21,49.2)->(16,21,52)->(16,22,54.2142)->(16,23,55.5321)->(16,24,56.2142)->(16,25,56.7821)->(16,26,57.3)->(16,27,57.8)->(16,28,58.3)->(16,29,58.8)->(16,30,59.3)->(16,31,59.8179)->(16,32,60.3858)->(16,33,61.0679)->(16,34,62.3858)->(16,35,5030.9)->
Agent 42:(12,30,1.8)->(13,30,3.01421)->(14,30,4.33205)->(15,30,5.01421)->(16,30,5.58205)->(17,30,6.1)->(18,30,6.6)->(19,30,7.1)->(20,30,7.6)->(21,30,8.1)->(22,30,8.6)->(23,30,9.1)->(24,30,9.6)->(25,30,10.1)->(26,30,10.6)->(27,30,11.1)->(28,30,11.6)->(29,30,12.1)->(30,30,12.6)->(31,30,13.1)->(32,30,13.6)->(33,30,14.1)->(34,30,14.6179)->(35,30,15.1858)->(36,30,15.8679)->(37,30,17.1858)->(38,30,19.4)->(38,31,21.6142)->(38,32,22.9481)->(38,33,23.7765)->(38,34,25.1103)->(38,35,27.3246)->(39,35,29.5388)->(40,35,30.8566)->(41,35,31.5887)->(42,35,32.3207)->(43,35,33.6385)->(44,35,35.8528)->(44,36,38.6528)->(44,37,5019.33)->
Agent 43:(8,36,1.3)->(8,37,2.01421)->(8,38,3.33205)->(8,39,4.01421)->(8,40,4.58205)->(8,41,5.1)->(8,42,5.6)->(8,43,6.1)->(8,44,6.6)->(8,45,7.1)->(8,46,7.6)->(8,47,8.1)->(8,48,8.6)->(8,49,9.1)->(8,50,9.61795)->(8,51,10.1858)->(8,52,10.8679)->(8,53,12.1858)->(8,54,14.4)->(9,54,16.6142)->(10,54,17.9321)->(11,54,18.6238)->(12,54,19.2595)->(13,54,19.9513)->(14,54,21.2691)->(15,54,23.4833)->(15,55,25.6975)->(15,56,27.0154)->(15,57,27.7474)->(15,58,28.4795)->(15,59,29.7973)->(15,60,32.4257)->(14,60,5016.41)->
Agent 44:(54,4,1.3)->(54,5,2.01421)->(54,6,3.33205)->(54,7,4.01421)->(54,8,4.58205)->(54,9,5.1)->(54,10,5.6)->(54,11,6.1)->(54,12,6.61795)->(54,13,7.18579)->(54,14,7.86795)->(54,15,9.18579)->(54,16,11.4)->(53,16,13.6142)->(52,16,14.9321)->(51,16,15.6142)->(50,16,16.1821)->(49,16,16.7)->(48,16,17.2)->(47,16,17.7)->(46,16,18.2)->(45,16,18.7)->(44,16,19.2)->(43,16,19.7)->(42,16,20.2)->(41,16,20.7179)->(40,16,21.2858)->(39,16,21.9679)->(38,16,23.2858)->(37,16,25.5)->(37,17,27.7142)->(37,18,29.0321)->(37,19,29.7142)->(37,20,30.2821)->(37,21,30.8)->(37,22,31.3)->(37,23,31.8)->(37,24,32.3)->(37,25,32.8)->(37,26,33.3)->(37,27,33.8)->(37,28,34.3)->(37,29,34.8)->(37,30,35.3)->(37,31,35.8)->(37,32,36.3)->(37,33,36.8)->(37,34,37.3)->(37,35,37.8)->(37,36,38.3)->(37,37,38.8)->(37,38,39.3179)->(37,39,39.8858)->(37,40,40.5679)->(37,41,41.8858)->(37,42,44.1)->(36,42,46.3142)->(35,42,47.6321)->(34,42,48.3142)->(33,42,48.8821)->(32,42,49.4)->(31,42,49.9)->(30,42,50.4)->(29,42,50.9)->(28,42,51.4)->(27,42,51.9)->(26,42,52.4)->(25,42,52.9)->(24,42,53.4179)->(23,42,53.9858)->(22,42,54.6679)->(21,42,55.9858)->(20,42,58.6142)->(20,41,5029.5)->
Agent 45:(63,15,1.3)->(63,16,2.01421)->(63,17,3.33205)->(63,18,4.01421)->(63,19,4.58205)->(63,20,5.1)->(63,21,5.61795)->(63,22,6.18579)->(63,23,6.86795)->(63,24,8.18579)->(63,25,10.4)->(62,25,12.6142)->(61,25,13.9321)->(60,25,14.6142)->(59,25,15.1821)->(58,25,15.7)->(57,25,16.2)->(56,25,16.7)->(55,25,17.2)->(54,25,17.7)->(53,25,18.2)->(52,25,18.7)->(51,25,19.2)->(50,25,19.7)->(49,25,20.2)->(48,25,20.7)->(47,25,21.2)->(46,25,21.7)->(45,25,22.2)->(44,25,22.7)->(43,25,23.2)->(42,25,23.7)->(41,25,24.2)->(40,25,24.7)->(39,25,25.2)->(38,25,25.7)->(37,25,26.2)->(36,25,26.7)->(35,25,27.2179)->(34,25,27.7858)->(33,25,28.4679)->(32,25,29.7858)->(31,25,32.4142)->(31,26,36.0142)->(30,26,38.6426)->(29,26,39.9605)->(28,26,40.6426)->(27,26,41.2105)->(26,26,41.7284)->(25,26,42.2284)->(24,26,42.7284)->(23,26,43.2284)->(22,26,43.7284)->(21,26,44.2284)->(20,26,44.7284)->(19,26,45.2284)->(18,26,45.7284)->(17,26,46.2284)->(16,26,46.7284)->(15,26,47.2284)->(14,26,47.7284)->(13,26,48.2284)->(12,26,48.7284)->(11,26,49.2284)->(10,26,49.7284)->(9,26,50.2284)->(8,26,50.7284)->(7,26,51.2284)->(6,26,51.7284)->(5,26,52.2284)->(4,26,52.7464)->(3,26,53.3142)->(2,26,53.9964)->(1,26,55.3142)->(0,26,57.5284)->(0,25,59.7426)->(0,24,61.0605)->(0,23,61.7426)->(0,22,62.3284)->(0,21,62.9142)->(0,20,63.5964)->(0,19,64.9142)->(0,18,5032.16)->
Agent 46:(6,31,1.3)->(6,32,2.01421)->(6,33,3.33205)->(6,34,4.01421)->(6,35,4.58205)->(6,36,5.1)->(6,37,5.61795)->(6,38,6.18579)->(6,39,6.86795)->(6,40,8.18579)->(6,41,10.4)->(7,41,13.2)->(8,41,25.7322)->(7,41,38.2643)->(6,41,5019.13)->
Agent 47:(55,4,1.3)->(55,5,2.01421)->(55,6,3.33205)->(55,7,4.01421)->(55,8,4.58205)->(55,9,5.1)->(55,10,5.6)->(55,11,6.1)->(55,12,6.6)->(55,13,7.1)->(55,14,7.61795)->(55,15,8.18579)->(55,16,8.86795)->(55,17,10.1858)->(55,18,12.4)->(54,18,14.6142)->(53,18,15.9321)->(52,18,16.6142)->(51,18,17.2)->(50,18,17.7858)->(49,18,18.4679)->(48,18,19.7858)->(47,18,22.75)->(47,19,25.7142)->(47,20,27.0321)->(47,21,27.7142)->(47,22,28.2821)->(47,23,28.8)->(47,24,29.3)->(47,25,29.8)->(47,26,30.3)->(47,27,30.8)->(47,28,31.3)->(47,29,31.8)->(47,30,32.3)->(47,31,32.8)->(47,32,33.3)->(47,33,33.8)->(47,34,34.3)->(47,35,34.8)->(47,36,35.3)->(47,37,35.8)->(47,38,36.3)->(47,39,36.8)->(47,40,37.3)->(47,41,37.8)->(47,42,38.3)->(47,43,38.8)->(47,44,39.3)->(47,45,39.8179)->(47,46,40.3858)->(47,47,41.0679)->(47,48,42.3858)->(47,49,44.6)->(48,49,46.8495)->(49,49,48.8495)->(50,49,51.099)->(50,50,53.3132)->(50,51,54.647)->(50,52,55.4755)->(50,53,56.8093)->(50,54,59.4377)->(49,54,63.0377)->(49,55,65.7015)->(49,56,67.7015)->(49,57,5033.58)->
Agent 48:(26,13,1.8)->(27,13,3.04949)->(28,13,5.04949)->(29,13,7.29898)->(29,14,9.51319)->(29,15,10.831)->(29,16,11.5132)->(29,17,12.081)->(29,18,12.599)->(29,19,13.1169)->(29,20,13.6848)->(29,21,14.3669)->(29,22,15.6848)->(29,23,17.899)->(28,23,20.1132)->(27,23,21.5274)->(26,23,22.9416)->(25,23,25.1558)->(25,24,27.37)->(25,25,28.6879)->(25,26,29.37)->(25,27,29.9379)->(25,28,30.4558)->(25,29,30.9558)->(25,30,31.4558)->(25,31,31.9558)->(25,32,32.4558)->(25,33,32.9558)->(25,34,33.4558)->(25,35,33.9558)->(25,36,34.4558)->(25,37,34.9558)->(25,38,35.4558)->(25,39,35.9558)->(25,40,36.4558)->(25,41,36.9558)->(25,42,37.4558)->(25,43,37.9558)->(25,44,38.4558)->(25,45,38.9558)->(25,46,39.4558)->(25,47,39.9558)->(25,48,40.4738)->(25,49,41.0416)->(25,50,41.7238)->(25,51,43.0416)->(25,52,45.2558)->(24,52,48.0558)->(23,52,50.8558)->(23,53,53.07)->(23,54,54.3879)->(23,55,55.07)->(23,56,55.6558)->(23,57,56.2416)->(23,58,56.9238)->(23,59,58.2416)->(23,60,60.4558)->(22,60,62.67)->(21,60,64.0843)->(20,60,65.4985)->(19,60,5032.46)->
Agent 49:(38,47,1.8)->(37,47,3.6)->(36,47,6.4)->(36,46,8.61421)->(36,45,9.93205)->(36,44,10.6641)->(36,43,11.3962)->(36,42,12.714)->(36,41,15.3424)->(37,41,18.9424)->(37,40,21.5708)->(37,39,22.8887)->(37,38,23.5708)->(37,37,24.1387)->(37,36,24.6566)->(37,35,25.1566)->(37,34,25.6746)->(37,33,26.2424)->(37,32,26.9246)->(37,31,28.2424)->(37,30,30.4566)->(36,30,32.6708)->(35,30,33.9887)->(34,30,34.6805)->(33,30,35.3161)->(32,30,36.0079)->(31,30,37.3257)->(30,30,39.5399)->(30,29,41.7542)->(30,28,43.072)->(30,27,43.7542)->(30,26,44.322)->(30,25,44.8399)->(30,24,45.3399)->(30,23,45.8399)->(30,22,46.3399)->(30,21,46.8399)->(30,20,47.3399)->(30,19,47.8399)->(30,18,48.3399)->(30,17,48.8399)->(30,16,49.3579)->(30,15,49.9257)->(30,14,50.6079)->(30,13,51.9257)->(30,12,54.1399)->(31,12,56.3894)->(32,12,58.3894)->(33,12,5028.92)->
