Agent 0:(29,14,2.61421)->(29,13,7.46421)->(28,13,11.9426)->(27,13,13.2605)->(26,13,13.9426)->(25,13,14.5105)->(24,13,15.0284)->(23,13,15.5284)->(22,13,16.0284)->(21,13,16.5284)->(20,13,17.0284)->(19,13,17.5284)->(18,13,18.0284)->(17,13,18.5284)->(16,13,19.0284)->(15,13,19.5284)->(14,13,20.0284)->(13,13,20.5284)->(12,13,21.0284)->(11,13,21.5284)->(10,13,22.0464)->(9,13,22.6142)->(8,13,23.2964)->(7,13,24.6142)->(6,13,5012.01)->
Agent 1:(8,17,1.4142)->(8,18,2.24261)->(8,19,3.56045)->(8,20,4.24261)->(8,21,4.8284)->(8,22,5.41419)->(8,23,6.09635)->(8,24,7.41419)->(8,25,9.6284)->(7,25,11.8426)->(6,25,13.1765)->(5,25,14.0049)->(4,25,15.3387)->(3,25,5007.38)->
Agent 2:(28,1,1.8)->(27,1,3.01421)->(26,1,4.33205)->(25,1,5.01421)->(24,1,5.58205)->(23,1,6.1)->(22,1,6.6)->(21,1,7.1)->(20,1,7.6)->(19,1,8.1)->(18,1,8.6)->(17,1,9.1)->(16,1,9.6)->(15,1,10.1)->(14,1,10.6)->(13,1,11.1)->(12,1,11.6)->(11,1,12.1179)->(10,1,12.6858)->(9,1,13.3679)->(8,1,14.6858)->(7,1,17.3142)->(7,2,19.9426)->(7,3,21.2605)->(7,4,21.9426)->(7,5,22.5105)->(7,6,23.0284)->(7,7,23.5284)->(7,8,24.0284)->(7,9,24.5284)->(7,10,25.0284)->(7,11,25.5284)->(7,12,26.0284)->(7,13,26.5284)->(7,14,27.0284)->(7,15,27.5284)->(7,16,28.0284)->(7,17,28.5284)->(7,18,29.0284)->(7,19,29.5464)->(7,20,30.1142)->(7,21,30.7964)->(7,22,32.1142)->(7,23,34.7426)->(6,23,5017.56)->
Agent 3:(19,0,1.3)->(19,1,2.01421)->(19,2,3.33205)->(19,3,4.01421)->(19,4,4.58205)->(19,5,5.1)->(19,6,5.6)->(19,7,6.1)->(19,8,6.61795)->(19,9,7.18579)->(19,10,7.86795)->(19,11,9.18579)->(19,12,11.8142)->(18,12,5006.1)->
Agent 4:(3,20,2.2)->(3,19,3.81421)->(3,18,5.13205)->(3,17,5.8641)->(3,16,6.59615)->(3,15,7.91399)->(3,14,10.1282)->(2,14,12.3777)->(1,14,14.3777)->(0,14,5006.91)->
Agent 5:(5,18,1.3)->(5,19,2.04949)->(5,20,4.04949)->(5,21,6.29898)->(6,21,8.51319)->(7,21,9.83103)->(8,21,10.5132)->(9,21,11.081)->(10,21,11.599)->(11,21,12.099)->(12,21,12.599)->(13,21,13.099)->(14,21,13.6169)->(15,21,14.1848)->(16,21,14.8669)->(17,21,16.1848)->(18,21,5007.8)->
Agent 6:(22,28,2.2)->(22,27,3.81421)->(22,26,5.14806)->(22,25,5.97649)->(22,24,7.31034)->(22,23,9.52456)->(21,23,11.7388)->(20,23,13.0566)->(19,23,13.7388)->(18,23,14.3066)->(17,23,14.8246)->(16,23,15.3246)->(15,23,15.8246)->(14,23,16.3425)->(13,23,16.9103)->(12,23,17.5925)->(11,23,18.9103)->(10,23,5009.16)->
Agent 7:(30,4,1.3)->(30,5,2.6)->(30,6,5.4)->(29,6,7.61421)->(28,6,8.93205)->(27,6,9.61421)->(26,6,10.1821)->(25,6,10.7)->(24,6,11.2)->(23,6,11.7)->(22,6,12.2)->(21,6,12.7)->(20,6,13.2)->(19,6,13.7)->(18,6,14.2179)->(17,6,14.7858)->(16,6,15.4679)->(15,6,16.7858)->(14,6,5008.1)->
Agent 8:(31,1,1.3)->(31,2,2.01421)->(31,3,3.33205)->(31,4,4.01421)->(31,5,4.58205)->(31,6,5.1)->(31,7,5.6)->(31,8,6.1)->(31,9,6.6)->(31,10,7.1)->(31,11,7.6)->(31,12,8.1)->(31,13,8.6)->(31,14,9.1)->(31,15,9.6)->(31,16,10.1)->(31,17,10.6)->(31,18,11.1)->(31,19,11.6)->(31,20,12.1179)->(31,21,12.6858)->(31,22,13.3679)->(31,23,14.6858)->(31,24,16.9)->(30,24,19.1142)->(29,24,20.4321)->(28,24,21.1142)->(27,24,21.6821)->(26,24,22.2)->(25,24,22.7)->(24,24,23.2)->(23,24,23.7)->(22,24,24.2)->(21,24,24.7)->(20,24,25.2)->(19,24,25.7)->(18,24,26.2)->(17,24,26.7)->(16,24,27.2)->(15,24,27.7179)->(14,24,28.2858)->(13,24,28.9679)->(12,24,30.2858)->(11,24,5014.85)->
Agent 9:(6,5,2.21226)->(6,6,3.83874)->(6,7,5.15658)->(6,8,5.83874)->(6,9,6.40658)->(6,10,6.92453)->(6,11,7.42453)->(6,12,7.92453)->(6,13,8.42453)->(6,14,8.92453)->(6,15,9.42453)->(6,16,9.92453)->(6,17,10.4245)->(6,18,10.9245)->(6,19,11.4245)->(6,20,11.9245)->(6,21,12.4245)->(6,22,12.9245)->(6,23,13.4245)->(6,24,13.9245)->(6,25,14.4425)->(6,26,15.0103)->(6,27,15.6925)->(6,28,17.0103)->(6,29,19.2245)->(7,29,21.4387)->(8,29,22.7566)->(9,29,23.4483)->(10,29,24.084)->(11,29,24.7758)->(12,29,26.0936)->(13,29,5012.75)->
Agent 10:(19,19,5.77256)->(19,18,10.9593)->(19,17,12.2772)->(19,16,12.9689)->(19,15,13.6046)->(19,14,14.2964)->(19,13,15.6142)->(19,12,17.8284)->(20,12,20.0426)->(21,12,21.3605)->(22,12,22.0426)->(23,12,22.6105)->(24,12,23.1284)->(25,12,23.6464)->(26,12,24.2142)->(27,12,24.8964)->(28,12,26.2142)->(29,12,5012.81)->
Agent 11:(11,30,2.2)->(11,29,3.81421)->(11,28,5.13205)->(11,27,5.81421)->(11,26,6.38205)->(11,25,6.9)->(11,24,7.4)->(11,23,7.9)->(11,22,8.41795)->(11,21,8.98579)->(11,20,9.66795)->(11,19,10.9858)->(11,18,5005.2)->
Agent 12:(8,19,1.3)->(8,20,2.01421)->(8,21,3.33205)->(8,22,4.01421)->(8,23,4.6)->(8,24,5.18579)->(8,25,5.86795)->(8,26,7.18579)->(8,27,9.8)->(8,26,12.4142)->(8,25,13.7321)->(8,24,14.4142)->(8,23,14.9821)->(8,22,15.5)->(8,21,16)->(8,20,16.5)->(8,19,17)->(8,18,17.5)->(8,17,18)->(8,16,18.5)->(8,15,19)->(8,14,19.5)->(8,13,20)->(8,12,20.5)->(8,11,21)->(8,10,21.5)->(8,9,22.0179)->(8,8,22.5858)->(8,7,23.2679)->(8,6,24.5858)->(8,5,26.8)->(9,5,29.0142)->(10,5,30.3321)->(11,5,31.0142)->(12,5,31.5821)->(13,5,32.1)->(14,5,32.6)->(15,5,33.1)->(16,5,33.6)->(17,5,34.1)->(18,5,34.6)->(19,5,35.1)->(20,5,35.6179)->(21,5,36.1858)->(22,5,36.8679)->(23,5,38.1858)->(24,5,5018.8)->
Agent 13:(14,3,1.3)->(14,4,2.01421)->(14,5,3.33205)->(14,6,4.01421)->(14,7,4.58205)->(14,8,5.1)->(14,9,5.6)->(14,10,6.1)->(14,11,6.6)->(14,12,7.1)->(14,13,7.6)->(14,14,8.1)->(14,15,8.61795)->(14,16,9.18579)->(14,17,9.86795)->(14,18,11.1858)->(14,19,13.8142)->(13,19,5007.1)->
Agent 14:(4,24,2.2)->(4,23,3.81421)->(4,22,5.13205)->(4,21,5.81421)->(4,20,6.38205)->(4,19,6.9)->(4,18,7.4)->(4,17,7.9)->(4,16,8.4)->(4,15,8.9)->(4,14,9.4)->(4,13,9.9)->(4,12,10.4)->(4,11,10.9)->(4,10,11.4)->(4,9,11.9179)->(4,8,12.4858)->(4,7,13.1679)->(4,6,14.4858)->(4,5,16.7)->(3,5,18.9142)->(2,5,20.3284)->(1,5,21.7426)->(0,5,5010.58)->
Agent 15:(23,29,2.2)->(23,28,3.81421)->(23,27,5.13205)->(23,26,5.81421)->(23,25,6.38205)->(23,24,6.9)->(23,23,7.4)->(23,22,7.9)->(23,21,8.4)->(23,20,8.9)->(23,19,9.4)->(23,18,9.9)->(23,17,10.4)->(23,16,10.9)->(23,15,11.4)->(23,14,11.9)->(23,13,12.4)->(23,12,12.9)->(23,11,13.4)->(23,10,13.9)->(23,9,14.4)->(23,8,14.9)->(23,7,15.4179)->(23,6,15.9858)->(23,5,16.6679)->(23,4,17.9858)->(23,3,20.2)->(22,3,22.4142)->(21,3,23.7321)->(20,3,24.4142)->(19,3,24.9821)->(18,3,25.5)->(17,3,26)->(16,3,26.5)->(15,3,27.0179)->(14,3,27.5858)->(13,3,28.2679)->(12,3,29.5858)->(11,3,5014.5)->
Agent 16:(17,5,1.3)->(17,6,2.01421)->(17,7,3.33205)->(17,8,4.01421)->(17,9,4.58205)->(17,10,5.1)->(17,11,5.6)->(17,12,6.1)->(17,13,6.6)->(17,14,7.1)->(17,15,7.6)->(17,16,8.1)->(17,17,8.6)->(17,18,9.1)->(17,19,9.6)->(17,20,10.1)->(17,21,10.6)->(17,22,11.1)->(17,23,11.6)->(17,24,12.1179)->(17,25,12.6858)->(17,26,13.3679)->(17,27,14.6858)->(17,28,16.9)->(18,28,19.1142)->(19,28,20.4321)->(20,28,21.1142)->(21,28,21.6821)->(22,28,22.2)->(23,28,22.7)->(24,28,23.2)->(25,28,23.7)->(26,28,24.2179)->(27,28,24.7858)->(28,28,25.4679)->(29,28,26.7858)->(30,28,5013.1)->
Agent 17:(28,26,3.67843)->(28,25,6.77107)->(28,24,8.08891)->(28,23,8.77107)->(28,22,9.33891)->(28,21,9.85685)->(28,20,10.3569)->(28,19,10.8569)->(28,18,11.3569)->(28,17,11.8569)->(28,16,12.3569)->(28,15,12.8569)->(28,14,13.3569)->(28,13,13.8569)->(28,12,14.3569)->(28,11,14.8748)->(28,10,15.4426)->(28,9,16.1248)->(28,8,17.4426)->(28,7,19.6569)->(27,7,21.8711)->(26,7,23.1889)->(25,7,23.8711)->(24,7,24.4389)->(23,7,24.9569)->(22,7,25.4569)->(21,7,25.9569)->(20,7,26.4569)->(19,7,26.9569)->(18,7,27.4569)->(17,7,27.9569)->(16,7,28.4569)->(15,7,28.9569)->(14,7,29.4569)->(13,7,29.9569)->(12,7,30.4569)->(11,7,30.9569)->(10,7,31.4569)->(9,7,31.9569)->(8,7,32.4569)->(7,7,32.9748)->(6,7,33.5426)->(5,7,34.2248)->(4,7,35.5426)->(3,7,5017.48)->
Agent 18:(9,17,1.3)->(9,18,2.01421)->(9,19,3.33205)->(9,20,4.01421)->(9,21,4.6)->(9,22,5.18579)->(9,23,5.86795)->(9,24,7.18579)->(9,25,9.4)->(10,25,11.6142)->(11,25,12.9321)->(12,25,13.6641)->(13,25,14.3962)->(14,25,15.714)->(15,25,5007.56)->
Agent 19:(21,30,1.8)->(20,30,3.01421)->(19,30,4.33205)->(18,30,5.01421)->(17,30,5.58205)->(16,30,6.1)->(15,30,6.6)->(14,30,7.1)->(13,30,7.6)->(12,30,8.1)->(11,30,8.6)->(10,30,9.1)->(9,30,9.6)->(8,30,10.1)->(7,30,10.6)->(6,30,11.1)->(5,30,11.6179)->(4,30,12.1858)->(3,30,12.8679)->(2,30,14.1858)->(1,30,5006.8)->
