Agent 0:(12,8,1.3)->(12,9,2.01421)->(12,10,3.42843)->(12,11,4.84264)->(12,12,7.05685)->(13,12,9.27107)->(14,12,10.5889)->(15,12,11.2711)->(16,12,11.8389)->(17,12,12.3569)->(18,12,12.8569)->(19,12,13.3569)->(20,12,13.8569)->(21,12,14.3569)->(22,12,14.8569)->(23,12,15.3569)->(24,12,15.8569)->(25,12,16.3748)->(26,12,16.9426)->(27,12,17.6248)->(28,12,18.9426)->(29,12,5009.18)->
Agent 1:(13,19,1.3)->(13,20,2.04949)->(13,21,4.04949)->(13,22,6.71319)->(14,22,5003.55)->
Agent 2:(4,29,2.55)->(4,28,4.51421)->(4,27,5.83205)->(4,26,6.51421)->(4,25,7.08205)->(4,24,7.6)->(4,23,8.1)->(4,22,8.6)->(4,21,9.1)->(4,20,9.6)->(4,19,10.1)->(4,18,10.6)->(4,17,11.1)->(4,16,11.6)->(4,15,12.1)->(4,14,12.6)->(4,13,13.1)->(4,12,13.6)->(4,11,14.1)->(4,10,14.6)->(4,9,15.1)->(4,8,15.6179)->(4,7,16.1858)->(4,6,16.8679)->(4,5,18.1858)->(4,4,20.4)->(5,4,22.6142)->(6,4,24.0284)->(7,4,25.4426)->(8,4,5012.43)->
Agent 3:(17,21,2.01744)->(16,21,3.44909)->(15,21,4.76693)->(14,21,5.4587)->(13,21,6.09437)->(12,21,6.78614)->(11,21,8.10398)->(10,21,5003.76)->
Agent 4:(15,0,1.3)->(15,1,2.01421)->(15,2,3.33205)->(15,3,4.01421)->(15,4,4.58205)->(15,5,5.1)->(15,6,5.6)->(15,7,6.1)->(15,8,6.6)->(15,9,7.1)->(15,10,7.6)->(15,11,8.1)->(15,12,8.6)->(15,13,9.1)->(15,14,9.6)->(15,15,10.1)->(15,16,10.6)->(15,17,11.1)->(15,18,11.6)->(15,19,12.1)->(15,20,12.6)->(15,21,13.1)->(15,22,13.6)->(15,23,14.1)->(15,24,14.6179)->(15,25,15.1858)->(15,26,15.8679)->(15,27,17.1858)->(15,28,19.4)->(14,28,21.6142)->(13,28,22.9321)->(12,28,23.6142)->(11,28,24.1821)->(10,28,24.7)->(9,28,25.2179)->(8,28,25.7858)->(7,28,26.4679)->(6,28,27.7858)->(5,28,5013.6)->
Agent 5:(14,31,1.8)->(15,31,3.01421)->(16,31,4.33205)->(17,31,5.01421)->(18,31,5.58205)->(19,31,6.1)->(20,31,6.6)->(21,31,7.1)->(22,31,7.6)->(23,31,8.1)->(24,31,8.6)->(25,31,9.11795)->(26,31,9.68579)->(27,31,10.3679)->(28,31,11.6858)->(29,31,13.9)->(29,30,16.1142)->(29,29,17.4321)->(29,28,18.1142)->(29,27,18.6821)->(29,26,19.2)->(29,25,19.7)->(29,24,20.2)->(29,23,20.7)->(29,22,21.2)->(29,21,21.7)->(29,20,22.2179)->(29,19,22.7858)->(29,18,23.4679)->(29,17,24.7858)->(29,16,5012.1)->
Agent 6:(30,21,2.2)->(30,20,3.81421)->(30,19,5.13205)->(30,18,5.81421)->(30,17,6.38205)->(30,16,6.9)->(30,15,7.4)->(30,14,7.9)->(30,13,8.4)->(30,12,8.9)->(30,11,9.4)->(30,10,9.91795)->(30,9,10.4858)->(30,8,11.1679)->(30,7,12.4858)->(30,6,14.7)->(29,6,16.9142)->(28,6,18.2321)->(27,6,18.9142)->(26,6,19.4821)->(25,6,20)->(24,6,20.5)->(23,6,21)->(22,6,21.5)->(21,6,22)->(20,6,22.5)->(19,6,23)->(18,6,23.5)->(17,6,24)->(16,6,24.5)->(15,6,25.0179)->(14,6,25.5858)->(13,6,26.2679)->(12,6,27.5858)->(11,6,5013.5)->
Agent 7:(24,30,2.2)->(24,29,4.4)->(24,28,7.2)->(25,28,9.44949)->(26,28,11.4495)->(27,28,5005.45)->
Agent 8:(30,26,2.2)->(30,25,3.81421)->(30,24,5.22843)->(30,23,6.64264)->(30,22,8.85685)->(29,22,11.0711)->(28,22,12.3889)->(27,22,13.0711)->(26,22,13.6389)->(25,22,14.1748)->(24,22,14.7426)->(23,22,15.4248)->(22,22,16.7426)->(21,22,5008.08)->
Agent 9:(18,4,1.3)->(18,5,2.01421)->(18,6,3.33205)->(18,7,4.01421)->(18,8,4.58205)->(18,9,5.1)->(18,10,5.6)->(18,11,6.1)->(18,12,6.6)->(18,13,7.1)->(18,14,7.61795)->(18,15,8.18579)->(18,16,8.86795)->(18,17,10.1858)->(18,18,12.4)->(17,18,14.6142)->(16,18,15.9321)->(15,18,16.6142)->(14,18,17.1821)->(13,18,17.7)->(12,18,18.2)->(11,18,18.7179)->(10,18,19.2858)->(9,18,19.9679)->(8,18,21.2858)->(7,18,5010.35)->
Agent 10:(6,5,1.3)->(6,6,2.01421)->(6,7,3.33205)->(6,8,4.01421)->(6,9,4.58205)->(6,10,5.1)->(6,11,5.6)->(6,12,6.1)->(6,13,6.6)->(6,14,7.1)->(6,15,7.6)->(6,16,8.1)->(6,17,8.61795)->(6,18,9.18579)->(6,19,9.86795)->(6,20,11.1858)->(6,21,13.4)->(5,21,15.6495)->(4,21,17.6495)->(3,21,5008.55)->
Agent 11:(17,15,2.2)->(17,14,3.81421)->(17,13,5.13205)->(17,12,5.81421)->(17,11,6.4)->(17,10,6.98579)->(17,9,7.66795)->(17,8,8.98579)->(17,7,11.2)->(16,7,13.4142)->(15,7,14.7321)->(14,7,15.4641)->(13,7,16.1962)->(12,7,17.514)->(11,7,5008.46)->
Agent 12:(5,9,1.3)->(5,10,2.01421)->(5,11,3.42843)->(5,12,4.84264)->(5,13,7.05685)->(6,13,9.27107)->(7,13,10.5889)->(8,13,11.321)->(9,13,12.053)->(10,13,13.3708)->(11,13,5006.39)->
Agent 13:(17,20,2.2)->(17,19,3.81421)->(17,18,5.13205)->(17,17,5.81421)->(17,16,6.38205)->(17,15,6.91795)->(17,14,7.48579)->(17,13,8.16795)->(17,12,9.48579)->(17,11,11.7)->(16,11,13.9142)->(15,11,15.2321)->(14,11,15.9142)->(13,11,16.4821)->(12,11,17)->(11,11,17.5)->(10,11,18)->(9,11,18.5)->(8,11,19.0179)->(7,11,19.5858)->(6,11,20.2679)->(5,11,21.5858)->(4,11,5010.5)->
Agent 14:(0,27,2.2)->(0,26,3.81421)->(0,25,5.13205)->(0,24,5.81421)->(0,23,6.38205)->(0,22,6.9)->(0,21,7.4)->(0,20,7.9)->(0,19,8.4)->(0,18,8.9)->(0,17,9.4)->(0,16,9.9)->(0,15,10.4)->(0,14,10.9)->(0,13,11.4)->(0,12,11.9179)->(0,11,12.4858)->(0,10,13.1679)->(0,9,14.4858)->(0,8,16.7)->(1,8,18.9142)->(2,8,20.2321)->(3,8,20.9142)->(4,8,21.4821)->(5,8,22)->(6,8,22.5)->(7,8,23)->(8,8,23.5)->(9,8,24)->(10,8,24.5)->(11,8,25)->(12,8,25.5)->(13,8,26)->(14,8,26.5)->(15,8,27)->(16,8,27.5)->(17,8,28)->(18,8,28.5179)->(19,8,29.0858)->(20,8,29.7679)->(21,8,31.0858)->(22,8,5015.25)->
Agent 15:(3,24,2.2)->(3,23,3.81421)->(3,22,5.13205)->(3,21,5.82382)->(3,20,6.45949)->(3,19,7.15126)->(3,18,8.4691)->(3,17,10.7417)->(4,17,13.0142)->(5,17,14.3321)->(6,17,15.0641)->(7,17,15.7962)->(8,17,17.114)->(9,17,5008.26)->
Agent 16:(13,16,2.8)->(12,16,5.01421)->(11,16,6.33205)->(10,16,7.01421)->(9,16,7.58205)->(8,16,8.1)->(7,16,8.6)->(6,16,9.11795)->(5,16,9.68579)->(4,16,10.3679)->(3,16,11.6858)->(2,16,5005.55)->
Agent 17:(3,22,2.2)->(3,21,3.81421)->(3,20,5.13205)->(3,19,5.81421)->(3,18,6.38205)->(3,17,6.9)->(3,16,7.4)->(3,15,7.9)->(3,14,8.4)->(3,13,8.9)->(3,12,9.4)->(3,11,9.9)->(3,10,10.4)->(3,9,10.9)->(3,8,11.4)->(3,7,11.9)->(3,6,12.4)->(3,5,12.9179)->(3,4,13.4858)->(3,3,14.1679)->(3,2,15.4858)->(3,1,17.7)->(4,1,19.9142)->(5,1,21.2321)->(6,1,21.9142)->(7,1,22.4821)->(8,1,23)->(9,1,23.5)->(10,1,24)->(11,1,24.5)->(12,1,25)->(13,1,25.5)->(14,1,26)->(15,1,26.5)->(16,1,27)->(17,1,27.5)->(18,1,28.0179)->(19,1,28.5858)->(20,1,29.2679)->(21,1,30.5858)->(22,1,5015)->
Agent 18:(28,5,1.3)->(28,6,2.01421)->(28,7,3.33205)->(28,8,4.01421)->(28,9,4.58205)->(28,10,5.11795)->(28,11,5.68579)->(28,12,6.36795)->(28,13,7.68579)->(28,14,9.9)->(27,14,12.1142)->(26,14,13.4481)->(25,14,14.2765)->(24,14,15.6103)->(23,14,5007.51)->
Agent 19:(16,17,2.2)->(16,16,3.81421)->(16,15,5.13205)->(16,14,5.81421)->(16,13,6.4)->(16,12,6.98579)->(16,11,7.66795)->(16,10,8.98579)->(16,9,11.6142)->(17,9,5006)->
