Agent 0:(9,17,2.2)->(9,16,3.81421)->(9,15,5.13205)->(9,14,5.8641)->(9,13,6.59615)->(9,12,7.91399)->(9,11,11.1783)->(10,11,14.4426)->(11,11,15.7605)->(12,11,16.4426)->(13,11,17.0105)->(14,11,17.5284)->(15,11,18.0284)->(16,11,18.5284)->(17,11,19.0284)->(18,11,19.5284)->(19,11,20.0284)->(20,11,20.5284)->(21,11,21.0284)->(22,11,21.5284)->(23,11,22.0284)->(24,11,22.5284)->(25,11,23.0464)->(26,11,23.6142)->(27,11,24.2964)->(28,11,25.6142)->(29,11,5012.51)->
Agent 1:(18,4,1.3)->(18,5,2.01421)->(18,6,3.33205)->(18,7,4.01421)->(18,8,4.58205)->(18,9,5.1)->(18,10,5.6)->(18,11,6.1)->(18,12,6.6)->(18,13,7.1)->(18,14,7.6)->(18,15,8.1)->(18,16,8.6)->(18,17,9.1)->(18,18,9.6)->(18,19,10.1)->(18,20,10.6)->(18,21,11.1179)->(18,22,11.6858)->(18,23,12.3679)->(18,24,13.6858)->(18,25,15.9)->(19,25,18.1495)->(20,25,20.1495)->(21,25,5009.8)->
Agent 2:(9,20,5.51421)->(9,19,10.4426)->(9,18,11.7605)->(9,17,12.4426)->(9,16,13.0105)->(9,15,13.5284)->(9,14,14.0284)->(9,13,14.5284)->(9,12,15.0284)->(9,11,15.5284)->(9,10,16.0284)->(9,9,16.5284)->(9,8,17.0284)->(9,7,17.5284)->(9,6,18.0284)->(9,5,18.5464)->(9,4,19.1142)->(9,3,19.7964)->(9,2,21.1142)->(9,1,23.3284)->(10,1,25.5426)->(11,1,26.8605)->(12,1,27.5426)->(13,1,28.1105)->(14,1,28.6284)->(15,1,29.1284)->(16,1,29.6284)->(17,1,30.1284)->(18,1,30.6284)->(19,1,31.1284)->(20,1,31.6284)->(21,1,32.1284)->(22,1,32.6464)->(23,1,33.2142)->(24,1,33.8964)->(25,1,35.2142)->(26,1,5017.31)->
Agent 3:(28,21,2.2)->(28,20,3.81421)->(28,19,5.13205)->(28,18,5.81421)->(28,17,6.38205)->(28,16,6.9)->(28,15,7.4)->(28,14,7.9)->(28,13,8.41795)->(28,12,8.98579)->(28,11,9.66795)->(28,10,10.9858)->(28,9,13.2)->(27,9,15.4142)->(26,9,16.7321)->(25,9,17.4142)->(24,9,17.9821)->(23,9,18.5)->(22,9,19)->(21,9,19.5)->(20,9,20)->(19,9,20.5)->(18,9,21)->(17,9,21.5)->(16,9,22)->(15,9,22.5)->(14,9,23)->(13,9,23.5)->(12,9,24)->(11,9,24.5)->(10,9,25.0179)->(9,9,25.5858)->(8,9,26.2679)->(7,9,27.5858)->(6,9,5013.5)->
Agent 4:(7,17,2.2)->(7,16,3.81421)->(7,15,5.13205)->(7,14,5.81421)->(7,13,6.38205)->(7,12,6.9)->(7,11,7.4)->(7,10,7.9)->(7,9,8.41795)->(7,8,8.98579)->(7,7,9.66795)->(7,6,10.9858)->(7,5,13.2)->(6,5,16)->(5,5,5008)->
Agent 5:(29,27,3.46421)->(29,26,6.34264)->(29,25,7.66048)->(29,24,8.34264)->(29,23,8.91048)->(29,22,9.42843)->(29,21,9.92843)->(29,20,10.4284)->(29,19,10.9284)->(29,18,11.4284)->(29,17,11.9284)->(29,16,12.4284)->(29,15,12.9284)->(29,14,13.4284)->(29,13,13.9284)->(29,12,14.4284)->(29,11,14.9464)->(29,10,15.5142)->(29,9,16.1964)->(29,8,17.5142)->(29,7,19.7284)->(30,7,22.5284)->(31,7,5011.26)->
Agent 6:(30,22,2.2)->(30,21,3.81421)->(30,20,5.13205)->(30,19,5.8641)->(30,18,6.59615)->(30,17,7.91399)->(30,16,11.1283)->(29,16,14.3426)->(28,16,15.6605)->(27,16,16.3426)->(26,16,16.9105)->(25,16,17.4284)->(24,16,17.9464)->(23,16,18.5142)->(22,16,19.1964)->(21,16,20.5142)->(20,16,5009.96)->
Agent 7:(7,19,1.3)->(7,20,2.04949)->(7,21,4.04949)->(7,22,7.2637)->(8,22,10.4426)->(9,22,11.7605)->(10,22,12.4426)->(11,22,13.0105)->(12,22,13.5284)->(13,22,14.0284)->(14,22,14.5284)->(15,22,15.0284)->(16,22,15.5284)->(17,22,16.0284)->(18,22,16.5284)->(19,22,17.0284)->(20,22,17.5284)->(21,22,18.0284)->(22,22,18.5284)->(23,22,19.0284)->(24,22,19.5284)->(25,22,20.0284)->(26,22,20.5284)->(27,22,21.0464)->(28,22,21.6142)->(29,22,22.2964)->(30,22,23.6142)->(31,22,5011.51)->
Agent 8:(8,12,1.3)->(8,13,2.01421)->(8,14,3.33205)->(8,15,4.01421)->(8,16,4.6)->(8,17,5.18579)->(8,18,5.86795)->(8,19,7.18579)->(8,20,10.5463)->(9,20,13.9067)->(10,20,15.2246)->(11,20,15.9067)->(12,20,16.4746)->(13,20,16.9925)->(14,20,17.5105)->(15,20,18.0783)->(16,20,18.7605)->(17,20,20.0783)->(18,20,5009.75)->
Agent 9:(22,16,4.71421)->(22,15,8.87792)->(22,14,10.8779)->(22,13,13.1274)->(21,13,15.3416)->(20,13,16.6595)->(19,13,17.3416)->(18,13,17.9095)->(17,13,18.4274)->(16,13,18.9274)->(15,13,19.4454)->(14,13,20.0132)->(13,13,20.6954)->(12,13,22.0132)->(11,13,5010.71)->
Agent 10:(2,9,1.3)->(2,10,2.01421)->(2,11,3.33205)->(2,12,4.01421)->(2,13,4.58205)->(2,14,5.1)->(2,15,5.61795)->(2,16,6.18579)->(2,17,6.86795)->(2,18,8.18579)->(2,19,10.4)->(3,19,12.6142)->(4,19,13.9321)->(5,19,14.6641)->(6,19,15.3962)->(7,19,16.714)->(8,19,5008.06)->
Agent 11:(9,22,5.51421)->(9,21,10.4426)->(9,20,11.7605)->(9,19,12.4522)->(9,18,13.0879)->(9,17,13.7797)->(9,16,15.0975)->(9,15,17.3117)->(10,15,19.526)->(11,15,20.8438)->(12,15,21.526)->(13,15,22.0938)->(14,15,22.6117)->(15,15,23.1117)->(16,15,23.6117)->(17,15,24.1117)->(18,15,24.6117)->(19,15,25.1117)->(20,15,25.6117)->(21,15,26.1117)->(22,15,26.6117)->(23,15,27.1117)->(24,15,27.6297)->(25,15,28.1975)->(26,15,28.8797)->(27,15,30.1975)->(28,15,5014.81)->
Agent 12:(1,7,1.3)->(1,8,2.01421)->(1,9,3.33205)->(1,10,4.01421)->(1,11,4.58205)->(1,12,5.1)->(1,13,5.6)->(1,14,6.1)->(1,15,6.6)->(1,16,7.1)->(1,17,7.6)->(1,18,8.1)->(1,19,8.6)->(1,20,9.11795)->(1,21,9.68579)->(1,22,10.3679)->(1,23,11.6858)->(1,24,13.9)->(2,24,16.7)->(3,24,5008.35)->
Agent 13:(13,21,2.2)->(13,20,3.81421)->(13,19,5.13205)->(13,18,5.81421)->(13,17,6.38205)->(13,16,6.9)->(13,15,7.4)->(13,14,7.9)->(13,13,8.4)->(13,12,8.9)->(13,11,9.4)->(13,10,9.9)->(13,9,10.4)->(13,8,10.9)->(13,7,11.4179)->(13,6,11.9858)->(13,5,12.6679)->(13,4,13.9858)->(13,3,16.2)->(12,3,19)->(11,3,5009.5)->
Agent 14:(7,11,2.2)->(7,10,3.81421)->(7,9,5.13205)->(7,8,5.82382)->(7,7,6.45949)->(7,6,7.15126)->(7,5,8.4691)->(7,4,13.7917)->(8,4,19.7)->(9,4,5009.85)->
Agent 15:(22,15,3.71421)->(22,14,6.84264)->(22,13,8.16048)->(22,12,8.84264)->(22,11,9.42843)->(22,10,10.0142)->(22,9,10.6964)->(22,8,12.0142)->(22,7,14.2284)->(21,7,16.4779)->(20,7,18.4779)->(19,7,5008.96)->
Agent 16:(12,20,1.71421)->(12,21,3.81421)->(11,21,7.02843)->(10,21,5003.51)->
Agent 17:(15,6,2.21421)->(14,6,12.1005)->(14,7,22.0505)->(14,8,24.0505)->(14,9,5011.75)->
Agent 18:(11,31,2.26421)->(11,30,3.94264)->(11,29,5.26048)->(11,28,5.94264)->(11,27,6.51048)->(11,26,7.02843)->(11,25,7.52843)->(11,24,8.02843)->(11,23,8.52843)->(11,22,9.02843)->(11,21,9.52843)->(11,20,10.0284)->(11,19,10.5284)->(11,18,11.0284)->(11,17,11.5284)->(11,16,12.0284)->(11,15,12.5284)->(11,14,13.0284)->(11,13,13.5284)->(11,12,14.0284)->(11,11,14.5284)->(11,10,15.0284)->(11,9,15.5284)->(11,8,16.0464)->(11,7,16.6142)->(11,6,17.2964)->(11,5,18.6142)->(11,4,20.8284)->(12,4,23.0426)->(13,4,24.3605)->(14,4,25.0426)->(15,4,25.6105)->(16,4,26.1284)->(17,4,26.6284)->(18,4,27.1464)->(19,4,27.7142)->(20,4,28.3964)->(21,4,29.7142)->(22,4,5014.56)->
Agent 19:(9,8,1.8)->(10,8,3.01421)->(11,8,4.33205)->(12,8,5.01421)->(13,8,5.58205)->(14,8,6.1)->(15,8,6.6)->(16,8,7.1)->(17,8,7.6)->(18,8,8.1)->(19,8,8.6)->(20,8,9.1)->(21,8,9.6)->(22,8,10.1)->(23,8,10.6)->(24,8,11.1)->(25,8,11.6)->(26,8,12.1179)->(27,8,12.6858)->(28,8,13.3679)->(29,8,14.6858)->(30,8,16.9)->(30,9,19.1142)->(30,10,20.4321)->(30,11,21.1142)->(30,12,21.6821)->(30,13,22.2179)->(30,14,22.7858)->(30,15,23.4679)->(30,16,24.7858)->(30,17,5012.1)->
