Agent 0:(21,4,1.8)->(22,4,3.04949)->(23,4,5.04949)->(24,4,7.29898)->(24,5,9.51319)->(24,6,10.831)->(24,7,11.5132)->(24,8,12.081)->(24,9,12.599)->(24,10,13.099)->(24,11,13.599)->(24,12,14.099)->(24,13,14.599)->(24,14,15.099)->(24,15,15.599)->(24,16,16.099)->(24,17,16.599)->(24,18,17.099)->(24,19,17.6169)->(24,20,18.1848)->(24,21,18.8669)->(24,22,20.1848)->(24,23,5009.8)->
Agent 1:(17,29,3.8)->(17,28,7.01421)->(17,27,8.33205)->(17,26,9.01421)->(17,25,9.58205)->(17,24,10.1)->(17,23,10.6)->(17,22,11.1)->(17,21,11.6)->(17,20,12.1)->(17,19,12.6)->(17,18,13.1)->(17,17,13.6)->(17,16,14.1)->(17,15,14.6)->(17,14,15.1)->(17,13,15.6)->(17,12,16.1)->(17,11,16.6179)->(17,10,17.1858)->(17,9,17.8679)->(17,8,19.1858)->(17,7,21.4)->(16,7,23.6142)->(15,7,24.9321)->(14,7,25.6142)->(13,7,26.1821)->(12,7,26.7)->(11,7,27.2)->(10,7,27.7)->(9,7,28.2)->(8,7,28.7179)->(7,7,29.2858)->(6,7,29.9679)->(5,7,31.2858)->(4,7,5015.35)->
Agent 2:(10,12,1.8)->(11,12,3.01421)->(12,12,4.33205)->(13,12,5.0641)->(14,12,5.79615)->(15,12,7.11399)->(16,12,9.3282)->(16,13,12.1282)->(16,14,15.3424)->(17,14,5007.86)->
Agent 3:(22,26,10.1858)->(22,25,19.7858)->(22,24,21.1036)->(22,23,21.7858)->(22,22,22.3536)->(22,21,22.8716)->(22,20,23.3716)->(22,19,23.8716)->(22,18,24.3716)->(22,17,24.8716)->(22,16,25.3716)->(22,15,25.8716)->(22,14,26.3716)->(22,13,26.8716)->(22,12,27.3716)->(22,11,27.8716)->(22,10,28.3716)->(22,9,28.8716)->(22,8,29.3716)->(22,7,29.8716)->(22,6,30.3716)->(22,5,30.8716)->(22,4,31.3895)->(22,3,31.9574)->(22,2,32.6395)->(22,1,33.9574)->(22,0,36.1716)->(21,0,38.3858)->(20,0,39.7036)->(19,0,40.3858)->(18,0,40.9536)->(17,0,41.4716)->(16,0,41.9716)->(15,0,42.4895)->(14,0,43.0574)->(13,0,43.7395)->(12,0,45.0574)->(11,0,5022.24)->
Agent 4:(10,0,1.37841)->(10,1,2.17104)->(10,2,3.48888)->(10,3,4.17104)->(10,4,4.73888)->(10,5,5.25683)->(10,6,5.75683)->(10,7,6.25683)->(10,8,6.75683)->(10,9,7.25683)->(10,10,7.75683)->(10,11,8.25683)->(10,12,8.75683)->(10,13,9.25683)->(10,14,9.75683)->(10,15,10.2568)->(10,16,10.7568)->(10,17,11.2568)->(10,18,11.7568)->(10,19,12.2568)->(10,20,12.7568)->(10,21,13.2568)->(10,22,13.7568)->(10,23,14.2748)->(10,24,14.8426)->(10,25,15.5248)->(10,26,16.8426)->(10,27,19.0568)->(9,27,21.271)->(8,27,22.5889)->(7,27,23.271)->(6,27,23.8568)->(5,27,24.4426)->(4,27,25.1248)->(3,27,26.4426)->(2,27,5012.93)->
Agent 5:(21,14,2.2)->(21,13,3.81421)->(21,12,5.13205)->(21,11,5.82382)->(21,10,6.45949)->(21,9,7.15126)->(21,8,8.4691)->(21,7,15.5058)->(20,7,22.5424)->(19,7,23.8603)->(18,7,24.5424)->(17,7,25.1282)->(16,7,25.714)->(15,7,26.3962)->(14,7,27.714)->(13,7,5013.56)->
Agent 6:(13,20,2.06795)->(13,21,3.55011)->(13,22,4.86795)->(13,23,5.55972)->(13,24,6.19539)->(13,25,6.88716)->(13,26,8.205)->(13,27,5003.81)->
Agent 7:(19,30,2.55)->(19,29,4.51421)->(19,28,5.83205)->(19,27,6.51421)->(19,26,7.08205)->(19,25,7.6)->(19,24,8.1)->(19,23,8.6)->(19,22,9.1)->(19,21,9.6)->(19,20,10.1)->(19,19,10.6)->(19,18,11.1)->(19,17,11.6)->(19,16,12.1)->(19,15,12.6)->(19,14,13.1)->(19,13,13.6)->(19,12,14.1179)->(19,11,14.6858)->(19,10,15.3679)->(19,9,16.6858)->(19,8,19.9179)->(18,8,23.1501)->(17,8,24.4679)->(16,8,25.1501)->(15,8,25.7179)->(14,8,26.2359)->(13,8,26.7359)->(12,8,27.2359)->(11,8,27.7359)->(10,8,28.2359)->(9,8,28.7538)->(8,8,29.3217)->(7,8,30.0038)->(6,8,31.3217)->(5,8,5015.37)->
Agent 8:(22,1,1.83528)->(22,2,3.08477)->(22,3,4.4026)->(22,4,5.08477)->(22,5,5.6526)->(22,6,6.17055)->(22,7,6.67055)->(22,8,7.17055)->(22,9,7.67055)->(22,10,8.17055)->(22,11,8.67055)->(22,12,9.17055)->(22,13,9.67055)->(22,14,10.1706)->(22,15,10.6706)->(22,16,11.1706)->(22,17,11.6706)->(22,18,12.1706)->(22,19,12.6885)->(22,20,13.2563)->(22,21,13.9385)->(22,22,15.2563)->(22,23,17.9353)->(21,23,20.6142)->(20,23,21.9321)->(19,23,22.6142)->(18,23,23.1821)->(17,23,23.7)->(16,23,24.2179)->(15,23,24.7858)->(14,23,25.4679)->(13,23,26.7858)->(12,23,5013.1)->
Agent 9:(7,18,1.8)->(8,18,3.01421)->(9,18,4.33205)->(10,18,5.01421)->(11,18,5.58205)->(12,18,6.1)->(13,18,6.6)->(14,18,7.1)->(15,18,7.6)->(16,18,8.1)->(17,18,8.61795)->(18,18,9.18579)->(19,18,9.86795)->(20,18,11.1858)->(21,18,13.4)->(21,19,15.6142)->(21,20,16.9321)->(21,21,17.6142)->(21,22,18.1821)->(21,23,18.7)->(21,24,19.2)->(21,25,19.7)->(21,26,20.2179)->(21,27,20.7858)->(21,28,21.4679)->(21,29,22.7858)->(21,30,5011.1)->
Agent 10:(16,23,1.3)->(16,24,2.01421)->(16,25,3.33205)->(16,26,4.02382)->(16,27,4.65949)->(16,28,5.35126)->(16,29,6.6691)->(16,30,8.88331)->(17,30,11.0975)->(18,30,12.4154)->(19,30,13.0975)->(20,30,13.6654)->(21,30,14.1833)->(22,30,14.7013)->(23,30,15.2691)->(24,30,15.9513)->(25,30,17.2691)->(26,30,5008.34)->
Agent 11:(23,9,1.8)->(22,9,3.01421)->(21,9,4.33205)->(20,9,5.01421)->(19,9,5.6)->(18,9,6.18579)->(17,9,6.86795)->(16,9,8.18579)->(15,9,10.4)->(15,8,12.6142)->(15,7,13.9321)->(15,6,14.6238)->(15,5,15.2595)->(15,4,15.9513)->(15,3,17.2691)->(15,2,5008.34)->
Agent 12:(4,23,1.3)->(4,24,2.01421)->(4,25,3.33205)->(4,26,4.0641)->(4,27,4.79615)->(4,28,6.11399)->(4,29,8.3282)->(5,29,10.5424)->(6,29,11.8603)->(7,29,12.5424)->(8,29,13.1103)->(9,29,13.6282)->(10,29,14.1282)->(11,29,14.6282)->(12,29,15.1282)->(13,29,15.6282)->(14,29,16.1282)->(15,29,16.6282)->(16,29,17.1282)->(17,29,17.6282)->(18,29,18.1282)->(19,29,18.6282)->(20,29,19.1282)->(21,29,19.6282)->(22,29,20.1462)->(23,29,20.714)->(24,29,21.3962)->(25,29,22.714)->(26,29,5011.06)->
Agent 13:(6,0,1.3)->(6,1,2.6)->(6,2,5001.3)->
Agent 14:(24,8,1.3)->(24,9,2.01421)->(24,10,3.33205)->(24,11,4.01421)->(24,12,4.58205)->(24,13,5.1)->(24,14,5.6)->(24,15,6.1)->(24,16,6.6)->(24,17,7.1)->(24,18,7.6)->(24,19,8.1)->(24,20,8.6)->(24,21,9.11795)->(24,22,9.68579)->(24,23,10.3679)->(24,24,11.6858)->(24,25,16.15)->(23,25,20.6495)->(22,25,22.6495)->(21,25,5011.05)->
Agent 15:(7,20,2.2)->(7,19,3.81421)->(7,18,5.13205)->(7,17,5.81421)->(7,16,6.38205)->(7,15,6.9)->(7,14,7.4)->(7,13,7.9)->(7,12,8.4)->(7,11,8.9)->(7,10,9.4)->(7,9,9.9)->(7,8,10.4)->(7,7,10.9179)->(7,6,11.4858)->(7,5,12.1679)->(7,4,13.4858)->(7,3,15.7)->(8,3,17.9142)->(9,3,19.2321)->(10,3,19.9142)->(11,3,20.4821)->(12,3,21)->(13,3,21.5)->(14,3,22)->(15,3,22.5)->(16,3,23)->(17,3,23.5)->(18,3,24)->(19,3,24.5)->(20,3,25)->(21,3,25.5179)->(22,3,26.0858)->(23,3,26.7679)->(24,3,28.0858)->(25,3,5013.75)->
Agent 16:(1,28,2.2)->(1,27,3.81421)->(1,26,5.13205)->(1,25,5.81421)->(1,24,6.38205)->(1,23,6.9)->(1,22,7.4)->(1,21,7.9)->(1,20,8.41795)->(1,19,8.98579)->(1,18,9.66795)->(1,17,10.9858)->(1,16,13.2)->(2,16,15.4142)->(3,16,16.7321)->(4,16,17.4142)->(5,16,17.9821)->(6,16,18.5)->(7,16,19)->(8,16,19.5)->(9,16,20)->(10,16,20.5)->(11,16,21)->(12,16,21.5)->(13,16,22)->(14,16,22.5)->(15,16,23)->(16,16,23.5)->(17,16,24)->(18,16,24.5)->(19,16,25)->(20,16,25.5)->(21,16,26)->(22,16,26.5)->(23,16,27)->(24,16,27.5179)->(25,16,28.0858)->(26,16,28.7679)->(27,16,30.0858)->(28,16,5014.75)->
Agent 17:(23,2,3.24949)->(23,3,5.91319)->(23,4,7.23103)->(23,5,7.9228)->(23,6,8.55847)->(23,7,9.25024)->(23,8,10.5681)->(23,9,12.7823)->(22,9,15.0318)->(21,9,17.0318)->(20,9,22.9264)->(21,9,29.3716)->(22,9,5014.69)->
Agent 18:(10,3,1.62841)->(10,4,2.67104)->(10,5,3.98888)->(10,6,4.67104)->(10,7,5.23888)->(10,8,5.75683)->(10,9,6.25683)->(10,10,6.75683)->(10,11,7.25683)->(10,12,7.75683)->(10,13,8.25683)->(10,14,8.75683)->(10,15,9.25683)->(10,16,9.75683)->(10,17,10.2568)->(10,18,10.7568)->(10,19,11.2568)->(10,20,11.7568)->(10,21,12.2568)->(10,22,12.7568)->(10,23,13.2568)->(10,24,13.7568)->(10,25,14.2568)->(10,26,14.7568)->(10,27,15.2748)->(10,28,15.8426)->(10,29,16.5248)->(10,30,17.8426)->(10,31,20.0568)->(11,31,22.271)->(12,31,23.6049)->(13,31,24.4333)->(14,31,25.7672)->(15,31,5012.59)->
Agent 19:(10,24,1.8)->(11,24,3.01421)->(12,24,4.33205)->(13,24,5.01421)->(14,24,5.6)->(15,24,6.18579)->(16,24,6.86795)->(17,24,8.18579)->(18,24,10.4)->(18,23,12.6142)->(18,22,13.9321)->(18,21,14.6142)->(18,20,15.1821)->(18,19,15.7)->(18,18,16.2)->(18,17,16.7)->(18,16,17.2)->(18,15,17.7)->(18,14,18.2)->(18,13,18.7)->(18,12,19.2)->(18,11,19.7)->(18,10,20.2)->(18,9,20.7)->(18,8,21.2179)->(18,7,21.7858)->(18,6,22.4679)->(18,5,23.7858)->(18,4,5011.6)->
