Agent 0:(24,4,1.3)->(24,5,2.04949)->(24,6,4.04949)->(24,7,6.71319)->(23,7,5003.55)->
Agent 1:(16,26,2.2)->(16,25,3.81421)->(16,24,5.13205)->(16,23,5.81421)->(16,22,6.4)->(16,21,6.98579)->(16,20,7.66795)->(16,19,8.98579)->(16,18,11.2)->(15,18,13.4142)->(14,18,14.7321)->(13,18,15.4142)->(12,18,15.9821)->(11,18,16.5)->(10,18,17)->(9,18,17.5)->(8,18,18)->(7,18,18.5)->(6,18,19)->(5,18,19.5179)->(4,18,20.0858)->(3,18,20.7679)->(2,18,22.0858)->(1,18,5010.75)->
Agent 2:(21,30,2.2)->(21,29,3.84949)->(21,28,5.84949)->(21,27,8.6637)->(20,27,11.4426)->(19,27,12.7605)->(18,27,13.4426)->(17,27,14.0284)->(16,27,14.6142)->(15,27,15.2964)->(14,27,16.6142)->(13,27,5008.01)->
Agent 3:(3,18,2.2)->(3,17,3.81421)->(3,16,5.13205)->(3,15,5.81421)->(3,14,6.38205)->(3,13,6.9)->(3,12,7.4)->(3,11,7.91795)->(3,10,8.48579)->(3,9,9.16795)->(3,8,10.4858)->(3,7,12.7)->(4,7,14.9142)->(5,7,16.2321)->(6,7,16.9142)->(7,7,17.4821)->(8,7,18)->(9,7,18.5)->(10,7,19)->(11,7,19.5)->(12,7,20.0179)->(13,7,20.5858)->(14,7,21.2679)->(15,7,22.5858)->(16,7,25.2142)->(16,8,5012.8)->
Agent 4:(11,24,2.2)->(11,23,3.81421)->(11,22,5.13205)->(11,21,5.81421)->(11,20,6.38205)->(11,19,6.9)->(11,18,7.4)->(11,17,7.91795)->(11,16,8.48579)->(11,15,9.16795)->(11,14,10.4858)->(11,13,12.7)->(12,13,14.9142)->(13,13,16.2321)->(14,13,16.9142)->(15,13,17.4821)->(16,13,18)->(17,13,18.5)->(18,13,19)->(19,13,19.5)->(20,13,20)->(21,13,20.5)->(22,13,21)->(23,13,21.5)->(24,13,22)->(25,13,22.5)->(26,13,23)->(27,13,23.5179)->(28,13,24.0858)->(29,13,24.7679)->(30,13,26.0858)->(31,13,5012.75)->
Agent 5:(16,20,1.8)->(15,20,3.6)->(14,20,6.4)->(14,21,8.61421)->(14,22,9.93205)->(14,23,10.6142)->(14,24,11.2)->(14,25,11.7858)->(14,26,12.4679)->(14,27,13.7858)->(14,28,5006.6)->
Agent 6:(21,12,2.2)->(21,11,3.81421)->(21,10,5.13205)->(21,9,5.81421)->(21,8,6.38205)->(21,7,6.9)->(21,6,7.4)->(21,5,7.9)->(21,4,8.41795)->(21,3,8.98579)->(21,2,9.66795)->(21,1,10.9858)->(21,0,13.2)->(22,0,15.4142)->(23,0,16.7481)->(24,0,17.5765)->(25,0,18.9103)->(26,0,5009.16)->
Agent 7:(18,16,2.2)->(18,15,3.81421)->(18,14,5.13205)->(18,13,5.81421)->(18,12,6.38205)->(18,11,6.9)->(18,10,7.4)->(18,9,7.9)->(18,8,8.4)->(18,7,8.9)->(18,6,9.41795)->(18,5,9.98579)->(18,4,10.6679)->(18,3,11.9858)->(18,2,14.2)->(17,2,16.4142)->(16,2,17.7321)->(15,2,18.4238)->(14,2,19.0595)->(13,2,19.7513)->(12,2,21.0691)->(11,2,5010.24)->
Agent 8:(19,3,1.3)->(19,4,2.01421)->(19,5,3.33205)->(19,6,4.01421)->(19,7,4.58205)->(19,8,5.1)->(19,9,5.6)->(19,10,6.1)->(19,11,6.6)->(19,12,7.1)->(19,13,7.6)->(19,14,8.1)->(19,15,8.6)->(19,16,9.1)->(19,17,9.6)->(19,18,10.1)->(19,19,10.6)->(19,20,11.1)->(19,21,11.6)->(19,22,12.1)->(19,23,12.6179)->(19,24,13.1858)->(19,25,13.8679)->(19,26,15.1858)->(19,27,5007.3)->
Agent 9:(20,31,2.2)->(20,30,3.81421)->(20,29,5.13205)->(20,28,5.81421)->(20,27,6.38205)->(20,26,6.9)->(20,25,7.4)->(20,24,7.9)->(20,23,8.4)->(20,22,8.9)->(20,21,9.41795)->(20,20,9.98579)->(20,19,10.6679)->(20,18,11.9858)->(20,17,14.2)->(19,17,16.4495)->(18,17,18.4495)->(17,17,5008.95)->
Agent 10:(30,30,2.2)->(30,29,3.81421)->(30,28,5.13205)->(30,27,5.81421)->(30,26,6.38205)->(30,25,6.9)->(30,24,7.4)->(30,23,7.9)->(30,22,8.4)->(30,21,8.9)->(30,20,9.4)->(30,19,9.9)->(30,18,10.4)->(30,17,10.9)->(30,16,11.4)->(30,15,11.9)->(30,14,12.4)->(30,13,12.9)->(30,12,13.4)->(30,11,13.9)->(30,10,14.4)->(30,9,14.9)->(30,8,15.4179)->(30,7,15.9858)->(30,6,16.6679)->(30,5,17.9858)->(30,4,20.2)->(29,4,23)->(28,4,5011.5)->
Agent 11:(0,21,2.2)->(0,20,3.81421)->(0,19,5.13205)->(0,18,5.81421)->(0,17,6.38205)->(0,16,6.9)->(0,15,7.4)->(0,14,7.9)->(0,13,8.4)->(0,12,8.9)->(0,11,9.4)->(0,10,9.9)->(0,9,10.4)->(0,8,10.9)->(0,7,11.4179)->(0,6,11.9858)->(0,5,12.6679)->(0,4,13.9858)->(0,3,16.2)->(1,3,18.4142)->(2,3,19.7321)->(3,3,20.4142)->(4,3,20.9821)->(5,3,21.5)->(6,3,22)->(7,3,22.5)->(8,3,23)->(9,3,23.5)->(10,3,24)->(11,3,24.5)->(12,3,25)->(13,3,25.5)->(14,3,26)->(15,3,26.5)->(16,3,27)->(17,3,27.5)->(18,3,28)->(19,3,28.5179)->(20,3,29.0858)->(21,3,29.7679)->(22,3,31.0858)->(23,3,5015.25)->
Agent 12:(22,0,1.3)->(22,1,2.01421)->(22,2,3.33205)->(22,3,4.0641)->(22,4,4.79615)->(22,5,6.11399)->(22,6,8.3282)->(21,6,10.5424)->(20,6,11.8603)->(19,6,12.5424)->(18,6,13.1103)->(17,6,13.6282)->(16,6,14.1282)->(15,6,14.6462)->(14,6,15.214)->(13,6,15.8962)->(12,6,17.214)->(11,6,5008.31)->
Agent 13:(14,11,3.35051)->(14,10,6.15051)->(14,9,8.15051)->(14,8,10.8019)->(13,8,13.4181)->(12,8,14.7359)->(11,8,15.4181)->(10,8,15.9859)->(9,8,16.5218)->(8,8,17.0897)->(7,8,17.7718)->(6,8,19.0897)->(5,8,5009.25)->
Agent 14:(20,8,1.8)->(19,8,3.01421)->(18,8,4.33205)->(17,8,5.01421)->(16,8,5.6)->(15,8,6.18579)->(14,8,6.86795)->(13,8,8.18579)->(12,8,10.8019)->(12,9,13.4181)->(12,10,14.7519)->(12,11,15.5804)->(12,12,16.9142)->(12,13,5008.16)->
Agent 15:(3,29,2.5)->(3,28,4.41421)->(3,27,5.73205)->(3,26,6.41421)->(3,25,6.98205)->(3,24,7.5)->(3,23,8)->(3,22,8.5)->(3,21,9)->(3,20,9.5)->(3,19,10)->(3,18,10.5)->(3,17,11)->(3,16,11.5)->(3,15,12)->(3,14,12.5)->(3,13,13)->(3,12,13.5)->(3,11,14)->(3,10,14.5)->(3,9,15)->(3,8,15.5)->(3,7,16)->(3,6,16.5)->(3,5,17)->(3,4,17.5179)->(3,3,18.0858)->(3,2,18.7679)->(3,1,20.0858)->(3,0,22.7142)->(2,0,5011.55)->
Agent 16:(6,14,1.3)->(6,15,2.01421)->(6,16,3.33205)->(6,17,4.01421)->(6,18,4.58205)->(6,19,5.1)->(6,20,5.6)->(6,21,6.1)->(6,22,6.6)->(6,23,7.1)->(6,24,7.6)->(6,25,8.11795)->(6,26,8.68579)->(6,27,9.36795)->(6,28,10.6858)->(6,29,12.9)->(7,29,15.1142)->(8,29,16.4321)->(9,29,17.1142)->(10,29,17.6821)->(11,29,18.2179)->(12,29,18.7858)->(13,29,19.4679)->(14,29,20.7858)->(15,29,5010.1)->
Agent 17:(14,19,2.2)->(14,18,3.81421)->(14,17,5.13205)->(14,16,5.81421)->(14,15,6.38205)->(14,14,6.91795)->(14,13,7.48579)->(14,12,8.16795)->(14,11,9.48579)->(14,10,12.2)->(13,10,14.9142)->(12,10,16.2321)->(11,10,16.9641)->(10,10,17.6962)->(9,10,19.014)->(8,10,5009.21)->
Agent 18:(17,0,1.3)->(17,1,2.01421)->(17,2,3.33205)->(17,3,4.01421)->(17,4,4.58205)->(17,5,5.1)->(17,6,5.6)->(17,7,6.1)->(17,8,6.6)->(17,9,7.1)->(17,10,7.6)->(17,11,8.1)->(17,12,8.6)->(17,13,9.1)->(17,14,9.6)->(17,15,10.1)->(17,16,10.6)->(17,17,11.1)->(17,18,11.6)->(17,19,12.1)->(17,20,12.6179)->(17,21,13.1858)->(17,22,13.8679)->(17,23,15.1858)->(17,24,17.4)->(16,24,19.6142)->(15,24,20.9321)->(14,24,21.6142)->(13,24,22.1821)->(12,24,22.7)->(11,24,23.2)->(10,24,23.7179)->(9,24,24.2858)->(8,24,24.9679)->(7,24,26.2858)->(6,24,5012.85)->
Agent 19:(26,13,2.2)->(26,12,3.81421)->(26,11,5.13205)->(26,10,5.81421)->(26,9,6.38205)->(26,8,6.9)->(26,7,7.4)->(26,6,7.9)->(26,5,8.4)->(26,4,8.91795)->(26,3,9.48579)->(26,2,10.1679)->(26,1,11.4858)->(26,0,13.7)->(27,0,15.9142)->(28,0,17.3284)->(29,0,18.7426)->(30,0,5009.08)->
