Agent 0:(15,12,1.3)->(15,13,2.01421)->(15,14,3.33205)->(15,15,4.01421)->(15,16,4.58205)->(15,17,5.1)->(15,18,5.6)->(15,19,6.1)->(15,20,6.6)->(15,21,7.1)->(15,22,7.6)->(15,23,8.1)->(15,24,8.6)->(15,25,9.1)->(15,26,9.6)->(15,27,10.1179)->(15,28,10.6858)->(15,29,11.3679)->(15,30,12.6858)->(15,31,14.9)->(14,31,17.1142)->(13,31,18.4321)->(12,31,19.1142)->(11,31,19.6821)->(10,31,20.2)->(9,31,20.7)->(8,31,21.2179)->(7,31,21.7858)->(6,31,22.4679)->(5,31,23.7858)->(4,31,5011.6)->
Agent 1:(8,26,2.2)->(8,25,4.4)->(8,24,7.61421)->(9,24,5004)->
Agent 2:(13,28,2.2)->(13,27,3.81421)->(13,26,5.14806)->(13,25,5.97649)->(13,24,7.31034)->(13,23,9.52456)->(12,23,11.7388)->(11,23,13.0566)->(10,23,13.7388)->(9,23,14.3066)->(8,23,14.8246)->(7,23,15.3246)->(6,23,15.8425)->(5,23,16.4103)->(4,23,17.0925)->(3,23,18.4103)->(2,23,5008.91)->
Agent 3:(23,29,2.2)->(23,28,3.81421)->(23,27,5.13205)->(23,26,5.81421)->(23,25,6.38205)->(23,24,6.91795)->(23,23,7.48579)->(23,22,8.16795)->(23,21,9.48579)->(23,20,11.7)->(22,20,13.9142)->(21,20,15.2321)->(20,20,15.9142)->(19,20,16.4821)->(18,20,17)->(17,20,17.5)->(16,20,18)->(15,20,18.5)->(14,20,19.0179)->(13,20,19.5858)->(12,20,20.2679)->(11,20,21.5858)->(10,20,5010.5)->
Agent 4:(25,1,1.3)->(25,2,2.01421)->(25,3,3.33205)->(25,4,4.01421)->(25,5,4.58205)->(25,6,5.1)->(25,7,5.6)->(25,8,6.1)->(25,9,6.6)->(25,10,7.1)->(25,11,7.6)->(25,12,8.11795)->(25,13,8.68579)->(25,14,9.36795)->(25,15,10.6858)->(25,16,12.9)->(26,16,15.1495)->(27,16,17.1495)->(28,16,5008.3)->
Agent 5:(14,20,2.2)->(14,19,3.81421)->(14,18,5.13205)->(14,17,5.81421)->(14,16,6.38205)->(14,15,6.9)->(14,14,7.41795)->(14,13,7.98579)->(14,12,8.66795)->(14,11,9.98579)->(14,10,12.2)->(15,10,14.4142)->(16,10,15.7321)->(17,10,16.4142)->(18,10,16.9821)->(19,10,17.5)->(20,10,18)->(21,10,18.5179)->(22,10,19.0858)->(23,10,19.7679)->(24,10,21.0858)->(25,10,23.7142)->(25,11,5012.05)->
Agent 6:(16,14,2.2)->(16,13,4.4)->(16,12,7.2)->(17,12,9.41421)->(18,12,10.7321)->(19,12,11.4142)->(20,12,11.9821)->(21,12,12.5)->(22,12,13)->(23,12,13.5)->(24,12,14)->(25,12,14.5)->(26,12,15)->(27,12,15.5179)->(28,12,16.0858)->(29,12,16.7679)->(30,12,18.0858)->(31,12,5008.75)->
Agent 7:(7,11,2.2)->(7,10,3.84949)->(7,9,5.84949)->(7,8,8.09898)->(8,8,10.3132)->(9,8,11.631)->(10,8,12.3132)->(11,8,12.881)->(12,8,13.399)->(13,8,13.899)->(14,8,14.399)->(15,8,14.899)->(16,8,15.399)->(17,8,15.899)->(18,8,16.399)->(19,8,16.899)->(20,8,17.399)->(21,8,17.899)->(22,8,18.4169)->(23,8,18.9848)->(24,8,19.6669)->(25,8,20.9848)->(26,8,5010.2)->
Agent 8:(11,30,2.2)->(11,29,3.81421)->(11,28,5.13205)->(11,27,5.81421)->(11,26,6.38205)->(11,25,6.9)->(11,24,7.4)->(11,23,7.9)->(11,22,8.4)->(11,21,8.91795)->(11,20,9.48579)->(11,19,10.1679)->(11,18,11.4858)->(11,17,13.7)->(12,17,15.9142)->(13,17,17.3284)->(14,17,18.7426)->(15,17,5009.08)->
Agent 9:(11,1,1.71421)->(11,2,3.81421)->(12,2,6.44264)->(13,2,7.76048)->(14,2,8.44264)->(15,2,9.01048)->(16,2,9.52843)->(17,2,10.0284)->(18,2,10.5284)->(19,2,11.0284)->(20,2,11.5284)->(21,2,12.0284)->(22,2,12.5284)->(23,2,13.0284)->(24,2,13.5284)->(25,2,14.0284)->(26,2,14.5284)->(27,2,15.0464)->(28,2,15.6142)->(29,2,16.2964)->(30,2,17.6142)->(31,2,5008.51)->
Agent 10:(18,27,2.2)->(18,26,3.81421)->(18,25,5.14806)->(18,24,5.97649)->(18,23,7.31034)->(18,22,9.52456)->(19,22,11.7388)->(20,22,13.0566)->(21,22,13.7388)->(22,22,14.3246)->(23,22,14.9103)->(24,22,15.5925)->(25,22,16.9103)->(26,22,5008.16)->
Agent 11:(18,29,2.89818)->(18,28,5.21057)->(18,27,6.5284)->(18,26,7.26045)->(18,25,7.9925)->(18,24,9.31034)->(18,23,11.5246)->(17,23,13.7388)->(16,23,15.153)->(15,23,16.5672)->(14,23,5007.99)->
Agent 12:(22,30,1.8)->(21,30,3.01421)->(20,30,4.33205)->(19,30,5.01421)->(18,30,5.58205)->(17,30,6.1)->(16,30,6.6)->(15,30,7.1)->(14,30,7.6)->(13,30,8.1)->(12,30,8.6)->(11,30,9.1)->(10,30,9.6)->(9,30,10.1)->(8,30,10.6)->(7,30,11.1)->(6,30,11.6)->(5,30,12.1)->(4,30,12.6179)->(3,30,13.1858)->(2,30,13.8679)->(1,30,15.1858)->(0,30,17.4)->(0,29,19.6142)->(0,28,20.9321)->(0,27,21.6142)->(0,26,22.1821)->(0,25,22.7)->(0,24,23.2)->(0,23,23.7)->(0,22,24.2)->(0,21,24.7)->(0,20,25.2)->(0,19,25.7)->(0,18,26.2)->(0,17,26.7)->(0,16,27.2)->(0,15,27.7)->(0,14,28.2)->(0,13,28.7)->(0,12,29.2)->(0,11,29.7)->(0,10,30.2)->(0,9,30.7)->(0,8,31.2)->(0,7,31.7)->(0,6,32.2)->(0,5,32.7179)->(0,4,33.2858)->(0,3,33.9679)->(0,2,35.2858)->(0,1,5017.35)->
Agent 13:(15,22,1.8)->(16,22,3.01421)->(17,22,4.33205)->(18,22,5.02382)->(19,22,5.65949)->(20,22,6.35126)->(21,22,7.6691)->(22,22,9.88331)->(22,23,12.0975)->(22,24,13.4154)->(22,25,14.1474)->(22,26,14.8795)->(22,27,16.1973)->(22,28,5007.81)->
Agent 14:(30,9,1.3)->(30,10,2.01421)->(30,11,3.33205)->(30,12,4.01421)->(30,13,4.58205)->(30,14,5.1)->(30,15,5.6)->(30,16,6.1)->(30,17,6.6)->(30,18,7.1)->(30,19,7.6)->(30,20,8.11795)->(30,21,8.68579)->(30,22,9.36795)->(30,23,10.6858)->(30,24,12.9)->(29,24,15.1142)->(28,24,16.4321)->(27,24,17.1142)->(26,24,17.7)->(25,24,18.2858)->(24,24,18.9679)->(23,24,20.2858)->(22,24,5009.85)->
Agent 15:(1,15,1.3)->(1,16,2.01421)->(1,17,3.33205)->(1,18,4.01421)->(1,19,4.58205)->(1,20,5.1)->(1,21,5.6)->(1,22,6.1)->(1,23,6.6)->(1,24,7.1)->(1,25,7.61795)->(1,26,8.18579)->(1,27,8.86795)->(1,28,10.1858)->(1,29,12.4)->(2,29,14.6142)->(3,29,15.9321)->(4,29,16.6142)->(5,29,17.1821)->(6,29,17.7)->(7,29,18.2)->(8,29,18.7)->(9,29,19.2)->(10,29,19.7)->(11,29,20.2)->(12,29,20.7)->(13,29,21.2)->(14,29,21.7)->(15,29,22.2)->(16,29,22.7)->(17,29,23.2)->(18,29,23.7)->(19,29,24.2)->(20,29,24.7)->(21,29,25.2)->(22,29,25.7179)->(23,29,26.2858)->(24,29,26.9679)->(25,29,28.2858)->(26,29,5013.85)->
Agent 16:(14,9,1.8)->(15,9,3.04949)->(16,9,5.04949)->(17,9,7.29898)->(17,10,9.51319)->(17,11,10.831)->(17,12,11.5132)->(17,13,12.081)->(17,14,12.599)->(17,15,13.099)->(17,16,13.599)->(17,17,14.099)->(17,18,14.599)->(17,19,15.099)->(17,20,15.599)->(17,21,16.099)->(17,22,16.6169)->(17,23,17.1848)->(17,24,17.8669)->(17,25,19.1848)->(17,26,5009.3)->
Agent 17:(7,21,1.71421)->(7,22,4.21228)->(8,22,7.23877)->(9,22,8.55661)->(10,22,9.23877)->(11,22,9.80661)->(12,22,10.3246)->(13,22,10.8246)->(14,22,11.3246)->(15,22,11.8246)->(16,22,12.3246)->(17,22,12.8246)->(18,22,13.3246)->(19,22,13.8246)->(20,22,14.3425)->(21,22,14.9103)->(22,22,15.5925)->(23,22,16.9103)->(24,22,5008.16)->
Agent 18:(18,5,1.3)->(18,6,2.01421)->(18,7,3.33205)->(18,8,4.0641)->(18,9,4.79615)->(18,10,6.11399)->(18,11,9.53205)->(19,11,12.9501)->(20,11,14.2679)->(21,11,15)->(22,11,15.7321)->(23,11,17.0499)->(24,11,5008.23)->
Agent 19:(13,18,1.8)->(12,18,3.01421)->(11,18,4.33205)->(10,18,5.02382)->(9,18,5.65949)->(8,18,6.35126)->(7,18,7.6691)->(6,18,9.88331)->(6,19,12.0975)->(6,20,13.5117)->(6,21,14.926)->(6,22,5007.17)->
