Agent 0:(14,0,1.3)->(14,1,2.01421)->(14,2,3.33205)->(14,3,4.01421)->(14,4,4.58205)->(14,5,5.1)->(14,6,5.6)->(14,7,6.1)->(14,8,6.6)->(14,9,7.1)->(14,10,7.6)->(14,11,8.1)->(14,12,8.6)->(14,13,9.1)->(14,14,9.6)->(14,15,10.1)->(14,16,10.6)->(14,17,11.1)->(14,18,11.6)->(14,19,12.1)->(14,20,12.6)->(14,21,13.1)->(14,22,13.6)->(14,23,14.1)->(14,24,14.6179)->(14,25,15.1858)->(14,26,15.8679)->(14,27,17.1858)->(14,28,19.4)->(15,28,21.6142)->(16,28,22.9321)->(17,28,23.6142)->(18,28,24.2)->(19,28,24.7858)->(20,28,25.4679)->(21,28,26.7858)->(22,28,5013.1)->
Agent 1:(5,7,1.3)->(5,8,2.01421)->(5,9,3.33205)->(5,10,4.01421)->(5,11,4.58205)->(5,12,5.1)->(5,13,5.6)->(5,14,6.1)->(5,15,6.61795)->(5,16,7.18579)->(5,17,7.86795)->(5,18,9.18579)->(5,19,11.8142)->(4,19,5006.1)->
Agent 2:(17,14,2.2)->(17,13,3.81421)->(17,12,5.13205)->(17,11,5.81421)->(17,10,6.38205)->(17,9,6.9)->(17,8,7.4)->(17,7,7.9)->(17,6,8.4)->(17,5,8.9)->(17,4,9.41795)->(17,3,9.98579)->(17,2,10.6679)->(17,1,11.9858)->(17,0,14.6142)->(18,0,5007.5)->
Agent 3:(20,21,1.8)->(19,21,3.01421)->(18,21,4.33205)->(17,21,5.01421)->(16,21,5.58205)->(15,21,6.1)->(14,21,6.6)->(13,21,7.11795)->(12,21,7.68579)->(11,21,8.36795)->(10,21,9.68579)->(9,21,11.9)->(9,20,14.1142)->(9,19,15.4321)->(9,18,16.1142)->(9,17,16.6821)->(9,16,17.2)->(9,15,17.7)->(9,14,18.2)->(9,13,18.7)->(9,12,19.2)->(9,11,19.7)->(9,10,20.2)->(9,9,20.7179)->(9,8,21.2858)->(9,7,21.9679)->(9,6,23.2858)->(9,5,5011.35)->
Agent 4:(20,15,1.8)->(19,15,3.04949)->(18,15,5.04949)->(17,15,5002.25)->
Agent 5:(7,0,1.3)->(7,1,2.01421)->(7,2,3.33205)->(7,3,4.01421)->(7,4,4.58205)->(7,5,5.1)->(7,6,5.6)->(7,7,6.1)->(7,8,6.6)->(7,9,7.1)->(7,10,7.6)->(7,11,8.1)->(7,12,8.6)->(7,13,9.1)->(7,14,9.6)->(7,15,10.1)->(7,16,10.6)->(7,17,11.1)->(7,18,11.6)->(7,19,12.1)->(7,20,12.6)->(7,21,13.1)->(7,22,13.6179)->(7,23,14.1858)->(7,24,14.8679)->(7,25,16.1858)->(7,26,18.4)->(6,26,20.6142)->(5,26,21.9321)->(4,26,22.6238)->(3,26,23.2595)->(2,26,23.9513)->(1,26,25.2691)->(0,26,5012.34)->
Agent 6:(3,11,1.3)->(3,12,2.6)->(3,13,5.4)->(2,13,8.2)->(1,13,13.7784)->(2,13,19.3569)->(3,13,5009.68)->
Agent 7:(5,15,1.3)->(5,16,2.01421)->(5,17,3.33205)->(5,18,4.01421)->(5,19,4.58205)->(5,20,5.1)->(5,21,5.6)->(5,22,6.1)->(5,23,6.61795)->(5,24,7.18579)->(5,25,7.86795)->(5,26,9.18579)->(5,27,11.6)->(6,27,14.0142)->(7,27,15.3321)->(8,27,16.0142)->(9,27,16.5821)->(10,27,17.1)->(11,27,17.6)->(12,27,18.1)->(13,27,18.6)->(14,27,19.1)->(15,27,19.6)->(16,27,20.1)->(17,27,20.6)->(18,27,21.1)->(19,27,21.6)->(20,27,22.1)->(21,27,22.6)->(22,27,23.1)->(23,27,23.6)->(24,27,24.1179)->(25,27,24.6858)->(26,27,25.3679)->(27,27,26.6858)->(28,27,5013.05)->
Agent 8:(4,23,2.2)->(4,22,3.81421)->(4,21,5.13205)->(4,20,5.81421)->(4,19,6.38205)->(4,18,6.9)->(4,17,7.4)->(4,16,7.9)->(4,15,8.41795)->(4,14,8.98579)->(4,13,9.66795)->(4,12,10.9858)->(4,11,13.2)->(5,11,15.4142)->(6,11,16.7321)->(7,11,17.4142)->(8,11,17.9821)->(9,11,18.5)->(10,11,19)->(11,11,19.5)->(12,11,20)->(13,11,20.5)->(14,11,21)->(15,11,21.5)->(16,11,22)->(17,11,22.5)->(18,11,23)->(19,11,23.5179)->(20,11,24.0858)->(21,11,24.7679)->(22,11,26.0858)->(23,11,5012.75)->
Agent 9:(0,31,2.2)->(0,30,3.81421)->(0,29,5.13205)->(0,28,5.81421)->(0,27,6.38205)->(0,26,6.9)->(0,25,7.4)->(0,24,7.9)->(0,23,8.4)->(0,22,8.9)->(0,21,9.4)->(0,20,9.9)->(0,19,10.4)->(0,18,10.9)->(0,17,11.4)->(0,16,11.9)->(0,15,12.4)->(0,14,12.9)->(0,13,13.4)->(0,12,13.9)->(0,11,14.4)->(0,10,14.9)->(0,9,15.4)->(0,8,15.9)->(0,7,16.4)->(0,6,16.9179)->(0,5,17.4858)->(0,4,18.1679)->(0,3,19.4858)->(0,2,21.7)->(1,2,23.9142)->(2,2,25.2321)->(3,2,25.9142)->(4,2,26.4821)->(5,2,27)->(6,2,27.5)->(7,2,28)->(8,2,28.5)->(9,2,29)->(10,2,29.5)->(11,2,30)->(12,2,30.5)->(13,2,31)->(14,2,31.5)->(15,2,32)->(16,2,32.5)->(17,2,33)->(18,2,33.5)->(19,2,34)->(20,2,34.5)->(21,2,35)->(22,2,35.5)->(23,2,36)->(24,2,36.5)->(25,2,37)->(26,2,37.5179)->(27,2,38.0858)->(28,2,38.7679)->(29,2,40.0858)->(30,2,5019.75)->
Agent 10:(17,28,1.8)->(18,28,3.01421)->(19,28,4.33205)->(20,28,5.01421)->(21,28,5.58205)->(22,28,6.11795)->(23,28,6.68579)->(24,28,7.36795)->(25,28,8.68579)->(26,28,10.9)->(26,27,13.1142)->(26,26,14.4321)->(26,25,15.1142)->(26,24,15.6821)->(26,23,16.2)->(26,22,16.7)->(26,21,17.2)->(26,20,17.7)->(26,19,18.2)->(26,18,18.7)->(26,17,19.2)->(26,16,19.7)->(26,15,20.2)->(26,14,20.7)->(26,13,21.2)->(26,12,21.7)->(26,11,22.2179)->(26,10,22.7858)->(26,9,23.4679)->(26,8,24.7858)->(26,7,5012.1)->
Agent 11:(7,29,1.8)->(6,29,3.01421)->(5,29,4.42843)->(4,29,5.84264)->(3,29,8.05685)->(3,28,10.2711)->(3,27,11.5889)->(3,26,12.2711)->(3,25,12.8389)->(3,24,13.3569)->(3,23,13.8569)->(3,22,14.3569)->(3,21,14.8569)->(3,20,15.3569)->(3,19,15.8569)->(3,18,16.3569)->(3,17,16.8569)->(3,16,17.3569)->(3,15,17.8569)->(3,14,18.3569)->(3,13,18.8569)->(3,12,19.3569)->(3,11,19.8569)->(3,10,20.3748)->(3,9,20.9426)->(3,8,21.6248)->(3,7,22.9426)->(3,6,5011.18)->
Agent 12:(24,21,2.2)->(24,20,3.84949)->(24,19,5.84949)->(24,18,12.2495)->(25,18,19.2)->(26,18,5009.6)->
Agent 13:(15,29,2.2)->(15,28,3.81421)->(15,27,5.13205)->(15,26,5.81421)->(15,25,6.4)->(15,24,6.98579)->(15,23,7.66795)->(15,22,8.98579)->(15,21,12)->(14,21,15.0142)->(13,21,16.3321)->(12,21,17.0142)->(11,21,17.5821)->(10,21,18.1)->(9,21,18.6)->(8,21,19.1)->(7,21,19.6)->(6,21,20.1)->(5,21,20.6)->(4,21,21.1179)->(3,21,21.6858)->(2,21,22.3679)->(1,21,23.6858)->(0,21,5011.55)->
Agent 14:(16,11,1.3)->(16,12,2.01421)->(16,13,3.34806)->(16,14,4.17649)->(16,15,5.51034)->(16,16,8.1407)->(15,16,10.7711)->(14,16,12.0889)->(13,16,12.7711)->(12,16,13.3389)->(11,16,13.8569)->(10,16,14.3569)->(9,16,14.8569)->(8,16,15.3569)->(7,16,15.8748)->(6,16,16.4426)->(5,16,17.1248)->(4,16,18.4426)->(3,16,5008.93)->
Agent 15:(16,20,1.3)->(16,21,2.01421)->(16,22,3.33205)->(16,23,4.02382)->(16,24,4.65949)->(16,25,5.35126)->(16,26,6.6691)->(16,27,8.88331)->(17,27,11.0975)->(18,27,12.4314)->(19,27,13.2598)->(20,27,14.5937)->(21,27,17.2221)->(21,26,21.7681)->(21,27,5011.55)->
Agent 16:(27,29,2.2)->(27,28,3.81421)->(27,27,5.13205)->(27,26,5.81421)->(27,25,6.38205)->(27,24,6.9)->(27,23,7.4)->(27,22,7.9)->(27,21,8.4)->(27,20,8.9)->(27,19,9.4)->(27,18,9.9)->(27,17,10.4)->(27,16,10.9)->(27,15,11.4)->(27,14,11.9)->(27,13,12.4)->(27,12,12.9179)->(27,11,13.4858)->(27,10,14.1679)->(27,9,15.4858)->(27,8,17.7)->(26,8,19.9142)->(25,8,21.2321)->(24,8,21.9238)->(23,8,22.5595)->(22,8,23.2513)->(21,8,24.5691)->(20,8,5011.99)->
Agent 17:(30,10,1.3)->(30,11,2.01421)->(30,12,3.33205)->(30,13,4.01421)->(30,14,4.58205)->(30,15,5.1)->(30,16,5.6)->(30,17,6.1)->(30,18,6.6)->(30,19,7.1)->(30,20,7.6)->(30,21,8.11795)->(30,22,8.68579)->(30,23,9.36795)->(30,24,10.6858)->(30,25,15.1142)->(29,25,19.5426)->(28,25,20.8605)->(27,25,21.5426)->(26,25,22.1105)->(25,25,22.6284)->(24,25,23.1284)->(23,25,23.6284)->(22,25,24.1284)->(21,25,24.6284)->(20,25,25.1284)->(19,25,25.6284)->(18,25,26.1284)->(17,25,26.6284)->(16,25,27.1284)->(15,25,27.6284)->(14,25,28.1284)->(13,25,28.6284)->(12,25,29.1284)->(11,25,29.6464)->(10,25,30.2142)->(9,25,30.8964)->(8,25,32.2142)->(7,25,5015.81)->
Agent 18:(20,7,1.3)->(20,8,2.01421)->(20,9,3.33205)->(20,10,4.01421)->(20,11,4.58205)->(20,12,5.1)->(20,13,5.6)->(20,14,6.1)->(20,15,6.6)->(20,16,7.1)->(20,17,7.6)->(20,18,8.1)->(20,19,8.6)->(20,20,9.1)->(20,21,9.61795)->(20,22,10.1858)->(20,23,10.8679)->(20,24,12.1858)->(20,25,14.4)->(21,25,17.2)->(22,25,20.4142)->(22,26,5010.4)->
Agent 19:(4,5,1.8)->(5,5,3.6)->(6,5,6.4)->(6,6,8.61421)->(6,7,9.93205)->(6,8,10.6142)->(6,9,11.2)->(6,10,11.7858)->(6,11,12.4679)->(6,12,13.7858)->(6,13,5006.6)->
