Agent 0:(23,16,1.85)->(22,16,3.11421)->(21,16,4.43205)->(20,16,5.11421)->(19,16,5.68205)->(18,16,6.2)->(17,16,6.7)->(16,16,7.2)->(15,16,7.7)->(14,16,8.2)->(13,16,8.7)->(12,16,9.21795)->(11,16,9.78579)->(10,16,10.4679)->(9,16,11.7858)->(8,16,5005.6)->
Agent 1:(14,0,1.3)->(14,1,2.01421)->(14,2,3.33205)->(14,3,4.0641)->(14,4,4.79615)->(14,5,6.11399)->(14,6,14.5337)->(15,6,22.9535)->(16,6,24.3677)->(17,6,25.7819)->(18,6,5012.6)->
Agent 2:(11,10,1.8)->(12,10,3.01421)->(13,10,4.33205)->(14,10,5.01421)->(15,10,5.58205)->(16,10,6.1)->(17,10,6.6)->(18,10,7.1)->(19,10,7.6)->(20,10,8.1)->(21,10,8.6)->(22,10,9.11795)->(23,10,9.68579)->(24,10,10.3679)->(25,10,11.6858)->(26,10,16.65)->(25,10,21.6142)->(24,10,22.9321)->(23,10,23.6142)->(22,10,24.1821)->(21,10,24.7)->(20,10,25.2)->(19,10,25.7)->(18,10,26.2)->(17,10,26.7)->(16,10,27.2)->(15,10,27.7)->(14,10,28.2)->(13,10,28.7)->(12,10,29.2)->(11,10,29.7179)->(10,10,30.2858)->(9,10,30.9679)->(8,10,32.2858)->(7,10,34.5)->(7,11,36.7142)->(7,12,38.0321)->(7,13,38.7142)->(7,14,39.2821)->(7,15,39.8)->(7,16,40.3)->(7,17,40.8)->(7,18,41.3)->(7,19,41.8)->(7,20,42.3)->(7,21,42.8)->(7,22,43.3)->(7,23,43.8179)->(7,24,44.3858)->(7,25,45.0679)->(7,26,46.3858)->(7,27,5022.9)->
Agent 3:(3,15,2.2)->(3,14,3.81421)->(3,13,5.13205)->(3,12,5.8641)->(3,11,6.59615)->(3,10,7.91399)->(3,9,10.1282)->(2,9,12.9282)->(1,9,5006.46)->
Agent 4:(11,7,2.1)->(11,8,3.61421)->(11,9,4.93205)->(11,10,5.61421)->(11,11,6.18205)->(11,12,6.7)->(11,13,7.2)->(11,14,7.7)->(11,15,8.2)->(11,16,8.7)->(11,17,9.2)->(11,18,9.7)->(11,19,10.2)->(11,20,10.7)->(11,21,11.2)->(11,22,11.7)->(11,23,12.2)->(11,24,12.7)->(11,25,13.2)->(11,26,13.7)->(11,27,14.2179)->(11,28,14.7858)->(11,29,15.4679)->(11,30,16.7858)->(11,31,19)->(12,31,21.2142)->(13,31,22.5321)->(14,31,23.2142)->(15,31,23.7821)->(16,31,24.3)->(17,31,24.8)->(18,31,25.3179)->(19,31,25.8858)->(20,31,26.5679)->(21,31,27.8858)->(22,31,5013.65)->
Agent 5:(12,22,2.2)->(12,21,3.81421)->(12,20,5.13205)->(12,19,5.81421)->(12,18,6.38205)->(12,17,6.9)->(12,16,7.4)->(12,15,7.9)->(12,14,8.4)->(12,13,8.9)->(12,12,9.4)->(12,11,9.9)->(12,10,10.4)->(12,9,10.9)->(12,8,11.4)->(12,7,11.9)->(12,6,12.4179)->(12,5,12.9858)->(12,4,13.6679)->(12,3,14.9858)->(12,2,17.2)->(13,2,19.4142)->(14,2,20.8284)->(15,2,22.2426)->(16,2,5010.83)->
Agent 6:(14,25,2.2)->(14,24,4.4)->(14,23,8.13579)->(13,23,11.2858)->(12,23,12.6036)->(11,23,13.2858)->(10,23,13.8536)->(9,23,14.3716)->(8,23,14.8716)->(7,23,15.3716)->(6,23,15.8716)->(5,23,16.3895)->(4,23,16.9574)->(3,23,17.6395)->(2,23,18.9574)->(1,23,5009.19)->
Agent 7:(15,28,2.2)->(15,27,3.81421)->(15,26,5.22843)->(15,25,6.64264)->(15,24,8.89638)->(14,24,11.1501)->(13,24,12.4679)->(12,24,13.1501)->(11,24,13.7179)->(10,24,14.2359)->(9,24,14.7538)->(8,24,15.3217)->(7,24,16.0038)->(6,24,17.3217)->(5,24,5008.37)->
Agent 8:(18,24,1.3)->(18,25,2.01421)->(18,26,3.42843)->(18,27,4.84264)->(18,28,7.22843)->(17,28,9.61421)->(16,28,10.9321)->(15,28,11.6142)->(14,28,12.1821)->(13,28,12.7)->(12,28,13.2)->(11,28,13.7)->(10,28,14.2)->(9,28,14.7)->(8,28,15.2)->(7,28,15.7)->(6,28,16.2)->(5,28,16.7179)->(4,28,17.2858)->(3,28,17.9679)->(2,28,19.2858)->(1,28,5009.35)->
Agent 9:(3,10,1.8)->(4,10,3.01421)->(5,10,4.33205)->(6,10,5.01421)->(7,10,5.58205)->(8,10,6.1)->(9,10,6.6)->(10,10,7.1)->(11,10,7.6)->(12,10,8.1)->(13,10,8.6)->(14,10,9.1)->(15,10,9.6)->(16,10,10.1)->(17,10,10.6)->(18,10,11.1)->(19,10,11.6)->(20,10,12.1)->(21,10,12.6179)->(22,10,13.1858)->(23,10,13.8679)->(24,10,15.1858)->(25,10,17.4)->(25,11,19.6495)->(25,12,21.6495)->(25,13,5010.55)->
Agent 10:(17,23,7.6)->(16,23,14.6142)->(15,23,15.9321)->(14,23,16.6142)->(13,23,17.2)->(12,23,17.7858)->(11,23,18.4679)->(10,23,19.7858)->(9,23,5009.6)->
Agent 11:(16,11,1.3)->(16,12,2.01421)->(16,13,3.33205)->(16,14,4.01421)->(16,15,4.58205)->(16,16,5.1)->(16,17,5.61795)->(16,18,6.18579)->(16,19,6.86795)->(16,20,8.18579)->(16,21,10.4)->(17,21,12.6142)->(18,21,13.9481)->(19,21,14.7765)->(20,21,16.1103)->(21,21,5007.76)->
Agent 12:(18,27,1.3)->(18,28,2.04949)->(18,29,4.04949)->(18,30,7.09755)->(18,29,10.1103)->(18,28,11.4282)->(18,27,12.1103)->(18,26,12.6782)->(18,25,13.1961)->(18,24,13.6961)->(18,23,14.1961)->(18,22,14.6961)->(18,21,15.1961)->(18,20,15.6961)->(18,19,16.1961)->(18,18,16.6961)->(18,17,17.1961)->(18,16,17.6961)->(18,15,18.1961)->(18,14,18.6961)->(18,13,19.1961)->(18,12,19.6961)->(18,11,20.1961)->(18,10,20.6961)->(18,9,21.2141)->(18,8,21.7819)->(18,7,22.4641)->(18,6,23.7819)->(18,5,25.9961)->(17,5,28.2103)->(16,5,29.5282)->(15,5,30.2602)->(14,5,30.9923)->(13,5,32.3101)->(12,5,5015.86)->
Agent 13:(8,29,2.2)->(8,28,3.81421)->(8,27,5.13205)->(8,26,5.81421)->(8,25,6.38205)->(8,24,6.9)->(8,23,7.41795)->(8,22,7.98579)->(8,21,8.66795)->(8,20,9.98579)->(8,19,12.2)->(9,19,14.4142)->(10,19,15.7321)->(11,19,16.4142)->(12,19,16.9821)->(13,19,17.5)->(14,19,18)->(15,19,18.5)->(16,19,19)->(17,19,19.5)->(18,19,20)->(19,19,20.5)->(20,19,21)->(21,19,21.5)->(22,19,22)->(23,19,22.5)->(24,19,23)->(25,19,23.5179)->(26,19,24.0858)->(27,19,24.7679)->(28,19,26.0858)->(29,19,5012.75)->
Agent 14:(25,22,1.3)->(25,23,2.01421)->(25,24,3.33205)->(25,25,4.01421)->(25,26,4.6)->(25,27,5.18579)->(25,28,5.86795)->(25,29,7.18579)->(25,30,9.4)->(24,30,12.2)->(23,30,5006.1)->
Agent 15:(10,23,2.2)->(10,22,3.81421)->(10,21,5.13205)->(10,20,5.8641)->(10,19,6.59615)->(10,18,7.91399)->(10,17,10.6764)->(11,17,13.4388)->(12,17,14.7566)->(13,17,15.4388)->(14,17,16.0066)->(15,17,16.5425)->(16,17,17.1103)->(17,17,17.7925)->(18,17,19.1103)->(19,17,5009.26)->
Agent 16:(24,0,1.3)->(24,1,2.01421)->(24,2,3.33205)->(24,3,4.01421)->(24,4,4.58205)->(24,5,5.1)->(24,6,5.6)->(24,7,6.1)->(24,8,6.6)->(24,9,7.1)->(24,10,7.61795)->(24,11,8.18579)->(24,12,8.86795)->(24,13,10.1858)->(24,14,13.1481)->(23,14,16.1103)->(22,14,17.4282)->(21,14,18.1103)->(20,14,18.6782)->(19,14,19.1961)->(18,14,19.6961)->(17,14,20.1961)->(16,14,20.6961)->(15,14,21.1961)->(14,14,21.6961)->(13,14,22.1961)->(12,14,22.6961)->(11,14,23.1961)->(10,14,23.6961)->(9,14,24.1961)->(8,14,24.6961)->(7,14,25.1961)->(6,14,25.6961)->(5,14,26.2141)->(4,14,26.7819)->(3,14,27.4641)->(2,14,28.7819)->(1,14,5014.1)->
Agent 17:(2,2,1.8)->(3,2,3.01421)->(4,2,4.33205)->(5,2,5.01421)->(6,2,5.58205)->(7,2,6.1)->(8,2,6.6)->(9,2,7.1)->(10,2,7.6)->(11,2,8.1)->(12,2,8.6)->(13,2,9.1)->(14,2,9.6)->(15,2,10.1)->(16,2,10.6)->(17,2,11.1)->(18,2,11.6)->(19,2,12.1)->(20,2,12.6)->(21,2,13.1)->(22,2,13.6)->(23,2,14.1)->(24,2,14.6)->(25,2,15.1179)->(26,2,15.6858)->(27,2,16.3679)->(28,2,17.6858)->(29,2,19.9)->(29,3,22.1495)->(29,4,24.1495)->(29,5,5011.8)->
Agent 18:(8,10,1.3)->(8,11,2.01421)->(8,12,3.34806)->(8,13,4.17649)->(8,14,5.51034)->(8,15,7.72456)->(9,15,9.93877)->(10,15,11.2566)->(11,15,11.9388)->(12,15,12.5066)->(13,15,13.0246)->(14,15,13.5246)->(15,15,14.0246)->(16,15,14.5246)->(17,15,15.0246)->(18,15,15.5246)->(19,15,16.0246)->(20,15,16.5246)->(21,15,17.0246)->(22,15,17.5246)->(23,15,18.0246)->(24,15,18.5246)->(25,15,19.0246)->(26,15,19.5246)->(27,15,20.0425)->(28,15,20.6103)->(29,15,21.2925)->(30,15,22.6103)->(31,15,5011.01)->
Agent 19:(16,31,4.1)->(16,30,7.61421)->(16,29,8.93205)->(16,28,9.61421)->(16,27,10.1821)->(16,26,10.7)->(16,25,11.2179)->(16,24,11.7858)->(16,23,12.4679)->(16,22,13.7858)->(16,21,16.4142)->(15,21,5008.4)->
