Agent 0:(11,17,1.3)->(11,18,2.01421)->(11,19,3.33205)->(11,20,4.01421)->(11,21,4.58205)->(11,22,5.1)->(11,23,5.6)->(11,24,6.11795)->(11,25,6.68579)->(11,26,7.36795)->(11,27,8.68579)->(11,28,10.9)->(12,28,13.1142)->(13,28,14.4321)->(14,28,15.1142)->(15,28,15.6821)->(16,28,16.2)->(17,28,16.7)->(18,28,17.2)->(19,28,17.7)->(20,28,18.2)->(21,28,18.7)->(22,28,19.2)->(23,28,19.7)->(24,28,20.2)->(25,28,20.7)->(26,28,21.2179)->(27,28,21.7858)->(28,28,22.4679)->(29,28,23.7858)->(30,28,5011.6)->
Agent 1:(26,29,2.2)->(26,28,3.81421)->(26,27,5.13205)->(26,26,5.81421)->(26,25,6.38205)->(26,24,6.9)->(26,23,7.4)->(26,22,7.9)->(26,21,8.4)->(26,20,8.9)->(26,19,9.4)->(26,18,9.9)->(26,17,10.4)->(26,16,10.9)->(26,15,11.4)->(26,14,11.9)->(26,13,12.4)->(26,12,12.9)->(26,11,13.4)->(26,10,13.9)->(26,9,14.4)->(26,8,14.9)->(26,7,15.4179)->(26,6,15.9858)->(26,5,16.6679)->(26,4,17.9858)->(26,3,20.2)->(25,3,22.4142)->(24,3,23.7321)->(23,3,24.4142)->(22,3,24.9821)->(21,3,25.5)->(20,3,26)->(19,3,26.5)->(18,3,27)->(17,3,27.5)->(16,3,28)->(15,3,28.5)->(14,3,29)->(13,3,29.5)->(12,3,30)->(11,3,30.5)->(10,3,31)->(9,3,31.5)->(8,3,32)->(7,3,32.5)->(6,3,33.0179)->(5,3,33.5858)->(4,3,34.2679)->(3,3,35.5858)->(2,3,5017.5)->
Agent 2:(4,6,1.3)->(4,7,2.01421)->(4,8,3.42843)->(4,9,4.84264)->(4,10,7.59253)->(5,10,10.3424)->(6,10,11.6603)->(7,10,12.3424)->(8,10,12.9103)->(9,10,13.4282)->(10,10,13.9282)->(11,10,14.4282)->(12,10,14.9282)->(13,10,15.4282)->(14,10,15.9282)->(15,10,16.4282)->(16,10,16.9282)->(17,10,17.4462)->(18,10,18.014)->(19,10,18.6962)->(20,10,20.014)->(21,10,5009.71)->
Agent 3:(7,11,1.3)->(7,12,2.01421)->(7,13,3.33205)->(7,14,4.0641)->(7,15,4.79615)->(7,16,6.11399)->(7,17,8.3282)->(6,17,10.5424)->(5,17,11.8603)->(4,17,12.5923)->(3,17,13.3244)->(2,17,14.6422)->(1,17,5007.03)->
Agent 4:(17,21,2.2)->(17,20,3.81421)->(17,19,5.13205)->(17,18,5.8641)->(17,17,6.59615)->(17,16,7.91399)->(17,15,10.1282)->(16,15,12.3424)->(15,15,13.6603)->(14,15,14.3424)->(13,15,14.9103)->(12,15,15.4282)->(11,15,15.9282)->(10,15,16.4282)->(9,15,16.9282)->(8,15,17.4282)->(7,15,17.9282)->(6,15,18.4282)->(5,15,18.9282)->(4,15,19.4462)->(3,15,20.014)->(2,15,20.6962)->(1,15,22.014)->(0,15,5010.71)->
Agent 5:(23,15,1.3)->(23,16,2.01421)->(23,17,3.33205)->(23,18,4.02382)->(23,19,4.65949)->(23,20,5.35126)->(23,21,6.6691)->(23,22,8.88331)->(22,22,11.0975)->(21,22,12.4154)->(20,22,13.0975)->(19,22,13.6654)->(18,22,14.1833)->(17,22,14.6833)->(16,22,15.1833)->(15,22,15.6833)->(14,22,16.1833)->(13,22,16.6833)->(12,22,17.2013)->(11,22,17.7691)->(10,22,18.4513)->(9,22,19.7691)->(8,22,5009.59)->
Agent 6:(17,30,2.9641)->(17,29,5.34242)->(17,28,6.66025)->(17,27,7.34242)->(17,26,7.91025)->(17,25,8.4282)->(17,24,8.9282)->(17,23,9.4282)->(17,22,9.9282)->(17,21,10.4282)->(17,20,10.9282)->(17,19,11.4282)->(17,18,11.9282)->(17,17,12.4282)->(17,16,12.9282)->(17,15,13.4282)->(17,14,13.9282)->(17,13,14.4282)->(17,12,14.9462)->(17,11,15.514)->(17,10,16.1962)->(17,9,17.514)->(17,8,19.7282)->(16,8,21.9424)->(15,8,23.2603)->(14,8,23.9424)->(13,8,24.5103)->(12,8,25.0282)->(11,8,25.5282)->(10,8,26.0282)->(9,8,26.5282)->(8,8,27.0462)->(7,8,27.614)->(6,8,28.2962)->(5,8,29.614)->(4,8,5014.51)->
Agent 7:(14,1,2.61421)->(14,0,5.61421)->(15,0,8.24264)->(16,0,9.56048)->(17,0,10.2426)->(18,0,10.8105)->(19,0,11.3284)->(20,0,11.8284)->(21,0,12.3284)->(22,0,12.8284)->(23,0,13.3284)->(24,0,13.8284)->(25,0,14.3284)->(26,0,14.8284)->(27,0,15.3464)->(28,0,15.9142)->(29,0,16.5964)->(30,0,17.9142)->(31,0,5008.66)->
Agent 8:(31,29,2.2)->(31,28,3.81421)->(31,27,5.14806)->(31,26,5.97649)->(31,25,7.31034)->(31,24,9.52456)->(30,24,11.7388)->(29,24,13.0566)->(28,24,13.7388)->(27,24,14.3066)->(26,24,14.8246)->(25,24,15.3246)->(24,24,15.8246)->(23,24,16.3246)->(22,24,16.8246)->(21,24,17.3246)->(20,24,17.8246)->(19,24,18.3246)->(18,24,18.8246)->(17,24,19.3246)->(16,24,19.8246)->(15,24,20.3246)->(14,24,20.8425)->(13,24,21.4103)->(12,24,22.0925)->(11,24,23.4103)->(10,24,5011.41)->
Agent 9:(25,16,2.2)->(25,15,3.81421)->(25,14,5.13205)->(25,13,5.81421)->(25,12,6.38205)->(25,11,6.9)->(25,10,7.4)->(25,9,7.91795)->(25,8,8.48579)->(25,7,9.16795)->(25,6,10.4858)->(25,5,14.65)->(26,5,18.8495)->(27,5,20.8495)->(28,5,5010.15)->
Agent 10:(31,19,1.3)->(31,20,2.04949)->(31,21,4.04949)->(31,22,6.29898)->(30,22,8.51319)->(29,22,9.83103)->(28,22,10.5631)->(27,22,11.2951)->(26,22,12.613)->(25,22,5006.01)->
Agent 11:(29,26,1.3)->(29,27,2.01421)->(29,28,3.34806)->(29,29,4.17649)->(29,30,5.51034)->(29,31,5002.46)->
Agent 12:(7,25,3.5641)->(7,24,6.54242)->(7,23,7.86025)->(7,22,8.54242)->(7,21,9.1282)->(7,20,9.71399)->(7,19,10.3962)->(7,18,11.714)->(7,17,13.9282)->(8,17,16.1424)->(9,17,17.4603)->(10,17,18.152)->(11,17,18.7877)->(12,17,19.4795)->(13,17,20.7973)->(14,17,5010.11)->
Agent 13:(28,10,1.3)->(28,11,2.04949)->(28,12,4.04949)->(28,13,6.71359)->(27,13,9.34242)->(26,13,10.6603)->(25,13,11.3424)->(24,13,11.9103)->(23,13,12.4282)->(22,13,12.9282)->(21,13,13.4282)->(20,13,13.9282)->(19,13,14.4282)->(18,13,14.9282)->(17,13,15.4282)->(16,13,15.9282)->(15,13,16.4282)->(14,13,16.9282)->(13,13,17.4282)->(12,13,17.9282)->(11,13,18.4282)->(10,13,18.9282)->(9,13,19.4282)->(8,13,19.9282)->(7,13,20.4282)->(6,13,20.9282)->(5,13,21.4462)->(4,13,22.014)->(3,13,22.6962)->(2,13,24.014)->(1,13,5011.71)->
Agent 14:(4,10,1.3)->(4,11,2.01421)->(4,12,3.33205)->(4,13,4.01421)->(4,14,4.58205)->(4,15,5.1)->(4,16,5.6)->(4,17,6.1)->(4,18,6.6)->(4,19,7.1)->(4,20,7.6)->(4,21,8.1)->(4,22,8.6)->(4,23,9.1)->(4,24,9.6)->(4,25,10.1179)->(4,26,10.6858)->(4,27,11.3679)->(4,28,12.6858)->(4,29,14.9)->(5,29,17.1142)->(6,29,18.4321)->(7,29,19.1142)->(8,29,19.6821)->(9,29,20.2)->(10,29,20.7)->(11,29,21.2)->(12,29,21.7)->(13,29,22.2)->(14,29,22.7)->(15,29,23.2179)->(16,29,23.7858)->(17,29,24.4679)->(18,29,25.7858)->(19,29,5012.6)->
Agent 15:(22,15,2.2)->(22,14,3.81421)->(22,13,5.13205)->(22,12,5.81421)->(22,11,6.4)->(22,10,6.98579)->(22,9,7.66795)->(22,8,8.98579)->(22,7,11.2)->(21,7,13.4142)->(20,7,14.7321)->(19,7,15.4142)->(18,7,15.9821)->(17,7,16.5)->(16,7,17)->(15,7,17.5)->(14,7,18)->(13,7,18.5)->(12,7,19.0179)->(11,7,19.5858)->(10,7,20.2679)->(9,7,21.5858)->(8,7,5010.5)->
Agent 16:(31,31,2.2)->(31,30,3.81421)->(31,29,5.14806)->(31,28,5.97649)->(31,27,7.31034)->(31,26,10.0246)->(30,26,12.7388)->(29,26,14.0566)->(28,26,14.7388)->(27,26,15.3066)->(26,26,15.8246)->(25,26,16.3246)->(24,26,16.8246)->(23,26,17.3425)->(22,26,17.9103)->(21,26,18.5925)->(20,26,19.9103)->(19,26,5009.66)->
Agent 17:(15,26,1.8)->(16,26,3.01421)->(17,26,4.33205)->(18,26,5.01421)->(19,26,5.58205)->(20,26,6.1)->(21,26,6.61795)->(22,26,7.18579)->(23,26,7.86795)->(24,26,9.18579)->(25,26,12.2123)->(25,25,15.8246)->(25,24,5007.91)->
Agent 18:(24,21,2.2)->(24,20,3.81421)->(24,19,5.13205)->(24,18,5.81421)->(24,17,6.38205)->(24,16,6.9)->(24,15,7.4)->(24,14,7.9)->(24,13,8.4)->(24,12,8.9)->(24,11,9.4)->(24,10,9.9)->(24,9,10.4)->(24,8,10.9)->(24,7,11.4)->(24,6,11.9179)->(24,5,12.4858)->(24,4,13.1679)->(24,3,14.4858)->(24,2,16.7)->(23,2,18.9142)->(22,2,20.2321)->(21,2,20.9641)->(20,2,21.6962)->(19,2,23.014)->(18,2,5011.21)->
Agent 19:(18,6,1.3)->(18,7,2.01421)->(18,8,3.33205)->(18,9,4.01421)->(18,10,4.58205)->(18,11,5.1)->(18,12,5.6)->(18,13,6.1)->(18,14,6.6)->(18,15,7.1)->(18,16,7.6)->(18,17,8.1)->(18,18,8.6)->(18,19,9.11795)->(18,20,9.68579)->(18,21,10.3679)->(18,22,11.6858)->(18,23,13.9)->(19,23,16.1142)->(20,23,17.4321)->(21,23,18.1142)->(22,23,18.6821)->(23,23,19.2)->(24,23,19.7)->(25,23,20.2)->(26,23,20.7)->(27,23,21.2179)->(28,23,21.7858)->(29,23,22.4679)->(30,23,23.7858)->(31,23,5011.6)->
