Agent 0:(1,0,2.4142)->(1,1,4.24261)->(1,2,5.56045)->(1,3,6.24261)->(1,4,6.81045)->(1,5,7.3284)->(1,6,7.8284)->(1,7,8.3284)->(1,8,8.8284)->(1,9,9.3284)->(1,10,9.8284)->(1,11,10.3284)->(1,12,10.8284)->(1,13,11.3284)->(1,14,11.8284)->(1,15,12.3284)->(1,16,12.8284)->(1,17,13.3284)->(1,18,13.8284)->(1,19,14.3284)->(1,20,14.8284)->(1,21,15.3284)->(1,22,15.8463)->(1,23,16.4142)->(1,24,17.0963)->(1,25,18.4142)->(1,26,20.6284)->(2,26,22.8426)->(3,26,24.1605)->(4,26,24.8426)->(5,26,25.4105)->(6,26,25.9284)->(7,26,26.4284)->(8,26,26.9284)->(9,26,27.4284)->(10,26,27.9284)->(11,26,28.4284)->(12,26,28.9284)->(13,26,29.4284)->(14,26,29.9284)->(15,26,30.4284)->(16,26,30.9284)->(17,26,31.4284)->(18,26,31.9284)->(19,26,32.4284)->(20,26,32.9463)->(21,26,33.5142)->(22,26,34.1963)->(23,26,35.5142)->(24,26,5017.46)->
Agent 1:(20,14,1.3)->(20,15,2.01421)->(20,16,3.34806)->(20,17,4.17649)->(20,18,5.51034)->(20,19,7.72456)->(19,19,9.93877)->(18,19,11.2566)->(17,19,11.9388)->(16,19,12.5066)->(15,19,13.0246)->(14,19,13.5246)->(13,19,14.0246)->(12,19,14.5246)->(11,19,15.0246)->(10,19,15.5246)->(9,19,16.0246)->(8,19,16.5246)->(7,19,17.0425)->(6,19,17.6103)->(5,19,18.2925)->(4,19,19.6103)->(3,19,5009.51)->
Agent 2:(31,31,2.2)->(31,30,3.81421)->(31,29,5.13205)->(31,28,5.81421)->(31,27,6.38205)->(31,26,6.9)->(31,25,7.4)->(31,24,7.9)->(31,23,8.4)->(31,22,8.9)->(31,21,9.4)->(31,20,9.9)->(31,19,10.4)->(31,18,10.9)->(31,17,11.4)->(31,16,11.9)->(31,15,12.4)->(31,14,12.9)->(31,13,13.4179)->(31,12,13.9858)->(31,11,14.6679)->(31,10,15.9858)->(31,9,18.2)->(30,9,20.4142)->(29,9,21.7321)->(28,9,22.4142)->(27,9,22.9821)->(26,9,23.5)->(25,9,24)->(24,9,24.5)->(23,9,25)->(22,9,25.5)->(21,9,26.0179)->(20,9,26.5858)->(19,9,27.2679)->(18,9,28.5858)->(17,9,5014)->
Agent 3:(13,20,1.3)->(13,21,2.01421)->(13,22,3.34806)->(13,23,4.17649)->(13,24,5.51034)->(13,25,7.72456)->(12,25,9.93877)->(11,25,11.2566)->(10,25,11.9388)->(9,25,12.5066)->(8,25,13.0246)->(7,25,13.5246)->(6,25,14.0425)->(5,25,14.6103)->(4,25,15.2925)->(3,25,16.6103)->(2,25,5008.01)->
Agent 4:(12,5,1.71421)->(12,6,3.81421)->(13,6,6.44264)->(14,6,7.77649)->(15,6,8.60492)->(16,6,9.93877)->(17,6,5004.68)->
Agent 5:(29,21,2.2)->(28,21,3.81421)->(27,21,5.13205)->(26,21,5.81421)->(25,21,6.38205)->(24,21,6.9)->(23,21,7.4)->(22,21,7.9)->(21,21,8.4)->(20,21,8.9)->(19,21,9.4)->(18,21,9.9)->(17,21,10.4)->(16,21,10.9)->(15,21,11.4)->(14,21,11.9)->(13,21,12.4)->(12,21,12.9)->(11,21,13.4179)->(10,21,13.9858)->(9,21,14.6679)->(8,21,15.9858)->(7,21,18.2)->(7,20,20.4142)->(7,19,21.7321)->(7,18,22.4238)->(7,17,23.0595)->(7,16,23.7513)->(7,15,25.0691)->(7,14,5012.24)->
Agent 6:(5,4,1.8)->(6,4,3.04949)->(7,4,5.04949)->(8,4,5002.25)->
Agent 7:(27,29,2.2)->(27,28,3.81421)->(27,27,5.13205)->(27,26,5.81421)->(27,25,6.38205)->(27,24,6.9)->(27,23,7.4)->(27,22,7.9)->(27,21,8.4)->(27,20,8.9)->(27,19,9.4)->(27,18,9.9)->(27,17,10.4)->(27,16,10.9)->(27,15,11.4)->(27,14,11.9)->(27,13,12.4)->(27,12,12.9179)->(27,11,13.4858)->(27,10,14.1679)->(27,9,15.4858)->(27,8,17.7)->(26,8,19.9142)->(25,8,21.2321)->(24,8,21.9142)->(23,8,22.4821)->(22,8,23)->(21,8,23.5)->(20,8,24)->(19,8,24.5)->(18,8,25)->(17,8,25.5179)->(16,8,26.0858)->(15,8,26.7679)->(14,8,28.0858)->(13,8,5013.75)->
Agent 8:(14,30,2.2)->(14,29,3.81421)->(14,28,5.13205)->(14,27,5.81421)->(14,26,6.38205)->(14,25,6.9)->(14,24,7.4)->(14,23,7.9)->(14,22,8.4)->(14,21,8.9)->(14,20,9.4)->(14,19,9.9)->(14,18,10.4179)->(14,17,10.9858)->(14,16,11.6679)->(14,15,12.9858)->(14,14,15.2)->(15,14,17.4142)->(16,14,18.7321)->(17,14,19.4142)->(18,14,19.9821)->(19,14,20.5)->(20,14,21)->(21,14,21.5)->(22,14,22)->(23,14,22.5)->(24,14,23)->(25,14,23.5)->(26,14,24)->(27,14,24.5179)->(28,14,25.0858)->(29,14,25.7679)->(30,14,27.0858)->(31,14,29.7142)->(31,15,5015.05)->
Agent 9:(24,24,2.2)->(24,23,3.81421)->(24,22,5.13205)->(24,21,5.81421)->(24,20,6.38205)->(24,19,6.91795)->(24,18,7.48579)->(24,17,8.16795)->(24,16,9.48579)->(24,15,13.8)->(23,15,18.1142)->(22,15,19.4321)->(21,15,20.1238)->(20,15,20.7595)->(19,15,21.4513)->(18,15,22.7691)->(17,15,5011.09)->
Agent 10:(25,10,2.2)->(25,9,3.81421)->(25,8,5.14806)->(25,7,5.97649)->(25,6,7.31034)->(25,5,9.52456)->(24,5,11.7388)->(23,5,13.0726)->(22,5,13.901)->(21,5,15.2349)->(20,5,5007.32)->
Agent 11:(16,11,1.3)->(16,12,2.01421)->(16,13,3.33205)->(16,14,4.01421)->(16,15,4.58205)->(16,16,5.1)->(16,17,5.6)->(16,18,6.1)->(16,19,6.6)->(16,20,7.1)->(16,21,7.61795)->(16,22,8.18579)->(16,23,8.86795)->(16,24,10.1858)->(16,25,12.4)->(17,25,14.6142)->(18,25,15.9321)->(19,25,16.6142)->(20,25,17.1821)->(21,25,17.7)->(22,25,18.2179)->(23,25,18.7858)->(24,25,19.4679)->(25,25,20.7858)->(26,25,5010.1)->
Agent 12:(7,31,2.2)->(7,30,3.81421)->(7,29,5.13205)->(7,28,5.81421)->(7,27,6.38205)->(7,26,6.9)->(7,25,7.4)->(7,24,7.91795)->(7,23,8.48579)->(7,22,9.16795)->(7,21,10.4858)->(7,20,12.7)->(6,20,15.5)->(5,20,5007.75)->
Agent 13:(29,16,1.3)->(29,17,2.6)->(29,18,6.5)->(28,18,9.81421)->(27,18,11.1321)->(26,18,11.8142)->(25,18,12.3821)->(24,18,12.9)->(23,18,13.4)->(22,18,13.9)->(21,18,14.4)->(20,18,14.9)->(19,18,15.4)->(18,18,15.9)->(17,18,16.4)->(16,18,16.9)->(15,18,17.4)->(14,18,17.9)->(13,18,18.4)->(12,18,18.9179)->(11,18,19.4858)->(10,18,20.1679)->(9,18,21.4858)->(8,18,5010.45)->
Agent 14:(9,30,2.2)->(9,29,3.81421)->(9,28,5.13205)->(9,27,5.81421)->(9,26,6.38205)->(9,25,6.9)->(9,24,7.4)->(9,23,7.9)->(9,22,8.4)->(9,21,8.9)->(9,20,9.4)->(9,19,9.9)->(9,18,10.4)->(9,17,10.9)->(9,16,11.4)->(9,15,11.9)->(9,14,12.4179)->(9,13,12.9858)->(9,12,13.6679)->(9,11,14.9858)->(9,10,17.2)->(10,10,19.4142)->(11,10,20.7321)->(12,10,21.4641)->(13,10,22.1962)->(14,10,23.514)->(15,10,5011.46)->
Agent 15:(0,1,1.3)->(0,2,2.01421)->(0,3,3.33205)->(0,4,4.01421)->(0,5,4.58205)->(0,6,5.1)->(0,7,5.6)->(0,8,6.1)->(0,9,6.6)->(0,10,7.1)->(0,11,7.6)->(0,12,8.1)->(0,13,8.6)->(0,14,9.1)->(0,15,9.6)->(0,16,10.1)->(0,17,10.6)->(0,18,11.1)->(0,19,11.6)->(0,20,12.1)->(0,21,12.6)->(0,22,13.1)->(0,23,13.6179)->(0,24,14.1858)->(0,25,14.8679)->(0,26,16.1858)->(0,27,21.5142)->(1,27,26.8426)->(2,27,28.1605)->(3,27,28.8426)->(4,27,29.4105)->(5,27,29.9284)->(6,27,30.4284)->(7,27,30.9284)->(8,27,31.4284)->(9,27,31.9284)->(10,27,32.4284)->(11,27,32.9284)->(12,27,33.4284)->(13,27,33.9463)->(14,27,34.5142)->(15,27,35.1963)->(16,27,36.5142)->(17,27,5017.96)->
Agent 16:(1,1,1.3)->(1,2,2.01421)->(1,3,3.33205)->(1,4,4.01421)->(1,5,4.58205)->(1,6,5.1)->(1,7,5.6)->(1,8,6.1)->(1,9,6.6)->(1,10,7.1)->(1,11,7.6)->(1,12,8.1)->(1,13,8.6)->(1,14,9.1)->(1,15,9.6)->(1,16,10.1)->(1,17,10.6)->(1,18,11.1)->(1,19,11.6)->(1,20,12.1)->(1,21,12.6)->(1,22,13.1)->(1,23,13.6179)->(1,24,14.1858)->(1,25,14.8679)->(1,26,16.1858)->(1,27,20.5142)->(1,26,24.8426)->(1,25,26.1605)->(1,24,26.8426)->(1,23,27.4105)->(1,22,27.9284)->(1,21,28.4284)->(1,20,28.9284)->(1,19,29.4284)->(1,18,29.9284)->(1,17,30.4284)->(1,16,30.9284)->(1,15,31.4284)->(1,14,31.9284)->(1,13,32.4284)->(1,12,32.9284)->(1,11,33.4284)->(1,10,33.9284)->(1,9,34.4284)->(1,8,34.9284)->(1,7,35.4463)->(1,6,36.0142)->(1,5,36.6963)->(1,4,38.0142)->(1,3,40.2284)->(2,3,42.4426)->(3,3,43.7605)->(4,3,44.4426)->(5,3,45.0105)->(6,3,45.5284)->(7,3,46.0284)->(8,3,46.5284)->(9,3,47.0284)->(10,3,47.5284)->(11,3,48.0284)->(12,3,48.5284)->(13,3,49.0463)->(14,3,49.6142)->(15,3,50.2963)->(16,3,51.6142)->(17,3,5025.51)->
Agent 17:(3,15,1.8)->(4,15,3.01421)->(5,15,4.33205)->(6,15,5.01421)->(7,15,5.58205)->(8,15,6.1)->(9,15,6.6)->(10,15,7.1)->(11,15,7.6)->(12,15,8.1)->(13,15,8.6)->(14,15,9.1)->(15,15,9.6)->(16,15,10.1)->(17,15,10.6)->(18,15,11.1179)->(19,15,11.6858)->(20,15,12.3679)->(21,15,13.6858)->(22,15,15.9)->(22,16,18.1495)->(22,17,20.1495)->(22,18,5009.8)->
Agent 18:(24,14,4.4907)->(24,13,8.39562)->(24,12,9.71346)->(24,11,10.3956)->(24,10,10.9635)->(24,9,11.4814)->(24,8,11.9994)->(24,7,12.5672)->(24,6,13.2494)->(24,5,14.5672)->(24,4,16.7814)->(25,4,18.9956)->(26,4,20.3135)->(27,4,21.0455)->(28,4,21.7776)->(29,4,23.0954)->(30,4,5011.25)->
Agent 19:(18,22,2.2)->(18,21,3.81421)->(18,20,5.13205)->(18,19,5.81421)->(18,18,6.38205)->(18,17,6.9)->(18,16,7.4)->(18,15,7.9)->(18,14,8.4)->(18,13,8.9)->(18,12,9.4)->(18,11,9.9)->(18,10,10.4)->(18,9,10.9)->(18,8,11.4)->(18,7,11.9179)->(18,6,12.4858)->(18,5,13.1679)->(18,4,14.4858)->(18,3,16.7)->(19,3,18.9142)->(20,3,20.2321)->(21,3,20.9142)->(22,3,21.5)->(23,3,22.0858)->(24,3,22.7679)->(25,3,24.0858)->(26,3,5011.75)->
