Agent 0:(19,8,3.58579)->(19,7,6.58579)->(19,6,8)->(19,5,9.41421)->(19,4,11.6284)->(18,4,13.8426)->(17,4,15.1605)->(16,4,15.8925)->(15,4,16.6246)->(14,4,17.9424)->(13,4,20.1566)->(13,5,22.3708)->(13,6,23.6887)->(13,7,24.3708)->(13,8,24.9566)->(13,9,25.5424)->(13,10,26.2246)->(13,11,27.5424)->(13,12,30.1708)->(12,12,44.0728)->(13,12,57.5889)->(14,12,5028.79)->
Agent 1:(24,2,1.8)->(23,2,3.01421)->(22,2,4.33205)->(21,2,5.01421)->(20,2,5.58205)->(19,2,6.1)->(18,2,6.6)->(17,2,7.1)->(16,2,7.61795)->(15,2,8.18579)->(14,2,8.86795)->(13,2,10.1858)->(12,2,12.8142)->(12,3,35.1085)->(13,3,57.0171)->(14,3,5028.51)->
Agent 2:(16,20,2.4142)->(16,21,4.24261)->(16,22,5.56045)->(16,23,6.2925)->(16,24,7.02455)->(16,25,8.34239)->(16,26,10.5566)->(17,26,13.3566)->(18,26,26.1822)->(17,26,39.0079)->(16,26,5019.5)->
Agent 3:(8,3,1.8)->(7,3,3.01421)->(6,3,4.42843)->(5,3,5.84264)->(4,3,8.05685)->(4,4,10.2711)->(4,5,11.5889)->(4,6,12.2711)->(4,7,12.8389)->(4,8,13.3569)->(4,9,13.8569)->(4,10,14.3748)->(4,11,14.9426)->(4,12,15.6248)->(4,13,16.9426)->(4,14,19.1569)->(5,14,21.3711)->(6,14,22.7049)->(7,14,23.5333)->(8,14,24.8672)->(9,14,27.0814)->(9,15,29.8814)->(9,16,32.6814)->(10,16,34.8956)->(11,16,36.3098)->(12,16,37.7241)->(13,16,39.9383)->(13,15,42.1525)->(13,14,43.4703)->(13,13,44.1525)->(13,12,44.7203)->(13,11,45.2383)->(13,10,45.7383)->(13,9,46.2383)->(13,8,46.7383)->(13,7,47.2562)->(13,6,47.8241)->(13,5,48.5062)->(13,4,49.8241)->(13,3,52.1277)->(14,3,54.4313)->(15,3,55.8455)->(16,3,57.2597)->(17,3,59.4739)->(17,4,61.6882)->(17,5,63.006)->(17,6,63.6882)->(17,7,64.256)->(17,8,64.7739)->(17,9,65.2739)->(17,10,65.7739)->(17,11,66.2739)->(17,12,66.7739)->(17,13,67.2739)->(17,14,67.7739)->(17,15,68.2739)->(17,16,68.7739)->(17,17,69.2739)->(17,18,69.7739)->(17,19,70.2739)->(17,20,70.7739)->(17,21,71.2739)->(17,22,71.7739)->(17,23,72.2919)->(17,24,72.8597)->(17,25,73.5419)->(17,26,74.8597)->(17,27,77.0739)->(16,27,79.2882)->(15,27,80.606)->(14,27,81.338)->(13,27,82.0701)->(12,27,83.3879)->(11,27,5041.4)->
Agent 4:(25,9,1.8)->(26,9,3.6)->(27,9,16.2642)->(27,8,28.9284)->(27,7,50.8144)->(27,8,72.7004)->(27,9,5036.35)->
Agent 5:(23,9,2.2)->(23,8,3.81421)->(23,7,5.13205)->(23,6,5.82382)->(23,5,6.45949)->(23,4,7.15126)->(23,3,8.4691)->(23,2,10.6833)->(22,2,12.8975)->(21,2,14.2154)->(20,2,14.8975)->(19,2,15.4654)->(18,2,15.9833)->(17,2,16.5013)->(16,2,17.0691)->(15,2,17.7513)->(14,2,19.0691)->(13,2,21.6975)->(13,1,37.4324)->(13,2,5024.98)->
Agent 6:(29,15,2.2)->(29,14,3.81421)->(29,13,5.22843)->(29,12,6.64264)->(29,11,8.85685)->(28,11,11.0711)->(27,11,12.3889)->(26,11,13.0807)->(25,11,13.7163)->(24,11,14.4081)->(23,11,15.726)->(22,11,5007.57)->
Agent 7:(28,6,2.2)->(27,6,3.81421)->(26,6,5.13205)->(25,6,5.82382)->(24,6,6.45949)->(23,6,7.15126)->(22,6,8.4691)->(21,6,10.6833)->(21,5,13.4833)->(21,4,16.2833)->(20,4,18.4975)->(19,4,19.8314)->(18,4,20.6598)->(17,4,21.9937)->(16,4,24.2079)->(16,5,26.4221)->(16,6,27.7399)->(16,7,28.4221)->(16,8,28.9899)->(16,9,29.5079)->(16,10,30.0079)->(16,11,30.5079)->(16,12,31.0079)->(16,13,31.5079)->(16,14,32.0079)->(16,15,32.5079)->(16,16,33.0079)->(16,17,33.5079)->(16,18,34.0079)->(16,19,34.5079)->(16,20,35.0079)->(16,21,35.5079)->(16,22,36.0079)->(16,23,36.5079)->(16,24,37.0258)->(16,25,37.5937)->(16,26,38.2758)->(16,27,39.5937)->(16,28,41.8079)->(15,28,44.0574)->(14,28,46.0574)->(13,28,5022.75)->
Agent 8:(13,10,2.2)->(13,9,3.81421)->(13,8,5.13205)->(13,7,5.82382)->(13,6,6.45949)->(13,5,7.15126)->(13,4,8.4691)->(13,3,10.6833)->(14,3,12.8975)->(15,3,14.2154)->(16,3,14.8975)->(17,3,15.4654)->(18,3,15.9833)->(19,3,16.4833)->(20,3,17.0013)->(21,3,17.5691)->(22,3,18.2513)->(23,3,19.5691)->(24,3,21.7833)->(24,4,23.9975)->(24,5,25.3154)->(24,6,26.0474)->(24,7,26.7795)->(24,8,28.0973)->(24,9,30.3115)->(25,9,32.5257)->(26,9,33.8436)->(27,9,34.5353)->(28,9,35.171)->(29,9,35.8628)->(30,9,37.1806)->(31,9,39.3948)->(31,10,41.609)->(31,11,42.9269)->(31,12,43.609)->(31,13,44.1769)->(31,14,44.6948)->(31,15,45.1948)->(31,16,45.6948)->(31,17,46.1948)->(31,18,46.6948)->(31,19,47.1948)->(31,20,47.6948)->(31,21,48.1948)->(31,22,48.6948)->(31,23,49.1948)->(31,24,49.6948)->(31,25,50.2128)->(31,26,50.7806)->(31,27,51.4628)->(31,28,52.7806)->(31,29,54.9948)->(30,29,57.209)->(29,29,58.5429)->(28,29,59.3713)->(27,29,60.7052)->(26,29,62.9194)->(26,30,65.7194)->(26,31,68.5194)->(25,31,70.7336)->(24,31,72.1478)->(23,31,73.562)->(22,31,75.7762)->(22,30,78.5762)->(22,29,5039.29)->
Agent 9:(28,27,2.16472)->(29,27,3.77894)->(30,27,5.77894)->(31,27,8.02843)->(31,26,10.2426)->(31,25,11.5605)->(31,24,12.2426)->(31,23,12.8105)->(31,22,13.3284)->(31,21,13.8284)->(31,20,14.3284)->(31,19,14.8284)->(31,18,15.3284)->(31,17,15.8284)->(31,16,16.3284)->(31,15,16.8284)->(31,14,17.3284)->(31,13,17.8284)->(31,12,18.3284)->(31,11,18.8464)->(31,10,19.4142)->(31,9,20.0964)->(31,8,21.4142)->(31,7,23.6284)->(30,7,25.8426)->(29,7,27.1605)->(28,7,27.8426)->(27,7,28.4105)->(26,7,28.9464)->(25,7,29.5142)->(24,7,30.1964)->(23,7,31.5142)->(22,7,33.7284)->(22,6,35.9426)->(22,5,37.2765)->(22,4,38.1049)->(22,3,39.4388)->(22,2,41.653)->(21,2,43.8672)->(20,2,45.185)->(19,2,45.8672)->(18,2,46.435)->(17,2,46.953)->(16,2,47.453)->(15,2,47.9709)->(14,2,48.5388)->(13,2,49.2209)->(12,2,50.5388)->(11,2,52.753)->(11,3,54.9672)->(11,4,56.285)->(11,5,56.9672)->(11,6,57.535)->(11,7,58.053)->(11,8,58.553)->(11,9,59.053)->(11,10,59.553)->(11,11,60.053)->(11,12,60.5709)->(11,13,61.1388)->(11,14,61.8209)->(11,15,63.1388)->(11,16,65.353)->(10,16,67.5672)->(9,16,68.901)->(8,16,69.7295)->(7,16,71.0633)->(6,16,73.2775)->(6,15,75.4918)->(6,14,76.8256)->(6,13,77.654)->(6,12,78.9879)->(6,11,81.2021)->(5,11,83.4163)->(4,11,84.7502)->(3,11,85.5786)->(2,11,86.9124)->(1,11,89.1266)->(1,10,91.9266)->(1,9,5045.96)->
Agent 10:(5,23,2.2)->(5,22,4.4)->(5,21,7.2)->(6,21,9.44949)->(7,21,11.4495)->(8,21,13.699)->(8,20,15.9132)->(8,19,17.247)->(8,18,18.0755)->(8,17,19.4093)->(8,16,21.6235)->(9,16,23.8377)->(10,16,25.1716)->(11,16,26)->(12,16,27.3339)->(13,16,29.5481)->(13,15,31.7623)->(13,14,33.0801)->(13,13,33.7623)->(13,12,34.3301)->(13,11,34.8481)->(13,10,35.3481)->(13,9,35.8481)->(13,8,36.3481)->(13,7,36.866)->(13,6,37.4339)->(13,5,38.116)->(13,4,39.4339)->(13,3,41.6481)->(14,3,43.8623)->(15,3,45.1801)->(16,3,45.8623)->(17,3,46.4301)->(18,3,46.9481)->(19,3,47.4481)->(20,3,47.966)->(21,3,48.5339)->(22,3,49.216)->(23,3,50.5339)->(24,3,52.7481)->(24,4,54.9976)->(24,5,56.9976)->(24,6,59.2471)->(25,6,61.4613)->(26,6,62.7791)->(27,6,63.4709)->(28,6,64.1066)->(29,6,64.7983)->(30,6,66.1162)->(31,6,68.3304)->(31,5,71.1304)->(31,4,5035.57)->
Agent 11:(3,13,1.8)->(4,13,3.01421)->(5,13,4.42843)->(6,13,5.84264)->(7,13,8.05685)->(7,14,10.2711)->(7,15,11.6853)->(7,16,13.0995)->(7,17,17.6686)->(8,17,22.2377)->(9,17,23.5556)->(10,17,24.2474)->(11,17,24.883)->(12,17,25.5748)->(13,17,26.8926)->(14,17,32.6299)->(14,16,38.3672)->(14,15,39.685)->(14,14,40.3672)->(14,13,40.935)->(14,12,41.453)->(14,11,41.953)->(14,10,42.453)->(14,9,42.953)->(14,8,43.453)->(14,7,43.9709)->(14,6,44.5388)->(14,5,45.2209)->(14,4,46.5388)->(14,3,48.753)->(15,3,50.9672)->(16,3,52.285)->(17,3,52.9672)->(18,3,53.535)->(19,3,54.053)->(20,3,54.5709)->(21,3,55.1388)->(22,3,55.8209)->(23,3,57.1388)->(24,3,59.353)->(24,4,61.5672)->(24,5,62.885)->(24,6,63.6171)->(24,7,64.3491)->(24,8,65.667)->(24,9,67.8812)->(25,9,70.0954)->(26,9,71.4132)->(27,9,72.105)->(28,9,72.7407)->(29,9,73.4324)->(30,9,74.7503)->(31,9,76.9645)->(31,10,79.1787)->(31,11,80.4966)->(31,12,81.1787)->(31,13,81.7466)->(31,14,82.2645)->(31,15,82.7645)->(31,16,83.2645)->(31,17,83.7645)->(31,18,84.2645)->(31,19,84.7645)->(31,20,85.2645)->(31,21,85.7645)->(31,22,86.2824)->(31,23,86.8503)->(31,24,87.5324)->(31,25,88.8503)->(31,26,91.0645)->(30,26,93.314)->(29,26,95.314)->(28,26,97.5635)->(28,25,99.7777)->(28,24,101.096)->(28,23,101.778)->(28,22,102.346)->(28,21,102.863)->(28,20,103.381)->(28,19,103.949)->(28,18,104.631)->(28,17,105.949)->(28,16,5052.68)->
Agent 12:(19,31,1.8)->(18,31,3.01421)->(17,31,4.34806)->(16,31,5.17649)->(15,31,6.51034)->(14,31,8.72456)->(14,30,10.9388)->(14,29,12.2726)->(14,28,13.101)->(14,27,14.4349)->(14,26,16.6491)->(15,26,18.8986)->(16,26,20.8986)->(17,26,23.1481)->(17,25,25.3623)->(17,24,26.6801)->(17,23,27.3623)->(17,22,27.9301)->(17,21,28.4481)->(17,20,28.9481)->(17,19,29.4481)->(17,18,29.9481)->(17,17,30.4481)->(17,16,30.9481)->(17,15,31.4481)->(17,14,31.9481)->(17,13,32.4481)->(17,12,32.9481)->(17,11,33.4481)->(17,10,33.9481)->(17,9,34.4481)->(17,8,34.9481)->(17,7,35.4481)->(17,6,35.9481)->(17,5,36.466)->(17,4,37.0339)->(17,3,37.716)->(17,2,39.0339)->(17,1,41.2481)->(16,1,43.4976)->(15,1,45.4976)->(14,1,48.25)->(14,2,50.9672)->(14,3,52.285)->(14,4,52.9672)->(14,5,53.535)->(14,6,54.053)->(14,7,54.553)->(14,8,55.053)->(14,9,55.553)->(14,10,56.053)->(14,11,56.553)->(14,12,57.0709)->(14,13,57.6388)->(14,14,58.3209)->(14,15,59.6388)->(14,16,63.3012)->(13,16,66.9635)->(12,16,68.2814)->(11,16,69.0134)->(10,16,69.7455)->(9,16,71.0633)->(8,16,73.2775)->(8,15,75.527)->(8,14,77.527)->(8,13,5038.49)->
Agent 13:(24,24,1.8)->(23,24,3.01421)->(22,24,4.33205)->(21,24,5.02382)->(20,24,5.65949)->(19,24,6.35126)->(18,24,7.6691)->(17,24,10.2456)->(17,23,12.8221)->(17,22,14.1399)->(17,21,14.8221)->(17,20,15.3899)->(17,19,15.9079)->(17,18,16.4079)->(17,17,16.9079)->(17,16,17.4079)->(17,15,17.9079)->(17,14,18.4079)->(17,13,18.9079)->(17,12,19.4079)->(17,11,19.9079)->(17,10,20.4079)->(17,9,20.9079)->(17,8,21.4258)->(17,7,21.9937)->(17,6,22.6758)->(17,5,23.9937)->(17,4,26.2079)->(16,4,28.4221)->(15,4,29.7399)->(14,4,30.472)->(13,4,31.204)->(12,4,32.5219)->(11,4,34.7361)->(11,5,36.9503)->(11,6,38.2681)->(11,7,38.9503)->(11,8,39.5181)->(11,9,40.0361)->(11,10,40.5361)->(11,11,41.0361)->(11,12,41.5361)->(11,13,42.0361)->(11,14,42.5361)->(11,15,43.054)->(11,16,43.6219)->(11,17,44.304)->(11,18,45.6219)->(11,19,47.8361)->(10,19,50.0503)->(9,19,51.4645)->(8,19,52.8787)->(7,19,55.0929)->(7,20,57.3424)->(7,21,59.3424)->(7,22,5029.4)->
Agent 14:(2,31,2.2)->(2,30,3.81421)->(2,29,5.22843)->(2,28,6.64264)->(2,27,9.27107)->(1,27,5004.83)->
Agent 15:(16,21,1.3)->(16,22,2.01421)->(16,23,3.33205)->(16,24,4.0641)->(16,25,4.79615)->(16,26,6.11399)->(16,27,8.74242)->(15,27,16.1524)->(15,26,5010.17)->
Agent 16:(31,25,2.2)->(31,24,3.81421)->(31,23,5.13205)->(31,22,5.81421)->(31,21,6.38205)->(31,20,6.9)->(31,19,7.4)->(31,18,7.9)->(31,17,8.4)->(31,16,8.9)->(31,15,9.4)->(31,14,9.9)->(31,13,10.4)->(31,12,10.9)->(31,11,11.4)->(31,10,11.9)->(31,9,12.4)->(31,8,12.9179)->(31,7,13.4858)->(31,6,14.1679)->(31,5,15.4858)->(31,4,18.1)->(31,5,21.3)->(31,6,24.1)->(30,6,26.3142)->(29,6,27.6321)->(28,6,28.3142)->(27,6,28.8821)->(26,6,29.4)->(25,6,29.9179)->(24,6,30.4858)->(23,6,31.1679)->(22,6,32.4858)->(21,6,34.7)->(21,5,37.5)->(21,4,45.2746)->(20,4,52.4633)->(19,4,53.7812)->(18,4,54.4633)->(17,4,55.0491)->(16,4,55.6349)->(15,4,56.3171)->(14,4,57.6349)->(13,4,59.8491)->(13,5,62.0633)->(13,6,63.3812)->(13,7,64.0729)->(13,8,64.7086)->(13,9,65.4004)->(13,10,66.7182)->(13,11,5033.07)->
Agent 17:(19,5,2.61421)->(19,4,5.61421)->(18,4,8.24264)->(17,4,9.56048)->(16,4,10.2426)->(15,4,10.8284)->(14,4,11.4142)->(13,4,12.0964)->(12,4,13.4142)->(11,4,17.0383)->(11,5,20.6623)->(11,6,21.9801)->(11,7,22.6623)->(11,8,23.2301)->(11,9,23.7481)->(11,10,24.2481)->(11,11,24.7481)->(11,12,25.2481)->(11,13,25.7481)->(11,14,26.2481)->(11,15,26.766)->(11,16,27.3339)->(11,17,28.016)->(11,18,29.3339)->(11,19,31.5481)->(10,19,33.7623)->(9,19,35.0962)->(8,19,35.9246)->(7,19,37.2584)->(6,19,39.4726)->(6,20,41.6869)->(6,21,43.0207)->(6,22,43.8491)->(6,23,45.183)->(6,24,47.3972)->(5,24,49.6467)->(4,24,51.6467)->(3,24,5025.55)->
Agent 18:(31,28,2.2)->(31,27,3.81421)->(31,26,5.13205)->(31,25,5.81421)->(31,24,6.38205)->(31,23,6.9)->(31,22,7.4)->(31,21,7.9)->(31,20,8.4)->(31,19,8.9)->(31,18,9.4)->(31,17,9.9)->(31,16,10.4)->(31,15,10.9)->(31,14,11.4)->(31,13,11.9)->(31,12,12.4)->(31,11,12.9)->(31,10,13.4179)->(31,9,13.9858)->(31,8,14.6679)->(31,7,15.9858)->(31,6,18.2)->(30,6,20.4142)->(29,6,21.7321)->(28,6,22.4142)->(27,6,22.9821)->(26,6,23.5)->(25,6,24.0179)->(24,6,24.5858)->(23,6,25.2679)->(22,6,26.5858)->(21,6,28.8)->(21,5,31.6)->(21,4,34.4)->(20,4,36.6142)->(19,4,37.9481)->(18,4,38.7765)->(17,4,40.1103)->(16,4,42.3246)->(16,5,44.5388)->(16,6,45.8566)->(16,7,46.5484)->(16,8,47.184)->(16,9,47.8758)->(16,10,49.1937)->(16,11,5024.3)->
Agent 19:(2,23,1.8)->(3,23,3.01421)->(4,23,4.33205)->(5,23,5.02382)->(6,23,5.65949)->(7,23,6.35126)->(8,23,7.6691)->(9,23,9.88331)->(9,22,12.0975)->(9,21,13.4154)->(9,20,14.1071)->(9,19,14.7428)->(9,18,15.4346)->(9,17,16.7524)->(9,16,18.9666)->(10,16,21.1808)->(11,16,22.5147)->(12,16,23.3431)->(13,16,24.677)->(14,16,26.8912)->(14,15,29.1054)->(14,14,30.4232)->(14,13,31.1054)->(14,12,31.6732)->(14,11,32.1912)->(14,10,32.6912)->(14,9,33.1912)->(14,8,33.7091)->(14,7,34.277)->(14,6,34.9591)->(14,5,36.277)->(14,4,40.4079)->(15,4,44.5388)->(16,4,45.8726)->(17,4,46.701)->(18,4,48.0349)->(19,4,50.2491)->(19,5,52.4633)->(19,6,53.7812)->(19,7,54.4633)->(19,8,55.0312)->(19,9,55.5491)->(19,10,56.0491)->(19,11,56.5491)->(19,12,57.0491)->(19,13,57.5491)->(19,14,58.0491)->(19,15,58.5671)->(19,16,59.1349)->(19,17,59.8171)->(19,18,61.1349)->(19,19,5030.27)->
