Agent 0:(37,53,2.2)->(37,52,3.84949)->(37,51,5.84949)->(37,50,11.5495)->(36,50,17.2142)->(35,50,18.5321)->(34,50,19.2238)->(33,50,19.8595)->(32,50,20.5513)->(31,50,21.8691)->(30,50,5010.64)->
Agent 1:(35,50,2.2)->(35,49,3.81421)->(35,48,5.13205)->(35,47,5.81421)->(35,46,6.38205)->(35,45,6.9)->(35,44,7.4)->(35,43,7.9)->(35,42,8.4)->(35,41,8.9)->(35,40,9.4)->(35,39,9.9)->(35,38,10.4179)->(35,37,10.9858)->(35,36,11.6679)->(35,35,12.9858)->(35,34,15.2)->(36,34,17.4142)->(37,34,18.7321)->(38,34,19.4641)->(39,34,20.1962)->(40,34,21.514)->(41,34,23.7282)->(41,33,25.9424)->(41,32,27.2603)->(41,31,27.9424)->(41,30,28.5103)->(41,29,29.0282)->(41,28,29.5282)->(41,27,30.0282)->(41,26,30.5282)->(41,25,31.0282)->(41,24,31.5282)->(41,23,32.0282)->(41,22,32.5282)->(41,21,33.0282)->(41,20,33.5282)->(41,19,34.0462)->(41,18,34.614)->(41,17,35.2962)->(41,16,36.614)->(41,15,38.8282)->(40,15,41.0777)->(39,15,43.0777)->(38,15,45.3272)->(38,14,47.5414)->(38,13,48.8592)->(38,12,49.5414)->(38,11,50.1092)->(38,10,50.6272)->(38,9,51.1272)->(38,8,51.6451)->(38,7,52.213)->(38,6,52.8951)->(38,5,54.213)->(38,4,56.8414)->(39,4,5028.61)->
Agent 2:(25,32,1.8)->(26,32,3.01421)->(27,32,4.33205)->(28,32,5.01421)->(29,32,5.6)->(30,32,6.18579)->(31,32,6.86795)->(32,32,8.18579)->(33,32,10.4)->(33,31,12.6142)->(33,30,14.0284)->(33,29,15.4426)->(33,28,17.6569)->(34,28,19.8711)->(35,28,21.1889)->(36,28,21.8711)->(37,28,22.4389)->(38,28,22.9569)->(39,28,23.4569)->(40,28,23.9748)->(41,28,24.5426)->(42,28,25.2248)->(43,28,26.5426)->(44,28,29.1711)->(44,27,32.7711)->(45,27,35.3995)->(46,27,36.7333)->(47,27,37.5618)->(48,27,38.8956)->(49,27,5019.15)->
Agent 3:(10,4,2.21421)->(11,4,4.81421)->(11,5,7.44264)->(11,6,8.76048)->(11,7,9.44264)->(11,8,10.0105)->(11,9,10.5284)->(11,10,11.0284)->(11,11,11.5284)->(11,12,12.0284)->(11,13,12.5284)->(11,14,13.0284)->(11,15,13.5284)->(11,16,14.0284)->(11,17,14.5284)->(11,18,15.0284)->(11,19,15.5284)->(11,20,16.0284)->(11,21,16.5284)->(11,22,17.0284)->(11,23,17.5284)->(11,24,18.0464)->(11,25,18.6142)->(11,26,19.2964)->(11,27,20.6142)->(11,28,23.2426)->(10,28,26.8426)->(10,29,29.4711)->(10,30,30.7889)->(10,31,31.4711)->(10,32,32.0389)->(10,33,32.5569)->(10,34,33.0748)->(10,35,33.6426)->(10,36,34.3248)->(10,37,35.6426)->(10,38,38.2711)->(11,38,5019.33)->
Agent 4:(30,17,1.3)->(30,18,2.01421)->(30,19,3.33205)->(30,20,4.0641)->(30,21,4.79615)->(30,22,6.11399)->(30,23,9.1141)->(29,23,12.1142)->(28,23,13.4321)->(27,23,14.1142)->(26,23,14.7)->(25,23,15.2858)->(24,23,15.9679)->(23,23,17.2858)->(22,23,5008.35)->
Agent 5:(47,26,2.2)->(47,25,3.81421)->(47,24,5.14806)->(47,23,5.97649)->(47,22,7.31034)->(47,21,9.52456)->(46,21,11.7388)->(45,21,13.0566)->(44,21,13.7388)->(43,21,14.3246)->(42,21,14.9103)->(41,21,15.5925)->(40,21,16.9103)->(39,21,5008.16)->
Agent 6:(11,48,1.3)->(11,49,2.01421)->(11,50,3.33205)->(11,51,4.01421)->(11,52,4.6)->(11,53,5.18579)->(11,54,5.86795)->(11,55,7.18579)->(11,56,9.4)->(12,56,11.6142)->(13,56,12.9321)->(14,56,13.6142)->(15,56,14.1821)->(16,56,14.7)->(17,56,15.2)->(18,56,15.7)->(19,56,16.2)->(20,56,16.7)->(21,56,17.2)->(22,56,17.7)->(23,56,18.2)->(24,56,18.7)->(25,56,19.2)->(26,56,19.7)->(27,56,20.2)->(28,56,20.7)->(29,56,21.2)->(30,56,21.7)->(31,56,22.2)->(32,56,22.7)->(33,56,23.2)->(34,56,23.7)->(35,56,24.2179)->(36,56,24.7858)->(37,56,25.4679)->(38,56,26.7858)->(39,56,29)->(39,57,31.2142)->(39,58,32.6284)->(39,59,34.0426)->(39,60,5016.73)->
Agent 7:(63,50,2.61421)->(63,49,5.61421)->(62,49,8.24264)->(61,49,9.56048)->(60,49,10.2426)->(59,49,10.8105)->(58,49,11.3284)->(57,49,11.8284)->(56,49,12.3284)->(55,49,12.8284)->(54,49,13.3284)->(53,49,13.8284)->(52,49,14.3284)->(51,49,14.8284)->(50,49,15.3284)->(49,49,15.8284)->(48,49,16.3284)->(47,49,16.8284)->(46,49,17.3284)->(45,49,17.8284)->(44,49,18.3284)->(43,49,18.8284)->(42,49,19.3284)->(41,49,19.8284)->(40,49,20.3284)->(39,49,20.8284)->(38,49,21.3464)->(37,49,21.9142)->(36,49,22.5964)->(35,49,23.9142)->(34,49,26.3868)->(34,48,28.8593)->(34,47,30.1772)->(34,46,30.8689)->(34,45,31.5046)->(34,44,32.1964)->(34,43,33.5142)->(34,42,35.7284)->(33,42,37.9426)->(32,42,39.2605)->(31,42,39.9426)->(30,42,40.5105)->(29,42,41.0284)->(28,42,41.5284)->(27,42,42.0284)->(26,42,42.5284)->(25,42,43.0284)->(24,42,43.5284)->(23,42,44.0284)->(22,42,44.5284)->(21,42,45.0284)->(20,42,45.5284)->(19,42,46.0284)->(18,42,46.5284)->(17,42,47.0464)->(16,42,47.6142)->(15,42,48.2964)->(14,42,49.6142)->(13,42,52.2426)->(13,43,5026.31)->
Agent 8:(41,20,2.2)->(41,19,3.81421)->(41,18,5.22843)->(41,17,6.64264)->(41,16,8.85685)->(40,16,11.0711)->(39,16,12.3889)->(38,16,13.0807)->(37,16,13.7163)->(36,16,14.4081)->(35,16,15.726)->(34,16,17.9402)->(34,15,20.1544)->(34,14,21.4722)->(34,13,22.1544)->(34,12,22.7222)->(34,11,23.2402)->(34,10,23.7581)->(34,9,24.326)->(34,8,25.0081)->(34,7,26.326)->(34,6,28.5402)->(33,6,30.7544)->(32,6,32.0722)->(31,6,32.764)->(30,6,33.3997)->(29,6,34.0914)->(28,6,35.4093)->(27,6,37.6235)->(27,5,40.4235)->(27,4,5020.21)->
Agent 9:(27,52,2.2)->(27,51,3.81421)->(27,50,5.22843)->(27,49,6.64264)->(27,48,9.27107)->(28,48,12.8711)->(28,47,15.4995)->(28,46,16.8173)->(28,45,17.5091)->(28,44,18.1448)->(28,43,18.8365)->(28,42,20.1544)->(28,41,5009.78)->
Agent 10:(39,39,1.8)->(40,39,3.01421)->(41,39,4.33205)->(42,39,5.0641)->(43,39,5.79615)->(44,39,7.11399)->(45,39,9.3282)->(45,40,11.5424)->(45,41,12.8763)->(45,42,13.7047)->(45,43,15.0385)->(45,44,29.9622)->(46,44,45.4716)->(47,44,5022.74)->
Agent 11:(35,46,1.8)->(34,46,3.01421)->(33,46,4.33205)->(32,46,5.01421)->(31,46,5.6)->(30,46,6.18579)->(29,46,6.86795)->(28,46,8.18579)->(27,46,10.4)->(27,47,12.6142)->(27,48,14.0284)->(27,49,15.4426)->(27,50,17.6569)->(26,50,19.8711)->(25,50,21.1889)->(24,50,21.8711)->(23,50,22.4569)->(22,50,23.0426)->(21,50,23.7248)->(20,50,25.0426)->(19,50,27.2569)->(19,49,30.0569)->(19,48,32.8569)->(18,48,35.0711)->(17,48,36.3889)->(16,48,37.0711)->(15,48,37.6389)->(14,48,38.1569)->(13,48,38.6569)->(12,48,39.1569)->(11,48,39.6569)->(10,48,40.1748)->(9,48,40.7426)->(8,48,41.4248)->(7,48,42.7426)->(6,48,45.3711)->(6,49,5022.88)->
Agent 12:(35,31,1.8)->(34,31,3.01421)->(33,31,4.34806)->(32,31,5.17649)->(31,31,6.51034)->(30,31,8.72456)->(30,30,10.9388)->(30,29,12.2566)->(30,28,12.9388)->(30,27,13.5066)->(30,26,14.0246)->(30,25,14.5246)->(30,24,15.0246)->(30,23,15.5246)->(30,22,16.0246)->(30,21,16.5246)->(30,20,17.0246)->(30,19,17.5246)->(30,18,18.0246)->(30,17,18.5246)->(30,16,19.0246)->(30,15,19.5246)->(30,14,20.0246)->(30,13,20.5246)->(30,12,21.0246)->(30,11,21.5246)->(30,10,22.0246)->(30,9,22.5246)->(30,8,23.0246)->(30,7,23.5246)->(30,6,24.0246)->(30,5,24.5425)->(30,4,25.1103)->(30,3,25.7925)->(30,2,27.1103)->(30,1,29.3246)->(29,1,31.5388)->(28,1,32.8566)->(27,1,33.5388)->(26,1,34.1066)->(25,1,34.6425)->(24,1,35.2103)->(23,1,35.8925)->(22,1,37.2103)->(21,1,39.8388)->(21,0,5020.11)->
Agent 13:(61,10,1.3)->(61,11,2.01421)->(61,12,3.33205)->(61,13,4.01421)->(61,14,4.58205)->(61,15,5.1)->(61,16,5.6)->(61,17,6.1)->(61,18,6.6)->(61,19,7.11795)->(61,20,7.68579)->(61,21,8.36795)->(61,22,9.68579)->(61,23,11.9)->(60,23,14.1142)->(59,23,15.5284)->(58,23,16.9426)->(57,23,20.3021)->(57,24,23.6616)->(57,25,24.9795)->(57,26,25.6616)->(57,27,26.2295)->(57,28,26.7474)->(57,29,27.2474)->(57,30,27.7474)->(57,31,28.2474)->(57,32,28.7474)->(57,33,29.2474)->(57,34,29.7474)->(57,35,30.2474)->(57,36,30.7474)->(57,37,31.2474)->(57,38,31.7474)->(57,39,32.2474)->(57,40,32.7474)->(57,41,33.2654)->(57,42,33.8332)->(57,43,34.5154)->(57,44,35.8332)->(57,45,38.4616)->(56,45,42.0616)->(56,46,44.6901)->(56,47,46.0079)->(56,48,46.6901)->(56,49,47.2579)->(56,50,47.7758)->(56,51,48.2758)->(56,52,48.7758)->(56,53,49.2938)->(56,54,49.8616)->(56,55,50.5438)->(56,56,51.8616)->(56,57,55.0879)->(55,57,58.3142)->(54,57,59.6321)->(53,57,60.3142)->(52,57,60.8821)->(51,57,61.4)->(50,57,61.9)->(49,57,62.4)->(48,57,62.9)->(47,57,63.4)->(46,57,63.9)->(45,57,64.4)->(44,57,64.9)->(43,57,65.4)->(42,57,65.9)->(41,57,66.4)->(40,57,66.9)->(39,57,67.4)->(38,57,67.9)->(37,57,68.4)->(36,57,68.9)->(35,57,69.4)->(34,57,69.9)->(33,57,70.4)->(32,57,70.9)->(31,57,71.4179)->(30,57,71.9858)->(29,57,72.6679)->(28,57,73.9858)->(27,57,76.6142)->(27,56,80.2142)->(26,56,83.4284)->(25,56,86.6426)->(25,57,5043.51)->
Agent 14:(59,44,1.8)->(58,44,3.6)->(57,44,6.4)->(57,43,8.61421)->(57,42,9.93205)->(57,41,10.6142)->(57,40,11.1821)->(57,39,11.7)->(57,38,12.2)->(57,37,12.7)->(57,36,13.2)->(57,35,13.7)->(57,34,14.2)->(57,33,14.7)->(57,32,15.2179)->(57,31,15.7858)->(57,30,16.4679)->(57,29,17.7858)->(57,28,20)->(56,28,22.2142)->(55,28,23.5481)->(54,28,24.3765)->(53,28,25.7103)->(52,28,27.9246)->(52,27,30.7246)->(52,26,33.5246)->(51,26,35.7388)->(50,26,37.0566)->(49,26,37.7388)->(48,26,38.3066)->(47,26,38.8246)->(46,26,39.3246)->(45,26,39.8246)->(44,26,40.3246)->(43,26,40.8246)->(42,26,41.3246)->(41,26,41.8425)->(40,26,42.4103)->(39,26,43.0925)->(38,26,44.4103)->(37,26,46.6246)->(37,25,48.8388)->(37,24,50.1566)->(37,23,50.8388)->(37,22,51.4066)->(37,21,51.9246)->(37,20,52.4246)->(37,19,52.9246)->(37,18,53.4246)->(37,17,53.9246)->(37,16,54.4425)->(37,15,55.0103)->(37,14,55.6925)->(37,13,57.0103)->(37,12,59.2246)->(36,12,61.474)->(35,12,63.474)->(34,12,65.7235)->(34,11,67.9377)->(34,10,69.2556)->(34,9,69.9876)->(34,8,70.7197)->(34,7,72.0375)->(34,6,74.9561)->(33,6,77.8747)->(32,6,79.1925)->(31,6,79.8747)->(30,6,80.4425)->(29,6,80.9605)->(28,6,81.4605)->(27,6,81.9605)->(26,6,82.4605)->(25,6,82.9605)->(24,6,83.4605)->(23,6,83.9605)->(22,6,84.4605)->(21,6,84.9784)->(20,6,85.5462)->(19,6,86.2284)->(18,6,87.5462)->(17,6,90.1747)->(17,7,5045.28)->
Agent 15:(7,35,2.2)->(7,34,3.81421)->(7,33,5.14806)->(7,32,5.97649)->(7,31,7.31034)->(7,30,10.7123)->(8,30,14.1142)->(9,30,15.4321)->(10,30,16.1142)->(11,30,16.6821)->(12,30,17.2)->(13,30,17.7)->(14,30,18.2)->(15,30,18.7)->(16,30,19.2)->(17,30,19.7)->(18,30,20.2)->(19,30,20.7)->(20,30,21.2)->(21,30,21.7179)->(22,30,22.2858)->(23,30,22.9679)->(24,30,24.2858)->(25,30,26.5)->(25,29,28.7142)->(25,28,30.0321)->(25,27,30.7142)->(25,26,31.2821)->(25,25,31.8179)->(25,24,32.3858)->(25,23,33.0679)->(25,22,34.3858)->(25,21,43.5917)->(26,21,52.7975)->(27,21,54.1154)->(28,21,54.7975)->(29,21,55.3654)->(30,21,55.9013)->(31,21,56.4691)->(32,21,57.1513)->(33,21,58.4691)->(34,21,61.5117)->(34,20,5031.16)->
Agent 16:(11,40,1.8)->(10,40,3.6)->(9,40,6.4)->(9,39,8.61421)->(9,38,9.93205)->(9,37,10.6142)->(9,36,11.1821)->(9,35,11.7)->(9,34,12.2)->(9,33,12.7)->(9,32,13.2)->(9,31,13.7)->(9,30,14.2)->(9,29,14.7)->(9,28,15.2179)->(9,27,15.7858)->(9,26,16.4679)->(9,25,17.7858)->(9,24,37.0142)->(9,25,56.2426)->(9,26,57.5605)->(9,27,58.2426)->(9,28,58.8105)->(9,29,59.3284)->(9,30,59.8284)->(9,31,60.3284)->(9,32,60.8464)->(9,33,61.4142)->(9,34,62.0964)->(9,35,63.4142)->(9,36,5031.41)->
Agent 17:(42,11,1.8)->(41,11,3.01421)->(40,11,4.34806)->(39,11,5.17649)->(38,11,6.51034)->(37,11,9.11815)->(37,12,11.726)->(37,13,13.0438)->(37,14,13.726)->(37,15,14.2938)->(37,16,14.8117)->(37,17,15.3117)->(37,18,15.8117)->(37,19,16.3117)->(37,20,16.8117)->(37,21,17.3117)->(37,22,17.8117)->(37,23,18.3117)->(37,24,18.8117)->(37,25,19.3117)->(37,26,19.8297)->(37,27,20.3975)->(37,28,21.0797)->(37,29,22.3975)->(37,30,24.6117)->(36,30,26.826)->(35,30,28.1438)->(34,30,28.826)->(33,30,29.3938)->(32,30,29.9117)->(31,30,30.4117)->(30,30,30.9117)->(29,30,31.4117)->(28,30,31.9117)->(27,30,32.4117)->(26,30,32.9117)->(25,30,33.4117)->(24,30,33.9117)->(23,30,34.4297)->(22,30,34.9975)->(21,30,35.6797)->(20,30,36.9975)->(19,30,39.2117)->(19,31,41.426)->(19,32,42.7438)->(19,33,43.426)->(19,34,43.9938)->(19,35,44.5117)->(19,36,45.0117)->(19,37,45.5297)->(19,38,46.0975)->(19,39,46.7797)->(19,40,48.0975)->(19,41,50.726)->(18,41,5025.56)->
Agent 18:(33,24,1.71421)->(33,25,3.85011)->(32,25,6.51444)->(31,25,7.83227)->(30,25,8.56433)->(29,25,9.29638)->(28,25,10.6142)->(27,25,12.8284)->(27,26,15.0426)->(27,27,16.3605)->(27,28,17.0426)->(27,29,17.6105)->(27,30,18.1284)->(27,31,18.6284)->(27,32,19.1284)->(27,33,19.6284)->(27,34,20.1284)->(27,35,20.6284)->(27,36,21.1284)->(27,37,21.6284)->(27,38,22.1284)->(27,39,22.6284)->(27,40,23.1284)->(27,41,23.6284)->(27,42,24.1284)->(27,43,24.6284)->(27,44,25.1284)->(27,45,25.6284)->(27,46,26.1284)->(27,47,26.6284)->(27,48,27.1284)->(27,49,27.6284)->(27,50,28.1464)->(27,51,28.7142)->(27,52,29.3964)->(27,53,30.7142)->(27,54,33.3426)->(28,54,36.9426)->(28,55,39.5711)->(28,56,40.8889)->(28,57,41.5711)->(28,58,42.1569)->(28,59,42.7426)->(28,60,43.4248)->(28,61,44.7426)->(28,62,5022.08)->
Agent 19:(40,53,2.2)->(40,52,3.81421)->(40,51,5.13205)->(40,50,5.81421)->(40,49,6.38205)->(40,48,6.9)->(40,47,7.4)->(40,46,7.9)->(40,45,8.4)->(40,44,8.9)->(40,43,9.4)->(40,42,9.9)->(40,41,10.4)->(40,40,10.9)->(40,39,11.4179)->(40,38,11.9858)->(40,37,12.6679)->(40,36,13.9858)->(40,35,16.6142)->(41,35,22.7641)->(41,34,27.9424)->(41,33,29.2603)->(41,32,29.9424)->(41,31,30.5103)->(41,30,31.0282)->(41,29,31.5282)->(41,28,32.0282)->(41,27,32.5282)->(41,26,33.0282)->(41,25,33.5282)->(41,24,34.0282)->(41,23,34.5282)->(41,22,35.0282)->(41,21,35.5282)->(41,20,36.0462)->(41,19,36.614)->(41,18,37.2962)->(41,17,38.614)->(41,16,40.8282)->(42,16,43.0424)->(43,16,44.3603)->(44,16,45.0424)->(45,16,45.6103)->(46,16,46.1282)->(47,16,46.6282)->(48,16,47.1282)->(49,16,47.6282)->(50,16,48.1462)->(51,16,48.714)->(52,16,49.3962)->(53,16,50.714)->(54,16,52.9282)->(54,15,55.1424)->(54,14,56.4763)->(54,13,57.3047)->(54,12,58.6385)->(54,11,5029.03)->
Agent 20:(21,34,1.3)->(21,35,2.01421)->(21,36,3.33205)->(21,37,4.01421)->(21,38,4.6)->(21,39,5.18579)->(21,40,5.86795)->(21,41,7.18579)->(21,42,9.4)->(22,42,11.6142)->(23,42,12.9321)->(24,42,13.6142)->(25,42,14.1821)->(26,42,14.7)->(27,42,15.2)->(28,42,15.7)->(29,42,16.2)->(30,42,16.7)->(31,42,17.2179)->(32,42,17.7858)->(33,42,18.4679)->(34,42,19.7858)->(35,42,22)->(35,43,24.2142)->(35,44,25.5321)->(35,45,26.2142)->(35,46,26.7821)->(35,47,27.3)->(35,48,27.8)->(35,49,28.3)->(35,50,28.8)->(35,51,29.3)->(35,52,29.8)->(35,53,30.3179)->(35,54,30.8858)->(35,55,31.5679)->(35,56,32.8858)->(35,57,35.1)->(36,57,37.3142)->(37,57,38.6321)->(38,57,39.3142)->(39,57,39.8821)->(40,57,40.4)->(41,57,40.9)->(42,57,41.4)->(43,57,41.9)->(44,57,42.4)->(45,57,42.9)->(46,57,43.4)->(47,57,43.9)->(48,57,44.4)->(49,57,44.9)->(50,57,45.4)->(51,57,45.9)->(52,57,46.4)->(53,57,46.9)->(54,57,47.4)->(55,57,47.9)->(56,57,48.4)->(57,57,48.9179)->(58,57,49.4858)->(59,57,50.1679)->(60,57,51.4858)->(61,57,53.7)->(61,56,55.9495)->(61,55,57.9495)->(61,54,5028.7)->
Agent 21:(22,49,2.2)->(22,48,3.81421)->(22,47,5.22843)->(22,46,6.64264)->(22,45,9.20587)->(23,45,11.7691)->(24,45,13.0869)->(25,45,13.7691)->(26,45,14.3369)->(27,45,14.8549)->(28,45,15.3549)->(29,45,15.8549)->(30,45,16.3549)->(31,45,16.8549)->(32,45,17.3549)->(33,45,17.8549)->(34,45,18.3728)->(35,45,18.9407)->(36,45,19.6228)->(37,45,20.9407)->(38,45,23.1549)->(38,44,25.3691)->(38,43,26.6869)->(38,42,27.3691)->(38,41,27.9369)->(38,40,28.4549)->(38,39,28.9728)->(38,38,29.5407)->(38,37,30.2228)->(38,36,31.5407)->(38,35,41.228)->(37,35,50.9505)->(36,35,52.9505)->(35,35,5026.2)->
Agent 22:(9,39,1.8)->(10,39,3.04949)->(11,39,5.04949)->(12,39,7.29898)->(12,40,9.51319)->(12,41,10.831)->(12,42,11.5132)->(12,43,12.081)->(12,44,12.599)->(12,45,13.099)->(12,46,13.599)->(12,47,14.099)->(12,48,14.599)->(12,49,15.099)->(12,50,15.6169)->(12,51,16.1848)->(12,52,16.8669)->(12,53,18.1848)->(12,54,5008.8)->
Agent 23:(60,1,2.42843)->(60,2,4.27107)->(60,3,5.58891)->(60,4,6.27107)->(60,5,6.83891)->(60,6,7.35685)->(60,7,7.85685)->(60,8,8.35685)->(60,9,8.85685)->(60,10,9.35685)->(60,11,9.85685)->(60,12,10.3569)->(60,13,10.8569)->(60,14,11.3569)->(60,15,11.8569)->(60,16,12.3569)->(60,17,12.8569)->(60,18,13.3569)->(60,19,13.8569)->(60,20,14.3748)->(60,21,14.9426)->(60,22,15.6248)->(60,23,16.9426)->(60,24,19.1569)->(59,24,21.9569)->(58,24,5010.98)->
Agent 24:(20,28,1.3)->(20,29,2.01421)->(20,30,3.33205)->(20,31,4.02382)->(20,32,4.65949)->(20,33,5.35126)->(20,34,6.6691)->(20,35,9.85587)->(21,35,13.0426)->(22,35,14.3605)->(23,35,15.0426)->(24,35,15.6105)->(25,35,16.1284)->(26,35,16.6284)->(27,35,17.1284)->(28,35,17.6284)->(29,35,18.1284)->(30,35,18.6284)->(31,35,19.1284)->(32,35,19.6284)->(33,35,20.1284)->(34,35,20.6284)->(35,35,21.1284)->(36,35,21.6464)->(37,35,22.2142)->(38,35,22.8964)->(39,35,24.2142)->(40,35,26.4284)->(40,36,28.6426)->(40,37,29.9605)->(40,38,30.6426)->(40,39,31.2105)->(40,40,31.7284)->(40,41,32.2284)->(40,42,32.7284)->(40,43,33.2284)->(40,44,33.7284)->(40,45,34.2464)->(40,46,34.8142)->(40,47,35.4964)->(40,48,36.8142)->(40,49,39.0284)->(41,49,41.2426)->(42,49,42.5605)->(43,49,43.2426)->(44,49,43.8105)->(45,49,44.3284)->(46,49,44.8464)->(47,49,45.4142)->(48,49,46.0964)->(49,49,47.4142)->(50,49,5023.41)->
Agent 25:(59,0,1.71421)->(59,1,4.55)->(58,1,7.91421)->(57,1,9.23205)->(56,1,9.91421)->(55,1,10.4821)->(54,1,11)->(53,1,11.5)->(52,1,12)->(51,1,12.5)->(50,1,13)->(49,1,13.5)->(48,1,14)->(47,1,14.5)->(46,1,15)->(45,1,15.5)->(44,1,16)->(43,1,16.5)->(42,1,17)->(41,1,17.5)->(40,1,18)->(39,1,18.5)->(38,1,19)->(37,1,19.5)->(36,1,20)->(35,1,20.5)->(34,1,21)->(33,1,21.5)->(32,1,22.0179)->(31,1,22.5858)->(30,1,23.2679)->(29,1,24.5858)->(28,1,26.8)->(28,2,29.0142)->(28,3,30.3321)->(28,4,31.0142)->(28,5,31.5821)->(28,6,32.1)->(28,7,32.6)->(28,8,33.1)->(28,9,33.6)->(28,10,34.1179)->(28,11,34.6858)->(28,12,35.3679)->(28,13,36.6858)->(28,14,5018.05)->
Agent 26:(18,55,1.8)->(19,55,3.01421)->(20,55,4.33205)->(21,55,5.0641)->(22,55,5.79615)->(23,55,7.11399)->(24,55,9.3282)->(24,56,12.1282)->(24,57,15.8924)->(25,57,19.0708)->(26,57,20.3887)->(27,57,21.0708)->(28,57,21.6387)->(29,57,22.1566)->(30,57,22.6566)->(31,57,23.1566)->(32,57,23.6566)->(33,57,24.1566)->(34,57,24.6566)->(35,57,25.1566)->(36,57,25.6566)->(37,57,26.1566)->(38,57,26.6566)->(39,57,27.1566)->(40,57,27.6566)->(41,57,28.1566)->(42,57,28.6566)->(43,57,29.1566)->(44,57,29.6566)->(45,57,30.1566)->(46,57,30.6566)->(47,57,31.1566)->(48,57,31.6566)->(49,57,32.1566)->(50,57,32.6566)->(51,57,33.1566)->(52,57,33.6566)->(53,57,34.1746)->(54,57,34.7424)->(55,57,35.4246)->(56,57,36.7424)->(57,57,39.3708)->(57,56,47.9305)->(56,56,5026.64)->
Agent 27:(51,4,2.21421)->(50,4,6.80587)->(50,5,11.426)->(50,6,12.7438)->(50,7,13.426)->(50,8,13.9938)->(50,9,14.5117)->(50,10,15.0117)->(50,11,15.5117)->(50,12,16.0117)->(50,13,16.5117)->(50,14,17.0117)->(50,15,17.5297)->(50,16,18.0975)->(50,17,18.7797)->(50,18,20.0975)->(50,19,5009.76)->
Agent 28:(27,48,2.2)->(27,47,3.81421)->(27,46,5.13205)->(27,45,5.81421)->(27,44,6.38205)->(27,43,6.9)->(27,42,7.4)->(27,41,7.9)->(27,40,8.4)->(27,39,8.9)->(27,38,9.4)->(27,37,9.91795)->(27,36,10.4858)->(27,35,11.1679)->(27,34,12.4858)->(27,33,14.7)->(28,33,16.9142)->(29,33,18.2321)->(30,33,18.9142)->(31,33,19.4821)->(32,33,20)->(33,33,20.5179)->(34,33,21.0858)->(35,33,21.7679)->(36,33,23.0858)->(37,33,25.3)->(37,32,27.5142)->(37,31,28.8321)->(37,30,29.5142)->(37,29,30.1)->(37,28,30.6858)->(37,27,31.3679)->(37,26,32.6858)->(37,25,34.9)->(38,25,37.1142)->(39,25,38.4321)->(40,25,39.1142)->(41,25,39.6821)->(42,25,40.2)->(43,25,40.7)->(44,25,41.2)->(45,25,41.7)->(46,25,42.2)->(47,25,42.7)->(48,25,43.2)->(49,25,43.7)->(50,25,44.2)->(51,25,44.7)->(52,25,45.2)->(53,25,45.7)->(54,25,46.2)->(55,25,46.7)->(56,25,47.2179)->(57,25,47.7858)->(58,25,48.4679)->(59,25,49.7858)->(60,25,52)->(60,26,54.8)->(60,27,5027.4)->
Agent 29:(47,13,1.71421)->(47,14,3.81421)->(48,14,6.44264)->(49,14,7.76048)->(50,14,8.44264)->(51,14,9.01048)->(52,14,9.52843)->(53,14,10.0464)->(54,14,10.6142)->(55,14,11.2964)->(56,14,12.6142)->(57,14,14.8284)->(57,13,17.0426)->(57,12,18.3605)->(57,11,19.0426)->(57,10,19.6105)->(57,9,20.1464)->(57,8,20.7142)->(57,7,21.3964)->(57,6,22.7142)->(57,5,5011.06)->
Agent 30:(15,34,2.21421)->(16,34,4.81421)->(16,33,7.44264)->(16,32,8.76048)->(16,31,9.44264)->(16,30,10.0105)->(16,29,10.5284)->(16,28,11.0284)->(16,27,11.5284)->(16,26,12.0284)->(16,25,12.5284)->(16,24,13.0284)->(16,23,13.5284)->(16,22,14.0284)->(16,21,14.5284)->(16,20,15.0284)->(16,19,15.5284)->(16,18,16.0284)->(16,17,16.5284)->(16,16,17.0284)->(16,15,17.5284)->(16,14,18.0284)->(16,13,18.5284)->(16,12,19.0284)->(16,11,19.5284)->(16,10,20.0284)->(16,9,20.5284)->(16,8,21.0284)->(16,7,21.5464)->(16,6,22.1142)->(16,5,22.7964)->(16,4,24.1142)->(16,3,26.3284)->(17,3,28.5426)->(18,3,29.8605)->(19,3,30.5426)->(20,3,31.1105)->(21,3,31.6284)->(22,3,32.1284)->(23,3,32.6284)->(24,3,33.1284)->(25,3,33.6284)->(26,3,34.1284)->(27,3,34.6284)->(28,3,35.1464)->(29,3,35.7142)->(30,3,36.3964)->(31,3,37.7142)->(32,3,39.9284)->(32,2,42.7284)->(32,1,45.5284)->(33,1,47.7426)->(34,1,49.0605)->(35,1,49.7426)->(36,1,50.3105)->(37,1,50.8284)->(38,1,51.3284)->(39,1,51.8284)->(40,1,52.3284)->(41,1,52.8284)->(42,1,53.3284)->(43,1,53.8284)->(44,1,54.3284)->(45,1,54.8284)->(46,1,55.3284)->(47,1,55.8284)->(48,1,56.3284)->(49,1,56.8284)->(50,1,57.3464)->(51,1,57.9142)->(52,1,58.5964)->(53,1,59.9142)->(54,1,5029.66)->
Agent 31:(57,36,1.8)->(56,36,3.01421)->(55,36,4.33205)->(54,36,5.0641)->(53,36,5.79615)->(52,36,7.11399)->(51,36,9.3282)->(51,37,11.5424)->(51,38,12.8603)->(51,39,13.5424)->(51,40,14.1103)->(51,41,14.6282)->(51,42,15.1282)->(51,43,15.6282)->(51,44,16.1282)->(51,45,16.6282)->(51,46,17.1282)->(51,47,17.6282)->(51,48,18.1282)->(51,49,18.6282)->(51,50,19.1462)->(51,51,19.714)->(51,52,20.3962)->(51,53,21.714)->(51,54,24.3424)->(52,54,27.9424)->(52,55,30.5708)->(52,56,31.8887)->(52,57,32.5708)->(52,58,33.1387)->(52,59,33.6746)->(52,60,34.2424)->(52,61,34.9246)->(52,62,36.2424)->(52,63,5017.83)->
Agent 32:(28,15,1.8)->(29,15,3.01421)->(30,15,4.33205)->(31,15,5.01421)->(32,15,5.58205)->(33,15,6.1)->(34,15,6.6)->(35,15,7.1)->(36,15,7.6)->(37,15,8.1)->(38,15,8.6)->(39,15,9.1)->(40,15,9.6)->(41,15,10.1)->(42,15,10.6)->(43,15,11.1179)->(44,15,11.6858)->(45,15,12.3679)->(46,15,13.6858)->(47,15,16.65)->(47,16,19.6142)->(47,17,20.9321)->(47,18,21.6142)->(47,19,22.1821)->(47,20,22.7)->(47,21,23.2)->(47,22,23.7)->(47,23,24.2)->(47,24,24.7)->(47,25,25.2)->(47,26,25.7)->(47,27,26.2)->(47,28,26.7)->(47,29,27.2)->(47,30,27.7)->(47,31,28.2)->(47,32,28.7)->(47,33,29.2)->(47,34,29.7)->(47,35,30.2)->(47,36,30.7)->(47,37,31.2)->(47,38,31.7)->(47,39,32.2)->(47,40,32.7)->(47,41,33.2)->(47,42,33.7)->(47,43,34.2)->(47,44,34.7)->(47,45,35.2179)->(47,46,35.7858)->(47,47,36.4679)->(47,48,37.7858)->(47,49,40)->(48,49,42.2142)->(49,49,43.5321)->(50,49,44.2142)->(51,49,44.8)->(52,49,45.3858)->(53,49,46.0679)->(54,49,47.3858)->(55,49,49.6)->(55,50,51.8142)->(55,51,53.1321)->(55,52,53.8142)->(55,53,54.3821)->(55,54,54.9)->(55,55,55.4)->(55,56,55.9)->(55,57,56.4)->(55,58,56.9179)->(55,59,57.4858)->(55,60,58.1679)->(55,61,59.4858)->(55,62,61.7)->(54,62,63.9495)->(53,62,65.9495)->(52,62,5032.7)->
Agent 33:(57,62,1.8)->(58,62,3.6)->(59,62,6.4)->(59,61,8.61421)->(59,60,9.93205)->(59,59,10.6142)->(59,58,11.1821)->(59,57,11.7)->(59,56,12.2)->(59,55,12.7)->(59,54,13.2)->(59,53,13.7)->(59,52,14.2)->(59,51,14.7)->(59,50,15.2)->(59,49,15.7)->(59,48,16.2)->(59,47,16.7)->(59,46,17.2)->(59,45,17.7)->(59,44,18.2)->(59,43,18.7)->(59,42,19.2)->(59,41,19.7179)->(59,40,20.2858)->(59,39,20.9679)->(59,38,22.2858)->(59,37,25.4917)->(58,37,28.6975)->(57,37,30.0154)->(56,37,30.6975)->(55,37,31.2654)->(54,37,31.7833)->(53,37,32.2833)->(52,37,32.7833)->(51,37,33.2833)->(50,37,33.7833)->(49,37,34.2833)->(48,37,34.7833)->(47,37,35.2833)->(46,37,35.7833)->(45,37,36.2833)->(44,37,36.7833)->(43,37,37.2833)->(42,37,37.7833)->(41,37,38.2833)->(40,37,38.7833)->(39,37,39.2833)->(38,37,39.8013)->(37,37,40.3691)->(36,37,41.0513)->(35,37,42.3691)->(34,37,44.5833)->(34,36,46.7975)->(34,35,48.1154)->(34,34,48.7975)->(34,33,49.3654)->(34,32,49.8833)->(34,31,50.3833)->(34,30,50.8833)->(34,29,51.3833)->(34,28,51.8833)->(34,27,52.3833)->(34,26,52.8833)->(34,25,53.3833)->(34,24,53.9013)->(34,23,54.4691)->(34,22,55.1513)->(34,21,56.4691)->(34,20,59.0975)->(33,20,5029.74)->
Agent 34:(32,2,1.3)->(32,3,2.01421)->(32,4,3.33205)->(32,5,4.01421)->(32,6,4.58205)->(32,7,5.1)->(32,8,5.6)->(32,9,6.1)->(32,10,6.61795)->(32,11,7.18579)->(32,12,7.86795)->(32,13,9.18579)->(32,14,11.8142)->(33,14,16.2)->(33,15,19.6495)->(33,16,21.6495)->(33,17,5010.55)->
Agent 35:(5,4,1.8)->(6,4,3.6)->(7,4,6.4)->(7,5,8.61421)->(7,6,9.93205)->(7,7,10.6142)->(7,8,11.1821)->(7,9,11.7)->(7,10,12.2)->(7,11,12.7)->(7,12,13.2)->(7,13,13.7)->(7,14,14.2)->(7,15,14.7)->(7,16,15.2)->(7,17,15.7)->(7,18,16.2)->(7,19,16.7)->(7,20,17.2)->(7,21,17.7)->(7,22,18.2)->(7,23,18.7)->(7,24,19.2179)->(7,25,19.7858)->(7,26,20.4679)->(7,27,21.7858)->(7,28,24.4142)->(6,28,28.0142)->(6,29,30.6426)->(6,30,31.9605)->(6,31,32.6426)->(6,32,33.2105)->(6,33,33.7284)->(6,34,34.2284)->(6,35,34.7284)->(6,36,35.2284)->(6,37,35.7284)->(6,38,36.2284)->(6,39,36.7284)->(6,40,37.2284)->(6,41,37.7464)->(6,42,38.3142)->(6,43,38.9964)->(6,44,40.3142)->(6,45,42.5284)->(5,45,44.7779)->(4,45,46.7779)->(3,45,49.4416)->(3,46,5024.91)->
Agent 36:(48,59,2.2)->(48,58,4.4)->(48,57,7.2)->(47,57,9.41421)->(46,57,10.7321)->(45,57,11.4142)->(44,57,11.9821)->(43,57,12.5)->(42,57,13)->(41,57,13.5)->(40,57,14)->(39,57,14.5179)->(38,57,15.0858)->(37,57,15.7679)->(36,57,17.0858)->(35,57,19.7142)->(35,58,30)->(35,57,39.3142)->(35,56,40.6321)->(35,55,41.3142)->(35,54,41.8821)->(35,53,42.4)->(35,52,42.9)->(35,51,43.4)->(35,50,43.9)->(35,49,44.4)->(35,48,44.9)->(35,47,45.4)->(35,46,45.9)->(35,45,46.4)->(35,44,46.9)->(35,43,47.4)->(35,42,47.9)->(35,41,48.4)->(35,40,48.9)->(35,39,49.4)->(35,38,49.9)->(35,37,50.4179)->(35,36,50.9858)->(35,35,51.6679)->(35,34,52.9858)->(35,33,55.2)->(34,33,57.4142)->(33,33,58.7481)->(32,33,59.5765)->(31,33,60.9103)->(30,33,63.1246)->(30,32,65.3388)->(30,31,66.6566)->(30,30,67.3388)->(30,29,67.9066)->(30,28,68.4246)->(30,27,68.9246)->(30,26,69.4246)->(30,25,69.9246)->(30,24,70.4246)->(30,23,70.9246)->(30,22,71.4246)->(30,21,71.9246)->(30,20,72.4246)->(30,19,72.9246)->(30,18,73.4246)->(30,17,73.9246)->(30,16,74.4246)->(30,15,74.9246)->(30,14,75.4246)->(30,13,75.9246)->(30,12,76.4246)->(30,11,76.9246)->(30,10,77.4246)->(30,9,77.9246)->(30,8,78.4246)->(30,7,78.9246)->(30,6,79.4246)->(30,5,79.9246)->(30,4,80.4425)->(30,3,81.0103)->(30,2,81.6925)->(30,1,83.0103)->(30,0,85.2246)->(31,0,88.0246)->(32,0,5044.01)->
Agent 37:(48,41,1.8)->(47,41,3.01421)->(46,41,4.33205)->(45,41,5.01421)->(44,41,5.58205)->(43,41,6.1)->(42,41,6.6)->(41,41,7.1)->(40,41,7.6)->(39,41,8.11795)->(38,41,8.68579)->(37,41,9.36795)->(36,41,10.6858)->(35,41,12.9)->(35,42,15.1142)->(35,43,16.4321)->(35,44,17.1238)->(35,45,17.7595)->(35,46,18.4513)->(35,47,19.7691)->(35,48,21.9833)->(34,48,24.1975)->(33,48,25.6117)->(32,48,27.026)->(31,48,29.2402)->(31,49,31.4544)->(31,50,32.7722)->(31,51,33.464)->(31,52,34.0997)->(31,53,34.7914)->(31,54,36.1093)->(31,55,5017.76)->
Agent 38:(38,59,2.2)->(38,58,3.81421)->(38,57,5.13205)->(38,56,5.81421)->(38,55,6.38205)->(38,54,6.91795)->(38,53,7.48579)->(38,52,8.16795)->(38,51,9.48579)->(38,50,11.7)->(39,50,13.9142)->(40,50,15.2321)->(41,50,15.9142)->(42,50,16.4821)->(43,50,17.0179)->(44,50,17.5858)->(45,50,18.2679)->(46,50,19.5858)->(47,50,22.2142)->(47,49,25.8142)->(48,49,28.4426)->(49,49,29.7605)->(50,49,30.4426)->(51,49,31.0105)->(52,49,31.5284)->(53,49,32.0284)->(54,49,32.5284)->(55,49,33.0284)->(56,49,33.5464)->(57,49,34.1142)->(58,49,34.7964)->(59,49,36.1142)->(60,49,38.3284)->(60,48,40.5426)->(60,47,41.8605)->(60,46,42.5426)->(60,45,43.1284)->(60,44,43.7142)->(60,43,44.3964)->(60,42,45.7142)->(60,41,5022.56)->
Agent 39:(10,35,1.79039)->(10,36,2.995)->(10,37,4.31284)->(10,38,5.00461)->(10,39,5.64028)->(10,40,6.33205)->(10,41,7.64989)->(10,42,10.0663)->(11,42,12.4828)->(12,42,13.8006)->(13,42,14.4828)->(14,42,15.0506)->(15,42,15.5686)->(16,42,16.0686)->(17,42,16.5686)->(18,42,17.0686)->(19,42,17.5686)->(20,42,18.0686)->(21,42,18.5686)->(22,42,19.0686)->(23,42,19.5686)->(24,42,20.0686)->(25,42,20.5686)->(26,42,21.0686)->(27,42,21.5686)->(28,42,22.0686)->(29,42,22.5686)->(30,42,23.0686)->(31,42,23.5865)->(32,42,24.1544)->(33,42,24.8365)->(34,42,26.1544)->(35,42,28.3686)->(35,43,30.5828)->(35,44,31.9006)->(35,45,32.5828)->(35,46,33.1506)->(35,47,33.6686)->(35,48,34.1865)->(35,49,34.7544)->(35,50,35.4365)->(35,51,36.7544)->(35,52,38.9686)->(36,52,41.1828)->(37,52,42.5006)->(38,52,43.1828)->(39,52,43.7506)->(40,52,44.2865)->(41,52,44.8544)->(42,52,45.5365)->(43,52,46.8544)->(44,52,49.0686)->(44,53,51.8686)->(44,54,54.6686)->(45,54,57.4686)->(46,54,60.6828)->(46,53,5030.53)->
Agent 40:(28,1,1.3)->(28,2,2.01421)->(28,3,3.33205)->(28,4,4.01421)->(28,5,4.58205)->(28,6,5.1)->(28,7,5.6)->(28,8,6.1)->(28,9,6.6)->(28,10,7.1)->(28,11,7.61795)->(28,12,8.18579)->(28,13,8.86795)->(28,14,10.1858)->(28,15,12.4)->(29,15,14.6142)->(30,15,15.9321)->(31,15,16.6142)->(32,15,17.1821)->(33,15,17.7)->(34,15,18.2)->(35,15,18.7)->(36,15,19.2)->(37,15,19.7)->(38,15,20.2)->(39,15,20.7)->(40,15,21.2)->(41,15,21.7)->(42,15,22.2)->(43,15,22.7179)->(44,15,23.2858)->(45,15,23.9679)->(46,15,25.2858)->(47,15,27.5)->(47,16,29.7142)->(47,17,31.0321)->(47,18,31.7142)->(47,19,32.2821)->(47,20,32.8)->(47,21,33.3)->(47,22,33.8)->(47,23,34.3)->(47,24,34.8)->(47,25,35.3)->(47,26,35.8)->(47,27,36.3)->(47,28,36.8)->(47,29,37.3)->(47,30,37.8)->(47,31,38.3)->(47,32,38.8)->(47,33,39.3)->(47,34,39.8)->(47,35,40.3)->(47,36,40.8)->(47,37,41.3)->(47,38,41.8)->(47,39,42.3)->(47,40,42.8)->(47,41,43.3)->(47,42,43.8)->(47,43,44.3179)->(47,44,44.8858)->(47,45,45.5679)->(47,46,46.8858)->(47,47,49.1)->(48,47,51.3142)->(49,47,52.6481)->(50,47,53.4765)->(51,47,54.8103)->(52,47,57.0246)->(52,48,59.274)->(52,49,61.274)->(52,50,5030.36)->
Agent 41:(54,3,2.2)->(54,2,4.4)->(54,1,7.2)->(53,1,9.41421)->(52,1,10.7321)->(51,1,11.4142)->(50,1,11.9821)->(49,1,12.5)->(48,1,13)->(47,1,13.5)->(46,1,14)->(45,1,14.5)->(44,1,15)->(43,1,15.5)->(42,1,16)->(41,1,16.5)->(40,1,17)->(39,1,17.5)->(38,1,18)->(37,1,18.5)->(36,1,19)->(35,1,19.5)->(34,1,20)->(33,1,20.5)->(32,1,21)->(31,1,21.5)->(30,1,22)->(29,1,22.5)->(28,1,23)->(27,1,23.5)->(26,1,24)->(25,1,24.5)->(24,1,25)->(23,1,25.5)->(22,1,26)->(21,1,26.5)->(20,1,27.0179)->(19,1,27.5858)->(18,1,28.2679)->(17,1,29.5858)->(16,1,32.6142)->(16,2,35.6426)->(16,3,36.9605)->(16,4,37.6426)->(16,5,38.2105)->(16,6,38.7284)->(16,7,39.2284)->(16,8,39.7284)->(16,9,40.2284)->(16,10,40.7284)->(16,11,41.2284)->(16,12,41.7284)->(16,13,42.2284)->(16,14,42.7284)->(16,15,43.2284)->(16,16,43.7284)->(16,17,44.2284)->(16,18,44.7284)->(16,19,45.2284)->(16,20,45.7284)->(16,21,46.2284)->(16,22,46.7284)->(16,23,47.2284)->(16,24,47.7284)->(16,25,48.2284)->(16,26,48.7284)->(16,27,49.2284)->(16,28,49.7284)->(16,29,50.2284)->(16,30,50.7284)->(16,31,51.2464)->(16,32,51.8142)->(16,33,52.4964)->(16,34,53.8142)->(16,35,5026.61)->
Agent 42:(12,30,3.31421)->(13,30,6.04264)->(14,30,7.36048)->(15,30,8.04264)->(16,30,8.61048)->(17,30,9.12843)->(18,30,9.62843)->(19,30,10.1284)->(20,30,10.6284)->(21,30,11.1284)->(22,30,11.6284)->(23,30,12.1284)->(24,30,12.6284)->(25,30,13.1284)->(26,30,13.6284)->(27,30,14.1284)->(28,30,14.6284)->(29,30,15.1284)->(30,30,15.6284)->(31,30,16.1284)->(32,30,16.6284)->(33,30,17.1284)->(34,30,17.6464)->(35,30,18.2142)->(36,30,18.8964)->(37,30,20.2142)->(38,30,22.4284)->(38,31,24.6426)->(38,32,26.0569)->(38,33,27.4711)->(38,34,29.6853)->(39,34,31.8995)->(40,34,33.2173)->(41,34,33.9494)->(42,34,34.6814)->(43,34,35.9993)->(44,34,38.2135)->(44,35,40.463)->(44,36,42.463)->(44,37,5020.96)->
Agent 43:(8,36,1.3)->(8,37,2.01421)->(8,38,3.33205)->(8,39,4.01421)->(8,40,4.58205)->(8,41,5.1)->(8,42,5.6)->(8,43,6.1)->(8,44,6.6)->(8,45,7.1)->(8,46,7.6)->(8,47,8.1)->(8,48,8.6)->(8,49,9.11795)->(8,50,9.68579)->(8,51,10.3679)->(8,52,11.6858)->(8,53,14.6014)->(9,53,17.5171)->(10,53,18.8509)->(11,53,19.6793)->(12,53,21.0132)->(13,53,23.2274)->(13,54,25.4416)->(13,55,26.7595)->(13,56,27.4512)->(13,57,28.0869)->(13,58,28.7787)->(13,59,30.0965)->(13,60,32.7249)->(14,60,5016.56)->
Agent 44:(54,4,1.3)->(54,5,2.01421)->(54,6,3.33205)->(54,7,4.01421)->(54,8,4.58205)->(54,9,5.1)->(54,10,5.6)->(54,11,6.1)->(54,12,6.61795)->(54,13,7.18579)->(54,14,7.86795)->(54,15,9.18579)->(54,16,11.4)->(53,16,13.6142)->(52,16,14.9321)->(51,16,15.6142)->(50,16,16.1821)->(49,16,16.7)->(48,16,17.2)->(47,16,17.7)->(46,16,18.2)->(45,16,18.7)->(44,16,19.2)->(43,16,19.7)->(42,16,20.2)->(41,16,20.7179)->(40,16,21.2858)->(39,16,21.9679)->(38,16,23.2858)->(37,16,25.5)->(37,17,27.7142)->(37,18,29.0321)->(37,19,29.7641)->(37,20,30.4962)->(37,21,31.814)->(37,22,34.0282)->(36,22,36.2424)->(35,22,37.5603)->(34,22,38.2424)->(33,22,38.8103)->(32,22,39.3282)->(31,22,39.8282)->(30,22,40.3282)->(29,22,40.8462)->(28,22,41.414)->(27,22,42.0962)->(26,22,43.414)->(25,22,45.6282)->(25,23,47.8424)->(25,24,49.1603)->(25,25,49.8424)->(25,26,50.4103)->(25,27,50.9282)->(25,28,51.4282)->(25,29,51.9282)->(25,30,52.4282)->(25,31,52.9282)->(25,32,53.4282)->(25,33,53.9282)->(25,34,54.4282)->(25,35,54.9462)->(25,36,55.514)->(25,37,56.1962)->(25,38,57.514)->(25,39,59.7282)->(24,39,61.9424)->(23,39,63.3566)->(22,39,64.7708)->(21,39,66.9851)->(21,40,69.7851)->(21,41,72.9993)->(20,41,5036.69)->
Agent 45:(63,15,1.3)->(63,16,2.01421)->(63,17,3.33205)->(63,18,4.01421)->(63,19,4.58205)->(63,20,5.1)->(63,21,5.61795)->(63,22,6.18579)->(63,23,6.86795)->(63,24,8.18579)->(63,25,10.4)->(62,25,12.6142)->(61,25,13.9321)->(60,25,14.6142)->(59,25,15.1821)->(58,25,15.7)->(57,25,16.2)->(56,25,16.7)->(55,25,17.2)->(54,25,17.7)->(53,25,18.2)->(52,25,18.7)->(51,25,19.2)->(50,25,19.7)->(49,25,20.2)->(48,25,20.7)->(47,25,21.2)->(46,25,21.7)->(45,25,22.2)->(44,25,22.7)->(43,25,23.2)->(42,25,23.7)->(41,25,24.2)->(40,25,24.7)->(39,25,25.2)->(38,25,25.7)->(37,25,26.2)->(36,25,26.7)->(35,25,27.2)->(34,25,27.7)->(33,25,28.2)->(32,25,28.7)->(31,25,29.2179)->(30,25,29.7858)->(29,25,30.4679)->(28,25,31.7858)->(27,25,34.4142)->(27,26,38.0142)->(26,26,40.6426)->(25,26,41.9605)->(24,26,42.6426)->(23,26,43.2105)->(22,26,43.7284)->(21,26,44.2284)->(20,26,44.7284)->(19,26,45.2284)->(18,26,45.7284)->(17,26,46.2284)->(16,26,46.7284)->(15,26,47.2284)->(14,26,47.7284)->(13,26,48.2284)->(12,26,48.7284)->(11,26,49.2284)->(10,26,49.7284)->(9,26,50.2284)->(8,26,50.7284)->(7,26,51.2284)->(6,26,51.7284)->(5,26,52.2284)->(4,26,52.7464)->(3,26,53.3142)->(2,26,53.9964)->(1,26,55.3142)->(0,26,57.5284)->(0,25,59.7426)->(0,24,61.0605)->(0,23,61.7426)->(0,22,62.3284)->(0,21,62.9142)->(0,20,63.5964)->(0,19,64.9142)->(0,18,5032.16)->
Agent 46:(6,31,1.3)->(6,32,2.01421)->(6,33,3.33205)->(6,34,4.01421)->(6,35,4.58205)->(6,36,5.1)->(6,37,5.61795)->(6,38,6.18579)->(6,39,6.86795)->(6,40,8.18579)->(6,41,10.4)->(7,41,13.2)->(8,41,25.7322)->(7,41,38.2643)->(6,41,5019.13)->
Agent 47:(55,4,1.3)->(55,5,2.01421)->(55,6,3.33205)->(55,7,4.01421)->(55,8,4.58205)->(55,9,5.1)->(55,10,5.6)->(55,11,6.1)->(55,12,6.6)->(55,13,7.1)->(55,14,7.61795)->(55,15,8.18579)->(55,16,8.86795)->(55,17,10.1858)->(55,18,12.4)->(54,18,14.6142)->(53,18,15.9321)->(52,18,16.6238)->(51,18,17.2595)->(50,18,17.9513)->(49,18,19.2691)->(48,18,21.4833)->(48,19,23.6975)->(48,20,25.0154)->(48,21,25.6975)->(48,22,26.2654)->(48,23,26.7833)->(48,24,27.2833)->(48,25,27.7833)->(48,26,28.2833)->(48,27,28.7833)->(48,28,29.2833)->(48,29,29.7833)->(48,30,30.2833)->(48,31,30.7833)->(48,32,31.2833)->(48,33,31.7833)->(48,34,32.2833)->(48,35,32.7833)->(48,36,33.2833)->(48,37,33.7833)->(48,38,34.3013)->(48,39,34.8691)->(48,40,35.5513)->(48,41,36.8691)->(48,42,39.0833)->(49,42,41.3328)->(50,42,43.3328)->(51,42,45.5823)->(51,43,47.7965)->(51,44,49.1143)->(51,45,49.7965)->(51,46,50.3643)->(51,47,50.8823)->(51,48,51.3823)->(51,49,51.8823)->(51,50,52.4002)->(51,51,52.9681)->(51,52,53.6502)->(51,53,54.9681)->(51,54,57.1823)->(50,54,59.9823)->(49,54,62.7823)->(49,55,65.0318)->(49,56,67.0318)->(49,57,5033.24)->
Agent 48:(26,13,1.8)->(27,13,3.04949)->(28,13,5.04949)->(29,13,7.29898)->(29,14,9.51319)->(29,15,10.831)->(29,16,11.5132)->(29,17,12.081)->(29,18,12.599)->(29,19,13.1169)->(29,20,13.6848)->(29,21,14.3669)->(29,22,15.6848)->(29,23,17.899)->(28,23,20.699)->(27,23,23.499)->(27,24,25.7132)->(27,25,27.031)->(27,26,27.7132)->(27,27,28.281)->(27,28,28.799)->(27,29,29.299)->(27,30,29.799)->(27,31,30.299)->(27,32,30.799)->(27,33,31.299)->(27,34,31.799)->(27,35,32.299)->(27,36,32.799)->(27,37,33.299)->(27,38,33.799)->(27,39,34.299)->(27,40,34.799)->(27,41,35.299)->(27,42,35.799)->(27,43,36.299)->(27,44,36.799)->(27,45,37.299)->(27,46,37.799)->(27,47,38.299)->(27,48,38.799)->(27,49,39.299)->(27,50,39.8169)->(27,51,40.3848)->(27,52,41.0669)->(27,53,42.3848)->(27,54,44.599)->(26,54,46.8132)->(25,54,48.131)->(24,54,48.8228)->(23,54,49.4585)->(22,54,50.1502)->(21,54,51.4681)->(20,54,53.6823)->(20,55,55.8965)->(20,56,57.2143)->(20,57,57.9464)->(20,58,58.6784)->(20,59,59.9963)->(20,60,62.6247)->(19,60,5031.51)->
Agent 49:(38,47,1.8)->(37,47,3.6)->(36,47,6.4)->(36,46,8.61421)->(36,45,9.93205)->(36,44,10.6641)->(36,43,11.3962)->(36,42,12.714)->(36,41,15.3424)->(37,41,23.2283)->(37,40,30.1426)->(37,39,31.4605)->(37,38,32.1426)->(37,37,32.7105)->(37,36,33.2284)->(37,35,33.7284)->(37,34,34.2284)->(37,33,34.7284)->(37,32,35.2284)->(37,31,35.7284)->(37,30,36.2284)->(37,29,36.7284)->(37,28,37.2284)->(37,27,37.7284)->(37,26,38.2284)->(37,25,38.7284)->(37,24,39.2284)->(37,23,39.7284)->(37,22,40.2284)->(37,21,40.7284)->(37,20,41.2284)->(37,19,41.7284)->(37,18,42.2284)->(37,17,42.7284)->(37,16,43.2464)->(37,15,43.8142)->(37,14,44.4964)->(37,13,45.8142)->(37,12,48.0284)->(36,12,50.2426)->(35,12,51.6569)->(34,12,53.0711)->(33,12,5026.24)->
Agent 50:(19,19,1.8)->(20,19,3.01421)->(21,19,4.33205)->(22,19,5.0641)->(23,19,5.79615)->(24,19,7.11399)->(25,19,9.3641)->(25,20,11.6142)->(25,21,12.9321)->(25,22,13.6142)->(25,23,14.1821)->(25,24,14.7)->(25,25,15.2)->(25,26,15.7)->(25,27,16.2)->(25,28,16.7)->(25,29,17.2)->(25,30,17.7)->(25,31,18.2)->(25,32,18.7)->(25,33,19.2)->(25,34,19.7179)->(25,35,20.2858)->(25,36,20.9679)->(25,37,22.2858)->(25,38,24.5)->(24,38,26.7142)->(23,38,28.0321)->(22,38,28.7641)->(21,38,29.4962)->(20,38,30.814)->(19,38,33.0282)->(19,39,35.2424)->(19,40,36.5603)->(19,41,37.2424)->(19,42,37.8103)->(19,43,38.3282)->(19,44,38.8282)->(19,45,39.3282)->(19,46,39.8282)->(19,47,40.3462)->(19,48,40.914)->(19,49,41.5962)->(19,50,42.914)->(19,51,45.1282)->(18,51,47.3424)->(17,51,48.6603)->(16,51,49.3424)->(15,51,49.9103)->(14,51,50.4282)->(13,51,50.9282)->(12,51,51.4282)->(11,51,51.9282)->(10,51,52.4462)->(9,51,53.014)->(8,51,53.6962)->(7,51,55.014)->(6,51,5027.21)->
Agent 51:(36,21,1.71421)->(36,22,3.81421)->(35,22,7.02843)->(34,22,9.82843)->(34,23,12.0426)->(34,24,13.3605)->(34,25,14.0426)->(34,26,14.6105)->(34,27,15.1284)->(34,28,15.6284)->(34,29,16.1284)->(34,30,16.6284)->(34,31,17.1284)->(34,32,17.6284)->(34,33,18.1464)->(34,34,18.7142)->(34,35,19.3964)->(34,36,20.7142)->(34,37,22.9284)->(33,37,25.7284)->(32,37,36.5559)->(33,37,47.3833)->(34,37,5023.69)->
Agent 52:(51,63,1.8)->(50,63,3.01421)->(49,63,4.33205)->(48,63,5.01421)->(47,63,5.58205)->(46,63,6.1)->(45,63,6.6)->(44,63,7.1)->(43,63,7.6)->(42,63,8.1)->(41,63,8.6)->(40,63,9.1)->(39,63,9.6)->(38,63,10.1)->(37,63,10.6)->(36,63,11.1)->(35,63,11.6)->(34,63,12.1)->(33,63,12.6179)->(32,63,13.1858)->(31,63,13.8679)->(30,63,15.1858)->(29,63,17.4)->(29,62,19.6142)->(29,61,20.9321)->(29,60,21.6142)->(29,59,22.1821)->(29,58,22.7)->(29,57,23.2)->(29,56,23.7)->(29,55,24.2179)->(29,54,24.7858)->(29,53,25.4679)->(29,52,26.7858)->(29,51,29)->(28,51,31.2142)->(27,51,32.5321)->(26,51,33.2142)->(25,51,33.7821)->(24,51,34.3)->(23,51,34.8)->(22,51,35.3)->(21,51,35.8)->(20,51,36.3)->(19,51,36.8)->(18,51,37.3)->(17,51,37.8)->(16,51,38.3)->(15,51,38.8)->(14,51,39.3)->(13,51,39.8)->(12,51,40.3)->(11,51,40.8)->(10,51,41.3)->(9,51,41.8)->(8,51,42.3)->(7,51,42.8)->(6,51,43.3)->(5,51,43.8)->(4,51,44.3179)->(3,51,44.8858)->(2,51,45.5679)->(1,51,46.8858)->(0,51,49.1)->(0,52,51.3142)->(0,53,52.7284)->(0,54,54.1426)->(0,55,5026.78)->
Agent 53:(1,59,2.2)->(1,58,3.81421)->(1,57,5.13205)->(1,56,5.81421)->(1,55,6.4)->(1,54,6.98579)->(1,53,7.66795)->(1,52,8.98579)->(1,51,11.2)->(2,51,13.4142)->(3,51,14.7321)->(4,51,15.4142)->(5,51,15.9821)->(6,51,16.5)->(7,51,17)->(8,51,17.5)->(9,51,18)->(10,51,18.5)->(11,51,19)->(12,51,19.5)->(13,51,20)->(14,51,20.5)->(15,51,21)->(16,51,21.5)->(17,51,22)->(18,51,22.5)->(19,51,23)->(20,51,23.5)->(21,51,24.0179)->(22,51,24.5858)->(23,51,25.2679)->(24,51,26.5858)->(25,51,28.8)->(25,50,31.0142)->(25,49,32.3321)->(25,48,33.0142)->(25,47,33.5821)->(25,46,34.1)->(25,45,34.6)->(25,44,35.1)->(25,43,35.6)->(25,42,36.1)->(25,41,36.6)->(25,40,37.1)->(25,39,37.6)->(25,38,38.1)->(25,37,38.6)->(25,36,39.1)->(25,35,39.6)->(25,34,40.1)->(25,33,40.6)->(25,32,41.1)->(25,31,41.6)->(25,30,42.1179)->(25,29,42.6858)->(25,28,43.3679)->(25,27,44.6858)->(25,26,46.9)->(26,26,49.1142)->(27,26,50.4321)->(28,26,51.1142)->(29,26,51.6821)->(30,26,52.2)->(31,26,52.7)->(32,26,53.2)->(33,26,53.7)->(34,26,54.2)->(35,26,54.7)->(36,26,55.2)->(37,26,55.7)->(38,26,56.2)->(39,26,56.7)->(40,26,57.2)->(41,26,57.7)->(42,26,58.2)->(43,26,58.7)->(44,26,59.2)->(45,26,59.7179)->(46,26,60.2858)->(47,26,60.9679)->(48,26,62.2858)->(49,26,64.5)->(49,25,66.7142)->(49,24,68.0321)->(49,23,68.7142)->(49,22,69.2821)->(49,21,69.8)->(49,20,70.3)->(49,19,70.8)->(49,18,71.3)->(49,17,71.8)->(49,16,72.3)->(49,15,72.8)->(49,14,73.3)->(49,13,73.8)->(49,12,74.3)->(49,11,74.8)->(49,10,75.3)->(49,9,75.8)->(49,8,76.3)->(49,7,76.8)->(49,6,77.3)->(49,5,77.8179)->(49,4,78.3858)->(49,3,79.0679)->(49,2,80.3858)->(49,1,5039.9)->
Agent 54:(54,9,1.3)->(54,10,2.01421)->(54,11,3.33205)->(54,12,4.01421)->(54,13,4.58205)->(54,14,5.1)->(54,15,5.6)->(54,16,6.11795)->(54,17,6.68579)->(54,18,7.36795)->(54,19,8.68579)->(54,20,10.9)->(53,20,13.1142)->(52,20,14.4321)->(51,20,15.1142)->(50,20,15.6821)->(49,20,16.2179)->(48,20,16.7858)->(47,20,17.4679)->(46,20,18.7858)->(45,20,21)->(45,21,23.2142)->(45,22,24.5321)->(45,23,25.2641)->(45,24,25.9962)->(45,25,27.314)->(45,26,29.9783)->(44,26,32.6426)->(43,26,33.9605)->(42,26,34.6426)->(41,26,35.2105)->(40,26,35.7284)->(39,26,36.2284)->(38,26,36.7284)->(37,26,37.2284)->(36,26,37.7284)->(35,26,38.2284)->(34,26,38.7284)->(33,26,39.2284)->(32,26,39.7284)->(31,26,40.2284)->(30,26,40.7284)->(29,26,41.2284)->(28,26,41.7284)->(27,26,42.2284)->(26,26,42.7284)->(25,26,43.2284)->(24,26,43.7284)->(23,26,44.2284)->(22,26,44.7284)->(21,26,45.2284)->(20,26,45.7284)->(19,26,46.2284)->(18,26,46.7284)->(17,26,47.2284)->(16,26,47.7284)->(15,26,48.2284)->(14,26,48.7284)->(13,26,49.2464)->(12,26,49.8142)->(11,26,50.4964)->(10,26,51.8142)->(9,26,54.0284)->(9,27,56.2426)->(9,28,57.5605)->(9,29,58.2426)->(9,30,58.8105)->(9,31,59.3284)->(9,32,59.8284)->(9,33,60.3284)->(9,34,60.8464)->(9,35,61.4142)->(9,36,62.0964)->(9,37,63.4142)->(9,38,65.6284)->(8,38,67.8426)->(7,38,69.1605)->(6,38,69.8522)->(5,38,70.4879)->(4,38,71.1797)->(3,38,72.4975)->(2,38,5035.96)->
Agent 55:(46,7,2.61421)->(46,6,5.61421)->(45,6,8.24264)->(44,6,9.56048)->(43,6,10.2426)->(42,6,10.8105)->(41,6,11.3284)->(40,6,11.8284)->(39,6,12.3284)->(38,6,12.8284)->(37,6,13.3284)->(36,6,13.8284)->(35,6,14.3284)->(34,6,14.8284)->(33,6,15.3284)->(32,6,15.8284)->(31,6,16.3284)->(30,6,16.8284)->(29,6,17.3284)->(28,6,17.8284)->(27,6,18.3284)->(26,6,18.8284)->(25,6,19.3284)->(24,6,19.8284)->(23,6,20.3284)->(22,6,20.8284)->(21,6,21.3284)->(20,6,21.8464)->(19,6,22.4142)->(18,6,23.0964)->(17,6,24.4142)->(16,6,26.6284)->(16,7,28.8426)->(16,8,30.1605)->(16,9,30.8426)->(16,10,31.4105)->(16,11,31.9284)->(16,12,32.4284)->(16,13,32.9284)->(16,14,33.4284)->(16,15,33.9284)->(16,16,34.4284)->(16,17,34.9284)->(16,18,35.4284)->(16,19,35.9284)->(16,20,36.4284)->(16,21,36.9284)->(16,22,37.4284)->(16,23,37.9284)->(16,24,38.4284)->(16,25,38.9284)->(16,26,39.4284)->(16,27,39.9284)->(16,28,40.4284)->(16,29,40.9284)->(16,30,41.4284)->(16,31,41.9284)->(16,32,42.4284)->(16,33,42.9284)->(16,34,43.4284)->(16,35,43.9464)->(16,36,44.5142)->(16,37,45.1964)->(16,38,46.5142)->(16,39,48.7284)->(15,39,50.9426)->(14,39,52.2605)->(13,39,52.9426)->(12,39,53.5105)->(11,39,54.0284)->(10,39,54.5284)->(9,39,55.0284)->(8,39,55.5464)->(7,39,56.1142)->(6,39,56.7964)->(5,39,58.1142)->(4,39,60.7426)->(4,40,5030.56)->
Agent 56:(14,26,1.8)->(15,26,3.01421)->(16,26,4.33205)->(17,26,5.01421)->(18,26,5.58205)->(19,26,6.1)->(20,26,6.6)->(21,26,7.11795)->(22,26,7.68579)->(23,26,8.36795)->(24,26,9.68579)->(25,26,11.9)->(25,27,14.1142)->(25,28,15.4321)->(25,29,16.1142)->(25,30,16.6821)->(25,31,17.2)->(25,32,17.7)->(25,33,18.2)->(25,34,18.7)->(25,35,19.2)->(25,36,19.7179)->(25,37,20.2858)->(25,38,20.9679)->(25,39,22.2858)->(25,40,24.9142)->(24,40,32.8642)->(25,40,5018.8)->
Agent 57:(41,56,2.21421)->(42,56,4.81421)->(42,55,7.44264)->(42,54,8.76048)->(42,53,9.44264)->(42,52,10.0105)->(42,51,10.5284)->(42,50,11.0284)->(42,49,11.5284)->(42,48,12.0284)->(42,47,12.5284)->(42,46,13.0464)->(42,45,13.6142)->(42,44,14.2964)->(42,43,15.6142)->(42,42,17.8284)->(43,42,20.0426)->(44,42,21.3605)->(45,42,22.0426)->(46,42,22.6105)->(47,42,23.1284)->(48,42,23.6284)->(49,42,24.1284)->(50,42,24.6284)->(51,42,25.1284)->(52,42,25.6464)->(53,42,26.2142)->(54,42,26.8964)->(55,42,28.2142)->(56,42,30.4284)->(56,41,32.6426)->(56,40,33.9765)->(56,39,34.8049)->(56,38,36.1388)->(56,37,5017.78)->
Agent 58:(44,24,1.3)->(44,25,2.01421)->(44,26,3.33205)->(44,27,4.01421)->(44,28,4.58205)->(44,29,5.1)->(44,30,5.6)->(44,31,6.1)->(44,32,6.6)->(44,33,7.11795)->(44,34,7.68579)->(44,35,8.36795)->(44,36,9.68579)->(44,37,11.9)->(43,37,14.7)->(42,37,17.5)->(42,38,19.7142)->(42,39,21.0321)->(42,40,21.7142)->(42,41,22.2821)->(42,42,22.8)->(42,43,23.3)->(42,44,23.8)->(42,45,24.3)->(42,46,24.8)->(42,47,25.3)->(42,48,25.8)->(42,49,26.3)->(42,50,26.8)->(42,51,27.3)->(42,52,27.8179)->(42,53,28.3858)->(42,54,29.0679)->(42,55,30.3858)->(42,56,32.6)->(41,56,34.8142)->(40,56,36.1321)->(39,56,36.8142)->(38,56,37.3821)->(37,56,37.9)->(36,56,38.4)->(35,56,38.9)->(34,56,39.4)->(33,56,39.9)->(32,56,40.4)->(31,56,40.9)->(30,56,41.4179)->(29,56,41.9858)->(28,56,42.6679)->(27,56,43.9858)->(26,56,46.6142)->(26,57,5023.5)->
Agent 59:(25,26,1.8)->(26,26,3.6)->(27,26,6.4)->(27,25,8.61421)->(27,24,9.93205)->(27,23,10.6641)->(27,22,11.3962)->(27,21,12.714)->(27,20,5006.06)->
