Agent 0:(1,0,1.3)->(1,1,2.01421)->(1,2,3.33205)->(1,3,4.01421)->(1,4,4.58205)->(1,5,5.1)->(1,6,5.6)->(1,7,6.1)->(1,8,6.6)->(1,9,7.1)->(1,10,7.6)->(1,11,8.1)->(1,12,8.6)->(1,13,9.1)->(1,14,9.6)->(1,15,10.1)->(1,16,10.6)->(1,17,11.1)->(1,18,11.6)->(1,19,12.1)->(1,20,12.6)->(1,21,13.1)->(1,22,13.6179)->(1,23,14.1858)->(1,24,14.8679)->(1,25,16.1858)->(1,26,18.4)->(2,26,20.6142)->(3,26,21.9321)->(4,26,22.6142)->(5,26,23.1821)->(6,26,23.7)->(7,26,24.2)->(8,26,24.7)->(9,26,25.2)->(10,26,25.7)->(11,26,26.2)->(12,26,26.7)->(13,26,27.2)->(14,26,27.7)->(15,26,28.2)->(16,26,28.7)->(17,26,29.2)->(18,26,29.7)->(19,26,30.2)->(20,26,30.7179)->(21,26,31.2858)->(22,26,31.9679)->(23,26,33.2858)->(24,26,5016.35)->
Agent 1:(20,14,1.3)->(20,15,2.01421)->(20,16,3.34806)->(20,17,4.17649)->(20,18,5.51034)->(20,19,7.72456)->(19,19,9.93877)->(18,19,11.2566)->(17,19,11.9388)->(16,19,12.5066)->(15,19,13.0246)->(14,19,13.5246)->(13,19,14.0246)->(12,19,14.5246)->(11,19,15.0246)->(10,19,15.5246)->(9,19,16.0246)->(8,19,16.5246)->(7,19,17.0425)->(6,19,17.6103)->(5,19,18.2925)->(4,19,19.6103)->(3,19,5009.51)->
Agent 2:(31,31,2.2)->(31,30,3.81421)->(31,29,5.13205)->(31,28,5.81421)->(31,27,6.38205)->(31,26,6.9)->(31,25,7.4)->(31,24,7.9)->(31,23,8.4)->(31,22,8.9)->(31,21,9.4)->(31,20,9.9)->(31,19,10.4)->(31,18,10.9)->(31,17,11.4)->(31,16,11.9)->(31,15,12.4)->(31,14,12.9)->(31,13,13.4179)->(31,12,13.9858)->(31,11,14.6679)->(31,10,15.9858)->(31,9,18.2)->(30,9,20.4142)->(29,9,21.7321)->(28,9,22.4142)->(27,9,22.9821)->(26,9,23.5)->(25,9,24)->(24,9,24.5)->(23,9,25)->(22,9,25.5)->(21,9,26.0179)->(20,9,26.5858)->(19,9,27.2679)->(18,9,28.5858)->(17,9,5014)->
Agent 3:(13,20,1.3)->(13,21,2.01421)->(13,22,3.34806)->(13,23,4.17649)->(13,24,5.51034)->(13,25,7.72456)->(12,25,9.93877)->(11,25,11.2566)->(10,25,11.9388)->(9,25,12.5066)->(8,25,13.0246)->(7,25,13.5246)->(6,25,14.0425)->(5,25,14.6103)->(4,25,15.2925)->(3,25,16.6103)->(2,25,5008.01)->
Agent 4:(12,5,1.71421)->(12,6,3.81421)->(13,6,6.44264)->(14,6,7.77649)->(15,6,8.60492)->(16,6,9.93877)->(17,6,5004.68)->
Agent 5:(29,21,2.2)->(29,20,3.81421)->(29,19,5.13205)->(29,18,5.82382)->(29,17,6.45949)->(29,16,7.15126)->(29,15,8.4691)->(29,14,13.6475)->(28,14,18.826)->(27,14,20.1438)->(26,14,20.826)->(25,14,21.3938)->(24,14,21.9117)->(23,14,22.4117)->(22,14,22.9117)->(21,14,23.4117)->(20,14,23.9117)->(19,14,24.4117)->(18,14,24.9117)->(17,14,25.4117)->(16,14,25.9117)->(15,14,26.4117)->(14,14,26.9117)->(13,14,27.4117)->(12,14,27.9117)->(11,14,28.4297)->(10,14,28.9975)->(9,14,29.6797)->(8,14,30.9975)->(7,14,5015.21)->
Agent 6:(5,4,1.8)->(6,4,3.04949)->(7,4,5.04949)->(8,4,5002.25)->
Agent 7:(27,29,2.2)->(27,28,3.81421)->(27,27,5.13205)->(27,26,5.81421)->(27,25,6.38205)->(27,24,6.9)->(27,23,7.4)->(27,22,7.9)->(27,21,8.4)->(27,20,8.9)->(27,19,9.4)->(27,18,9.9)->(27,17,10.4)->(27,16,10.9)->(27,15,11.4)->(27,14,11.9)->(27,13,12.4)->(27,12,12.9179)->(27,11,13.4858)->(27,10,14.1679)->(27,9,15.4858)->(27,8,17.7)->(26,8,19.9142)->(25,8,21.2321)->(24,8,21.9142)->(23,8,22.4821)->(22,8,23)->(21,8,23.5)->(20,8,24)->(19,8,24.5)->(18,8,25)->(17,8,25.5179)->(16,8,26.0858)->(15,8,26.7679)->(14,8,28.0858)->(13,8,5013.75)->
Agent 8:(14,30,2.2)->(14,29,3.81421)->(14,28,5.13205)->(14,27,5.81421)->(14,26,6.38205)->(14,25,6.9)->(14,24,7.4)->(14,23,7.9)->(14,22,8.4)->(14,21,8.9)->(14,20,9.4)->(14,19,9.91795)->(14,18,10.4858)->(14,17,11.1679)->(14,16,12.4858)->(14,15,14.7)->(15,15,16.9142)->(16,15,18.2321)->(17,15,18.9142)->(18,15,19.4821)->(19,15,20)->(20,15,20.5)->(21,15,21)->(22,15,21.5)->(23,15,22)->(24,15,22.5)->(25,15,23)->(26,15,23.5)->(27,15,24.0179)->(28,15,24.5858)->(29,15,25.2679)->(30,15,26.5858)->(31,15,5013)->
Agent 9:(24,24,2.2)->(24,23,3.81421)->(24,22,5.13205)->(24,21,5.81421)->(24,20,6.38205)->(24,19,6.9)->(24,18,7.41795)->(24,17,7.98579)->(24,16,8.66795)->(24,15,9.98579)->(24,14,12.2)->(23,14,14.4142)->(22,14,15.7321)->(21,14,16.4238)->(20,14,17.0595)->(19,14,17.7513)->(18,14,19.0691)->(17,14,21.6975)->(17,15,5011.04)->
