Agent 0:(14,0,1.3)->(14,1,2.01421)->(14,2,3.33205)->(14,3,4.01421)->(14,4,4.58205)->(14,5,5.1)->(14,6,5.6)->(14,7,6.1)->(14,8,6.6)->(14,9,7.1)->(14,10,7.6)->(14,11,8.1)->(14,12,8.6)->(14,13,9.1)->(14,14,9.6)->(14,15,10.1)->(14,16,10.6)->(14,17,11.1)->(14,18,11.6)->(14,19,12.1)->(14,20,12.6)->(14,21,13.1)->(14,22,13.6)->(14,23,14.1)->(14,24,14.6179)->(14,25,15.1858)->(14,26,15.8679)->(14,27,17.1858)->(14,28,19.4)->(15,28,21.6142)->(16,28,22.9321)->(17,28,23.6142)->(18,28,24.2)->(19,28,24.7858)->(20,28,25.4679)->(21,28,26.7858)->(22,28,5013.1)->
Agent 1:(5,7,1.3)->(5,8,2.01421)->(5,9,3.33205)->(5,10,4.01421)->(5,11,4.58205)->(5,12,5.1)->(5,13,5.6)->(5,14,6.1)->(5,15,6.61795)->(5,16,7.18579)->(5,17,7.86795)->(5,18,9.18579)->(5,19,11.8142)->(4,19,5006.1)->
Agent 2:(17,14,2.2)->(17,13,3.81421)->(17,12,5.13205)->(17,11,5.81421)->(17,10,6.38205)->(17,9,6.9)->(17,8,7.4)->(17,7,7.9)->(17,6,8.4)->(17,5,8.9)->(17,4,9.41795)->(17,3,9.98579)->(17,2,10.6679)->(17,1,11.9858)->(17,0,14.6142)->(18,0,5007.5)->
Agent 3:(20,21,2.2)->(20,20,3.81421)->(20,19,5.13205)->(20,18,5.81421)->(20,17,6.38205)->(20,16,6.9)->(20,15,7.4)->(20,14,7.9)->(20,13,8.4)->(20,12,8.9)->(20,11,9.4)->(20,10,9.9)->(20,9,10.4179)->(20,8,10.9858)->(20,7,11.6679)->(20,6,12.9858)->(20,5,15.2)->(19,5,17.4142)->(18,5,18.7321)->(17,5,19.4142)->(16,5,19.9821)->(15,5,20.5)->(14,5,21)->(13,5,21.5179)->(12,5,22.0858)->(11,5,22.7679)->(10,5,24.0858)->(9,5,5011.75)->
Agent 4:(20,15,1.8)->(19,15,3.04949)->(18,15,5.04949)->(17,15,5002.25)->
Agent 5:(7,0,1.3)->(7,1,2.01421)->(7,2,3.33205)->(7,3,4.01421)->(7,4,4.58205)->(7,5,5.1)->(7,6,5.6)->(7,7,6.1)->(7,8,6.6)->(7,9,7.1)->(7,10,7.6)->(7,11,8.1)->(7,12,8.6)->(7,13,9.1)->(7,14,9.6)->(7,15,10.1)->(7,16,10.6)->(7,17,11.1)->(7,18,11.6)->(7,19,12.1)->(7,20,12.6)->(7,21,13.1)->(7,22,13.6179)->(7,23,14.1858)->(7,24,14.8679)->(7,25,16.1858)->(7,26,18.4)->(6,26,20.6142)->(5,26,21.9321)->(4,26,22.6238)->(3,26,23.2595)->(2,26,23.9513)->(1,26,25.2691)->(0,26,5012.34)->
Agent 6:(3,11,1.3)->(3,12,2.6)->(3,13,5001.3)->
Agent 7:(5,15,1.3)->(5,16,2.01421)->(5,17,3.33205)->(5,18,4.01421)->(5,19,4.58205)->(5,20,5.1)->(5,21,5.6)->(5,22,6.1)->(5,23,6.61795)->(5,24,7.18579)->(5,25,7.86795)->(5,26,9.18579)->(5,27,11.6)->(6,27,14.0142)->(7,27,15.3321)->(8,27,16.0142)->(9,27,16.5821)->(10,27,17.1)->(11,27,17.6)->(12,27,18.1)->(13,27,18.6)->(14,27,19.1)->(15,27,19.6)->(16,27,20.1)->(17,27,20.6)->(18,27,21.1)->(19,27,21.6)->(20,27,22.1)->(21,27,22.6)->(22,27,23.1)->(23,27,23.6)->(24,27,24.1179)->(25,27,24.6858)->(26,27,25.3679)->(27,27,26.6858)->(28,27,5013.05)->
Agent 8:(4,23,2.2)->(4,22,3.81421)->(4,21,5.13205)->(4,20,5.81421)->(4,19,6.38205)->(4,18,6.9)->(4,17,7.4)->(4,16,7.9)->(4,15,8.41795)->(4,14,8.98579)->(4,13,9.66795)->(4,12,10.9858)->(4,11,13.2)->(5,11,15.4142)->(6,11,16.7321)->(7,11,17.4142)->(8,11,17.9821)->(9,11,18.5)->(10,11,19)->(11,11,19.5)->(12,11,20)->(13,11,20.5)->(14,11,21)->(15,11,21.5)->(16,11,22)->(17,11,22.5)->(18,11,23)->(19,11,23.5179)->(20,11,24.0858)->(21,11,24.7679)->(22,11,26.0858)->(23,11,5012.75)->
Agent 9:(0,31,2.2)->(0,30,3.81421)->(0,29,5.13205)->(0,28,5.81421)->(0,27,6.38205)->(0,26,6.9)->(0,25,7.4)->(0,24,7.9)->(0,23,8.4)->(0,22,8.9)->(0,21,9.4)->(0,20,9.9)->(0,19,10.4)->(0,18,10.9)->(0,17,11.4)->(0,16,11.9)->(0,15,12.4)->(0,14,12.9)->(0,13,13.4)->(0,12,13.9)->(0,11,14.4)->(0,10,14.9)->(0,9,15.4)->(0,8,15.9)->(0,7,16.4)->(0,6,16.9179)->(0,5,17.4858)->(0,4,18.1679)->(0,3,19.4858)->(0,2,21.7)->(1,2,23.9142)->(2,2,25.2321)->(3,2,25.9142)->(4,2,26.4821)->(5,2,27)->(6,2,27.5)->(7,2,28)->(8,2,28.5)->(9,2,29)->(10,2,29.5)->(11,2,30)->(12,2,30.5)->(13,2,31)->(14,2,31.5)->(15,2,32)->(16,2,32.5)->(17,2,33)->(18,2,33.5)->(19,2,34)->(20,2,34.5)->(21,2,35)->(22,2,35.5)->(23,2,36)->(24,2,36.5)->(25,2,37)->(26,2,37.5179)->(27,2,38.0858)->(28,2,38.7679)->(29,2,40.0858)->(30,2,5019.75)->
