Agent 0:(9,17,2.2)->(9,16,3.81421)->(9,15,5.13205)->(9,14,5.8641)->(9,13,6.59615)->(9,12,7.91399)->(9,11,10.1282)->(10,11,12.3424)->(11,11,13.6603)->(12,11,14.3424)->(13,11,14.9103)->(14,11,15.4282)->(15,11,15.9282)->(16,11,16.4282)->(17,11,16.9282)->(18,11,17.4282)->(19,11,17.9282)->(20,11,18.4282)->(21,11,18.9282)->(22,11,19.4282)->(23,11,19.9282)->(24,11,20.4282)->(25,11,20.9462)->(26,11,21.514)->(27,11,22.1962)->(28,11,23.514)->(29,11,5011.46)->
Agent 1:(18,4,1.3)->(18,5,2.01421)->(18,6,3.33205)->(18,7,4.01421)->(18,8,4.58205)->(18,9,5.1)->(18,10,5.6)->(18,11,6.1)->(18,12,6.6)->(18,13,7.1)->(18,14,7.6)->(18,15,8.1)->(18,16,8.6)->(18,17,9.1)->(18,18,9.6)->(18,19,10.1)->(18,20,10.6)->(18,21,11.1179)->(18,22,11.6858)->(18,23,12.3679)->(18,24,13.6858)->(18,25,15.9)->(19,25,18.1495)->(20,25,20.1495)->(21,25,5009.8)->
Agent 2:(9,20,4.4641)->(9,19,8.34242)->(9,18,9.66025)->(9,17,10.3424)->(9,16,10.9103)->(9,15,11.4282)->(9,14,11.9282)->(9,13,12.4282)->(9,12,12.9282)->(9,11,13.4282)->(9,10,13.9282)->(9,9,14.4282)->(9,8,14.9282)->(9,7,15.4282)->(9,6,15.9282)->(9,5,16.4462)->(9,4,17.014)->(9,3,17.6962)->(9,2,19.014)->(9,1,21.2282)->(10,1,23.4424)->(11,1,24.7603)->(12,1,25.4424)->(13,1,26.0103)->(14,1,26.5282)->(15,1,27.0282)->(16,1,27.5282)->(17,1,28.0282)->(18,1,28.5282)->(19,1,29.0282)->(20,1,29.5282)->(21,1,30.0282)->(22,1,30.5462)->(23,1,31.114)->(24,1,31.7962)->(25,1,33.114)->(26,1,5016.26)->
Agent 3:(28,21,2.2)->(28,20,3.81421)->(28,19,5.13205)->(28,18,5.81421)->(28,17,6.38205)->(28,16,6.9)->(28,15,7.4)->(28,14,7.9)->(28,13,8.41795)->(28,12,8.98579)->(28,11,9.66795)->(28,10,10.9858)->(28,9,13.2)->(27,9,15.4142)->(26,9,16.7321)->(25,9,17.4142)->(24,9,17.9821)->(23,9,18.5)->(22,9,19)->(21,9,19.5)->(20,9,20)->(19,9,20.5)->(18,9,21)->(17,9,21.5)->(16,9,22)->(15,9,22.5)->(14,9,23)->(13,9,23.5)->(12,9,24)->(11,9,24.5)->(10,9,25.0179)->(9,9,25.5858)->(8,9,26.2679)->(7,9,27.5858)->(6,9,5013.5)->
Agent 4:(7,17,2.2)->(7,16,3.81421)->(7,15,5.13205)->(7,14,5.81421)->(7,13,6.38205)->(7,12,6.9)->(7,11,7.4)->(7,10,7.9)->(7,9,8.41795)->(7,8,8.98579)->(7,7,9.66795)->(7,6,10.9858)->(7,5,13.2)->(6,5,16)->(5,5,5008)->
Agent 5:(29,27,2.2)->(29,26,3.81421)->(29,25,5.13205)->(29,24,5.81421)->(29,23,6.38205)->(29,22,6.9)->(29,21,7.4)->(29,20,7.9)->(29,19,8.4)->(29,18,8.9)->(29,17,9.4)->(29,16,9.9)->(29,15,10.4)->(29,14,10.9)->(29,13,11.4)->(29,12,11.9)->(29,11,12.4179)->(29,10,12.9858)->(29,9,13.6679)->(29,8,14.9858)->(29,7,17.2)->(30,7,20)->(31,7,5010)->
Agent 6:(30,22,2.2)->(30,21,3.81421)->(30,20,5.13205)->(30,19,5.8641)->(30,18,6.59615)->(30,17,7.91399)->(30,16,10.1282)->(29,16,12.3424)->(28,16,13.6603)->(27,16,14.3424)->(26,16,14.9103)->(25,16,15.4282)->(24,16,15.9462)->(23,16,16.514)->(22,16,17.1962)->(21,16,18.514)->(20,16,5008.96)->
Agent 7:(7,19,1.3)->(7,20,2.04949)->(7,21,4.04949)->(7,22,6.29898)->(8,22,8.51319)->(9,22,9.83103)->(10,22,10.5132)->(11,22,11.081)->(12,22,11.599)->(13,22,12.099)->(14,22,12.599)->(15,22,13.099)->(16,22,13.599)->(17,22,14.099)->(18,22,14.599)->(19,22,15.099)->(20,22,15.599)->(21,22,16.099)->(22,22,16.599)->(23,22,17.099)->(24,22,17.599)->(25,22,18.099)->(26,22,18.599)->(27,22,19.1169)->(28,22,19.6848)->(29,22,20.3669)->(30,22,21.6848)->(31,22,5010.55)->
Agent 8:(8,12,1.3)->(8,13,2.01421)->(8,14,3.33205)->(8,15,4.01421)->(8,16,4.6)->(8,17,5.18579)->(8,18,5.86795)->(8,19,7.18579)->(8,20,9.4)->(9,20,11.6142)->(10,20,12.9321)->(11,20,13.6142)->(12,20,14.1821)->(13,20,14.7)->(14,20,15.2179)->(15,20,15.7858)->(16,20,16.4679)->(17,20,17.7858)->(18,20,5008.6)->
Agent 9:(22,16,2.2)->(22,15,3.84949)->(22,14,5.84949)->(22,13,8.09898)->(21,13,10.3132)->(20,13,11.631)->(19,13,12.3132)->(18,13,12.881)->(17,13,13.399)->(16,13,13.899)->(15,13,14.4169)->(14,13,14.9848)->(13,13,15.6669)->(12,13,16.9848)->(11,13,5008.2)->
