Agent 0:(23,16,1.85)->(22,16,3.11421)->(21,16,4.43205)->(20,16,5.11421)->(19,16,5.68205)->(18,16,6.2)->(17,16,6.7)->(16,16,7.2)->(15,16,7.7)->(14,16,8.2)->(13,16,8.7)->(12,16,9.21795)->(11,16,9.78579)->(10,16,10.4679)->(9,16,11.7858)->(8,16,5005.6)->
Agent 1:(14,0,1.3)->(14,1,2.01421)->(14,2,3.33205)->(14,3,4.0641)->(14,4,4.79615)->(14,5,6.11399)->(14,6,8.3282)->(15,6,10.5424)->(16,6,11.9566)->(17,6,13.3708)->(18,6,5006.39)->
Agent 2:(11,10,1.3)->(11,11,2.01421)->(11,12,3.33205)->(11,13,4.01421)->(11,14,4.58205)->(11,15,5.1)->(11,16,5.6)->(11,17,6.1)->(11,18,6.6)->(11,19,7.1)->(11,20,7.6)->(11,21,8.1)->(11,22,8.6)->(11,23,9.11795)->(11,24,9.68579)->(11,25,10.3679)->(11,26,11.6858)->(11,27,13.9)->(10,27,16.1142)->(9,27,17.5284)->(8,27,18.9426)->(7,27,5009.18)->
Agent 3:(3,15,2.2)->(3,14,3.81421)->(3,13,5.13205)->(3,12,5.8641)->(3,11,6.59615)->(3,10,7.91399)->(3,9,10.1282)->(2,9,12.9282)->(1,9,5006.46)->
Agent 4:(11,7,3.6)->(11,8,6.61421)->(11,9,7.93205)->(11,10,8.61421)->(11,11,9.18205)->(11,12,9.7)->(11,13,10.2)->(11,14,10.7)->(11,15,11.2)->(11,16,11.7)->(11,17,12.2)->(11,18,12.7)->(11,19,13.2)->(11,20,13.7)->(11,21,14.2)->(11,22,14.7)->(11,23,15.2)->(11,24,15.7)->(11,25,16.2)->(11,26,16.7)->(11,27,17.2179)->(11,28,17.7858)->(11,29,18.4679)->(11,30,19.7858)->(11,31,22)->(12,31,24.2142)->(13,31,25.5321)->(14,31,26.2142)->(15,31,26.7821)->(16,31,27.3)->(17,31,27.8)->(18,31,28.3179)->(19,31,28.8858)->(20,31,29.5679)->(21,31,30.8858)->(22,31,5015.15)->
Agent 5:(12,22,2.6)->(12,21,4.61421)->(12,20,5.93205)->(12,19,6.61421)->(12,18,7.18205)->(12,17,7.7)->(12,16,8.2)->(12,15,8.7)->(12,14,9.2)->(12,13,9.7)->(12,12,10.2)->(12,11,10.7)->(12,10,11.2)->(12,9,11.7)->(12,8,12.2)->(12,7,12.7)->(12,6,13.2179)->(12,5,13.7858)->(12,4,14.4679)->(12,3,15.7858)->(12,2,18)->(13,2,20.2142)->(14,2,21.6284)->(15,2,23.0426)->(16,2,5011.23)->
Agent 6:(14,25,2.2)->(14,24,4.4)->(14,23,7.33579)->(13,23,9.68579)->(12,23,11.0036)->(11,23,11.6858)->(10,23,12.2536)->(9,23,12.7716)->(8,23,13.2716)->(7,23,13.7716)->(6,23,14.2716)->(5,23,14.7895)->(4,23,15.3574)->(3,23,16.0395)->(2,23,17.3574)->(1,23,5008.39)->
Agent 7:(15,28,2.2)->(15,27,3.81421)->(15,26,5.22843)->(15,25,6.64264)->(15,24,8.85685)->(14,24,11.0711)->(13,24,12.3889)->(12,24,13.0711)->(11,24,13.6389)->(10,24,14.1569)->(9,24,14.6748)->(8,24,15.2426)->(7,24,15.9248)->(6,24,17.2426)->(5,24,5008.33)->
Agent 8:(18,24,1.3)->(18,25,2.01421)->(18,26,3.42843)->(18,27,4.84264)->(18,28,7.51421)->(17,28,10.1858)->(16,28,11.5036)->(15,28,12.1858)->(14,28,12.7536)->(13,28,13.2716)->(12,28,13.7716)->(11,28,14.2716)->(10,28,14.7716)->(9,28,15.2716)->(8,28,15.7716)->(7,28,16.2716)->(6,28,16.7716)->(5,28,17.2895)->(4,28,17.8574)->(3,28,18.5395)->(2,28,19.8574)->(1,28,5009.64)->
Agent 9:(3,10,2.85)->(4,10,5.11421)->(5,10,6.43205)->(6,10,7.11421)->(7,10,7.68205)->(8,10,8.2)->(9,10,8.7)->(10,10,9.2)->(11,10,9.7)->(12,10,10.2)->(13,10,10.7)->(14,10,11.2)->(15,10,11.7)->(16,10,12.2)->(17,10,12.7)->(18,10,13.2)->(19,10,13.7)->(20,10,14.2)->(21,10,14.7179)->(22,10,15.2858)->(23,10,15.9679)->(24,10,17.2858)->(25,10,19.5)->(25,11,21.7495)->(25,12,23.7495)->(25,13,5011.6)->
