Agent 0:(17,4,1.3)->(17,5,2.01421)->(17,6,3.33205)->(17,7,4.01421)->(17,8,4.58205)->(17,9,5.1)->(17,10,5.6)->(17,11,6.1)->(17,12,6.6)->(17,13,7.1)->(17,14,7.6)->(17,15,8.1)->(17,16,8.6)->(17,17,9.1)->(17,18,9.61795)->(17,19,10.1858)->(17,20,10.8679)->(17,21,12.1858)->(17,22,14.4)->(16,22,16.6142)->(15,22,17.9321)->(14,22,18.6142)->(13,22,19.1821)->(12,22,19.7)->(11,22,20.2)->(10,22,20.7)->(9,22,21.2)->(8,22,21.7)->(7,22,22.2)->(6,22,22.7)->(5,22,23.2179)->(4,22,23.7858)->(3,22,24.4679)->(2,22,25.7858)->(1,22,5012.6)->
Agent 1:(12,0,1.3)->(12,1,2.01421)->(12,2,3.33205)->(12,3,4.01421)->(12,4,4.58205)->(12,5,5.1)->(12,6,5.6)->(12,7,6.1)->(12,8,6.6)->(12,9,7.1)->(12,10,7.6)->(12,11,8.1)->(12,12,8.6)->(12,13,9.1)->(12,14,9.6)->(12,15,10.1)->(12,16,10.6)->(12,17,11.1)->(12,18,11.6)->(12,19,12.1)->(12,20,12.6179)->(12,21,13.1858)->(12,22,13.8679)->(12,23,15.1858)->(12,24,17.4)->(13,24,19.6142)->(14,24,21.0284)->(15,24,22.4426)->(16,24,5010.93)->
Agent 2:(21,15,1.3)->(21,16,2.01421)->(21,17,3.33205)->(21,18,4.01421)->(21,19,4.58205)->(21,20,5.1)->(21,21,5.6)->(21,22,6.11795)->(21,23,6.68579)->(21,24,7.36795)->(21,25,8.68579)->(21,26,10.9)->(20,26,13.1142)->(19,26,14.4321)->(18,26,15.1142)->(17,26,15.6821)->(16,26,16.2)->(15,26,16.7)->(14,26,17.2)->(13,26,17.7)->(12,26,18.2)->(11,26,18.7)->(10,26,19.2)->(9,26,19.7)->(8,26,20.2179)->(7,26,20.7858)->(6,26,21.4679)->(5,26,22.7858)->(4,26,5011.1)->
Agent 3:(29,4,1.3)->(29,5,2.6)->(29,6,5.4)->(28,6,7.61421)->(27,6,8.93205)->(26,6,9.61421)->(25,6,10.1821)->(24,6,10.7)->(23,6,11.2)->(22,6,11.7)->(21,6,12.2)->(20,6,12.7)->(19,6,13.2)->(18,6,13.7)->(17,6,14.2)->(16,6,14.7)->(15,6,15.2)->(14,6,15.7179)->(13,6,16.2858)->(12,6,16.9679)->(11,6,18.2858)->(10,6,5008.85)->
Agent 4:(21,0,1.3)->(21,1,2.6)->(21,2,5.4)->(20,2,7.61421)->(19,2,8.93205)->(18,2,9.61421)->(17,2,10.1821)->(16,2,10.7)->(15,2,11.2)->(14,2,11.7)->(13,2,12.2)->(12,2,12.7)->(11,2,13.2)->(10,2,13.7)->(9,2,14.2)->(8,2,14.7)->(7,2,15.2)->(6,2,15.7179)->(5,2,16.2858)->(4,2,16.9679)->(3,2,18.2858)->(2,2,5008.85)->
Agent 5:(14,21,1.8)->(15,21,3.01421)->(16,21,4.33205)->(17,21,5.01421)->(18,21,5.58205)->(19,21,6.11795)->(20,21,6.68579)->(21,21,7.36795)->(22,21,8.68579)->(23,21,5004.05)->
Agent 6:(20,31,2.2)->(20,30,3.81421)->(20,29,5.13205)->(20,28,5.81421)->(20,27,6.38205)->(20,26,6.9)->(20,25,7.4)->(20,24,7.9)->(20,23,8.4)->(20,22,8.9)->(20,21,9.4)->(20,20,9.91795)->(20,19,10.4858)->(20,18,11.1679)->(20,17,12.4858)->(20,16,14.7)->(21,16,17.5)->(22,16,5008.75)->
Agent 7:(12,30,1.8)->(13,30,3.01421)->(14,30,4.33205)->(15,30,5.01421)->(16,30,5.58205)->(17,30,6.1)->(18,30,6.6)->(19,30,7.1)->(20,30,7.6)->(21,30,8.1)->(22,30,8.61795)->(23,30,9.18579)->(24,30,9.86795)->(25,30,11.1858)->(26,30,13.4)->(26,29,15.6142)->(26,28,17.0284)->(26,27,18.4426)->(26,26,5008.93)->
Agent 8:(27,2,1.3)->(27,3,2.04949)->(27,4,4.04949)->(27,5,6.29898)->(26,5,8.51319)->(25,5,9.83103)->(24,5,10.5132)->(23,5,11.099)->(22,5,11.6848)->(21,5,12.3669)->(20,5,13.6848)->(19,5,5006.55)->
Agent 9:(28,26,2.2)->(28,25,3.81421)->(28,24,5.14806)->(28,23,5.97649)->(28,22,7.31034)->(28,21,9.93877)->(27,21,5005.16)->
