Agent 0:(12,8,1.3)->(12,9,2.01421)->(12,10,3.42843)->(12,11,4.84264)->(12,12,7.05685)->(13,12,9.27107)->(14,12,10.5889)->(15,12,11.2711)->(16,12,11.8389)->(17,12,12.3569)->(18,12,12.8569)->(19,12,13.3569)->(20,12,13.8569)->(21,12,14.3569)->(22,12,14.8569)->(23,12,15.3569)->(24,12,15.8569)->(25,12,16.3748)->(26,12,16.9426)->(27,12,17.6248)->(28,12,18.9426)->(29,12,5009.18)->
Agent 1:(13,19,1.3)->(13,20,2.04949)->(13,21,4.04949)->(13,22,6.71319)->(14,22,5003.55)->
Agent 2:(4,29,2.2)->(4,28,3.81421)->(4,27,5.13205)->(4,26,5.81421)->(4,25,6.38205)->(4,24,6.9)->(4,23,7.4)->(4,22,7.9)->(4,21,8.4)->(4,20,8.9)->(4,19,9.4)->(4,18,9.9)->(4,17,10.4)->(4,16,10.9)->(4,15,11.4)->(4,14,11.9)->(4,13,12.4)->(4,12,12.9)->(4,11,13.4)->(4,10,13.9)->(4,9,14.4)->(4,8,14.9179)->(4,7,15.4858)->(4,6,16.1679)->(4,5,17.4858)->(4,4,19.7)->(5,4,21.9142)->(6,4,23.3284)->(7,4,24.7426)->(8,4,5012.08)->
Agent 3:(17,21,2.01744)->(16,21,3.44909)->(15,21,4.76693)->(14,21,5.4587)->(13,21,6.09437)->(12,21,6.78614)->(11,21,8.10398)->(10,21,5003.76)->
Agent 4:(15,0,1.3)->(15,1,2.01421)->(15,2,3.33205)->(15,3,4.01421)->(15,4,4.58205)->(15,5,5.1)->(15,6,5.6)->(15,7,6.1)->(15,8,6.6)->(15,9,7.1)->(15,10,7.6)->(15,11,8.1)->(15,12,8.6)->(15,13,9.1)->(15,14,9.6)->(15,15,10.1)->(15,16,10.6)->(15,17,11.1)->(15,18,11.6)->(15,19,12.1)->(15,20,12.6)->(15,21,13.1)->(15,22,13.6)->(15,23,14.1)->(15,24,14.6179)->(15,25,15.1858)->(15,26,15.8679)->(15,27,17.1858)->(15,28,19.4)->(14,28,21.6142)->(13,28,22.9321)->(12,28,23.6142)->(11,28,24.1821)->(10,28,24.7)->(9,28,25.2179)->(8,28,25.7858)->(7,28,26.4679)->(6,28,27.7858)->(5,28,5013.6)->
Agent 5:(14,31,1.8)->(15,31,3.01421)->(16,31,4.33205)->(17,31,5.01421)->(18,31,5.58205)->(19,31,6.1)->(20,31,6.6)->(21,31,7.1)->(22,31,7.6)->(23,31,8.1)->(24,31,8.6)->(25,31,9.11795)->(26,31,9.68579)->(27,31,10.3679)->(28,31,11.6858)->(29,31,13.9)->(29,30,16.1142)->(29,29,17.4321)->(29,28,18.1142)->(29,27,18.6821)->(29,26,19.2)->(29,25,19.7)->(29,24,20.2)->(29,23,20.7)->(29,22,21.2)->(29,21,21.7)->(29,20,22.2179)->(29,19,22.7858)->(29,18,23.4679)->(29,17,24.7858)->(29,16,5012.1)->
Agent 6:(30,21,2.2)->(30,20,3.81421)->(30,19,5.13205)->(30,18,5.81421)->(30,17,6.38205)->(30,16,6.9)->(30,15,7.4)->(30,14,7.9)->(30,13,8.4)->(30,12,8.9)->(30,11,9.4)->(30,10,9.91795)->(30,9,10.4858)->(30,8,11.1679)->(30,7,12.4858)->(30,6,14.7)->(29,6,16.9142)->(28,6,18.2321)->(27,6,18.9142)->(26,6,19.4821)->(25,6,20)->(24,6,20.5)->(23,6,21)->(22,6,21.5)->(21,6,22)->(20,6,22.5)->(19,6,23)->(18,6,23.5)->(17,6,24)->(16,6,24.5)->(15,6,25.0179)->(14,6,25.5858)->(13,6,26.2679)->(12,6,27.5858)->(11,6,5013.5)->
Agent 7:(24,30,2.2)->(24,29,4.4)->(24,28,7.2)->(25,28,9.44949)->(26,28,11.4495)->(27,28,5005.45)->
Agent 8:(30,26,2.2)->(30,25,3.81421)->(30,24,5.22843)->(30,23,6.64264)->(30,22,8.85685)->(29,22,11.0711)->(28,22,12.3889)->(27,22,13.0711)->(26,22,13.6389)->(25,22,14.1748)->(24,22,14.7426)->(23,22,15.4248)->(22,22,16.7426)->(21,22,5008.08)->
Agent 9:(18,4,1.3)->(18,5,2.01421)->(18,6,3.33205)->(18,7,4.01421)->(18,8,4.58205)->(18,9,5.1)->(18,10,5.6)->(18,11,6.1)->(18,12,6.6)->(18,13,7.1)->(18,14,7.61795)->(18,15,8.18579)->(18,16,8.86795)->(18,17,10.1858)->(18,18,12.4)->(17,18,14.6142)->(16,18,15.9321)->(15,18,16.6142)->(14,18,17.1821)->(13,18,17.7)->(12,18,18.2)->(11,18,18.7179)->(10,18,19.2858)->(9,18,19.9679)->(8,18,21.2858)->(7,18,5010.35)->
