Agent 0:(0,23,2.2)->(0,22,3.81421)->(0,21,5.14806)->(0,20,5.97649)->(0,19,7.31034)->(0,18,9.52456)->(1,18,11.7388)->(2,18,13.0566)->(3,18,13.7388)->(4,18,14.3066)->(5,18,14.8246)->(6,18,15.3246)->(7,18,15.8246)->(8,18,16.3246)->(9,18,16.8246)->(10,18,17.3246)->(11,18,17.8246)->(12,18,18.3246)->(13,18,18.8246)->(14,18,19.3425)->(15,18,19.9103)->(16,18,20.5925)->(17,18,21.9103)->(18,18,5010.66)->
Agent 1:(12,24,2.2)->(12,23,3.81421)->(12,22,5.13205)->(12,21,5.81421)->(12,20,6.38205)->(12,19,6.9)->(12,18,7.4)->(12,17,7.9)->(12,16,8.4)->(12,15,8.9)->(12,14,9.4)->(12,13,9.9)->(12,12,10.4)->(12,11,10.9)->(12,10,11.4)->(12,9,11.9)->(12,8,12.4)->(12,7,12.9)->(12,6,13.4)->(12,5,13.9179)->(12,4,14.4858)->(12,3,15.1679)->(12,2,16.4858)->(12,1,18.7)->(13,1,20.9495)->(14,1,22.9495)->(15,1,5011.2)->
Agent 2:(28,28,2.61421)->(28,27,6.02843)->(27,27,5003.41)->
Agent 3:(18,6,1.3)->(18,7,2.01421)->(18,8,3.33205)->(18,9,4.01421)->(18,10,4.58205)->(18,11,5.1)->(18,12,5.6)->(18,13,6.1)->(18,14,6.6)->(18,15,7.1)->(18,16,7.6)->(18,17,8.1)->(18,18,8.6)->(18,19,9.1)->(18,20,9.6)->(18,21,10.1)->(18,22,10.6)->(18,23,11.1)->(18,24,11.6179)->(18,25,12.1858)->(18,26,12.8679)->(18,27,14.1858)->(18,28,16.8142)->(17,28,5008.6)->
Agent 4:(13,18,1.3)->(13,19,2.01421)->(13,20,3.33205)->(13,21,4.01421)->(13,22,4.58205)->(13,23,5.1)->(13,24,5.6)->(13,25,6.1)->(13,26,6.61795)->(13,27,7.18579)->(13,28,7.86795)->(13,29,9.18579)->(13,30,11.4)->(14,30,13.6142)->(15,30,14.9321)->(16,30,15.6142)->(17,30,16.1821)->(18,30,16.7)->(19,30,17.2179)->(20,30,17.7858)->(21,30,18.4679)->(22,30,19.7858)->(23,30,5009.6)->
Agent 5:(15,8,1.71421)->(15,9,3.81421)->(16,9,6.44264)->(17,9,7.76048)->(18,9,8.44264)->(19,9,9.01048)->(20,9,9.52843)->(21,9,10.0284)->(22,9,10.5284)->(23,9,11.0284)->(24,9,11.5284)->(25,9,12.0284)->(26,9,12.5284)->(27,9,13.0464)->(28,9,13.6142)->(29,9,14.2964)->(30,9,15.6142)->(31,9,5007.51)->
Agent 6:(6,30,2.2)->(6,29,3.81421)->(6,28,5.13205)->(6,27,5.81421)->(6,26,6.38205)->(6,25,6.9)->(6,24,7.4)->(6,23,7.9)->(6,22,8.4)->(6,21,8.9)->(6,20,9.4)->(6,19,9.9)->(6,18,10.4)->(6,17,10.9)->(6,16,11.4)->(6,15,11.9)->(6,14,12.4179)->(6,13,12.9858)->(6,12,13.6679)->(6,11,14.9858)->(6,10,17.2)->(7,10,19.4142)->(8,10,20.7321)->(9,10,21.4142)->(10,10,21.9821)->(11,10,22.5)->(12,10,23)->(13,10,23.5)->(14,10,24)->(15,10,24.5)->(16,10,25)->(17,10,25.5)->(18,10,26)->(19,10,26.5)->(20,10,27)->(21,10,27.5)->(22,10,28)->(23,10,28.5)->(24,10,29)->(25,10,29.5)->(26,10,30)->(27,10,30.5179)->(28,10,31.0858)->(29,10,31.7679)->(30,10,33.0858)->(31,10,5016.25)->
Agent 7:(1,10,1.3)->(1,11,2.01421)->(1,12,3.33205)->(1,13,4.01421)->(1,14,4.58205)->(1,15,5.1)->(1,16,5.6)->(1,17,6.1)->(1,18,6.6)->(1,19,7.1)->(1,20,7.6)->(1,21,8.1)->(1,22,8.6)->(1,23,9.1)->(1,24,9.6)->(1,25,10.1)->(1,26,10.6)->(1,27,11.1179)->(1,28,11.6858)->(1,29,12.3679)->(1,30,13.6858)->(1,31,15.9)->(2,31,18.1142)->(3,31,19.4321)->(4,31,20.1142)->(5,31,20.6821)->(6,31,21.2)->(7,31,21.7)->(8,31,22.2)->(9,31,22.7)->(10,31,23.2)->(11,31,23.7)->(12,31,24.2)->(13,31,24.7)->(14,31,25.2)->(15,31,25.7)->(16,31,26.2)->(17,31,26.7)->(18,31,27.2)->(19,31,27.7)->(20,31,28.2179)->(21,31,28.7858)->(22,31,29.4679)->(23,31,30.7858)->(24,31,5015.1)->
Agent 8:(6,11,2.2)->(6,10,4.4)->(6,9,7.2)->(7,9,9.41421)->(8,9,10.7321)->(9,9,11.4142)->(10,9,11.9821)->(11,9,12.5)->(12,9,13.0179)->(13,9,13.5858)->(14,9,14.2679)->(15,9,15.5858)->(16,9,5007.5)->
Agent 9:(13,22,1.8)->(14,22,3.04949)->(15,22,5.04949)->(16,22,7.29898)->(16,21,10.099)->(16,20,5005.05)->
