Agent 0:(24,4,1.3)->(24,5,2.04949)->(24,6,4.04949)->(24,7,6.71319)->(23,7,5003.55)->
Agent 1:(16,26,2.2)->(16,25,3.81421)->(16,24,5.13205)->(16,23,5.81421)->(16,22,6.4)->(16,21,6.98579)->(16,20,7.66795)->(16,19,8.98579)->(16,18,11.2)->(15,18,13.4142)->(14,18,14.7321)->(13,18,15.4142)->(12,18,15.9821)->(11,18,16.5)->(10,18,17)->(9,18,17.5)->(8,18,18)->(7,18,18.5)->(6,18,19)->(5,18,19.5179)->(4,18,20.0858)->(3,18,20.7679)->(2,18,22.0858)->(1,18,5010.75)->
Agent 2:(21,30,2.2)->(21,29,3.84949)->(21,28,5.84949)->(21,27,8.6637)->(20,27,11.4426)->(19,27,12.7605)->(18,27,13.4426)->(17,27,14.0284)->(16,27,14.6142)->(15,27,15.2964)->(14,27,16.6142)->(13,27,5008.01)->
Agent 3:(3,18,2.2)->(3,17,3.81421)->(3,16,5.13205)->(3,15,5.81421)->(3,14,6.38205)->(3,13,6.9)->(3,12,7.41795)->(3,11,7.98579)->(3,10,8.66795)->(3,9,9.98579)->(3,8,12.2)->(4,8,14.4142)->(5,8,15.7321)->(6,8,16.4142)->(7,8,16.9821)->(8,8,17.5)->(9,8,18)->(10,8,18.5)->(11,8,19)->(12,8,19.5179)->(13,8,20.0858)->(14,8,20.7679)->(15,8,22.0858)->(16,8,5010.75)->
Agent 4:(11,24,2.2)->(11,23,3.81421)->(11,22,5.13205)->(11,21,5.81421)->(11,20,6.38205)->(11,19,6.9)->(11,18,7.4)->(11,17,7.91795)->(11,16,8.48579)->(11,15,9.16795)->(11,14,10.4858)->(11,13,12.7)->(12,13,14.9142)->(13,13,16.2321)->(14,13,16.9142)->(15,13,17.4821)->(16,13,18)->(17,13,18.5)->(18,13,19)->(19,13,19.5)->(20,13,20)->(21,13,20.5)->(22,13,21)->(23,13,21.5)->(24,13,22)->(25,13,22.5)->(26,13,23)->(27,13,23.5179)->(28,13,24.0858)->(29,13,24.7679)->(30,13,26.0858)->(31,13,5012.75)->
Agent 5:(16,20,1.8)->(15,20,3.6)->(14,20,6.4)->(14,21,8.61421)->(14,22,9.93205)->(14,23,10.6142)->(14,24,11.2)->(14,25,11.7858)->(14,26,12.4679)->(14,27,13.7858)->(14,28,5006.6)->
Agent 6:(21,12,2.2)->(21,11,3.81421)->(21,10,5.13205)->(21,9,5.81421)->(21,8,6.38205)->(21,7,6.9)->(21,6,7.4)->(21,5,7.9)->(21,4,8.41795)->(21,3,8.98579)->(21,2,9.66795)->(21,1,10.9858)->(21,0,13.2)->(22,0,15.4142)->(23,0,16.7481)->(24,0,17.5765)->(25,0,18.9103)->(26,0,5009.16)->
Agent 7:(18,16,2.2)->(18,15,3.81421)->(18,14,5.13205)->(18,13,5.81421)->(18,12,6.38205)->(18,11,6.9)->(18,10,7.4)->(18,9,7.9)->(18,8,8.4)->(18,7,8.9)->(18,6,9.41795)->(18,5,9.98579)->(18,4,10.6679)->(18,3,11.9858)->(18,2,14.2)->(17,2,16.4142)->(16,2,17.7321)->(15,2,18.4238)->(14,2,19.0595)->(13,2,19.7513)->(12,2,21.0691)->(11,2,5010.24)->
Agent 8:(19,3,1.3)->(19,4,2.01421)->(19,5,3.33205)->(19,6,4.01421)->(19,7,4.58205)->(19,8,5.1)->(19,9,5.6)->(19,10,6.1)->(19,11,6.6)->(19,12,7.1)->(19,13,7.6)->(19,14,8.1)->(19,15,8.6)->(19,16,9.1)->(19,17,9.6)->(19,18,10.1)->(19,19,10.6)->(19,20,11.1)->(19,21,11.6)->(19,22,12.1)->(19,23,12.6179)->(19,24,13.1858)->(19,25,13.8679)->(19,26,15.1858)->(19,27,5007.3)->
Agent 9:(20,31,2.2)->(20,30,3.81421)->(20,29,5.13205)->(20,28,5.81421)->(20,27,6.38205)->(20,26,6.9)->(20,25,7.4)->(20,24,7.9)->(20,23,8.4)->(20,22,8.9)->(20,21,9.41795)->(20,20,9.98579)->(20,19,10.6679)->(20,18,11.9858)->(20,17,14.2)->(19,17,16.4495)->(18,17,18.4495)->(17,17,5008.95)->
