Agent 0:(16,6,2.2)->(16,5,3.81421)->(16,4,5.14806)->(16,3,5.97649)->(16,2,7.31034)->(16,1,9.52456)->(15,1,11.7388)->(14,1,13.0566)->(13,1,13.7887)->(12,1,14.5207)->(11,1,15.8385)->(10,1,5007.63)->
Agent 1:(22,16,2.2)->(22,15,4.4)->(22,14,7.2)->(23,14,9.41421)->(24,14,10.7321)->(25,14,11.4641)->(26,14,12.1962)->(27,14,13.514)->(28,14,5006.46)->
Agent 2:(13,1,1.3)->(13,2,2.01421)->(13,3,3.42843)->(13,4,4.84264)->(13,5,7.05685)->(14,5,9.27107)->(15,5,10.5889)->(16,5,11.2711)->(17,5,11.8569)->(18,5,12.4426)->(19,5,13.1248)->(20,5,14.4426)->(21,5,5006.93)->
Agent 3:(28,7,1.3)->(28,8,2.01421)->(28,9,3.33205)->(28,10,4.01421)->(28,11,4.58205)->(28,12,5.1)->(28,13,5.61795)->(28,14,6.18579)->(28,15,6.86795)->(28,16,8.18579)->(28,17,10.4)->(29,17,13.2)->(30,17,5006.6)->
Agent 4:(7,3,1.3)->(7,4,2.01421)->(7,5,3.33205)->(7,6,4.01421)->(7,7,4.58205)->(7,8,5.1)->(7,9,5.6)->(7,10,6.1)->(7,11,6.6)->(7,12,7.11795)->(7,13,7.68579)->(7,14,8.36795)->(7,15,9.68579)->(7,16,11.9)->(8,16,14.1142)->(9,16,15.4321)->(10,16,16.1142)->(11,16,16.6821)->(12,16,17.2179)->(13,16,17.7858)->(14,16,18.4679)->(15,16,19.7858)->(16,16,5009.6)->
Agent 5:(20,15,2.2)->(20,14,3.81421)->(20,13,5.13205)->(20,12,5.81421)->(20,11,6.38205)->(20,10,6.9)->(20,9,7.4)->(20,8,7.91795)->(20,7,8.48579)->(20,6,9.16795)->(20,5,10.4858)->(20,4,12.7)->(21,4,14.9142)->(22,4,16.2321)->(23,4,16.9641)->(24,4,17.6962)->(25,4,19.014)->(26,4,5009.21)->
Agent 6:(10,17,2.61421)->(10,16,5.61421)->(11,16,8.24264)->(12,16,9.56048)->(13,16,10.2426)->(14,16,10.8105)->(15,16,11.3284)->(16,16,11.8284)->(17,16,12.3464)->(18,16,12.9142)->(19,16,13.5964)->(20,16,14.9142)->(21,16,5007.16)->
Agent 7:(12,24,1.3)->(12,25,2.01421)->(12,26,3.33205)->(12,27,4.02382)->(12,28,4.65949)->(12,29,5.35126)->(12,30,6.6691)->(12,31,8.88331)->(13,31,11.0975)->(14,31,12.4154)->(15,31,13.0975)->(16,31,13.6654)->(17,31,14.1833)->(18,31,14.6833)->(19,31,15.1833)->(20,31,15.6833)->(21,31,16.1833)->(22,31,16.6833)->(23,31,17.1833)->(24,31,17.7013)->(25,31,18.2691)->(26,31,18.9513)->(27,31,20.2691)->(28,31,5009.84)->
Agent 8:(31,23,1.3)->(31,24,2.01421)->(31,25,3.33205)->(31,26,4.02382)->(31,27,4.65949)->(31,28,5.35126)->(31,29,6.6691)->(31,30,8.88331)->(30,30,11.0975)->(29,30,12.4154)->(28,30,13.1474)->(27,30,13.8795)->(26,30,15.1973)->(25,30,5007.31)->
Agent 9:(23,3,2.91421)->(23,4,5.24264)->(23,5,6.56048)->(23,6,7.24264)->(23,7,7.81048)->(23,8,8.32843)->(23,9,8.82843)->(23,10,9.32843)->(23,11,9.82843)->(23,12,10.3284)->(23,13,10.8284)->(23,14,11.3284)->(23,15,11.8284)->(23,16,12.3464)->(23,17,12.9142)->(23,18,13.5964)->(23,19,14.9142)->(23,20,17.1284)->(22,20,19.3426)->(21,20,20.6605)->(20,20,21.3426)->(19,20,21.9284)->(18,20,22.5142)->(17,20,23.1964)->(16,20,24.5142)->(15,20,5011.96)->
