Agent 0:(5,14,1.3)->(5,15,2.6)->(5,16,5.4)->(6,16,7.61421)->(7,16,8.93205)->(8,16,9.61421)->(9,16,10.1821)->(10,16,10.7)->(11,16,11.2)->(12,16,11.7)->(13,16,12.2)->(14,16,12.7)->(15,16,13.2)->(16,16,13.7)->(17,16,14.2)->(18,16,14.7)->(19,16,15.2)->(20,16,15.7)->(21,16,16.2)->(22,16,16.7179)->(23,16,17.2858)->(24,16,17.9679)->(25,16,19.2858)->(26,16,5009.35)->
Agent 1:(26,6,1.3)->(26,7,2.01421)->(26,8,3.33205)->(26,9,4.02382)->(26,10,4.65949)->(26,11,5.35126)->(26,12,6.6691)->(26,13,8.88331)->(27,13,11.1328)->(28,13,13.1328)->(29,13,5006.29)->
Agent 2:(0,21,1.3)->(0,22,2.01421)->(0,23,3.33205)->(0,24,4.01421)->(0,25,4.58205)->(0,26,5.11795)->(0,27,5.68579)->(0,28,6.36795)->(0,29,7.68579)->(0,30,9.9)->(1,30,12.1142)->(2,30,13.4321)->(3,30,14.1142)->(4,30,14.6821)->(5,30,15.2179)->(6,30,15.7858)->(7,30,16.4679)->(8,30,17.7858)->(9,30,5008.6)->
Agent 3:(27,26,2.2)->(27,25,3.81421)->(27,24,5.13205)->(27,23,5.81421)->(27,22,6.38205)->(27,21,6.9)->(27,20,7.4)->(27,19,7.9)->(27,18,8.41795)->(27,17,8.98579)->(27,16,9.66795)->(27,15,10.9858)->(27,14,13.7411)->(28,14,17.0823)->(29,14,5008.54)->
Agent 4:(9,18,1.8)->(8,18,3.01421)->(7,18,4.34806)->(6,18,5.17649)->(5,18,6.51034)->(4,18,5002.96)->
Agent 5:(28,31,3.04115)->(28,30,5.49651)->(28,29,6.81435)->(28,28,7.49651)->(28,27,8.06435)->(28,26,8.58229)->(28,25,9.08229)->(28,24,9.58229)->(28,23,10.0823)->(28,22,10.5823)->(28,21,11.0823)->(28,20,11.5823)->(28,19,12.0823)->(28,18,12.5823)->(28,17,13.0823)->(28,16,13.5823)->(28,15,14.0823)->(28,14,14.5823)->(28,13,15.0823)->(28,12,15.5823)->(28,11,16.0823)->(28,10,16.6002)->(28,9,17.1681)->(28,8,17.8502)->(28,7,19.1681)->(28,6,21.3823)->(27,6,23.5965)->(26,6,24.9143)->(25,6,25.5965)->(24,6,26.1643)->(23,6,26.6823)->(22,6,27.1823)->(21,6,27.6823)->(20,6,28.1823)->(19,6,28.6823)->(18,6,29.1823)->(17,6,29.6823)->(16,6,30.1823)->(15,6,30.6823)->(14,6,31.1823)->(13,6,31.6823)->(12,6,32.1823)->(11,6,32.6823)->(10,6,33.1823)->(9,6,33.6823)->(8,6,34.1823)->(7,6,34.6823)->(6,6,35.1823)->(5,6,35.6823)->(4,6,36.2002)->(3,6,36.7681)->(2,6,37.4502)->(1,6,38.7681)->(0,6,5019.09)->
Agent 6:(3,25,2.2)->(3,24,3.81421)->(3,23,5.13205)->(3,22,5.81421)->(3,21,6.38205)->(3,20,6.9)->(3,19,7.4)->(3,18,7.9)->(3,17,8.4)->(3,16,8.9)->(3,15,9.4)->(3,14,9.9)->(3,13,10.4)->(3,12,10.9)->(3,11,11.4)->(3,10,11.9)->(3,9,12.4)->(3,8,12.9179)->(3,7,13.4858)->(3,6,14.1679)->(3,5,15.4858)->(3,4,17.7)->(4,4,19.9142)->(5,4,21.2321)->(6,4,21.9238)->(7,4,22.5595)->(8,4,23.2513)->(9,4,24.5691)->(10,4,5011.99)->
Agent 7:(0,20,2.2)->(0,19,3.81421)->(0,18,5.22843)->(0,17,6.64264)->(0,16,8.85685)->(1,16,11.0711)->(2,16,12.3889)->(3,16,13.0807)->(4,16,13.7163)->(5,16,14.4081)->(6,16,15.726)->(7,16,5007.57)->
Agent 8:(31,4,1.3)->(31,5,2.01421)->(31,6,3.33205)->(31,7,4.01421)->(31,8,4.58205)->(31,9,5.1)->(31,10,5.6)->(31,11,6.1)->(31,12,6.6)->(31,13,7.1)->(31,14,7.6)->(31,15,8.1)->(31,16,8.6)->(31,17,9.1)->(31,18,9.6)->(31,19,10.1)->(31,20,10.6)->(31,21,11.1)->(31,22,11.6)->(31,23,12.1)->(31,24,12.6)->(31,25,13.1179)->(31,26,13.6858)->(31,27,14.3679)->(31,28,15.6858)->(31,29,17.9)->(30,29,20.1142)->(29,29,21.4321)->(28,29,22.1142)->(27,29,22.6821)->(26,29,23.2)->(25,29,23.7)->(24,29,24.2)->(23,29,24.7)->(22,29,25.2)->(21,29,25.7)->(20,29,26.2)->(19,29,26.7)->(18,29,27.2)->(17,29,27.7)->(16,29,28.2)->(15,29,28.7)->(14,29,29.2)->(13,29,29.7)->(12,29,30.2)->(11,29,30.7)->(10,29,31.2)->(9,29,31.7)->(8,29,32.2)->(7,29,32.7)->(6,29,33.2)->(5,29,33.7)->(4,29,34.2179)->(3,29,34.7858)->(2,29,35.4679)->(1,29,36.7858)->(0,29,39.4142)->(0,30,5019.9)->
Agent 9:(24,12,2.2)->(24,11,3.81421)->(24,10,5.14806)->(24,9,5.97649)->(24,8,7.31034)->(24,7,9.52456)->(25,7,12.3246)->(26,7,5006.16)->
