Agent 0:(15,25,2.2)->(15,24,3.81421)->(15,23,5.13205)->(15,22,5.81421)->(15,21,6.38205)->(15,20,6.9)->(15,19,7.4)->(15,18,7.9)->(15,17,8.4)->(15,16,8.9)->(15,15,9.4)->(15,14,9.91795)->(15,13,10.4858)->(15,12,11.1679)->(15,11,12.4858)->(15,10,14.7)->(14,10,16.9142)->(13,10,18.2321)->(12,10,18.9142)->(11,10,19.4821)->(10,10,20)->(9,10,20.5)->(8,10,21)->(7,10,21.5)->(6,10,22)->(5,10,22.5179)->(4,10,23.0858)->(3,10,23.7679)->(2,10,25.0858)->(1,10,5012.25)->
Agent 1:(26,26,2.2)->(26,25,3.81421)->(26,24,5.14806)->(26,23,5.97649)->(26,22,7.31034)->(26,21,9.52456)->(25,21,11.7388)->(24,21,13.0566)->(23,21,13.7388)->(22,21,14.3066)->(21,21,14.8246)->(20,21,15.3246)->(19,21,15.8246)->(18,21,16.3246)->(17,21,16.8246)->(16,21,17.3246)->(15,21,17.8246)->(14,21,18.3246)->(13,21,18.8246)->(12,21,19.3246)->(11,21,19.8246)->(10,21,20.3425)->(9,21,20.9103)->(8,21,21.5925)->(7,21,22.9103)->(6,21,5011.16)->
Agent 2:(1,23,2.2)->(1,22,3.81421)->(1,21,5.13205)->(1,20,5.81421)->(1,19,6.38205)->(1,18,6.9)->(1,17,7.4)->(1,16,7.9)->(1,15,8.4)->(1,14,8.9)->(1,13,9.4)->(1,12,9.9)->(1,11,10.4)->(1,10,10.9)->(1,9,11.4)->(1,8,11.9)->(1,7,12.4)->(1,6,12.9)->(1,5,13.4179)->(1,4,13.9858)->(1,3,14.6679)->(1,2,15.9858)->(1,1,18.2)->(2,1,20.4142)->(3,1,21.7321)->(4,1,22.4142)->(5,1,22.9821)->(6,1,23.5179)->(7,1,24.0858)->(8,1,24.7679)->(9,1,26.0858)->(10,1,5012.75)->
Agent 3:(0,2,1.3)->(0,3,2.01421)->(0,4,3.33205)->(0,5,4.0641)->(0,6,4.79615)->(0,7,6.11399)->(0,8,9.9641)->(1,8,13.8142)->(2,8,15.1481)->(3,8,15.9765)->(4,8,17.3103)->(5,8,5008.36)->
Agent 4:(23,25,2.2)->(23,24,3.81421)->(23,23,5.13205)->(23,22,5.81421)->(23,21,6.38205)->(23,20,6.9)->(23,19,7.4)->(23,18,7.9)->(23,17,8.4)->(23,16,8.9)->(23,15,9.4)->(23,14,9.91795)->(23,13,10.4858)->(23,12,11.1679)->(23,11,12.4858)->(23,10,14.7)->(22,10,16.9142)->(21,10,18.2321)->(20,10,18.9142)->(19,10,19.4821)->(18,10,20)->(17,10,20.5)->(16,10,21)->(15,10,21.5)->(14,10,22)->(13,10,22.5)->(12,10,23.0179)->(11,10,23.5858)->(10,10,24.2679)->(9,10,25.5858)->(8,10,5012.5)->
Agent 5:(3,12,3.18205)->(4,12,5.77832)->(5,12,7.09615)->(6,12,7.77832)->(7,12,8.34615)->(8,12,8.8641)->(9,12,9.3641)->(10,12,9.8641)->(11,12,10.3641)->(12,12,10.8641)->(13,12,11.3821)->(14,12,11.9499)->(15,12,12.6321)->(16,12,13.9499)->(17,12,5006.68)->
Agent 6:(2,4,2.2)->(2,3,3.84949)->(2,2,5.84949)->(2,1,8.09898)->(3,1,10.3132)->(4,1,11.647)->(5,1,12.4755)->(6,1,13.8093)->(7,1,16.4377)->(7,0,22.1618)->(7,1,5012.34)->
Agent 7:(24,10,1.3)->(24,11,2.01421)->(24,12,3.34806)->(24,13,4.17649)->(24,14,5.51034)->(24,15,8.82649)->(23,15,5004.95)->
Agent 8:(29,17,1.8)->(28,17,3.01421)->(27,17,4.33205)->(26,17,5.01421)->(25,17,5.58205)->(24,17,6.1)->(23,17,6.6)->(22,17,7.1)->(21,17,7.6)->(20,17,8.1)->(19,17,8.6)->(18,17,9.1)->(17,17,9.6)->(16,17,10.1)->(15,17,10.6)->(14,17,11.1)->(13,17,11.6)->(12,17,12.1)->(11,17,12.6)->(10,17,13.1)->(9,17,13.6)->(8,17,14.1179)->(7,17,14.6858)->(6,17,15.3679)->(5,17,16.6858)->(4,17,18.9)->(4,16,21.7)->(4,15,5010.85)->
Agent 9:(2,14,2.2)->(2,13,3.81421)->(2,12,5.13205)->(2,11,5.81421)->(2,10,6.38205)->(2,9,6.9)->(2,8,7.4)->(2,7,7.9)->(2,6,8.41795)->(2,5,8.98579)->(2,4,9.66795)->(2,3,10.9858)->(2,2,13.2)->(3,2,15.4142)->(4,2,16.7321)->(5,2,17.4142)->(6,2,17.9821)->(7,2,18.5)->(8,2,19)->(9,2,19.5)->(10,2,20)->(11,2,20.5)->(12,2,21)->(13,2,21.5)->(14,2,22)->(15,2,22.5)->(16,2,23)->(17,2,23.5)->(18,2,24)->(19,2,24.5)->(20,2,25)->(21,2,25.5)->(22,2,26)->(23,2,26.5)->(24,2,27)->(25,2,27.5)->(26,2,28)->(27,2,28.5179)->(28,2,29.0858)->(29,2,29.7679)->(30,2,31.0858)->(31,2,5015.25)->
