Agent 0:(29,14,2.61421)->(29,13,5.61421)->(28,13,8.24264)->(27,13,9.56048)->(26,13,10.2426)->(25,13,10.8105)->(24,13,11.3284)->(23,13,11.8284)->(22,13,12.3284)->(21,13,12.8284)->(20,13,13.3284)->(19,13,13.8284)->(18,13,14.3284)->(17,13,14.8284)->(16,13,15.3284)->(15,13,15.8284)->(14,13,16.3284)->(13,13,16.8284)->(12,13,17.3284)->(11,13,17.8284)->(10,13,18.3464)->(9,13,18.9142)->(8,13,19.5964)->(7,13,20.9142)->(6,13,5010.16)->
Agent 1:(8,17,1.3)->(8,18,2.01421)->(8,19,3.33205)->(8,20,4.01421)->(8,21,4.6)->(8,22,5.18579)->(8,23,5.86795)->(8,24,7.18579)->(8,25,9.4)->(7,25,11.6142)->(6,25,12.9481)->(5,25,13.7765)->(4,25,15.1103)->(3,25,5007.26)->
Agent 2:(28,1,2.07843)->(28,2,3.57107)->(28,3,4.88891)->(28,4,5.57107)->(28,5,6.13891)->(28,6,6.65685)->(28,7,7.15685)->(28,8,7.65685)->(28,9,8.15685)->(28,10,8.65685)->(28,11,9.15685)->(28,12,9.65685)->(28,13,10.1569)->(28,14,10.6569)->(28,15,11.1569)->(28,16,11.6569)->(28,17,12.1569)->(28,18,12.6569)->(28,19,13.1748)->(28,20,13.7426)->(28,21,14.4248)->(28,22,15.7426)->(28,23,17.9569)->(27,23,20.1711)->(26,23,21.4889)->(25,23,22.1711)->(24,23,22.7389)->(23,23,23.2569)->(22,23,23.7569)->(21,23,24.2569)->(20,23,24.7569)->(19,23,25.2569)->(18,23,25.7569)->(17,23,26.2569)->(16,23,26.7569)->(15,23,27.2569)->(14,23,27.7569)->(13,23,28.2569)->(12,23,28.7569)->(11,23,29.2569)->(10,23,29.7748)->(9,23,30.3426)->(8,23,31.0248)->(7,23,32.3426)->(6,23,5015.88)->
Agent 3:(19,0,1.3)->(19,1,2.01421)->(19,2,3.33205)->(19,3,4.01421)->(19,4,4.58205)->(19,5,5.1)->(19,6,5.6)->(19,7,6.1)->(19,8,6.61795)->(19,9,7.18579)->(19,10,7.86795)->(19,11,9.18579)->(19,12,11.8142)->(18,12,5006.1)->
Agent 4:(3,20,2.2)->(3,19,3.81421)->(3,18,5.13205)->(3,17,5.8641)->(3,16,6.59615)->(3,15,7.91399)->(3,14,10.1282)->(2,14,12.3777)->(1,14,14.3777)->(0,14,5006.91)->
Agent 5:(5,18,1.3)->(5,19,2.04949)->(5,20,4.04949)->(5,21,6.29898)->(6,21,8.51319)->(7,21,9.83103)->(8,21,10.5132)->(9,21,11.081)->(10,21,11.599)->(11,21,12.099)->(12,21,12.599)->(13,21,13.099)->(14,21,13.6169)->(15,21,14.1848)->(16,21,14.8669)->(17,21,16.1848)->(18,21,5007.8)->
Agent 6:(22,28,2.2)->(22,27,3.81421)->(22,26,5.14806)->(22,25,5.97649)->(22,24,7.31034)->(22,23,9.52456)->(21,23,11.7388)->(20,23,13.0566)->(19,23,13.7388)->(18,23,14.3066)->(17,23,14.8246)->(16,23,15.3246)->(15,23,15.8246)->(14,23,16.3425)->(13,23,16.9103)->(12,23,17.5925)->(11,23,18.9103)->(10,23,21.5388)->(10,22,27.5229)->(10,23,5015.15)->
Agent 7:(30,4,1.3)->(30,5,2.6)->(30,6,5.4)->(29,6,7.61421)->(28,6,8.93205)->(27,6,9.61421)->(26,6,10.1821)->(25,6,10.7)->(24,6,11.2)->(23,6,11.7)->(22,6,12.2)->(21,6,12.7)->(20,6,13.2)->(19,6,13.7)->(18,6,14.2179)->(17,6,14.7858)->(16,6,15.4679)->(15,6,16.7858)->(14,6,5008.1)->
Agent 8:(31,1,1.3)->(31,2,2.01421)->(31,3,3.33205)->(31,4,4.01421)->(31,5,4.58205)->(31,6,5.1)->(31,7,5.6)->(31,8,6.1)->(31,9,6.6)->(31,10,7.1)->(31,11,7.6)->(31,12,8.1)->(31,13,8.6)->(31,14,9.1)->(31,15,9.6)->(31,16,10.1)->(31,17,10.6)->(31,18,11.1)->(31,19,11.6)->(31,20,12.1179)->(31,21,12.6858)->(31,22,13.3679)->(31,23,14.6858)->(31,24,16.9)->(30,24,19.1142)->(29,24,20.4321)->(28,24,21.1142)->(27,24,21.6821)->(26,24,22.2)->(25,24,22.7)->(24,24,23.2)->(23,24,23.7)->(22,24,24.2)->(21,24,24.7)->(20,24,25.2)->(19,24,25.7)->(18,24,26.2)->(17,24,26.7)->(16,24,27.2)->(15,24,27.7179)->(14,24,28.2858)->(13,24,28.9679)->(12,24,30.2858)->(11,24,5014.85)->
Agent 9:(6,5,2.09806)->(6,6,3.61034)->(6,7,4.92818)->(6,8,5.61034)->(6,9,6.17818)->(6,10,6.69613)->(6,11,7.19613)->(6,12,7.69613)->(6,13,8.19613)->(6,14,8.69613)->(6,15,9.19613)->(6,16,9.69613)->(6,17,10.1961)->(6,18,10.6961)->(6,19,11.1961)->(6,20,11.6961)->(6,21,12.1961)->(6,22,12.6961)->(6,23,13.1961)->(6,24,13.6961)->(6,25,14.2141)->(6,26,14.7819)->(6,27,15.4641)->(6,28,16.7819)->(6,29,18.9961)->(7,29,21.2103)->(8,29,22.5282)->(9,29,23.2199)->(10,29,23.8556)->(11,29,24.5474)->(12,29,25.8652)->(13,29,5012.64)->
